Zini MH logAge Mini int_IMF Mass logL logTe logg label McoreTP C_O period0 period1 period2 period3 period4 pmode Mloss tau1m X Y Xc Xn Xo Cexcess Z mbolmag Gmag G_BPmag G_RPmag
0.0055 -0.44261 7.11001 0.0900000036 1.0816895926    0.090 -2.059  3.4427  4.174    0  0.000  0.545     0.00     0.00     0.00     0.00     0.00 -1 -3.03e-15      0.00 7.360e-01 2.585e-01 1.002e-03 2.703e-04 2.451e-03 -1.000 5.571e-03 9.917 11.394 13.603 10.035
0.0055 -0.44261 7.11001 0.0942681804 1.1213604710    0.094 -2.031  3.4461  4.180    0  0.000  0.545     0.00     0.00     0.00     0.00     0.00 -1 -3.14e-15      0.00 7.360e-01 2.585e-01 1.002e-03 2.703e-04 2.451e-03 -1.000 5.571e-03 9.847 11.289 13.447 9.939
0.0055 -0.44261 7.11001 0.1000000015 1.1711064122    0.100 -1.993  3.4505  4.185    0  0.000  0.545     0.00     0.00     0.00     0.00     0.00 -1  -3.3e-15      0.00 7.360e-01 2.585e-01 1.002e-03 2.703e-04 2.451e-03 -1.000 5.571e-03 9.753 11.151 13.246 9.813
0.0055 -0.44261 7.11001 0.1130424067 1.2716520108    0.113 -1.918  3.4588  4.196    0  0.000  0.545     0.00     0.00     0.00     0.00     0.00 -1 -3.65e-15      0.00 7.360e-01 2.585e-01 1.002e-03 2.703e-04 2.451e-03 -1.000 5.571e-03 9.565 10.876 12.844 9.565
0.0055 -0.44261 7.11001 0.1199999973 1.3193154249    0.120 -1.881  3.4629  4.201    0  0.000  0.545     0.00     0.00     0.00     0.00     0.00 -1 -3.83e-15      0.00 7.360e-01 2.585e-01 1.002e-03 2.703e-04 2.451e-03 -1.000 5.571e-03 9.472 10.744 12.656 9.446
0.0055 -0.44261 7.11001 0.1400000006 1.4384526719    0.140 -1.785  3.4729  4.212    0  0.000  0.545     0.00     0.00     0.00     0.00     0.00 -1 -4.37e-15      0.00 7.360e-01 2.585e-01 1.002e-03 2.703e-04 2.451e-03 -1.000 5.571e-03 9.231 10.411 12.194 9.143
0.0055 -0.44261 7.11001 0.1530380696 1.5048024640    0.153 -1.730  3.4785  4.219    0  0.000  0.545     0.00     0.00     0.00     0.00     0.00 -1 -4.71e-15      0.00 7.360e-01 2.585e-01 1.002e-03 2.703e-04 2.451e-03 -1.000 5.571e-03 9.095 10.224 11.937 8.973
0.0055 -0.44261 7.11001 0.1709606946 1.5848885679    0.171 -1.661  3.4854  4.225    0  0.000  0.545     0.00     0.00     0.00     0.00     0.00 -1 -5.17e-15      0.00 7.360e-01 2.585e-01 1.002e-03 2.703e-04 2.451e-03 -1.000 5.571e-03 8.921 9.989 11.619 8.761
0.0055 -0.44261 7.11001 0.1808263808 1.6244555076    0.181 -1.625  3.4890  4.228    0  0.000  0.545     0.00     0.00     0.00     0.00     0.00 -1 -5.42e-15      0.00 7.360e-01 2.585e-01 1.002e-03 2.703e-04 2.451e-03 -1.000 5.571e-03 8.834 9.871 11.459 8.654
0.0055 -0.44261 7.11001 0.1932514906 1.6704692150    0.193 -1.584  3.4932  4.233    0  0.000  0.545     0.00     0.00     0.00     0.00     0.00 -1 -5.77e-15      0.00 7.360e-01 2.585e-01 1.002e-03 2.703e-04 2.451e-03 -1.000 5.571e-03 8.730 9.733 11.276 8.529
0.0055 -0.44261 7.11001 0.2103560418 1.7278745669    0.210 -1.531  3.4984  4.237    0  0.000  0.545     0.00     0.00     0.00     0.00     0.00 -1 -6.22e-15      0.00 7.360e-01 2.585e-01 1.002e-03 2.703e-04 2.451e-03 -1.000 5.571e-03 8.596 9.558 11.049 8.370
0.0055 -0.44261 7.11001 0.2292982489 1.7847581148    0.229 -1.476  3.5036  4.241    0  0.000  0.545     0.00     0.00     0.00     0.00     0.00 -1 -6.72e-15      0.00 7.360e-01 2.585e-01 1.002e-03 2.703e-04 2.451e-03 -1.000 5.571e-03 8.461 9.384 10.825 8.212
0.0055 -0.44261 7.11001 0.2499269098 1.8401402419    0.250 -1.423  3.5088  4.246    0  0.000  0.545     0.00     0.00     0.00     0.00     0.00 -1 -7.24e-15      0.00 7.360e-01 2.585e-01 1.002e-03 2.703e-04 2.451e-03 -1.000 5.571e-03 8.327 9.212 10.604 8.056
0.0055 -0.44261 7.11001 0.2673313022 1.8824346672    0.267 -1.381  3.5133  4.251    0  0.000  0.545     0.00     0.00     0.00     0.00     0.00 -1 -7.67e-15      0.00 7.360e-01 2.585e-01 1.002e-03 2.703e-04 2.451e-03 -1.000 5.571e-03 8.222 9.074 10.427 7.932
0.0055 -0.44261 7.11001 0.2954849899 1.9437825433    0.295 -1.317  3.5200  4.257    0  0.000  0.545     0.00     0.00     0.00     0.00     0.00 -1  -8.4e-15      0.00 7.360e-01 2.585e-01 1.002e-03 2.703e-04 2.451e-03 -1.000 5.571e-03 8.061 8.867 10.161 7.746
0.0055 -0.44261 7.11001 0.3057028353 1.9641955674    0.306 -1.296  3.5222  4.260    0  0.000  0.545     0.00     0.00     0.00     0.00     0.00 -1 -8.62e-15      0.00 7.360e-01 2.585e-01 1.002e-03 2.703e-04 2.451e-03 -1.000 5.571e-03 8.011 8.802 10.079 7.687
0.0055 -0.44261 7.11001 0.3470895290 2.0386213476    0.347 -1.219  3.5299  4.269    0  0.000  0.545     0.00     0.00     0.00     0.00     0.00 -1 -9.57e-15      0.00 7.360e-01 2.585e-01 1.002e-03 2.703e-04 2.451e-03 -1.000 5.571e-03 7.818 8.558 9.776 7.467
0.0055 -0.44261 7.11001 0.3499999642 2.0434174156    0.350 -1.214  3.5305  4.270    0  0.000  0.545     0.00     0.00     0.00     0.00     0.00 -1 -9.64e-15      0.00 7.360e-01 2.585e-01 1.002e-03 2.703e-04 2.451e-03 -1.000 5.571e-03 7.804 8.542 9.756 7.452
0.0055 -0.44261 7.11001 0.3999999762 2.1185023988    0.400 -1.132  3.5389  4.279    0  0.000  0.545     0.00     0.00     0.00     0.00     0.00 -1 -1.08e-14      0.00 7.360e-01 2.585e-01 1.002e-03 2.703e-04 2.451e-03 -1.000 5.571e-03 7.599 8.284 9.439 7.220
0.0055 -0.44261 7.11001 0.4499999881 2.1822809009    0.450 -1.058  3.5471  4.289    0  0.000  0.545     0.00     0.00     0.00     0.00     0.00 -1 -1.19e-14      0.00 7.360e-01 2.585e-01 1.002e-03 2.703e-04 2.451e-03 -1.000 5.571e-03 7.414 8.051 9.152 7.011
0.0055 -0.44261 7.11001 0.4999999702 2.2374541023    0.500 -0.991  3.5552  4.301    0  0.000  0.545     0.00     0.00     0.00     0.00     0.00 -1  -1.3e-14      0.00 7.360e-01 2.585e-01 1.002e-03 2.703e-04 2.451e-03 -1.000 5.571e-03 7.248 7.838 8.887 6.821
0.0055 -0.44261 7.11001 0.5228279233 2.2598100915    0.523 -0.962  3.5594  4.308    0  0.000  0.545     0.00     0.00     0.00     0.00     0.00 -1 -1.35e-14      0.00 7.360e-01 2.585e-01 1.002e-03 2.703e-04 2.451e-03 -1.000 5.571e-03 7.174 7.739 8.762 6.735
0.0055 -0.44261 7.11001 0.5496792793 2.2833925398    0.549 -0.926  3.5639  4.311    0  0.000  0.545     0.00     0.00     0.00     0.00     0.00 -1 -1.42e-14      0.00 7.360e-01 2.585e-01 1.002e-03 2.703e-04 2.451e-03 -1.000 5.571e-03 7.085 7.625 8.622 6.634
0.0055 -0.44261 7.11001 0.5500000119 2.2836582633    0.550 -0.926  3.5640  4.312    0  0.000  0.545     0.00     0.00     0.00     0.00     0.00 -1 -1.42e-14      0.00 7.360e-01 2.585e-01 1.002e-03 2.703e-04 2.451e-03 -1.000 5.571e-03 7.084 7.623 8.621 6.633
0.0055 -0.44261 7.11001 0.5507993102 2.2843189250    0.550 -0.925  3.5641  4.312    0  0.000  0.545     0.00     0.00     0.00     0.00     0.00 -1 -1.42e-14      0.00 7.360e-01 2.585e-01 1.002e-03 2.703e-04 2.451e-03 -1.000 5.571e-03 7.082 7.620 8.617 6.630
0.0055 -0.44261 7.11001 0.5872006416 2.3122283712    0.587 -0.875  3.5715  4.319    0  0.000  0.545     0.00     0.00     0.00     0.00     0.00 -1 -1.53e-14      0.00 7.360e-01 2.585e-01 1.002e-03 2.703e-04 2.451e-03 -1.000 5.571e-03 6.957 7.456 8.412 6.487
0.0055 -0.44261 7.11001 0.5999999642 2.3211212854    0.600 -0.856  3.5740  4.320    0  0.000  0.545     0.00     0.00     0.00     0.00     0.00 -1 -1.58e-14      0.00 7.360e-01 2.585e-01 1.002e-03 2.703e-04 2.451e-03 -1.000 5.571e-03 6.909 7.396 8.340 6.434
0.0055 -0.44261 7.11001 0.6223712564 2.3356593519    0.622 -0.825  3.5791  4.325    0  0.000  0.545     0.00     0.00     0.00     0.00     0.00 -1 -1.66e-14      0.00 7.360e-01 2.585e-01 1.002e-03 2.703e-04 2.451e-03 -1.000 5.571e-03 6.833 7.295 8.214 6.347
0.0055 -0.44261 7.11001 0.6499999762 2.3520353107    0.650 -0.786  3.5851  4.330    0  0.000  0.545     0.00     0.00     0.00     0.00     0.00 -1 -1.76e-14      0.00 7.360e-01 2.585e-01 1.002e-03 2.703e-04 2.451e-03 -1.000 5.571e-03 6.736 7.170 8.060 6.238
0.0055 -0.44261 7.11001 0.6999999881 2.3779266974    0.700 -0.702  3.5993  4.335    0  0.000  0.545     0.00     0.00     0.00     0.00     0.00 -1 -2.05e-14      0.00 7.360e-01 2.585e-01 1.002e-03 2.703e-04 2.451e-03 -1.000 5.571e-03 6.526 6.899 7.727 6.003
0.0055 -0.44261 7.11001 0.7495123148 2.3996909141    0.750 -0.558  3.6460  4.407    0  0.000  0.538     0.00     0.00     0.00     0.00     0.00 -1 -2.54e-14      0.00 7.360e-01 2.584e-01 9.889e-04 2.699e-04 2.451e-03 -1.000 5.571e-03 6.165 6.343 6.975 5.575
0.0055 -0.44261 7.11001 0.7990245819 2.4183828323    0.799 -0.482  3.6557  4.398    0  0.000  0.538     0.00     0.00     0.00     0.00     0.00 -1 -2.96e-14      0.00 7.360e-01 2.585e-01 9.888e-04 2.699e-04 2.451e-03 -1.000 5.571e-03 5.976 6.112 6.704 5.374
0.0055 -0.44261 7.11001 0.8025861979 2.4196255356    0.802 -0.477  3.6566  4.398    0  0.000  0.538     0.00     0.00     0.00     0.00     0.00 -1 -2.99e-14      0.00 7.360e-01 2.585e-01 9.888e-04 2.699e-04 2.451e-03 -1.000 5.571e-03 5.962 6.095 6.683 5.359
0.0055 -0.44261 7.11001 0.8140874505 2.4235532531    0.814 -0.455  3.6598  4.395    0  0.000  0.538     0.00     0.00     0.00     0.00     0.00 -1  -3.1e-14      0.00 7.360e-01 2.584e-01 9.888e-04 2.699e-04 2.451e-03 -1.000 5.571e-03 5.909 6.028 6.605 5.302
0.0055 -0.44261 7.11001 0.8369729519 2.4310007425    0.837 -0.407  3.6674  4.389    0  0.000  0.538     0.00     0.00     0.00     0.00     0.00 -1 -3.44e-14      0.00 7.360e-01 2.584e-01 9.888e-04 2.699e-04 2.451e-03 -1.000 5.571e-03 5.788 5.880 6.430 5.174
0.0055 -0.44261 7.11001 0.8485368490 2.4345886963    0.848 -0.382  3.6715  4.386    0  0.000  0.538     0.00     0.00     0.00     0.00     0.00 -1 -3.64e-14      0.00 7.360e-01 2.584e-01 9.888e-04 2.699e-04 2.451e-03 -1.000 5.571e-03 5.725 5.802 6.339 5.107
0.0055 -0.44261 7.11001 0.8798795938 2.4437704393    0.879 -0.314  3.6830  4.381    0  0.000  0.538     0.00     0.00     0.00     0.00     0.00 -1 -4.19e-14      0.00 7.360e-01 2.584e-01 9.888e-04 2.699e-04 2.451e-03 -1.000 5.571e-03 5.556 5.596 6.097 4.930
0.0055 -0.44261 7.11001 0.8980491161 2.4487569484    0.897 -0.273  3.6902  4.377    0  0.000  0.538     0.00     0.00     0.00     0.00     0.00 -1 -4.58e-14      0.00 7.361e-01 2.584e-01 9.888e-04 2.699e-04 2.451e-03 -1.000 5.571e-03 5.453 5.471 5.952 4.823
0.0055 -0.44261 7.11001 0.9240920544 2.4555125228    0.923 -0.213  3.7007  4.371    0  0.000  0.538     0.00     0.00     0.00     0.00     0.00 -1 -5.22e-14      0.00 7.361e-01 2.584e-01 9.888e-04 2.699e-04 2.451e-03 -1.000 5.571e-03 5.302 5.293 5.746 4.670
0.0055 -0.44261 7.11001 0.9475613832 2.4612360964    0.947 -0.155  3.7107  4.364    0  0.000  0.538     0.00     0.00     0.00     0.00     0.00 -1 -5.93e-14      0.00 7.361e-01 2.584e-01 9.888e-04 2.699e-04 2.451e-03 -1.000 5.571e-03 5.158 5.128 5.556 4.528
0.0055 -0.44261 7.11001 0.9803703427 2.4687115836    0.980 -0.072  3.7247  4.352    0  0.000  0.538     0.00     0.00     0.00     0.00     0.00 -1 -7.16e-14      0.00 7.361e-01 2.584e-01 9.888e-04 2.699e-04 2.451e-03 -1.000 5.569e-03 4.949 4.895 5.290 4.325
0.0055 -0.44261 7.11001 0.9970737100 2.4723008218    0.997 -0.027  3.7320  4.343    0  0.000  0.538     0.00     0.00     0.00     0.00     0.00 -1 -7.95e-14      0.00 7.361e-01 2.584e-01 9.888e-04 2.699e-04 2.451e-03 -1.000 5.568e-03 4.836 4.771 5.150 4.217
0.0055 -0.44261 7.11001 1.0100570917 2.4749966082    1.010  0.009  3.7376  4.336    0  0.000  0.538     0.00     0.00     0.00     0.00     0.00 -1 -8.48e-14      0.00 7.361e-01 2.584e-01 9.888e-04 2.699e-04 2.451e-03 -1.000 5.568e-03 4.748 4.676 5.043 4.134
0.0055 -0.44261 7.11001 1.0372275114 2.4803877646    1.037  0.087  3.7495  4.317    0  0.000  0.538     0.00     0.00     0.00     0.00     0.00 -1 -9.85e-14      0.00 7.361e-01 2.584e-01 9.888e-04 2.699e-04 2.451e-03 -1.000 5.571e-03 4.553 4.469 4.811 3.953
0.0055 -0.44261 7.11001 1.0465859175 2.4821702926    1.046  0.115  3.7536  4.309    0  0.000  0.538     0.00     0.00     0.00     0.00     0.00 -1 -1.04e-13      0.00 7.361e-01 2.584e-01 9.888e-04 2.699e-04 2.451e-03 -1.000 5.571e-03 4.483 4.396 4.730 3.889
0.0055 -0.44261 7.11001 1.0579872131 2.4842930081    1.057  0.150  3.7585  4.299    0  0.000  0.538     0.00     0.00     0.00     0.00     0.00 -1 -1.12e-13      0.00 7.361e-01 2.584e-01 9.888e-04 2.699e-04 2.451e-03 -1.000 5.571e-03 4.396 4.306 4.630 3.809
0.0055 -0.44261 7.11001 1.0836862326 2.4888898747    1.083  0.232  3.7696  4.271    0  0.000  0.538     0.00     0.00     0.00     0.00     0.00 -1 -1.32e-13      0.00 7.361e-01 2.584e-01 9.888e-04 2.699e-04 2.451e-03 -1.000 5.571e-03 4.191 4.096 4.398 3.624
0.0055 -0.44261 7.11001 1.0960983038 2.4910214938    1.095  0.273  3.7750  4.257    0  0.000  0.538     0.00     0.00     0.00     0.00     0.00 -1 -1.44e-13      0.00 7.361e-01 2.584e-01 9.888e-04 2.699e-04 2.451e-03 -1.000 5.571e-03 4.088 3.992 4.283 3.533
0.0055 -0.44261 7.11001 1.1176476479 2.4945933251    1.117  0.346  3.7843  4.229    0  0.000  0.538     0.00     0.00     0.00     0.00     0.00 -1 -1.67e-13      0.00 7.361e-01 2.584e-01 9.888e-04 2.699e-04 2.451e-03 -1.000 5.571e-03 3.905 3.808 4.080 3.370
0.0055 -0.44261 7.11001 1.1439830065 2.4987490097    1.143  0.433  3.7959  4.199    0  0.000  0.538     0.00     0.00     0.00     0.00     0.00 -1    -2e-13      0.00 7.361e-01 2.584e-01 9.888e-04 2.699e-04 2.451e-03 -1.000 5.571e-03 3.688 3.592 3.842 3.180
0.0055 -0.44261 7.11001 1.1456104517 2.4989986192    1.145  0.438  3.7966  4.197    0  0.000  0.538     0.00     0.00     0.00     0.00     0.00 -1 -2.02e-13      0.00 7.361e-01 2.584e-01 9.888e-04 2.699e-04 2.451e-03 -1.000 5.571e-03 3.675 3.578 3.828 3.168
0.0055 -0.44261 7.11001 1.1483232975 2.4994128941    1.148  0.447  3.7978  4.194    0  0.000  0.538     0.00     0.00     0.00     0.00     0.00 -1 -2.06e-13      0.00 7.361e-01 2.584e-01 9.888e-04 2.699e-04 2.451e-03 -1.000 5.571e-03 3.652 3.556 3.803 3.149
0.0055 -0.44261 7.11001 1.1678947210 2.5023361556    1.167  0.503  3.8067  4.181    0  0.000  0.538     0.00     0.00     0.00     0.00     0.00 -1 -2.27e-13      0.00 7.361e-01 2.584e-01 9.888e-04 2.699e-04 2.451e-03 -1.000 5.571e-03 3.512 3.417 3.648 3.030
0.0055 -0.44261 7.11001 1.1951228380 2.5062204782    1.195  0.566  3.8195  4.180    0  0.000  0.538     0.00     0.00     0.00     0.00     0.00 -1 -2.48e-13      0.00 7.361e-01 2.584e-01 9.888e-04 2.699e-04 2.451e-03 -1.000 5.571e-03 3.356 3.264 3.473 2.906
0.0055 -0.44261 7.11001 1.2068157196 2.5078268310    1.206  0.588  3.8253  4.185    0  0.000  0.538     0.00     0.00     0.00     0.00     0.00 -1 -2.52e-13      0.00 7.361e-01 2.584e-01 9.888e-04 2.699e-04 2.451e-03 -1.000 5.571e-03 3.300 3.210 3.409 2.865
0.0055 -0.44261 7.11001 1.2229174376 2.5099811515    1.222  0.604  3.8323  4.203    0  0.000  0.538     0.00     0.00     0.00     0.00     0.00 -1 -2.47e-13      0.00 7.361e-01 2.584e-01 9.888e-04 2.699e-04 2.451e-03 -1.000 5.571e-03 3.261 3.173 3.361 2.843
0.0055 -0.44261 7.11001 1.2446351051 2.5127855629    1.244  0.621  3.8422  4.233    0  0.000  0.538     0.00     0.00     0.00     0.00     0.00 -1 -2.36e-13      0.00 7.361e-01 2.584e-01 9.888e-04 2.699e-04 2.451e-03 -1.000 5.571e-03 3.218 3.133 3.307 2.825
0.0055 -0.44261 7.11001 1.2448586226 2.5128138413    1.244  0.621  3.8423  4.233    0  0.000  0.538     0.00     0.00     0.00     0.00     0.00 -1 -2.36e-13      0.00 7.361e-01 2.584e-01 9.888e-04 2.699e-04 2.451e-03 -1.000 5.571e-03 3.217 3.133 3.306 2.825
0.0055 -0.44261 7.11001 1.2802112103 2.5171439503    1.280  0.623  3.8543  4.292    0  0.000  0.537     0.00     0.00     0.00     0.00     0.00 -1 -2.02e-13      0.00 7.361e-01 2.584e-01 9.880e-04 2.699e-04 2.451e-03 -1.000 5.571e-03 3.213 3.135 3.291 2.854
0.0055 -0.44261 7.11001 1.2941472530 2.5187763088    1.294  0.619  3.8571  4.311    0  0.000  0.537     0.00     0.00     0.00     0.00     0.00 -1 -1.89e-13      0.00 7.361e-01 2.584e-01 9.880e-04 2.699e-04 2.451e-03 -1.000 5.571e-03 3.222 3.145 3.297 2.870
0.0055 -0.44261 7.11001 1.2958540916 2.5189734609    1.296  0.619  3.8575  4.314    0  0.000  0.537     0.00     0.00     0.00     0.00     0.00 -1 -1.87e-13      0.00 7.361e-01 2.584e-01 9.880e-04 2.699e-04 2.451e-03 -1.000 5.571e-03 3.223 3.146 3.298 2.872
0.0055 -0.44261 7.11001 1.3244334459 2.5221879644    1.324  0.623  3.8628  4.340    0  0.000  0.537     0.00     0.00     0.00     0.00     0.00 -1 -1.67e-13      0.00 7.361e-01 2.584e-01 9.880e-04 2.699e-04 2.451e-03 -1.000 5.571e-03 3.213 3.140 3.284 2.878
0.0055 -0.44261 7.11001 1.3436598778 2.5242622264    1.344  0.630  3.8661  4.352    0  0.000  0.537     0.00     0.00     0.00     0.00     0.00 -1 -1.58e-13      0.00 7.361e-01 2.584e-01 9.879e-04 2.699e-04 2.451e-03 -1.000 5.571e-03 3.194 3.122 3.262 2.868
0.0055 -0.44261 7.11001 1.3633983135 2.5263218896    1.363  0.646  3.8705  4.361    0  0.000  0.537     0.00     0.00     0.00     0.00     0.00 -1 -1.51e-13      0.00 7.361e-01 2.584e-01 9.879e-04 2.698e-04 2.451e-03 -1.000 5.571e-03 3.155 3.086 3.219 2.841
0.0055 -0.44261 7.11001 1.3931720257 2.5293020999    1.393  0.695  3.8817  4.365    0  0.000  0.537     0.00     0.00     0.00     0.00     0.00 -1 -1.52e-13      0.00 7.361e-01 2.584e-01 9.879e-04 2.698e-04 2.451e-03 -1.000 5.571e-03 3.031 2.968 3.086 2.751
0.0055 -0.44261 7.11001 1.4243385792 2.5322687338    1.424  0.749  3.8953  4.376    0  0.000  0.537     0.00     0.00     0.00     0.00     0.00 -1  -1.5e-13      0.00 7.361e-01 2.584e-01 9.879e-04 2.698e-04 2.451e-03 -1.000 5.571e-03 2.897 2.844 2.942 2.659
0.0055 -0.44261 7.11001 1.4426841736 2.5339462294    1.443  0.776  3.9022  4.382    0  0.000  0.537     0.00     0.00     0.00     0.00     0.00 -1 -1.48e-13      0.00 7.361e-01 2.583e-01 9.879e-04 2.698e-04 2.451e-03 -1.000 5.571e-03 2.830 2.784 2.873 2.616
0.0055 -0.44261 7.11001 1.4921965599 2.5382377471    1.492  0.843  3.9198  4.400    0  0.000  0.537     0.00     0.00     0.00     0.00     0.00 -1 -1.34e-13      0.00 7.361e-01 2.583e-01 9.879e-04 2.698e-04 2.451e-03 -1.000 5.571e-03 2.662 2.637 2.703 2.513
0.0055 -0.44261 7.11001 1.5417087078 2.5422138004    1.542  0.902  3.9356  4.418    0  0.000  0.537     0.00     0.00     0.00     0.00     0.00 -1 -1.13e-13      0.00 7.361e-01 2.583e-01 9.879e-04 2.698e-04 2.451e-03 -1.000 5.571e-03 2.515 2.521 2.567 2.433
0.0055 -0.44261 7.11001 1.5912210941 2.5459066641    1.591  0.954  3.9506  4.441    0  0.000  0.538     0.00     0.00     0.00     0.00     0.00 -1 -8.33e-14      0.00 7.362e-01 2.583e-01 9.879e-04 2.698e-04 2.450e-03 -1.000 5.571e-03 2.386 2.434 2.464 2.376
0.0055 -0.44261 7.11001 1.6005107164 2.5465703166    1.600  0.962  3.9533  4.445    0  0.000  0.538     0.00     0.00     0.00     0.00     0.00 -1 -7.48e-14      0.00 7.362e-01 2.583e-01 9.879e-04 2.698e-04 2.450e-03 -1.000 5.571e-03 2.364 2.420 2.448 2.367
0.0055 -0.44261 7.11001 1.6407332420 2.5493443758    1.640  1.007  3.9633  4.451    0  0.000  0.538     0.00     0.00     0.00     0.00     0.00 -1 -4.87e-14      0.00 7.362e-01 2.582e-01 9.879e-04 2.698e-04 2.450e-03 -1.000 5.570e-03 2.252 2.341 2.361 2.305
0.0055 -0.44261 7.11001 1.6902457476 2.5525515288    1.689  1.060  3.9748  4.457    0  0.000  0.538     0.00     0.00     0.00     0.00     0.00 -1 -1.77e-27      0.00 7.362e-01 2.582e-01 9.878e-04 2.698e-04 2.450e-03 -1.000 5.568e-03 2.121 2.253 2.264 2.234
0.0055 -0.44261 7.11001 1.7397580147 2.5555496449    1.739  1.111  3.9859  4.462    0  0.000  0.537     0.00     0.00     0.00     0.00     0.00 -1    -1e-30      0.00 7.362e-01 2.582e-01 9.878e-04 2.698e-04 2.451e-03 -1.000 5.551e-03 1.992 2.170 2.173 2.166
0.0055 -0.44261 7.11001 1.7892701626 2.5583577403    1.788  1.161  3.9965  4.467    0  0.000  0.537     0.00     0.00     0.00     0.00     0.00 -1    -1e-30      0.00 7.362e-01 2.583e-01 9.877e-04 2.697e-04 2.451e-03 -1.000 5.571e-03 1.866 2.091 2.087 2.099
0.0055 -0.44261 7.11001 1.8387321234 2.5609900490    1.838  1.209  4.0064  4.471    0  0.000  0.537     0.00     0.00     0.00     0.00     0.00 -1    -1e-30      0.00 7.362e-01 2.583e-01 9.877e-04 2.698e-04 2.450e-03 -1.000 5.571e-03 1.749 2.018 2.009 2.037
0.0055 -0.44261 7.11001 1.8881943226 2.5634644041    1.887  1.254  4.0158  4.475    0  0.000  0.537     0.00     0.00     0.00     0.00     0.00 -1    -1e-30      0.00 7.362e-01 2.582e-01 9.876e-04 2.697e-04 2.450e-03 -1.000 5.571e-03 1.635 1.949 1.935 1.977
0.0055 -0.44261 7.11001 1.9376561642 2.5657940315    1.937  1.299  4.0249  4.478    0  0.000  0.537     0.00     0.00     0.00     0.00     0.00 -1    -1e-30      0.00 7.362e-01 2.582e-01 9.876e-04 2.697e-04 2.450e-03 -1.000 5.571e-03 1.523 1.882 1.863 1.918
0.0055 -0.44261 7.11001 1.9871184826 2.5679908116    1.987  1.342  4.0335  4.480    0  0.000  0.537     0.00     0.00     0.00     0.00     0.00 -1    -1e-30      0.00 7.362e-01 2.582e-01 9.876e-04 2.697e-04 2.450e-03 -1.000 5.568e-03 1.415 1.817 1.794 1.860
0.0055 -0.44261 7.11001 2.0365805626 2.5700653215    2.036  1.383  4.0416  4.482    0  0.000  0.537     0.00     0.00     0.00     0.00     0.00 -1    -1e-30      0.00 7.362e-01 2.582e-01 9.875e-04 2.697e-04 2.450e-03 -1.000 5.571e-03 1.313 1.755 1.729 1.805
0.0055 -0.44261 7.11001 2.0860424042 2.5720270946    2.085  1.423  4.0495  4.484    0  0.000  0.537     0.00     0.00     0.00     0.00     0.00 -1    -1e-30      0.00 7.362e-01 2.582e-01 9.875e-04 2.697e-04 2.450e-03 -1.000 5.571e-03 1.211 1.694 1.665 1.750
0.0055 -0.44261 7.11001 2.1355042458 2.5738847270    2.134  1.463  4.0571  4.485    0  0.000  0.537     0.00     0.00     0.00     0.00     0.00 -1    -1e-30      0.00 7.362e-01 2.582e-01 9.876e-04 2.697e-04 2.450e-03 -1.000 5.566e-03 1.113 1.635 1.603 1.696
0.0055 -0.44261 7.11001 2.1849665642 2.5756459881    2.184  1.501  4.0644  4.485    0  0.000  0.538     0.00     0.00     0.00     0.00     0.00 -1    -1e-30      0.00 7.363e-01 2.582e-01 9.876e-04 2.697e-04 2.450e-03 -1.000 5.570e-03 1.017 1.578 1.543 1.643
0.0055 -0.44261 7.11001 2.2344286442 2.5773178692    2.233  1.538  4.0713  4.486    0  0.000  0.537     0.00     0.00     0.00     0.00     0.00 -1    -1e-30      0.00 7.363e-01 2.582e-01 9.875e-04 2.697e-04 2.450e-03 -1.000 5.571e-03 0.924 1.522 1.484 1.592
0.0055 -0.44261 7.11001 2.2838907242 2.5789067453    2.282  1.575  4.0780  4.486    0  0.000  0.538     0.00     0.00     0.00     0.00     0.00 -1    -1e-30      0.00 7.363e-01 2.582e-01 9.879e-04 2.697e-04 2.450e-03 -1.000 5.571e-03 0.833 1.467 1.427 1.541
0.0055 -0.44261 7.11001 2.3333525658 2.5804183969    2.332  1.610  4.0844  4.485    0  0.000  0.538     0.00     0.00     0.00     0.00     0.00 -1    -1e-30      0.00 7.363e-01 2.581e-01 9.876e-04 2.697e-04 2.450e-03 -1.000 5.571e-03 0.745 1.413 1.372 1.492
0.0055 -0.44261 7.11001 2.3828148842 2.5818581182    2.382  1.644  4.0906  4.485    1  0.000  0.538     0.00     0.00     0.00     0.00     0.00 -1    -1e-30      0.00 7.363e-01 2.582e-01 9.879e-04 2.697e-04 2.450e-03 -1.000 5.571e-03 0.660 1.362 1.318 1.444
0.0055 -0.44261 7.11001 2.4322769642 2.5832307011    2.430  1.677  4.0967  4.485    0  0.000  0.538     0.00     0.00     0.00     0.00     0.00 -1    -1e-30      0.00 7.363e-01 2.582e-01 9.881e-04 2.698e-04 2.450e-03 -1.000 5.568e-03 0.576 1.312 1.266 1.398
0.0055 -0.44261 7.11001 2.6301250458 2.5881324392    2.629  1.804  4.1189  4.481    0  0.000  0.538     0.00     0.00     0.00     0.00     0.00 -1    -1e-30      0.00 7.361e-01 2.584e-01 9.888e-04 2.699e-04 2.452e-03 -1.000 5.571e-03 0.260 1.119 1.066 1.218
0.0055 -0.44261 7.11001 2.8279733658 2.5922539678    2.827  1.921  4.1382  4.474    1  0.000  0.538     0.00     0.00     0.00     0.00     0.00 -1    -1e-30      0.00 7.361e-01 2.584e-01 9.888e-04 2.699e-04 2.452e-03 -1.000 5.571e-03 -0.032 0.937 0.877 1.047
0.0055 -0.44261 7.11001 3.0258216858 2.5957619127    3.025  2.029  4.1559  4.465    1  0.000  0.538     0.00     0.00     0.00     0.00     0.00 -1    -1e-30      0.00 7.361e-01 2.584e-01 9.888e-04 2.699e-04 2.452e-03 -1.000 5.571e-03 -0.303 0.767 0.702 0.887
0.0055 -0.44261 7.11001 3.2236697674 2.5987793532    3.222  2.130  4.1725  4.458    1  0.000  0.538     0.00     0.00     0.00     0.00     0.00 -1    -1e-30      0.00 7.361e-01 2.584e-01 9.888e-04 2.699e-04 2.452e-03 -1.000 5.571e-03 -0.556 0.611 0.541 0.740
0.0055 -0.44261 7.11001 3.4209501743 2.6013920311    3.418  2.225  4.1874  4.449    1  0.000  0.538     0.00     0.00     0.00     0.00     0.00 -1    -1e-30      0.00 7.361e-01 2.584e-01 9.888e-04 2.699e-04 2.452e-03 -1.000 5.571e-03 -0.791 0.462 0.388 0.600
0.0055 -0.44261 7.11001 3.4215180874 2.6013990536    3.419  2.225  4.1874  4.449    1  0.000  0.538     0.00     0.00     0.00     0.00     0.00 -1    -1e-30      0.00 7.361e-01 2.584e-01 9.888e-04 2.699e-04 2.452e-03 -1.000 5.571e-03 -0.792 0.462 0.388 0.600
0.0055 -0.44261 7.11001 3.5819694996 2.6032810019    3.579  2.297  4.1987  4.441    1  0.000  0.538     0.00     0.00     0.00     0.00     0.00 -1    -1e-30      0.00 7.361e-01 2.584e-01 9.888e-04 2.699e-04 2.452e-03 -1.000 5.571e-03 -0.974 0.347 0.270 0.491
0.0055 -0.44261 7.11001 3.6193659306 2.6036921456    3.617  2.314  4.2014  4.440    1  0.000  0.538     0.00     0.00     0.00     0.00     0.00 -1    -1e-30      0.00 7.361e-01 2.584e-01 9.888e-04 2.699e-04 2.452e-03 -1.000 5.571e-03 -1.015 0.321 0.243 0.467
0.0055 -0.44261 7.11001 3.8172140121 2.6057140523    3.815  2.398  4.2141  4.430    1  0.000  0.538     0.00     0.00     0.00     0.00     0.00 -1    -1e-30      0.00 7.361e-01 2.584e-01 9.888e-04 2.699e-04 2.452e-03 -1.000 5.571e-03 -1.225 0.187 0.106 0.340
0.0055 -0.44261 7.11001 4.0150623322 2.6075085355    4.015  2.478  4.2271  4.424    1  0.000  0.538     0.00     0.00     0.00     0.00     0.00 -1    -1e-30      0.00 7.361e-01 2.584e-01 9.888e-04 2.699e-04 2.452e-03 -1.000 5.571e-03 -1.424 0.064 -0.021 0.224
0.0055 -0.44261 7.11001 4.2129106522 2.6091105826    4.211  2.553  4.2382  4.414    1  0.000  0.538     0.00     0.00     0.00     0.00     0.00 -1    -1e-30      0.00 7.361e-01 2.584e-01 9.888e-04 2.699e-04 2.452e-03 -1.000 5.571e-03 -1.612 -0.057 -0.146 0.109
0.0055 -0.44261 7.11001 4.4107589722 2.6105484820    4.408  2.625  4.2493  4.406    1  0.000  0.538     0.00     0.00     0.00     0.00     0.00 -1    -1e-30      0.00 7.361e-01 2.584e-01 9.888e-04 2.699e-04 2.452e-03 -1.000 5.571e-03 -1.793 -0.173 -0.265 -0.001
0.0055 -0.44261 7.11001 4.6086072922 2.6118453348    4.606  2.694  4.2595  4.398    1  0.000  0.538     0.00     0.00     0.00     0.00     0.00 -1    -1e-30      0.00 7.361e-01 2.584e-01 9.888e-04 2.699e-04 2.452e-03 -1.000 5.571e-03 -1.964 -0.284 -0.379 -0.106
0.0055 -0.44261 7.11001 4.6638846397 2.6121851271    4.661  2.712  4.2623  4.395    1  0.000  0.538     0.00     0.00     0.00     0.00     0.00 -1    -1e-30      0.00 7.361e-01 2.584e-01 9.888e-04 2.699e-04 2.452e-03 -1.000 5.571e-03 -2.011 -0.314 -0.409 -0.135
0.0055 -0.44261 7.11001 4.8064551353 2.6130201765    4.804  2.760  4.2695  4.390    1  0.000  0.538     0.00     0.00     0.00     0.00     0.00 -1    -1e-30      0.00 7.361e-01 2.584e-01 9.888e-04 2.699e-04 2.452e-03 -1.000 5.571e-03 -2.129 -0.390 -0.488 -0.207
0.0055 -0.44261 7.11001 5.0043039322 2.6140888367    5.003  2.823  4.2790  4.382    1  0.000  0.538     0.00     0.00     0.00     0.00     0.00 -1    -1e-30      0.00 7.361e-01 2.584e-01 9.888e-04 2.699e-04 2.452e-03 -1.000 5.571e-03 -2.287 -0.493 -0.593 -0.304
0.0055 -0.44261 7.11001 5.2021517754 2.6150645543    5.202  2.883  4.2879  4.374    1  0.000  0.538     0.00     0.00     0.00     0.00     0.00 -1    -1e-30      0.00 7.361e-01 2.584e-01 9.888e-04 2.699e-04 2.452e-03 -1.000 5.571e-03 -2.438 -0.592 -0.695 -0.399
0.0055 -0.44261 7.11001 5.4000000954 2.6159585105    5.401  2.942  4.2964  4.366    1  0.000  0.538     0.00     0.00     0.00     0.00     0.00 -1    -1e-30      0.00 7.361e-01 2.584e-01 9.888e-04 2.699e-04 2.452e-03 -1.000 5.571e-03 -2.585 -0.688 -0.794 -0.490
0.0055 -0.44261 7.11001 5.5559520721 2.6166118000    5.556  2.986  4.3029  4.360    1  0.000  0.538     0.00     0.00     0.00     0.00     0.00 -1    -1e-30      0.00 7.361e-01 2.584e-01 9.888e-04 2.699e-04 2.452e-03 -1.000 5.571e-03 -2.696 -0.762 -0.869 -0.560
0.0055 -0.44261 7.11001 5.5662188530 2.6166533334    5.566  2.989  4.3033  4.360    1  0.000  0.538     0.00     0.00     0.00     0.00     0.00 -1    -1e-30      0.00 7.361e-01 2.584e-01 9.888e-04 2.699e-04 2.452e-03 -1.000 5.571e-03 -2.703 -0.767 -0.874 -0.565
0.0055 -0.44261 7.11001 5.7324385643 2.6173020252    5.732  3.035  4.3100  4.353    1  0.000  0.538     0.00     0.00     0.00     0.00     0.00 -1    -1e-30      0.00 7.361e-01 2.584e-01 9.888e-04 2.699e-04 2.452e-03 -1.000 5.571e-03 -2.818 -0.844 -0.953 -0.638
0.0055 -0.44261 7.11001 5.8986577988 2.6179088520    5.898  3.080  4.3165  4.347    1  0.000  0.538     0.00     0.00     0.00     0.00     0.00 -1    -1e-30      0.00 7.361e-01 2.584e-01 9.888e-04 2.699e-04 2.452e-03 -1.000 5.571e-03 -2.930 -0.919 -1.030 -0.710
0.0055 -0.44261 7.11001 6.0648765564 2.6184775844    6.064  3.124  4.3227  4.340    1  0.000  0.538     0.00     0.00     0.00     0.00     0.00 -1    -1e-30      0.00 7.361e-01 2.584e-01 9.888e-04 2.699e-04 2.452e-03 -1.000 5.571e-03 -3.040 -0.993 -1.105 -0.780
0.0055 -0.44261 7.11001 6.2310962677 2.6190115669    6.230  3.166  4.3287  4.333    1  0.000  0.538     0.00     0.00     0.00     0.00     0.00 -1    -1e-30      0.00 7.361e-01 2.584e-01 9.888e-04 2.699e-04 2.452e-03 -1.000 5.571e-03 -3.146 -1.065 -1.179 -0.849
0.0055 -0.44261 7.11001 6.7297534943 2.6204331025    6.720  3.286  4.3454  4.313    1  0.000  0.538     0.00     0.00     0.00     0.00     0.00 -1    -1e-30      0.00 7.361e-01 2.584e-01 9.888e-04 2.699e-04 2.452e-03 -1.000 5.571e-03 -3.444 -1.270 -1.388 -1.044
0.0055 -0.44261 7.11001 6.8936214447 2.6208489340    6.882  3.323  4.3504  4.307    1  0.000  0.538     0.00     0.00     0.00     0.00     0.00 -1    -1e-30      0.00 7.361e-01 2.584e-01 9.888e-04 2.699e-04 2.452e-03 -1.000 5.571e-03 -3.537 -1.334 -1.455 -1.106
0.0055 -0.44261 7.11001 7.4192733765 2.6220414531    7.401  3.438  4.3658  4.285    1  0.000  0.538     0.00     0.00     0.00     0.00     0.00 -1    -1e-30      0.00 7.361e-01 2.584e-01 9.888e-04 2.699e-04 2.452e-03 -1.000 5.571e-03 -3.824 -1.537 -1.661 -1.301
0.0055 -0.44261 7.11001 7.5608496666 2.6223302237    7.542  3.468  4.3698  4.279    1  0.000  0.538     0.00     0.00     0.00     0.00     0.00 -1    -1e-30      0.00 7.361e-01 2.584e-01 9.888e-04 2.699e-04 2.452e-03 -1.000 5.571e-03 -3.899 -1.590 -1.716 -1.352
0.0055 -0.44261 7.11001 7.9544267654 2.6230712529    7.936  3.549  4.3801  4.261    1  0.000  0.538     0.00     0.00     0.00     0.00     0.00 -1    -1e-30      0.00 7.361e-01 2.584e-01 9.888e-04 2.699e-04 2.452e-03 -1.000 5.571e-03 -4.103 -1.738 -1.866 -1.494
0.0055 -0.44261 7.11001 8.3760547638 2.6237769151    8.359  3.634  4.3903  4.240    1  0.000  0.538     0.00     0.00     0.00     0.00     0.00 -1    -1e-30      0.00 7.361e-01 2.584e-01 9.888e-04 2.699e-04 2.452e-03 -1.000 5.571e-03 -4.314 -1.896 -2.026 -1.647
0.0055 -0.44261 7.11001 8.3919458389 2.6238019212    8.375  3.637  4.3907  4.239    1  0.000  0.538     0.00     0.00     0.00     0.00     0.00 -1    -1e-30      0.00 7.361e-01 2.584e-01 9.888e-04 2.699e-04 2.452e-03 -1.000 5.571e-03 -4.322 -1.902 -2.032 -1.652
0.0055 -0.44261 7.11001 8.6519002914 2.6241960320    8.636  3.687  4.3966  4.226    1  0.000  0.538     0.00     0.00     0.00     0.00     0.00 -1    -1e-30      0.00 7.361e-01 2.584e-01 9.888e-04 2.699e-04 2.452e-03 -1.000 5.571e-03 -4.447 -1.996 -2.128 -1.744
0.0055 -0.44261 7.11001 9.0715026855 2.6247777150    9.056  3.766  4.4054  4.203    1  0.000  0.538     0.00     0.00     0.00     0.00     0.00 -1    -1e-30      0.00 7.361e-01 2.584e-01 9.888e-04 2.699e-04 2.452e-03 -1.000 5.571e-03 -4.645 -2.164 -2.300 -1.919
0.0055 -0.44261 7.11001 9.2230415344 2.6249728885    9.209  3.794  4.4084  4.194    1  0.000  0.538     0.00     0.00     0.00     0.00     0.00 -1    -1e-30      0.00 7.361e-01 2.584e-01 9.888e-04 2.699e-04 2.452e-03 -1.000 5.571e-03 -4.715 -2.217 -2.353 -1.969
0.0055 -0.44261 7.11001 9.4559488297 2.6252588808    9.440  3.834  4.4127  4.181    1  0.000  0.538     0.00     0.00     0.00     0.00     0.00 -1    -1e-30      0.00 7.361e-01 2.584e-01 9.888e-04 2.699e-04 2.452e-03 -1.000 5.571e-03 -4.816 -2.293 -2.431 -2.042
0.0055 -0.44261 7.11001 9.8589601517 2.6257172360    9.840  3.903  4.4196  4.158    1  0.000  0.538     0.00     0.00     0.00     0.00     0.00 -1    -1e-30      0.00 7.361e-01 2.584e-01 9.888e-04 2.699e-04 2.452e-03 -1.000 5.571e-03 -4.988 -2.428 -2.567 -2.172
0.0055 -0.44261 7.11001 10.0541372299 2.6259240886   10.033  3.936  4.4227  4.146    1  0.000  0.538     0.00     0.00     0.00     0.00     0.00 -1    -1e-30      0.00 7.361e-01 2.584e-01 9.888e-04 2.699e-04 2.452e-03 -1.000 5.571e-03 -5.070 -2.494 -2.635 -2.235
0.0055 -0.44261 7.11001 10.0783758163 2.6259491348   10.058  3.940  4.4231  4.145    1  0.000  0.538     0.00     0.00     0.00     0.00     0.00 -1    -1e-30      0.00 7.361e-01 2.584e-01 9.888e-04 2.699e-04 2.452e-03 -1.000 5.571e-03 -5.080 -2.502 -2.643 -2.243
0.0055 -0.44261 7.11001 10.3950080872 2.6262640178   10.373  3.993  4.4276  4.123    1  0.000  0.538     0.00     0.00     0.00     0.00     0.00 -1    -1e-30      0.00 7.361e-01 2.584e-01 9.888e-04 2.699e-04 2.452e-03 -1.000 5.571e-03 -5.212 -2.617 -2.759 -2.355
0.0055 -0.44261 7.11001 10.7342634201 2.6265778032   10.711  4.048  4.4319  4.099    1  0.000  0.538     0.00     0.00     0.00     0.00     0.00 -1    -1e-30      0.00 7.361e-01 2.584e-01 9.888e-04 2.699e-04 2.452e-03 -1.000 5.571e-03 -5.351 -2.743 -2.886 -2.479
0.0055 -0.44261 7.11001 10.8852338791 2.6267102290   10.861  4.073  4.4337  4.088    1  0.000  0.538     0.00     0.00     0.00     0.00     0.00 -1    -1e-30      0.00 7.361e-01 2.584e-01 9.888e-04 2.699e-04 2.452e-03 -1.000 5.571e-03 -5.413 -2.799 -2.942 -2.534
0.0055 -0.44261 7.11001 11.1709413528 2.6269496119   11.145  4.118  4.4367  4.066    1  0.000  0.538     0.00     0.00     0.00     0.00     0.00 -1 -1.18e-29      0.00 7.361e-01 2.584e-01 9.893e-04 2.699e-04 2.452e-03 -1.000 5.571e-03 -5.524 -2.901 -3.044 -2.634
0.0055 -0.44261 7.11001 11.5616521835 2.6272550504   11.533  4.178  4.4401  4.034    1  0.000  0.538     0.00     0.00     0.00     0.00     0.00 -1 -3.15e-28      0.00 7.361e-01 2.584e-01 9.900e-04 2.699e-04 2.452e-03 -1.000 5.571e-03 -5.676 -3.042 -3.186 -2.773
0.0055 -0.44261 7.11001 11.9092006683 2.6275074672   11.877  4.232  4.4422  4.001    1  0.000  0.539     0.00     0.00     0.00     0.00     0.00 -1 -5.37e-27      0.00 7.361e-01 2.584e-01 9.906e-04 2.699e-04 2.452e-03 -1.000 5.571e-03 -5.811 -3.171 -3.316 -2.900
0.0055 -0.44261 7.11001 12.2468490601 2.6277369823   12.212  4.285  4.4435  3.966    1  0.000  0.539     0.00     0.00     0.00     0.00     0.00 -1 -7.83e-26      0.00 7.361e-01 2.584e-01 9.912e-04 2.700e-04 2.452e-03 -1.000 5.571e-03 -5.942 -3.297 -3.442 -3.026
0.0055 -0.44261 7.11001 12.5474262238 2.6279293921   12.510  4.331  4.4439  3.932    1  0.000  0.540     0.00     0.00     0.00     0.00     0.00 -1 -8.02e-25      0.00 7.360e-01 2.584e-01 9.916e-04 2.700e-04 2.452e-03 -1.000 5.571e-03 -6.058 -3.413 -3.558 -3.141
0.0055 -0.44261 7.11001 12.9174995422 2.6281522023   12.870  4.385  4.4433  3.888    1  0.000  0.541     0.00     0.00     0.00     0.00     0.00 -1 -1.12e-21      0.00 7.360e-01 2.584e-01 9.937e-04 2.700e-04 2.452e-03 -1.000 5.571e-03 -6.192 -3.553 -3.699 -3.281
0.0055 -0.44261 7.11001 13.2822265625 2.6283578816   13.224  4.438  4.4411  3.837    1  0.000  0.542     0.00     0.00     0.00     0.00     0.00 -1 -1.15e-18      0.00 7.360e-01 2.584e-01 9.956e-04 2.701e-04 2.452e-03 -1.000 5.571e-03 -6.326 -3.703 -3.849 -3.431
0.0055 -0.44261 7.11001 13.6284170151 2.6285414422   13.559  4.489  4.4376  3.784    1  0.000  0.543     0.00     0.00     0.00     0.00     0.00 -1    -7e-16      0.00 7.360e-01 2.584e-01 9.974e-04 2.701e-04 2.451e-03 -1.000 5.571e-03 -6.452 -3.853 -3.998 -3.583
0.0055 -0.44261 7.11001 13.9385261536 2.6286969990   13.858  4.534  4.4327  3.728    1  0.000  0.543     0.00     0.00     0.00     0.00     0.00 -1  -1.9e-13      0.00 7.360e-01 2.584e-01 9.989e-04 2.702e-04 2.451e-03 -1.000 5.571e-03 -6.565 -4.000 -4.144 -3.732
0.0055 -0.44261 7.11001 14.2077999115 2.6288257567   14.118  4.574  4.4265  3.671    1  0.000  0.544     0.00     0.00     0.00     0.00     0.00 -1 -2.19e-11      0.00 7.360e-01 2.584e-01 1.000e-03 2.702e-04 2.451e-03 -1.000 5.571e-03 -6.666 -4.142 -4.284 -3.877
0.0055 -0.44261 7.11001 14.2096176147 2.6288266068   14.121  4.575  4.4265  3.671    1  0.000  0.544     0.00     0.00     0.00     0.00     0.00 -1 -2.26e-11      0.00 7.360e-01 2.584e-01 1.000e-03 2.702e-04 2.451e-03 -1.000 5.571e-03 -6.667 -4.143 -4.285 -3.878
0.0055 -0.44261 7.11001 14.2701025009 2.6288547528   14.179  4.583  4.4251  3.659    1  0.000  0.544     0.00     0.00     0.00     0.00     0.00 -1 -2.85e-11      0.00 7.360e-01 2.584e-01 1.000e-03 2.702e-04 2.451e-03 -1.000 5.571e-03 -6.688 -4.174 -4.316 -3.910
0.0055 -0.44261 7.11001 14.5368118286 2.6289756570   14.437  4.621  4.4176  3.599    1  0.000  0.544     0.00     0.00     0.00     0.00     0.00 -1 -7.58e-11      0.00 7.360e-01 2.584e-01 1.001e-03 2.702e-04 2.451e-03 -1.000 5.571e-03 -6.783 -4.312 -4.451 -4.057
0.0055 -0.44261 7.11001 14.7681341171 2.6290764630   14.660  4.655  4.4097  3.540    1  0.000  0.544     0.00     0.00     0.00     0.00     0.00 -1 -1.73e-10      0.00 7.360e-01 2.584e-01 1.001e-03 2.702e-04 2.451e-03 -1.000 5.571e-03 -6.867 -4.440 -4.576 -4.195
0.0055 -0.44261 7.11001 14.9725713730 2.6291625776   14.856  4.686  4.4010  3.480    1  0.000  0.545     0.00     0.00     0.00     0.00     0.00 -1 -3.47e-10      0.00 7.360e-01 2.585e-01 1.001e-03 2.702e-04 2.451e-03 -1.000 5.571e-03 -6.944 -4.568 -4.700 -4.334
0.0055 -0.44261 7.11001 15.1817140579 2.6292479201   15.058  4.718  4.3930  3.422    1  0.000  0.545     0.00     0.00     0.00     0.00     0.00 -1 -7.13e-10      0.00 7.360e-01 2.585e-01 1.001e-03 2.702e-04 2.451e-03 -1.000 5.571e-03 -7.025 -4.646 -4.780 -4.397
0.0055 -0.44261 7.11001 15.2920761108 2.6292918737   15.164  4.735  4.3901  3.396    1  0.000  0.545     0.00     0.00     0.00     0.00     0.00 -1 -1.06e-09      0.00 7.360e-01 2.585e-01 1.001e-03 2.702e-04 2.451e-03 -1.000 5.571e-03 -7.068 -4.707 -4.840 -4.460
0.0055 -0.44261 7.11001 15.3998184204 2.6293340858   15.267  4.758  4.4019  3.424    1  0.000  0.545     0.00     0.00     0.00     0.00     0.00 -1 -1.89e-09      0.00 7.360e-01 2.585e-01 1.001e-03 2.703e-04 2.451e-03 -1.000 5.571e-03 -7.124 -4.758 -4.890 -4.524
0.0055 -0.44261 7.11001 15.4206199646 2.6293421575   15.287  4.766  4.4117  3.455    1  0.000  0.545     0.00     0.00     0.00     0.00     0.00 -1 -2.36e-09      0.00 7.360e-01 2.585e-01 1.001e-03 2.703e-04 2.451e-03 -1.000 5.571e-03 -7.146 -4.724 -4.860 -4.478
0.0055 -0.44261 7.11001 15.4291830063 2.6293454730   15.295  4.777  4.4220  3.486    1  0.000  0.545     0.00     0.00     0.00     0.00     0.00 -1 -2.84e-09      0.00 7.360e-01 2.585e-01 1.001e-03 2.703e-04 2.451e-03 -1.000 5.571e-03 -7.171 -4.690 -4.831 -4.430
0.0055 -0.44261 7.11001 15.4339141846 2.6293473031   15.300  4.791  4.4335  3.517    1  0.000  0.545     0.00     0.00     0.00     0.00     0.00 -1 -3.48e-09      0.00 7.360e-01 2.585e-01 1.001e-03 2.703e-04 2.451e-03 -1.000 5.571e-03 -7.208 -4.654 -4.799 -4.385
0.0055 -0.44261 7.11001 15.4359436035 2.6293480876   15.302  4.803  4.4414  3.538    1  0.000  0.545     0.00     0.00     0.00     0.00     0.00 -1 -4.03e-09      0.00 7.360e-01 2.585e-01 1.001e-03 2.703e-04 2.451e-03 -1.000 5.571e-03 -7.237 -4.633 -4.781 -4.358
0.0055 -0.44261 7.11001 15.4367847443 2.6293484128   15.302  4.806  4.4443  3.545    1  0.000  0.545     0.00     0.00     0.00     0.00     0.00 -1 -4.26e-09      0.00 7.360e-01 2.585e-01 1.001e-03 2.703e-04 2.451e-03 -1.000 5.571e-03 -7.246 -4.625 -4.773 -4.348
0.0055 -0.44261 7.11001 15.4390363693 2.6293492829   15.305  4.791  4.4339  3.519    2  0.000  0.545     0.00     0.00     0.00     0.00     0.00 -1 -3.63e-09      0.00 7.360e-01 2.585e-01 1.001e-03 2.703e-04 2.451e-03 -1.000 5.571e-03 -7.208 -4.652 -4.797 -4.382
0.0055 -0.44261 7.11001 15.4401483536 2.6293497125   15.306  4.787  4.4241  3.484    2  0.000  0.545     0.00     0.00     0.00     0.00     0.00 -1 -3.22e-09      0.00 7.360e-01 2.585e-01 1.001e-03 2.703e-04 2.451e-03 -1.000 5.571e-03 -7.197 -4.705 -4.847 -4.444
0.0055 -0.44261 7.11001 15.4412746429 2.6293501475   15.307  4.787  4.4104  3.430    2  0.000  0.545     0.00     0.00     0.00     0.00     0.00 -1 -2.79e-09      0.00 7.360e-01 2.585e-01 1.001e-03 2.703e-04 2.451e-03 -1.000 5.571e-03 -7.197 -4.788 -4.923 -4.544
0.0055 -0.44261 7.11001 15.4422311783 2.6293505170   15.308  4.789  4.3964  3.371    2  0.000  0.545     0.00     0.00     0.00     0.00     0.00 -1 -2.41e-09      0.00 7.360e-01 2.585e-01 1.001e-03 2.703e-04 2.451e-03 -1.000 5.571e-03 -7.203 -4.813 -4.947 -4.563
0.0055 -0.44261 7.11001 15.4431018829 2.6293508532   15.308  4.792  4.3820  3.310    2  0.000  0.545     0.00     0.00     0.00     0.00     0.00 -1 -2.05e-09      0.00 7.360e-01 2.585e-01 1.001e-03 2.703e-04 2.451e-03 -1.000 5.571e-03 -7.211 -4.899 -5.030 -4.657
0.0055 -0.44261 7.11001 15.4439163208 2.6293511676   15.309  4.795  4.3671  3.248    2  0.000  0.545     0.00     0.00     0.00     0.00     0.00 -1 -3.11e-09      0.00 7.360e-01 2.585e-01 1.001e-03 2.703e-04 2.451e-03 -1.000 5.571e-03 -7.219 -4.988 -5.115 -4.754
0.0055 -0.44261 7.11001 15.4446868896 2.6293514651   15.310  4.798  4.3516  3.183    2  0.000  0.545     0.00     0.00     0.00     0.00     0.00 -1 -2.73e-09      0.00 7.360e-01 2.585e-01 1.001e-03 2.703e-04 2.451e-03 -1.000 5.571e-03 -7.225 -5.080 -5.204 -4.854
0.0055 -0.44261 7.11001 15.4455995560 2.6293518174   15.311  4.801  4.3312  3.099    2  0.000  0.545     0.00     0.00     0.00     0.00     0.00 -1 -2.66e-09      0.00 7.360e-01 2.585e-01 1.001e-03 2.703e-04 2.451e-03 -1.000 5.571e-03 -7.233 -5.201 -5.319 -4.985
0.0055 -0.44261 7.11001 15.4464607239 2.6293521498   15.312  4.804  4.3099  3.010    2  0.000  0.545     0.00     0.00     0.00     0.00     0.00 -1 -2.25e-08      0.00 7.360e-01 2.585e-01 1.001e-03 2.703e-04 2.451e-03 -1.000 5.571e-03 -7.241 -5.382 -5.497 -5.177
0.0055 -0.44261 7.11001 15.4471130371 2.6293524016   15.312  4.807  4.2926  2.939    2  0.000  0.545     0.00     0.00     0.00     0.00     0.00 -1 -2.75e-08      0.00 7.360e-01 2.585e-01 1.001e-03 2.703e-04 2.451e-03 -1.000 5.571e-03 -7.247 -5.427 -5.534 -5.231
0.0055 -0.44261 7.11001 15.4477376938 2.6293526426   15.313  4.809  4.2753  2.867    2  0.000  0.545     0.00     0.00     0.00     0.00     0.00 -1    -3e-08      0.00 7.360e-01 2.585e-01 1.001e-03 2.703e-04 2.451e-03 -1.000 5.571e-03 -7.253 -5.531 -5.633 -5.347
0.0055 -0.44261 7.11001 15.4483308792 2.6293528715   15.313  4.811  4.2583  2.797    2  0.000  0.545     0.00     0.00     0.00     0.00     0.00 -1 -2.91e-08      0.00 7.360e-01 2.585e-01 1.001e-03 2.703e-04 2.451e-03 -1.000 5.571e-03 -7.258 -5.631 -5.729 -5.458
0.0055 -0.44261 7.11001 15.4490375519 2.6293531441   15.313  4.813  4.2373  2.711    2  0.000  0.545     0.00     0.00     0.00     0.00     0.00 -1  -2.8e-08      0.00 7.360e-01 2.585e-01 1.001e-03 2.703e-04 2.451e-03 -1.000 5.571e-03 -7.263 -5.754 -5.846 -5.594
0.0055 -0.44261 7.11001 15.4497022629 2.6293534006   15.314  4.815  4.2170  2.629    2  0.000  0.545     0.00     0.00     0.00     0.00     0.00 -1 -2.75e-08      0.00 7.360e-01 2.585e-01 1.001e-03 2.703e-04 2.451e-03 -1.000 5.571e-03 -7.267 -5.872 -5.957 -5.725
0.0055 -0.44261 7.11001 15.4502029419 2.6293535937   15.315  4.815  4.2014  2.565    2  0.000  0.545     0.00     0.00     0.00     0.00     0.00 -1 -3.22e-08      0.00 7.360e-01 2.585e-01 1.001e-03 2.703e-04 2.451e-03 -1.000 5.571e-03 -7.269 -5.963 -6.043 -5.825
0.0055 -0.44261 7.11001 15.4506826401 2.6293537787   15.315  4.816  4.1861  2.504    2  0.000  0.545     0.00     0.00     0.00     0.00     0.00 -1 -3.87e-08      0.00 7.360e-01 2.585e-01 1.001e-03 2.703e-04 2.451e-03 -1.000 5.571e-03 -7.270 -6.050 -6.125 -5.922
0.0055 -0.44261 7.11001 15.4511365891 2.6293539538   15.315  4.816  4.1714  2.445    2  0.000  0.545     0.00     0.00     0.00     0.00     0.00 -1 -3.76e-08      0.00 7.360e-01 2.585e-01 1.001e-03 2.703e-04 2.451e-03 -1.000 5.571e-03 -7.270 -6.132 -6.203 -6.014
0.0055 -0.44261 7.11001 15.4516744614 2.6293541613   15.315  4.816  4.1532  2.372    2  0.000  0.545     0.00     0.00     0.00     0.00     0.00 -1 -3.61e-08      0.00 7.360e-01 2.585e-01 1.001e-03 2.703e-04 2.451e-03 -1.000 5.571e-03 -7.270 -6.232 -6.296 -6.128
0.0055 -0.44261 7.11001 15.4521799088 2.6293543562   15.316  4.816  4.1353  2.301    2  0.000  0.545     0.00     0.00     0.00     0.00     0.00 -1 -3.46e-08      0.00 7.360e-01 2.585e-01 1.001e-03 2.703e-04 2.451e-03 -1.000 5.571e-03 -7.269 -6.330 -6.388 -6.237
0.0055 -0.44261 7.11001 15.4526519775 2.6293545382   15.316  4.815  4.1177  2.231    2  0.000  0.545     0.00     0.00     0.00     0.00     0.00 -1 -3.31e-08      0.00 7.360e-01 2.585e-01 1.001e-03 2.703e-04 2.451e-03 -1.000 5.571e-03 -7.267 -6.429 -6.482 -6.343
0.0055 -0.44261 7.11001 15.4530086517 2.6293546757   15.316  4.814  4.1039  2.177    2  0.000  0.545     0.00     0.00     0.00     0.00     0.00 -1 -3.21e-08      0.00 7.360e-01 2.585e-01 1.001e-03 2.703e-04 2.451e-03 -1.000 5.571e-03 -7.265 -6.504 -6.553 -6.426
0.0055 -0.44261 7.11001 15.4533510208 2.6293548077   15.317  4.813  4.0899  2.122    2  0.000  0.545     0.00     0.00     0.00     0.00     0.00 -1  -3.1e-08      0.00 7.360e-01 2.585e-01 1.001e-03 2.703e-04 2.451e-03 -1.000 5.571e-03 -7.263 -6.578 -6.623 -6.508
0.0055 -0.44261 7.11001 15.4536733627 2.6293549320   15.317  4.812  4.0767  2.070    2  0.000  0.545     0.00     0.00     0.00     0.00     0.00 -1 -3.01e-08      0.00 7.360e-01 2.585e-01 1.001e-03 2.703e-04 2.451e-03 -1.000 5.571e-03 -7.260 -6.643 -6.682 -6.586
0.0055 -0.44261 7.11001 15.4540557861 2.6293550794   15.317  4.811  4.0599  2.004    2  0.000  0.545     0.00     0.00     0.00     0.00     0.00 -1 -2.88e-08      0.00 7.360e-01 2.585e-01 1.001e-03 2.703e-04 2.451e-03 -1.000 5.571e-03 -7.256 -6.719 -6.748 -6.682
0.0055 -0.44261 7.11001 15.4544134140 2.6293552173   15.317  4.809  4.0435  1.940    2  0.000  0.545     0.00     0.00     0.00     0.00     0.00 -1 -2.75e-08      0.00 7.360e-01 2.585e-01 1.001e-03 2.703e-04 2.451e-03 -1.000 5.571e-03 -7.252 -6.800 -6.823 -6.773
0.0055 -0.44261 7.11001 15.4546833038 2.6293553213   15.318  4.807  4.0304  1.889    2  0.000  0.545     0.00     0.00     0.00     0.00     0.00 -1 -2.65e-08      0.00 7.360e-01 2.585e-01 1.001e-03 2.703e-04 2.451e-03 -1.000 5.571e-03 -7.249 -6.862 -6.881 -6.843
0.0055 -0.44261 7.11001 15.4549407959 2.6293554206   15.318  4.806  4.0175  1.839    2  0.000  0.545     0.00     0.00     0.00     0.00     0.00 -1 -2.56e-08      0.00 7.360e-01 2.585e-01 1.001e-03 2.703e-04 2.451e-03 -1.000 5.571e-03 -7.245 -6.922 -6.936 -6.910
0.0055 -0.44261 7.11001 15.4551858902 2.6293555151   15.318  4.805  4.0044  1.788    2  0.000  0.545     0.00     0.00     0.00     0.00     0.00 -1 -2.47e-08      0.00 7.360e-01 2.585e-01 1.001e-03 2.703e-04 2.451e-03 -1.000 5.571e-03 -7.241 -6.980 -6.990 -6.976
0.0055 -0.44261 7.11001 15.4554738998 2.6293556261   15.318  4.803  3.9882  1.725    2  0.000  0.545     0.00     0.00     0.00     0.00     0.00 -1 -2.38e-08      0.00 7.360e-01 2.585e-01 1.001e-03 2.703e-04 2.451e-03 -1.000 5.571e-03 -7.237 -7.051 -7.055 -7.055
0.0055 -0.44261 7.11001 15.4557418823 2.6293557294   15.318  4.801  3.9726  1.665    2  0.000  0.545     0.00     0.00     0.00     0.00     0.00 -1 -2.29e-08      0.00 7.360e-01 2.585e-01 1.001e-03 2.703e-04 2.451e-03 -1.000 5.571e-03 -7.232 -7.115 -7.114 -7.129
0.0055 -0.44261 7.11001 15.4559478760 2.6293558087   15.319  4.799  3.9595  1.614    2  0.000  0.545     0.00     0.00     0.00     0.00     0.00 -1 -2.22e-08      0.00 7.360e-01 2.585e-01 1.001e-03 2.703e-04 2.451e-03 -1.000 5.571e-03 -7.228 -7.158 -7.149 -7.190
0.0055 -0.44261 7.11001 15.4561405182 2.6293558830   15.319  4.797  3.9471  1.566    2  0.000  0.545     0.00     0.00     0.00     0.00     0.00 -1 -2.15e-08      0.00 7.360e-01 2.585e-01 1.001e-03 2.703e-04 2.451e-03 -1.000 5.571e-03 -7.224 -7.197 -7.179 -7.246
0.0055 -0.44261 7.11001 15.4563255310 2.6293559543   15.319  4.796  3.9351  1.520    2  0.000  0.545     0.00     0.00     0.00     0.00     0.00 -1 -2.09e-08      0.00 7.360e-01 2.585e-01 1.001e-03 2.703e-04 2.451e-03 -1.000 5.571e-03 -7.220 -7.240 -7.218 -7.296
0.0055 -0.44261 7.11001 15.4565439224 2.6293560384   15.319  4.793  3.9193  1.459    2  0.000  0.545     0.00     0.00     0.00     0.00     0.00 -1 -2.83e-08      0.00 7.360e-01 2.585e-01 1.001e-03 2.703e-04 2.451e-03 -1.000 5.571e-03 -7.213 -7.287 -7.258 -7.357
0.0055 -0.44261 7.11001 15.4567079544 2.6293561017   15.319  4.791  3.9072  1.413    2  0.000  0.545     0.00     0.00     0.00     0.00     0.00 -1 -3.62e-08      0.00 7.360e-01 2.585e-01 1.001e-03 2.703e-04 2.451e-03 -1.000 5.571e-03 -7.209 -7.315 -7.277 -7.400
0.0055 -0.44261 7.11001 15.4568691254 2.6293561638   15.319  4.790  3.8954  1.367    2  0.000  0.545     0.00     0.00     0.00     0.00     0.00 -1 -4.63e-08      0.00 7.360e-01 2.585e-01 1.001e-03 2.703e-04 2.451e-03 -1.000 5.571e-03 -7.204 -7.337 -7.290 -7.439
0.0055 -0.44261 7.11001 15.4570188522 2.6293562215   15.319  4.788  3.8841  1.324    2  0.000  0.545     0.00     0.00     0.00     0.00     0.00 -1 -5.74e-08      0.00 7.360e-01 2.585e-01 1.001e-03 2.703e-04 2.451e-03 -1.000 5.571e-03 -7.199 -7.351 -7.293 -7.473
0.0055 -0.44261 7.11001 15.4572029114 2.6293562924   15.319  4.785  3.8684  1.264    2  0.000  0.545     0.00     0.00     0.00     0.00     0.00 -1 -6.39e-08      0.00 7.360e-01 2.585e-01 1.001e-03 2.703e-04 2.451e-03 -1.000 5.571e-03 -7.191 -7.360 -7.282 -7.517
0.0055 -0.44261 7.11001 15.4573411942 2.6293563457   15.319  4.782  3.8563  1.219    2  0.000  0.545     0.00     0.00     0.00     0.00     0.00 -1 -6.81e-08      0.00 7.360e-01 2.585e-01 1.001e-03 2.703e-04 2.451e-03 -1.000 5.571e-03 -7.185 -7.361 -7.266 -7.548
0.0055 -0.44261 7.11001 15.4574747086 2.6293563971   15.319  4.779  3.8443  1.173    2  0.000  0.545     0.00     0.00     0.00     0.00     0.00 -1 -7.84e-08      0.00 7.360e-01 2.585e-01 1.001e-03 2.703e-04 2.451e-03 -1.000 5.571e-03 -7.178 -7.358 -7.242 -7.579
0.0055 -0.44261 7.11001 15.4576015472 2.6293564460   15.319  4.777  3.8328  1.130    2  0.000  0.545     0.00     0.00     0.00     0.00     0.00 -1 -8.96e-08      0.00 7.360e-01 2.585e-01 1.001e-03 2.703e-04 2.451e-03 -1.000 5.571e-03 -7.172 -7.354 -7.216 -7.608
0.0055 -0.44261 7.11001 15.4577207565 2.6293564919   15.319  4.774  3.8221  1.089    2  0.000  0.545     0.00     0.00     0.00     0.00     0.00 -1 -1.02e-07      0.00 7.360e-01 2.585e-01 1.001e-03 2.703e-04 2.451e-03 -1.000 5.571e-03 -7.166 -7.347 -7.186 -7.634
0.0055 -0.44261 7.11001 15.4578361511 2.6293565364   15.319  4.770  3.8106  1.047    2  0.000  0.545     0.00     0.00     0.00     0.00     0.00 -1 -1.08e-07      0.00 7.360e-01 2.585e-01 1.001e-03 2.703e-04 2.451e-03 -1.000 5.571e-03 -7.156 -7.334 -7.148 -7.657
0.0055 -0.44261 7.11001 15.4579429626 2.6293565775   15.319  4.765  3.7985  1.005    2  0.000  0.545     0.00     0.00     0.00     0.00     0.00 -1 -1.04e-07      0.00 7.360e-01 2.585e-01 1.001e-03 2.703e-04 2.451e-03 -1.000 5.571e-03 -7.142 -7.314 -7.101 -7.675
0.0055 -0.44261 7.11001 15.4580488205 2.6293566183   15.320  4.760  3.7867  0.963    2  0.000  0.545     0.00     0.00     0.00     0.00     0.00 -1 -1.01e-07      0.00 7.360e-01 2.585e-01 1.001e-03 2.703e-04 2.451e-03 -1.000 5.571e-03 -7.129 -7.295 -7.054 -7.692
0.0055 -0.44261 7.11001 15.4581470490 2.6293566562   15.320  4.755  3.7757  0.923    2  0.000  0.545     0.00     0.00     0.00     0.00     0.00 -1  -9.8e-08      0.00 7.360e-01 2.585e-01 1.001e-03 2.703e-04 2.451e-03 -1.000 5.571e-03 -7.116 -7.272 -7.003 -7.703
0.0055 -0.44261 7.11001 15.4582424164 2.6293566929   15.320  4.750  3.7650  0.886    2  0.000  0.545     0.00     0.00     0.00     0.00     0.00 -1 -9.52e-08      0.00 7.360e-01 2.585e-01 1.001e-03 2.703e-04 2.451e-03 -1.000 5.571e-03 -7.104 -7.247 -6.949 -7.711
0.0055 -0.44261 7.11001 15.4583330154 2.6293567278   15.320  4.745  3.7547  0.849    2  0.000  0.545     0.00     0.00     0.00     0.00     0.00 -1 -9.25e-08      0.00 7.360e-01 2.585e-01 1.001e-03 2.703e-04 2.451e-03 -1.000 5.571e-03 -7.092 -7.221 -6.896 -7.715
0.0055 -0.44261 7.11001 15.4584207535 2.6293567616   15.320  4.740  3.7443  0.812    2  0.000  0.545     0.00     0.00     0.00     0.00     0.00 -1 -8.97e-08      0.00 7.360e-01 2.585e-01 1.001e-03 2.703e-04 2.451e-03 -1.000 5.571e-03 -7.080 -7.194 -6.842 -7.717
0.0055 -0.44261 7.11001 15.4585056305 2.6293567943   15.320  4.735  3.7343  0.777    2  0.000  0.545     0.00     0.00     0.00     0.00     0.00 -1 -8.71e-08      0.00 7.360e-01 2.585e-01 1.001e-03 2.703e-04 2.451e-03 -1.000 5.571e-03 -7.068 -7.166 -6.788 -7.715
0.0055 -0.44261 7.11001 15.4585886002 2.6293568263   15.320  4.730  3.7246  0.743    2  0.000  0.545     0.00     0.00     0.00     0.00     0.00 -1 -8.46e-08      0.00 7.360e-01 2.585e-01 1.001e-03 2.703e-04 2.451e-03 -1.000 5.571e-03 -7.056 -7.135 -6.732 -7.709
0.0055 -0.44261 7.11001 15.4586648941 2.6293568557   15.320  4.726  3.7154  0.711    2  0.000  0.545     0.00     0.00     0.00     0.00     0.00 -1 -8.24e-08      0.00 7.360e-01 2.585e-01 1.001e-03 2.703e-04 2.451e-03 -1.000 5.571e-03 -7.045 -7.104 -6.676 -7.702
0.0055 -0.44261 7.11001 15.4587430954 2.6293568858   15.320  4.722  3.7063  0.679    2  0.000  0.545     0.00     0.00     0.00     0.00     0.00 -1 -8.02e-08      0.00 7.360e-01 2.585e-01 1.001e-03 2.703e-04 2.451e-03 -1.000 5.571e-03 -7.034 -7.071 -6.617 -7.692
0.0055 -0.44261 7.11001 15.4588165283 2.6293569141   15.320  4.715  3.6980  0.653    2  0.000  0.545     0.00     0.00     0.00     0.00     0.00 -1 -7.69e-08      0.00 7.360e-01 2.585e-01 1.001e-03 2.703e-04 2.451e-03 -1.000 5.571e-03 -7.017 -7.032 -6.556 -7.672
0.0055 -0.44261 7.11001 15.4589080811 2.6293569494   15.320  4.703  3.6897  0.632    2  0.000  0.545     0.00     0.00     0.00     0.00     0.00 -1  -7.1e-08      0.00 7.360e-01 2.585e-01 1.001e-03 2.703e-04 2.451e-03 -1.000 5.571e-03 -6.986 -6.978 -6.479 -7.638
0.0055 -0.44261 7.11001 15.4589834213 2.6293569784   15.320  4.693  3.6829  0.614    2  0.000  0.545     0.00     0.00     0.00     0.00     0.00 -1 -6.65e-08      0.00 7.360e-01 2.585e-01 1.001e-03 2.703e-04 2.451e-03 -1.000 5.571e-03 -6.961 -6.933 -6.413 -7.609
0.0055 -0.44261 7.11001 15.4590635300 2.6293570092   15.320  4.682  3.6756  0.596    2  0.000  0.545     0.00     0.00     0.00     0.00     0.00 -1  -6.2e-08      0.00 7.360e-01 2.585e-01 1.001e-03 2.703e-04 2.451e-03 -1.000 5.571e-03 -6.934 -6.883 -6.339 -7.580
0.0055 -0.44261 7.11001 15.4591684341 2.6293570496   15.320  4.667  3.6666  0.575    2  0.000  0.545     0.00     0.00     0.00     0.00     0.00 -1 -5.63e-08      0.00 7.360e-01 2.585e-01 1.001e-03 2.703e-04 2.451e-03 -1.000 5.571e-03 -6.897 -6.815 -6.239 -7.535
0.0055 -0.44261 7.11001 15.4592990875 2.6293571000   15.320  4.646  3.6564  0.555    2  0.000  0.545     0.00     0.00     0.00     0.00     0.00 -1 -4.95e-08      0.00 7.360e-01 2.585e-01 1.001e-03 2.703e-04 2.451e-03 -1.000 5.571e-03 -6.844 -6.720 -6.108 -7.467
0.0055 -0.44261 7.11001 15.4595346451 2.6293571907   15.320  4.611  3.6393  0.522    2  0.000  0.545     0.00     0.00     0.00     0.00     0.00 -1 -3.88e-08      0.00 7.360e-01 2.585e-01 1.001e-03 2.703e-04 2.451e-03 -1.000 5.571e-03 -6.756 -6.548 -5.883 -7.334
0.0055 -0.44261 7.11001 15.4596786499 2.6293572462   15.321  4.592  3.6299  0.503    2  0.000  0.545     0.00     0.00     0.00     0.00     0.00 -1  -3.3e-08      0.00 7.360e-01 2.585e-01 1.001e-03 2.703e-04 2.451e-03 -1.000 5.571e-03 -6.709 -6.449 -5.752 -7.257
0.0055 -0.44261 7.11001 15.4600439072 2.6293573869   15.321  4.605  3.6230  0.462    3  0.000  0.545   145.33    74.40    50.21    36.18    30.12  4 -3.19e-08      0.00 7.360e-01 2.585e-01 1.001e-03 2.703e-04 2.451e-03 -1.000 5.571e-03 -6.744 -6.443 -5.717 -7.269
0.0055 -0.44261 7.11001 15.4604196548 2.6293575316   15.321  4.642  3.6150  0.393    3  0.000  0.536   171.78    84.23    56.53    40.81    33.98  4 -3.22e-08      0.00 7.359e-01 2.585e-01 9.841e-04 2.832e-04 2.450e-03 -1.000 5.571e-03 -6.836 -6.484 -5.723 -7.333
0.0055 -0.44261 7.11001 15.4606275558 2.6293576117   15.321  4.682  3.6100  0.333    3  0.000  0.522   198.89    93.91    62.71    45.35    37.77  4 -3.35e-08      0.00 7.359e-01 2.585e-01 9.577e-04 3.044e-04 2.449e-03 -1.000 5.571e-03 -6.936 -6.550 -5.764 -7.415
0.0055 -0.44261 7.11001 15.4607954025 2.6293576763   15.321  4.715  3.6059  0.284    3  0.000  0.511   223.81   102.51    68.19    49.37    41.13  4 -3.47e-08      0.00 7.358e-01 2.586e-01 9.364e-04 3.222e-04 2.448e-03 -1.000 5.573e-03 -7.016 -6.602 -5.794 -7.480
0.0055 -0.44261 7.11001 15.4608659744 2.6293577035   15.321  4.728  3.6042  0.264    3  0.000  0.507   235.23   106.37    70.64    51.17    42.63  4 -3.52e-08      0.00 7.358e-01 2.586e-01 9.276e-04 3.293e-04 2.448e-03 -1.000 5.573e-03 -7.050 -6.624 -5.807 -7.507
0.0055 -0.44261 7.11001 15.4611368179 2.6293578078   15.322  4.799  3.5976  0.167    3  0.000  0.434   289.60   126.82    83.56    60.69    50.58  4 -5.34e-08      0.00 7.209e-01 2.735e-01 7.334e-04 7.145e-04 2.275e-03 -1.000 5.603e-03 -7.227 -6.751 -5.895 -7.657
0.0055 -0.44261 7.11001 15.4613161087 2.6293578768   15.322  4.837  3.5941  0.115    3  0.000  0.420   313.53   139.21    91.34    66.43    55.38  3 -7.26e-08      0.00 7.126e-01 2.818e-01 6.824e-04 8.522e-04 2.189e-03 -1.000 5.571e-03 -7.322 -6.818 -5.941 -7.736
0.0055 -0.44261 7.11001 15.4613342285 2.6293578838   15.322  4.840  3.5938  0.110    3  0.000  0.420   315.83   140.41    92.09    66.98    55.84  3  -7.4e-08      0.00 7.122e-01 2.823e-01 6.801e-04 8.594e-04 2.184e-03 -1.000 5.574e-03 -7.330 -6.824 -5.945 -7.743
0.0055 -0.44261 7.11001 15.4613523483 2.6293578908   15.322  4.844  3.5935  0.106    3  0.000  0.419   318.18   141.63    92.85    67.55    56.32  3 -7.55e-08      0.00 7.117e-01 2.827e-01 6.779e-04 8.661e-04 2.179e-03 -1.000 5.571e-03 -7.339 -6.830 -5.949 -7.750
0.0055 -0.44261 7.11001 15.4613742828 2.6293578992   15.322  4.848  3.5931  0.100    3  0.000  0.419   321.03   143.12    93.79    68.24    56.89  3 -7.73e-08      0.00 7.113e-01 2.832e-01 6.757e-04 8.731e-04 2.174e-03 -1.000 5.571e-03 -7.350 -6.838 -5.954 -7.759
0.0055 -0.44261 7.11001 15.4613962173 2.6293579077   15.322  4.852  3.5927  0.094    3  0.000  0.418   323.79   144.57    94.69    68.91    57.45  3 -7.91e-08      0.00 7.109e-01 2.836e-01 6.737e-04 8.793e-04 2.170e-03 -1.000 5.571e-03 -7.360 -6.845 -5.958 -7.767
0.0055 -0.44261 7.11001 15.4614276886 2.6293579198   15.322  4.857  3.5922  0.087    3  0.000  0.418   327.46   146.49    95.90    69.80    58.20  3 -8.18e-08      0.00 7.103e-01 2.841e-01 6.711e-04 8.873e-04 2.164e-03 -1.000 5.572e-03 -7.373 -6.854 -5.965 -7.778
0.0055 -0.44261 7.11001 15.4614982605 2.6293579470   15.322  4.863  3.5917  0.079    3  0.000  0.417   331.55   148.64    97.24    70.79    59.02  3 -8.47e-08      0.00 7.093e-01 2.851e-01 6.671e-04 9.004e-04 2.155e-03 -1.000 5.573e-03 -7.388 -6.864 -5.972 -7.790
0.0055 -0.44261 7.11001 15.4626846313 2.6293584038   15.322  4.899  3.5884  0.030    3  0.000  0.412   357.35   162.30   105.76    77.09    64.29  0  -1.1e-07      0.00 7.027e-01 2.918e-01 6.408e-04 9.855e-04 2.095e-03 -1.000 5.590e-03 -7.477 -6.926 -6.012 -7.864
0.0055 -0.44261 7.11001 15.4638605118 2.6293588565   15.323  4.911  3.5873  0.013    3  0.000  0.410   366.76   167.33   108.88    79.40    66.23  0 -1.23e-07      0.00 7.009e-01 2.935e-01 6.334e-04 1.009e-03 2.078e-03 -1.000 5.608e-03 -7.508 -6.947 -6.025 -7.889
0.0055 -0.44261 7.11001 15.4713783264 2.6293617488   15.327  4.904  3.5881  0.024    4  0.000  0.411     0.00     0.00     0.00     0.00     0.00 -1 -1.23e-07      0.00 7.009e-01 2.935e-01 6.337e-04 1.009e-03 2.078e-03 -1.000 5.608e-03 -7.489 -6.936 -6.020 -7.875
0.0055 -0.44261 7.11001 15.4935789108 2.6293702712   15.338  4.877  3.5912  0.064    4  0.000  0.411     0.00     0.00     0.00     0.00     0.00 -1 -1.17e-07      0.00 7.009e-01 2.935e-01 6.344e-04 1.008e-03 2.079e-03 -1.000 5.607e-03 -7.423 -6.896 -6.000 -7.824
0.0055 -0.44261 7.11001 15.5179939270 2.6293796113   15.352  4.851  3.5944  0.102    4  0.000  0.412     0.00     0.00     0.00     0.00     0.00 -1 -1.13e-07      0.00 7.010e-01 2.934e-01 6.353e-04 1.006e-03 2.079e-03 -1.000 5.607e-03 -7.358 -6.856 -5.979 -7.774
0.0055 -0.44261 7.11001 15.5477333069 2.6293909427   15.370  4.826  3.5978  0.142    4  0.000  0.412     0.00     0.00     0.00     0.00     0.00 -1 -1.11e-07      0.00 7.010e-01 2.934e-01 6.363e-04 1.005e-03 2.079e-03 -1.000 5.606e-03 -7.295 -6.819 -5.962 -7.725
0.0055 -0.44261 7.11001 15.5904254913 2.6294071225   15.399  4.808  3.6020  0.177    4  0.000  0.413     0.00     0.00     0.00     0.00     0.00 -1 -1.18e-07      0.00 7.010e-01 2.934e-01 6.377e-04 1.003e-03 2.080e-03 -1.000 5.605e-03 -7.251 -6.806 -5.972 -7.699
0.0055 -0.44261 7.11001 15.6162967682 2.6294168780   15.417  4.803  3.6046  0.194    4  0.000  0.414     0.00     0.00     0.00     0.00     0.00 -1 -1.25e-07      0.00 7.011e-01 2.933e-01 6.386e-04 1.002e-03 2.080e-03 -1.000 5.605e-03 -7.236 -6.810 -5.988 -7.696
0.0055 -0.44261 7.11001 15.6889505386 2.6294440762   15.464  4.913  4.1889  2.422    5  0.000  0.415     0.00     0.00     0.00     0.00     0.00 -1 -8.93e-08      0.00 7.011e-01 2.933e-01 6.411e-04 9.980e-04 2.081e-03 -1.000 5.603e-03 -7.512 -6.276 -6.352 -6.147
0.0055 -0.44261 7.11001 15.7003383636 2.6294483130   15.472  4.915  4.2015  2.471    5  0.000  0.416     0.00     0.00     0.00     0.00     0.00 -1 -9.65e-08      0.00 7.012e-01 2.932e-01 6.414e-04 9.974e-04 2.081e-03 -1.000 5.603e-03 -7.516 -6.211 -6.291 -6.074
0.0055 -0.44261 7.11001 15.7030735016 2.6294493296   15.474  4.915  4.2040  2.480    5  0.000  0.416     0.00     0.00     0.00     0.00     0.00 -1 -9.81e-08      0.00 7.012e-01 2.932e-01 6.415e-04 9.973e-04 2.081e-03 -1.000 5.602e-03 -7.518 -6.199 -6.280 -6.061
0.0055 -0.44261 7.11001 15.7036352158 2.6294495383   15.475  4.916  4.2046  2.483    5  0.000  0.416     0.00     0.00     0.00     0.00     0.00 -1 -9.84e-08      0.00 7.012e-01 2.932e-01 6.416e-04 9.972e-04 2.081e-03 -1.000 5.603e-03 -7.519 -6.196 -6.277 -6.058
0.0055 -0.44261 7.11001 15.7038908005 2.6294496333   15.475  4.916  4.2050  2.484    5  0.000  0.416     0.00     0.00     0.00     0.00     0.00 -1 -9.86e-08      0.00 7.012e-01 2.932e-01 6.416e-04 9.972e-04 2.081e-03 -1.000 5.602e-03 -7.519 -6.194 -6.275 -6.056
0.0055 -0.44261 7.11001 15.7041063309 2.6294497133   15.475  4.916  4.2053  2.485    5  0.000  0.416     0.00     0.00     0.00     0.00     0.00 -1 -9.87e-08      0.00 7.012e-01 2.932e-01 6.416e-04 9.972e-04 2.081e-03 -1.000 5.602e-03 -7.520 -6.193 -6.274 -6.054
0.0055 -0.44261 7.11001 15.7042627335 2.6294497714   15.475  4.916  4.2056  2.486    5  0.000  0.416     0.00     0.00     0.00     0.00     0.00 -1 -9.88e-08      0.00 7.012e-01 2.932e-01 6.416e-04 9.972e-04 2.081e-03 -1.000 5.602e-03 -7.520 -6.191 -6.273 -6.053
0.0055 -0.44261 7.11001 15.7043962479 2.6294498210   15.475  4.916  4.2058  2.487    5  0.000  0.416     0.00     0.00     0.00     0.00     0.00 -1 -9.89e-08      0.00 7.012e-01 2.932e-01 6.416e-04 9.972e-04 2.081e-03 -1.000 5.602e-03 -7.520 -6.190 -6.271 -6.051
0.0055 -0.44261 7.11001 15.7045516968 2.6294498788   15.475  4.916  4.2061  2.488    5  0.000  0.416     0.00     0.00     0.00     0.00     0.00 -1  -9.9e-08      0.00 7.012e-01 2.932e-01 6.416e-04 9.972e-04 2.081e-03 -1.000 5.602e-03 -7.520 -6.189 -6.270 -6.049
0.0055 -0.44261 7.11001 15.7047052383 2.6294499358   15.476  4.916  4.2064  2.489    5  0.000  0.416     0.00     0.00     0.00     0.00     0.00 -1 -9.91e-08      0.00 7.012e-01 2.932e-01 6.416e-04 9.972e-04 2.081e-03 -1.000 5.602e-03 -7.520 -6.187 -6.269 -6.048
0.0055 -0.44261 7.11001 15.7048606873 2.6294499936   15.476  4.916  4.2067  2.490    5  0.000  0.416     0.00     0.00     0.00     0.00     0.00 -1 -9.92e-08      0.00 7.012e-01 2.932e-01 6.416e-04 9.972e-04 2.082e-03 -1.000 5.602e-03 -7.520 -6.185 -6.267 -6.046
0.0055 -0.44261 7.11001 15.7050237656 2.6294500542   15.476  4.916  4.2070  2.492    5  0.000  0.416     0.00     0.00     0.00     0.00     0.00 -1 -9.93e-08      0.00 7.012e-01 2.932e-01 6.416e-04 9.972e-04 2.082e-03 -1.000 5.602e-03 -7.520 -6.184 -6.266 -6.044
0.0055 -0.44261 7.11001 15.7051906586 2.6294501162   15.476  4.916  4.2073  2.493    5  0.000  0.416     0.00     0.00     0.00     0.00     0.00 -1 -9.94e-08      0.00 7.012e-01 2.932e-01 6.416e-04 9.972e-04 2.082e-03 -1.000 5.602e-03 -7.520 -6.182 -6.264 -6.042
0.0055 -0.44261 7.11001 15.7053680420 2.6294501821   15.476  4.916  4.2076  2.494    5  0.000  0.416     0.00     0.00     0.00     0.00     0.00 -1 -9.95e-08      0.00 7.012e-01 2.932e-01 6.416e-04 9.972e-04 2.082e-03 -1.000 5.602e-03 -7.520 -6.181 -6.263 -6.041
0.0055 -0.44261 7.11001 15.7055511475 2.6294502501   15.476  4.916  4.2079  2.495    5  0.000  0.416     0.00     0.00     0.00     0.00     0.00 -1 -9.96e-08      0.00 7.012e-01 2.932e-01 6.416e-04 9.971e-04 2.082e-03 -1.000 5.602e-03 -7.520 -6.179 -6.261 -6.039
0.0055 -0.44261 7.11001 15.7057466507 2.6294503227   15.476  4.916  4.2082  2.496    5  0.000  0.416     0.00     0.00     0.00     0.00     0.00 -1 -9.97e-08      0.00 7.012e-01 2.932e-01 6.416e-04 9.971e-04 2.082e-03 -1.000 5.602e-03 -7.520 -6.177 -6.259 -6.037
0.0055 -0.44261 7.11001 15.7059516907 2.6294503989   15.477  4.916  4.2086  2.498    5  0.000  0.416     0.00     0.00     0.00     0.00     0.00 -1 -9.98e-08      0.00 7.012e-01 2.932e-01 6.416e-04 9.971e-04 2.082e-03 -1.000 5.602e-03 -7.520 -6.175 -6.258 -6.035
0.0055 -0.44261 7.11001 15.7061719894 2.6294504807   15.477  4.916  4.2089  2.499    5  0.000  0.416     0.00     0.00     0.00     0.00     0.00 -1    -1e-07      0.00 7.012e-01 2.932e-01 6.416e-04 9.971e-04 2.082e-03 -1.000 5.602e-03 -7.520 -6.174 -6.256 -6.033
0.0055 -0.44261 7.11001 15.7064094543 2.6294505689   15.477  4.916  4.2093  2.501    5  0.000  0.416     0.00     0.00     0.00     0.00     0.00 -1    -1e-07      0.00 7.012e-01 2.932e-01 6.417e-04 9.971e-04 2.082e-03 -1.000 5.602e-03 -7.520 -6.172 -6.254 -6.031
0.0055 -0.44261 7.11001 15.7066144943 2.6294506450   15.477  4.916  4.2096  2.502    5  0.000  0.416     0.00     0.00     0.00     0.00     0.00 -1    -1e-07      0.00 7.012e-01 2.932e-01 6.417e-04 9.971e-04 2.082e-03 -1.000 5.602e-03 -7.521 -6.170 -6.253 -6.029
0.0055 -0.44261 7.11001 15.7068939209 2.6294507488   15.477  4.916  4.2100  2.503    5  0.000  0.416     0.00     0.00     0.00     0.00     0.00 -1    -1e-07      0.00 7.012e-01 2.932e-01 6.417e-04 9.971e-04 2.082e-03 -1.000 5.602e-03 -7.521 -6.168 -6.251 -6.027
0.0055 -0.44261 7.11001 15.7072019577 2.6294508632   15.478  4.916  4.2104  2.505    5  0.000  0.416     0.00     0.00     0.00     0.00     0.00 -1 -1.01e-07      0.00 7.012e-01 2.932e-01 6.417e-04 9.971e-04 2.082e-03 -1.000 5.602e-03 -7.521 -6.166 -6.248 -6.024
0.0055 -0.44261 7.11001 15.7074737549 2.6294509641   15.478  4.916  4.2107  2.506    5  0.000  0.416     0.00     0.00     0.00     0.00     0.00 -1 -1.01e-07      0.00 7.012e-01 2.932e-01 6.417e-04 9.971e-04 2.082e-03 -1.000 5.602e-03 -7.521 -6.164 -6.247 -6.022
0.0055 -0.44261 7.11001 15.7078523636 2.6294511047   15.478  4.916  4.2112  2.508    5  0.000  0.416     0.00     0.00     0.00     0.00     0.00 -1 -1.01e-07      0.00 7.012e-01 2.932e-01 6.417e-04 9.970e-04 2.082e-03 -1.000 5.602e-03 -7.521 -6.161 -6.244 -6.019
0.0055 -0.44261 7.11001 15.7082853317 2.6294512655   15.478  4.916  4.2117  2.510    5  0.000  0.416     0.00     0.00     0.00     0.00     0.00 -1 -1.01e-07      0.00 7.012e-01 2.932e-01 6.417e-04 9.970e-04 2.082e-03 -1.000 5.602e-03 -7.521 -6.158 -6.242 -6.016
0.0055 -0.44261 7.11001 15.7086820602 2.6294514128   15.479  4.916  4.2122  2.512    5  0.000  0.416     0.00     0.00     0.00     0.00     0.00 -1 -1.01e-07      0.00 7.012e-01 2.932e-01 6.417e-04 9.970e-04 2.082e-03 -1.000 5.602e-03 -7.521 -6.156 -6.239 -6.013
0.0055 -0.44261 7.11001 15.7092714310 2.6294516316   15.479  4.916  4.2128  2.515    5  0.000  0.416     0.00     0.00     0.00     0.00     0.00 -1 -1.02e-07      0.00 7.012e-01 2.932e-01 6.417e-04 9.970e-04 2.082e-03 -1.000 5.602e-03 -7.521 -6.152 -6.236 -6.009
0.0055 -0.44261 7.11001 15.7098512650 2.6294518469   15.480  4.917  4.2135  2.517    5  0.000  0.416     0.00     0.00     0.00     0.00     0.00 -1 -1.02e-07      0.00 7.012e-01 2.932e-01 6.418e-04 9.969e-04 2.082e-03 -1.000 5.602e-03 -7.521 -6.149 -6.233 -6.006
0.0055 -0.44261 7.11001 15.7105846405 2.6294521191   15.480  4.917  4.2142  2.520    5  0.000  0.416     0.00     0.00     0.00     0.00     0.00 -1 -1.03e-07      0.00 7.012e-01 2.932e-01 6.418e-04 9.969e-04 2.082e-03 -1.000 5.602e-03 -7.521 -6.145 -6.229 -6.001
0.0055 -0.44261 7.11001 15.7115869522 2.6294524911   15.481  4.917  4.2151  2.524    5  0.000  0.416     0.00     0.00     0.00     0.00     0.00 -1 -1.03e-07      0.00 7.012e-01 2.932e-01 6.418e-04 9.969e-04 2.082e-03 -1.000 5.602e-03 -7.522 -6.140 -6.224 -5.996
0.0055 -0.44261 7.11001 15.7131338120 2.6294530651   15.482  4.917  4.2166  2.529    5  0.000  0.416     0.00     0.00     0.00     0.00     0.00 -1 -1.04e-07      0.00 7.012e-01 2.932e-01 6.419e-04 9.968e-04 2.082e-03 -1.000 5.602e-03 -7.522 -6.133 -6.217 -5.987
0.0055 -0.44261 7.11001 15.7173137665 2.6294546156   15.485  4.917  4.2195  2.541    5  0.000  0.416     0.00     0.00     0.00     0.00     0.00 -1 -1.07e-07      0.00 7.012e-01 2.932e-01 6.420e-04 9.966e-04 2.082e-03 -1.000 5.602e-03 -7.523 -6.117 -6.203 -5.970
0.0055 -0.44261 7.11001 15.7334814072 2.6294606038   15.498  4.919  4.2290  2.577    5  0.000  0.416     0.00     0.00     0.00     0.00     0.00 -1 -1.17e-07      0.00 7.012e-01 2.932e-01 6.426e-04 9.958e-04 2.082e-03 -1.000 5.602e-03 -7.528 -6.069 -6.157 -5.916
0.0055 -0.44261 7.11001 15.7600660324 2.6294704194   15.518  4.922  4.2365  2.605    5  0.000  0.417     0.00     0.00     0.00     0.00     0.00 -1 -1.32e-07      0.00 7.012e-01 2.932e-01 6.435e-04 9.945e-04 2.082e-03 -1.000 5.601e-03 -7.535 -6.034 -6.125 -5.876
0.0055 -0.44261 7.11001 15.7826538086 2.6294787295   15.535  4.924  4.2415  2.623    5  0.000  0.417     0.00     0.00     0.00     0.00     0.00 -1 -1.45e-07      0.00 7.013e-01 2.931e-01 6.442e-04 9.934e-04 2.083e-03 -1.000 5.601e-03 -7.541 -6.012 -6.105 -5.852
0.0055 -0.44261 7.11001 15.8718109131 2.6295112651   15.599  4.934  4.2304  2.571    6  0.000  0.419     0.00     0.00     0.00     0.00     0.00 -1 -1.97e-07      0.00 7.014e-01 2.930e-01 6.472e-04 9.890e-04 2.084e-03 -1.000 5.599e-03 -7.566 -6.099 -6.188 -5.945
0.0055 -0.44261 7.11001 15.8780469894 2.6295135251   15.604  4.935  4.2295  2.566    6  0.000  0.419     0.00     0.00     0.00     0.00     0.00 -1 -1.97e-07      0.00 7.013e-01 2.931e-01 6.472e-04 9.890e-04 2.084e-03 -1.000 5.598e-03 -7.567 -6.105 -6.194 -5.952
0.0055 -0.44261 7.11001 15.9287195206 2.6295318136   15.641  4.940  4.2224  2.534    6  0.000  0.420     0.00     0.00     0.00     0.00     0.00 -1 -1.98e-07      0.00 7.013e-01 2.931e-01 6.476e-04 9.882e-04 2.084e-03 -1.000 5.598e-03 -7.581 -6.159 -6.245 -6.010
0.0055 -0.44261 7.11001 15.9709692001 2.6295469601   15.673  4.945  4.2160  2.505    6  0.000  0.420     0.00     0.00     0.00     0.00     0.00 -1 -1.98e-07      0.00 7.013e-01 2.931e-01 6.479e-04 9.876e-04 2.085e-03 -1.000 5.597e-03 -7.592 -6.205 -6.290 -6.060
0.0055 -0.44261 7.11001 16.0078411102 2.6295601037   15.700  4.948  4.2098  2.477    6  0.000  0.420     0.00     0.00     0.00     0.00     0.00 -1 -1.98e-07      0.00 7.013e-01 2.931e-01 6.481e-04 9.870e-04 2.085e-03 -1.000 5.596e-03 -7.601 -6.249 -6.332 -6.108
0.0055 -0.44261 7.11001 16.0379810333 2.6295707959   15.722  4.951  4.2024  2.445    6  0.000  0.420     0.00     0.00     0.00     0.00     0.00 -1 -1.98e-07      0.00 7.013e-01 2.932e-01 6.483e-04 9.866e-04 2.085e-03 -1.000 5.596e-03 -7.608 -6.298 -6.378 -6.161
0.0055 -0.44261 7.11001 16.0643005371 2.6295800950   15.742  4.954  4.1952  2.414    6  0.000  0.420     0.00     0.00     0.00     0.00     0.00 -1 -1.97e-07      0.00 7.012e-01 2.932e-01 6.485e-04 9.862e-04 2.085e-03 -1.000 5.595e-03 -7.615 -6.344 -6.422 -6.211
0.0055 -0.44261 7.11001 16.0874977112 2.6295882620   15.759  4.956  4.1882  2.384    6  0.000  0.420     0.00     0.00     0.00     0.00     0.00 -1 -1.96e-07      0.00 7.012e-01 2.932e-01 6.487e-04 9.858e-04 2.086e-03 -1.000 5.595e-03 -7.620 -6.388 -6.464 -6.260
0.0055 -0.44261 7.11001 16.1072082520 2.6295951802   15.773  4.958  4.1806  2.352    6  0.000  0.420     0.00     0.00     0.00     0.00     0.00 -1 -1.95e-07      0.00 7.012e-01 2.932e-01 6.488e-04 9.855e-04 2.086e-03 -1.000 5.595e-03 -7.625 -6.436 -6.509 -6.311
0.0055 -0.44261 7.11001 16.1235752106 2.6296009101   15.785  4.959  4.1737  2.324    6  0.000  0.420     0.00     0.00     0.00     0.00     0.00 -1 -2.03e-07      0.00 7.012e-01 2.932e-01 6.489e-04 9.853e-04 2.086e-03 -1.000 5.594e-03 -7.628 -6.477 -6.548 -6.358
0.0055 -0.44261 7.11001 16.1393737793 2.6296064283   15.795  4.961  4.1660  2.292    6  0.000  0.420     0.00     0.00     0.00     0.00     0.00 -1 -2.36e-07      0.00 7.012e-01 2.932e-01 6.490e-04 9.850e-04 2.086e-03 -1.000 5.594e-03 -7.632 -6.522 -6.591 -6.409
0.0055 -0.44261 7.11001 16.1540889740 2.6296115569   15.802  4.962  4.1570  2.255    6  0.000  0.420     0.00     0.00     0.00     0.00     0.00 -1  -2.4e-07      0.00 7.012e-01 2.932e-01 6.491e-04 9.848e-04 2.086e-03 -1.000 5.594e-03 -7.635 -6.574 -6.638 -6.469
0.0055 -0.44261 7.11001 16.1669712067 2.6296160379   15.808  4.963  4.1482  2.219    6  0.000  0.420     0.00     0.00     0.00     0.00     0.00 -1 -2.39e-07      0.00 7.012e-01 2.932e-01 6.492e-04 9.846e-04 2.086e-03 -1.000 5.594e-03 -7.637 -6.623 -6.684 -6.527
0.0055 -0.44261 7.11001 16.1782016754 2.6296199376   15.814  4.964  4.1391  2.182    6  0.000  0.420     0.00     0.00     0.00     0.00     0.00 -1 -2.37e-07      0.00 7.012e-01 2.932e-01 6.493e-04 9.845e-04 2.086e-03 -1.000 5.593e-03 -7.639 -6.676 -6.734 -6.585
0.0055 -0.44261 7.11001 16.1879024506 2.6296233012   15.819  4.964  4.1299  2.145    6  0.000  0.420     0.00     0.00     0.00     0.00     0.00 -1 -2.34e-07      0.00 7.012e-01 2.932e-01 6.493e-04 9.843e-04 2.086e-03 -1.000 5.593e-03 -7.641 -6.731 -6.786 -6.643
0.0055 -0.44261 7.11001 16.1972064972 2.6296265228   15.824  4.965  4.1195  2.103    6  0.000  0.420     0.00     0.00     0.00     0.00     0.00 -1 -2.31e-07      0.00 7.012e-01 2.932e-01 6.494e-04 9.842e-04 2.087e-03 -1.000 5.593e-03 -7.642 -6.793 -6.846 -6.707
0.0055 -0.44261 7.11001 16.2041587830 2.6296289273   15.825  4.965  4.1088  2.060    6  0.000  0.420     0.00     0.00     0.00     0.00     0.00 -1 -3.53e-07      0.00 7.012e-01 2.933e-01 6.495e-04 9.841e-04 2.087e-03 -1.000 5.593e-03 -7.642 -6.854 -6.905 -6.773
0.0055 -0.44261 7.11001 16.2097415924 2.6296308565   15.826  4.963  4.0965  2.013    6  0.000  0.420     0.00     0.00     0.00     0.00     0.00 -1  -3.4e-07      0.00 7.012e-01 2.933e-01 6.495e-04 9.840e-04 2.087e-03 -1.000 5.593e-03 -7.637 -6.917 -6.963 -6.843
0.0055 -0.44261 7.11001 16.2148380280 2.6296326163   15.827  4.960  4.0852  1.970    6  0.000  0.420     0.00     0.00     0.00     0.00     0.00 -1 -3.28e-07      0.00 7.011e-01 2.933e-01 6.495e-04 9.839e-04 2.087e-03 -1.000 5.593e-03 -7.630 -6.971 -7.014 -6.904
0.0055 -0.44261 7.11001 16.2193222046 2.6296341636   15.828  4.963  4.0783  1.940    6  0.000  0.420     0.00     0.00     0.00     0.00     0.00 -1 -3.26e-07      0.00 7.011e-01 2.933e-01 6.495e-04 9.839e-04 2.087e-03 -1.000 5.593e-03 -7.636 -7.012 -7.052 -6.952
0.0055 -0.44261 7.11001 16.2243270874 2.6296358894   15.829  4.963  4.0711  1.911    6  0.000  0.420     0.00     0.00     0.00     0.00     0.00 -1 -3.22e-07      0.00 7.011e-01 2.933e-01 6.496e-04 9.838e-04 2.087e-03 -1.000 5.592e-03 -7.637 -7.042 -7.075 -6.997
0.0055 -0.44261 7.11001 16.2292976379 2.6296376022   15.831  4.963  4.0628  1.878    6  0.000  0.420     0.00     0.00     0.00     0.00     0.00 -1 -3.16e-07      0.00 7.011e-01 2.933e-01 6.496e-04 9.837e-04 2.087e-03 -1.000 5.592e-03 -7.637 -7.084 -7.114 -7.046
0.0055 -0.44261 7.11001 16.2340679169 2.6296392448   15.832  4.962  4.0546  1.846    6  0.000  0.420     0.00     0.00     0.00     0.00     0.00 -1 -3.09e-07      0.00 7.011e-01 2.933e-01 6.496e-04 9.837e-04 2.087e-03 -1.000 5.592e-03 -7.635 -7.125 -7.152 -7.092
0.0055 -0.44261 7.11001 16.2385902405 2.6296408010   15.834  4.962  4.0480  1.819    6  0.000  0.420     0.00     0.00     0.00     0.00     0.00 -1 -3.05e-07      0.00 7.011e-01 2.933e-01 6.492e-04 9.837e-04 2.087e-03 -1.000 5.592e-03 -7.636 -7.160 -7.185 -7.130
0.0055 -0.44261 7.11001 16.2428646088 2.6296422710   15.835  4.963  4.0420  1.795    6  0.000  0.420     0.00     0.00     0.00     0.00     0.00 -1 -3.02e-07      0.00 7.011e-01 2.933e-01 6.487e-04 9.842e-04 2.087e-03 -1.000 5.592e-03 -7.637 -7.192 -7.215 -7.166
0.0055 -0.44261 7.11001 16.2469005585 2.6296436581   15.837  4.963  4.0362  1.771    6  0.000  0.419     0.00     0.00     0.00     0.00     0.00 -1 -2.97e-07      0.00 7.011e-01 2.933e-01 6.483e-04 9.847e-04 2.087e-03 -1.000 5.592e-03 -7.638 -7.222 -7.243 -7.199
0.0055 -0.44261 7.11001 16.2507019043 2.6296449639   15.838  4.963  4.0305  1.748    6  0.000  0.419     0.00     0.00     0.00     0.00     0.00 -1 -2.93e-07      0.00 7.011e-01 2.933e-01 6.479e-04 9.852e-04 2.087e-03 -1.000 5.592e-03 -7.638 -7.251 -7.270 -7.232
0.0055 -0.44261 7.11001 16.2542819977 2.6296461931   15.839  4.964  4.0245  1.724    6  0.000  0.419     0.00     0.00     0.00     0.00     0.00 -1 -2.91e-07      0.00 7.011e-01 2.933e-01 6.475e-04 9.857e-04 2.087e-03 -1.000 5.592e-03 -7.639 -7.281 -7.298 -7.265
0.0055 -0.44261 7.11001 16.2576446533 2.6296473470   15.841  4.964  4.0184  1.700    6  0.000  0.418     0.00     0.00     0.00     0.00     0.00 -1 -2.87e-07      0.00 7.011e-01 2.933e-01 6.471e-04 9.862e-04 2.087e-03 -1.000 5.592e-03 -7.639 -7.311 -7.326 -7.299
0.0055 -0.44261 7.11001 16.2608013153 2.6296484298   15.842  4.964  4.0123  1.675    6  0.000  0.418     0.00     0.00     0.00     0.00     0.00 -1 -2.84e-07      0.00 7.011e-01 2.933e-01 6.467e-04 9.866e-04 2.087e-03 -1.000 5.592e-03 -7.640 -7.341 -7.354 -7.332
0.0055 -0.44261 7.11001 16.2637596130 2.6296494440   15.843  4.964  4.0058  1.649    6  0.000  0.418     0.00     0.00     0.00     0.00     0.00 -1 -2.81e-07      0.00 7.011e-01 2.933e-01 6.464e-04 9.870e-04 2.087e-03 -1.000 5.592e-03 -7.640 -7.372 -7.383 -7.367
0.0055 -0.44261 7.11001 16.2651691437 2.6296499272   15.844  4.964  4.0025  1.636    6  0.000  0.418     0.00     0.00     0.00     0.00     0.00 -1 -2.79e-07      0.00 7.011e-01 2.933e-01 6.462e-04 9.872e-04 2.086e-03 -1.000 5.592e-03 -7.640 -7.388 -7.397 -7.385
0.0055 -0.44261 7.11001 16.2665309906 2.6296503938   15.844  4.964  3.9991  1.622    6  0.000  0.418     0.00     0.00     0.00     0.00     0.00 -1 -2.76e-07      0.00 7.011e-01 2.933e-01 6.460e-04 9.874e-04 2.086e-03 -1.000 5.592e-03 -7.640 -7.404 -7.412 -7.402
0.0055 -0.44261 7.11001 16.2678508759 2.6296508461   15.845  4.964  3.9956  1.608    6  0.000  0.418     0.00     0.00     0.00     0.00     0.00 -1 -2.75e-07      0.00 7.011e-01 2.933e-01 6.459e-04 9.876e-04 2.086e-03 -1.000 5.592e-03 -7.640 -7.420 -7.427 -7.420
0.0055 -0.44261 7.11001 16.2691287994 2.6296512838   15.846  4.964  3.9920  1.594    6  0.000  0.417     0.00     0.00     0.00     0.00     0.00 -1 -2.72e-07      0.00 7.011e-01 2.933e-01 6.457e-04 9.878e-04 2.086e-03 -1.000 5.592e-03 -7.639 -7.436 -7.442 -7.439
0.0055 -0.44261 7.11001 16.2703628540 2.6296517065   15.846  4.964  3.9883  1.579    6  0.000  0.417     0.00     0.00     0.00     0.00     0.00 -1  -2.7e-07      0.00 7.011e-01 2.933e-01 6.456e-04 9.880e-04 2.086e-03 -1.000 5.592e-03 -7.639 -7.453 -7.457 -7.457
0.0055 -0.44261 7.11001 16.2716236115 2.6296521382   15.847  4.963  3.9840  1.563    6  0.000  0.417     0.00     0.00     0.00     0.00     0.00 -1 -2.66e-07      0.00 7.011e-01 2.933e-01 6.454e-04 9.882e-04 2.086e-03 -1.000 5.592e-03 -7.639 -7.471 -7.475 -7.478
0.0055 -0.44261 7.11001 16.2724132538 2.6296524086   15.847  4.963  3.9812  1.552    6  0.000  0.417     0.00     0.00     0.00     0.00     0.00 -1 -2.64e-07      0.00 7.011e-01 2.933e-01 6.453e-04 9.883e-04 2.086e-03 -1.000 5.592e-03 -7.638 -7.483 -7.486 -7.492
0.0055 -0.44261 7.11001 16.2731399536 2.6296526574   15.847  4.963  3.9785  1.541    6  0.000  0.417     0.00     0.00     0.00     0.00     0.00 -1 -2.62e-07      0.00 7.011e-01 2.933e-01 6.452e-04 9.884e-04 2.086e-03 -1.000 5.592e-03 -7.638 -7.495 -7.497 -7.505
0.0055 -0.44261 7.11001 16.2737560272 2.6296528682   15.848  4.963  3.9760  1.531    6  0.000  0.417     0.00     0.00     0.00     0.00     0.00 -1 -2.59e-07      0.00 7.011e-01 2.933e-01 6.451e-04 9.885e-04 2.086e-03 -1.000 5.592e-03 -7.637 -7.505 -7.506 -7.517
0.0055 -0.44261 7.11001 16.2745285034 2.6296531327   15.848  4.962  3.9729  1.519    6  0.000  0.417     0.00     0.00     0.00     0.00     0.00 -1 -2.58e-07      0.00 7.011e-01 2.933e-01 6.450e-04 9.886e-04 2.086e-03 -1.000 5.592e-03 -7.636 -7.518 -7.518 -7.531
0.0055 -0.44261 7.11001 16.2754917145 2.6296534623   15.849  4.962  3.9689  1.504    6  0.000  0.417     0.00     0.00     0.00     0.00     0.00 -1 -2.54e-07      0.00 7.011e-01 2.933e-01 6.449e-04 9.888e-04 2.086e-03 -1.000 5.592e-03 -7.634 -7.532 -7.530 -7.549
0.0055 -0.44261 7.11001 16.2764492035 2.6296537899   15.849  4.960  3.9653  1.491    6  0.000  0.417     0.00     0.00     0.00     0.00     0.00 -1 -2.51e-07      0.00 7.011e-01 2.933e-01 6.448e-04 9.889e-04 2.086e-03 -1.000 5.592e-03 -7.631 -7.540 -7.535 -7.564
0.0055 -0.44261 7.11001 16.2773971558 2.6296541143   15.850  4.958  3.9619  1.479    6  0.000  0.417     0.00     0.00     0.00     0.00     0.00 -1 -2.46e-07      0.00 7.011e-01 2.933e-01 6.447e-04 9.891e-04 2.086e-03 -1.000 5.592e-03 -7.626 -7.547 -7.538 -7.577
0.0055 -0.44261 7.11001 16.2788772583 2.6296546206   15.850  4.957  3.9579  1.465    6  0.000  0.417     0.00     0.00     0.00     0.00     0.00 -1 -2.42e-07      0.00 7.011e-01 2.934e-01 6.445e-04 9.893e-04 2.086e-03 -1.000 5.592e-03 -7.622 -7.556 -7.543 -7.593
0.0055 -0.44261 7.11001 16.2808380127 2.6296552912   15.851  4.956  3.9532  1.447    6  0.000  0.416     0.00     0.00     0.00     0.00     0.00 -1 -2.38e-07      0.00 7.011e-01 2.934e-01 6.442e-04 9.896e-04 2.086e-03 -1.000 5.592e-03 -7.620 -7.569 -7.553 -7.614
0.0055 -0.44261 7.11001 16.2851810455 2.6296567759   15.854  4.959  3.9437  1.406    6  0.000  0.413     0.00     0.00     0.00     0.00     0.00 -1 -2.38e-07      0.00 7.010e-01 2.934e-01 6.403e-04 9.918e-04 2.086e-03 -1.000 5.592e-03 -7.628 -7.614 -7.593 -7.667
0.0055 -0.44261 7.11001 16.3050403595 2.6296635533   15.861  4.937  3.8334  0.987    6  0.000  0.397     0.00     0.00     0.00     0.00     0.00 -1 -9.84e-07      0.00 7.002e-01 2.942e-01 6.168e-04 1.024e-03 2.080e-03 -1.000 5.607e-03 -7.572 -7.756 -7.622 -8.005
0.0055 -0.44261 7.11001 16.3054237366 2.6296636839   15.861  4.933  3.8249  0.957    7  0.000  0.396    44.08    30.68    21.57    15.32    12.73  3 -9.56e-07      0.00 6.992e-01 2.952e-01 6.140e-04 1.032e-03 2.074e-03 -1.000 5.605e-03 -7.564 -7.745 -7.593 -8.020
0.0055 -0.44261 7.11001 16.3057594299 2.6296637983   15.861  4.930  3.8164  0.926    7  0.000  0.396    47.49    32.42    22.73    16.16    13.43  3 -9.24e-07      0.00 6.984e-01 2.960e-01 6.114e-04 1.040e-03 2.069e-03 -1.000 5.603e-03 -7.555 -7.734 -7.564 -8.037
0.0055 -0.44261 7.11001 16.3060665131 2.6296639030   15.861  4.926  3.8074  0.894    7  0.000  0.395    51.30    34.33    24.01    17.08    14.19  3 -8.84e-07      0.00 6.976e-01 2.968e-01 6.090e-04 1.048e-03 2.064e-03 -1.000 5.602e-03 -7.544 -7.721 -7.531 -8.052
0.0055 -0.44261 7.11001 16.3064022064 2.6296640173   15.861  4.920  3.7960  0.854    7  0.000  0.394    56.59    36.91    25.73    18.33    15.23  3 -8.39e-07      0.00 6.967e-01 2.977e-01 6.063e-04 1.056e-03 2.058e-03 -1.000 5.600e-03 -7.530 -7.702 -7.484 -8.069
0.0055 -0.44261 7.11001 16.3066310883 2.6296640953   15.861  4.916  3.7868  0.822    7  0.000  0.394    61.23    39.13    27.20    19.39    16.12  3 -8.09e-07      0.00 6.961e-01 2.983e-01 6.045e-04 1.061e-03 2.054e-03 -1.000 5.599e-03 -7.519 -7.686 -7.446 -8.081
0.0055 -0.44261 7.11001 16.3068637848 2.6296641746   15.861  4.910  3.7760  0.784    7  0.000  0.393    67.17    41.90    29.04    20.72    17.23  3 -7.68e-07      0.00 6.955e-01 2.989e-01 6.026e-04 1.067e-03 2.050e-03 -1.000 5.598e-03 -7.506 -7.663 -7.395 -8.092
0.0055 -0.44261 7.11001 16.3071098328 2.6296642584   15.861  4.904  3.7629  0.738    7  0.000  0.393    75.19    45.54    31.45    22.47    18.69  3 -7.19e-07      0.00 6.948e-01 2.996e-01 6.007e-04 1.073e-03 2.046e-03 -1.000 5.597e-03 -7.489 -7.630 -7.327 -8.100
0.0055 -0.44261 7.11001 16.3073616028 2.6296643442   15.861  4.895  3.7467  0.682    7  0.000  0.392    86.26    50.41    34.65    24.79    20.62  3  -6.7e-07      0.00 6.941e-01 3.003e-01 5.987e-04 1.079e-03 2.042e-03 -1.000 5.596e-03 -7.469 -7.587 -7.241 -8.103
0.0055 -0.44261 7.11001 16.3074932098 2.6296643890   15.861  4.890  3.7373  0.649    7  0.000  0.392    93.37    53.45    36.64    26.24    21.83  3 -6.45e-07      0.00 6.938e-01 3.006e-01 5.977e-04 1.082e-03 2.040e-03 -1.000 5.595e-03 -7.456 -7.560 -7.189 -8.101
0.0055 -0.44261 7.11001 16.3076286316 2.6296644352   15.861  4.884  3.7268  0.614    7  0.000  0.391   101.96    57.04    38.99    27.95    23.26  3 -6.18e-07      0.00 6.934e-01 3.010e-01 5.966e-04 1.086e-03 2.038e-03 -1.000 5.595e-03 -7.440 -7.524 -7.125 -8.093
0.0055 -0.44261 7.11001 16.3077678680 2.6296644826   15.862  4.876  3.7151  0.575    7  0.000  0.391   112.16    61.21    41.71    29.93    24.91  3 -5.83e-07      0.00 6.931e-01 3.013e-01 5.955e-04 1.089e-03 2.035e-03 -1.000 5.594e-03 -7.420 -7.479 -7.048 -8.078
0.0055 -0.44261 7.11001 16.3079090118 2.6296645307   15.861  4.866  3.7024  0.534    7  0.000  0.391   123.99    65.92    44.77    32.16    26.77  3 -5.39e-07      0.00 6.927e-01 3.017e-01 5.944e-04 1.092e-03 2.033e-03 -1.000 5.593e-03 -7.396 -7.423 -6.958 -8.054
0.0055 -0.44261 7.11001 16.3080539703 2.6296645801   15.862  4.854  3.6897  0.495    7  0.000  0.390   136.12    70.63    47.82    34.39    28.63  4 -4.97e-07      0.00 6.923e-01 3.021e-01 5.932e-04 1.096e-03 2.031e-03 -1.000 5.593e-03 -7.364 -7.356 -6.856 -8.017
0.0055 -0.44261 7.11001 16.3082027435 2.6296646307   15.862  4.838  3.6772  0.461    7  0.000  0.390   148.06    75.16    50.74    36.52    30.41  4 -4.55e-07      0.00 6.919e-01 3.025e-01 5.921e-04 1.099e-03 2.028e-03 -1.000 5.592e-03 -7.326 -7.280 -6.737 -7.976
0.0055 -0.44261 7.11001 16.3083572388 2.6296646834   15.862  4.822  3.6645  0.426    7  0.000  0.390   161.39    80.11    53.93    38.85    32.36  4 -4.08e-07      0.00 6.915e-01 3.029e-01 5.908e-04 1.103e-03 2.026e-03 -1.000 5.591e-03 -7.286 -7.195 -6.603 -7.927
0.0055 -0.44261 7.11001 16.3085174561 2.6296647379   15.862  4.806  3.6504  0.386    7  0.000  0.390   177.83    86.07    57.75    41.65    34.69  4 -3.64e-07      0.00 6.913e-01 3.031e-01 5.902e-04 1.105e-03 2.024e-03 -1.000 5.591e-03 -7.244 -7.090 -6.448 -7.857
0.0055 -0.44261 7.11001 16.3086814880 2.6296647938   15.862  4.789  3.6353  0.342    7  0.000  0.389   197.97    93.17    62.30    44.98    37.47  4 -3.23e-07      0.00 6.911e-01 3.033e-01 5.896e-04 1.107e-03 2.023e-03 -1.000 5.591e-03 -7.204 -6.970 -6.277 -7.774
0.0055 -0.44261 7.11001 16.3088531494 2.6296648523   15.862  4.776  3.6226  0.305    7  0.000  0.389   217.01    99.72    66.47    48.04    40.03  4  -2.9e-07      0.00 6.909e-01 3.035e-01 5.890e-04 1.109e-03 2.022e-03 -1.000 5.591e-03 -7.171 -6.863 -6.122 -7.698
0.0055 -0.44261 7.11001 16.3090114594 2.6296649062   15.862  4.772  3.6153  0.280    7  0.000  0.389   230.69   104.33    69.40    50.20    41.83  4 -2.63e-07      0.00 6.907e-01 3.037e-01 5.884e-04 1.111e-03 2.020e-03 -1.000 5.591e-03 -7.160 -6.806 -6.035 -7.660
0.0055 -0.44261 7.11001 16.3091716766 2.6296649608   15.862  4.773  3.6102  0.258    7  0.000  0.389   243.09   108.45    72.01    52.12    43.43  4 -2.57e-07      0.00 6.905e-01 3.039e-01 5.877e-04 1.113e-03 2.019e-03 -1.000 5.591e-03 -7.163 -6.777 -5.985 -7.645
0.0055 -0.44261 7.11001 16.3093509674 2.6296650218   15.862  4.785  3.6043  0.223    7  0.000  0.388   265.05   115.61    76.55    55.45    46.22  4 -2.51e-07      0.00 6.902e-01 3.042e-01 5.868e-04 1.115e-03 2.018e-03 -1.000 5.591e-03 -7.192 -6.765 -5.944 -7.650
0.0055 -0.44261 7.11001 16.3095283508 2.6296650823   15.862  4.859  3.5953  0.113    7  0.000  0.388   317.55   141.09    92.59    67.26    56.09  4 -2.61e-07      0.00 6.900e-01 3.044e-01 5.858e-04 1.117e-03 2.016e-03 -1.000 5.591e-03 -7.377 -6.882 -6.010 -7.796
0.0055 -0.44261 7.11001 16.3096332550 2.6296651180   15.862  4.908  3.5904  0.044    7  0.000  0.384   352.72   159.58   104.14    75.80    63.23  0 -3.64e-07      0.00 6.899e-01 3.045e-01 5.790e-04 1.123e-03 2.015e-03 -1.000 5.591e-03 -7.499 -6.965 -6.063 -7.896
0.0055 -0.44261 7.11001 16.3097095490 2.6296651440   15.862  4.933  3.5879  0.009    7  0.000  0.381   372.82   170.29   110.81    80.73    67.35  0  -4.6e-07      0.00 6.898e-01 3.046e-01 5.742e-04 1.128e-03 2.015e-03 -1.000 5.591e-03 -7.564 -7.008 -6.089 -7.949
0.0055 -0.44261 7.11001 16.3098697662 2.6296651985   15.862  4.962  3.5850 -0.032    7  0.000  0.378   396.83   183.22   118.83    86.66    72.32  0  -5.7e-07      0.00 6.896e-01 3.048e-01 5.699e-04 1.134e-03 2.014e-03 -1.000 5.591e-03 -7.636 -7.055 -6.116 -8.006
0.0055 -0.44261 7.11001 16.3104667664 2.6296654018   15.863  4.989  3.5822 -0.070    7  0.000  0.376   420.97   196.36   126.95    92.68    77.35  0 -6.85e-07      0.00 6.892e-01 3.052e-01 5.646e-04 1.142e-03 2.011e-03 -1.000 5.591e-03 -7.704 -7.097 -6.137 -8.059
0.0055 -0.44261 7.11001 16.3137397766 2.6296665161   15.863  5.031  3.5778 -0.130    7  0.000  0.368   461.32   218.60   140.65   102.85    85.86  0 -8.39e-07      0.00 6.885e-01 3.059e-01 5.512e-04 1.164e-03 2.005e-03 -1.000 5.593e-03 -7.808 -7.158 -6.159 -8.138
0.0055 -0.44261 7.11001 16.3155689240 2.6296671387   15.863  5.060  3.5748 -0.171    7  0.000  0.366   491.45   235.43   150.98   110.52    92.28  0 -9.65e-07      0.00 6.880e-01 3.064e-01 5.447e-04 1.178e-03 1.997e-03 -1.000 5.590e-03 -7.881 -7.201 -6.175 -8.194
0.0055 -0.44261 7.11001 16.3179264069 2.6296679407   15.863  5.092  3.5717 -0.214    7  0.000  0.365   525.83   254.86   162.85   119.35    99.67  0 -1.13e-06      0.00 6.874e-01 3.070e-01 5.415e-04 1.190e-03 1.989e-03 -1.000 5.626e-03 -7.959 -7.247 -6.191 -8.253
0.0055 -0.44261 7.11001 16.3209190369 2.6296689585   15.861  5.131  3.5679 -0.269    7  0.000  0.365   571.64   281.08   178.82   131.24   109.63  0 -1.36e-06      0.00 6.866e-01 3.078e-01 5.385e-04 1.202e-03 1.979e-03 -1.000 5.587e-03 -8.056 -7.299 -6.202 -8.325
0.0055 -0.44261 7.11001 16.3241882324 2.6296700699   15.860  5.161  3.5648 -0.312    7  0.000  0.365   610.78   303.78   192.58   141.51   118.23  0 -1.59e-06      0.00 6.851e-01 3.093e-01 5.356e-04 1.215e-03 1.968e-03 -1.000 5.571e-03 -8.133 -7.339 -6.204 -8.380
