Zini MH logAge Mini int_IMF Mass logL logTe logg label McoreTP C_O period0 period1 period2 period3 period4 pmode Mloss tau1m X Y Xc Xn Xo Cexcess Z mbolmag Gmag G_BPmag G_RPmag
0.0055 -0.44261 7.01001 0.0900000036 1.0816895926    0.090 -1.989  3.4405  4.095    0  0.000  0.545     0.00     0.00     0.00     0.00     0.00 -1  -3.9e-15      0.00 7.360e-01 2.585e-01 1.002e-03 2.703e-04 2.451e-03 -1.000 5.571e-03 9.741 11.242 13.467 9.878
0.0055 -0.44261 7.01001 0.1000000015 1.1711064122    0.100 -1.924  3.4484  4.108    0  0.000  0.545     0.00     0.00     0.00     0.00     0.00 -1 -4.23e-15      0.00 7.360e-01 2.585e-01 1.002e-03 2.703e-04 2.451e-03 -1.000 5.571e-03 9.581 11.000 13.112 9.659
0.0055 -0.44261 7.01001 0.1199999973 1.3193154249    0.120 -1.813  3.4608  4.126    0  0.000  0.545     0.00     0.00     0.00     0.00     0.00 -1 -4.89e-15      0.00 7.360e-01 2.585e-01 1.002e-03 2.703e-04 2.451e-03 -1.000 5.571e-03 9.303 10.595 12.524 9.292
0.0055 -0.44261 7.01001 0.1299718320 1.3816975363    0.130 -1.764  3.4660  4.132    0  0.000  0.545     0.00     0.00     0.00     0.00     0.00 -1 -5.21e-15      0.00 7.360e-01 2.585e-01 1.002e-03 2.703e-04 2.451e-03 -1.000 5.571e-03 9.181 10.424 12.287 9.137
0.0055 -0.44261 7.01001 0.1427645534 1.4531755207    0.143 -1.707  3.4722  4.140    0  0.000  0.545     0.00     0.00     0.00     0.00     0.00 -1 -5.62e-15      0.00 7.360e-01 2.585e-01 1.002e-03 2.703e-04 2.451e-03 -1.000 5.571e-03 9.038 10.225 12.010 8.956
0.0055 -0.44261 7.01001 0.1558323354 1.5180695322    0.156 -1.653  3.4777  4.146    0  0.000  0.545     0.00     0.00     0.00     0.00     0.00 -1 -6.02e-15      0.00 7.360e-01 2.585e-01 1.002e-03 2.703e-04 2.451e-03 -1.000 5.571e-03 8.903 10.040 11.758 8.788
0.0055 -0.44261 7.01001 0.1613810062 1.5435200745    0.161 -1.632  3.4799  4.150    0  0.000  0.545     0.00     0.00     0.00     0.00     0.00 -1 -6.16e-15      0.00 7.360e-01 2.585e-01 1.002e-03 2.703e-04 2.451e-03 -1.000 5.571e-03 8.851 9.968 11.659 8.722
0.0055 -0.44261 7.01001 0.1724699587 1.5911313385    0.172 -1.590  3.4841  4.153    0  0.000  0.545     0.00     0.00     0.00     0.00     0.00 -1 -6.61e-15      0.00 7.360e-01 2.585e-01 1.002e-03 2.703e-04 2.451e-03 -1.000 5.571e-03 8.744 9.826 11.469 8.594
0.0055 -0.44261 7.01001 0.1874118447 1.6493375941    0.187 -1.538  3.4894  4.159    0  0.000  0.545     0.00     0.00     0.00     0.00     0.00 -1 -7.08e-15      0.00 7.360e-01 2.585e-01 1.002e-03 2.703e-04 2.451e-03 -1.000 5.571e-03 8.616 9.652 11.233 8.436
0.0055 -0.44261 7.01001 0.2038189769 1.7066764945    0.204 -1.487  3.4948  4.165    0  0.000  0.545     0.00     0.00     0.00     0.00     0.00 -1 -7.59e-15      0.00 7.360e-01 2.585e-01 1.002e-03 2.703e-04 2.451e-03 -1.000 5.571e-03 8.487 9.481 11.008 8.282
0.0055 -0.44261 7.01001 0.2221554220 1.7640506997    0.222 -1.433  3.5000  4.169    0  0.000  0.545     0.00     0.00     0.00     0.00     0.00 -1  -8.2e-15      0.00 7.360e-01 2.585e-01 1.002e-03 2.703e-04 2.451e-03 -1.000 5.571e-03 8.352 9.305 10.780 8.122
0.0055 -0.44261 7.01001 0.2421816885 1.8200674894    0.242 -1.380  3.5053  4.175    0  0.000  0.545     0.00     0.00     0.00     0.00     0.00 -1 -8.82e-15      0.00 7.360e-01 2.585e-01 1.002e-03 2.703e-04 2.451e-03 -1.000 5.571e-03 8.219 9.133 10.559 7.966
0.0055 -0.44261 7.01001 0.2585896850 1.8616542790    0.259 -1.339  3.5096  4.180    0  0.000  0.545     0.00     0.00     0.00     0.00     0.00 -1 -9.31e-15      0.00 7.360e-01 2.585e-01 1.002e-03 2.703e-04 2.451e-03 -1.000 5.571e-03 8.118 9.000 10.387 7.846
0.0055 -0.44261 7.01001 0.2858861983 1.9237523688    0.286 -1.275  3.5164  4.187    0  0.000  0.545     0.00     0.00     0.00     0.00     0.00 -1 -1.02e-14      0.00 7.360e-01 2.585e-01 1.002e-03 2.703e-04 2.451e-03 -1.000 5.571e-03 7.958 8.792 10.119 7.660
0.0055 -0.44261 7.01001 0.3000000119 1.9529139769    0.300 -1.245  3.5197  4.191    0  0.000  0.545     0.00     0.00     0.00     0.00     0.00 -1 -1.06e-14      0.00 7.360e-01 2.585e-01 1.002e-03 2.703e-04 2.451e-03 -1.000 5.571e-03 7.882 8.693 9.992 7.571
0.0055 -0.44261 7.01001 0.3328692913 2.0144125700    0.333 -1.182  3.5262  4.199    0  0.000  0.545     0.00     0.00     0.00     0.00     0.00 -1 -1.15e-14      0.00 7.360e-01 2.585e-01 1.002e-03 2.703e-04 2.451e-03 -1.000 5.571e-03 7.726 8.494 9.742 7.392
0.0055 -0.44261 7.01001 0.3499999642 2.0434174156    0.350 -1.151  3.5295  4.203    0  0.000  0.545     0.00     0.00     0.00     0.00     0.00 -1  -1.2e-14      0.00 7.360e-01 2.585e-01 1.002e-03 2.703e-04 2.451e-03 -1.000 5.571e-03 7.647 8.395 9.618 7.302
0.0055 -0.44261 7.01001 0.3878223598 2.1013842835    0.388 -1.089  3.5362  4.212    0  0.000  0.545     0.00     0.00     0.00     0.00     0.00 -1  -1.3e-14      0.00 7.360e-01 2.585e-01 1.002e-03 2.703e-04 2.451e-03 -1.000 5.571e-03 7.492 8.198 9.373 7.125
0.0055 -0.44261 7.01001 0.3999999762 2.1185023988    0.400 -1.070  3.5382  4.214    0  0.000  0.545     0.00     0.00     0.00     0.00     0.00 -1 -1.34e-14      0.00 7.360e-01 2.585e-01 1.002e-03 2.703e-04 2.451e-03 -1.000 5.571e-03 7.444 8.137 9.298 7.070
0.0055 -0.44261 7.01001 0.4499999881 2.1822809009    0.450 -0.997  3.5466  4.226    0  0.000  0.545     0.00     0.00     0.00     0.00     0.00 -1 -1.47e-14      0.00 7.360e-01 2.585e-01 1.002e-03 2.703e-04 2.451e-03 -1.000 5.571e-03 7.262 7.905 9.010 6.863
0.0055 -0.44261 7.01001 0.4870077074 2.2238301118    0.487 -0.949  3.5528  4.238    0  0.000  0.545     0.00     0.00     0.00     0.00     0.00 -1 -1.56e-14      0.00 7.360e-01 2.585e-01 1.002e-03 2.703e-04 2.451e-03 -1.000 5.571e-03 7.143 7.750 8.815 6.726
0.0055 -0.44261 7.01001 0.4999999702 2.2374541023    0.500 -0.932  3.5549  4.241    0  0.000  0.545     0.00     0.00     0.00     0.00     0.00 -1 -1.59e-14      0.00 7.360e-01 2.585e-01 1.002e-03 2.703e-04 2.451e-03 -1.000 5.571e-03 7.101 7.695 8.747 6.678
0.0055 -0.44261 7.01001 0.5045202971 2.2420659666    0.505 -0.927  3.5558  4.243    0  0.000  0.545     0.00     0.00     0.00     0.00     0.00 -1  -1.6e-14      0.00 7.360e-01 2.585e-01 1.002e-03 2.703e-04 2.451e-03 -1.000 5.571e-03 7.088 7.677 8.724 6.662
0.0055 -0.44261 7.01001 0.5289577246 2.2654364980    0.529 -0.896  3.5602  4.250    0  0.000  0.545     0.00     0.00     0.00     0.00     0.00 -1 -1.67e-14      0.00 7.360e-01 2.585e-01 1.002e-03 2.703e-04 2.451e-03 -1.000 5.571e-03 7.010 7.574 8.593 6.572
0.0055 -0.44261 7.01001 0.5500000119 2.2836582633    0.550 -0.870  3.5636  4.254    0  0.000  0.545     0.00     0.00     0.00     0.00     0.00 -1 -1.73e-14      0.00 7.360e-01 2.585e-01 1.002e-03 2.703e-04 2.451e-03 -1.000 5.571e-03 6.944 7.489 8.488 6.497
0.0055 -0.44261 7.01001 0.5578244925 2.2900320628    0.557 -0.860  3.5652  4.257    0  0.000  0.545     0.00     0.00     0.00     0.00     0.00 -1 -1.75e-14      0.00 7.360e-01 2.585e-01 1.002e-03 2.703e-04 2.451e-03 -1.000 5.571e-03 6.921 7.457 8.447 6.470
0.0055 -0.44261 7.01001 0.5928500891 2.3162080289    0.593 -0.815  3.5719  4.266    0  0.000  0.545     0.00     0.00     0.00     0.00     0.00 -1 -1.86e-14      0.00 7.360e-01 2.585e-01 1.002e-03 2.703e-04 2.451e-03 -1.000 5.571e-03 6.809 7.309 8.263 6.341
0.0055 -0.44261 7.01001 0.5999999642 2.3211212854    0.600 -0.805  3.5732  4.266    0  0.000  0.545     0.00     0.00     0.00     0.00     0.00 -1 -1.89e-14      0.00 7.360e-01 2.585e-01 1.002e-03 2.703e-04 2.451e-03 -1.000 5.571e-03 6.784 7.277 8.225 6.313
0.0055 -0.44261 7.01001 0.6247447133 2.3371316520    0.625 -0.774  3.5787  4.274    0  0.000  0.545     0.00     0.00     0.00     0.00     0.00 -1 -1.97e-14      0.00 7.360e-01 2.585e-01 1.002e-03 2.703e-04 2.451e-03 -1.000 5.571e-03 6.705 7.172 8.094 6.223
0.0055 -0.44261 7.01001 0.6499999762 2.3520353107    0.650 -0.742  3.5836  4.280    0  0.000  0.545     0.00     0.00     0.00     0.00     0.00 -1 -2.07e-14      0.00 7.360e-01 2.585e-01 1.002e-03 2.703e-04 2.451e-03 -1.000 5.571e-03 6.626 7.070 7.967 6.134
0.0055 -0.44261 7.01001 0.6956113577 2.3758249776    0.696 -0.676  3.5951  4.289    0  0.000  0.545     0.00     0.00     0.00     0.00     0.00 -1  -2.3e-14      0.00 7.360e-01 2.585e-01 1.002e-03 2.703e-04 2.451e-03 -1.000 5.571e-03 6.460 6.854 7.699 5.948
0.0055 -0.44261 7.01001 0.6999999881 2.3779266974    0.700 -0.669  3.5963  4.289    0  0.000  0.545     0.00     0.00     0.00     0.00     0.00 -1 -2.34e-14      0.00 7.360e-01 2.585e-01 1.002e-03 2.703e-04 2.451e-03 -1.000 5.571e-03 6.441 6.830 7.670 5.927
0.0055 -0.44261 7.01001 0.7495123148 2.3996909141    0.750 -0.525  3.6425  4.359    0  0.000  0.538     0.00     0.00     0.00     0.00     0.00 -1 -2.91e-14      0.00 7.360e-01 2.585e-01 9.889e-04 2.699e-04 2.451e-03 -1.000 5.571e-03 6.081 6.275 6.921 5.498
0.0055 -0.44261 7.01001 0.7858973145 2.4136904581    0.786 -0.480  3.6479  4.357    0  0.000  0.538     0.00     0.00     0.00     0.00     0.00 -1 -3.15e-14      0.00 7.360e-01 2.585e-01 9.888e-04 2.699e-04 2.451e-03 -1.000 5.571e-03 5.970 6.140 6.762 5.379
0.0055 -0.44261 7.01001 0.7990245819 2.4183828323    0.799 -0.459  3.6502  4.353    0  0.000  0.538     0.00     0.00     0.00     0.00     0.00 -1 -3.29e-14      0.00 7.360e-01 2.585e-01 9.888e-04 2.699e-04 2.451e-03 -1.000 5.571e-03 5.919 6.078 6.690 5.325
0.0055 -0.44261 7.01001 0.8485368490 2.4345886963    0.848 -0.385  3.6608  4.347    0  0.000  0.538     0.00     0.00     0.00     0.00     0.00 -1  -3.8e-14      0.00 7.360e-01 2.585e-01 9.888e-04 2.699e-04 2.451e-03 -1.000 5.571e-03 5.733 5.849 6.420 5.126
0.0055 -0.44261 7.01001 0.8821004033 2.4443926087    0.881 -0.331  3.6696  4.345    0  0.000  0.538     0.00     0.00     0.00     0.00     0.00 -1 -4.23e-14      0.00 7.360e-01 2.585e-01 9.888e-04 2.699e-04 2.451e-03 -1.000 5.571e-03 5.597 5.681 6.223 4.982
0.0055 -0.44261 7.01001 0.8980491161 2.4487569484    0.897 -0.300  3.6746  4.341    0  0.000  0.538     0.00     0.00     0.00     0.00     0.00 -1 -4.52e-14      0.00 7.360e-01 2.584e-01 9.888e-04 2.699e-04 2.451e-03 -1.000 5.571e-03 5.520 5.587 6.112 4.900
0.0055 -0.44261 7.01001 0.9193273783 2.4543094270    0.919 -0.260  3.6813  4.338    0  0.000  0.538     0.00     0.00     0.00     0.00     0.00 -1  -4.9e-14      0.00 7.360e-01 2.584e-01 9.888e-04 2.699e-04 2.451e-03 -1.000 5.571e-03 5.420 5.465 5.970 4.796
0.0055 -0.44261 7.01001 0.9475613832 2.4612360964    0.947 -0.206  3.6905  4.334    0  0.000  0.538     0.00     0.00     0.00     0.00     0.00 -1 -5.48e-14      0.00 7.360e-01 2.584e-01 9.888e-04 2.699e-04 2.451e-03 -1.000 5.571e-03 5.284 5.301 5.780 4.654
0.0055 -0.44261 7.01001 0.9604090452 2.4642334153    0.960 -0.181  3.6946  4.332    0  0.000  0.538     0.00     0.00     0.00     0.00     0.00 -1 -5.76e-14      0.00 7.360e-01 2.584e-01 9.888e-04 2.699e-04 2.451e-03 -1.000 5.571e-03 5.224 5.231 5.699 4.594
0.0055 -0.44261 7.01001 0.9970737100 2.4723008218    0.997 -0.106  3.7071  4.323    0  0.000  0.538     0.00     0.00     0.00     0.00     0.00 -1 -6.78e-14      0.00 7.361e-01 2.584e-01 9.888e-04 2.699e-04 2.451e-03 -1.000 5.571e-03 5.036 5.014 5.449 4.406
0.0055 -0.44261 7.01001 1.0049411058 2.4739439197    1.005 -0.090  3.7098  4.321    0  0.000  0.538     0.00     0.00     0.00     0.00     0.00 -1 -6.95e-14      0.00 7.361e-01 2.584e-01 9.888e-04 2.699e-04 2.451e-03 -1.000 5.571e-03 4.995 4.967 5.396 4.365
0.0055 -0.44261 7.01001 1.0452445745 2.4819170552    1.045 -0.000  3.7242  4.306    0  0.000  0.538     0.00     0.00     0.00     0.00     0.00 -1 -8.06e-14      0.00 7.361e-01 2.584e-01 9.888e-04 2.699e-04 2.451e-03 -1.000 5.571e-03 4.771 4.717 5.113 4.147
0.0055 -0.44261 7.01001 1.0465859175 2.4821702926    1.046  0.003  3.7247  4.305    0  0.000  0.538     0.00     0.00     0.00     0.00     0.00 -1  -8.1e-14      0.00 7.361e-01 2.584e-01 9.888e-04 2.699e-04 2.451e-03 -1.000 5.571e-03 4.763 4.709 5.104 4.140
0.0055 -0.44261 7.01001 1.0631091595 2.4852295949    1.062  0.040  3.7305  4.298    0  0.000  0.538     0.00     0.00     0.00     0.00     0.00 -1  -8.6e-14      0.00 7.361e-01 2.584e-01 9.888e-04 2.699e-04 2.451e-03 -1.000 5.571e-03 4.669 4.606 4.989 4.050
0.0055 -0.44261 7.01001 1.0960983038 2.4910214938    1.095  0.120  3.7424  4.279    0  0.000  0.538     0.00     0.00     0.00     0.00     0.00 -1 -9.87e-14      0.00 7.361e-01 2.584e-01 9.888e-04 2.699e-04 2.451e-03 -1.000 5.571e-03 4.469 4.392 4.749 3.861
0.0055 -0.44261 7.01001 1.1130536795 2.4938452008    1.112  0.164  3.7485  4.267    0  0.000  0.538     0.00     0.00     0.00     0.00     0.00 -1 -1.06e-13      0.00 7.361e-01 2.584e-01 9.888e-04 2.699e-04 2.451e-03 -1.000 5.571e-03 4.361 4.279 4.623 3.761
0.0055 -0.44261 7.01001 1.1382170916 2.4978580524    1.137  0.232  3.7577  4.245    0  0.000  0.538     0.00     0.00     0.00     0.00     0.00 -1 -1.21e-13      0.00 7.361e-01 2.584e-01 9.888e-04 2.699e-04 2.451e-03 -1.000 5.571e-03 4.190 4.101 4.427 3.603
0.0055 -0.44261 7.01001 1.1456104517 2.4989986192    1.145  0.253  3.7604  4.238    0  0.000  0.538     0.00     0.00     0.00     0.00     0.00 -1 -1.26e-13      0.00 7.361e-01 2.584e-01 9.888e-04 2.699e-04 2.451e-03 -1.000 5.571e-03 4.138 4.048 4.367 3.556
0.0055 -0.44261 7.01001 1.1504452229 2.4997353648    1.150  0.266  3.7621  4.233    0  0.000  0.538     0.00     0.00     0.00     0.00     0.00 -1 -1.29e-13      0.00 7.361e-01 2.584e-01 9.888e-04 2.699e-04 2.451e-03 -1.000 5.571e-03 4.104 4.013 4.329 3.525
0.0055 -0.44261 7.01001 1.1751090288 2.5033855064    1.174  0.340  3.7711  4.204    0  0.000  0.538     0.00     0.00     0.00     0.00     0.00 -1 -1.49e-13      0.00 7.361e-01 2.584e-01 9.888e-04 2.699e-04 2.451e-03 -1.000 5.571e-03 3.919 3.824 4.122 3.356
0.0055 -0.44261 7.01001 1.1951228380 2.5062204782    1.195  0.404  3.7786  4.177    0  0.000  0.538     0.00     0.00     0.00     0.00     0.00 -1  -1.7e-13      0.00 7.361e-01 2.584e-01 9.888e-04 2.699e-04 2.451e-03 -1.000 5.571e-03 3.759 3.663 3.946 3.212
0.0055 -0.44261 7.01001 1.2035098076 2.5073763080    1.203  0.432  3.7817  4.165    0  0.000  0.538     0.00     0.00     0.00     0.00     0.00 -1  -1.8e-13      0.00 7.361e-01 2.584e-01 9.888e-04 2.699e-04 2.451e-03 -1.000 5.571e-03 3.691 3.594 3.871 3.150
0.0055 -0.44261 7.01001 1.2238179445 2.5100997109    1.223  0.498  3.7895  4.138    0  0.000  0.538     0.00     0.00     0.00     0.00     0.00 -1 -2.06e-13      0.00 7.361e-01 2.584e-01 9.888e-04 2.699e-04 2.451e-03 -1.000 5.571e-03 3.525 3.428 3.690 3.002
0.0055 -0.44261 7.01001 1.2446351051 2.5127855629    1.244  0.564  3.7979  4.113    0  0.000  0.538     0.00     0.00     0.00     0.00     0.00 -1 -2.34e-13      0.00 7.361e-01 2.584e-01 9.888e-04 2.699e-04 2.451e-03 -1.000 5.571e-03 3.360 3.263 3.509 2.857
0.0055 -0.44261 7.01001 1.2505111694 2.5135251128    1.250  0.582  3.8003  4.106    0  0.000  0.538     0.00     0.00     0.00     0.00     0.00 -1 -2.42e-13      0.00 7.361e-01 2.584e-01 9.888e-04 2.699e-04 2.451e-03 -1.000 5.571e-03 3.314 3.217 3.459 2.816
0.0055 -0.44261 7.01001 1.2703560591 2.5159647010    1.270  0.640  3.8090  4.089    0  0.000  0.538     0.00     0.00     0.00     0.00     0.00 -1 -2.68e-13      0.00 7.361e-01 2.584e-01 9.888e-04 2.699e-04 2.451e-03 -1.000 5.571e-03 3.169 3.073 3.299 2.693
0.0055 -0.44261 7.01001 1.2931026220 2.5186553511    1.293  0.700  3.8201  4.082    0  0.000  0.538     0.00     0.00     0.00     0.00     0.00 -1 -2.92e-13      0.00 7.361e-01 2.584e-01 9.888e-04 2.699e-04 2.451e-03 -1.000 5.571e-03 3.021 2.927 3.134 2.571
0.0055 -0.44261 7.01001 1.2941472530 2.5187763088    1.294  0.702  3.8206  4.082    0  0.000  0.538     0.00     0.00     0.00     0.00     0.00 -1 -2.93e-13      0.00 7.361e-01 2.584e-01 9.888e-04 2.699e-04 2.451e-03 -1.000 5.571e-03 3.014 2.921 3.127 2.566
0.0055 -0.44261 7.01001 1.3065466881 2.5201950652    1.306  0.731  3.8275  4.085    0  0.000  0.538     0.00     0.00     0.00     0.00     0.00 -1 -3.01e-13      0.00 7.361e-01 2.584e-01 9.888e-04 2.699e-04 2.451e-03 -1.000 5.571e-03 2.942 2.849 3.044 2.511
0.0055 -0.44261 7.01001 1.3305486441 2.5228551866    1.331  0.778  3.8425  4.106    0  0.000  0.538     0.00     0.00     0.00     0.00     0.00 -1 -3.05e-13      0.00 7.361e-01 2.584e-01 9.888e-04 2.699e-04 2.451e-03 -1.000 5.571e-03 2.825 2.736 2.908 2.432
0.0055 -0.44261 7.01001 1.3364883661 2.5234965450    1.336  0.788  3.8466  4.115    0  0.000  0.538     0.00     0.00     0.00     0.00     0.00 -1 -3.04e-13      0.00 7.361e-01 2.584e-01 9.888e-04 2.699e-04 2.451e-03 -1.000 5.571e-03 2.800 2.713 2.878 2.418
0.0055 -0.44261 7.01001 1.3436598778 2.5242622264    1.344  0.796  3.8515  4.128    0  0.000  0.538     0.00     0.00     0.00     0.00     0.00 -1 -2.99e-13      0.00 7.361e-01 2.584e-01 9.888e-04 2.699e-04 2.451e-03 -1.000 5.571e-03 2.779 2.693 2.851 2.409
0.0055 -0.44261 7.01001 1.3539799452 2.5253477173    1.354  0.808  3.8591  4.150    0  0.000  0.538     0.00     0.00     0.00     0.00     0.00 -1 -2.89e-13      0.00 7.361e-01 2.584e-01 9.888e-04 2.699e-04 2.451e-03 -1.000 5.571e-03 2.750 2.668 2.814 2.401
0.0055 -0.44261 7.01001 1.3830991983 2.5283103664    1.383  0.819  3.8761  4.217    0  0.000  0.538     0.00     0.00     0.00     0.00     0.00 -1  -2.5e-13      0.00 7.361e-01 2.584e-01 9.888e-04 2.699e-04 2.451e-03 -1.000 5.571e-03 2.723 2.650 2.773 2.424
0.0055 -0.44261 7.01001 1.3931720257 2.5293020999    1.393  0.818  3.8807  4.239    0  0.000  0.538     0.00     0.00     0.00     0.00     0.00 -1 -2.35e-13      0.00 7.361e-01 2.584e-01 9.888e-04 2.699e-04 2.451e-03 -1.000 5.571e-03 2.725 2.656 2.773 2.440
0.0055 -0.44261 7.01001 1.3988208771 2.5298510821    1.399  0.817  3.8834  4.252    0  0.000  0.538     0.00     0.00     0.00     0.00     0.00 -1 -2.27e-13      0.00 7.361e-01 2.584e-01 9.888e-04 2.699e-04 2.451e-03 -1.000 5.571e-03 2.726 2.659 2.772 2.449
0.0055 -0.44261 7.01001 1.4253464937 2.5323621860    1.425  0.808  3.8905  4.297    0  0.000  0.538     0.00     0.00     0.00     0.00     0.00 -1  -1.9e-13      0.00 7.361e-01 2.584e-01 9.887e-04 2.699e-04 2.451e-03 -1.000 5.571e-03 2.749 2.688 2.792 2.494
0.0055 -0.44261 7.01001 1.4426841736 2.5339462294    1.443  0.805  3.8937  4.318    0  0.000  0.538     0.00     0.00     0.00     0.00     0.00 -1 -1.72e-13      0.00 7.361e-01 2.584e-01 9.887e-04 2.699e-04 2.451e-03 -1.000 5.571e-03 2.756 2.699 2.799 2.512
0.0055 -0.44261 7.01001 1.4567569494 2.5352001457    1.457  0.805  3.8967  4.335    0  0.000  0.538     0.00     0.00     0.00     0.00     0.00 -1 -1.57e-13      0.00 7.361e-01 2.584e-01 9.886e-04 2.699e-04 2.451e-03 -1.000 5.571e-03 2.758 2.704 2.800 2.524
0.0055 -0.44261 7.01001 1.4921965599 2.5382377471    1.492  0.833  3.9066  4.357    0  0.000  0.538     0.00     0.00     0.00     0.00     0.00 -1 -1.39e-13      0.00 7.361e-01 2.584e-01 9.882e-04 2.699e-04 2.451e-03 -1.000 5.571e-03 2.687 2.643 2.726 2.487
0.0055 -0.44261 7.01001 1.5069737434 2.5394558981    1.507  0.843  3.9107  4.367    0  0.000  0.537     0.00     0.00     0.00     0.00     0.00 -1 -1.28e-13      0.00 7.361e-01 2.584e-01 9.879e-04 2.699e-04 2.451e-03 -1.000 5.571e-03 2.662 2.623 2.700 2.477
0.0055 -0.44261 7.01001 1.5417087078 2.5422138004    1.542  0.900  3.9259  4.382    0  0.000  0.537     0.00     0.00     0.00     0.00     0.00 -1 -1.17e-13      0.00 7.361e-01 2.584e-01 9.879e-04 2.699e-04 2.451e-03 -1.000 5.571e-03 2.520 2.505 2.562 2.396
0.0055 -0.44261 7.01001 1.5786575079 2.5449948151    1.578  0.959  3.9427  4.400    0  0.000  0.537     0.00     0.00     0.00     0.00     0.00 -1 -9.69e-14      0.00 7.361e-01 2.583e-01 9.879e-04 2.698e-04 2.451e-03 -1.000 5.571e-03 2.373 2.397 2.435 2.325
0.0055 -0.44261 7.01001 1.5912210941 2.5459066641    1.591  0.975  3.9471  4.405    0  0.000  0.537     0.00     0.00     0.00     0.00     0.00 -1 -9.06e-14      0.00 7.361e-01 2.583e-01 9.879e-04 2.698e-04 2.451e-03 -1.000 5.571e-03 2.333 2.369 2.402 2.305
0.0055 -0.44261 7.01001 1.6407332420 2.5493443758    1.640  1.026  3.9611  4.423    0  0.000  0.537     0.00     0.00     0.00     0.00     0.00 -1 -5.22e-14      0.00 7.361e-01 2.583e-01 9.879e-04 2.699e-04 2.451e-03 -1.000 5.571e-03 2.204 2.286 2.306 2.246
0.0055 -0.44261 7.01001 1.6902457476 2.5525515288    1.689  1.071  3.9754  4.449    0  0.000  0.537     0.00     0.00     0.00     0.00     0.00 -1 -1.79e-27      0.00 7.361e-01 2.583e-01 9.879e-04 2.698e-04 2.451e-03 -1.000 5.570e-03 2.093 2.229 2.239 2.211
0.0055 -0.44261 7.01001 1.7397580147 2.5555496449    1.739  1.113  3.9860  4.462    0  0.000  0.537     0.00     0.00     0.00     0.00     0.00 -1    -1e-30      0.00 7.362e-01 2.583e-01 9.879e-04 2.698e-04 2.451e-03 -1.000 5.553e-03 1.989 2.168 2.170 2.164
0.0055 -0.44261 7.01001 1.7474557161 2.5559982475    1.746  1.119  3.9875  4.464    0  0.000  0.537     0.00     0.00     0.00     0.00     0.00 -1    -1e-30      0.00 7.362e-01 2.583e-01 9.879e-04 2.698e-04 2.451e-03 -1.000 5.554e-03 1.973 2.159 2.161 2.157
0.0055 -0.44261 7.01001 1.7892701626 2.5583577403    1.788  1.161  3.9965  4.468    0  0.000  0.537     0.00     0.00     0.00     0.00     0.00 -1    -1e-30      0.00 7.361e-01 2.583e-01 9.879e-04 2.698e-04 2.451e-03 -1.000 5.571e-03 1.867 2.092 2.088 2.100
0.0055 -0.44261 7.01001 1.8387321234 2.5609900490    1.838  1.208  4.0064  4.472    0  0.000  0.537     0.00     0.00     0.00     0.00     0.00 -1    -1e-30      0.00 7.361e-01 2.583e-01 9.878e-04 2.698e-04 2.451e-03 -1.000 5.571e-03 1.750 2.020 2.010 2.039
0.0055 -0.44261 7.01001 1.8881943226 2.5634644041    1.887  1.254  4.0158  4.476    0  0.000  0.537     0.00     0.00     0.00     0.00     0.00 -1    -1e-30      0.00 7.361e-01 2.583e-01 9.878e-04 2.698e-04 2.451e-03 -1.000 5.571e-03 1.636 1.950 1.936 1.978
0.0055 -0.44261 7.01001 1.9376561642 2.5657940315    1.937  1.298  4.0250  4.479    0  0.000  0.537     0.00     0.00     0.00     0.00     0.00 -1    -1e-30      0.00 7.361e-01 2.583e-01 9.878e-04 2.698e-04 2.451e-03 -1.000 5.571e-03 1.524 1.883 1.865 1.919
0.0055 -0.44261 7.01001 1.9871184826 2.5679908116    1.987  1.341  4.0337  4.481    0  0.000  0.537     0.00     0.00     0.00     0.00     0.00 -1    -1e-30      0.00 7.362e-01 2.583e-01 9.877e-04 2.698e-04 2.451e-03 -1.000 5.569e-03 1.416 1.818 1.796 1.862
0.0055 -0.44261 7.01001 2.0365805626 2.5700653215    2.036  1.382  4.0418  4.484    0  0.000  0.537     0.00     0.00     0.00     0.00     0.00 -1    -1e-30      0.00 7.362e-01 2.583e-01 9.877e-04 2.698e-04 2.451e-03 -1.000 5.571e-03 1.314 1.757 1.731 1.807
0.0055 -0.44261 7.01001 2.0860424042 2.5720270946    2.085  1.423  4.0497  4.485    0  0.000  0.537     0.00     0.00     0.00     0.00     0.00 -1    -1e-30      0.00 7.362e-01 2.583e-01 9.877e-04 2.698e-04 2.451e-03 -1.000 5.571e-03 1.213 1.696 1.667 1.752
0.0055 -0.44261 7.01001 2.1355042458 2.5738847270    2.134  1.463  4.0573  4.486    0  0.000  0.537     0.00     0.00     0.00     0.00     0.00 -1    -1e-30      0.00 7.362e-01 2.583e-01 9.877e-04 2.698e-04 2.451e-03 -1.000 5.568e-03 1.114 1.637 1.605 1.698
0.0055 -0.44261 7.01001 2.1849665642 2.5756459881    2.184  1.501  4.0647  4.487    0  0.000  0.537     0.00     0.00     0.00     0.00     0.00 -1    -1e-30      0.00 7.362e-01 2.582e-01 9.877e-04 2.698e-04 2.450e-03 -1.000 5.570e-03 1.018 1.580 1.546 1.646
0.0055 -0.44261 7.01001 2.2344286442 2.5773178692    2.233  1.538  4.0716  4.488    0  0.000  0.537     0.00     0.00     0.00     0.00     0.00 -1    -1e-30      0.00 7.362e-01 2.582e-01 9.877e-04 2.698e-04 2.450e-03 -1.000 5.571e-03 0.925 1.525 1.487 1.595
0.0055 -0.44261 7.01001 2.2838907242 2.5789067453    2.282  1.575  4.0785  4.488    0  0.000  0.538     0.00     0.00     0.00     0.00     0.00 -1    -1e-30      0.00 7.362e-01 2.582e-01 9.881e-04 2.698e-04 2.450e-03 -1.000 5.571e-03 0.834 1.470 1.430 1.545
0.0055 -0.44261 7.01001 2.3333525658 2.5804183969    2.332  1.609  4.0849  4.488    0  0.000  0.538     0.00     0.00     0.00     0.00     0.00 -1    -1e-30      0.00 7.362e-01 2.582e-01 9.878e-04 2.698e-04 2.450e-03 -1.000 5.571e-03 0.746 1.417 1.375 1.496
0.0055 -0.44261 7.01001 2.3828148842 2.5818581182    2.382  1.644  4.0912  4.488    0  0.000  0.538     0.00     0.00     0.00     0.00     0.00 -1    -1e-30      0.00 7.362e-01 2.582e-01 9.881e-04 2.698e-04 2.450e-03 -1.000 5.571e-03 0.661 1.366 1.322 1.449
0.0055 -0.44261 7.01001 2.4322769642 2.5832307011    2.430  1.677  4.0973  4.488    0  0.000  0.538     0.00     0.00     0.00     0.00     0.00 -1    -1e-30      0.00 7.362e-01 2.582e-01 9.883e-04 2.698e-04 2.450e-03 -1.000 5.569e-03 0.578 1.316 1.270 1.403
0.0055 -0.44261 7.01001 2.6301250458 2.5881324392    2.629  1.803  4.1196  4.485    0  0.000  0.538     0.00     0.00     0.00     0.00     0.00 -1    -1e-30      0.00 7.361e-01 2.584e-01 9.888e-04 2.699e-04 2.452e-03 -1.000 5.571e-03 0.262 1.125 1.072 1.225
0.0055 -0.44261 7.01001 2.8279733658 2.5922539678    2.827  1.920  4.1390  4.478    1  0.000  0.538     0.00     0.00     0.00     0.00     0.00 -1    -1e-30      0.00 7.361e-01 2.584e-01 9.888e-04 2.699e-04 2.452e-03 -1.000 5.571e-03 -0.029 0.944 0.885 1.054
0.0055 -0.44261 7.01001 3.0258216858 2.5957619127    3.025  2.028  4.1568  4.470    1  0.000  0.538     0.00     0.00     0.00     0.00     0.00 -1    -1e-30      0.00 7.361e-01 2.584e-01 9.888e-04 2.699e-04 2.452e-03 -1.000 5.571e-03 -0.299 0.776 0.711 0.897
0.0055 -0.44261 7.01001 3.2236697674 2.5987793532    3.222  2.129  4.1740  4.465    1  0.000  0.538     0.00     0.00     0.00     0.00     0.00 -1    -1e-30      0.00 7.361e-01 2.584e-01 9.888e-04 2.699e-04 2.452e-03 -1.000 5.571e-03 -0.552 0.623 0.553 0.753
0.0055 -0.44261 7.01001 3.4215180874 2.6013990536    3.419  2.223  4.1891  4.457    1  0.000  0.538     0.00     0.00     0.00     0.00     0.00 -1    -1e-30      0.00 7.361e-01 2.584e-01 9.888e-04 2.699e-04 2.452e-03 -1.000 5.571e-03 -0.787 0.476 0.402 0.615
0.0055 -0.44261 7.01001 3.6193659306 2.6036921456    3.617  2.311  4.2023  4.446    1  0.000  0.538     0.00     0.00     0.00     0.00     0.00 -1    -1e-30      0.00 7.361e-01 2.584e-01 9.888e-04 2.699e-04 2.452e-03 -1.000 5.571e-03 -1.008 0.334 0.256 0.480
0.0055 -0.44261 7.01001 3.8172140121 2.6057140523    3.815  2.395  4.2150  4.437    1  0.000  0.538     0.00     0.00     0.00     0.00     0.00 -1    -1e-30      0.00 7.361e-01 2.584e-01 9.888e-04 2.699e-04 2.452e-03 -1.000 5.571e-03 -1.216 0.201 0.119 0.354
0.0055 -0.44261 7.01001 4.0150623322 2.6075085355    4.015  2.474  4.2285  4.433    1  0.000  0.538     0.00     0.00     0.00     0.00     0.00 -1    -1e-30      0.00 7.361e-01 2.584e-01 9.888e-04 2.699e-04 2.452e-03 -1.000 5.571e-03 -1.415 0.082 -0.004 0.242
0.0055 -0.44261 7.01001 4.2129106522 2.6091105826    4.211  2.549  4.2395  4.424    1  0.000  0.538     0.00     0.00     0.00     0.00     0.00 -1    -1e-30      0.00 7.361e-01 2.584e-01 9.888e-04 2.699e-04 2.452e-03 -1.000 5.571e-03 -1.602 -0.039 -0.128 0.128
0.0055 -0.44261 7.01001 4.4107589722 2.6105484820    4.408  2.620  4.2504  4.416    1  0.000  0.538     0.00     0.00     0.00     0.00     0.00 -1    -1e-30      0.00 7.361e-01 2.584e-01 9.888e-04 2.699e-04 2.452e-03 -1.000 5.571e-03 -1.780 -0.154 -0.246 0.019
0.0055 -0.44261 7.01001 4.6086072922 2.6118453348    4.606  2.688  4.2606  4.407    1  0.000  0.538     0.00     0.00     0.00     0.00     0.00 -1    -1e-30      0.00 7.361e-01 2.584e-01 9.888e-04 2.699e-04 2.452e-03 -1.000 5.571e-03 -1.950 -0.264 -0.359 -0.085
0.0055 -0.44261 7.01001 4.8064551353 2.6130201765    4.804  2.753  4.2705  4.400    1  0.000  0.538     0.00     0.00     0.00     0.00     0.00 -1    -1e-30      0.00 7.361e-01 2.584e-01 9.888e-04 2.699e-04 2.452e-03 -1.000 5.571e-03 -2.113 -0.368 -0.466 -0.184
0.0055 -0.44261 7.01001 5.0043039322 2.6140888367    5.003  2.816  4.2799  4.393    1  0.000  0.538     0.00     0.00     0.00     0.00     0.00 -1    -1e-30      0.00 7.361e-01 2.584e-01 9.888e-04 2.699e-04 2.452e-03 -1.000 5.571e-03 -2.269 -0.469 -0.569 -0.280
0.0055 -0.44261 7.01001 5.2021517754 2.6150645543    5.202  2.875  4.2888  4.386    1  0.000  0.538     0.00     0.00     0.00     0.00     0.00 -1    -1e-30      0.00 7.361e-01 2.584e-01 9.888e-04 2.699e-04 2.452e-03 -1.000 5.571e-03 -2.419 -0.566 -0.669 -0.372
0.0055 -0.44261 7.01001 5.4000000954 2.6159585105    5.401  2.933  4.2974  4.379    1  0.000  0.538     0.00     0.00     0.00     0.00     0.00 -1    -1e-30      0.00 7.361e-01 2.584e-01 9.888e-04 2.699e-04 2.452e-03 -1.000 5.571e-03 -2.562 -0.660 -0.766 -0.461
0.0055 -0.44261 7.01001 5.5662188530 2.6166533334    5.566  2.980  4.3043  4.373    1  0.000  0.538     0.00     0.00     0.00     0.00     0.00 -1    -1e-30      0.00 7.361e-01 2.584e-01 9.888e-04 2.699e-04 2.452e-03 -1.000 5.571e-03 -2.679 -0.737 -0.844 -0.534
0.0055 -0.44261 7.01001 5.6047701836 2.6168077286    5.605  2.990  4.3059  4.372    1  0.000  0.538     0.00     0.00     0.00     0.00     0.00 -1    -1e-30      0.00 7.361e-01 2.584e-01 9.888e-04 2.699e-04 2.452e-03 -1.000 5.571e-03 -2.706 -0.754 -0.862 -0.551
0.0055 -0.44261 7.01001 5.7324385643 2.6173020252    5.732  3.025  4.3110  4.367    1  0.000  0.538     0.00     0.00     0.00     0.00     0.00 -1    -1e-30      0.00 7.361e-01 2.584e-01 9.888e-04 2.699e-04 2.452e-03 -1.000 5.571e-03 -2.792 -0.812 -0.921 -0.606
0.0055 -0.44261 7.01001 5.8986577988 2.6179088520    5.898  3.069  4.3175  4.361    1  0.000  0.538     0.00     0.00     0.00     0.00     0.00 -1    -1e-30      0.00 7.361e-01 2.584e-01 9.888e-04 2.699e-04 2.452e-03 -1.000 5.571e-03 -2.903 -0.885 -0.996 -0.675
0.0055 -0.44261 7.01001 6.0648765564 2.6184775844    6.064  3.112  4.3237  4.356    1  0.000  0.538     0.00     0.00     0.00     0.00     0.00 -1    -1e-30      0.00 7.361e-01 2.584e-01 9.888e-04 2.699e-04 2.452e-03 -1.000 5.571e-03 -3.010 -0.957 -1.070 -0.744
0.0055 -0.44261 7.01001 6.2310962677 2.6190115669    6.230  3.154  4.3298  4.350    1  0.000  0.538     0.00     0.00     0.00     0.00     0.00 -1    -1e-30      0.00 7.361e-01 2.584e-01 9.888e-04 2.699e-04 2.452e-03 -1.000 5.571e-03 -3.114 -1.027 -1.141 -0.810
0.0055 -0.44261 7.01001 6.7297534943 2.6204331025    6.720  3.271  4.3465  4.333    1  0.000  0.538     0.00     0.00     0.00     0.00     0.00 -1    -1e-30      0.00 7.361e-01 2.584e-01 9.888e-04 2.699e-04 2.452e-03 -1.000 5.571e-03 -3.407 -1.225 -1.344 -0.999
0.0055 -0.44261 7.01001 7.0102987289 2.6211314273    6.997  3.332  4.3552  4.323    1  0.000  0.538     0.00     0.00     0.00     0.00     0.00 -1    -1e-30      0.00 7.361e-01 2.584e-01 9.888e-04 2.699e-04 2.452e-03 -1.000 5.571e-03 -3.561 -1.331 -1.452 -1.101
0.0055 -0.44261 7.01001 7.5608496666 2.6223302237    7.542  3.448  4.3713  4.304    1  0.000  0.538     0.00     0.00     0.00     0.00     0.00 -1    -1e-30      0.00 7.361e-01 2.584e-01 9.888e-04 2.699e-04 2.452e-03 -1.000 5.571e-03 -3.850 -1.532 -1.658 -1.293
0.0055 -0.44261 7.01001 7.7767152786 2.6227473343    7.758  3.492  4.3772  4.297    1  0.000  0.538     0.00     0.00     0.00     0.00     0.00 -1    -1e-30      0.00 7.361e-01 2.584e-01 9.888e-04 2.699e-04 2.452e-03 -1.000 5.571e-03 -3.959 -1.609 -1.736 -1.367
0.0055 -0.44261 7.01001 8.3643140793 2.6237583698    8.347  3.606  4.3923  4.275    1  0.000  0.538     0.00     0.00     0.00     0.00     0.00 -1    -1e-30      0.00 7.361e-01 2.584e-01 9.888e-04 2.699e-04 2.452e-03 -1.000 5.571e-03 -4.245 -1.814 -1.945 -1.564
0.0055 -0.44261 7.01001 8.3919458389 2.6238019212    8.375  3.611  4.3930  4.274    1  0.000  0.538     0.00     0.00     0.00     0.00     0.00 -1    -1e-30      0.00 7.361e-01 2.584e-01 9.888e-04 2.699e-04 2.452e-03 -1.000 5.571e-03 -4.258 -1.823 -1.954 -1.573
0.0055 -0.44261 7.01001 8.8495874405 2.6244779838    8.834  3.694  4.4037  4.256    1  0.000  0.538     0.00     0.00     0.00     0.00     0.00 -1    -1e-30      0.00 7.361e-01 2.584e-01 9.888e-04 2.699e-04 2.452e-03 -1.000 5.571e-03 -4.466 -1.985 -2.119 -1.742
0.0055 -0.44261 7.01001 9.2230415344 2.6249728885    9.209  3.761  4.4119  4.241    1  0.000  0.538     0.00     0.00     0.00     0.00     0.00 -1    -1e-30      0.00 7.361e-01 2.584e-01 9.888e-04 2.699e-04 2.452e-03 -1.000 5.571e-03 -4.632 -2.099 -2.236 -1.850
0.0055 -0.44261 7.01001 9.3070983887 2.6250780029    9.293  3.775  4.4136  4.238    1  0.000  0.538     0.00     0.00     0.00     0.00     0.00 -1    -1e-30      0.00 7.361e-01 2.584e-01 9.888e-04 2.699e-04 2.452e-03 -1.000 5.571e-03 -4.667 -2.123 -2.260 -1.873
0.0055 -0.44261 7.01001 9.8885488510 2.6257491990    9.869  3.869  4.4247  4.214    1  0.000  0.538     0.00     0.00     0.00     0.00     0.00 -1    -1e-30      0.00 7.361e-01 2.584e-01 9.888e-04 2.699e-04 2.452e-03 -1.000 5.571e-03 -4.903 -2.293 -2.434 -2.035
0.0055 -0.44261 7.01001 10.0541372299 2.6259240886   10.033  3.896  4.4277  4.206    1  0.000  0.538     0.00     0.00     0.00     0.00     0.00 -1    -1e-30      0.00 7.361e-01 2.584e-01 9.888e-04 2.699e-04 2.452e-03 -1.000 5.571e-03 -4.969 -2.349 -2.491 -2.090
0.0055 -0.44261 7.01001 10.3618440628 2.6262320733   10.340  3.943  4.4329  4.193    1  0.000  0.538     0.00     0.00     0.00     0.00     0.00 -1    -1e-30      0.00 7.361e-01 2.584e-01 9.888e-04 2.699e-04 2.452e-03 -1.000 5.571e-03 -5.088 -2.452 -2.595 -2.190
0.0055 -0.44261 7.01001 10.7999849319 2.6266359751   10.777  4.010  4.4400  4.173    1  0.000  0.538     0.00     0.00     0.00     0.00     0.00 -1    -1e-30      0.00 7.361e-01 2.584e-01 9.888e-04 2.699e-04 2.452e-03 -1.000 5.571e-03 -5.254 -2.595 -2.739 -2.330
0.0055 -0.44261 7.01001 10.8852338791 2.6267102290   10.861  4.022  4.4413  4.169    1  0.000  0.538     0.00     0.00     0.00     0.00     0.00 -1    -1e-30      0.00 7.361e-01 2.584e-01 9.888e-04 2.699e-04 2.452e-03 -1.000 5.571e-03 -5.286 -2.622 -2.766 -2.357
0.0055 -0.44261 7.01001 11.0129814148 2.6268190293   10.988  4.041  4.4432  4.163    1  0.000  0.538     0.00     0.00     0.00     0.00     0.00 -1 -3.03e-30      0.00 7.361e-01 2.584e-01 9.890e-04 2.699e-04 2.452e-03 -1.000 5.571e-03 -5.332 -2.662 -2.806 -2.395
0.0055 -0.44261 7.01001 11.4129371643 2.6271416260   11.386  4.098  4.4488  4.143    1  0.000  0.538     0.00     0.00     0.00     0.00     0.00 -1 -8.98e-29      0.00 7.361e-01 2.584e-01 9.897e-04 2.699e-04 2.452e-03 -1.000 5.571e-03 -5.475 -2.784 -2.929 -2.515
0.0055 -0.44261 7.01001 11.9623899460 2.6275446121   11.931  4.176  4.4555  4.113    1  0.000  0.539     0.00     0.00     0.00     0.00     0.00 -1 -7.89e-27      0.00 7.361e-01 2.584e-01 9.907e-04 2.699e-04 2.452e-03 -1.000 5.571e-03 -5.669 -2.939 -3.086 -2.666
0.0055 -0.44261 7.01001 12.4490509033 2.6278675944   12.414  4.243  4.4606  4.083    1  0.000  0.540     0.00     0.00     0.00     0.00     0.00 -1 -3.56e-25      0.00 7.360e-01 2.584e-01 9.915e-04 2.700e-04 2.452e-03 -1.000 5.571e-03 -5.838 -3.076 -3.224 -2.800
0.0055 -0.44261 7.01001 12.5474262238 2.6279293921   12.512  4.257  4.4616  4.077    1  0.000  0.540     0.00     0.00     0.00     0.00     0.00 -1 -7.55e-25      0.00 7.360e-01 2.584e-01 9.916e-04 2.700e-04 2.452e-03 -1.000 5.571e-03 -5.871 -3.104 -3.252 -2.828
0.0055 -0.44261 7.01001 12.9634532928 2.6281788504   12.918  4.310  4.4651  4.052    1  0.000  0.541     0.00     0.00     0.00     0.00     0.00 -1 -2.45e-21      0.00 7.360e-01 2.584e-01 9.939e-04 2.700e-04 2.452e-03 -1.000 5.571e-03 -6.005 -3.215 -3.364 -2.937
0.0055 -0.44261 7.01001 13.4425868988 2.6284442613   13.386  4.370  4.4684  4.020    1  0.000  0.542     0.00     0.00     0.00     0.00     0.00 -1 -2.02e-17      0.00 7.360e-01 2.584e-01 9.964e-04 2.701e-04 2.452e-03 -1.000 5.571e-03 -6.156 -3.345 -3.495 -3.067
0.0055 -0.44261 7.01001 13.8711919785 2.6286639023   13.803  4.424  4.4705  3.987    1  0.000  0.543     0.00     0.00     0.00     0.00     0.00 -1 -4.98e-14      0.00 7.360e-01 2.584e-01 9.986e-04 2.702e-04 2.451e-03 -1.000 5.571e-03 -6.291 -3.469 -3.619 -3.191
0.0055 -0.44261 7.01001 14.2096176147 2.6288266068   14.133  4.467  4.4715  3.959    1  0.000  0.544     0.00     0.00     0.00     0.00     0.00 -1 -2.03e-11      0.00 7.360e-01 2.584e-01 1.000e-03 2.702e-04 2.451e-03 -1.000 5.571e-03 -6.397 -3.574 -3.724 -3.295
0.0055 -0.44261 7.01001 14.4737215042 2.6289475195   14.390  4.498  4.4719  3.938    1  0.000  0.544     0.00     0.00     0.00     0.00     0.00 -1 -5.68e-11      0.00 7.360e-01 2.584e-01 1.001e-03 2.702e-04 2.451e-03 -1.000 5.571e-03 -6.475 -3.653 -3.804 -3.374
0.0055 -0.44261 7.01001 14.8995952606 2.6291321499   14.804  4.548  4.4719  3.900    1  0.000  0.544     0.00     0.00     0.00     0.00     0.00 -1 -2.86e-10      0.00 7.360e-01 2.584e-01 1.001e-03 2.702e-04 2.451e-03 -1.000 5.571e-03 -6.600 -3.786 -3.936 -3.506
0.0055 -0.44261 7.01001 15.3888540268 2.6293298212   15.278  4.605  4.4703  3.850    1  0.000  0.545     0.00     0.00     0.00     0.00     0.00 -1 -1.74e-09      0.00 7.360e-01 2.585e-01 1.001e-03 2.703e-04 2.451e-03 -1.000 5.571e-03 -6.743 -3.950 -4.100 -3.669
0.0055 -0.44261 7.01001 15.8413829803 2.6295002085   15.715  4.658  4.4671  3.796    1  0.000  0.545     0.00     0.00     0.00     0.00     0.00 -1 -8.69e-09      0.00 7.360e-01 2.585e-01 1.002e-03 2.703e-04 2.451e-03 -1.000 5.571e-03 -6.876 -4.110 -4.261 -3.830
0.0055 -0.44261 7.01001 15.8718109131 2.6295112651   15.745  4.662  4.4669  3.793    1  0.000  0.545     0.00     0.00     0.00     0.00     0.00 -1 -9.67e-09      0.00 7.360e-01 2.585e-01 1.002e-03 2.703e-04 2.451e-03 -1.000 5.571e-03 -6.885 -4.121 -4.271 -3.841
0.0055 -0.44261 7.01001 15.8973331451 2.6295205015   15.769  4.665  4.4667  3.790    1  0.000  0.545     0.00     0.00     0.00     0.00     0.00 -1 -9.77e-09      0.00 7.360e-01 2.585e-01 1.002e-03 2.703e-04 2.451e-03 -1.000 5.571e-03 -6.892 -4.130 -4.280 -3.849
0.0055 -0.44261 7.01001 16.3328742981 2.6296730203   16.189  4.714  4.4620  3.733    1  0.000  0.545     0.00     0.00     0.00     0.00     0.00 -1 -1.16e-08      0.00 7.360e-01 2.585e-01 1.002e-03 2.703e-04 2.451e-03 -1.000 5.571e-03 -7.015 -4.286 -4.436 -4.005
0.0055 -0.44261 7.01001 16.7014808655 2.6297949779   16.544  4.756  4.4560  3.677    1  0.000  0.545     0.00     0.00     0.00     0.00     0.00 -1 -1.31e-08      0.00 7.360e-01 2.585e-01 1.002e-03 2.703e-04 2.451e-03 -1.000 5.571e-03 -7.119 -4.427 -4.576 -4.147
0.0055 -0.44261 7.01001 17.0462646484 2.6299035804   16.875  4.795  4.4486  3.616    1  0.000  0.545     0.00     0.00     0.00     0.00     0.00 -1 -1.45e-08      0.00 7.360e-01 2.585e-01 1.002e-03 2.703e-04 2.451e-03 -1.000 5.571e-03 -7.218 -4.566 -4.715 -4.287
0.0055 -0.44261 7.01001 17.3579769135 2.6299975073   17.173  4.831  4.4405  3.556    1  0.000  0.545     0.00     0.00     0.00     0.00     0.00 -1 -1.57e-08      0.00 7.360e-01 2.585e-01 1.002e-03 2.703e-04 2.451e-03 -1.000 5.571e-03 -7.307 -4.708 -4.855 -4.433
0.0055 -0.44261 7.01001 17.5340042114 2.6300488554   17.344  4.851  4.4350  3.518    1  0.000  0.545     0.00     0.00     0.00     0.00     0.00 -1 -1.63e-08      0.00 7.360e-01 2.585e-01 1.002e-03 2.703e-04 2.451e-03 -1.000 5.571e-03 -7.357 -4.794 -4.940 -4.524
0.0055 -0.44261 7.01001 17.6343841553 2.6300776095   17.439  4.862  4.4318  3.497    1  0.000  0.545     0.00     0.00     0.00     0.00     0.00 -1 -1.65e-08      0.00 7.360e-01 2.585e-01 1.002e-03 2.703e-04 2.451e-03 -1.000 5.571e-03 -7.385 -4.844 -4.989 -4.576
0.0055 -0.44261 7.01001 17.8251304626 2.6301312244   17.622  4.883  4.4248  3.452    1  0.000  0.545     0.00     0.00     0.00     0.00     0.00 -1 -1.67e-08      0.00 7.360e-01 2.585e-01 1.002e-03 2.703e-04 2.451e-03 -1.000 5.571e-03 -7.438 -4.953 -5.094 -4.691
0.0055 -0.44261 7.01001 18.0107727051 2.6301821525   17.799  4.904  4.4175  3.406    1  0.000  0.545     0.00     0.00     0.00     0.00     0.00 -1 -1.68e-08      0.00 7.360e-01 2.585e-01 1.002e-03 2.703e-04 2.451e-03 -1.000 5.571e-03 -7.491 -5.053 -5.191 -4.802
0.0055 -0.44261 7.01001 18.2766513824 2.6302530242   18.053  4.935  4.4092  3.349    1  0.000  0.545     0.00     0.00     0.00     0.00     0.00 -1 -1.76e-08      0.00 7.360e-01 2.585e-01 1.002e-03 2.703e-04 2.451e-03 -1.000 5.571e-03 -7.567 -5.185 -5.320 -4.945
0.0055 -0.44261 7.01001 18.3534488678 2.6302730560   18.126  4.944  4.4077  3.335    1  0.000  0.545     0.00     0.00     0.00     0.00     0.00 -1  -1.8e-08      0.00 7.360e-01 2.585e-01 1.002e-03 2.703e-04 2.451e-03 -1.000 5.571e-03 -7.590 -5.219 -5.352 -4.980
0.0055 -0.44261 7.01001 18.4894275665 2.6303080557   18.256  4.964  4.4189  3.362    1  0.000  0.545     0.00     0.00     0.00     0.00     0.00 -1 -2.25e-08      0.00 7.360e-01 2.585e-01 1.002e-03 2.703e-04 2.451e-03 -1.000 5.571e-03 -7.641 -5.210 -5.348 -4.958
0.0055 -0.44261 7.01001 18.5152912140 2.6303146459   18.280  4.973  4.4293  3.396    1  0.000  0.545     0.00     0.00     0.00     0.00     0.00 -1 -2.63e-08      0.00 7.360e-01 2.585e-01 1.002e-03 2.703e-04 2.451e-03 -1.000 5.571e-03 -7.662 -5.168 -5.310 -4.906
0.0055 -0.44261 7.01001 18.5252552032 2.6303171791   18.289  4.982  4.4394  3.428    1  0.000  0.545     0.00     0.00     0.00     0.00     0.00 -1 -3.04e-08      0.00 7.360e-01 2.585e-01 1.002e-03 2.703e-04 2.451e-03 -1.000 5.571e-03 -7.686 -5.124 -5.269 -4.854
0.0055 -0.44261 7.01001 18.5305328369 2.6303185196   18.294  4.996  4.4511  3.460    1  0.000  0.545     0.00     0.00     0.00     0.00     0.00 -1 -3.66e-08      0.00 7.360e-01 2.585e-01 1.002e-03 2.703e-04 2.451e-03 -1.000 5.571e-03 -7.721 -5.081 -5.230 -4.802
0.0055 -0.44261 7.01001 18.5335273743 2.6303192798   18.297  5.009  4.4607  3.487    1  0.000  0.545     0.00     0.00     0.00     0.00     0.00 -1 -4.31e-08      0.00 7.360e-01 2.585e-01 1.002e-03 2.703e-04 2.451e-03 -1.000 5.571e-03 -7.752 -5.066 -5.217 -4.783
0.0055 -0.44261 7.01001 18.5341625214 2.6303194410   18.298  5.010  4.4620  3.491    1  0.000  0.545     0.00     0.00     0.00     0.00     0.00 -1  -4.4e-08      0.00 7.360e-01 2.585e-01 1.002e-03 2.703e-04 2.451e-03 -1.000 5.571e-03 -7.755 -5.063 -5.214 -4.780
0.0055 -0.44261 7.01001 18.5380306244 2.6303204225   18.301  4.999  4.4482  3.446    2  0.000  0.545     0.00     0.00     0.00     0.00     0.00 -1 -3.67e-08      0.00 7.360e-01 2.585e-01 1.002e-03 2.703e-04 2.451e-03 -1.000 5.571e-03 -7.728 -5.108 -5.257 -4.832
0.0055 -0.44261 7.01001 18.5396251678 2.6303208270   18.303  4.998  4.4360  3.398    2  0.000  0.545     0.00     0.00     0.00     0.00     0.00 -1 -3.22e-08      0.00 7.360e-01 2.585e-01 1.002e-03 2.703e-04 2.451e-03 -1.000 5.571e-03 -7.725 -5.194 -5.337 -4.928
0.0055 -0.44261 7.01001 18.5409297943 2.6303211579   18.304  4.999  4.4234  3.347    2  0.000  0.545     0.00     0.00     0.00     0.00     0.00 -1 -2.79e-08      0.00 7.360e-01 2.585e-01 1.002e-03 2.703e-04 2.451e-03 -1.000 5.571e-03 -7.728 -5.279 -5.419 -5.023
0.0055 -0.44261 7.01001 18.5422534943 2.6303214935   18.305  5.001  4.4083  3.284    2  0.000  0.545     0.00     0.00     0.00     0.00     0.00 -1  -4.8e-08      0.00 7.360e-01 2.585e-01 1.002e-03 2.703e-04 2.451e-03 -1.000 5.571e-03 -7.733 -5.373 -5.506 -5.134
0.0055 -0.44261 7.01001 18.5431880951 2.6303217304   18.306  5.003  4.3964  3.235    2  0.000  0.545     0.00     0.00     0.00     0.00     0.00 -1 -4.99e-08      0.00 7.360e-01 2.585e-01 1.002e-03 2.703e-04 2.451e-03 -1.000 5.571e-03 -7.738 -5.387 -5.520 -5.144
0.0055 -0.44261 7.01001 18.5443515778 2.6303220254   18.307  5.005  4.3800  3.168    2  0.000  0.545     0.00     0.00     0.00     0.00     0.00 -1 -4.49e-08      0.00 7.360e-01 2.585e-01 1.002e-03 2.703e-04 2.451e-03 -1.000 5.571e-03 -7.743 -5.487 -5.616 -5.250
0.0055 -0.44261 7.01001 18.5455322266 2.6303223246   18.308  5.007  4.3611  3.090    2  0.000  0.545     0.00     0.00     0.00     0.00     0.00 -1 -4.01e-08      0.00 7.360e-01 2.585e-01 1.002e-03 2.703e-04 2.451e-03 -1.000 5.571e-03 -7.748 -5.602 -5.727 -5.376
0.0055 -0.44261 7.01001 18.5463256836 2.6303225257   18.309  5.008  4.3471  3.033    2  0.000  0.545     0.00     0.00     0.00     0.00     0.00 -1 -3.67e-08      0.00 7.360e-01 2.585e-01 1.002e-03 2.703e-04 2.451e-03 -1.000 5.571e-03 -7.751 -5.687 -5.808 -5.470
0.0055 -0.44261 7.01001 18.5471324921 2.6303227302   18.310  5.010  4.3317  2.969    2  0.000  0.545     0.00     0.00     0.00     0.00     0.00 -1 -3.31e-08      0.00 7.360e-01 2.585e-01 1.002e-03 2.703e-04 2.451e-03 -1.000 5.571e-03 -7.755 -5.776 -5.895 -5.562
0.0055 -0.44261 7.01001 18.5479450226 2.6303229361   18.310  5.012  4.3151  2.902    2  0.000  0.545     0.00     0.00     0.00     0.00     0.00 -1 -1.61e-07      0.00 7.360e-01 2.585e-01 1.002e-03 2.703e-04 2.451e-03 -1.000 5.571e-03 -7.759 -5.902 -6.019 -5.697
0.0055 -0.44261 7.01001 18.5487689972 2.6303231448   18.311  5.014  4.2976  2.829    2  0.000  0.545     0.00     0.00     0.00     0.00     0.00 -1 -1.72e-07      0.00 7.360e-01 2.585e-01 1.002e-03 2.703e-04 2.451e-03 -1.000 5.571e-03 -7.765 -5.917 -6.026 -5.719
0.0055 -0.44261 7.01001 18.5496006012 2.6303233555   18.312  5.016  4.2794  2.754    2  0.000  0.545     0.00     0.00     0.00     0.00     0.00 -1 -1.66e-07      0.00 7.360e-01 2.585e-01 1.002e-03 2.703e-04 2.451e-03 -1.000 5.571e-03 -7.770 -6.030 -6.134 -5.847
0.0055 -0.44261 7.01001 18.5502338409 2.6303235159   18.312  5.018  4.2653  2.696    2  0.000  0.545     0.00     0.00     0.00     0.00     0.00 -1 -1.61e-07      0.00 7.360e-01 2.585e-01 1.002e-03 2.703e-04 2.451e-03 -1.000 5.571e-03 -7.774 -6.114 -6.213 -5.939
0.0055 -0.44261 7.01001 18.5508670807 2.6303236763   18.313  5.019  4.2510  2.638    2  0.000  0.545     0.00     0.00     0.00     0.00     0.00 -1 -1.62e-07      0.00 7.360e-01 2.585e-01 1.002e-03 2.703e-04 2.451e-03 -1.000 5.571e-03 -7.778 -6.197 -6.292 -6.031
0.0055 -0.44261 7.01001 18.5515117645 2.6303238395   18.313  5.021  4.2365  2.578    2  0.000  0.545     0.00     0.00     0.00     0.00     0.00 -1 -2.63e-07      0.00 7.360e-01 2.585e-01 1.002e-03 2.703e-04 2.451e-03 -1.000 5.571e-03 -7.782 -6.281 -6.372 -6.124
0.0055 -0.44261 7.01001 18.5521755219 2.6303240076   18.313  5.022  4.2220  2.519    2  0.000  0.545     0.00     0.00     0.00     0.00     0.00 -1 -2.83e-07      0.00 7.360e-01 2.585e-01 1.002e-03 2.703e-04 2.451e-03 -1.000 5.571e-03 -7.785 -6.366 -6.452 -6.217
0.0055 -0.44261 7.01001 18.5528602600 2.6303241810   18.313  5.023  4.2071  2.458    2  0.000  0.545     0.00     0.00     0.00     0.00     0.00 -1 -2.72e-07      0.00 7.360e-01 2.585e-01 1.002e-03 2.703e-04 2.451e-03 -1.000 5.571e-03 -7.787 -6.451 -6.532 -6.311
0.0055 -0.44261 7.01001 18.5533370972 2.6303243018   18.313  5.024  4.1970  2.417    2  0.000  0.545     0.00     0.00     0.00     0.00     0.00 -1 -2.64e-07      0.00 7.360e-01 2.585e-01 1.002e-03 2.703e-04 2.451e-03 -1.000 5.571e-03 -7.789 -6.508 -6.587 -6.374
0.0055 -0.44261 7.01001 18.5538330078 2.6303244273   18.314  5.024  4.1865  2.375    2  0.000  0.545     0.00     0.00     0.00     0.00     0.00 -1 -2.56e-07      0.00 7.360e-01 2.585e-01 1.002e-03 2.703e-04 2.451e-03 -1.000 5.571e-03 -7.790 -6.568 -6.643 -6.440
0.0055 -0.44261 7.01001 18.5543594360 2.6303245606   18.314  5.024  4.1755  2.330    2  0.000  0.545     0.00     0.00     0.00     0.00     0.00 -1  -2.5e-07      0.00 7.360e-01 2.585e-01 1.002e-03 2.703e-04 2.451e-03 -1.000 5.571e-03 -7.791 -6.630 -6.702 -6.510
0.0055 -0.44261 7.01001 18.5549354553 2.6303247064   18.314  5.025  4.1632  2.281    2  0.000  0.545     0.00     0.00     0.00     0.00     0.00 -1 -2.41e-07      0.00 7.360e-01 2.585e-01 1.002e-03 2.703e-04 2.451e-03 -1.000 5.571e-03 -7.792 -6.698 -6.765 -6.587
0.0055 -0.44261 7.01001 18.5556144714 2.6303248783   18.314  5.025  4.1487  2.223    2  0.000  0.545     0.00     0.00     0.00     0.00     0.00 -1 -2.31e-07      0.00 7.360e-01 2.585e-01 1.002e-03 2.703e-04 2.451e-03 -1.000 5.571e-03 -7.792 -6.776 -6.837 -6.679
0.0055 -0.44261 7.01001 18.5560112000 2.6303249787   18.314  5.025  4.1399  2.188    2  0.000  0.545     0.00     0.00     0.00     0.00     0.00 -1 -2.25e-07      0.00 7.360e-01 2.585e-01 1.002e-03 2.703e-04 2.451e-03 -1.000 5.571e-03 -7.792 -6.824 -6.882 -6.733
0.0055 -0.44261 7.01001 18.5564556122 2.6303250912   18.315  5.025  4.1302  2.149    2  0.000  0.545     0.00     0.00     0.00     0.00     0.00 -1 -2.19e-07      0.00 7.360e-01 2.585e-01 1.002e-03 2.703e-04 2.451e-03 -1.000 5.571e-03 -7.792 -6.881 -6.936 -6.793
0.0055 -0.44261 7.01001 18.5569534302 2.6303252172   18.315  5.025  4.1190  2.104    2  0.000  0.545     0.00     0.00     0.00     0.00     0.00 -1 -2.13e-07      0.00 7.360e-01 2.585e-01 1.002e-03 2.703e-04 2.451e-03 -1.000 5.571e-03 -7.792 -6.946 -6.999 -6.860
0.0055 -0.44261 7.01001 18.5575160980 2.6303253596   18.315  5.025  4.1060  2.052    2  0.000  0.545     0.00     0.00     0.00     0.00     0.00 -1 -2.04e-07      0.00 7.360e-01 2.585e-01 1.002e-03 2.703e-04 2.451e-03 -1.000 5.571e-03 -7.791 -7.019 -7.068 -6.939
0.0055 -0.44261 7.01001 18.5581378937 2.6303255170   18.315  5.024  4.0912  1.994    2  0.000  0.545     0.00     0.00     0.00     0.00     0.00 -1 -1.93e-07      0.00 7.360e-01 2.585e-01 1.002e-03 2.703e-04 2.451e-03 -1.000 5.571e-03 -7.790 -7.099 -7.144 -7.028
0.0055 -0.44261 7.01001 18.5588340759 2.6303256931   18.315  5.023  4.0740  1.925    2  0.000  0.545     0.00     0.00     0.00     0.00     0.00 -1 -1.83e-07      0.00 7.360e-01 2.585e-01 1.002e-03 2.703e-04 2.451e-03 -1.000 5.571e-03 -7.789 -7.182 -7.218 -7.131
0.0055 -0.44261 7.01001 18.5596141815 2.6303258905   18.316  5.023  4.0537  1.845    2  0.000  0.545     0.00     0.00     0.00     0.00     0.00 -1 -1.71e-07      0.00 7.360e-01 2.585e-01 1.002e-03 2.703e-04 2.451e-03 -1.000 5.571e-03 -7.787 -7.282 -7.309 -7.249
0.0055 -0.44261 7.01001 18.5604858398 2.6303261110   18.316  5.022  4.0293  1.748    2  0.000  0.545     0.00     0.00     0.00     0.00     0.00 -1 -1.84e-07      0.00 7.360e-01 2.585e-01 1.002e-03 2.703e-04 2.451e-03 -1.000 5.571e-03 -7.784 -7.403 -7.422 -7.385
0.0055 -0.44261 7.01001 18.5614604950 2.6303263576   18.317  5.020  3.9994  1.630    2  0.000  0.545     0.00     0.00     0.00     0.00     0.00 -1 -2.36e-07      0.00 7.360e-01 2.585e-01 1.002e-03 2.703e-04 2.451e-03 -1.000 5.571e-03 -7.781 -7.543 -7.552 -7.542
0.0055 -0.44261 7.01001 18.5624561310 2.6303266094   18.317  5.019  3.9658  1.497    2  0.000  0.545     0.00     0.00     0.00     0.00     0.00 -1 -3.96e-07      0.00 7.360e-01 2.585e-01 1.002e-03 2.703e-04 2.451e-03 -1.000 5.571e-03 -7.777 -7.685 -7.680 -7.708
0.0055 -0.44261 7.01001 18.5634117126 2.6303268510   18.317  5.016  3.9305  1.358    2  0.000  0.545     0.00     0.00     0.00     0.00     0.00 -1 -5.82e-07      0.00 7.360e-01 2.585e-01 1.002e-03 2.703e-04 2.451e-03 -1.000 5.571e-03 -7.771 -7.809 -7.785 -7.868
0.0055 -0.44261 7.01001 18.5643043518 2.6303270768   18.318  5.012  3.8935  1.215    2  0.000  0.545     0.00     0.00     0.00     0.00     0.00 -1 -7.16e-07      0.00 7.360e-01 2.585e-01 1.002e-03 2.703e-04 2.451e-03 -1.000 5.571e-03 -7.760 -7.897 -7.847 -8.003
0.0055 -0.44261 7.01001 18.5647029877 2.6303271776   18.318  5.009  3.8761  1.149    2  0.000  0.545     0.00     0.00     0.00     0.00     0.00 -1 -6.64e-07      0.00 7.360e-01 2.585e-01 1.002e-03 2.703e-04 2.451e-03 -1.000 5.571e-03 -7.752 -7.914 -7.847 -8.052
0.0055 -0.44261 7.01001 18.5649261475 2.6303272340   18.318  5.006  3.8657  1.110    2  0.000  0.545     0.00     0.00     0.00     0.00     0.00 -1 -6.35e-07      0.00 7.360e-01 2.585e-01 1.002e-03 2.703e-04 2.451e-03 -1.000 5.571e-03 -7.745 -7.918 -7.838 -8.078
0.0055 -0.44261 7.01001 18.5651779175 2.6303272976   18.318  5.003  3.8540  1.066    2  0.000  0.545     0.00     0.00     0.00     0.00     0.00 -1 -6.09e-07      0.00 7.360e-01 2.585e-01 1.002e-03 2.703e-04 2.451e-03 -1.000 5.571e-03 -7.737 -7.917 -7.819 -8.107
0.0055 -0.44261 7.01001 18.5654563904 2.6303273680   18.318  4.998  3.8405  1.017    2  0.000  0.545     0.00     0.00     0.00     0.00     0.00 -1 -5.71e-07      0.00 7.360e-01 2.585e-01 1.002e-03 2.703e-04 2.451e-03 -1.000 5.571e-03 -7.725 -7.909 -7.788 -8.136
0.0055 -0.44261 7.01001 18.5657711029 2.6303274476   18.318  4.991  3.8252  0.963    2  0.000  0.545     0.00     0.00     0.00     0.00     0.00 -1 -5.23e-07      0.00 7.360e-01 2.585e-01 1.002e-03 2.703e-04 2.451e-03 -1.000 5.571e-03 -7.707 -7.891 -7.739 -8.165
0.0055 -0.44261 7.01001 18.5661201477 2.6303275358   18.319  4.980  3.8079  0.905    2  0.000  0.545     0.00     0.00     0.00     0.00     0.00 -1 -4.86e-07      0.00 7.360e-01 2.585e-01 1.002e-03 2.703e-04 2.451e-03 -1.000 5.571e-03 -7.679 -7.859 -7.669 -8.188
0.0055 -0.44261 7.01001 18.5665092468 2.6303276342   18.319  4.962  3.7907  0.853    2  0.000  0.545     0.00     0.00     0.00     0.00     0.00 -1 -4.39e-07      0.00 7.360e-01 2.585e-01 1.002e-03 2.703e-04 2.451e-03 -1.000 5.571e-03 -7.636 -7.807 -7.576 -8.190
0.0055 -0.44261 7.01001 18.5669002533 2.6303277330   18.319  4.941  3.7786  0.827    2  0.000  0.545     0.00     0.00     0.00     0.00     0.00 -1 -3.85e-07      0.00 7.360e-01 2.585e-01 1.002e-03 2.703e-04 2.451e-03 -1.000 5.571e-03 -7.582 -7.744 -7.483 -8.164
0.0055 -0.44261 7.01001 18.5676841736 2.6303279312   18.319  4.923  3.7667  0.796    2  0.000  0.545     0.00     0.00     0.00     0.00     0.00 -1 -3.08e-07      0.00 7.360e-01 2.585e-01 1.002e-03 2.703e-04 2.451e-03 -1.000 5.571e-03 -7.538 -7.684 -7.391 -8.143
0.0055 -0.44261 7.01001 18.5679512024 2.6303279987   18.320  4.928  3.7641  0.782    2  0.000  0.544     0.00     0.00     0.00     0.00     0.00 -1 -3.06e-07      0.00 7.360e-01 2.585e-01 1.000e-03 2.714e-04 2.451e-03 -1.000 5.571e-03 -7.549 -7.692 -7.392 -8.158
0.0055 -0.44261 7.01001 18.5682487488 2.6303280739   18.320  4.932  3.7610  0.765    2  0.000  0.543     0.00     0.00     0.00     0.00     0.00 -1 -3.18e-07      0.00 7.360e-01 2.585e-01 9.982e-04 2.728e-04 2.451e-03 -1.000 5.571e-03 -7.561 -7.700 -7.392 -8.176
0.0055 -0.44261 7.01001 18.5685863495 2.6303281592   18.320  4.938  3.7576  0.746    2  0.000  0.542     0.00     0.00     0.00     0.00     0.00 -1 -3.39e-07      0.00 7.360e-01 2.585e-01 9.961e-04 2.743e-04 2.451e-03 -1.000 5.571e-03 -7.574 -7.709 -7.392 -8.194
0.0055 -0.44261 7.01001 18.5689582825 2.6303282532   18.320  4.944  3.7537  0.724    3  0.000  0.541    82.75    48.46    33.47    23.81    19.83  4 -3.64e-07      0.00 7.360e-01 2.585e-01 9.937e-04 2.759e-04 2.451e-03 -1.000 5.571e-03 -7.589 -7.719 -7.391 -8.215
0.0055 -0.44261 7.01001 18.5693740845 2.6303283583   18.320  4.950  3.7494  0.700    3  0.000  0.540    87.87    50.62    34.90    24.84    20.69  4 -3.76e-07      0.00 7.359e-01 2.585e-01 9.910e-04 2.778e-04 2.451e-03 -1.000 5.571e-03 -7.606 -7.729 -7.390 -8.238
0.0055 -0.44261 7.01001 18.5698413849 2.6303284763   18.320  4.959  3.7446  0.672    3  0.000  0.537    94.11    53.21    36.60    26.08    21.72  3 -3.75e-07      0.00 7.359e-01 2.585e-01 9.851e-04 2.829e-04 2.450e-03 -1.000 5.571e-03 -7.627 -7.743 -7.392 -8.265
0.0055 -0.44261 7.01001 18.5703601837 2.6303286074   18.321  4.972  3.7395  0.639    3  0.000  0.527   102.17    56.49    38.76    27.63    23.02  3 -3.87e-07      0.00 7.358e-01 2.586e-01 9.645e-04 3.036e-04 2.448e-03 -1.000 5.571e-03 -7.659 -7.768 -7.403 -8.304
0.0055 -0.44261 7.01001 18.5708713531 2.6303287366   18.321  4.984  3.7345  0.607    3  0.000  0.517   110.85    59.94    41.01    29.27    24.38  3 -3.97e-07      0.00 7.357e-01 2.587e-01 9.441e-04 3.240e-04 2.446e-03 -1.000 5.571e-03 -7.691 -7.791 -7.413 -8.340
0.0055 -0.44261 7.01001 18.5711631775 2.6303288103   18.321  4.994  3.7298  0.578    3  0.000  0.504   118.96    63.11    43.08    30.76    25.63  3 -4.22e-07      0.00 7.347e-01 2.597e-01 9.155e-04 3.704e-04 2.432e-03 -1.000 5.588e-03 -7.716 -7.807 -7.417 -8.368
0.0055 -0.44261 7.01001 18.5714893341 2.6303288927   18.321  5.005  3.7247  0.546    3  0.000  0.491   128.71    66.83    45.50    32.52    27.10  3 -4.49e-07      0.00 7.335e-01 2.609e-01 8.834e-04 4.225e-04 2.417e-03 -1.000 5.606e-03 -7.743 -7.824 -7.420 -8.399
0.0055 -0.44261 7.01001 18.5718517303 2.6303289842   18.321  5.017  3.7192  0.513    3  0.000  0.482   139.88    71.00    48.21    34.49    28.75  3 -4.77e-07      0.00 7.310e-01 2.634e-01 8.585e-04 4.751e-04 2.391e-03 -1.000 5.605e-03 -7.772 -7.841 -7.422 -8.430
0.0055 -0.44261 7.01001 18.5722599030 2.6303290874   18.322  5.029  3.7133  0.477    3  0.000  0.476   152.95    75.77    51.30    36.73    30.62  3  -5.1e-07      0.00 7.277e-01 2.667e-01 8.362e-04 5.309e-04 2.358e-03 -1.000 5.593e-03 -7.803 -7.859 -7.423 -8.464
0.0055 -0.44261 7.01001 18.5725421906 2.6303291587   18.322  5.034  3.7093  0.456    3  0.000  0.474   161.12    78.70    53.19    38.11    31.77  3 -5.22e-07      0.00 7.260e-01 2.684e-01 8.287e-04 5.539e-04 2.342e-03 -1.000 5.590e-03 -7.816 -7.862 -7.413 -8.477
0.0055 -0.44261 7.01001 18.5729389191 2.6303292589   18.322  5.041  3.7038  0.427    3  0.000  0.472   173.06    82.90    55.90    40.08    33.42  3 -5.39e-07      0.00 7.236e-01 2.708e-01 8.183e-04 5.863e-04 2.320e-03 -1.000 5.585e-03 -7.832 -7.865 -7.401 -8.495
0.0055 -0.44261 7.01001 18.5735054016 2.6303294020   18.322  5.051  3.6967  0.389    3  0.000  0.469   190.29    88.83    59.71    42.86    35.74  3 -6.47e-07      0.00 7.201e-01 2.743e-01 8.035e-04 6.323e-04 2.288e-03 -1.000 5.578e-03 -7.856 -7.870 -7.384 -8.518
0.0055 -0.44261 7.01001 18.5742168427 2.6303295816   18.323  5.061  3.6890  0.349    3  0.000  0.466   210.39    95.56    64.03    46.01    38.37  3 -8.62e-07      0.00 7.166e-01 2.778e-01 7.882e-04 6.799e-04 2.255e-03 -1.000 5.571e-03 -7.882 -7.873 -7.364 -8.540
0.0055 -0.44261 7.01001 18.5750465393 2.6303297912   18.323  5.064  3.6827  0.320    3  0.000  0.466   226.09   100.70    67.31    48.40    40.37  3  -8.7e-07      0.00 7.156e-01 2.788e-01 7.846e-04 6.924e-04 2.246e-03 -1.000 5.571e-03 -7.891 -7.863 -7.332 -8.548
0.0055 -0.44261 7.01001 18.5759487152 2.6303300190   18.323  5.068  3.6779  0.296    3  0.000  0.465   239.47   105.00    70.05    50.41    42.05  3  -8.8e-07      0.00 7.145e-01 2.799e-01 7.807e-04 7.060e-04 2.236e-03 -1.000 5.571e-03 -7.900 -7.857 -7.307 -8.557
0.0055 -0.44261 7.01001 18.5767555237 2.6303302227   18.323  5.071  3.6750  0.282    3  0.000  0.465   248.43   107.85    71.86    51.73    43.16  3 -8.94e-07      0.00 7.135e-01 2.809e-01 7.771e-04 7.181e-04 2.227e-03 -1.000 5.571e-03 -7.908 -7.855 -7.293 -8.565
0.0055 -0.44261 7.01001 18.5777969360 2.6303304856   18.323  5.075  3.6732  0.271    3  0.000  0.464   255.39   110.04    73.26    52.75    44.01  3 -9.15e-07      0.00 7.122e-01 2.822e-01 7.726e-04 7.338e-04 2.215e-03 -1.000 5.571e-03 -7.918 -7.859 -7.289 -8.574
0.0055 -0.44261 7.01001 18.5851840973 2.6303323495   18.327  5.070  3.6744  0.281    4  0.000  0.464     0.00     0.00     0.00     0.00     0.00 -1 -8.92e-07      0.00 7.123e-01 2.821e-01 7.733e-04 7.322e-04 2.216e-03 -1.000 5.571e-03 -7.904 -7.849 -7.285 -8.560
0.0055 -0.44261 7.01001 18.6036052704 2.6303369900   18.336  5.055  3.6774  0.308    4  0.000  0.465     0.00     0.00     0.00     0.00     0.00 -1 -8.31e-07      0.00 7.125e-01 2.819e-01 7.753e-04 7.282e-04 2.218e-03 -1.000 5.571e-03 -7.867 -7.822 -7.271 -8.524
0.0055 -0.44261 7.01001 18.6278533936 2.6303430823   18.350  5.042  3.6807  0.334    4  0.000  0.466     0.00     0.00     0.00     0.00     0.00 -1  -7.8e-07      0.00 7.128e-01 2.816e-01 7.779e-04 7.230e-04 2.221e-03 -1.000 5.571e-03 -7.836 -7.802 -7.264 -8.492
0.0055 -0.44261 7.01001 18.6703262329 2.6303537098   18.376  5.034  3.6861  0.364    4  0.000  0.467     0.00     0.00     0.00     0.00     0.00 -1 -7.44e-07      0.00 7.133e-01 2.812e-01 7.824e-04 7.139e-04 2.226e-03 -1.000 5.571e-03 -7.816 -7.797 -7.281 -8.471
0.0055 -0.44261 7.01001 18.6959228516 2.6303600877   18.385  5.057  3.8221  0.885    5  0.000  0.468     0.00     0.00     0.00     0.00     0.00 -1 -8.02e-07      0.00 7.135e-01 2.809e-01 7.851e-04 7.084e-04 2.228e-03 -1.000 5.571e-03 -7.873 -8.058 -7.901 -8.340
0.0055 -0.44261 7.01001 18.6989250183 2.6303608344   18.385  5.068  3.8343  0.923    5  0.000  0.469     0.00     0.00     0.00     0.00     0.00 -1 -8.68e-07      0.00 7.136e-01 2.808e-01 7.854e-04 7.078e-04 2.229e-03 -1.000 5.571e-03 -7.901 -8.086 -7.954 -8.331
0.0055 -0.44261 7.01001 18.7004318237 2.6303612091   18.385  5.079  3.8407  0.939    5  0.000  0.469     0.00     0.00     0.00     0.00     0.00 -1 -9.25e-07      0.00 7.136e-01 2.808e-01 7.856e-04 7.074e-04 2.229e-03 -1.000 5.571e-03 -7.927 -8.111 -7.992 -8.337
0.0055 -0.44261 7.01001 18.7010269165 2.6303613571   18.385  5.086  3.8450  0.949    5  0.000  0.469     0.00     0.00     0.00     0.00     0.00 -1 -9.72e-07      0.00 7.136e-01 2.808e-01 7.856e-04 7.073e-04 2.229e-03 -1.000 5.571e-03 -7.945 -8.128 -8.017 -8.342
0.0055 -0.44261 7.01001 18.7013530731 2.6303614382   18.385  5.090  3.8497  0.963    5  0.000  0.469     0.00     0.00     0.00     0.00     0.00 -1    -1e-06      0.00 7.136e-01 2.808e-01 7.857e-04 7.072e-04 2.229e-03 -1.000 5.571e-03 -7.955 -8.138 -8.035 -8.338
0.0055 -0.44261 7.01001 18.7015037537 2.6303614756   18.386  5.092  3.8531  0.975    5  0.000  0.469     0.00     0.00     0.00     0.00     0.00 -1 -1.03e-06      0.00 7.136e-01 2.808e-01 7.857e-04 7.072e-04 2.229e-03 -1.000 5.571e-03 -7.961 -8.142 -8.044 -8.333
0.0055 -0.44261 7.01001 18.7016754150 2.6303615183   18.385  5.094  3.8587  0.996    5  0.000  0.469     0.00     0.00     0.00     0.00     0.00 -1 -1.06e-06      0.00 7.136e-01 2.808e-01 7.857e-04 7.072e-04 2.229e-03 -1.000 5.571e-03 -7.965 -8.144 -8.055 -8.320
0.0055 -0.44261 7.01001 18.7018661499 2.6303615657   18.385  5.095  3.8671  1.028    5  0.000  0.469     0.00     0.00     0.00     0.00     0.00 -1 -1.08e-06      0.00 7.136e-01 2.808e-01 7.857e-04 7.071e-04 2.229e-03 -1.000 5.571e-03 -7.967 -8.140 -8.063 -8.296
0.0055 -0.44261 7.01001 18.7020778656 2.6303616184   18.385  5.095  3.8778  1.071    5  0.000  0.469     0.00     0.00     0.00     0.00     0.00 -1 -1.11e-06      0.00 7.136e-01 2.808e-01 7.857e-04 7.071e-04 2.229e-03 -1.000 5.571e-03 -7.967 -8.128 -8.064 -8.261
0.0055 -0.44261 7.01001 18.7023143768 2.6303616771   18.385  5.094  3.8894  1.118    5  0.000  0.469     0.00     0.00     0.00     0.00     0.00 -1 -1.13e-06      0.00 7.136e-01 2.808e-01 7.858e-04 7.070e-04 2.229e-03 -1.000 5.571e-03 -7.965 -8.110 -8.057 -8.222
0.0055 -0.44261 7.01001 18.7025814056 2.6303617435   18.385  5.094  3.9008  1.164    5  0.000  0.469     0.00     0.00     0.00     0.00     0.00 -1 -1.16e-06      0.00 7.136e-01 2.808e-01 7.858e-04 7.070e-04 2.229e-03 -1.000 5.571e-03 -7.964 -8.083 -8.038 -8.182
0.0055 -0.44261 7.01001 18.7028789520 2.6303618175   18.385  5.093  3.9117  1.208    5  0.000  0.469     0.00     0.00     0.00     0.00     0.00 -1 -1.19e-06      0.00 7.136e-01 2.808e-01 7.858e-04 7.069e-04 2.229e-03 -1.000 5.571e-03 -7.964 -8.052 -8.011 -8.142
0.0055 -0.44261 7.01001 18.7032108307 2.6303619000   18.385  5.093  3.9222  1.250    5  0.000  0.469     0.00     0.00     0.00     0.00     0.00 -1 -1.23e-06      0.00 7.136e-01 2.808e-01 7.859e-04 7.068e-04 2.229e-03 -1.000 5.571e-03 -7.964 -8.023 -7.991 -8.098
0.0055 -0.44261 7.01001 18.7035808563 2.6303619919   18.385  5.093  3.9327  1.292    5  0.000  0.469     0.00     0.00     0.00     0.00     0.00 -1 -1.25e-06      0.00 7.136e-01 2.808e-01 7.859e-04 7.068e-04 2.229e-03 -1.000 5.571e-03 -7.964 -7.993 -7.970 -8.051
0.0055 -0.44261 7.01001 18.7039947510 2.6303620948   18.385  5.093  3.9433  1.335    5  0.000  0.469     0.00     0.00     0.00     0.00     0.00 -1 -1.29e-06      0.00 7.136e-01 2.808e-01 7.859e-04 7.067e-04 2.229e-03 -1.000 5.571e-03 -7.963 -7.950 -7.930 -8.003
0.0055 -0.44261 7.01001 18.7044582367 2.6303622100   18.385  5.093  3.9539  1.377    5  0.000  0.469     0.00     0.00     0.00     0.00     0.00 -1 -1.32e-06      0.00 7.136e-01 2.808e-01 7.860e-04 7.066e-04 2.229e-03 -1.000 5.571e-03 -7.962 -7.908 -7.893 -7.953
0.0055 -0.44261 7.01001 18.7049770355 2.6303623389   18.384  5.092  3.9641  1.419    5  0.000  0.469     0.00     0.00     0.00     0.00     0.00 -1 -1.35e-06      0.00 7.136e-01 2.808e-01 7.860e-04 7.065e-04 2.229e-03 -1.000 5.571e-03 -7.961 -7.874 -7.867 -7.900
0.0055 -0.44261 7.01001 18.7055549622 2.6303624825   18.385  5.091  3.9736  1.458    5  0.000  0.469     0.00     0.00     0.00     0.00     0.00 -1 -6.67e-07      0.00 7.137e-01 2.808e-01 7.861e-04 7.063e-04 2.229e-03 -1.000 5.571e-03 -7.958 -7.837 -7.837 -7.850
0.0055 -0.44261 7.01001 18.7062015533 2.6303626432   18.385  5.090  3.9825  1.494    5  0.000  0.469     0.00     0.00     0.00     0.00     0.00 -1 -6.83e-07      0.00 7.137e-01 2.808e-01 7.862e-04 7.062e-04 2.229e-03 -1.000 5.571e-03 -7.956 -7.795 -7.798 -7.803
0.0055 -0.44261 7.01001 18.7069263458 2.6303628233   18.385  5.089  3.9906  1.528    5  0.000  0.469     0.00     0.00     0.00     0.00     0.00 -1 -6.95e-07      0.00 7.137e-01 2.808e-01 7.863e-04 7.060e-04 2.230e-03 -1.000 5.571e-03 -7.952 -7.755 -7.761 -7.759
0.0055 -0.44261 7.01001 18.7077350616 2.6303630242   18.385  5.088  3.9980  1.559    5  0.000  0.469     0.00     0.00     0.00     0.00     0.00 -1 -7.03e-07      0.00 7.137e-01 2.808e-01 7.863e-04 7.059e-04 2.230e-03 -1.000 5.571e-03 -7.949 -7.718 -7.726 -7.717
0.0055 -0.44261 7.01001 18.7086391449 2.6303632488   18.386  5.086  4.0045  1.586    5  0.000  0.469     0.00     0.00     0.00     0.00     0.00 -1 -6.59e-07      0.00 7.137e-01 2.807e-01 7.864e-04 7.057e-04 2.230e-03 -1.000 5.571e-03 -7.946 -7.684 -7.694 -7.680
0.0055 -0.44261 7.01001 18.7096500397 2.6303634998   18.386  5.085  4.0102  1.610    5  0.000  0.469     0.00     0.00     0.00     0.00     0.00 -1  -5.4e-07      0.00 7.137e-01 2.807e-01 7.865e-04 7.055e-04 2.230e-03 -1.000 5.571e-03 -7.943 -7.655 -7.667 -7.647
0.0055 -0.44261 7.01001 18.7107791901 2.6303637803   18.387  5.084  4.0152  1.631    5  0.000  0.469     0.00     0.00     0.00     0.00     0.00 -1 -4.29e-07      0.00 7.137e-01 2.807e-01 7.867e-04 7.052e-04 2.230e-03 -1.000 5.571e-03 -7.940 -7.628 -7.642 -7.618
0.0055 -0.44261 7.01001 18.7134513855 2.6303644437   18.389  5.083  4.0234  1.665    5  0.000  0.469     0.00     0.00     0.00     0.00     0.00 -1 -3.44e-07      0.00 7.137e-01 2.807e-01 7.869e-04 7.046e-04 2.230e-03 -1.000 5.571e-03 -7.937 -7.585 -7.601 -7.570
0.0055 -0.44261 7.01001 18.7167873383 2.6303652717   18.392  5.082  4.0301  1.693    5  0.000  0.469     0.00     0.00     0.00     0.00     0.00 -1  -3.5e-07      0.00 7.138e-01 2.807e-01 7.873e-04 7.039e-04 2.231e-03 -1.000 5.571e-03 -7.936 -7.551 -7.569 -7.531
0.0055 -0.44261 7.01001 18.7252368927 2.6303673673   18.398  5.083  4.0419  1.740    5  0.000  0.470     0.00     0.00     0.00     0.00     0.00 -1 -3.59e-07      0.00 7.139e-01 2.806e-01 7.882e-04 7.021e-04 2.232e-03 -1.000 5.571e-03 -7.937 -7.493 -7.516 -7.467
0.0055 -0.44261 7.01001 18.7343635559 2.6303696283   18.405  5.084  4.0512  1.775    5  0.000  0.470     0.00     0.00     0.00     0.00     0.00 -1  -3.7e-07      0.00 7.140e-01 2.805e-01 7.892e-04 7.002e-04 2.233e-03 -1.000 5.571e-03 -7.940 -7.448 -7.475 -7.417
0.0055 -0.44261 7.01001 18.7456436157 2.6303724194   18.413  5.094  4.0614  1.806    5  0.000  0.470     0.00     0.00     0.00     0.00     0.00 -1 -3.95e-07      0.00 7.141e-01 2.803e-01 7.903e-04 6.978e-04 2.234e-03 -1.000 5.571e-03 -7.966 -7.421 -7.450 -7.383
0.0055 -0.44261 7.01001 18.7637176514 2.6303768835   18.423  5.105  4.1726  2.241    5  0.000  0.471     0.00     0.00     0.00     0.00     0.00 -1 -3.22e-07      0.00 7.143e-01 2.801e-01 7.923e-04 6.939e-04 2.236e-03 -1.000 5.571e-03 -7.992 -6.847 -6.918 -6.729
0.0055 -0.44261 7.01001 18.7980327606 2.6303853318   18.449  5.104  4.1921  2.320    5  0.000  0.472     0.00     0.00     0.00     0.00     0.00 -1 -3.38e-07      0.00 7.147e-01 2.798e-01 7.959e-04 6.866e-04 2.239e-03 -1.000 5.571e-03 -7.989 -6.736 -6.813 -6.605
0.0055 -0.44261 7.01001 18.8783302307 2.6304049629   18.508  5.110  4.1783  2.260    6  0.000  0.475     0.00     0.00     0.00     0.00     0.00 -1 -3.38e-07      0.00 7.155e-01 2.789e-01 8.043e-04 6.695e-04 2.248e-03 -1.000 5.571e-03 -8.006 -6.829 -6.902 -6.706
0.0055 -0.44261 7.01001 18.9448757172 2.6304210870   18.556  5.116  4.1649  2.202    6  0.000  0.478     0.00     0.00     0.00     0.00     0.00 -1 -3.35e-07      0.00 7.163e-01 2.782e-01 8.113e-04 6.554e-04 2.255e-03 -1.000 5.571e-03 -8.020 -6.915 -6.983 -6.804
0.0055 -0.44261 7.01001 19.0328674316 2.6304422086   18.621  5.123  4.1499  2.136    6  0.000  0.481     0.00     0.00     0.00     0.00     0.00 -1 -3.32e-07      0.00 7.172e-01 2.772e-01 8.205e-04 6.369e-04 2.265e-03 -1.000 5.571e-03 -8.038 -7.013 -7.074 -6.918
0.0055 -0.44261 7.01001 19.1016006470 2.6304585517   18.671  5.129  4.1361  2.077    6  0.000  0.483     0.00     0.00     0.00     0.00     0.00 -1 -3.28e-07      0.00 7.179e-01 2.765e-01 8.276e-04 6.225e-04 2.272e-03 -1.000 5.571e-03 -8.052 -7.105 -7.161 -7.017
0.0055 -0.44261 7.01001 19.1592044830 2.6304721448   18.685  5.133  4.1196  2.007    6  0.000  0.486     0.00     0.00     0.00     0.00     0.00 -1 -5.08e-07      0.00 7.186e-01 2.759e-01 8.336e-04 6.104e-04 2.278e-03 -1.000 5.571e-03 -8.063 -7.213 -7.266 -7.128
0.0055 -0.44261 7.01001 19.2082786560 2.6304836511   18.666  5.136  4.0993  1.922    6  0.000  0.487     0.00     0.00     0.00     0.00     0.00 -1 -9.13e-07      0.00 7.191e-01 2.753e-01 8.386e-04 6.002e-04 2.283e-03 -1.000 5.571e-03 -8.071 -7.335 -7.383 -7.260
0.0055 -0.44261 7.01001 19.2505912781 2.6304935179   18.649  5.139  4.0776  1.832    6  0.000  0.489     0.00     0.00     0.00     0.00     0.00 -1 -9.02e-07      0.00 7.195e-01 2.749e-01 8.430e-04 5.914e-04 2.288e-03 -1.000 5.571e-03 -8.077 -7.456 -7.495 -7.397
0.0055 -0.44261 7.01001 19.2897682190 2.6305026092   18.636  5.141  4.0539  1.735    6  0.000  0.490     0.00     0.00     0.00     0.00     0.00 -1 -8.88e-07      0.00 7.200e-01 2.745e-01 8.470e-04 5.832e-04 2.292e-03 -1.000 5.571e-03 -8.083 -7.577 -7.604 -7.544
0.0055 -0.44261 7.01001 19.3232479095 2.6305103448   18.626  5.143  4.0304  1.638    6  0.000  0.491     0.00     0.00     0.00     0.00     0.00 -1 -8.65e-07      0.00 7.203e-01 2.741e-01 8.504e-04 5.763e-04 2.296e-03 -1.000 5.571e-03 -8.088 -7.702 -7.721 -7.683
0.0055 -0.44261 7.01001 19.3546619415 2.6305175751   18.618  5.145  4.0041  1.531    6  0.000  0.493     0.00     0.00     0.00     0.00     0.00 -1 -8.36e-07      0.00 7.206e-01 2.738e-01 8.537e-04 5.698e-04 2.299e-03 -1.000 5.571e-03 -8.093 -7.833 -7.843 -7.829
0.0055 -0.44261 7.01001 19.3819141388 2.6305238257   18.613  5.146  3.9763  1.419    6  0.000  0.494     0.00     0.00     0.00     0.00     0.00 -1 -8.75e-07      0.00 7.209e-01 2.735e-01 8.564e-04 5.641e-04 2.302e-03 -1.000 5.571e-03 -8.096 -7.963 -7.964 -7.975
0.0055 -0.44261 7.01001 19.4042949677 2.6305289439   18.608  5.147  3.9448  1.292    6  0.000  0.494     0.00     0.00     0.00     0.00     0.00 -1 -1.42e-06      0.00 7.212e-01 2.733e-01 8.587e-04 5.595e-04 2.304e-03 -1.000 5.571e-03 -8.097 -8.078 -8.058 -8.131
0.0055 -0.44261 7.01001 19.4183883667 2.6305321599   18.598  5.146  3.9169  1.181    6  0.000  0.495     0.00     0.00     0.00     0.00     0.00 -1 -1.79e-06      0.00 7.213e-01 2.731e-01 8.602e-04 5.566e-04 2.306e-03 -1.000 5.571e-03 -8.096 -8.168 -8.130 -8.254
0.0055 -0.44261 7.01001 19.4339313507 2.6305357005   18.588  5.138  3.8723  1.010    6  0.000  0.495     0.00     0.00     0.00     0.00     0.00 -1 -1.53e-06      0.00 7.215e-01 2.729e-01 8.617e-04 5.534e-04 2.307e-03 -1.000 5.571e-03 -8.075 -8.243 -8.172 -8.387
0.0055 -0.44261 7.01001 19.4459648132 2.6305384372   18.583  5.133  3.8511  0.930    6  0.000  0.495     0.00     0.00     0.00     0.00     0.00 -1 -1.42e-06      0.00 7.216e-01 2.728e-01 8.619e-04 5.510e-04 2.308e-03 -1.000 5.571e-03 -8.063 -8.246 -8.145 -8.442
0.0055 -0.44261 7.01001 19.4596900940 2.6305415538   18.577  5.134  3.8410  0.889    6  0.000  0.494     0.00     0.00     0.00     0.00     0.00 -1  -1.4e-06      0.00 7.218e-01 2.727e-01 8.596e-04 5.513e-04 2.310e-03 -1.000 5.571e-03 -8.065 -8.250 -8.132 -8.474
0.0055 -0.44261 7.01001 19.4711799622 2.6305441590   18.572  5.135  3.8337  0.859    6  0.000  0.493     0.00     0.00     0.00     0.00     0.00 -1 -1.39e-06      0.00 7.219e-01 2.726e-01 8.573e-04 5.521e-04 2.311e-03 -1.000 5.571e-03 -8.067 -8.253 -8.122 -8.498
0.0055 -0.44261 7.01001 19.4824066162 2.6305467011   18.567  5.136  3.8259  0.827    6  0.000  0.491     0.00     0.00     0.00     0.00     0.00 -1 -1.37e-06      0.00 7.220e-01 2.724e-01 8.551e-04 5.528e-04 2.312e-03 -1.000 5.571e-03 -8.069 -8.255 -8.108 -8.524
0.0055 -0.44261 7.01001 19.4933662415 2.6305491795   18.563  5.136  3.8177  0.793    6  0.000  0.490     0.00     0.00     0.00     0.00     0.00 -1 -1.36e-06      0.00 7.221e-01 2.723e-01 8.528e-04 5.537e-04 2.313e-03 -1.000 5.571e-03 -8.071 -8.256 -8.091 -8.550
0.0055 -0.44261 7.01001 19.5022830963 2.6305511935   18.560  5.137  3.8105  0.764    6  0.000  0.489     0.00     0.00     0.00     0.00     0.00 -1 -1.34e-06      0.00 7.222e-01 2.722e-01 8.510e-04 5.543e-04 2.314e-03 -1.000 5.571e-03 -8.072 -8.255 -8.075 -8.572
0.0055 -0.44261 7.01001 19.5110034943 2.6305531612   18.558  5.137  3.8027  0.732    6  0.000  0.488     0.00     0.00     0.00     0.00     0.00 -1 -1.32e-06      0.00 7.223e-01 2.721e-01 8.492e-04 5.550e-04 2.315e-03 -1.000 5.571e-03 -8.073 -8.253 -8.054 -8.596
0.0055 -0.44261 7.01001 19.5195198059 2.6305550808   18.555  5.138  3.7937  0.696    6  0.000  0.487     0.00     0.00     0.00     0.00     0.00 -1  -1.3e-06      0.00 7.224e-01 2.720e-01 8.474e-04 5.557e-04 2.316e-03 -1.000 5.571e-03 -8.074 -8.250 -8.028 -8.621
0.0055 -0.44261 7.01001 19.5278205872 2.6305569500   18.553  5.138  3.7827  0.652    6  0.000  0.486     0.00     0.00     0.00     0.00     0.00 -1 -1.28e-06      0.00 7.225e-01 2.720e-01 8.456e-04 5.564e-04 2.317e-03 -1.000 5.571e-03 -8.074 -8.243 -7.994 -8.648
0.0055 -0.44261 7.01001 19.5349903107 2.6305585631   18.551  5.137  3.7698  0.601    6  0.000  0.485     0.00     0.00     0.00     0.00     0.00 -1 -1.23e-06      0.00 7.225e-01 2.719e-01 8.440e-04 5.570e-04 2.318e-03 -1.000 5.571e-03 -8.072 -8.226 -7.941 -8.674
0.0055 -0.44261 7.01001 19.5421409607 2.6305601705   18.550  5.127  3.7545  0.549    6  0.000  0.484     0.00     0.00     0.00     0.00     0.00 -1 -1.14e-06      0.00 7.226e-01 2.718e-01 8.425e-04 5.576e-04 2.318e-03 -1.000 5.571e-03 -8.049 -8.183 -7.857 -8.677
0.0055 -0.44261 7.01001 19.5508499146 2.6305621263   18.549  5.134  3.7449  0.504    6  0.000  0.483     0.00     0.00     0.00     0.00     0.00 -1 -1.14e-06      0.00 7.225e-01 2.719e-01 8.397e-04 5.609e-04 2.318e-03 -1.000 5.571e-03 -8.066 -8.186 -7.835 -8.707
0.0055 -0.44261 7.01001 19.5597133636 2.6305641148   18.548  5.135  3.7374  0.473    6  0.000  0.480     0.00     0.00     0.00     0.00     0.00 -1 -1.13e-06      0.00 7.216e-01 2.728e-01 8.325e-04 5.761e-04 2.310e-03 -1.000 5.571e-03 -8.068 -8.175 -7.804 -8.717
0.0055 -0.44261 7.01001 19.5682773590 2.6305660342   18.546  5.136  3.7287  0.438    6  0.000  0.478     0.00     0.00     0.00     0.00     0.00 -1 -1.11e-06      0.00 7.207e-01 2.737e-01 8.256e-04 5.909e-04 2.302e-03 -1.000 5.571e-03 -8.069 -8.160 -7.765 -8.725
0.0055 -0.44261 7.01001 19.5764312744 2.6305678598   18.545  5.134  3.7195  0.402    6  0.000  0.476     0.00     0.00     0.00     0.00     0.00 -1 -1.08e-06      0.00 7.199e-01 2.746e-01 8.189e-04 6.051e-04 2.294e-03 -1.000 5.571e-03 -8.066 -8.137 -7.716 -8.728
0.0055 -0.44261 7.01001 19.5803375244 2.6305687338   18.545  5.134  3.7160  0.389    6  0.000  0.475     0.00     0.00     0.00     0.00     0.00 -1 -1.07e-06      0.00 7.195e-01 2.750e-01 8.157e-04 6.119e-04 2.290e-03 -1.000 5.571e-03 -8.064 -8.128 -7.696 -8.728
0.0055 -0.44261 7.01001 19.5841407776 2.6305695843   18.545  5.134  3.7130  0.376    6  0.000  0.474     0.00     0.00     0.00     0.00     0.00 -1 -1.07e-06      0.00 7.191e-01 2.754e-01 8.121e-04 6.187e-04 2.287e-03 -1.000 5.571e-03 -8.066 -8.123 -7.682 -8.731
0.0055 -0.44261 7.01001 19.5878314972 2.6305704094   18.544  5.135  3.7101  0.364    6  0.000  0.472     0.00     0.00     0.00     0.00     0.00 -1 -1.07e-06      0.00 7.187e-01 2.758e-01 8.086e-04 6.254e-04 2.283e-03 -1.000 5.571e-03 -8.068 -8.118 -7.669 -8.734
0.0055 -0.44261 7.01001 19.5914211273 2.6305712115   18.544  5.136  3.7076  0.353    6  0.000  0.471     0.00     0.00     0.00     0.00     0.00 -1 -1.06e-06      0.00 7.183e-01 2.762e-01 8.052e-04 6.322e-04 2.280e-03 -1.000 5.571e-03 -8.069 -8.113 -7.656 -8.735
0.0055 -0.44261 7.01001 19.5949039459 2.6305719893   18.544  5.136  3.7050  0.342    6  0.000  0.470     0.00     0.00     0.00     0.00     0.00 -1 -1.06e-06      0.00 7.179e-01 2.765e-01 8.020e-04 6.389e-04 2.276e-03 -1.000 5.571e-03 -8.070 -8.107 -7.642 -8.736
0.0055 -0.44261 7.01001 19.5982875824 2.6305727448   18.543  5.136  3.7022  0.331    6  0.000  0.469     0.00     0.00     0.00     0.00     0.00 -1 -1.06e-06      0.00 7.175e-01 2.769e-01 7.988e-04 6.453e-04 2.273e-03 -1.000 5.571e-03 -8.071 -8.100 -7.628 -8.737
0.0055 -0.44261 7.01001 19.6015644073 2.6305734761   18.543  5.137  3.6993  0.319    6  0.000  0.468     0.00     0.00     0.00     0.00     0.00 -1 -1.05e-06      0.00 7.172e-01 2.773e-01 7.957e-04 6.516e-04 2.270e-03 -1.000 5.571e-03 -8.071 -8.093 -7.613 -8.737
0.0055 -0.44261 7.01001 19.6047477722 2.6305741863   18.543  5.137  3.6963  0.306    6  0.000  0.466     0.00     0.00     0.00     0.00     0.00 -1 -1.05e-06      0.00 7.168e-01 2.776e-01 7.927e-04 6.577e-04 2.267e-03 -1.000 5.571e-03 -8.072 -8.085 -7.595 -8.737
0.0055 -0.44261 7.01001 19.6073818207 2.6305747737   18.543  5.137  3.6936  0.296    6  0.000  0.466     0.00     0.00     0.00     0.00     0.00 -1 -1.04e-06      0.00 7.165e-01 2.779e-01 7.903e-04 6.628e-04 2.264e-03 -1.000 5.571e-03 -8.072 -8.078 -7.580 -8.737
0.0055 -0.44261 7.01001 19.6100177765 2.6305753614   18.543  5.137  3.6908  0.284    6  0.000  0.465     0.00     0.00     0.00     0.00     0.00 -1 -1.03e-06      0.00 7.163e-01 2.782e-01 7.878e-04 6.678e-04 2.261e-03 -1.000 5.571e-03 -8.073 -8.070 -7.563 -8.736
0.0055 -0.44261 7.01001 19.6117191315 2.6305757406   18.543  5.137  3.6889  0.277    6  0.000  0.464     0.00     0.00     0.00     0.00     0.00 -1 -1.03e-06      0.00 7.161e-01 2.784e-01 7.862e-04 6.711e-04 2.260e-03 -1.000 5.571e-03 -8.073 -8.064 -7.552 -8.735
0.0055 -0.44261 7.01001 19.6135845184 2.6305761563   18.543  5.137  3.6866  0.268    6  0.000  0.463     0.00     0.00     0.00     0.00     0.00 -1 -1.02e-06      0.00 7.159e-01 2.786e-01 7.844e-04 6.747e-04 2.258e-03 -1.000 5.571e-03 -8.072 -8.057 -7.537 -8.733
0.0055 -0.44261 7.01001 19.6154460907 2.6305765710   18.543  5.137  3.6844  0.259    6  0.000  0.463     0.00     0.00     0.00     0.00     0.00 -1 -1.02e-06      0.00 7.157e-01 2.788e-01 7.827e-04 6.783e-04 2.256e-03 -1.000 5.571e-03 -8.072 -8.049 -7.523 -8.732
0.0055 -0.44261 7.01001 19.6173133850 2.6305769869   18.543  5.136  3.6823  0.251    6  0.000  0.462     0.00     0.00     0.00     0.00     0.00 -1 -1.01e-06      0.00 7.154e-01 2.790e-01 7.809e-04 6.819e-04 2.254e-03 -1.000 5.571e-03 -8.071 -8.042 -7.507 -8.731
0.0055 -0.44261 7.01001 19.6192874908 2.6305774266   18.543  5.136  3.6802  0.243    6  0.000  0.461     0.00     0.00     0.00     0.00     0.00 -1    -1e-06      0.00 7.152e-01 2.792e-01 7.790e-04 6.857e-04 2.252e-03 -1.000 5.571e-03 -8.069 -8.035 -7.491 -8.730
0.0055 -0.44261 7.01001 19.6221084595 2.6305780546   18.543  5.135  3.6779  0.235    6  0.000  0.461     0.00     0.00     0.00     0.00     0.00 -1 -9.96e-07      0.00 7.149e-01 2.795e-01 7.763e-04 6.912e-04 2.249e-03 -1.000 5.571e-03 -8.068 -8.026 -7.472 -8.728
0.0055 -0.44261 7.01001 19.6278152466 2.6305793245   18.543  5.135  3.6749  0.222    6  0.000  0.459     0.00     0.00     0.00     0.00     0.00 -1 -9.91e-07      0.00 7.143e-01 2.801e-01 7.709e-04 7.023e-04 2.244e-03 -1.000 5.571e-03 -8.069 -8.016 -7.450 -8.728
0.0055 -0.44261 7.01001 19.6704177856 2.6305887776   18.543  5.142  3.6630  0.168    6  0.000  0.439     0.00     0.00     0.00     0.00     0.00 -1 -1.01e-06      0.00 7.095e-01 2.850e-01 7.238e-04 7.907e-04 2.200e-03 -1.000 5.571e-03 -8.084 -7.984 -7.367 -8.733
0.0055 -0.44261 7.01001 19.6995868683 2.6305952229   18.542  5.138  3.6376  0.070    6  0.000  0.411     0.00     0.00     0.00     0.00     0.00 -1 -1.38e-06      0.00 6.966e-01 2.978e-01 6.421e-04 9.822e-04 2.090e-03 -1.000 5.571e-03 -8.075 -7.847 -7.138 -8.660
0.0055 -0.44261 7.01001 19.7000217438 2.6305953188   18.542  5.139  3.6356  0.061    6  0.000  0.409     0.00     0.00     0.00     0.00     0.00 -1 -1.38e-06      0.00 6.947e-01 2.997e-01 6.354e-04 1.002e-03 2.077e-03 -1.000 5.571e-03 -8.078 -7.839 -7.122 -8.657
0.0055 -0.44261 7.01001 19.7004013062 2.6305954025   18.542  5.140  3.6336  0.052    6  0.000  0.407     0.00     0.00     0.00     0.00     0.00 -1 -1.38e-06      0.00 6.930e-01 3.014e-01 6.293e-04 1.020e-03 2.065e-03 -1.000 5.571e-03 -8.080 -7.830 -7.106 -8.653
0.0055 -0.44261 7.01001 19.7007465363 2.6305954787   18.542  5.141  3.6316  0.044    6  0.000  0.406     0.00     0.00     0.00     0.00     0.00 -1 -1.38e-06      0.00 6.915e-01 3.030e-01 6.238e-04 1.037e-03 2.053e-03 -1.000 5.571e-03 -8.082 -7.821 -7.090 -8.649
0.0055 -0.44261 7.01001 19.7011241913 2.6305955620   18.542  5.142  3.6292  0.033    6  0.000  0.404     0.00     0.00     0.00     0.00     0.00 -1 -1.37e-06      0.00 6.897e-01 3.047e-01 6.177e-04 1.055e-03 2.041e-03 -1.000 5.571e-03 -8.084 -7.808 -7.068 -8.642
0.0055 -0.44261 7.01001 19.7013816833 2.6305956188   18.542  5.142  3.6273  0.025    6  0.000  0.403     0.00     0.00     0.00     0.00     0.00 -1 -1.37e-06      0.00 6.886e-01 3.059e-01 6.135e-04 1.068e-03 2.033e-03 -1.000 5.571e-03 -8.085 -7.797 -7.049 -8.636
0.0055 -0.44261 7.01001 19.7016448975 2.6305956768   18.542  5.142  3.6251  0.016    7  0.000  0.402   383.83   174.82   114.02    82.62    69.02  0 -1.37e-06      0.00 6.874e-01 3.071e-01 6.093e-04 1.080e-03 2.024e-03 -1.000 5.571e-03 -8.086 -7.780 -7.022 -8.626
0.0055 -0.44261 7.01001 19.7019195557 2.6305957374   18.542  5.142  3.6225  0.006    7  0.000  0.400   390.12   178.17   116.11    84.16    70.31  0 -1.36e-06      0.00 6.861e-01 3.083e-01 6.048e-04 1.093e-03 2.016e-03 -1.000 5.571e-03 -8.086 -7.764 -6.996 -8.617
0.0055 -0.44261 7.01001 19.7022056580 2.6305958005   18.542  5.142  3.6193 -0.007    7  0.000  0.399   397.70   182.22   118.62    86.01    71.86  0 -1.35e-06      0.00 6.848e-01 3.096e-01 6.002e-04 1.107e-03 2.006e-03 -1.000 5.571e-03 -8.086 -7.745 -6.965 -8.605
0.0055 -0.44261 7.01001 19.7023544312 2.6305958333   18.542  5.142  3.6175 -0.014    7  0.000  0.398   402.08   184.57   120.08    87.09    72.76  0 -1.34e-06      0.00 6.841e-01 3.103e-01 5.978e-04 1.114e-03 2.002e-03 -1.000 5.571e-03 -8.085 -7.733 -6.946 -8.597
0.0055 -0.44261 7.01001 19.7025051117 2.6305958665   18.541  5.142  3.6155 -0.022    7  0.000  0.398   406.92   187.17   121.70    88.28    73.75  0 -1.34e-06      0.00 6.835e-01 3.110e-01 5.954e-04 1.122e-03 1.997e-03 -1.000 5.571e-03 -8.084 -7.720 -6.924 -8.589
0.0055 -0.44261 7.01001 19.7026634216 2.6305959014   18.542  5.141  3.6133 -0.030    7  0.000  0.397   412.27   190.05   123.48    89.59    74.86  0 -1.33e-06      0.00 6.827e-01 3.117e-01 5.928e-04 1.129e-03 1.992e-03 -1.000 5.571e-03 -8.083 -7.704 -6.900 -8.579
0.0055 -0.44261 7.01001 19.7028198242 2.6305959359   18.541  5.141  3.6108 -0.039    7  0.000  0.396   418.18   193.23   125.46    91.05    76.08  0 -1.32e-06      0.00 6.820e-01 3.124e-01 5.903e-04 1.137e-03 1.986e-03 -1.000 5.571e-03 -8.082 -7.687 -6.873 -8.567
0.0055 -0.44261 7.01001 19.7029838562 2.6305959721   18.542  5.140  3.6081 -0.049    7  0.000  0.396   424.65   196.73   127.63    92.65    77.41  0  -1.3e-06      0.00 6.813e-01 3.132e-01 5.876e-04 1.145e-03 1.981e-03 -1.000 5.571e-03 -8.079 -7.666 -6.841 -8.554
0.0055 -0.44261 7.01001 19.7031536102 2.6305960095   18.542  5.138  3.6051 -0.060    7  0.000  0.395   431.72   200.56   130.00    94.40    78.88  0 -1.29e-06      0.00 6.805e-01 3.139e-01 5.849e-04 1.153e-03 1.976e-03 -1.000 5.571e-03 -8.076 -7.642 -6.804 -8.537
0.0055 -0.44261 7.01001 19.7033271790 2.6305960478   18.541  5.136  3.6016 -0.071    7  0.000  0.394   439.52   204.80   132.63    96.33    80.50  0 -1.27e-06      0.00 6.797e-01 3.147e-01 5.821e-04 1.161e-03 1.970e-03 -1.000 5.571e-03 -8.070 -7.613 -6.760 -8.517
0.0055 -0.44261 7.01001 19.7035064697 2.6305960873   18.541  5.134  3.5976 -0.085    7  0.000  0.393   449.15   210.05   135.87    98.72    82.51  0 -1.25e-06      0.00 6.789e-01 3.155e-01 5.794e-04 1.170e-03 1.964e-03 -1.000 5.571e-03 -8.065 -7.579 -6.707 -8.494
0.0055 -0.44261 7.01001 19.7036914825 2.6305961281   18.541  5.131  3.5934 -0.099    7  0.000  0.392   458.50   215.17   139.03   101.06    84.46  0 -1.22e-06      0.00 6.781e-01 3.163e-01 5.766e-04 1.178e-03 1.959e-03 -1.000 5.571e-03 -8.056 -7.539 -6.645 -8.466
0.0055 -0.44261 7.01001 19.7038841248 2.6305961706   18.541  5.124  3.5901 -0.106    7  0.000  0.392   463.53   217.93   140.73   102.31    85.51  0 -1.19e-06      0.00 6.772e-01 3.172e-01 5.737e-04 1.187e-03 1.952e-03 -1.000 5.571e-03 -8.041 -7.498 -6.588 -8.435
0.0055 -0.44261 7.01001 19.7040672302 2.6305962110   18.541  5.119  3.5883 -0.107    7  0.000  0.391   464.75   218.61   141.15   102.62    85.77  0 -1.14e-06      0.00 6.764e-01 3.180e-01 5.710e-04 1.195e-03 1.947e-03 -1.000 5.571e-03 -8.027 -7.470 -6.548 -8.413
0.0055 -0.44261 7.01001 19.7042446136 2.6305962501   18.541  5.117  3.5871 -0.110    7  0.000  0.390   466.74   219.70   141.82   103.12    86.19  0 -1.11e-06      0.00 6.756e-01 3.188e-01 5.684e-04 1.204e-03 1.941e-03 -1.000 5.571e-03 -8.022 -7.454 -6.523 -8.401
0.0055 -0.44261 7.01001 19.7044467926 2.6305962946   18.542  5.120  3.5853 -0.121    7  0.000  0.389   474.42   223.93   144.43   105.04    87.80  0 -1.09e-06      0.00 6.748e-01 3.197e-01 5.654e-04 1.213e-03 1.935e-03 -1.000 5.571e-03 -8.030 -7.447 -6.502 -8.400
0.0055 -0.44261 7.01001 19.7046470642 2.6305963388   18.541  5.143  3.5825 -0.155    7  0.000  0.388   500.33   238.28   153.25   111.56    93.27  0 -1.11e-06      0.00 6.739e-01 3.205e-01 5.624e-04 1.222e-03 1.928e-03 -1.000 5.571e-03 -8.088 -7.478 -6.511 -8.444
0.0055 -0.44261 7.01001 19.7047653198 2.6305963649   18.541  5.159  3.5809 -0.177    7  0.000  0.387   517.42   247.82   159.11   115.89    96.89  0 -1.23e-06      0.00 6.734e-01 3.211e-01 5.588e-04 1.229e-03 1.925e-03 -1.000 5.571e-03 -8.126 -7.502 -6.520 -8.474
0.0055 -0.44261 7.01001 19.7048492432 2.6305963834   18.541  5.167  3.5801 -0.188    7  0.000  0.386   526.73   253.03   162.30   118.26    98.87  0 -1.32e-06      0.00 6.730e-01 3.214e-01 5.563e-04 1.234e-03 1.922e-03 -1.000 5.571e-03 -8.147 -7.514 -6.524 -8.490
0.0055 -0.44261 7.01001 19.7050304413 2.6305964233   18.541  5.177  3.5790 -0.202    7  0.000  0.384   538.36   259.57   166.31   121.22   101.36  0 -1.41e-06      0.00 6.722e-01 3.222e-01 5.526e-04 1.243e-03 1.917e-03 -1.000 5.571e-03 -8.172 -7.528 -6.528 -8.509
0.0055 -0.44261 7.01001 19.7057037354 2.6305965717   18.541  5.188  3.5778 -0.219    7  0.000  0.382   551.98   267.26   171.01   124.70   104.27  0 -1.51e-06      0.00 6.706e-01 3.238e-01 5.464e-04 1.260e-03 1.905e-03 -1.000 5.571e-03 -8.200 -7.543 -6.532 -8.529
0.0055 -0.44261 7.01001 19.7093906403 2.6305973842   18.540  5.211  3.5755 -0.251    7  0.000  0.380   580.15   283.26   180.77   131.93   110.34  0 -1.69e-06      0.00 6.688e-01 3.256e-01 5.390e-04 1.283e-03 1.890e-03 -1.000 5.571e-03 -8.257 -7.575 -6.541 -8.572
0.0055 -0.44261 7.01001 19.7114562988 2.6305978393   18.539  5.226  3.5739 -0.272    7  0.000  0.379   599.65   294.41   187.56   136.97   114.56  0 -1.82e-06      0.00 6.678e-01 3.267e-01 5.347e-04 1.296e-03 1.881e-03 -1.000 5.571e-03 -8.295 -7.597 -6.547 -8.600
0.0055 -0.44261 7.01001 19.7141132355 2.6305984245   18.538  5.246  3.5718 -0.301    7  0.000  0.378   627.05   310.19   197.15   144.08   120.53  0 -2.01e-06      0.00 6.665e-01 3.279e-01 5.302e-04 1.312e-03 1.869e-03 -1.000 5.588e-03 -8.346 -7.626 -6.556 -8.639
0.0055 -0.44261 7.01001 19.7174854279 2.6305991670   18.536  5.282  3.5683 -0.351    7  0.000  0.377   677.68   339.65   215.00   157.33   131.64  0  -2.4e-06      0.01 6.649e-01 3.295e-01 5.251e-04 1.332e-03 1.854e-03 -1.000 5.578e-03 -8.436 -7.673 -6.563 -8.703
0.0055 -0.44261 7.01001 19.7211723328 2.6305999784   18.534  5.310  3.5655 -0.390    7  0.000  0.377   719.79   364.44   229.96   168.46   140.97  0 -2.74e-06      0.01 6.624e-01 3.320e-01 5.201e-04 1.354e-03 1.836e-03 -1.000 5.556e-03 -8.506 -7.708 -6.565 -8.753
