Zini MH logAge Mini int_IMF Mass logL logTe logg label McoreTP C_O period0 period1 period2 period3 period4 pmode Mloss tau1m X Y Xc Xn Xo Cexcess Z mbolmag Gmag G_BPmag G_RPmag
0.004 -0.58336 7.85000 0.0900000036 1.0816895926    0.090 -2.569  3.4602  4.754    0  0.000  0.545     0.00     0.00     0.00     0.00     0.00 -1  -4.8e-16      0.00 7.399e-01 2.561e-01 7.193e-04 1.940e-04 1.760e-03 -1.000 4.000e-03 11.193 12.457 14.499 11.136
0.004 -0.58336 7.85000 0.0955373794 1.1327089198    0.096 -2.526  3.4655  4.759    0  0.000  0.545     0.00     0.00     0.00     0.00     0.00 -1 -5.11e-16      0.00 7.399e-01 2.561e-01 7.193e-04 1.940e-04 1.760e-03 -1.000 4.000e-03 11.086 12.301 14.260 10.997
0.004 -0.58336 7.85000 0.1000000015 1.1711064122    0.100 -2.492  3.4700  4.762    0  0.000  0.545     0.00     0.00     0.00     0.00     0.00 -1 -5.39e-16      0.00 7.399e-01 2.561e-01 7.193e-04 1.940e-04 1.760e-03 -1.000 4.000e-03 11.001 12.174 14.063 10.885
0.004 -0.58336 7.85000 0.1042682454 1.2058025672    0.104 -2.464  3.4732  4.765    0  0.000  0.545     0.00     0.00     0.00     0.00     0.00 -1  -5.6e-16      0.00 7.399e-01 2.561e-01 7.193e-04 1.940e-04 1.760e-03 -1.000 4.000e-03 10.931 12.075 13.916 10.797
0.004 -0.58336 7.85000 0.1145369560 1.2822067023    0.114 -2.398  3.4809  4.770    0  0.000  0.545     0.00     0.00     0.00     0.00     0.00 -1 -6.19e-16      0.00 7.399e-01 2.561e-01 7.193e-04 1.940e-04 1.760e-03 -1.000 4.000e-03 10.765 11.838 13.565 10.588
0.004 -0.58336 7.85000 0.1199999973 1.3193154249    0.120 -2.365  3.4850  4.774    0  0.000  0.545     0.00     0.00     0.00     0.00     0.00 -1 -6.49e-16      0.00 7.399e-01 2.561e-01 7.193e-04 1.940e-04 1.760e-03 -1.000 4.000e-03 10.683 11.717 13.384 10.482
0.004 -0.58336 7.85000 0.1206908226 1.3238514072    0.121 -2.361  3.4854  4.775    0  0.000  0.545     0.00     0.00     0.00     0.00     0.00 -1 -6.53e-16      0.00 7.399e-01 2.561e-01 7.193e-04 1.940e-04 1.760e-03 -1.000 4.000e-03 10.673 11.704 13.364 10.471
0.004 -0.58336 7.85000 0.1400000006 1.4384526719    0.140 -2.258  3.4964  4.779    0  0.000  0.545     0.00     0.00     0.00     0.00     0.00 -1 -7.65e-16      0.00 7.399e-01 2.561e-01 7.193e-04 1.940e-04 1.760e-03 -1.000 4.000e-03 10.415 11.351 12.871 10.157
0.004 -0.58336 7.85000 0.1548423618 1.5134047984    0.155 -2.191  3.5034  4.784    0  0.000  0.545     0.00     0.00     0.00     0.00     0.00 -1 -8.45e-16      0.00 7.399e-01 2.561e-01 7.193e-04 1.940e-04 1.760e-03 -1.000 4.000e-03 10.247 11.127 12.569 9.957
0.004 -0.58336 7.85000 0.1599999964 1.5372931554    0.160 -2.168  3.5058  4.785    0  0.000  0.545     0.00     0.00     0.00     0.00     0.00 -1 -8.74e-16      0.00 7.399e-01 2.561e-01 7.193e-04 1.940e-04 1.760e-03 -1.000 4.000e-03 10.190 11.052 12.470 9.891
0.004 -0.58336 7.85000 0.1870418936 1.6479700994    0.187 -2.064  3.5165  4.791    0  0.000  0.545     0.00     0.00     0.00     0.00     0.00 -1 -1.02e-15      0.00 7.399e-01 2.561e-01 7.193e-04 1.940e-04 1.760e-03 -1.000 4.000e-03 9.929 10.712 12.024 9.587
0.004 -0.58336 7.85000 0.1999999881 1.6938790356    0.200 -2.018  3.5210  4.793    0  0.000  0.545     0.00     0.00     0.00     0.00     0.00 -1  -1.1e-15      0.00 7.399e-01 2.561e-01 7.193e-04 1.940e-04 1.760e-03 -1.000 4.000e-03 9.814 10.564 11.834 9.454
0.004 -0.58336 7.85000 0.2500000000 1.8403257998    0.250 -1.873  3.5339  4.797    0  0.000  0.545     0.00     0.00     0.00     0.00     0.00 -1 -1.36e-15      0.00 7.399e-01 2.561e-01 7.193e-04 1.940e-04 1.760e-03 -1.000 4.000e-03 9.453 10.120 11.292 9.050
0.004 -0.58336 7.85000 0.3000000119 1.9529139769    0.300 -1.750  3.5440  4.793    0  0.000  0.545     0.00     0.00     0.00     0.00     0.00 -1 -1.65e-15      0.00 7.399e-01 2.561e-01 7.193e-04 1.940e-04 1.760e-03 -1.000 4.000e-03 9.146 9.753 10.855 8.713
0.004 -0.58336 7.85000 0.3295992911 2.0086550308    0.330 -1.680  3.5496  4.787    0  0.000  0.545     0.00     0.00     0.00     0.00     0.00 -1 -1.87e-15      0.00 7.399e-01 2.561e-01 7.193e-04 1.940e-04 1.760e-03 -1.000 4.000e-03 8.971 9.545 10.611 8.521
0.004 -0.58336 7.85000 0.3499999642 2.0434174156    0.350 -1.635  3.5533  4.782    0  0.000  0.545     0.00     0.00     0.00     0.00     0.00 -1 -2.03e-15      0.00 7.399e-01 2.561e-01 7.193e-04 1.940e-04 1.760e-03 -1.000 4.000e-03 8.857 9.411 10.455 8.398
0.004 -0.58336 7.85000 0.3999999762 2.1185023988    0.400 -1.514  3.5642  4.762    0  0.000  0.545     0.00     0.00     0.00     0.00     0.00 -1 -2.56e-15      0.00 7.399e-01 2.561e-01 7.193e-04 1.940e-04 1.760e-03 -1.000 4.000e-03 8.554 9.049 10.030 8.068
0.004 -0.58336 7.85000 0.4499999881 2.1822809009    0.450 -1.371  3.5784  4.727    0  0.000  0.545     0.00     0.00     0.00     0.00     0.00 -1 -3.48e-15      0.00 7.399e-01 2.561e-01 7.193e-04 1.940e-04 1.760e-03 -1.000 4.000e-03 8.197 8.622 9.531 7.679
0.004 -0.58336 7.85000 0.4999999702 2.2374541023    0.500 -1.199  3.6026  4.698    0  0.000  0.545     0.00     0.00     0.00     0.00     0.00 -1 -5.04e-15      0.00 7.399e-01 2.561e-01 7.193e-04 1.940e-04 1.760e-03 -1.000 4.000e-03 7.767 8.093 8.898 7.211
0.004 -0.58336 7.85000 0.5080025792 2.2455544609    0.508 -1.164  3.6089  4.695    0  0.000  0.545     0.00     0.00     0.00     0.00     0.00 -1 -5.44e-15      0.00 7.399e-01 2.561e-01 7.193e-04 1.940e-04 1.760e-03 -1.000 4.000e-03 7.680 7.983 8.763 7.116
0.004 -0.58336 7.85000 0.5297787786 2.2661787623    0.530 -1.068  3.6272  4.690    0  0.000  0.545     0.00     0.00     0.00     0.00     0.00 -1 -6.68e-15      0.00 7.400e-01 2.560e-01 7.192e-04 1.940e-04 1.760e-03 -1.000 4.000e-03 7.439 7.680 8.388 6.858
0.004 -0.58336 7.85000 0.5500000119 2.2836582633    0.550 -0.991  3.6419  4.689    0  0.000  0.545     0.00     0.00     0.00     0.00     0.00 -1 -7.84e-15      0.00 7.400e-01 2.560e-01 7.191e-04 1.940e-04 1.760e-03 -1.000 4.000e-03 7.249 7.434 8.083 6.653
0.004 -0.58336 7.85000 0.5934878588 2.3166518248    0.593 -0.870  3.6698  4.713    0  0.000  0.545     0.00     0.00     0.00     0.00     0.00 -1 -9.77e-15      0.00 7.400e-01 2.560e-01 7.190e-04 1.940e-04 1.759e-03 -1.000 4.000e-03 6.946 7.027 7.569 6.327
0.004 -0.58336 7.85000 0.5999999642 2.3211212854    0.600 -0.861  3.6719  4.716    0  0.000  0.545     0.00     0.00     0.00     0.00     0.00 -1  -9.9e-15      0.00 7.400e-01 2.560e-01 7.190e-04 1.940e-04 1.759e-03 -1.000 4.000e-03 6.922 6.997 7.532 6.302
0.004 -0.58336 7.85000 0.6112294793 2.3285717982    0.611 -0.848  3.6748  4.723    0  0.000  0.545     0.00     0.00     0.00     0.00     0.00 -1    -1e-14      0.00 7.401e-01 2.559e-01 7.189e-04 1.940e-04 1.759e-03 -1.000 4.000e-03 6.889 6.955 7.481 6.267
0.004 -0.58336 7.85000 0.6283591986 2.3393492327    0.628 -0.827  3.6782  4.728    0  0.000  0.545     0.00     0.00     0.00     0.00     0.00 -1 -1.03e-14      0.00 7.401e-01 2.559e-01 7.189e-04 1.940e-04 1.759e-03 -1.000 4.000e-03 6.837 6.891 7.406 6.213
0.004 -0.58336 7.85000 0.6499999166 2.3520352771    0.650 -0.778  3.6857  4.724    0  0.000  0.545     0.00     0.00     0.00     0.00     0.00 -1 -1.13e-14      0.00 7.401e-01 2.559e-01 7.188e-04 1.939e-04 1.759e-03 -1.000 4.000e-03 6.716 6.747 7.240 6.088
0.004 -0.58336 7.85000 0.6605053544 2.3578501335    0.661 -0.753  3.6896  4.721    0  0.000  0.545     0.00     0.00     0.00     0.00     0.00 -1  -1.2e-14      0.00 7.401e-01 2.559e-01 7.188e-04 1.939e-04 1.759e-03 -1.000 4.000e-03 6.652 6.671 7.152 6.022
0.004 -0.58336 7.85000 0.6672255993 2.3614596140    0.667 -0.732  3.6931  4.719    0  0.000  0.545     0.00     0.00     0.00     0.00     0.00 -1 -1.25e-14      0.00 7.401e-01 2.559e-01 7.188e-04 1.939e-04 1.759e-03 -1.000 3.999e-03 6.599 6.610 7.081 5.969
0.004 -0.58336 7.85000 0.6999999881 2.3779266974    0.700 -0.632  3.7096  4.706    0  0.000  0.545     0.00     0.00     0.00     0.00     0.00 -1 -1.56e-14      0.00 7.402e-01 2.559e-01 7.188e-04 1.939e-04 1.759e-03 -1.000 3.986e-03 6.350 6.324 6.753 5.721
0.004 -0.58336 7.85000 0.7477272749 2.3989636747    0.748 -0.496  3.7322  4.688    0  0.000  0.538     0.00     0.00     0.00     0.00     0.00 -1 -2.11e-14      0.00 7.402e-01 2.558e-01 7.096e-04 1.936e-04 1.759e-03 -1.000 3.998e-03 6.009 5.946 6.324 5.393
0.004 -0.58336 7.85000 0.7954545617 2.4171243451    0.795 -0.371  3.7506  4.663    0  0.000  0.538     0.00     0.00     0.00     0.00     0.00 -1  -2.8e-14      0.00 7.403e-01 2.557e-01 7.090e-04 1.936e-04 1.758e-03 -1.000 4.000e-03 5.697 5.617 5.957 5.102
0.004 -0.58336 7.85000 0.8066622019 2.4210322430    0.806 -0.342  3.7544  4.656    0  0.000  0.538     0.00     0.00     0.00     0.00     0.00 -1 -2.99e-14      0.00 7.403e-01 2.557e-01 7.089e-04 1.936e-04 1.758e-03 -1.000 4.000e-03 5.626 5.545 5.877 5.038
0.004 -0.58336 7.85000 0.8431818485 2.4329412586    0.843 -0.254  3.7667  4.636    0  0.000  0.538     0.00     0.00     0.00     0.00     0.00 -1 -3.67e-14      0.00 7.404e-01 2.556e-01 7.088e-04 1.935e-04 1.757e-03 -1.000 3.998e-03 5.404 5.318 5.626 4.839
0.004 -0.58336 7.85000 0.8909090757 2.4468253017    0.890 -0.142  3.7808  4.605    0  0.000  0.538     0.00     0.00     0.00     0.00     0.00 -1 -4.78e-14      0.00 7.405e-01 2.555e-01 7.085e-04 1.935e-04 1.757e-03 -1.000 3.995e-03 5.125 5.039 5.319 4.590
0.004 -0.58336 7.85000 0.9386363626 2.4590982838    0.938 -0.037  3.7931  4.571    0  0.000  0.538     0.00     0.00     0.00     0.00     0.00 -1 -6.17e-14      0.00 7.407e-01 2.553e-01 7.079e-04 1.933e-04 1.756e-03 -1.000 3.991e-03 4.862 4.778 5.035 4.357
0.004 -0.58336 7.85000 0.9863637090 2.4700155298    0.986  0.065  3.8042  4.536    0  0.000  0.538     0.00     0.00     0.00     0.00     0.00 -1 -7.93e-14      0.00 7.408e-01 2.552e-01 7.077e-04 1.933e-04 1.755e-03 -1.000 3.996e-03 4.608 4.528 4.765 4.132
0.004 -0.58336 7.85000 1.0340908766 2.4797820107    1.034  0.161  3.8147  4.503    0  0.000  0.538     0.00     0.00     0.00     0.00     0.00 -1 -9.54e-14      0.00 7.409e-01 2.551e-01 7.077e-04 1.932e-04 1.755e-03 -1.000 4.000e-03 4.368 4.292 4.511 3.919
0.004 -0.58336 7.85000 1.0818182230 2.4885641938    1.081  0.252  3.8250  4.472    0  0.000  0.538     0.00     0.00     0.00     0.00     0.00 -1 -1.11e-13      0.00 7.409e-01 2.551e-01 7.076e-04 1.932e-04 1.755e-03 -1.000 3.987e-03 4.140 4.066 4.268 3.716
0.004 -0.58336 7.85000 1.1295454502 2.4964983821    1.129  0.340  3.8357  4.446    0  0.000  0.538     0.00     0.00     0.00     0.00     0.00 -1 -1.26e-13      0.00 7.410e-01 2.551e-01 7.076e-04 1.932e-04 1.755e-03 -1.000 3.981e-03 3.921 3.850 4.036 3.524
0.004 -0.58336 7.85000 1.1772727966 2.5036973537    1.176  0.422  3.8470  4.426    0  0.000  0.538     0.00     0.00     0.00     0.00     0.00 -1  -1.4e-13      0.00 7.410e-01 2.550e-01 7.076e-04 1.932e-04 1.755e-03 -1.000 3.979e-03 3.714 3.647 3.815 3.346
0.004 -0.58336 7.85000 1.2250000238 2.5102550374    1.224  0.500  3.8595  4.415    0  0.000  0.538     0.00     0.00     0.00     0.00     0.00 -1 -1.51e-13      0.00 7.410e-01 2.550e-01 7.074e-04 1.932e-04 1.755e-03 -1.000 3.989e-03 3.519 3.456 3.606 3.183
0.004 -0.58336 7.85000 1.2727272511 2.5162503525    1.272  0.575  3.8737  4.415    0  0.000  0.538     0.00     0.00     0.00     0.00     0.00 -1 -1.58e-13      0.00 7.411e-01 2.550e-01 7.073e-04 1.932e-04 1.754e-03 -1.000 3.984e-03 3.334 3.277 3.406 3.038
0.004 -0.58336 7.85000 1.3204547167 2.5217500316    1.320  0.645  3.8892  4.422    1  0.000  0.538     0.00     0.00     0.00     0.00     0.00 -1 -1.61e-13      0.00 7.411e-01 2.549e-01 7.072e-04 1.931e-04 1.754e-03 -1.000 3.978e-03 3.157 3.108 3.216 2.906
0.004 -0.58336 7.85000 1.3681819439 2.5268107737    1.368  0.713  3.9046  4.432    1  0.000  0.538     0.00     0.00     0.00     0.00     0.00 -1  -1.6e-13      0.00 7.411e-01 2.549e-01 7.071e-04 1.931e-04 1.754e-03 -1.000 3.985e-03 2.988 2.952 3.039 2.788
0.004 -0.58336 7.85000 1.4159091711 2.5314811780    1.416  0.777  3.9194  4.441    0  0.000  0.538     0.00     0.00     0.00     0.00     0.00 -1 -1.54e-13      0.00 7.412e-01 2.548e-01 7.070e-04 1.931e-04 1.753e-03 -1.000 3.968e-03 2.827 2.808 2.876 2.681
0.004 -0.58336 7.85000 1.4636363983 2.5358030388    1.464  0.839  3.9337  4.451    0  0.000  0.538     0.00     0.00     0.00     0.00     0.00 -1 -1.44e-13      0.00 7.412e-01 2.548e-01 7.069e-04 1.931e-04 1.753e-03 -1.000 3.987e-03 2.672 2.680 2.729 2.586
0.004 -0.58336 7.85000 1.5113636255 2.5398125027    1.511  0.899  3.9472  4.459    1  0.000  0.537     0.00     0.00     0.00     0.00     0.00 -1 -1.28e-13      0.00 7.413e-01 2.548e-01 7.069e-04 1.930e-04 1.754e-03 -1.000 3.945e-03 2.523 2.567 2.602 2.501
0.004 -0.58336 7.85000 1.5590909719 2.5435409894    1.559  0.955  3.9597  4.467    1  0.000  0.538     0.00     0.00     0.00     0.00     0.00 -1 -1.06e-13      0.00 7.414e-01 2.547e-01 7.068e-04 1.930e-04 1.753e-03 -1.000 3.914e-03 2.382 2.465 2.488 2.422
0.004 -0.58336 7.85000 1.6068181992 2.5470158979    1.606  1.010  3.9719  4.473    1  0.000  0.538     0.00     0.00     0.00     0.00     0.00 -1 -7.65e-14      0.00 7.414e-01 2.547e-01 7.067e-04 1.930e-04 1.753e-03 -1.000 3.952e-03 2.244 2.372 2.385 2.347
0.004 -0.58336 7.85000 1.6545455456 2.5502612770    1.654  1.063  3.9834  4.479    1  0.000  0.538     0.00     0.00     0.00     0.00     0.00 -1 -1.41e-15      0.00 7.414e-01 2.546e-01 7.066e-04 1.930e-04 1.753e-03 -1.000 3.997e-03 2.112 2.285 2.291 2.277
0.004 -0.58336 7.85000 1.6922179461 2.5526748146    1.691  1.104  3.9921  4.483    1  0.000  0.537     0.00     0.00     0.00     0.00     0.00 -1 -1.43e-27      0.00 7.414e-01 2.546e-01 7.066e-04 1.929e-04 1.753e-03 -1.000 3.975e-03 2.010 2.220 2.220 2.222
0.004 -0.58336 7.85000 1.7022727728 2.5532982573    1.701  1.115  3.9943  4.484    1  0.000  0.537     0.00     0.00     0.00     0.00     0.00 -1    -1e-30      0.00 7.414e-01 2.546e-01 7.065e-04 1.929e-04 1.753e-03 -1.000 3.971e-03 1.984 2.204 2.202 2.208
0.004 -0.58336 7.85000 1.7500000000 2.5561455243    1.749  1.163  4.0045  4.488    1  0.000  0.538     0.00     0.00     0.00     0.00     0.00 -1    -1e-30      0.00 7.414e-01 2.546e-01 7.065e-04 1.929e-04 1.752e-03 -1.000 4.000e-03 1.862 2.128 2.120 2.143
0.004 -0.58336 7.85000 1.7858103514 2.5581673284    1.785  1.199  4.0117  4.489    1  0.000  0.538     0.00     0.00     0.00     0.00     0.00 -1    -1e-30      0.00 7.415e-01 2.546e-01 7.064e-04 1.929e-04 1.752e-03 -1.000 3.976e-03 1.773 2.072 2.061 2.095
0.004 -0.58336 7.85000 1.7999999523 2.5589429085    1.799  1.213  4.0145  4.490    1  0.000  0.538     0.00     0.00     0.00     0.00     0.00 -1    -1e-30      0.00 7.415e-01 2.545e-01 7.064e-04 1.929e-04 1.752e-03 -1.000 3.965e-03 1.738 2.051 2.038 2.076
0.004 -0.58336 7.85000 1.8500000238 2.5615671203    1.849  1.260  4.0238  4.492    1  0.000  0.538     0.00     0.00     0.00     0.00     0.00 -1    -1e-30      0.00 7.415e-01 2.545e-01 7.064e-04 1.929e-04 1.752e-03 -1.000 4.000e-03 1.619 1.977 1.960 2.011
0.004 -0.58336 7.85000 1.8999999762 2.5640331260    1.899  1.306  4.0326  4.492    1  0.000  0.538     0.00     0.00     0.00     0.00     0.00 -1    -1e-30      0.00 7.415e-01 2.545e-01 7.063e-04 1.929e-04 1.752e-03 -1.000 4.000e-03 1.504 1.906 1.884 1.947
0.004 -0.58336 7.85000 1.9500000477 2.5663542714    1.950  1.351  4.0408  4.492    1  0.000  0.538     0.00     0.00     0.00     0.00     0.00 -1    -1e-30      0.00 7.415e-01 2.545e-01 7.062e-04 1.929e-04 1.752e-03 -1.000 3.987e-03 1.393 1.837 1.812 1.885
0.004 -0.58336 7.85000 1.9881628752 2.5680358431    1.988  1.384  4.0469  4.492    1  0.000  0.538     0.00     0.00     0.00     0.00     0.00 -1    -1e-30      0.00 7.415e-01 2.545e-01 7.062e-04 1.929e-04 1.752e-03 -1.000 3.999e-03 1.310 1.785 1.758 1.838
0.004 -0.58336 7.85000 2.0000000000 2.5685424513    2.000  1.394  4.0487  4.492    1  0.000  0.538     0.00     0.00     0.00     0.00     0.00 -1    -1e-30      0.00 7.415e-01 2.545e-01 7.062e-04 1.929e-04 1.752e-03 -1.000 3.998e-03 1.284 1.769 1.741 1.823
0.004 -0.58336 7.85000 2.0499999523 2.5706083333    2.050  1.436  4.0561  4.490    1  0.000  0.537     0.00     0.00     0.00     0.00     0.00 -1    -1e-30      0.00 7.416e-01 2.544e-01 7.062e-04 1.928e-04 1.752e-03 -1.000 4.000e-03 1.180 1.703 1.672 1.763
0.004 -0.58336 7.85000 2.0999999046 2.5725614918    2.099  1.477  4.0632  4.488    1  0.000  0.538     0.00     0.00     0.00     0.00     0.00 -1    -1e-30      0.00 7.416e-01 2.544e-01 7.061e-04 1.929e-04 1.752e-03 -1.000 3.990e-03 1.078 1.639 1.605 1.703
0.004 -0.58336 7.85000 2.1185519695 2.5732592835    2.117  1.492  4.0658  4.487    1  0.000  0.538     0.00     0.00     0.00     0.00     0.00 -1    -1e-30      0.00 7.416e-01 2.544e-01 7.061e-04 1.928e-04 1.752e-03 -1.000 3.983e-03 1.040 1.615 1.580 1.681
0.004 -0.58336 7.85000 2.1500000954 2.5744105556    2.149  1.517  4.0701  4.486    1  0.000  0.537     0.00     0.00     0.00     0.00     0.00 -1    -1e-30      0.00 7.416e-01 2.544e-01 7.061e-04 1.928e-04 1.752e-03 -1.000 3.964e-03 0.977 1.575 1.539 1.644
0.004 -0.58336 7.85000 2.2000000477 2.5761632879    2.199  1.556  4.0767  4.483    1  0.000  0.537     0.00     0.00     0.00     0.00     0.00 -1    -1e-30      0.00 7.416e-01 2.544e-01 7.061e-04 1.928e-04 1.752e-03 -1.000 4.000e-03 0.880 1.513 1.475 1.586
0.004 -0.58336 7.85000 2.2500000000 2.5778267375    2.249  1.594  4.0830  4.480    1  0.000  0.538     0.00     0.00     0.00     0.00     0.00 -1    -1e-30      0.00 7.416e-01 2.544e-01 7.060e-04 1.928e-04 1.751e-03 -1.000 4.000e-03 0.785 1.452 1.412 1.529
0.004 -0.58336 7.85000 2.2999999523 2.5794072884    2.299  1.631  4.0891  4.477    1  0.000  0.538     0.00     0.00     0.00     0.00     0.00 -1    -1e-30      0.00 7.417e-01 2.543e-01 7.061e-04 1.928e-04 1.751e-03 -1.000 4.000e-03 0.692 1.393 1.350 1.473
0.004 -0.58336 7.85000 2.3499999046 2.5809107422    2.349  1.668  4.0951  4.473    1  0.000  0.537     0.00     0.00     0.00     0.00     0.00 -1    -1e-30      0.00 7.416e-01 2.544e-01 7.060e-04 1.928e-04 1.751e-03 -1.000 4.000e-03 0.600 1.334 1.289 1.418
0.004 -0.58336 7.85000 2.4000000954 2.5823423892    2.399  1.704  4.1008  4.470    1  0.000  0.538     0.00     0.00     0.00     0.00     0.00 -1    -1e-30      0.00 7.417e-01 2.543e-01 7.060e-04 1.928e-04 1.751e-03 -1.000 3.999e-03 0.511 1.276 1.229 1.364
0.004 -0.58336 7.85000 2.5999999046 2.5874412955    2.600  1.839  4.1224  4.455    1  0.000  0.537     0.00     0.00     0.00     0.00     0.00 -1    -1e-30      0.00 7.400e-01 2.560e-01 7.099e-04 1.938e-04 1.761e-03 -1.000 4.000e-03 0.171 1.057 1.004 1.157
0.004 -0.58336 7.85000 2.6058127880 2.5875760886    2.606  1.843  4.1230  4.454    1  0.000  0.537     0.00     0.00     0.00     0.00     0.00 -1    -1e-30      0.00 7.400e-01 2.560e-01 7.099e-04 1.938e-04 1.761e-03 -1.000 4.000e-03 0.162 1.051 0.997 1.152
0.004 -0.58336 7.85000 2.7999999523 2.5917117820    2.800  1.967  4.1419  4.438    1  0.000  0.537     0.00     0.00     0.00     0.00     0.00 -1    -1e-30      0.00 7.400e-01 2.560e-01 7.099e-04 1.938e-04 1.761e-03 -1.000 4.000e-03 -0.147 0.850 0.790 0.962
0.004 -0.58336 7.85000 2.8454473019 2.5925864368    2.846  1.994  4.1460  4.434    1  0.000  0.537     0.00     0.00     0.00     0.00     0.00 -1    -1e-30      0.00 7.400e-01 2.560e-01 7.099e-04 1.938e-04 1.761e-03 -1.000 4.000e-03 -0.216 0.805 0.744 0.919
0.004 -0.58336 7.85000 3.0000000000 2.5953341962    3.000  2.086  4.1595  4.420    1  0.000  0.537     0.00     0.00     0.00     0.00     0.00 -1    -1e-30      0.00 7.400e-01 2.560e-01 7.099e-04 1.938e-04 1.761e-03 -1.000 4.000e-03 -0.444 0.654 0.589 0.776
0.004 -0.58336 7.85000 3.0076549053 2.5954618748    3.008  2.090  4.1602  4.419    1  0.000  0.537     0.00     0.00     0.00     0.00     0.00 -1    -1e-30      0.00 7.400e-01 2.560e-01 7.099e-04 1.938e-04 1.761e-03 -1.000 4.000e-03 -0.455 0.647 0.582 0.769
0.004 -0.58336 7.85000 3.1831672192 2.5981966833    3.183  2.189  4.1742  4.401    1  0.000  0.537     0.00     0.00     0.00     0.00     0.00 -1    -1e-30      0.00 7.400e-01 2.560e-01 7.099e-04 1.938e-04 1.761e-03 -1.000 4.000e-03 -0.701 0.483 0.413 0.612
0.004 -0.58336 7.85000 3.2000000477 2.5984409005    3.199  2.198  4.1755  4.399    1  0.000  0.537     0.00     0.00     0.00     0.00     0.00 -1    -1e-30      0.00 7.400e-01 2.560e-01 7.099e-04 1.938e-04 1.761e-03 -1.000 4.000e-03 -0.725 0.467 0.397 0.597
0.004 -0.58336 7.85000 3.3061220646 2.5999149408    3.305  2.255  4.1835  4.388    1  0.000  0.537     0.00     0.00     0.00     0.00     0.00 -1    -1e-30      0.00 7.400e-01 2.560e-01 7.099e-04 1.938e-04 1.761e-03 -1.000 4.000e-03 -0.867 0.371 0.298 0.505
0.004 -0.58336 7.85000 3.4000000954 2.6011310876    3.398  2.305  4.1902  4.378    1  0.000  0.537     0.00     0.00     0.00     0.00     0.00 -1    -1e-30      0.00 7.400e-01 2.560e-01 7.099e-04 1.938e-04 1.761e-03 -1.000 4.000e-03 -0.992 0.286 0.212 0.425
0.004 -0.58336 7.85000 3.4582769871 2.6018479574    3.456  2.335  4.1943  4.371    1  0.000  0.537     0.00     0.00     0.00     0.00     0.00 -1    -1e-30      0.00 7.400e-01 2.560e-01 7.099e-04 1.938e-04 1.761e-03 -1.000 4.000e-03 -1.067 0.235 0.159 0.376
0.004 -0.58336 7.85000 3.5942625999 2.6034172404    3.592  2.404  4.2034  4.354    1  0.000  0.537     0.00     0.00     0.00     0.00     0.00 -1    -1e-30      0.00 7.400e-01 2.560e-01 7.099e-04 1.938e-04 1.761e-03 -1.000 4.000e-03 -1.241 0.114 0.036 0.260
0.004 -0.58336 7.85000 3.5999999046 2.6034804580    3.598  2.407  4.2037  4.354    1  0.000  0.537     0.00     0.00     0.00     0.00     0.00 -1    -1e-30      0.00 7.400e-01 2.560e-01 7.099e-04 1.938e-04 1.761e-03 -1.000 4.000e-03 -1.248 0.109 0.031 0.255
0.004 -0.58336 7.85000 3.7864441872 2.6054155272    3.784  2.499  4.2149  4.328    1  0.000  0.537     0.00     0.00     0.00     0.00     0.00 -1    -1e-30      0.00 7.400e-01 2.560e-01 7.099e-04 1.938e-04 1.761e-03 -1.000 4.000e-03 -1.478 -0.055 -0.137 0.098
0.004 -0.58336 7.85000 3.7999999523 2.6055477288    3.798  2.506  4.2157  4.326    1  0.000  0.537     0.00     0.00     0.00     0.00     0.00 -1    -1e-30      0.00 7.400e-01 2.560e-01 7.099e-04 1.938e-04 1.761e-03 -1.000 4.000e-03 -1.495 -0.067 -0.149 0.086
0.004 -0.58336 7.85000 3.9892280102 2.6072858156    3.990  2.597  4.2258  4.297    1  0.000  0.537     0.00     0.00     0.00     0.00     0.00 -1    -1e-30      0.00 7.400e-01 2.560e-01 7.099e-04 1.938e-04 1.761e-03 -1.000 4.000e-03 -1.722 -0.235 -0.320 -0.076
0.004 -0.58336 7.85000 4.0000000000 2.6073790840    4.001  2.602  4.2264  4.296    1  0.000  0.537     0.00     0.00     0.00     0.00     0.00 -1    -1e-30      0.00 7.400e-01 2.560e-01 7.099e-04 1.938e-04 1.761e-03 -1.000 4.000e-03 -1.735 -0.244 -0.330 -0.085
0.004 -0.58336 7.85000 4.1777834892 2.6088388659    4.176  2.685  4.2349  4.265    1  0.000  0.537     0.00     0.00     0.00     0.00     0.00 -1    -1e-30      0.00 7.400e-01 2.560e-01 7.099e-04 1.938e-04 1.761e-03 -1.000 4.000e-03 -1.942 -0.402 -0.490 -0.238
0.004 -0.58336 7.85000 4.1999998093 2.6090113217    4.198  2.695  4.2358  4.261    1  0.000  0.537     0.00     0.00     0.00     0.00     0.00 -1    -1e-30      0.00 7.400e-01 2.560e-01 7.099e-04 1.938e-04 1.761e-03 -1.000 4.000e-03 -1.968 -0.423 -0.511 -0.258
0.004 -0.58336 7.85000 4.3398747444 2.6100506377    4.337  2.760  4.2416  4.234    1  0.000  0.537     0.00     0.00     0.00     0.00     0.00 -1    -1e-30      0.00 7.400e-01 2.560e-01 7.099e-04 1.938e-04 1.761e-03 -1.000 4.000e-03 -2.129 -0.549 -0.639 -0.382
0.004 -0.58336 7.85000 4.4000000954 2.6104741055    4.397  2.787  4.2437  4.221    1  0.000  0.537     0.00     0.00     0.00     0.00     0.00 -1    -1e-30      0.00 7.400e-01 2.560e-01 7.099e-04 1.938e-04 1.761e-03 -1.000 4.000e-03 -2.198 -0.606 -0.697 -0.438
0.004 -0.58336 7.85000 4.4833850861 2.6110398294    4.481  2.825  4.2465  4.202    1  0.000  0.537     0.00     0.00     0.00     0.00     0.00 -1    -1e-30      0.00 7.400e-01 2.560e-01 7.099e-04 1.938e-04 1.761e-03 -1.000 4.000e-03 -2.293 -0.686 -0.777 -0.515
0.004 -0.58336 7.85000 4.5999999046 2.6117915791    4.597  2.879  4.2499  4.174    1  0.000  0.537     0.00     0.00     0.00     0.00     0.00 -1    -1e-30      0.00 7.400e-01 2.560e-01 7.099e-04 1.938e-04 1.761e-03 -1.000 4.000e-03 -2.426 -0.799 -0.892 -0.627
0.004 -0.58336 7.85000 4.6327166557 2.6119946829    4.630  2.893  4.2508  4.165    1  0.000  0.537     0.00     0.00     0.00     0.00     0.00 -1    -1e-30      0.00 7.400e-01 2.560e-01 7.099e-04 1.938e-04 1.761e-03 -1.000 4.000e-03 -2.464 -0.831 -0.924 -0.658
0.004 -0.58336 7.85000 4.7410941124 2.6126445191    4.739  2.943  4.2532  4.136    1  0.000  0.537     0.00     0.00     0.00     0.00     0.00 -1    -1e-30      0.00 7.400e-01 2.560e-01 7.099e-04 1.938e-04 1.761e-03 -1.000 4.000e-03 -2.587 -0.941 -1.034 -0.766
0.004 -0.58336 7.85000 4.8000001907 2.6129836005    4.798  2.970  4.2542  4.118    1  0.000  0.537     0.00     0.00     0.00     0.00     0.00 -1    -1e-30      0.00 7.400e-01 2.560e-01 7.099e-04 1.938e-04 1.761e-03 -1.000 4.000e-03 -2.654 -1.003 -1.097 -0.828
0.004 -0.58336 7.85000 4.8679056168 2.6133627983    4.866  3.001  4.2549  4.096    1  0.000  0.537     0.00     0.00     0.00     0.00     0.00 -1    -1e-30      0.00 7.400e-01 2.560e-01 7.099e-04 1.938e-04 1.761e-03 -1.000 4.000e-03 -2.733 -1.078 -1.172 -0.902
0.004 -0.58336 7.85000 4.9569740295 2.6138421066    4.956  3.043  4.2553  4.064    1  0.000  0.537     0.00     0.00     0.00     0.00     0.00 -1    -1e-30      0.00 7.400e-01 2.560e-01 7.099e-04 1.938e-04 1.761e-03 -1.000 4.000e-03 -2.837 -1.179 -1.274 -1.004
0.004 -0.58336 7.85000 5.0000004768 2.6140666248    4.999  3.063  4.2552  4.047    1  0.000  0.537     0.00     0.00     0.00     0.00     0.00 -1    -1e-30      0.00 7.400e-01 2.560e-01 7.099e-04 1.938e-04 1.761e-03 -1.000 4.000e-03 -2.887 -1.230 -1.325 -1.055
0.004 -0.58336 7.85000 5.0705657005 2.6144253753    5.070  3.096  4.2548  4.019    1  0.000  0.537     0.00     0.00     0.00     0.00     0.00 -1    -1e-30      0.00 7.400e-01 2.560e-01 7.099e-04 1.938e-04 1.761e-03 -1.000 4.000e-03 -2.969 -1.316 -1.410 -1.140
0.004 -0.58336 7.85000 5.1727724075 2.6149250845    5.173  3.144  4.2527  3.970    1  0.000  0.537     0.00     0.00     0.00     0.00     0.00 -1    -1e-30      0.00 7.400e-01 2.560e-01 7.099e-04 1.938e-04 1.761e-03 -1.000 4.000e-03 -3.091 -1.452 -1.545 -1.277
0.004 -0.58336 7.85000 5.1999998093 2.6150544000    5.200  3.158  4.2519  3.956    1  0.000  0.537     0.00     0.00     0.00     0.00     0.00 -1    -1e-30      0.00 7.400e-01 2.560e-01 7.099e-04 1.938e-04 1.761e-03 -1.000 4.000e-03 -3.124 -1.490 -1.583 -1.316
0.004 -0.58336 7.85000 5.2167448997 2.6151331597    5.217  3.166  4.2514  3.947    1  0.000  0.537     0.00     0.00     0.00     0.00     0.00 -1    -1e-30      0.00 7.400e-01 2.560e-01 7.099e-04 1.938e-04 1.761e-03 -1.000 4.000e-03 -3.144 -1.512 -1.606 -1.339
0.004 -0.58336 7.85000 5.2971673012 2.6155034565    5.297  3.205  4.2483  3.902    1  0.000  0.537     0.00     0.00     0.00     0.00     0.00 -1    -1e-30      0.00 7.400e-01 2.560e-01 7.099e-04 1.938e-04 1.761e-03 -1.000 4.000e-03 -3.242 -1.630 -1.723 -1.458
0.004 -0.58336 7.85000 5.3892960548 2.6159120736    5.390  3.251  4.2428  3.842    1  0.000  0.537     0.00     0.00     0.00     0.00     0.00 -1    -1e-30      0.00 7.400e-01 2.560e-01 7.099e-04 1.938e-04 1.761e-03 -1.000 4.000e-03 -3.358 -1.779 -1.870 -1.610
0.004 -0.58336 7.85000 5.4000000954 2.6159585105    5.401  3.257  4.2419  3.833    1  0.000  0.537     0.00     0.00     0.00     0.00     0.00 -1    -1e-30      0.00 7.400e-01 2.560e-01 7.099e-04 1.938e-04 1.761e-03 -1.000 4.000e-03 -3.372 -1.798 -1.889 -1.630
0.004 -0.58336 7.85000 5.4674849510 2.6162464687    5.468  3.291  4.2361  3.781    1  0.000  0.537     0.00     0.00     0.00     0.00     0.00 -1    -1e-30      0.00 7.400e-01 2.560e-01 7.099e-04 1.938e-04 1.761e-03 -1.000 4.000e-03 -3.458 -1.920 -2.009 -1.755
0.004 -0.58336 7.85000 5.5408849716 2.6165505267    5.542  3.330  4.2283  3.716    1  0.000  0.537     0.00     0.00     0.00     0.00     0.00 -1    -1e-30      0.00 7.400e-01 2.560e-01 7.099e-04 1.938e-04 1.761e-03 -1.000 4.000e-03 -3.556 -2.064 -2.152 -1.904
0.004 -0.58336 7.85000 5.5994944572 2.6167867441    5.600  3.364  4.2218  3.661    1  0.000  0.537     0.00     0.00     0.00     0.00     0.00 -1    -1e-30      0.00 7.400e-01 2.560e-01 7.099e-04 1.938e-04 1.761e-03 -1.000 4.000e-03 -3.640 -2.188 -2.273 -2.031
0.004 -0.58336 7.85000 5.5999999046 2.6167887565    5.601  3.364  4.2217  3.661    1  0.000  0.537     0.00     0.00     0.00     0.00     0.00 -1    -1e-30      0.00 7.400e-01 2.560e-01 7.099e-04 1.938e-04 1.761e-03 -1.000 4.000e-03 -3.641 -2.189 -2.274 -2.032
0.004 -0.58336 7.85000 5.6491708755 2.6169825507    5.650  3.394  4.2172  3.617    1  0.000  0.537     0.00     0.00     0.00     0.00     0.00 -1    -1e-30      0.00 7.400e-01 2.560e-01 7.099e-04 1.938e-04 1.761e-03 -1.000 4.000e-03 -3.716 -2.290 -2.375 -2.136
0.004 -0.58336 7.85000 5.6755952835 2.6170851017    5.676  3.418  4.2271  3.635    1  0.000  0.537     0.00     0.00     0.00     0.00     0.00 -1    -1e-30      0.00 7.400e-01 2.560e-01 7.099e-04 1.938e-04 1.761e-03 -1.000 4.000e-03 -3.775 -2.291 -2.379 -2.131
0.004 -0.58336 7.85000 5.6838297844 2.6171168351    5.685  3.431  4.2375  3.664    1  0.000  0.537     0.00     0.00     0.00     0.00     0.00 -1    -1e-30      0.00 7.400e-01 2.560e-01 7.099e-04 1.938e-04 1.761e-03 -1.000 4.000e-03 -3.807 -2.263 -2.354 -2.097
0.004 -0.58336 7.85000 5.6869759560 2.6171289316    5.688  3.443  4.2483  3.695    1  0.000  0.537     0.00     0.00     0.00     0.00     0.00 -1    -1e-30      0.00 7.400e-01 2.560e-01 7.099e-04 1.938e-04 1.761e-03 -1.000 4.000e-03 -3.839 -2.231 -2.324 -2.059
0.004 -0.58336 7.85000 5.6884694099 2.6171346684    5.689  3.459  4.2590  3.722    1  0.000  0.537     0.00     0.00     0.00     0.00     0.00 -1    -1e-30      0.00 7.400e-01 2.560e-01 7.099e-04 1.938e-04 1.761e-03 -1.000 4.000e-03 -3.877 -2.207 -2.303 -2.028
0.004 -0.58336 7.85000 5.6892609596 2.6171377075    5.690  3.473  4.2675  3.742    1  0.000  0.537     0.00     0.00     0.00     0.00     0.00 -1    -1e-30      0.00 7.400e-01 2.560e-01 7.099e-04 1.938e-04 1.761e-03 -1.000 4.000e-03 -3.913 -2.193 -2.292 -2.010
0.004 -0.58336 7.85000 5.6895480156 2.6171388094    5.690  3.479  4.2709  3.750    1  0.000  0.537     0.00     0.00     0.00     0.00     0.00 -1    -1e-30      0.00 7.400e-01 2.560e-01 7.099e-04 1.938e-04 1.761e-03 -1.000 4.000e-03 -3.928 -2.188 -2.288 -2.003
0.004 -0.58336 7.85000 5.6899776459 2.6171404583    5.691  3.449  4.2598  3.736    2  0.000  0.537     0.00     0.00     0.00     0.00     0.00 -1    -1e-30      0.00 7.400e-01 2.560e-01 7.099e-04 1.938e-04 1.761e-03 -1.000 4.000e-03 -3.852 -2.177 -2.273 -1.998
0.004 -0.58336 7.85000 5.6901893616 2.6171412708    5.691  3.437  4.2508  3.711    2  0.000  0.537     0.00     0.00     0.00     0.00     0.00 -1    -1e-30      0.00 7.400e-01 2.560e-01 7.099e-04 1.938e-04 1.761e-03 -1.000 4.000e-03 -3.823 -2.200 -2.294 -2.027
0.004 -0.58336 7.85000 5.6904482841 2.6171422644    5.691  3.435  4.2389  3.666    2  0.000  0.537     0.00     0.00     0.00     0.00     0.00 -1    -1e-30      0.00 7.400e-01 2.560e-01 7.099e-04 1.938e-04 1.761e-03 -1.000 4.000e-03 -3.818 -2.266 -2.356 -2.099
0.004 -0.58336 7.85000 5.6907186508 2.6171433017    5.691  3.446  4.2270  3.607    2  0.000  0.537     0.00     0.00     0.00     0.00     0.00 -1    -1e-30      0.00 7.400e-01 2.560e-01 7.099e-04 1.938e-04 1.761e-03 -1.000 4.000e-03 -3.845 -2.363 -2.450 -2.203
0.004 -0.58336 7.85000 5.6910061836 2.6171444048    5.692  3.461  4.2151  3.545    2  0.000  0.537     0.00     0.00     0.00     0.00     0.00 -1    -1e-30      0.00 7.400e-01 2.560e-01 7.099e-04 1.938e-04 1.761e-03 -1.000 4.000e-03 -3.882 -2.471 -2.555 -2.318
0.004 -0.58336 7.85000 5.6913061142 2.6171455553    5.692  3.474  4.2031  3.483    2  0.000  0.537     0.00     0.00     0.00     0.00     0.00 -1    -1e-30      0.00 7.400e-01 2.560e-01 7.099e-04 1.938e-04 1.761e-03 -1.000 4.000e-03 -3.916 -2.575 -2.656 -2.429
0.004 -0.58336 7.85000 5.6916108131 2.6171467239    5.692  3.485  4.1911  3.425    2  0.000  0.537     0.00     0.00     0.00     0.00     0.00 -1    -1e-30      0.00 7.400e-01 2.560e-01 7.099e-04 1.938e-04 1.761e-03 -1.000 4.000e-03 -3.942 -2.672 -2.749 -2.533
0.004 -0.58336 7.85000 5.6919164658 2.6171478961    5.693  3.493  4.1791  3.369    2  0.000  0.537     0.00     0.00     0.00     0.00     0.00 -1    -1e-30      0.00 7.400e-01 2.560e-01 7.099e-04 1.938e-04 1.761e-03 -1.000 4.000e-03 -3.962 -2.762 -2.836 -2.631
0.004 -0.58336 7.85000 5.6922202110 2.6171490608    5.693  3.499  4.1671  3.315    2  0.000  0.537     0.00     0.00     0.00     0.00     0.00 -1    -1e-30      0.00 7.400e-01 2.560e-01 7.099e-04 1.938e-04 1.761e-03 -1.000 4.000e-03 -3.977 -2.847 -2.917 -2.723
0.004 -0.58336 7.85000 5.6925196648 2.6171502089    5.693  3.503  4.1551  3.262    2  0.000  0.537     0.00     0.00     0.00     0.00     0.00 -1    -1e-30      0.00 7.400e-01 2.560e-01 7.099e-04 1.938e-04 1.761e-03 -1.000 4.000e-03 -3.989 -2.929 -2.995 -2.812
0.004 -0.58336 7.85000 5.6928114891 2.6171513277    5.694  3.507  4.1431  3.211    2  0.000  0.537     0.00     0.00     0.00     0.00     0.00 -1    -1e-30      0.00 7.400e-01 2.560e-01 7.099e-04 1.938e-04 1.761e-03 -1.000 4.000e-03 -3.997 -3.007 -3.069 -2.897
0.004 -0.58336 7.85000 5.6930952072 2.6171524152    5.694  3.509  4.1310  3.160    2  0.000  0.537     0.00     0.00     0.00     0.00     0.00 -1    -1e-30      0.00 7.400e-01 2.560e-01 7.099e-04 1.938e-04 1.761e-03 -1.000 4.000e-03 -4.003 -3.082 -3.140 -2.979
0.004 -0.58336 7.85000 5.6933684349 2.6171534624    5.694  3.511  4.1189  3.110    2  0.000  0.537     0.00     0.00     0.00     0.00     0.00 -1    -1e-30      0.00 7.400e-01 2.560e-01 7.099e-04 1.938e-04 1.761e-03 -1.000 4.000e-03 -4.008 -3.155 -3.210 -3.060
0.004 -0.58336 7.85000 5.6936297417 2.6171544638    5.694  3.512  4.1068  3.060    2  0.000  0.537     0.00     0.00     0.00     0.00     0.00 -1    -1e-30      0.00 7.400e-01 2.560e-01 7.099e-04 1.938e-04 1.761e-03 -1.000 4.000e-03 -4.010 -3.226 -3.277 -3.138
0.004 -0.58336 7.85000 5.6938796043 2.6171554212    5.695  3.513  4.0946  3.012    2  0.000  0.537     0.00     0.00     0.00     0.00     0.00 -1    -1e-30      0.00 7.400e-01 2.560e-01 7.099e-04 1.938e-04 1.761e-03 -1.000 4.000e-03 -4.011 -3.294 -3.341 -3.214
0.004 -0.58336 7.85000 5.6941175461 2.6171563329    5.695  3.512  4.0825  2.963    2  0.000  0.537     0.00     0.00     0.00     0.00     0.00 -1    -1e-30      0.00 7.400e-01 2.560e-01 7.099e-04 1.938e-04 1.761e-03 -1.000 4.000e-03 -4.011 -3.360 -3.403 -3.288
0.004 -0.58336 7.85000 5.6943430901 2.6171571970    5.695  3.512  4.0703  2.915    2  0.000  0.537     0.00     0.00     0.00     0.00     0.00 -1    -1e-30      0.00 7.400e-01 2.560e-01 7.099e-04 1.938e-04 1.761e-03 -1.000 4.000e-03 -4.010 -3.423 -3.462 -3.359
0.004 -0.58336 7.85000 5.6945562363 2.6171580135    5.695  3.511  4.0582  2.867    2  0.000  0.537     0.00     0.00     0.00     0.00     0.00 -1    -1e-30      0.00 7.400e-01 2.560e-01 7.099e-04 1.938e-04 1.761e-03 -1.000 4.000e-03 -4.007 -3.484 -3.519 -3.428
0.004 -0.58336 7.85000 5.6947584152 2.6171587880    5.696  3.510  4.0460  2.820    2  0.000  0.537     0.00     0.00     0.00     0.00     0.00 -1    -1e-30      0.00 7.400e-01 2.560e-01 7.099e-04 1.938e-04 1.761e-03 -1.000 4.000e-03 -4.004 -3.543 -3.574 -3.495
0.004 -0.58336 7.85000 5.6949486732 2.6171595167    5.696  3.508  4.0338  2.773    2  0.000  0.537     0.00     0.00     0.00     0.00     0.00 -1    -1e-30      0.00 7.400e-01 2.560e-01 7.099e-04 1.938e-04 1.761e-03 -1.000 4.000e-03 -3.999 -3.600 -3.626 -3.560
0.004 -0.58336 7.85000 5.6951284409 2.6171602052    5.696  3.506  4.0217  2.726    2  0.000  0.537     0.00     0.00     0.00     0.00     0.00 -1    -1e-30      0.00 7.400e-01 2.560e-01 7.099e-04 1.938e-04 1.761e-03 -1.000 4.000e-03 -3.994 -3.655 -3.677 -3.623
0.004 -0.58336 7.85000 5.6952977180 2.6171608535    5.696  3.503  4.0095  2.680    2  0.000  0.537     0.00     0.00     0.00     0.00     0.00 -1    -1e-30      0.00 7.400e-01 2.560e-01 7.099e-04 1.938e-04 1.761e-03 -1.000 4.000e-03 -3.989 -3.708 -3.725 -3.684
0.004 -0.58336 7.85000 5.6954574585 2.6171614652    5.696  3.501  3.9973  2.634    2  0.000  0.537     0.00     0.00     0.00     0.00     0.00 -1    -1e-30      0.00 7.400e-01 2.560e-01 7.099e-04 1.938e-04 1.761e-03 -1.000 4.000e-03 -3.982 -3.758 -3.771 -3.743
0.004 -0.58336 7.85000 5.6956076622 2.6171620403    5.696  3.498  3.9852  2.588    2  0.000  0.537     0.00     0.00     0.00     0.00     0.00 -1    -1e-30      0.00 7.400e-01 2.560e-01 7.099e-04 1.938e-04 1.761e-03 -1.000 4.000e-03 -3.975 -3.806 -3.814 -3.800
0.004 -0.58336 7.85000 5.6957502365 2.6171625862    5.696  3.495  3.9730  2.542    2  0.000  0.537     0.00     0.00     0.00     0.00     0.00 -1    -1e-30      0.00 7.400e-01 2.560e-01 7.099e-04 1.938e-04 1.761e-03 -1.000 4.000e-03 -3.967 -3.851 -3.854 -3.854
0.004 -0.58336 7.85000 5.6958847046 2.6171631011    5.697  3.492  3.9608  2.497    2  0.000  0.537     0.00     0.00     0.00     0.00     0.00 -1    -1e-30      0.00 7.400e-01 2.560e-01 7.099e-04 1.938e-04 1.761e-03 -1.000 4.000e-03 -3.959 -3.893 -3.891 -3.906
0.004 -0.58336 7.85000 5.6960120201 2.6171635885    5.697  3.488  3.9486  2.452    2  0.000  0.537     0.00     0.00     0.00     0.00     0.00 -1    -1e-30      0.00 7.400e-01 2.560e-01 7.099e-04 1.938e-04 1.761e-03 -1.000 4.000e-03 -3.950 -3.931 -3.922 -3.957
0.004 -0.58336 7.85000 5.6961317062 2.6171640467    5.697  3.484  3.9364  2.407    2  0.000  0.537     0.00     0.00     0.00     0.00     0.00 -1    -1e-30      0.00 7.400e-01 2.560e-01 7.099e-04 1.938e-04 1.761e-03 -1.000 4.000e-03 -3.941 -3.964 -3.947 -4.004
0.004 -0.58336 7.85000 5.6962456703 2.6171644829    5.697  3.481  3.9242  2.362    2  0.000  0.537     0.00     0.00     0.00     0.00     0.00 -1    -1e-30      0.00 7.400e-01 2.560e-01 7.099e-04 1.938e-04 1.761e-03 -1.000 4.000e-03 -3.931 -3.991 -3.965 -4.049
0.004 -0.58336 7.85000 5.6963529587 2.6171648936    5.697  3.477  3.9120  2.317    2  0.000  0.537     0.00     0.00     0.00     0.00     0.00 -1    -1e-30      0.00 7.400e-01 2.560e-01 7.099e-04 1.938e-04 1.761e-03 -1.000 4.000e-03 -3.921 -4.011 -3.975 -4.090
0.004 -0.58336 7.85000 5.6964540482 2.6171652806    5.697  3.472  3.8998  2.272    2  0.000  0.537     0.00     0.00     0.00     0.00     0.00 -1    -1e-30      0.00 7.400e-01 2.560e-01 7.099e-04 1.938e-04 1.761e-03 -1.000 4.000e-03 -3.911 -4.025 -3.976 -4.127
0.004 -0.58336 7.85000 5.6965494156 2.6171656456    5.697  3.468  3.8875  2.228    2  0.000  0.537     0.00     0.00     0.00     0.00     0.00 -1    -1e-30      0.00 7.400e-01 2.560e-01 7.099e-04 1.938e-04 1.761e-03 -1.000 4.000e-03 -3.900 -4.031 -3.967 -4.161
0.004 -0.58336 7.85000 5.6966395378 2.6171659906    5.697  3.463  3.8753  2.183    2  0.000  0.537     0.00     0.00     0.00     0.00     0.00 -1    -1e-30      0.00 7.400e-01 2.560e-01 7.099e-04 1.938e-04 1.761e-03 -1.000 4.000e-03 -3.888 -4.031 -3.950 -4.191
0.004 -0.58336 7.85000 5.6967239380 2.6171663136    5.697  3.459  3.8630  2.139    2  0.000  0.537     0.00     0.00     0.00     0.00     0.00 -1    -1e-30      0.00 7.400e-01 2.560e-01 7.099e-04 1.938e-04 1.761e-03 -1.000 4.000e-03 -3.877 -4.028 -3.928 -4.220
0.004 -0.58336 7.85000 5.6968035698 2.6171666184    5.698  3.454  3.8508  2.095    2  0.000  0.537     0.00     0.00     0.00     0.00     0.00 -1    -1e-30      0.00 7.400e-01 2.560e-01 7.099e-04 1.938e-04 1.761e-03 -1.000 4.000e-03 -3.865 -4.020 -3.899 -4.247
0.004 -0.58336 7.85000 5.6968793869 2.6171669085    5.698  3.449  3.8386  2.051    2  0.000  0.537     0.00     0.00     0.00     0.00     0.00 -1    -1e-30      0.00 7.400e-01 2.560e-01 7.099e-04 1.938e-04 1.761e-03 -1.000 4.000e-03 -3.852 -4.009 -3.865 -4.271
0.004 -0.58336 7.85000 5.6969504356 2.6171671804    5.698  3.444  3.8264  2.008    2  0.000  0.537     0.00     0.00     0.00     0.00     0.00 -1    -1e-30      0.00 7.400e-01 2.560e-01 7.099e-04 1.938e-04 1.761e-03 -1.000 4.000e-03 -3.839 -3.996 -3.828 -4.292
0.004 -0.58336 7.85000 5.6970176697 2.6171674377    5.698  3.438  3.8142  1.964    2  0.000  0.537     0.00     0.00     0.00     0.00     0.00 -1    -1e-30      0.00 7.400e-01 2.560e-01 7.099e-04 1.938e-04 1.761e-03 -1.000 4.000e-03 -3.826 -3.979 -3.788 -4.308
0.004 -0.58336 7.85000 5.6970815659 2.6171676822    5.698  3.433  3.8021  1.921    2  0.000  0.537     0.00     0.00     0.00     0.00     0.00 -1    -1e-30      0.00 7.400e-01 2.560e-01 7.099e-04 1.938e-04 1.761e-03 -1.000 4.000e-03 -3.813 -3.958 -3.744 -4.322
0.004 -0.58336 7.85000 5.6971421242 2.6171679140    5.698  3.427  3.7899  1.878    2  0.000  0.537     0.00     0.00     0.00     0.00     0.00 -1    -1e-30      0.00 7.400e-01 2.560e-01 7.099e-04 1.938e-04 1.761e-03 -1.000 4.000e-03 -3.798 -3.936 -3.696 -4.332
0.004 -0.58336 7.85000 5.6971998215 2.6171681348    5.698  3.421  3.7777  1.835    2  0.000  0.537     0.00     0.00     0.00     0.00     0.00 -1    -1e-30      0.00 7.400e-01 2.560e-01 7.099e-04 1.938e-04 1.761e-03 -1.000 4.000e-03 -3.784 -3.911 -3.646 -4.340
0.004 -0.58336 7.85000 5.6972546577 2.6171683446    5.698  3.415  3.7657  1.793    2  0.000  0.537     0.00     0.00     0.00     0.00     0.00 -1    -1e-30      0.00 7.400e-01 2.560e-01 7.099e-04 1.938e-04 1.761e-03 -1.000 4.000e-03 -3.768 -3.884 -3.591 -4.345
0.004 -0.58336 7.85000 5.6973075867 2.6171685471    5.698  3.409  3.7538  1.752    2  0.000  0.537     0.00     0.00     0.00     0.00     0.00 -1    -1e-30      0.00 7.400e-01 2.560e-01 7.099e-04 1.938e-04 1.761e-03 -1.000 4.000e-03 -3.752 -3.853 -3.534 -4.344
0.004 -0.58336 7.85000 5.6973590851 2.6171687442    5.698  3.402  3.7425  1.714    2  0.000  0.537     0.00     0.00     0.00     0.00     0.00 -1    -1e-30      0.00 7.400e-01 2.560e-01 7.099e-04 1.938e-04 1.761e-03 -1.000 4.000e-03 -3.735 -3.820 -3.475 -4.339
0.004 -0.58336 7.85000 5.6974124908 2.6171689485    5.698  3.394  3.7318  1.679    2  0.000  0.537     0.00     0.00     0.00     0.00     0.00 -1    -1e-30      0.00 7.400e-01 2.560e-01 7.099e-04 1.938e-04 1.761e-03 -1.000 4.000e-03 -3.715 -3.784 -3.413 -4.329
0.004 -0.58336 7.85000 5.6974744797 2.6171691857    5.698  3.384  3.7212  1.647    2  0.000  0.537     0.00     0.00     0.00     0.00     0.00 -1    -1e-30      0.00 7.400e-01 2.560e-01 7.099e-04 1.938e-04 1.761e-03 -1.000 4.000e-03 -3.689 -3.739 -3.343 -4.309
0.004 -0.58336 7.85000 5.6975493431 2.6171694721    5.698  3.370  3.7111  1.621    2  0.000  0.537     0.00     0.00     0.00     0.00     0.00 -1    -1e-30      0.00 7.400e-01 2.560e-01 7.099e-04 1.938e-04 1.761e-03 -1.000 4.000e-03 -3.654 -3.683 -3.263 -4.277
0.004 -0.58336 7.85000 5.6976575851 2.6171698863    5.698  3.348  3.7010  1.601    2  0.000  0.537     0.00     0.00     0.00     0.00     0.00 -1    -1e-30      0.00 7.400e-01 2.560e-01 7.099e-04 1.938e-04 1.761e-03 -1.000 4.000e-03 -3.601 -3.607 -3.162 -4.225
0.004 -0.58336 7.85000 5.6978082657 2.6171704627    5.699  3.324  3.6898  1.581    2  0.000  0.537     0.00     0.00     0.00     0.00     0.00 -1    -1e-30      0.00 7.400e-01 2.560e-01 7.099e-04 1.938e-04 1.761e-03 -1.000 4.000e-03 -3.540 -3.518 -3.044 -4.161
0.004 -0.58336 7.85000 5.6978940964 2.6171707911    5.699  3.316  3.6839  1.566    2  0.000  0.537     0.00     0.00     0.00     0.00     0.00 -1    -1e-30      0.00 7.400e-01 2.560e-01 7.099e-04 1.938e-04 1.761e-03 -1.000 4.000e-03 -3.519 -3.480 -2.990 -4.136
0.004 -0.58336 7.85000 5.6979284286 2.6171709224    5.699  3.320  3.6815  1.552    2  0.000  0.537     0.00     0.00     0.00     0.00     0.00 -1    -1e-30      0.00 7.400e-01 2.560e-01 7.099e-04 1.938e-04 1.761e-03 -1.000 4.000e-03 -3.529 -3.485 -2.989 -4.147
0.004 -0.58336 7.85000 5.6980347633 2.6171713292    5.699  3.344  3.6739  1.497    3  0.000  0.537    10.48     8.89     6.45     4.67     3.84  4    -1e-30      0.00 7.400e-01 2.560e-01 7.095e-04 1.939e-04 1.761e-03 -1.000 4.000e-03 -3.591 -3.527 -3.008 -4.207
0.004 -0.58336 7.85000 5.6981062889 2.6171716028    5.699  3.370  3.6687  1.451    3  0.000  0.536    11.58     9.66     6.99     5.07     4.17  4    -1e-30      0.00 7.400e-01 2.560e-01 7.073e-04 1.947e-04 1.761e-03 -1.000 4.000e-03 -3.654 -3.575 -3.040 -4.267
0.004 -0.58336 7.85000 5.6981725693 2.6171718563    5.699  3.402  3.6638  1.399    3  0.000  0.528    12.95    10.60     7.64     5.55     4.56  4    -1e-30      0.00 7.400e-01 2.560e-01 6.978e-04 2.002e-04 1.761e-03 -1.000 4.000e-03 -3.735 -3.639 -3.089 -4.343
0.004 -0.58336 7.85000 5.6982355118 2.6171720971    5.699  3.434  3.6596  1.350    3  0.000  0.510    14.42    11.59     8.32     6.05     4.97  4    -1e-30      0.00 7.399e-01 2.561e-01 6.737e-04 2.195e-04 1.761e-03 -1.000 4.000e-03 -3.816 -3.705 -3.141 -4.420
0.004 -0.58336 7.85000 5.6982693672 2.6171722266    5.699  3.452  3.6574  1.324    3  0.000  0.497    15.25    12.15     8.70     6.33     5.21  4    -1e-30      0.00 7.399e-01 2.561e-01 6.563e-04 2.354e-04 1.761e-03 -1.000 4.000e-03 -3.859 -3.740 -3.168 -4.460
0.004 -0.58336 7.85000 5.6983094215 2.6171723798    5.699  3.470  3.6553  1.297    3  0.000  0.474    16.16    12.75     9.11     6.64     5.46  4    -1e-30      0.00 7.399e-01 2.561e-01 6.266e-04 2.704e-04 1.761e-03 -1.000 4.000e-03 -3.905 -3.776 -3.198 -4.502
0.004 -0.58336 7.85000 5.6983299255 2.6171724582    5.699  3.478  3.6544  1.286    3  0.000  0.466    16.57    13.02     9.29     6.77     5.57  4    -1e-30      0.00 7.399e-01 2.561e-01 6.157e-04 2.838e-04 1.761e-03 -1.000 4.000e-03 -3.925 -3.792 -3.210 -4.519
0.004 -0.58336 7.85000 5.6985292435 2.6171732205    5.699  3.528  3.6490  1.213    3  0.000  0.420    19.37    14.83    10.53     7.68     6.32  4    -1e-30      0.00 7.398e-01 2.562e-01 5.540e-04 3.598e-04 1.761e-03 -1.000 4.026e-03 -4.051 -3.893 -3.293 -4.635
0.004 -0.58336 7.85000 5.6988868713 2.6171745882    5.700  3.570  3.6445  1.153    3  0.000  0.390    22.06    16.53    11.68     8.53     7.03  4    -1e-30      0.00 7.397e-01 2.563e-01 5.144e-04 4.097e-04 1.759e-03 -1.000 4.068e-03 -4.156 -3.977 -3.361 -4.730
0.004 -0.58336 7.85000 5.6993460655 2.6171763439    5.700  3.607  3.6406  1.101    3  0.000  0.371    24.71    18.18    12.78     9.35     7.70  4    -1e-30      0.00 7.394e-01 2.566e-01 4.863e-04 4.529e-04 1.749e-03 -1.000 4.030e-03 -4.248 -4.050 -3.420 -4.813
0.004 -0.58336 7.85000 5.6998558044 2.6171782926    5.701  3.644  3.6370  1.050    3  0.000  0.363    27.57    19.92    13.95    10.22     8.42  4    -1e-30      0.00 7.378e-01 2.582e-01 4.660e-04 5.101e-04 1.712e-03 -1.000 4.025e-03 -4.339 -4.122 -3.478 -4.895
0.004 -0.58336 7.85000 5.7003655434 2.6171802409    5.701  3.671  3.6345  1.013    3  0.000  0.361    29.90    21.31    14.88    10.92     8.99  4    -1e-30      0.00 7.354e-01 2.606e-01 4.535e-04 5.590e-04 1.674e-03 -1.000 4.013e-03 -4.407 -4.176 -3.523 -4.956
0.004 -0.58336 7.85000 5.7010273933 2.6171827699    5.702  3.695  3.6323  0.980    3  0.000  0.361    32.13    22.63    15.76    11.57     9.53  4    -1e-30      0.00 7.324e-01 2.636e-01 4.438e-04 6.018e-04 1.639e-03 -1.000 4.000e-03 -4.468 -4.225 -3.563 -5.011
0.004 -0.58336 7.85000 5.7023034096 2.6171876439    5.703  3.717  3.6304  0.951    3  0.000  0.361    34.18    23.83    16.55    12.16    10.02  4    -1e-30      0.00 7.297e-01 2.663e-01 4.373e-04 6.305e-04 1.615e-03 -1.000 4.000e-03 -4.521 -4.268 -3.598 -5.060
0.004 -0.58336 7.85000 5.7067937851 2.6172047757    5.708  3.710  3.6313  0.962    3  0.000  0.361    33.44    23.39    16.27    11.95     9.85  4    -1e-30      0.00 7.297e-01 2.663e-01 4.373e-04 6.305e-04 1.615e-03 -1.000 4.000e-03 -4.505 -4.257 -3.591 -5.046
0.004 -0.58336 7.85000 5.7280893326 2.6172856027    5.729  3.680  3.6354  1.010    4  0.000  0.361     0.00     0.00     0.00     0.00     0.00 -1    -1e-30      0.00 7.297e-01 2.663e-01 4.373e-04 6.305e-04 1.615e-03 -1.000 4.000e-03 -4.430 -4.204 -3.554 -4.982
0.004 -0.58336 7.85000 5.7458152771 2.6173523561    5.747  3.655  3.6388  1.049    4  0.000  0.361     0.00     0.00     0.00     0.00     0.00 -1    -1e-30      0.00 7.297e-01 2.663e-01 4.373e-04 6.305e-04 1.615e-03 -1.000 4.000e-03 -4.368 -4.160 -3.522 -4.929
0.004 -0.58336 7.85000 5.7599372864 2.6174051996    5.761  3.635  3.6416  1.082    4  0.000  0.361     0.00     0.00     0.00     0.00     0.00 -1    -1e-30      0.00 7.297e-01 2.663e-01 4.372e-04 6.305e-04 1.615e-03 -1.000 4.000e-03 -4.318 -4.124 -3.497 -4.886
0.004 -0.58336 7.85000 5.7755494118 2.6174632733    5.776  3.614  3.6449  1.118    4  0.000  0.361     0.00     0.00     0.00     0.00     0.00 -1    -1e-30      0.00 7.298e-01 2.662e-01 4.372e-04 6.304e-04 1.615e-03 -1.000 4.000e-03 -4.264 -4.087 -3.471 -4.840
0.004 -0.58336 7.85000 5.7935214043 2.6175296796    5.794  3.597  3.6491  1.153    4  0.000  0.361     0.00     0.00     0.00     0.00     0.00 -1    -1e-30      0.00 7.298e-01 2.662e-01 4.372e-04 6.304e-04 1.615e-03 -1.000 4.000e-03 -4.222 -4.065 -3.463 -4.808
0.004 -0.58336 7.85000 5.8000001907 2.6175535027    5.801  3.593  3.6508  1.163    4  0.000  0.361     0.00     0.00     0.00     0.00     0.00 -1    -1e-30      0.00 7.298e-01 2.662e-01 4.372e-04 6.304e-04 1.615e-03 -1.000 4.000e-03 -4.213 -4.063 -3.467 -4.802
0.004 -0.58336 7.85000 5.8178601265 2.6176188593    5.819  3.582  3.6552  1.194    4  0.000  0.361     0.00     0.00     0.00     0.00     0.00 -1    -1e-30      0.00 7.297e-01 2.662e-01 4.372e-04 6.309e-04 1.615e-03 -1.000 4.009e-03 -4.185 -4.056 -3.473 -4.784
0.004 -0.58336 7.85000 5.8185539246 2.6176213889    5.819  3.582  3.6554  1.195    4  0.000  0.361     0.00     0.00     0.00     0.00     0.00 -1    -1e-30      0.00 7.297e-01 2.662e-01 4.372e-04 6.309e-04 1.615e-03 -1.000 4.009e-03 -4.184 -4.056 -3.474 -4.784
0.004 -0.58336 7.85000 5.8273959160 2.6176535660    5.828  3.591  3.6599  1.204    5  0.000  0.361     0.00     0.00     0.00     0.00     0.00 -1    -1e-30      0.00 7.297e-01 2.663e-01 4.371e-04 6.312e-04 1.614e-03 -1.000 4.014e-03 -4.209 -4.100 -3.531 -4.817
0.004 -0.58336 7.85000 5.8368620872 2.6176878903    5.837  3.611  3.6677  1.216    5  0.000  0.361     0.00     0.00     0.00     0.00     0.00 -1    -1e-30      0.00 7.297e-01 2.663e-01 4.371e-04 6.314e-04 1.614e-03 -1.000 4.019e-03 -4.257 -4.175 -3.630 -4.875
0.004 -0.58336 7.85000 5.8397517204 2.6176983427    5.840  3.622  3.6722  1.223    5  0.000  0.361     0.00     0.00     0.00     0.00     0.00 -1    -1e-30      0.00 7.297e-01 2.663e-01 4.371e-04 6.315e-04 1.614e-03 -1.000 4.020e-03 -4.285 -4.218 -3.687 -4.907
0.004 -0.58336 7.85000 5.8419170380 2.6177061672    5.843  3.635  3.6783  1.235    5  0.000  0.361     0.00     0.00     0.00     0.00     0.00 -1    -1e-30      0.00 7.297e-01 2.663e-01 4.371e-04 6.316e-04 1.614e-03 -1.000 4.021e-03 -4.317 -4.268 -3.755 -4.942
0.004 -0.58336 7.85000 5.8432860374 2.6177111107    5.844  3.644  3.6840  1.249    5  0.000  0.361     0.00     0.00     0.00     0.00     0.00 -1    -1e-30      0.00 7.297e-01 2.663e-01 4.371e-04 6.316e-04 1.614e-03 -1.000 4.022e-03 -4.340 -4.305 -3.809 -4.965
0.004 -0.58336 7.85000 5.8443875313 2.6177150864    5.845  3.651  3.6902  1.266    5  0.000  0.361     0.00     0.00     0.00     0.00     0.00 -1    -1e-30      0.00 7.297e-01 2.663e-01 4.371e-04 6.317e-04 1.614e-03 -1.000 4.023e-03 -4.358 -4.340 -3.861 -4.987
0.004 -0.58336 7.85000 5.8454146385 2.6177187920    5.846  3.657  3.6979  1.292    5  0.000  0.361     0.00     0.00     0.00     0.00     0.00 -1    -1e-30      0.00 7.297e-01 2.663e-01 4.371e-04 6.317e-04 1.614e-03 -1.000 4.023e-03 -4.372 -4.375 -3.916 -5.003
0.004 -0.58336 7.85000 5.8464488983 2.6177225219    5.847  3.661  3.7069  1.323    5  0.000  0.361     0.00     0.00     0.00     0.00     0.00 -1    -1e-30      0.00 7.297e-01 2.663e-01 4.371e-04 6.317e-04 1.614e-03 -1.000 4.024e-03 -4.384 -4.408 -3.973 -5.015
0.004 -0.58336 7.85000 5.8475465775 2.6177264788    5.848  3.665  3.7167  1.358    5  0.000  0.361     0.00     0.00     0.00     0.00     0.00 -1    -1e-30      0.00 7.297e-01 2.663e-01 4.371e-04 6.317e-04 1.614e-03 -1.000 4.024e-03 -4.394 -4.440 -4.029 -5.023
0.004 -0.58336 7.85000 5.8487715721 2.6177308927    5.849  3.669  3.7273  1.397    5  0.000  0.361     0.00     0.00     0.00     0.00     0.00 -1    -1e-30      0.00 7.297e-01 2.663e-01 4.371e-04 6.318e-04 1.614e-03 -1.000 4.025e-03 -4.403 -4.469 -4.085 -5.027
0.004 -0.58336 7.85000 5.8501286507 2.6177357800    5.851  3.672  3.7383  1.438    5  0.000  0.361     0.00     0.00     0.00     0.00     0.00 -1    -1e-30      0.00 7.296e-01 2.663e-01 4.371e-04 6.318e-04 1.614e-03 -1.000 4.025e-03 -4.411 -4.496 -4.139 -5.027
0.004 -0.58336 7.85000 5.8516173363 2.6177411383    5.852  3.676  3.7493  1.479    5  0.000  0.361     0.00     0.00     0.00     0.00     0.00 -1    -1e-30      0.00 7.296e-01 2.663e-01 4.371e-04 6.319e-04 1.614e-03 -1.000 4.026e-03 -4.420 -4.521 -4.190 -5.025
0.004 -0.58336 7.85000 5.8532590866 2.6177470438    5.854  3.679  3.7603  1.519    5  0.000  0.361     0.00     0.00     0.00     0.00     0.00 -1    -1e-30      0.00 7.296e-01 2.663e-01 4.371e-04 6.319e-04 1.614e-03 -1.000 4.027e-03 -4.428 -4.545 -4.239 -5.020
0.004 -0.58336 7.85000 5.8550143242 2.6177533534    5.856  3.683  3.7709  1.559    5  0.000  0.361     0.00     0.00     0.00     0.00     0.00 -1    -1e-30      0.00 7.296e-01 2.663e-01 4.371e-04 6.320e-04 1.614e-03 -1.000 4.028e-03 -4.437 -4.565 -4.284 -5.012
0.004 -0.58336 7.85000 5.8568964005 2.6177601141    5.858  3.686  3.7814  1.597    5  0.000  0.361     0.00     0.00     0.00     0.00     0.00 -1    -1e-30      0.00 7.296e-01 2.663e-01 4.371e-04 6.320e-04 1.614e-03 -1.000 4.029e-03 -4.446 -4.584 -4.328 -5.000
0.004 -0.58336 7.85000 5.8588190079 2.6177670153    5.859  3.690  3.7911  1.633    5  0.000  0.361     0.00     0.00     0.00     0.00     0.00 -1    -1e-30      0.00 7.296e-01 2.663e-01 4.371e-04 6.321e-04 1.614e-03 -1.000 4.030e-03 -4.454 -4.599 -4.364 -4.989
0.004 -0.58336 7.85000 5.8612337112 2.6177756754    5.862  3.693  3.8022  1.673    5  0.000  0.361     0.00     0.00     0.00     0.00     0.00 -1    -1e-30      0.00 7.296e-01 2.664e-01 4.370e-04 6.321e-04 1.613e-03 -1.000 4.031e-03 -4.464 -4.617 -4.405 -4.975
0.004 -0.58336 7.85000 5.8639321327 2.6177853434    5.865  3.698  3.8133  1.714    5  0.000  0.361     0.00     0.00     0.00     0.00     0.00 -1    -1e-30      0.00 7.296e-01 2.664e-01 4.370e-04 6.322e-04 1.613e-03 -1.000 4.032e-03 -4.474 -4.633 -4.444 -4.960
0.004 -0.58336 7.85000 5.8666658401 2.6177951273    5.867  3.701  3.8234  1.751    5  0.000  0.361     0.00     0.00     0.00     0.00     0.00 -1    -1e-30      0.00 7.296e-01 2.664e-01 4.370e-04 6.323e-04 1.613e-03 -1.000 4.034e-03 -4.483 -4.645 -4.477 -4.944
0.004 -0.58336 7.85000 5.8692121506 2.6178042312    5.870  3.705  3.8316  1.780    5  0.000  0.361     0.00     0.00     0.00     0.00     0.00 -1    -1e-30      0.00 7.296e-01 2.664e-01 4.370e-04 6.324e-04 1.613e-03 -1.000 4.035e-03 -4.492 -4.655 -4.503 -4.931
0.004 -0.58336 7.85000 5.8721985817 2.6178148970    5.873  3.708  3.8402  1.811    5  0.000  0.361     0.00     0.00     0.00     0.00     0.00 -1    -1e-30      0.00 7.296e-01 2.664e-01 4.370e-04 6.324e-04 1.613e-03 -1.000 4.037e-03 -4.501 -4.665 -4.529 -4.914
0.004 -0.58336 7.85000 5.8753676414 2.6178262014    5.876  3.712  3.8475  1.837    5  0.000  0.361     0.00     0.00     0.00     0.00     0.00 -1    -1e-30      0.00 7.296e-01 2.664e-01 4.370e-04 6.325e-04 1.613e-03 -1.000 4.038e-03 -4.510 -4.673 -4.550 -4.901
0.004 -0.58336 7.85000 5.8795022964 2.6178409292    5.880  3.717  3.8555  1.864    5  0.000  0.361     0.00     0.00     0.00     0.00     0.00 -1    -1e-30      0.00 7.296e-01 2.664e-01 4.370e-04 6.326e-04 1.613e-03 -1.000 4.040e-03 -4.522 -4.683 -4.575 -4.888
0.004 -0.58336 7.85000 5.8850798607 2.6178607590    5.886  3.723  3.8630  1.888    5  0.000  0.361     0.00     0.00     0.00     0.00     0.00 -1    -1e-30      0.00 7.295e-01 2.664e-01 4.370e-04 6.328e-04 1.613e-03 -1.000 4.043e-03 -4.539 -4.696 -4.601 -4.880
0.004 -0.58336 7.85000 5.8937034607 2.6178913333    5.894  3.732  3.8737  1.923    5  0.000  0.361     0.00     0.00     0.00     0.00     0.00 -1    -1e-30      0.00 7.295e-01 2.664e-01 4.370e-04 6.330e-04 1.613e-03 -1.000 4.047e-03 -4.560 -4.710 -4.632 -4.867
0.004 -0.58336 7.85000 5.8946719170 2.6178947604    5.895  3.733  3.8749  1.927    5  0.000  0.361     0.00     0.00     0.00     0.00     0.00 -1    -1e-30      0.00 7.295e-01 2.664e-01 4.370e-04 6.331e-04 1.613e-03 -1.000 4.048e-03 -4.562 -4.711 -4.634 -4.865
0.004 -0.58336 7.85000 5.9044246674 2.6179292013    5.905  3.740  3.8862  1.966    5  0.000  0.361     0.00     0.00     0.00     0.00     0.00 -1    -1e-30      0.00 7.295e-01 2.665e-01 4.369e-04 6.333e-04 1.612e-03 -1.000 4.053e-03 -4.580 -4.718 -4.656 -4.844
0.004 -0.58336 7.85000 5.9116420746 2.6179546047    5.912  3.744  3.8805  1.940    6  0.000  0.361     0.00     0.00     0.00     0.00     0.00 -1    -1e-30      0.00 7.295e-01 2.665e-01 4.369e-04 6.335e-04 1.612e-03 -1.000 4.056e-03 -4.591 -4.735 -4.666 -4.874
0.004 -0.58336 7.85000 5.9168791771 2.6179729934    5.917  3.747  3.8756  1.917    6  0.000  0.361     0.00     0.00     0.00     0.00     0.00 -1    -1e-30      0.00 7.294e-01 2.665e-01 4.369e-04 6.337e-04 1.612e-03 -1.000 4.059e-03 -4.598 -4.747 -4.671 -4.899
0.004 -0.58336 7.85000 5.9194550514 2.6179820241    5.920  3.749  3.8712  1.899    6  0.000  0.361     0.00     0.00     0.00     0.00     0.00 -1    -1e-30      0.00 7.294e-01 2.665e-01 4.369e-04 6.338e-04 1.612e-03 -1.000 4.060e-03 -4.601 -4.754 -4.672 -4.916
0.004 -0.58336 7.85000 5.9220337868 2.6179910559    5.923  3.750  3.8659  1.877    6  0.000  0.361     0.00     0.00     0.00     0.00     0.00 -1    -1e-30      0.00 7.294e-01 2.665e-01 4.369e-04 6.338e-04 1.612e-03 -1.000 4.061e-03 -4.604 -4.760 -4.670 -4.936
0.004 -0.58336 7.85000 5.9244995117 2.6179996834    5.925  3.750  3.8595  1.850    6  0.000  0.361     0.00     0.00     0.00     0.00     0.00 -1    -1e-30      0.00 7.294e-01 2.665e-01 4.369e-04 6.339e-04 1.612e-03 -1.000 4.063e-03 -4.605 -4.765 -4.665 -4.958
0.004 -0.58336 7.85000 5.9264864922 2.6180066297    5.927  3.750  3.8512  1.818    6  0.000  0.361     0.00     0.00     0.00     0.00     0.00 -1    -1e-30      0.00 7.294e-01 2.665e-01 4.369e-04 6.340e-04 1.612e-03 -1.000 4.064e-03 -4.605 -4.767 -4.653 -4.984
0.004 -0.58336 7.85000 5.9285483360 2.6180138321    5.929  3.749  3.8395  1.772    6  0.000  0.361     0.00     0.00     0.00     0.00     0.00 -1    -1e-30      0.00 7.294e-01 2.665e-01 4.369e-04 6.340e-04 1.612e-03 -1.000 4.065e-03 -4.603 -4.767 -4.631 -5.018
0.004 -0.58336 7.85000 5.9299564362 2.6180187476    5.930  3.748  3.8278  1.726    6  0.000  0.361     0.00     0.00     0.00     0.00     0.00 -1    -1e-30      0.00 7.294e-01 2.665e-01 4.369e-04 6.341e-04 1.612e-03 -1.000 4.065e-03 -4.600 -4.764 -4.605 -5.049
0.004 -0.58336 7.85000 5.9310784340 2.6180226624    5.932  3.746  3.8161  1.681    6  0.000  0.361     0.00     0.00     0.00     0.00     0.00 -1    -1e-30      0.00 7.294e-01 2.665e-01 4.369e-04 6.341e-04 1.612e-03 -1.000 4.066e-03 -4.596 -4.757 -4.575 -5.076
0.004 -0.58336 7.85000 5.9320383072 2.6180260101    5.933  3.745  3.8041  1.635    6  0.000  0.361     0.00     0.00     0.00     0.00     0.00 -1    -1e-30      0.00 7.294e-01 2.665e-01 4.369e-04 6.341e-04 1.612e-03 -1.000 4.066e-03 -4.592 -4.747 -4.541 -5.100
0.004 -0.58336 7.85000 5.9328751564 2.6180289278    5.933  3.743  3.7917  1.587    6  0.000  0.361     0.00     0.00     0.00     0.00     0.00 -1    -1e-30      0.00 7.294e-01 2.665e-01 4.369e-04 6.341e-04 1.612e-03 -1.000 4.067e-03 -4.587 -4.734 -4.501 -5.122
0.004 -0.58336 7.85000 5.9336075783 2.6180314806    5.934  3.741  3.7789  1.538    6  0.000  0.361     0.00     0.00     0.00     0.00     0.00 -1    -1e-30      0.00 7.294e-01 2.665e-01 4.369e-04 6.342e-04 1.612e-03 -1.000 4.067e-03 -4.582 -4.719 -4.457 -5.142
0.004 -0.58336 7.85000 5.9342494011 2.6180337171    5.935  3.738  3.7657  1.488    6  0.000  0.361     0.00     0.00     0.00     0.00     0.00 -1    -1e-30      0.00 7.294e-01 2.665e-01 4.369e-04 6.342e-04 1.612e-03 -1.000 4.067e-03 -4.575 -4.699 -4.406 -5.159
0.004 -0.58336 7.85000 5.9348130226 2.6180356806    5.935  3.735  3.7523  1.437    6  0.000  0.361     0.00     0.00     0.00     0.00     0.00 -1    -1e-30      0.00 7.294e-01 2.665e-01 4.369e-04 6.342e-04 1.612e-03 -1.000 4.068e-03 -4.568 -4.674 -4.350 -5.170
0.004 -0.58336 7.85000 5.9353075027 2.6180374028    5.936  3.732  3.7390  1.388    6  0.000  0.361     0.00     0.00     0.00     0.00     0.00 -1    -1e-30      0.00 7.294e-01 2.665e-01 4.369e-04 6.342e-04 1.612e-03 -1.000 4.068e-03 -4.559 -4.646 -4.290 -5.176
0.004 -0.58336 7.85000 5.9357366562 2.6180388973    5.936  3.728  3.7263  1.341    6  0.000  0.361     0.00     0.00     0.00     0.00     0.00 -1    -1e-30      0.00 7.294e-01 2.665e-01 4.369e-04 6.342e-04 1.612e-03 -1.000 4.068e-03 -4.549 -4.615 -4.228 -5.176
0.004 -0.58336 7.85000 5.9361138344 2.6180402106    5.937  3.723  3.7146  1.299    6  0.000  0.361     0.00     0.00     0.00     0.00     0.00 -1    -1e-30      0.00 7.294e-01 2.665e-01 4.369e-04 6.342e-04 1.612e-03 -1.000 4.068e-03 -4.538 -4.580 -4.163 -5.169
0.004 -0.58336 7.85000 5.9364490509 2.6180413776    5.937  3.718  3.7042  1.262    6  0.000  0.361     0.00     0.00     0.00     0.00     0.00 -1    -1e-30      0.00 7.294e-01 2.665e-01 4.369e-04 6.342e-04 1.612e-03 -1.000 4.069e-03 -4.525 -4.543 -4.100 -5.158
0.004 -0.58336 7.85000 5.9367589951 2.6180424565    5.937  3.711  3.6953  1.233    6  0.000  0.361     0.00     0.00     0.00     0.00     0.00 -1    -1e-30      0.00 7.294e-01 2.665e-01 4.369e-04 6.342e-04 1.612e-03 -1.000 4.069e-03 -4.509 -4.505 -4.038 -5.140
0.004 -0.58336 7.85000 5.9370694160 2.6180435369    5.938  3.704  3.6870  1.208    6  0.000  0.361     0.00     0.00     0.00     0.00     0.00 -1    -1e-30      0.00 7.294e-01 2.665e-01 4.369e-04 6.343e-04 1.612e-03 -1.000 4.069e-03 -4.489 -4.462 -3.973 -5.117
0.004 -0.58336 7.85000 5.9373974800 2.6180446785    5.938  3.693  3.6795  1.189    6  0.000  0.361     0.00     0.00     0.00     0.00     0.00 -1    -1e-30      0.00 7.294e-01 2.665e-01 4.369e-04 6.343e-04 1.612e-03 -1.000 4.069e-03 -4.463 -4.417 -3.907 -5.089
0.004 -0.58336 7.85000 5.9377493858 2.6180459030    5.938  3.680  3.6726  1.173    6  0.000  0.361     0.00     0.00     0.00     0.00     0.00 -1    -1e-30      0.00 7.294e-01 2.665e-01 4.369e-04 6.343e-04 1.612e-03 -1.000 4.069e-03 -4.431 -4.365 -3.834 -5.054
0.004 -0.58336 7.85000 5.9382739067 2.6180477279    5.939  3.663  3.6635  1.154    6  0.000  0.361     0.00     0.00     0.00     0.00     0.00 -1    -1e-30      0.00 7.294e-01 2.665e-01 4.369e-04 6.343e-04 1.612e-03 -1.000 4.070e-03 -4.388 -4.292 -3.733 -5.003
0.004 -0.58336 7.85000 5.9386820793 2.6180491476    5.939  3.659  3.6572  1.133    6  0.000  0.361     0.00     0.00     0.00     0.00     0.00 -1    -1e-30      0.00 7.294e-01 2.665e-01 4.369e-04 6.343e-04 1.612e-03 -1.000 4.070e-03 -4.378 -4.258 -3.679 -4.984
0.004 -0.58336 7.85000 5.9391455650 2.6180507595    5.940  3.666  3.6507  1.101    6  0.000  0.361     0.00     0.00     0.00     0.00     0.00 -1    -1e-30      0.00 7.294e-01 2.665e-01 4.369e-04 6.343e-04 1.612e-03 -1.000 4.070e-03 -4.394 -4.245 -3.646 -4.986
0.004 -0.58336 7.85000 5.9397406578 2.6180528287    5.940  3.692  3.6434  1.045    6  0.000  0.361     0.00     0.00     0.00     0.00     0.00 -1    -1e-30      0.00 7.294e-01 2.666e-01 4.368e-04 6.343e-04 1.611e-03 -1.000 4.070e-03 -4.460 -4.276 -3.652 -5.034
0.004 -0.58336 7.85000 5.9400324821 2.6180538432    5.940  3.709  3.6398  1.014    6  0.000  0.361     0.00     0.00     0.00     0.00     0.00 -1    -1e-30      0.00 7.294e-01 2.666e-01 4.368e-04 6.343e-04 1.611e-03 -1.000 4.070e-03 -4.502 -4.300 -3.664 -5.067
0.004 -0.58336 7.85000 5.9400882721 2.6180540372    5.941  3.719  3.6385  0.998    6  0.000  0.361     0.00     0.00     0.00     0.00     0.00 -1    -1e-30      0.00 7.294e-01 2.666e-01 4.368e-04 6.343e-04 1.611e-03 -1.000 4.070e-03 -4.529 -4.319 -3.678 -5.090
0.004 -0.58336 7.85000 5.9402503967 2.6180546007    5.941  3.744  3.6354  0.962    7  0.000  0.361    33.64    23.63    16.44    12.06     9.94  4    -1e-30      0.00 7.294e-01 2.666e-01 4.368e-04 6.343e-04 1.611e-03 -1.000 4.070e-03 -4.589 -4.363 -3.710 -5.143
0.004 -0.58336 7.85000 5.9407448769 2.6180563194    5.941  3.756  3.6343  0.945    7  0.000  0.361    34.92    24.36    16.93    12.42    10.24  4    -1e-30      0.00 7.294e-01 2.666e-01 4.368e-04 6.344e-04 1.611e-03 -1.000 4.071e-03 -4.620 -4.388 -3.730 -5.171
0.004 -0.58336 7.85000 5.9413833618 2.6180585381    5.942  3.760  3.6335  0.938    7  0.000  0.361    35.43    24.66    17.13    12.57    10.36  4    -1e-30      0.00 7.294e-01 2.666e-01 4.368e-04 6.344e-04 1.611e-03 -1.000 4.071e-03 -4.630 -4.393 -3.732 -5.178
0.004 -0.58336 7.85000 5.9416389465 2.6180594260    5.942  3.773  3.6319  0.918    7  0.000  0.361    36.99    25.56    17.72    13.01    10.73  4    -1e-30      0.00 7.294e-01 2.666e-01 4.368e-04 6.344e-04 1.611e-03 -1.000 4.071e-03 -4.663 -4.417 -3.750 -5.207
0.004 -0.58336 7.85000 5.9419288635 2.6180604332    5.942  3.803  3.6286  0.876    7  0.000  0.361    40.57    27.60    19.07    14.02    11.56  4    -1e-30      0.00 7.294e-01 2.666e-01 4.368e-04 6.344e-04 1.611e-03 -1.000 4.071e-03 -4.737 -4.472 -3.792 -5.271
0.004 -0.58336 7.85000 5.9422988892 2.6180617185    5.943  3.840  3.6248  0.823    7  0.000  0.361    45.51    30.36    20.88    15.38    12.68  4    -1e-30      0.00 7.294e-01 2.666e-01 4.368e-04 6.344e-04 1.611e-03 -1.000 4.071e-03 -4.830 -4.542 -3.844 -5.352
0.004 -0.58336 7.85000 5.9427547455 2.6180633016    5.943  3.879  3.6209  0.769    7  0.000  0.361    51.20    33.48    22.93    16.91    13.95  4    -1e-30      0.00 7.294e-01 2.666e-01 4.368e-04 6.344e-04 1.611e-03 -1.000 4.072e-03 -4.926 -4.616 -3.901 -5.437
0.004 -0.58336 7.85000 5.9432954788 2.6180651792    5.944  3.917  3.6172  0.716    7  0.000  0.361    57.51    36.87    25.14    18.56    15.32  4    -1e-30      0.00 7.294e-01 2.666e-01 4.368e-04 6.344e-04 1.611e-03 -1.000 4.072e-03 -5.023 -4.688 -3.956 -5.521
0.004 -0.58336 7.85000 5.9439115524 2.6180673179    5.944  3.955  3.6136  0.664    7  0.000  0.361    64.43    40.52    27.51    20.34    16.79  4    -1e-30      0.00 7.294e-01 2.666e-01 4.364e-04 6.347e-04 1.611e-03 -1.000 4.072e-03 -5.117 -4.760 -4.010 -5.603
0.004 -0.58336 7.85000 5.9445991516 2.6180697043    5.945  3.992  3.6101  0.612    7  0.000  0.360    72.06    44.46    30.06    22.26    18.37  4    -1e-30      0.00 7.294e-01 2.666e-01 4.351e-04 6.358e-04 1.611e-03 -1.000 4.073e-03 -5.211 -4.830 -4.064 -5.684
0.004 -0.58336 7.85000 5.9453487396 2.6180723051    5.946  4.029  3.6066  0.561    7  0.000  0.358    80.50    48.74    32.82    24.33    20.09  4    -1e-30      0.00 7.294e-01 2.666e-01 4.325e-04 6.389e-04 1.611e-03 -1.000 4.073e-03 -5.303 -4.898 -4.115 -5.763
0.004 -0.58336 7.85000 5.9461145401 2.6180749613    5.947  4.065  3.6032  0.512    7  0.000  0.356    89.54    53.25    35.71    26.51    21.90  3    -1e-30      0.00 7.294e-01 2.666e-01 4.297e-04 6.423e-04 1.611e-03 -1.000 4.073e-03 -5.392 -4.964 -4.163 -5.839
0.004 -0.58336 7.85000 5.9468002319 2.6180773391    5.947  4.097  3.6003  0.468    7  0.000  0.354    98.64    57.70    38.56    28.66    23.67  3    -1e-30      0.00 7.294e-01 2.666e-01 4.276e-04 6.449e-04 1.611e-03 -1.000 4.074e-03 -5.473 -5.024 -4.206 -5.909
0.004 -0.58336 7.85000 5.9473729134 2.6180793245    5.948  4.127  3.5976  0.428    7  0.000  0.353   107.62    62.03    41.32    30.74    25.40  3    -1e-30      0.00 7.294e-01 2.666e-01 4.260e-04 6.470e-04 1.611e-03 -1.000 4.074e-03 -5.546 -5.076 -4.241 -5.970
0.004 -0.58336 7.85000 5.9479608536 2.6180813623    5.948  4.159  3.5945  0.383    7  0.000  0.351   118.62    67.25    44.63    33.25    27.47  3    -1e-30      0.00 7.293e-01 2.666e-01 4.244e-04 6.494e-04 1.611e-03 -1.000 4.074e-03 -5.628 -5.133 -4.280 -6.038
0.004 -0.58336 7.85000 5.9484314919 2.6180829932    5.949  4.188  3.5918  0.344    7  0.000  0.350   129.28    72.22    47.78    35.63    29.45  3    -1e-30      0.00 7.293e-01 2.666e-01 4.230e-04 6.518e-04 1.609e-03 -1.000 4.074e-03 -5.700 -5.184 -4.314 -6.098
0.004 -0.58336 7.85000 5.9489407539 2.6180847576    5.949  4.222  3.5887  0.298    7  0.000  0.350   143.03    78.54    51.76    38.65    31.95  3    -1e-30      0.00 7.286e-01 2.674e-01 4.211e-04 6.586e-04 1.604e-03 -1.000 4.052e-03 -5.784 -5.242 -4.352 -6.168
0.004 -0.58336 7.85000 5.9494109154 2.6180863863    5.950  4.250  3.5864  0.260    7  0.000  0.350   155.20    84.05    55.23    41.28    34.12  3    -1e-30      0.00 7.194e-01 2.765e-01 4.147e-04 6.887e-04 1.579e-03 -1.000 4.035e-03 -5.855 -5.293 -4.386 -6.228
0.004 -0.58336 7.85000 5.9496121407 2.6180870832    5.950  4.261  3.5856  0.246    7  0.000  0.350   160.05    86.23    56.59    42.31    34.98  3    -1e-30      0.00 7.122e-01 2.837e-01 4.103e-04 7.096e-04 1.562e-03 -1.000 4.038e-03 -5.883 -5.315 -4.402 -6.252
0.004 -0.58336 7.85000 5.9497618675 2.6180876018    5.950  4.268  3.5855  0.239    7  0.000  0.350   162.53    87.33    57.28    42.84    35.42  3    -1e-30      0.00 7.010e-01 2.950e-01 4.039e-04 7.397e-04 1.537e-03 -1.000 4.057e-03 -5.899 -5.330 -4.416 -6.268
0.004 -0.58336 7.85000 5.9498739243 2.6180879898    5.950  4.273  3.5854  0.234    7  0.000  0.351   164.40    88.16    57.81    43.23    35.75  3    -1e-30      0.00 6.925e-01 3.034e-01 3.991e-04 7.622e-04 1.518e-03 -1.000 4.072e-03 -5.912 -5.341 -4.426 -6.280
0.004 -0.58336 7.85000 5.9500045776 2.6180884423    5.950  4.290  3.5848  0.214    7  0.000  0.351   171.54    91.33    59.79    44.74    37.00  3    -1e-30      0.00 6.738e-01 3.222e-01 3.890e-04 8.103e-04 1.478e-03 -1.000 4.043e-03 -5.954 -5.378 -4.458 -6.320
0.004 -0.58336 7.85000 5.9501090050 2.6180888039    5.951  4.312  3.5837  0.188    7  0.000  0.351   181.69    95.79    62.57    46.86    38.75  3    -1e-30      0.00 6.560e-01 3.400e-01 3.794e-04 8.557e-04 1.440e-03 -1.000 4.033e-03 -6.009 -5.423 -4.494 -6.370
0.004 -0.58336 7.85000 5.9502182007 2.6180891820    5.951  4.340  3.5819  0.152    7  0.000  0.352   196.38   102.18    66.55    49.88    41.26  3    -1e-30      0.00 6.423e-01 3.536e-01 3.721e-04 8.903e-04 1.411e-03 -1.000 4.075e-03 -6.080 -5.477 -4.534 -6.431
