Zini MH logAge Mini int_IMF Mass logL logTe logg label McoreTP C_O period0 period1 period2 period3 period4 pmode Mloss tau1m X Y Xc Xn Xo Cexcess Z mbolmag Gmag G_BPmag G_RPmag
0.006 -0.40400 7.06001 0.0900000036 1.0816895926    0.090 -2.030  3.4375  4.124    0  0.000  0.545     0.00     0.00     0.00     0.00     0.00 -1 -3.43e-15      0.00 7.349e-01 2.591e-01 1.079e-03 2.911e-04 2.640e-03 -1.000 6.000e-03 9.845 11.391 13.666 10.018
0.006 -0.40400 7.06001 0.0992424265 1.1647467926    0.099 -1.970  3.4449  4.136    0  0.000  0.545     0.00     0.00     0.00     0.00     0.00 -1  -3.7e-15      0.00 7.349e-01 2.591e-01 1.079e-03 2.911e-04 2.640e-03 -1.000 6.000e-03 9.694 11.163 13.332 9.810
0.006 -0.40400 7.06001 0.1169041246 1.2985627357    0.117 -1.870  3.4562  4.152    0  0.000  0.545     0.00     0.00     0.00     0.00     0.00 -1 -4.21e-15      0.00 7.349e-01 2.591e-01 1.079e-03 2.911e-04 2.640e-03 -1.000 6.000e-03 9.446 10.797 12.801 9.477
0.006 -0.40400 7.06001 0.1177272722 1.3041497160    0.117 -1.866  3.4567  4.153    0  0.000  0.545     0.00     0.00     0.00     0.00     0.00 -1 -4.24e-15      0.00 7.349e-01 2.591e-01 1.079e-03 2.911e-04 2.640e-03 -1.000 6.000e-03 9.435 10.781 12.778 9.463
0.006 -0.40400 7.06001 0.1222719252 1.3341071319    0.122 -1.843  3.4592  4.156    0  0.000  0.545     0.00     0.00     0.00     0.00     0.00 -1 -4.37e-15      0.00 7.349e-01 2.591e-01 1.079e-03 2.911e-04 2.640e-03 -1.000 6.000e-03 9.377 10.697 12.657 9.387
0.006 -0.40400 7.06001 0.1362121254 1.4176547699    0.136 -1.775  3.4663  4.164    0  0.000  0.545     0.00     0.00     0.00     0.00     0.00 -1 -4.79e-15      0.00 7.349e-01 2.591e-01 1.079e-03 2.911e-04 2.640e-03 -1.000 6.000e-03 9.208 10.461 12.328 9.172
0.006 -0.40400 7.06001 0.1437114924 1.4581335408    0.143 -1.742  3.4697  4.167    0  0.000  0.545     0.00     0.00     0.00     0.00     0.00 -1 -5.02e-15      0.00 7.349e-01 2.591e-01 1.079e-03 2.911e-04 2.640e-03 -1.000 6.000e-03 9.125 10.345 12.168 9.066
0.006 -0.40400 7.06001 0.1639988273 1.5551357609    0.164 -1.659  3.4780  4.175    0  0.000  0.545     0.00     0.00     0.00     0.00     0.00 -1 -5.61e-15      0.00 7.349e-01 2.591e-01 1.079e-03 2.911e-04 2.640e-03 -1.000 6.000e-03 8.917 10.062 11.783 8.808
0.006 -0.40400 7.06001 0.1690857559 1.5770327277    0.169 -1.640  3.4799  4.176    0  0.000  0.545     0.00     0.00     0.00     0.00     0.00 -1 -5.76e-15      0.00 7.349e-01 2.591e-01 1.079e-03 2.911e-04 2.640e-03 -1.000 6.000e-03 8.869 9.996 11.694 8.748
0.006 -0.40400 7.06001 0.1748536676 1.6008477863    0.174 -1.617  3.4820  4.177    0  0.000  0.545     0.00     0.00     0.00     0.00     0.00 -1 -5.99e-15      0.00 7.349e-01 2.591e-01 1.079e-03 2.911e-04 2.640e-03 -1.000 6.000e-03 8.813 9.922 11.596 8.681
0.006 -0.40400 7.06001 0.1901683807 1.6594176262    0.189 -1.564  3.4875  4.181    0  0.000  0.545     0.00     0.00     0.00     0.00     0.00 -1 -6.47e-15      0.00 7.349e-01 2.591e-01 1.079e-03 2.911e-04 2.640e-03 -1.000 6.000e-03 8.680 9.742 11.353 8.518
0.006 -0.40400 7.06001 0.2003044784 1.6949110002    0.199 -1.532  3.4907  4.185    0  0.000  0.545     0.00     0.00     0.00     0.00     0.00 -1 -6.76e-15      0.00 7.349e-01 2.591e-01 1.079e-03 2.911e-04 2.640e-03 -1.000 6.000e-03 8.600 9.635 11.210 8.421
0.006 -0.40400 7.06001 0.2184287012 1.7528999627    0.217 -1.478  3.4959  4.189    0  0.000  0.545     0.00     0.00     0.00     0.00     0.00 -1  -7.3e-15      0.00 7.349e-01 2.591e-01 1.079e-03 2.911e-04 2.640e-03 -1.000 6.000e-03 8.465 9.459 10.982 8.261
0.006 -0.40400 7.06001 0.2378787994 1.8085517583    0.237 -1.426  3.5011  4.194    0  0.000  0.545     0.00     0.00     0.00     0.00     0.00 -1 -7.84e-15      0.00 7.349e-01 2.591e-01 1.079e-03 2.911e-04 2.640e-03 -1.000 6.000e-03 8.335 9.289 10.762 8.106
0.006 -0.40400 7.06001 0.2591892481 1.8631085530    0.258 -1.373  3.5069  4.202    0  0.000  0.545     0.00     0.00     0.00     0.00     0.00 -1 -8.41e-15      0.00 7.349e-01 2.591e-01 1.079e-03 2.911e-04 2.640e-03 -1.000 6.000e-03 8.201 9.113 10.532 7.948
0.006 -0.40400 7.06001 0.2867306769 1.9255494365    0.286 -1.310  3.5138  4.211    0  0.000  0.545     0.00     0.00     0.00     0.00     0.00 -1 -9.15e-15      0.00 7.349e-01 2.591e-01 1.079e-03 2.911e-04 2.640e-03 -1.000 6.000e-03 8.044 8.906 10.263 7.762
0.006 -0.40400 7.06001 0.3221631646 1.9952811477    0.321 -1.237  3.5214  4.220    0  0.000  0.545     0.00     0.00     0.00     0.00     0.00 -1 -1.01e-14      0.00 7.349e-01 2.591e-01 1.079e-03 2.911e-04 2.640e-03 -1.000 6.000e-03 7.863 8.671 9.963 7.551
0.006 -0.40400 7.06001 0.3303030431 2.0099003913    0.329 -1.222  3.5231  4.223    0  0.000  0.545     0.00     0.00     0.00     0.00     0.00 -1 -1.03e-14      0.00 7.349e-01 2.591e-01 1.079e-03 2.911e-04 2.640e-03 -1.000 6.000e-03 7.826 8.623 9.901 7.508
0.006 -0.40400 7.06001 0.3338893354 2.0161935496    0.333 -1.216  3.5238  4.224    0  0.000  0.545     0.00     0.00     0.00     0.00     0.00 -1 -1.04e-14      0.00 7.349e-01 2.591e-01 1.079e-03 2.911e-04 2.640e-03 -1.000 6.000e-03 7.810 8.602 9.876 7.489
0.006 -0.40400 7.06001 0.3765151799 2.0848521217    0.376 -1.142  3.5316  4.233    0  0.000  0.545     0.00     0.00     0.00     0.00     0.00 -1 -1.14e-14      0.00 7.349e-01 2.591e-01 1.079e-03 2.911e-04 2.640e-03 -1.000 6.000e-03 7.625 8.367 9.582 7.278
0.006 -0.40400 7.06001 0.4227272868 2.1487074326    0.422 -1.071  3.5394  4.244    0  0.000  0.545     0.00     0.00     0.00     0.00     0.00 -1 -1.25e-14      0.00 7.349e-01 2.591e-01 1.079e-03 2.911e-04 2.640e-03 -1.000 6.000e-03 7.448 8.141 9.300 7.075
0.006 -0.40400 7.06001 0.4464297295 2.1780383144    0.446 -1.038  3.5434  4.250    0  0.000  0.545     0.00     0.00     0.00     0.00     0.00 -1 -1.31e-14      0.00 7.349e-01 2.591e-01 1.079e-03 2.911e-04 2.640e-03 -1.000 6.000e-03 7.365 8.035 9.168 6.980
0.006 -0.40400 7.06001 0.4689394236 2.2040773004    0.468 -1.007  3.5470  4.255    0  0.000  0.545     0.00     0.00     0.00     0.00     0.00 -1 -1.36e-14      0.00 7.349e-01 2.591e-01 1.079e-03 2.911e-04 2.640e-03 -1.000 6.000e-03 7.287 7.935 9.044 6.891
0.006 -0.40400 7.06001 0.5151515603 2.2525465222    0.515 -0.946  3.5547  4.266    0  0.000  0.545     0.00     0.00     0.00     0.00     0.00 -1 -1.48e-14      0.00 7.349e-01 2.591e-01 1.079e-03 2.911e-04 2.640e-03 -1.000 6.000e-03 7.134 7.736 8.795 6.715
0.006 -0.40400 7.06001 0.5201413035 2.2572959824    0.520 -0.940  3.5557  4.268    0  0.000  0.545     0.00     0.00     0.00     0.00     0.00 -1 -1.49e-14      0.00 7.349e-01 2.591e-01 1.079e-03 2.911e-04 2.640e-03 -1.000 6.000e-03 7.120 7.716 8.769 6.698
0.006 -0.40400 7.06001 0.5465138555 2.2807507706    0.546 -0.906  3.5604  4.275    0  0.000  0.545     0.00     0.00     0.00     0.00     0.00 -1 -1.56e-14      0.00 7.349e-01 2.591e-01 1.079e-03 2.911e-04 2.640e-03 -1.000 6.000e-03 7.036 7.604 8.628 6.600
0.006 -0.40400 7.06001 0.5613636374 2.2928480160    0.561 -0.887  3.5629  4.278    0  0.000  0.545     0.00     0.00     0.00     0.00     0.00 -1  -1.6e-14      0.00 7.349e-01 2.591e-01 1.079e-03 2.911e-04 2.640e-03 -1.000 6.000e-03 6.988 7.543 8.553 6.547
0.006 -0.40400 7.06001 0.5851859450 2.3107877592    0.585 -0.857  3.5677  4.285    0  0.000  0.545     0.00     0.00     0.00     0.00     0.00 -1 -1.67e-14      0.00 7.349e-01 2.591e-01 1.079e-03 2.911e-04 2.640e-03 -1.000 6.000e-03 6.912 7.439 8.420 6.457
0.006 -0.40400 7.06001 0.6075757742 2.3261824018    0.607 -0.827  3.5720  4.288    0  0.000  0.545     0.00     0.00     0.00     0.00     0.00 -1 -1.74e-14      0.00 7.349e-01 2.591e-01 1.079e-03 2.911e-04 2.640e-03 -1.000 6.000e-03 6.837 7.342 8.300 6.372
0.006 -0.40400 7.06001 0.6130766273 2.3297673120    0.613 -0.820  3.5732  4.290    0  0.000  0.545     0.00     0.00     0.00     0.00     0.00 -1 -1.76e-14      0.00 7.349e-01 2.591e-01 1.079e-03 2.911e-04 2.640e-03 -1.000 6.000e-03 6.820 7.319 8.271 6.352
0.006 -0.40400 7.06001 0.6448377967 2.3490980317    0.645 -0.777  3.5801  4.297    0  0.000  0.545     0.00     0.00     0.00     0.00     0.00 -1 -1.88e-14      0.00 7.349e-01 2.591e-01 1.079e-03 2.911e-04 2.640e-03 -1.000 6.000e-03 6.713 7.178 8.097 6.230
0.006 -0.40400 7.06001 0.6537879109 2.3541567464    0.654 -0.766  3.5819  4.299    0  0.000  0.545     0.00     0.00     0.00     0.00     0.00 -1 -1.91e-14      0.00 7.349e-01 2.591e-01 1.079e-03 2.911e-04 2.640e-03 -1.000 6.000e-03 6.685 7.142 8.052 6.198
0.006 -0.40400 7.06001 0.6598337293 2.3574847498    0.660 -0.758  3.5834  4.301    0  0.000  0.545     0.00     0.00     0.00     0.00     0.00 -1 -1.93e-14      0.00 7.349e-01 2.591e-01 1.079e-03 2.911e-04 2.640e-03 -1.000 6.000e-03 6.664 7.114 8.016 6.175
0.006 -0.40400 7.06001 0.6999999881 2.3779266974    0.700 -0.696  3.5938  4.307    0  0.000  0.545     0.00     0.00     0.00     0.00     0.00 -1 -2.15e-14      0.00 7.349e-01 2.591e-01 1.079e-03 2.911e-04 2.640e-03 -1.000 6.000e-03 6.511 6.913 7.767 6.001
0.006 -0.40400 7.06001 0.7500000000 2.3998889087    0.750 -0.550  3.6420  4.383    0  0.000  0.538     0.00     0.00     0.00     0.00     0.00 -1 -2.66e-14      0.00 7.349e-01 2.591e-01 1.065e-03 2.907e-04 2.640e-03 -1.000 6.000e-03 6.145 6.342 6.993 5.560
0.006 -0.40400 7.06001 0.7689411640 2.4073559168    0.769 -0.526  3.6448  4.381    0  0.000  0.538     0.00     0.00     0.00     0.00     0.00 -1 -2.78e-14      0.00 7.349e-01 2.591e-01 1.065e-03 2.907e-04 2.640e-03 -1.000 6.000e-03 6.085 6.269 6.908 5.496
0.006 -0.40400 7.06001 0.8000000119 2.4187244405    0.800 -0.478  3.6502  4.371    0  0.000  0.538     0.00     0.00     0.00     0.00     0.00 -1 -3.08e-14      0.00 7.349e-01 2.591e-01 1.065e-03 2.907e-04 2.640e-03 -1.000 6.000e-03 5.964 6.125 6.740 5.369
0.006 -0.40400 7.06001 0.8218358755 2.4261282084    0.822 -0.448  3.6547  4.371    0  0.000  0.538     0.00     0.00     0.00     0.00     0.00 -1 -3.26e-14      0.00 7.349e-01 2.591e-01 1.065e-03 2.907e-04 2.640e-03 -1.000 6.000e-03 5.889 6.031 6.628 5.288
0.006 -0.40400 7.06001 0.8500000238 2.4350346840    0.850 -0.402  3.6615  4.367    0  0.000  0.538     0.00     0.00     0.00     0.00     0.00 -1 -3.56e-14      0.00 7.349e-01 2.591e-01 1.065e-03 2.907e-04 2.640e-03 -1.000 6.000e-03 5.775 5.889 6.461 5.166
0.006 -0.40400 7.06001 0.8597549796 2.4379635127    0.859 -0.386  3.6641  4.367    0  0.000  0.538     0.00     0.00     0.00     0.00     0.00 -1 -3.67e-14      0.00 7.349e-01 2.591e-01 1.065e-03 2.907e-04 2.640e-03 -1.000 6.000e-03 5.735 5.839 6.402 5.123
0.006 -0.40400 7.06001 0.8979167938 2.4487214714    0.897 -0.309  3.6766  4.359    0  0.000  0.538     0.00     0.00     0.00     0.00     0.00 -1 -4.32e-14      0.00 7.350e-01 2.590e-01 1.065e-03 2.907e-04 2.640e-03 -1.000 6.000e-03 5.543 5.603 6.125 4.920
0.006 -0.40400 7.06001 0.8999999762 2.4492786016    0.899 -0.305  3.6773  4.358    0  0.000  0.538     0.00     0.00     0.00     0.00     0.00 -1 -4.36e-14      0.00 7.350e-01 2.590e-01 1.065e-03 2.907e-04 2.640e-03 -1.000 6.000e-03 5.532 5.590 6.109 4.909
0.006 -0.40400 7.06001 0.9414911270 2.4597871573    0.941 -0.221  3.6916  4.351    0  0.000  0.538     0.00     0.00     0.00     0.00     0.00 -1 -5.19e-14      0.00 7.350e-01 2.590e-01 1.065e-03 2.907e-04 2.640e-03 -1.000 6.000e-03 5.323 5.337 5.815 4.691
0.006 -0.40400 7.06001 0.9499999881 2.4618121868    0.950 -0.203  3.6948  4.349    0  0.000  0.538     0.00     0.00     0.00     0.00     0.00 -1  -5.4e-14      0.00 7.350e-01 2.590e-01 1.065e-03 2.907e-04 2.640e-03 -1.000 6.000e-03 5.277 5.283 5.753 4.645
0.006 -0.40400 7.06001 0.9689019918 2.4661646835    0.969 -0.163  3.7015  4.345    0  0.000  0.538     0.00     0.00     0.00     0.00     0.00 -1 -5.89e-14      0.00 7.350e-01 2.590e-01 1.065e-03 2.907e-04 2.640e-03 -1.000 6.000e-03 5.177 5.167 5.619 4.544
0.006 -0.40400 7.06001 1.0000000000 2.4729154477    1.000 -0.092  3.7134  4.336    0  0.000  0.538     0.00     0.00     0.00     0.00     0.00 -1 -6.89e-14      0.00 7.350e-01 2.590e-01 1.065e-03 2.907e-04 2.640e-03 -1.000 6.000e-03 5.001 4.965 5.387 4.370
0.006 -0.40400 7.06001 1.0121716261 2.4754281317    1.012 -0.064  3.7180  4.331    0  0.000  0.538     0.00     0.00     0.00     0.00     0.00 -1  -7.2e-14      0.00 7.350e-01 2.590e-01 1.065e-03 2.907e-04 2.640e-03 -1.000 6.000e-03 4.931 4.886 5.298 4.301
0.006 -0.40400 7.06001 1.0475457907 2.4823510531    1.047  0.022  3.7318  4.315    0  0.000  0.538     0.00     0.00     0.00     0.00     0.00 -1 -8.35e-14      0.00 7.350e-01 2.590e-01 1.065e-03 2.907e-04 2.640e-03 -1.000 6.000e-03 4.714 4.648 5.029 4.093
0.006 -0.40400 7.06001 1.0499999523 2.4828114860    1.050  0.029  3.7328  4.313    0  0.000  0.538     0.00     0.00     0.00     0.00     0.00 -1 -8.45e-14      0.00 7.350e-01 2.590e-01 1.065e-03 2.907e-04 2.640e-03 -1.000 6.000e-03 4.699 4.631 5.009 4.078
0.006 -0.40400 7.06001 1.0808396339 2.4883930634    1.080  0.109  3.7448  4.294    0  0.000  0.538     0.00     0.00     0.00     0.00     0.00 -1 -9.75e-14      0.00 7.350e-01 2.590e-01 1.065e-03 2.907e-04 2.640e-03 -1.000 6.000e-03 4.498 4.416 4.769 3.889
0.006 -0.40400 7.06001 1.1000000238 2.4916801480    1.099  0.162  3.7524  4.279    0  0.000  0.538     0.00     0.00     0.00     0.00     0.00 -1 -1.08e-13      0.00 7.350e-01 2.590e-01 1.065e-03 2.907e-04 2.640e-03 -1.000 6.000e-03 4.365 4.277 4.614 3.767
0.006 -0.40400 7.06001 1.1134796143 2.4939148626    1.113  0.201  3.7576  4.266    0  0.000  0.538     0.00     0.00     0.00     0.00     0.00 -1 -1.16e-13      0.00 7.350e-01 2.590e-01 1.065e-03 2.907e-04 2.640e-03 -1.000 6.000e-03 4.267 4.176 4.502 3.677
0.006 -0.40400 7.06001 1.1446436644 2.4988504366    1.144  0.296  3.7699  4.232    0  0.000  0.538     0.00     0.00     0.00     0.00     0.00 -1  -1.4e-13      0.00 7.350e-01 2.590e-01 1.065e-03 2.907e-04 2.640e-03 -1.000 6.000e-03 4.029 3.932 4.233 3.460
0.006 -0.40400 7.06001 1.1499999762 2.4996678137    1.149  0.313  3.7721  4.225    0  0.000  0.538     0.00     0.00     0.00     0.00     0.00 -1 -1.45e-13      0.00 7.350e-01 2.590e-01 1.065e-03 2.907e-04 2.640e-03 -1.000 6.000e-03 3.986 3.889 4.186 3.422
0.006 -0.40400 7.06001 1.1574542522 2.5007908759    1.157  0.338  3.7750  4.216    0  0.000  0.538     0.00     0.00     0.00     0.00     0.00 -1 -1.53e-13      0.00 7.350e-01 2.590e-01 1.065e-03 2.907e-04 2.640e-03 -1.000 6.000e-03 3.926 3.828 4.119 3.368
0.006 -0.40400 7.06001 1.1778544188 2.5037809537    1.177  0.406  3.7832  4.188    0  0.000  0.538     0.00     0.00     0.00     0.00     0.00 -1 -1.76e-13      0.00 7.350e-01 2.590e-01 1.065e-03 2.907e-04 2.640e-03 -1.000 6.000e-03 3.756 3.656 3.931 3.215
0.006 -0.40400 7.06001 1.1977300644 2.5065817810    1.197  0.472  3.7914  4.162    0  0.000  0.538     0.00     0.00     0.00     0.00     0.00 -1 -2.01e-13      0.00 7.350e-01 2.590e-01 1.065e-03 2.907e-04 2.640e-03 -1.000 6.000e-03 3.590 3.490 3.749 3.068
0.006 -0.40400 7.06001 1.2000000477 2.5068948796    1.200  0.480  3.7923  4.159    0  0.000  0.538     0.00     0.00     0.00     0.00     0.00 -1 -2.05e-13      0.00 7.350e-01 2.590e-01 1.065e-03 2.907e-04 2.640e-03 -1.000 6.000e-03 3.571 3.471 3.729 3.051
0.006 -0.40400 7.06001 1.2049026489 2.5075664682    1.204  0.496  3.7944  4.153    0  0.000  0.538     0.00     0.00     0.00     0.00     0.00 -1 -2.11e-13      0.00 7.350e-01 2.590e-01 1.065e-03 2.907e-04 2.640e-03 -1.000 6.000e-03 3.531 3.431 3.685 3.016
0.006 -0.40400 7.06001 1.2271325588 2.5105343845    1.227  0.564  3.8041  4.131    0  0.000  0.538     0.00     0.00     0.00     0.00     0.00 -1  -2.4e-13      0.00 7.350e-01 2.590e-01 1.065e-03 2.907e-04 2.640e-03 -1.000 6.000e-03 3.360 3.261 3.497 2.868
0.006 -0.40400 7.06001 1.2469779253 2.5130813865    1.247  0.619  3.8133  4.120    0  0.000  0.538     0.00     0.00     0.00     0.00     0.00 -1 -2.62e-13      0.00 7.350e-01 2.590e-01 1.065e-03 2.907e-04 2.640e-03 -1.000 6.000e-03 3.224 3.127 3.346 2.755
0.006 -0.40400 7.06001 1.2500000000 2.5134610955    1.250  0.626  3.8148  4.120    0  0.000  0.538     0.00     0.00     0.00     0.00     0.00 -1 -2.65e-13      0.00 7.350e-01 2.590e-01 1.065e-03 2.907e-04 2.640e-03 -1.000 6.000e-03 3.205 3.109 3.325 2.741
0.006 -0.40400 7.06001 1.2636121511 2.5151455357    1.263  0.658  3.8217  4.120    0  0.000  0.538     0.00     0.00     0.00     0.00     0.00 -1 -2.76e-13      0.00 7.350e-01 2.590e-01 1.065e-03 2.907e-04 2.640e-03 -1.000 6.000e-03 3.124 3.028 3.234 2.676
0.006 -0.40400 7.06001 1.2874197960 2.5179933813    1.287  0.704  3.8346  4.134    0  0.000  0.538     0.00     0.00     0.00     0.00     0.00 -1 -2.83e-13      0.00 7.350e-01 2.590e-01 1.065e-03 2.907e-04 2.640e-03 -1.000 6.000e-03 3.010 2.917 3.102 2.594
0.006 -0.40400 7.06001 1.2954354286 2.5189251576    1.295  0.711  3.8384  4.145    0  0.000  0.538     0.00     0.00     0.00     0.00     0.00 -1 -2.78e-13      0.00 7.350e-01 2.590e-01 1.065e-03 2.907e-04 2.640e-03 -1.000 6.000e-03 2.992 2.901 3.079 2.586
0.006 -0.40400 7.06001 1.2999999523 2.5194498592    1.300  0.715  3.8406  4.152    0  0.000  0.538     0.00     0.00     0.00     0.00     0.00 -1 -2.75e-13      0.00 7.350e-01 2.590e-01 1.065e-03 2.907e-04 2.640e-03 -1.000 6.000e-03 2.983 2.892 3.067 2.582
0.006 -0.40400 7.06001 1.3184039593 2.5215231202    1.318  0.730  3.8512  4.185    0  0.000  0.538     0.00     0.00     0.00     0.00     0.00 -1 -2.61e-13      0.00 7.350e-01 2.590e-01 1.065e-03 2.907e-04 2.640e-03 -1.000 6.000e-03 2.944 2.857 3.017 2.571
0.006 -0.40400 7.06001 1.3445032835 2.5243516573    1.345  0.736  3.8635  4.237    0  0.000  0.538     0.00     0.00     0.00     0.00     0.00 -1  -2.3e-13      0.00 7.350e-01 2.590e-01 1.065e-03 2.907e-04 2.640e-03 -1.000 6.000e-03 2.930 2.850 2.992 2.592
0.006 -0.40400 7.06001 1.3500001431 2.5249313723    1.350  0.734  3.8652  4.247    0  0.000  0.538     0.00     0.00     0.00     0.00     0.00 -1 -2.23e-13      0.00 7.350e-01 2.590e-01 1.065e-03 2.907e-04 2.640e-03 -1.000 6.000e-03 2.934 2.855 2.995 2.601
0.006 -0.40400 7.06001 1.3660902977 2.5265974931    1.366  0.727  3.8703  4.279    0  0.000  0.538     0.00     0.00     0.00     0.00     0.00 -1    -2e-13      0.00 7.350e-01 2.590e-01 1.065e-03 2.907e-04 2.640e-03 -1.000 6.000e-03 2.952 2.876 3.009 2.633
0.006 -0.40400 7.06001 1.3880161047 2.5287965349    1.388  0.720  3.8741  4.309    0  0.000  0.538     0.00     0.00     0.00     0.00     0.00 -1 -1.76e-13      0.00 7.350e-01 2.590e-01 1.065e-03 2.907e-04 2.640e-03 -1.000 6.000e-03 2.971 2.899 3.026 2.664
0.006 -0.40400 7.06001 1.4000000954 2.5299650415    1.400  0.723  3.8761  4.318    0  0.000  0.538     0.00     0.00     0.00     0.00     0.00 -1 -1.68e-13      0.00 7.350e-01 2.590e-01 1.065e-03 2.907e-04 2.640e-03 -1.000 6.000e-03 2.963 2.893 3.017 2.663
0.006 -0.40400 7.06001 1.4173809290 2.5316194601    1.418  0.725  3.8794  4.334    0  0.000  0.538     0.00     0.00     0.00     0.00     0.00 -1 -1.55e-13      0.00 7.350e-01 2.590e-01 1.064e-03 2.907e-04 2.640e-03 -1.000 6.000e-03 2.956 2.888 3.008 2.666
0.006 -0.40400 7.06001 1.4414931536 2.5338388138    1.442  0.740  3.8850  4.349    0  0.000  0.537     0.00     0.00     0.00     0.00     0.00 -1 -1.43e-13      0.00 7.350e-01 2.590e-01 1.064e-03 2.907e-04 2.640e-03 -1.000 6.000e-03 2.920 2.856 2.969 2.647
0.006 -0.40400 7.06001 1.4500000477 2.5346015836    1.450  0.754  3.8884  4.351    0  0.000  0.537     0.00     0.00     0.00     0.00     0.00 -1 -1.42e-13      0.00 7.350e-01 2.590e-01 1.064e-03 2.907e-04 2.640e-03 -1.000 6.000e-03 2.885 2.823 2.930 2.622
0.006 -0.40400 7.06001 1.4764800072 2.5369113402    1.477  0.800  3.9002  4.360    0  0.000  0.537     0.00     0.00     0.00     0.00     0.00 -1 -1.37e-13      0.00 7.350e-01 2.590e-01 1.064e-03 2.906e-04 2.640e-03 -1.000 6.000e-03 2.770 2.717 2.809 2.545
0.006 -0.40400 7.06001 1.5000000000 2.5388844597    1.500  0.839  3.9106  4.369    0  0.000  0.537     0.00     0.00     0.00     0.00     0.00 -1 -1.32e-13      0.00 7.350e-01 2.590e-01 1.064e-03 2.906e-04 2.640e-03 -1.000 6.000e-03 2.671 2.630 2.708 2.484
0.006 -0.40400 7.06001 1.5010900497 2.5389741826    1.501  0.841  3.9112  4.370    0  0.000  0.537     0.00     0.00     0.00     0.00     0.00 -1 -1.32e-13      0.00 7.350e-01 2.590e-01 1.064e-03 2.906e-04 2.640e-03 -1.000 6.000e-03 2.667 2.627 2.703 2.482
0.006 -0.40400 7.06001 1.5492980480 2.5427974822    1.549  0.910  3.9300  4.390    0  0.000  0.537     0.00     0.00     0.00     0.00     0.00 -1 -1.13e-13      0.00 7.350e-01 2.590e-01 1.064e-03 2.906e-04 2.640e-03 -1.000 6.000e-03 2.496 2.486 2.538 2.386
0.006 -0.40400 7.06001 1.5499999523 2.5428511323    1.550  0.911  3.9302  4.391    0  0.000  0.537     0.00     0.00     0.00     0.00     0.00 -1 -1.12e-13      0.00 7.350e-01 2.590e-01 1.064e-03 2.906e-04 2.640e-03 -1.000 6.000e-03 2.494 2.484 2.536 2.385
0.006 -0.40400 7.06001 1.6000000238 2.5465340628    1.600  0.968  3.9458  4.409    0  0.000  0.537     0.00     0.00     0.00     0.00     0.00 -1 -8.26e-14      0.00 7.350e-01 2.590e-01 1.064e-03 2.906e-04 2.640e-03 -1.000 6.000e-03 2.350 2.381 2.415 2.315
0.006 -0.40400 7.06001 1.6499999762 2.5499614773    1.649  1.017  3.9599  4.430    0  0.000  0.538     0.00     0.00     0.00     0.00     0.00 -1 -4.46e-14      0.00 7.351e-01 2.589e-01 1.064e-03 2.906e-04 2.639e-03 -1.000 6.000e-03 2.228 2.303 2.325 2.262
0.006 -0.40400 7.06001 1.7000000477 2.5531580802    1.699  1.062  3.9725  4.449    0  0.000  0.538     0.00     0.00     0.00     0.00     0.00 -1    -1e-30      0.00 7.351e-01 2.589e-01 1.064e-03 2.906e-04 2.639e-03 -1.000 6.000e-03 2.116 2.238 2.250 2.216
0.006 -0.40400 7.06001 1.7024633884 2.5533099945    1.702  1.064  3.9730  4.449    0  0.000  0.538     0.00     0.00     0.00     0.00     0.00 -1    -1e-30      0.00 7.351e-01 2.589e-01 1.064e-03 2.906e-04 2.639e-03 -1.000 6.000e-03 2.111 2.234 2.246 2.213
0.006 -0.40400 7.06001 1.7500000000 2.5561455243    1.749  1.113  3.9835  4.454    0  0.000  0.537     0.00     0.00     0.00     0.00     0.00 -1    -1e-30      0.00 7.351e-01 2.589e-01 1.064e-03 2.906e-04 2.640e-03 -1.000 6.000e-03 1.989 2.155 2.159 2.148
0.006 -0.40400 7.06001 1.7999999523 2.5589429085    1.799  1.163  3.9943  4.459    0  0.000  0.537     0.00     0.00     0.00     0.00     0.00 -1    -1e-30      0.00 7.350e-01 2.590e-01 1.064e-03 2.906e-04 2.640e-03 -1.000 6.000e-03 1.862 2.074 2.072 2.080
0.006 -0.40400 7.06001 1.8473684788 2.5614330735    1.846  1.208  4.0036  4.463    0  0.000  0.537     0.00     0.00     0.00     0.00     0.00 -1    -1e-30      0.00 7.351e-01 2.589e-01 1.064e-03 2.905e-04 2.640e-03 -1.000 6.000e-03 1.750 2.005 1.997 2.021
0.006 -0.40400 7.06001 1.8947367668 2.5637805846    1.894  1.251  4.0125  4.466    0  0.000  0.537     0.00     0.00     0.00     0.00     0.00 -1    -1e-30      0.00 7.351e-01 2.589e-01 1.064e-03 2.905e-04 2.639e-03 -1.000 6.000e-03 1.642 1.938 1.925 1.963
0.006 -0.40400 7.06001 1.9421052933 2.5659969039    1.941  1.294  4.0212  4.469    0  0.000  0.537     0.00     0.00     0.00     0.00     0.00 -1    -1e-30      0.00 7.351e-01 2.589e-01 1.064e-03 2.905e-04 2.639e-03 -1.000 6.000e-03 1.535 1.873 1.856 1.907
0.006 -0.40400 7.06001 1.9894737005 2.5680922856    1.989  1.335  4.0296  4.472    0  0.000  0.537     0.00     0.00     0.00     0.00     0.00 -1    -1e-30      0.00 7.351e-01 2.589e-01 1.064e-03 2.905e-04 2.639e-03 -1.000 6.000e-03 1.431 1.811 1.790 1.851
0.006 -0.40400 7.06001 2.0368421078 2.5700759835    2.036  1.375  4.0373  4.473    0  0.000  0.537     0.00     0.00     0.00     0.00     0.00 -1    -1e-30      0.00 7.351e-01 2.589e-01 1.064e-03 2.905e-04 2.639e-03 -1.000 6.000e-03 1.333 1.751 1.727 1.798
0.006 -0.40400 7.06001 2.0842103958 2.5719563403    2.083  1.414  4.0448  4.475    0  0.000  0.537     0.00     0.00     0.00     0.00     0.00 -1    -1e-30      0.00 7.351e-01 2.589e-01 1.064e-03 2.905e-04 2.639e-03 -1.000 6.000e-03 1.236 1.693 1.665 1.745
0.006 -0.40400 7.06001 2.1315791607 2.5737409310    2.130  1.452  4.0522  4.475    0  0.000  0.537     0.00     0.00     0.00     0.00     0.00 -1    -1e-30      0.00 7.351e-01 2.589e-01 1.064e-03 2.905e-04 2.639e-03 -1.000 6.000e-03 1.141 1.635 1.605 1.693
0.006 -0.40400 7.06001 2.1789474487 2.5754365685    2.178  1.488  4.0592  4.476    0  0.000  0.537     0.00     0.00     0.00     0.00     0.00 -1    -1e-30      0.00 7.351e-01 2.589e-01 1.064e-03 2.905e-04 2.639e-03 -1.000 6.000e-03 1.049 1.580 1.547 1.643
0.006 -0.40400 7.06001 2.2263157368 2.5770494954    2.225  1.524  4.0659  4.477    0  0.000  0.537     0.00     0.00     0.00     0.00     0.00 -1    -1e-30      0.00 7.351e-01 2.589e-01 1.064e-03 2.906e-04 2.639e-03 -1.000 6.000e-03 0.959 1.526 1.490 1.593
0.006 -0.40400 7.06001 2.2736840248 2.5785853799    2.272  1.560  4.0725  4.477    0  0.000  0.538     0.00     0.00     0.00     0.00     0.00 -1    -1e-30      0.00 7.352e-01 2.588e-01 1.064e-03 2.906e-04 2.639e-03 -1.000 6.000e-03 0.871 1.473 1.435 1.544
0.006 -0.40400 7.06001 2.3210525513 2.5800494018    2.320  1.594  4.0788  4.477    0  0.000  0.538     0.00     0.00     0.00     0.00     0.00 -1    -1e-30      0.00 7.352e-01 2.588e-01 1.064e-03 2.905e-04 2.639e-03 -1.000 6.000e-03 0.786 1.421 1.381 1.496
0.006 -0.40400 7.06001 2.3684210777 2.5814462823    2.367  1.627  4.0849  4.477    0  0.000  0.538     0.00     0.00     0.00     0.00     0.00 -1    -1e-30      0.00 7.352e-01 2.588e-01 1.064e-03 2.905e-04 2.639e-03 -1.000 6.000e-03 0.703 1.371 1.328 1.450
0.006 -0.40400 7.06001 2.5578947067 2.5864438610    2.556  1.751  4.1072  4.475    0  0.000  0.538     0.00     0.00     0.00     0.00     0.00 -1    -1e-30      0.00 7.350e-01 2.590e-01 1.065e-03 2.907e-04 2.640e-03 -1.000 6.000e-03 0.392 1.182 1.133 1.275
0.006 -0.40400 7.06001 2.7473683357 2.5906571649    2.746  1.866  4.1264  4.468    1  0.000  0.538     0.00     0.00     0.00     0.00     0.00 -1    -1e-30      0.00 7.350e-01 2.590e-01 1.065e-03 2.907e-04 2.641e-03 -1.000 6.000e-03 0.105 1.003 0.947 1.107
0.006 -0.40400 7.06001 2.9100105762 2.5937751298    2.909  1.959  4.1419  4.463    1  0.000  0.538     0.00     0.00     0.00     0.00     0.00 -1    -1e-30      0.00 7.350e-01 2.590e-01 1.065e-03 2.907e-04 2.641e-03 -1.000 6.000e-03 -0.127 0.859 0.799 0.972
0.006 -0.40400 7.06001 2.9368422031 2.5942514910    2.936  1.974  4.1445  4.462    1  0.000  0.538     0.00     0.00     0.00     0.00     0.00 -1    -1e-30      0.00 7.350e-01 2.590e-01 1.065e-03 2.907e-04 2.641e-03 -1.000 6.000e-03 -0.164 0.837 0.775 0.951
0.006 -0.40400 7.06001 3.1263158321 2.5973494584    3.125  2.074  4.1614  4.456    0  0.000  0.538     0.00     0.00     0.00     0.00     0.00 -1    -1e-30      0.00 7.350e-01 2.590e-01 1.065e-03 2.907e-04 2.641e-03 -1.000 6.000e-03 -0.415 0.683 0.617 0.807
0.006 -0.40400 7.06001 3.3157896996 2.6000438424    3.313  2.168  4.1769  4.450    1  0.000  0.538     0.00     0.00     0.00     0.00     0.00 -1    -1e-30      0.00 7.350e-01 2.590e-01 1.065e-03 2.907e-04 2.641e-03 -1.000 6.000e-03 -0.650 0.539 0.468 0.671
0.006 -0.40400 7.06001 3.5052630901 2.6024060213    3.502  2.256  4.1906  4.441    1  0.000  0.538     0.00     0.00     0.00     0.00     0.00 -1    -1e-30      0.00 7.350e-01 2.590e-01 1.065e-03 2.907e-04 2.641e-03 -1.000 6.000e-03 -0.870 0.399 0.324 0.539
0.006 -0.40400 7.06001 3.6947369576 2.6044917793    3.691  2.339  4.2034  4.432    1  0.000  0.538     0.00     0.00     0.00     0.00     0.00 -1    -1e-30      0.00 7.350e-01 2.590e-01 1.065e-03 2.907e-04 2.641e-03 -1.000 6.000e-03 -1.078 0.267 0.188 0.414
0.006 -0.40400 7.06001 3.8842105865 2.6063452704    3.882  2.418  4.2158  4.424    1  0.000  0.538     0.00     0.00     0.00     0.00     0.00 -1    -1e-30      0.00 7.350e-01 2.590e-01 1.065e-03 2.907e-04 2.641e-03 -1.000 6.000e-03 -1.275 0.143 0.061 0.297
0.006 -0.40400 7.06001 4.0736842155 2.6080018916    4.072  2.493  4.2276  4.417    1  0.000  0.538     0.00     0.00     0.00     0.00     0.00 -1    -1e-30      0.00 7.350e-01 2.590e-01 1.065e-03 2.907e-04 2.641e-03 -1.000 6.000e-03 -1.462 0.026 -0.060 0.186
0.006 -0.40400 7.06001 4.2631587982 2.6094903264    4.260  2.564  4.2382  4.408    1  0.000  0.538     0.00     0.00     0.00     0.00     0.00 -1    -1e-30      0.00 7.350e-01 2.590e-01 1.065e-03 2.907e-04 2.641e-03 -1.000 6.000e-03 -1.640 -0.089 -0.178 0.078
0.006 -0.40400 7.06001 4.4526314735 2.6108340176    4.449  2.632  4.2487  4.401    1  0.000  0.538     0.00     0.00     0.00     0.00     0.00 -1    -1e-30      0.00 7.350e-01 2.590e-01 1.065e-03 2.907e-04 2.641e-03 -1.000 6.000e-03 -1.810 -0.197 -0.289 -0.025
0.006 -0.40400 7.06001 4.6421055794 2.6120523611    4.639  2.697  4.2586  4.393    1  0.000  0.538     0.00     0.00     0.00     0.00     0.00 -1    -1e-30      0.00 7.350e-01 2.590e-01 1.065e-03 2.907e-04 2.641e-03 -1.000 6.000e-03 -1.973 -0.302 -0.397 -0.124
0.006 -0.40400 7.06001 4.8315792084 2.6131614690    4.829  2.760  4.2681  4.386    1  0.000  0.538     0.00     0.00     0.00     0.00     0.00 -1    -1e-30      0.00 7.350e-01 2.590e-01 1.065e-03 2.907e-04 2.641e-03 -1.000 6.000e-03 -2.130 -0.402 -0.500 -0.219
0.006 -0.40400 7.06001 5.0210523605 2.6141748657    5.020  2.820  4.2770  4.379    1  0.000  0.538     0.00     0.00     0.00     0.00     0.00 -1    -1e-30      0.00 7.350e-01 2.590e-01 1.065e-03 2.907e-04 2.641e-03 -1.000 6.000e-03 -2.280 -0.500 -0.600 -0.312
0.006 -0.40400 7.06001 5.2105264664 2.6151039795    5.210  2.878  4.2856  4.372    1  0.000  0.538     0.00     0.00     0.00     0.00     0.00 -1    -1e-30      0.00 7.350e-01 2.590e-01 1.065e-03 2.907e-04 2.641e-03 -1.000 6.000e-03 -2.424 -0.594 -0.697 -0.401
0.006 -0.40400 7.06001 5.4000000954 2.6159585105    5.401  2.933  4.2938  4.364    1  0.000  0.538     0.00     0.00     0.00     0.00     0.00 -1    -1e-30      0.00 7.350e-01 2.590e-01 1.065e-03 2.907e-04 2.641e-03 -1.000 6.000e-03 -2.563 -0.686 -0.790 -0.488
0.006 -0.40400 7.06001 5.4738907814 2.6162733784    5.475  2.954  4.2969  4.362    1  0.000  0.538     0.00     0.00     0.00     0.00     0.00 -1    -1e-30      0.00 7.350e-01 2.590e-01 1.065e-03 2.907e-04 2.641e-03 -1.000 6.000e-03 -2.615 -0.720 -0.826 -0.521
0.006 -0.40400 7.06001 5.5999999046 2.6167887565    5.601  2.990  4.3021  4.357    1  0.000  0.538     0.00     0.00     0.00     0.00     0.00 -1    -1e-30      0.00 7.350e-01 2.590e-01 1.065e-03 2.907e-04 2.641e-03 -1.000 6.000e-03 -2.704 -0.779 -0.886 -0.577
0.006 -0.40400 7.06001 5.8000001907 2.6175535027    5.801  3.044  4.3101  4.349    1  0.000  0.538     0.00     0.00     0.00     0.00     0.00 -1    -1e-30      0.00 7.350e-01 2.590e-01 1.065e-03 2.907e-04 2.641e-03 -1.000 6.000e-03 -2.841 -0.870 -0.979 -0.664
0.006 -0.40400 7.06001 6.0000000000 2.6182599138    6.000  3.097  4.3178  4.342    1  0.000  0.538     0.00     0.00     0.00     0.00     0.00 -1    -1e-30      0.00 7.350e-01 2.590e-01 1.065e-03 2.907e-04 2.641e-03 -1.000 6.000e-03 -2.974 -0.959 -1.070 -0.748
0.006 -0.40400 7.06001 6.1999998093 2.6189141709    6.200  3.149  4.3252  4.334    1  0.000  0.538     0.00     0.00     0.00     0.00     0.00 -1    -1e-30      0.00 7.350e-01 2.590e-01 1.065e-03 2.907e-04 2.641e-03 -1.000 6.000e-03 -3.102 -1.045 -1.158 -0.830
0.006 -0.40400 7.06001 6.4000000954 2.6195216279    6.399  3.198  4.3322  4.327    1  0.000  0.538     0.00     0.00     0.00     0.00     0.00 -1    -1e-30      0.00 7.350e-01 2.590e-01 1.065e-03 2.907e-04 2.641e-03 -1.000 6.000e-03 -3.225 -1.128 -1.244 -0.910
0.006 -0.40400 7.06001 6.8558764458 2.6207551773    6.852  3.305  4.3473  4.310    1  0.000  0.538     0.00     0.00     0.00     0.00     0.00 -1    -1e-30      0.00 7.350e-01 2.590e-01 1.065e-03 2.907e-04 2.641e-03 -1.000 6.000e-03 -3.494 -1.312 -1.432 -1.085
0.006 -0.40400 7.06001 7.0000000000 2.6211069280    6.996  3.338  4.3519  4.304    1  0.000  0.538     0.00     0.00     0.00     0.00     0.00 -1    -1e-30      0.00 7.350e-01 2.590e-01 1.065e-03 2.907e-04 2.641e-03 -1.000 6.000e-03 -3.576 -1.369 -1.490 -1.140
0.006 -0.40400 7.06001 7.5225367546 2.6222533106    7.521  3.451  4.3672  4.284    1  0.000  0.538     0.00     0.00     0.00     0.00     0.00 -1    -1e-30      0.00 7.350e-01 2.590e-01 1.065e-03 2.907e-04 2.641e-03 -1.000 6.000e-03 -3.857 -1.566 -1.691 -1.329
0.006 -0.40400 7.06001 8.0000000000 2.6231516585    8.001  3.548  4.3801  4.265    1  0.000  0.538     0.00     0.00     0.00     0.00     0.00 -1    -1e-30      0.00 7.350e-01 2.590e-01 1.065e-03 2.907e-04 2.641e-03 -1.000 6.000e-03 -4.101 -1.740 -1.868 -1.496
0.006 -0.40400 7.06001 8.5120077133 2.6239873847    8.509  3.647  4.3925  4.243    1  0.000  0.538     0.00     0.00     0.00     0.00     0.00 -1    -1e-30      0.00 7.350e-01 2.590e-01 1.065e-03 2.907e-04 2.641e-03 -1.000 6.000e-03 -4.346 -1.920 -2.051 -1.669
0.006 -0.40400 7.06001 8.9654197693 2.6246365622    8.959  3.731  4.4027  4.222    1  0.000  0.538     0.00     0.00     0.00     0.00     0.00 -1    -1e-30      0.00 7.350e-01 2.590e-01 1.065e-03 2.907e-04 2.641e-03 -1.000 6.000e-03 -4.556 -2.090 -2.226 -1.843
0.006 -0.40400 7.06001 9.0000000000 2.6246829947    8.995  3.737  4.4034  4.221    1  0.000  0.538     0.00     0.00     0.00     0.00     0.00 -1    -1e-30      0.00 7.350e-01 2.590e-01 1.065e-03 2.907e-04 2.641e-03 -1.000 6.000e-03 -4.572 -2.101 -2.237 -1.854
0.006 -0.40400 7.06001 9.4676456451 2.6252728175    9.464  3.819  4.4127  4.198    1  0.000  0.538     0.00     0.00     0.00     0.00     0.00 -1    -1e-30      0.00 7.350e-01 2.590e-01 1.065e-03 2.907e-04 2.641e-03 -1.000 6.000e-03 -4.776 -2.249 -2.388 -1.994
0.006 -0.40400 7.06001 9.9302968979 2.6257939247    9.928  3.897  4.4212  4.175    1  0.000  0.538     0.00     0.00     0.00     0.00     0.00 -1    -1e-30      0.00 7.350e-01 2.590e-01 1.065e-03 2.907e-04 2.641e-03 -1.000 6.000e-03 -4.972 -2.397 -2.538 -2.135
0.006 -0.40400 7.06001 10.0000000000 2.6258676431    9.998  3.908  4.4224  4.171    1  0.000  0.538     0.00     0.00     0.00     0.00     0.00 -1    -1e-30      0.00 7.350e-01 2.590e-01 1.065e-03 2.907e-04 2.641e-03 -1.000 6.000e-03 -5.001 -2.419 -2.561 -2.156
0.006 -0.40400 7.06001 10.2237663269 2.6260965074   10.223  3.945  4.4262  4.160    1  0.000  0.538     0.00     0.00     0.00     0.00     0.00 -1    -1e-30      0.00 7.350e-01 2.590e-01 1.065e-03 2.907e-04 2.641e-03 -1.000 6.000e-03 -5.091 -2.492 -2.635 -2.227
0.006 -0.40400 7.06001 10.5948047638 2.6264516110   10.595  4.004  4.4320  4.139    1  0.000  0.538     0.00     0.00     0.00     0.00     0.00 -1    -1e-30      0.00 7.350e-01 2.590e-01 1.065e-03 2.907e-04 2.641e-03 -1.000 6.000e-03 -5.239 -2.621 -2.765 -2.355
0.006 -0.40400 7.06001 10.9907331467 2.6268002899   10.992  4.066  4.4375  4.115    1  0.000  0.538     0.00     0.00     0.00     0.00     0.00 -1    -1e-30      0.00 7.350e-01 2.590e-01 1.065e-03 2.907e-04 2.641e-03 -1.000 6.000e-03 -5.395 -2.759 -2.903 -2.492
0.006 -0.40400 7.06001 11.0000000000 2.6268081058   11.001  4.068  4.4376  4.114    1  0.000  0.538     0.00     0.00     0.00     0.00     0.00 -1    -1e-30      0.00 7.350e-01 2.590e-01 1.065e-03 2.907e-04 2.641e-03 -1.000 6.000e-03 -5.399 -2.763 -2.907 -2.495
0.006 -0.40400 7.06001 11.2264385223 2.6269944884   11.228  4.102  4.4404  4.100    1  0.000  0.538     0.00     0.00     0.00     0.00     0.00 -1    -1e-30      0.00 7.350e-01 2.590e-01 1.065e-03 2.907e-04 2.641e-03 -1.000 6.000e-03 -5.485 -2.839 -2.983 -2.571
0.006 -0.40400 7.06001 11.7269506454 2.6273772488   11.728  4.177  4.4459  4.065    1  0.000  0.538     0.00     0.00     0.00     0.00     0.00 -1    -1e-30      0.00 7.350e-01 2.590e-01 1.065e-03 2.907e-04 2.641e-03 -1.000 6.000e-03 -5.673 -3.006 -3.150 -2.736
0.006 -0.40400 7.06001 12.0000000000 2.6275706487   12.001  4.218  4.4484  4.045    1  0.000  0.538     0.00     0.00     0.00     0.00     0.00 -1    -1e-30      0.00 7.350e-01 2.590e-01 1.065e-03 2.907e-04 2.641e-03 -1.000 6.000e-03 -5.774 -3.096 -3.241 -2.826
0.006 -0.40400 7.06001 12.3320388794 2.6277926111   12.327  4.264  4.4510  4.020    1  0.000  0.539     0.00     0.00     0.00     0.00     0.00 -1 -6.66e-27      0.00 7.350e-01 2.590e-01 1.067e-03 2.908e-04 2.641e-03 -1.000 6.000e-03 -5.891 -3.200 -3.345 -2.929
0.006 -0.40400 7.06001 12.7503957748 2.6280534356   12.738  4.323  4.4532  3.985    1  0.000  0.541     0.00     0.00     0.00     0.00     0.00 -1 -3.19e-22      0.00 7.350e-01 2.590e-01 1.071e-03 2.909e-04 2.641e-03 -1.000 6.000e-03 -6.037 -3.333 -3.480 -3.062
0.006 -0.40400 7.06001 13.1377153397 2.6282779583   13.117  4.377  4.4544  3.949    1  0.000  0.542     0.00     0.00     0.00     0.00     0.00 -1 -5.14e-18      0.00 7.349e-01 2.591e-01 1.073e-03 2.909e-04 2.640e-03 -1.000 6.000e-03 -6.172 -3.463 -3.610 -3.190
0.006 -0.40400 7.06001 13.5141572952 2.6284820534   13.485  4.429  4.4546  3.910    1  0.000  0.543     0.00     0.00     0.00     0.00     0.00 -1 -4.87e-14      0.00 7.349e-01 2.591e-01 1.076e-03 2.910e-04 2.640e-03 -1.000 6.000e-03 -6.302 -3.595 -3.742 -3.321
0.006 -0.40400 7.06001 13.8517751694 2.6286542896   13.814  4.475  4.4536  3.869    1  0.000  0.544     0.00     0.00     0.00     0.00     0.00 -1 -1.47e-10      0.00 7.349e-01 2.591e-01 1.078e-03 2.911e-04 2.640e-03 -1.000 6.000e-03 -6.418 -3.721 -3.868 -3.448
0.006 -0.40400 7.06001 14.0000009537 2.6287268962   13.960  4.496  4.4529  3.851    1  0.000  0.545     0.00     0.00     0.00     0.00     0.00 -1 -4.67e-09      0.00 7.349e-01 2.591e-01 1.079e-03 2.911e-04 2.640e-03 -1.000 6.000e-03 -6.470 -3.778 -3.925 -3.504
0.006 -0.40400 7.06001 14.0284299850 2.6287406203   13.988  4.500  4.4528  3.847    1  0.000  0.545     0.00     0.00     0.00     0.00     0.00 -1 -4.74e-09      0.00 7.349e-01 2.591e-01 1.079e-03 2.911e-04 2.640e-03 -1.000 6.000e-03 -6.479 -3.788 -3.935 -3.515
0.006 -0.40400 7.06001 14.4599599838 2.6289413445   14.412  4.556  4.4496  3.791    1  0.000  0.545     0.00     0.00     0.00     0.00     0.00 -1 -5.86e-09      0.00 7.349e-01 2.591e-01 1.079e-03 2.911e-04 2.640e-03 -1.000 6.000e-03 -6.620 -3.951 -4.098 -3.678
0.006 -0.40400 7.06001 14.8466587067 2.6291098624   14.791  4.606  4.4450  3.734    1  0.000  0.545     0.00     0.00     0.00     0.00     0.00 -1 -6.96e-09      0.00 7.349e-01 2.591e-01 1.079e-03 2.911e-04 2.640e-03 -1.000 6.000e-03 -6.746 -4.107 -4.254 -3.835
0.006 -0.40400 7.06001 15.1722583771 2.6292441200   15.110  4.650  4.4391  3.676    1  0.000  0.545     0.00     0.00     0.00     0.00     0.00 -1 -7.88e-09      0.00 7.349e-01 2.591e-01 1.079e-03 2.911e-04 2.640e-03 -1.000 6.000e-03 -6.854 -4.255 -4.400 -3.984
0.006 -0.40400 7.06001 15.4742422104 2.6293628498   15.405  4.690  4.4318  3.615    1  0.000  0.545     0.00     0.00     0.00     0.00     0.00 -1 -8.72e-09      0.00 7.349e-01 2.591e-01 1.079e-03 2.911e-04 2.640e-03 -1.000 6.000e-03 -6.954 -4.404 -4.549 -4.136
0.006 -0.40400 7.06001 15.7642889023 2.6294719751   15.688  4.728  4.4234  3.551    1  0.000  0.545     0.00     0.00     0.00     0.00     0.00 -1 -9.55e-09      0.00 7.349e-01 2.591e-01 1.079e-03 2.911e-04 2.640e-03 -1.000 6.000e-03 -7.051 -4.557 -4.699 -4.294
0.006 -0.40400 7.06001 16.0000000000 2.6295573144   15.917  4.761  4.4144  3.489    1  0.000  0.545     0.00     0.00     0.00     0.00     0.00 -1  -9.9e-09      0.00 7.349e-01 2.591e-01 1.079e-03 2.911e-04 2.640e-03 -1.000 6.000e-03 -7.131 -4.691 -4.829 -4.440
0.006 -0.40400 7.06001 16.2352466583 2.6296396505   16.143  4.792  4.4047  3.425    1  0.000  0.545     0.00     0.00     0.00     0.00     0.00 -1 -1.01e-08      0.00 7.349e-01 2.591e-01 1.079e-03 2.911e-04 2.640e-03 -1.000 6.000e-03 -7.209 -4.834 -4.967 -4.596
0.006 -0.40400 7.06001 16.4829425812 2.6297234292   16.379  4.826  4.3972  3.368    1  0.000  0.545     0.00     0.00     0.00     0.00     0.00 -1 -1.08e-08      0.00 7.349e-01 2.591e-01 1.079e-03 2.911e-04 2.640e-03 -1.000 6.000e-03 -7.294 -4.969 -5.100 -4.737
0.006 -0.40400 7.06001 16.5166301727 2.6297346004   16.411  4.830  4.3964  3.360    1  0.000  0.545     0.00     0.00     0.00     0.00     0.00 -1 -1.09e-08      0.00 7.349e-01 2.591e-01 1.079e-03 2.911e-04 2.640e-03 -1.000 6.000e-03 -7.306 -4.987 -5.117 -4.755
0.006 -0.40400 7.06001 16.6380462646 2.6297744322   16.526  4.852  4.4085  3.390    1  0.000  0.545     0.00     0.00     0.00     0.00     0.00 -1  -1.4e-08      0.00 7.349e-01 2.591e-01 1.079e-03 2.911e-04 2.640e-03 -1.000 6.000e-03 -7.361 -4.976 -5.110 -4.734
0.006 -0.40400 7.06001 16.6608257294 2.6297818309   16.548  4.861  4.4185  3.422    1  0.000  0.545     0.00     0.00     0.00     0.00     0.00 -1 -1.64e-08      0.00 7.349e-01 2.591e-01 1.079e-03 2.911e-04 2.640e-03 -1.000 6.000e-03 -7.383 -4.940 -5.079 -4.687
0.006 -0.40400 7.06001 16.6699028015 2.6297847726   16.556  4.871  4.4288  3.453    1  0.000  0.545     0.00     0.00     0.00     0.00     0.00 -1 -1.91e-08      0.00 7.349e-01 2.591e-01 1.079e-03 2.911e-04 2.640e-03 -1.000 6.000e-03 -7.408 -4.902 -5.044 -4.638
0.006 -0.40400 7.06001 16.6747035980 2.6297863270   16.561  4.885  4.4399  3.484    1  0.000  0.545     0.00     0.00     0.00     0.00     0.00 -1 -2.29e-08      0.00 7.349e-01 2.591e-01 1.079e-03 2.911e-04 2.640e-03 -1.000 6.000e-03 -7.443 -4.858 -5.003 -4.587
0.006 -0.40400 7.06001 16.6771850586 2.6297871300   16.563  4.896  4.4482  3.506    1  0.000  0.545     0.00     0.00     0.00     0.00     0.00 -1 -2.66e-08      0.00 7.349e-01 2.591e-01 1.079e-03 2.911e-04 2.640e-03 -1.000 6.000e-03 -7.471 -4.826 -4.974 -4.551
0.006 -0.40400 7.06001 16.6779651642 2.6297873824   16.564  4.900  4.4508  3.513    1  0.000  0.545     0.00     0.00     0.00     0.00     0.00 -1 -2.79e-08      0.00 7.349e-01 2.591e-01 1.079e-03 2.911e-04 2.640e-03 -1.000 6.000e-03 -7.479 -4.820 -4.969 -4.544
0.006 -0.40400 7.06001 16.6809101105 2.6297883349   16.567  4.884  4.4396  3.484    2  0.000  0.545     0.00     0.00     0.00     0.00     0.00 -1 -2.32e-08      0.00 7.349e-01 2.591e-01 1.079e-03 2.911e-04 2.640e-03 -1.000 6.000e-03 -7.441 -4.857 -5.003 -4.587
0.006 -0.40400 7.06001 16.6822261810 2.6297887605   16.568  4.881  4.4286  3.442    2  0.000  0.545     0.00     0.00     0.00     0.00     0.00 -1 -2.04e-08      0.00 7.349e-01 2.591e-01 1.079e-03 2.911e-04 2.640e-03 -1.000 6.000e-03 -7.433 -4.931 -5.074 -4.668
0.006 -0.40400 7.06001 16.6831607819 2.6297890627   16.569  4.881  4.4185  3.402    2  0.000  0.545     0.00     0.00     0.00     0.00     0.00 -1 -1.83e-08      0.00 7.349e-01 2.591e-01 1.079e-03 2.911e-04 2.640e-03 -1.000 6.000e-03 -7.433 -4.997 -5.135 -4.744
0.006 -0.40400 7.06001 16.6841316223 2.6297893765   16.570  4.883  4.4064  3.352    2  0.000  0.545     0.00     0.00     0.00     0.00     0.00 -1 -1.62e-08      0.00 7.349e-01 2.591e-01 1.079e-03 2.911e-04 2.640e-03 -1.000 6.000e-03 -7.439 -5.074 -5.207 -4.835
0.006 -0.40400 7.06001 16.6849689484 2.6297896472   16.571  4.886  4.3948  3.303    2  0.000  0.545     0.00     0.00     0.00     0.00     0.00 -1 -1.43e-08      0.00 7.349e-01 2.591e-01 1.079e-03 2.911e-04 2.640e-03 -1.000 6.000e-03 -7.445 -5.139 -5.269 -4.906
0.006 -0.40400 7.06001 16.6856727600 2.6297898746   16.572  4.889  4.3844  3.258    2  0.000  0.545     0.00     0.00     0.00     0.00     0.00 -1 -1.27e-08      0.00 7.349e-01 2.591e-01 1.079e-03 2.911e-04 2.640e-03 -1.000 6.000e-03 -7.452 -5.213 -5.342 -4.983
0.006 -0.40400 7.06001 16.6863975525 2.6297901088   16.573  4.891  4.3730  3.210    2  0.000  0.545     0.00     0.00     0.00     0.00     0.00 -1 -1.11e-08      0.00 7.349e-01 2.591e-01 1.079e-03 2.911e-04 2.640e-03 -1.000 6.000e-03 -7.458 -5.293 -5.420 -5.065
0.006 -0.40400 7.06001 16.6869773865 2.6297902962   16.573  4.893  4.3634  3.170    2  0.000  0.545     0.00     0.00     0.00     0.00     0.00 -1 -9.78e-09      0.00 7.349e-01 2.591e-01 1.079e-03 2.911e-04 2.640e-03 -1.000 6.000e-03 -7.463 -5.262 -5.388 -5.030
0.006 -0.40400 7.06001 16.6875648499 2.6297904860   16.573  4.895  4.3531  3.126    2  0.000  0.545     0.00     0.00     0.00     0.00     0.00 -1 -1.11e-08      0.00 7.349e-01 2.591e-01 1.079e-03 2.911e-04 2.640e-03 -1.000 6.000e-03 -7.468 -5.422 -5.545 -5.206
0.006 -0.40400 7.06001 16.6881580353 2.6297906777   16.574  4.897  4.3421  3.081    2  0.000  0.545     0.00     0.00     0.00     0.00     0.00 -1 -1.55e-07      0.00 7.349e-01 2.591e-01 1.079e-03 2.911e-04 2.640e-03 -1.000 6.000e-03 -7.473 -5.469 -5.592 -5.253
0.006 -0.40400 7.06001 16.6887645721 2.6297908736   16.575  4.899  4.3304  3.032    2  0.000  0.545     0.00     0.00     0.00     0.00     0.00 -1  -2.1e-07      0.00 7.349e-01 2.591e-01 1.079e-03 2.911e-04 2.640e-03 -1.000 6.000e-03 -7.477 -5.533 -5.656 -5.315
0.006 -0.40400 7.06001 16.6892147064 2.6297910190   16.575  4.900  4.3213  2.995    2  0.000  0.545     0.00     0.00     0.00     0.00     0.00 -1 -2.07e-07      0.00 7.349e-01 2.591e-01 1.079e-03 2.911e-04 2.640e-03 -1.000 6.000e-03 -7.480 -5.581 -5.702 -5.365
0.006 -0.40400 7.06001 16.6896724701 2.6297911669   16.575  4.901  4.3117  2.955    2  0.000  0.545     0.00     0.00     0.00     0.00     0.00 -1 -2.03e-07      0.00 7.349e-01 2.591e-01 1.079e-03 2.911e-04 2.640e-03 -1.000 6.000e-03 -7.482 -5.636 -5.754 -5.429
0.006 -0.40400 7.06001 16.6901321411 2.6297913153   16.575  4.902  4.3016  2.914    2  0.000  0.545     0.00     0.00     0.00     0.00     0.00 -1 -1.99e-07      0.00 7.349e-01 2.591e-01 1.079e-03 2.911e-04 2.640e-03 -1.000 6.000e-03 -7.485 -5.696 -5.809 -5.497
0.006 -0.40400 7.06001 16.6905994415 2.6297914663   16.576  4.903  4.2910  2.871    2  0.000  0.545     0.00     0.00     0.00     0.00     0.00 -1 -1.95e-07      0.00 7.349e-01 2.591e-01 1.079e-03 2.911e-04 2.640e-03 -1.000 6.000e-03 -7.487 -5.680 -5.788 -5.486
0.006 -0.40400 7.06001 16.6910762787 2.6297916203   16.577  4.903  4.2797  2.825    2  0.000  0.545     0.00     0.00     0.00     0.00     0.00 -1  -1.9e-07      0.00 7.349e-01 2.591e-01 1.079e-03 2.911e-04 2.640e-03 -1.000 6.000e-03 -7.489 -5.748 -5.852 -5.563
0.006 -0.40400 7.06001 16.6915626526 2.6297917773   16.577  4.904  4.2676  2.776    2  0.000  0.545     0.00     0.00     0.00     0.00     0.00 -1 -1.85e-07      0.00 7.349e-01 2.591e-01 1.079e-03 2.911e-04 2.640e-03 -1.000 6.000e-03 -7.490 -5.817 -5.918 -5.640
0.006 -0.40400 7.06001 16.6920719147 2.6297919418   16.577  4.904  4.2543  2.722    2  0.000  0.545     0.00     0.00     0.00     0.00     0.00 -1  -1.8e-07      0.00 7.349e-01 2.591e-01 1.079e-03 2.911e-04 2.640e-03 -1.000 6.000e-03 -7.491 -5.892 -5.989 -5.722
0.006 -0.40400 7.06001 16.6924266815 2.6297920563   16.577  4.904  4.2446  2.684    2  0.000  0.545     0.00     0.00     0.00     0.00     0.00 -1 -1.75e-07      0.00 7.349e-01 2.591e-01 1.079e-03 2.911e-04 2.640e-03 -1.000 6.000e-03 -7.491 -5.947 -6.040 -5.783
0.006 -0.40400 7.06001 16.6927986145 2.6297921764   16.577  4.904  4.2340  2.641    2  0.000  0.545     0.00     0.00     0.00     0.00     0.00 -1 -1.71e-07      0.00 7.349e-01 2.591e-01 1.079e-03 2.911e-04 2.640e-03 -1.000 6.000e-03 -7.491 -6.006 -6.096 -5.848
0.006 -0.40400 7.06001 16.6931953430 2.6297923045   16.578  4.904  4.2224  2.595    2  0.000  0.545     0.00     0.00     0.00     0.00     0.00 -1 -1.67e-07      0.00 7.349e-01 2.591e-01 1.079e-03 2.911e-04 2.640e-03 -1.000 6.000e-03 -7.490 -6.071 -6.158 -5.920
0.006 -0.40400 7.06001 16.6936454773 2.6297924498   16.578  4.904  4.2082  2.539    2  0.000  0.545     0.00     0.00     0.00     0.00     0.00 -1 -1.61e-07      0.00 7.349e-01 2.591e-01 1.079e-03 2.911e-04 2.640e-03 -1.000 6.000e-03 -7.489 -6.149 -6.232 -6.008
0.006 -0.40400 7.06001 16.6939048767 2.6297925335   16.578  4.903  4.1998  2.505    2  0.000  0.545     0.00     0.00     0.00     0.00     0.00 -1 -1.58e-07      0.00 7.349e-01 2.591e-01 1.079e-03 2.911e-04 2.640e-03 -1.000 6.000e-03 -7.488 -6.195 -6.275 -6.059
0.006 -0.40400 7.06001 16.6941947937 2.6297926271   16.579  4.903  4.1900  2.467    2  0.000  0.545     0.00     0.00     0.00     0.00     0.00 -1 -1.54e-07      0.00 7.349e-01 2.591e-01 1.079e-03 2.911e-04 2.640e-03 -1.000 6.000e-03 -7.487 -6.249 -6.326 -6.119
0.006 -0.40400 7.06001 16.6945190430 2.6297927318   16.579  4.902  4.1785  2.421    2  0.000  0.545     0.00     0.00     0.00     0.00     0.00 -1  -1.5e-07      0.00 7.349e-01 2.591e-01 1.079e-03 2.911e-04 2.640e-03 -1.000 6.000e-03 -7.486 -6.312 -6.385 -6.188
0.006 -0.40400 7.06001 16.6948833466 2.6297928494   16.579  4.902  4.1651  2.369    2  0.000  0.545     0.00     0.00     0.00     0.00     0.00 -1 -1.45e-07      0.00 7.349e-01 2.591e-01 1.079e-03 2.911e-04 2.640e-03 -1.000 6.000e-03 -7.484 -6.383 -6.452 -6.269
0.006 -0.40400 7.06001 16.6952877045 2.6297929799   16.580  4.901  4.1495  2.307    2  0.000  0.545     0.00     0.00     0.00     0.00     0.00 -1 -1.39e-07      0.00 7.349e-01 2.591e-01 1.079e-03 2.911e-04 2.640e-03 -1.000 6.000e-03 -7.481 -6.465 -6.528 -6.365
0.006 -0.40400 7.06001 16.6957416534 2.6297931264   16.580  4.899  4.1307  2.233    2  0.000  0.545     0.00     0.00     0.00     0.00     0.00 -1 -1.33e-07      0.00 7.349e-01 2.591e-01 1.079e-03 2.911e-04 2.640e-03 -1.000 6.000e-03 -7.478 -6.568 -6.624 -6.478
0.006 -0.40400 7.06001 16.6962490082 2.6297932901   16.581  4.898  4.1079  2.144    2  0.000  0.545     0.00     0.00     0.00     0.00     0.00 -1 -1.26e-07      0.00 7.349e-01 2.591e-01 1.079e-03 2.911e-04 2.640e-03 -1.000 6.000e-03 -7.474 -6.694 -6.745 -6.613
0.006 -0.40400 7.06001 16.6968154907 2.6297934729   16.581  4.896  4.0804  2.036    2  0.000  0.545     0.00     0.00     0.00     0.00     0.00 -1 -1.18e-07      0.00 7.349e-01 2.591e-01 1.079e-03 2.911e-04 2.640e-03 -1.000 6.000e-03 -7.469 -6.839 -6.881 -6.774
0.006 -0.40400 7.06001 16.6974487305 2.6297936772   16.581  4.893  4.0456  1.899    2  0.000  0.545     0.00     0.00     0.00     0.00     0.00 -1 -1.09e-07      0.00 7.349e-01 2.591e-01 1.079e-03 2.911e-04 2.640e-03 -1.000 6.000e-03 -7.463 -7.003 -7.027 -6.974
0.006 -0.40400 7.06001 16.6981449127 2.6297939019   16.582  4.890  4.0026  1.730    2  0.000  0.545     0.00     0.00     0.00     0.00     0.00 -1 -1.12e-07      0.00 7.349e-01 2.591e-01 1.079e-03 2.911e-04 2.640e-03 -1.000 6.000e-03 -7.456 -7.206 -7.216 -7.202
0.006 -0.40400 7.06001 16.6988372803 2.6297941252   16.583  4.887  3.9531  1.535    2  0.000  0.545     0.00     0.00     0.00     0.00     0.00 -1 -2.11e-07      0.00 7.349e-01 2.591e-01 1.079e-03 2.911e-04 2.640e-03 -1.000 6.000e-03 -7.448 -7.400 -7.384 -7.444
0.006 -0.40400 7.06001 16.6995086670 2.6297943418   16.583  4.882  3.8982  1.320    2  0.000  0.545     0.00     0.00     0.00     0.00     0.00 -1 -5.48e-07      0.00 7.349e-01 2.591e-01 1.079e-03 2.911e-04 2.640e-03 -1.000 6.000e-03 -7.436 -7.564 -7.519 -7.663
0.006 -0.40400 7.06001 16.7001342773 2.6297945436   16.583  4.875  3.8401  1.095    2  0.000  0.545     0.00     0.00     0.00     0.00     0.00 -1 -8.76e-07      0.00 7.349e-01 2.591e-01 1.079e-03 2.911e-04 2.640e-03 -1.000 6.000e-03 -7.418 -7.601 -7.478 -7.833
0.006 -0.40400 7.06001 16.7004222870 2.6297946365   16.583  4.869  3.8110  0.985    2  0.000  0.545     0.00     0.00     0.00     0.00     0.00 -1 -8.05e-07      0.00 7.349e-01 2.591e-01 1.079e-03 2.911e-04 2.640e-03 -1.000 6.000e-03 -7.401 -7.583 -7.398 -7.904
0.006 -0.40400 7.06001 16.7005825043 2.6297946881   16.583  4.864  3.7932  0.919    2  0.000  0.545     0.00     0.00     0.00     0.00     0.00 -1 -7.53e-07      0.00 7.349e-01 2.591e-01 1.079e-03 2.911e-04 2.640e-03 -1.000 6.000e-03 -7.389 -7.562 -7.336 -7.939
0.006 -0.40400 7.06001 16.7007656097 2.6297947472   16.583  4.858  3.7729  0.843    2  0.000  0.545     0.00     0.00     0.00     0.00     0.00 -1 -6.98e-07      0.00 7.349e-01 2.591e-01 1.079e-03 2.911e-04 2.640e-03 -1.000 6.000e-03 -7.374 -7.530 -7.252 -7.970
0.006 -0.40400 7.06001 16.7009639740 2.6297948112   16.583  4.850  3.7506  0.762    2  0.000  0.545     0.00     0.00     0.00     0.00     0.00 -1 -6.23e-07      0.00 7.349e-01 2.591e-01 1.079e-03 2.911e-04 2.640e-03 -1.000 6.000e-03 -7.355 -7.481 -7.144 -7.988
0.006 -0.40400 7.06001 16.7011890411 2.6297948838   16.583  4.837  3.7266  0.679    2  0.000  0.545     0.00     0.00     0.00     0.00     0.00 -1 -5.29e-07      0.00 7.349e-01 2.591e-01 1.079e-03 2.911e-04 2.640e-03 -1.000 6.000e-03 -7.322 -7.407 -7.007 -7.978
0.006 -0.40400 7.06001 16.7014408112 2.6297949649   16.583  4.817  3.6995  0.591    2  0.000  0.545     0.00     0.00     0.00     0.00     0.00 -1  -4.6e-07      0.00 7.349e-01 2.591e-01 1.079e-03 2.911e-04 2.640e-03 -1.000 6.000e-03 -7.272 -7.293 -6.819 -7.932
0.006 -0.40400 7.06001 16.7017230988 2.6297950560   16.583  4.788  3.6694  0.499    2  0.000  0.545     0.00     0.00     0.00     0.00     0.00 -1 -3.86e-07      0.00 7.349e-01 2.591e-01 1.079e-03 2.911e-04 2.640e-03 -1.000 6.000e-03 -7.200 -7.129 -6.559 -7.845
0.006 -0.40400 7.06001 16.7020111084 2.6297951488   16.584  4.750  3.6449  0.439    2  0.000  0.545     0.00     0.00     0.00     0.00     0.00 -1 -3.11e-07      0.00 7.349e-01 2.591e-01 1.079e-03 2.911e-04 2.640e-03 -1.000 6.000e-03 -7.105 -6.924 -6.270 -7.702
0.006 -0.40400 7.06001 16.7026233673 2.6297953463   16.584  4.704  3.6203  0.386    2  0.000  0.545     0.00     0.00     0.00     0.00     0.00 -1 -1.94e-07      0.00 7.349e-01 2.591e-01 1.079e-03 2.911e-04 2.640e-03 -1.000 6.000e-03 -6.991 -6.672 -5.930 -7.509
0.006 -0.40400 7.06001 16.7029876709 2.6297954637   16.584  4.750  3.6099  0.299    3  0.000  0.535   225.16   101.84    67.89    49.00    40.85  4 -1.93e-07      0.00 7.348e-01 2.592e-01 1.060e-03 3.052e-04 2.639e-03 -1.000 6.000e-03 -7.105 -6.719 -5.929 -7.586
0.006 -0.40400 7.06001 16.7033824921 2.6297955910   16.585  4.818  3.5992  0.189    3  0.000  0.491   285.65   124.38    82.17    59.49    49.61  4 -2.22e-07      0.00 7.345e-01 2.595e-01 9.694e-04 3.922e-04 2.631e-03 -1.000 6.000e-03 -7.275 -6.812 -5.965 -7.712
0.006 -0.40400 7.06001 16.7035045624 2.6297956304   16.585  4.838  3.5969  0.159    3  0.000  0.465   298.94   131.19    86.46    62.64    52.25  4 -2.55e-07      0.00 7.321e-01 2.619e-01 9.073e-04 4.940e-04 2.600e-03 -1.000 6.036e-03 -7.325 -6.844 -5.984 -7.752
0.006 -0.40400 7.06001 16.7035865784 2.6297956568   16.585  4.852  3.5953  0.139    3  0.000  0.447   308.19   135.96    89.46    64.85    54.09  4 -2.79e-07      0.00 7.305e-01 2.634e-01 8.656e-04 5.623e-04 2.579e-03 -1.000 6.059e-03 -7.359 -6.866 -5.996 -7.779
0.006 -0.40400 7.06001 16.7037544250 2.6297957109   16.585  4.878  3.5926  0.102    3  0.000  0.423   326.51   145.47    95.43    69.25    57.77  3 -3.31e-07      0.00 7.250e-01 2.689e-01 8.011e-04 6.918e-04 2.520e-03 -1.000 6.067e-03 -7.425 -6.909 -6.022 -7.832
0.006 -0.40400 7.06001 16.7039222717 2.6297957650   16.585  4.903  3.5901  0.068    3  0.000  0.411   344.23   154.76   101.23    73.53    61.35  0 -3.87e-07      0.00 7.175e-01 2.765e-01 7.559e-04 8.106e-04 2.447e-03 -1.000 6.037e-03 -7.486 -6.952 -6.050 -7.883
0.006 -0.40400 7.06001 16.7049770355 2.6297961050   16.585  4.955  3.5849 -0.006    3  0.000  0.395   385.67   176.80   114.96    83.66    69.83  0 -5.52e-07      0.00 6.975e-01 2.965e-01 6.695e-04 1.080e-03 2.260e-03 -1.000 6.000e-03 -7.618 -7.038 -6.099 -7.988
0.006 -0.40400 7.06001 16.7071685791 2.6297968113   16.586  4.976  3.5830 -0.034    3  0.000  0.390   402.96   186.11   120.74    87.93    73.40  0 -6.61e-07      0.00 6.893e-01 3.047e-01 6.392e-04 1.183e-03 2.185e-03 -1.000 6.000e-03 -7.670 -7.073 -6.121 -8.031
0.006 -0.40400 7.06001 16.7230358124 2.6298019184   16.593  4.959  3.5853 -0.008    4  0.000  0.390     0.00     0.00     0.00     0.00     0.00 -1 -6.11e-07      0.00 6.893e-01 3.047e-01 6.394e-04 1.182e-03 2.185e-03 -1.000 6.000e-03 -7.626 -7.049 -6.113 -7.999
0.006 -0.40400 7.06001 16.7442798615 2.6298087388   16.603  4.935  3.5882  0.028    4  0.000  0.390     0.00     0.00     0.00     0.00     0.00 -1 -5.48e-07      0.00 6.894e-01 3.046e-01 6.398e-04 1.181e-03 2.186e-03 -1.000 6.000e-03 -7.569 -7.017 -6.101 -7.956
0.006 -0.40400 7.06001 16.7717037201 2.6298175138   16.618  4.914  3.5913  0.062    4  0.000  0.390     0.00     0.00     0.00     0.00     0.00 -1 -4.96e-07      0.00 6.894e-01 3.046e-01 6.403e-04 1.179e-03 2.187e-03 -1.000 6.000e-03 -7.515 -6.989 -6.093 -7.918
0.006 -0.40400 7.06001 16.8161277771 2.6298316587   16.643  4.893  3.5958  0.101    4  0.000  0.390     0.00     0.00     0.00     0.00     0.00 -1 -4.46e-07      0.00 6.896e-01 3.044e-01 6.410e-04 1.177e-03 2.189e-03 -1.000 6.000e-03 -7.463 -6.971 -6.100 -7.885
0.006 -0.40400 7.06001 16.8525238037 2.6298431836   16.664  4.884  3.5991  0.125    4  0.000  0.390     0.00     0.00     0.00     0.00     0.00 -1 -4.26e-07      0.00 6.897e-01 3.043e-01 6.417e-04 1.175e-03 2.191e-03 -1.000 6.000e-03 -7.439 -6.974 -6.121 -7.877
0.006 -0.40400 7.06001 16.8752670288 2.6298503562   16.677  4.902  3.6043  0.127    5  0.000  0.391     0.00     0.00     0.00     0.00     0.00 -1 -4.63e-07      0.00 6.897e-01 3.043e-01 6.421e-04 1.173e-03 2.192e-03 -1.000 6.000e-03 -7.485 -7.055 -6.226 -7.945
0.006 -0.40400 7.06001 16.8830833435 2.6298528161   16.682  4.928  3.6087  0.119    5  0.000  0.391     0.00     0.00     0.00     0.00     0.00 -1 -5.21e-07      0.00 6.898e-01 3.042e-01 6.422e-04 1.173e-03 2.192e-03 -1.000 6.000e-03 -7.550 -7.149 -6.338 -8.028
0.006 -0.40400 7.06001 16.8856620789 2.6298536271   16.683  4.971  3.6255  0.143    5  0.000  0.391     0.00     0.00     0.00     0.00     0.00 -1 -6.62e-07      0.00 6.898e-01 3.042e-01 6.422e-04 1.173e-03 2.192e-03 -1.000 6.000e-03 -7.657 -7.363 -6.618 -8.199
0.006 -0.40400 7.06001 16.8868598938 2.6298540037   16.683  4.978  3.7100  0.474    5  0.000  0.391     0.00     0.00     0.00     0.00     0.00 -1 -8.55e-07      0.00 6.898e-01 3.042e-01 6.423e-04 1.173e-03 2.192e-03 -1.000 6.000e-03 -7.676 -7.725 -7.277 -8.340
0.006 -0.40400 7.06001 16.8874053955 2.6298541752   16.683  4.978  3.7443  0.612    5  0.000  0.391     0.00     0.00     0.00     0.00     0.00 -1 -9.33e-07      0.00 6.898e-01 3.042e-01 6.423e-04 1.173e-03 2.192e-03 -1.000 6.000e-03 -7.675 -7.793 -7.439 -8.318
0.006 -0.40400 7.06001 16.8876094818 2.6298542394   16.683  4.978  3.7551  0.655    5  0.000  0.391     0.00     0.00     0.00     0.00     0.00 -1  -9.6e-07      0.00 6.898e-01 3.042e-01 6.423e-04 1.173e-03 2.192e-03 -1.000 6.000e-03 -7.675 -7.809 -7.484 -8.303
0.006 -0.40400 7.06001 16.8878192902 2.6298543053   16.683  4.978  3.7652  0.695    5  0.000  0.391     0.00     0.00     0.00     0.00     0.00 -1 -9.81e-07      0.00 6.898e-01 3.042e-01 6.423e-04 1.173e-03 2.192e-03 -1.000 6.000e-03 -7.675 -7.823 -7.524 -8.287
0.006 -0.40400 7.06001 16.8880290985 2.6298543713   16.683  4.978  3.7751  0.735    5  0.000  0.391     0.00     0.00     0.00     0.00     0.00 -1    -1e-06      0.00 6.898e-01 3.042e-01 6.423e-04 1.173e-03 2.192e-03 -1.000 6.000e-03 -7.675 -7.835 -7.564 -8.267
0.006 -0.40400 7.06001 16.8882369995 2.6298544366   16.683  4.978  3.7840  0.771    5  0.000  0.391     0.00     0.00     0.00     0.00     0.00 -1 -1.02e-06      0.00 6.898e-01 3.042e-01 6.423e-04 1.173e-03 2.192e-03 -1.000 6.000e-03 -7.674 -7.844 -7.596 -8.247
0.006 -0.40400 7.06001 16.8884735107 2.6298545110   16.683  4.978  3.7941  0.811    5  0.000  0.391     0.00     0.00     0.00     0.00     0.00 -1 -1.05e-06      0.00 6.898e-01 3.042e-01 6.423e-04 1.173e-03 2.192e-03 -1.000 6.000e-03 -7.674 -7.849 -7.626 -8.222
0.006 -0.40400 7.06001 16.8887329102 2.6298545925   16.682  4.977  3.8039  0.851    5  0.000  0.391     0.00     0.00     0.00     0.00     0.00 -1 -1.08e-06      0.00 6.898e-01 3.042e-01 6.423e-04 1.173e-03 2.192e-03 -1.000 6.000e-03 -7.673 -7.853 -7.654 -8.195
0.006 -0.40400 7.06001 16.8890266418 2.6298546848   16.682  4.977  3.8145  0.893    5  0.000  0.391     0.00     0.00     0.00     0.00     0.00 -1 -1.11e-06      0.00 6.898e-01 3.042e-01 6.423e-04 1.173e-03 2.192e-03 -1.000 6.000e-03 -7.672 -7.856 -7.681 -8.163
0.006 -0.40400 7.06001 16.8893527985 2.6298547873   16.682  4.976  3.8249  0.936    5  0.000  0.391     0.00     0.00     0.00     0.00     0.00 -1 -1.14e-06      0.00 6.898e-01 3.042e-01 6.423e-04 1.173e-03 2.192e-03 -1.000 6.000e-03 -7.670 -7.856 -7.704 -8.131
0.006 -0.40400 7.06001 16.8897171021 2.6298549018   16.682  4.975  3.8354  0.979    5  0.000  0.391     0.00     0.00     0.00     0.00     0.00 -1 -7.35e-07      0.00 6.898e-01 3.042e-01 6.423e-04 1.173e-03 2.193e-03 -1.000 6.000e-03 -7.668 -7.854 -7.724 -8.097
0.006 -0.40400 7.06001 16.8901252747 2.6298550301   16.683  4.974  3.8462  1.023    5  0.000  0.391     0.00     0.00     0.00     0.00     0.00 -1 -2.96e-07      0.00 6.898e-01 3.042e-01 6.423e-04 1.173e-03 2.193e-03 -1.000 6.000e-03 -7.666 -7.849 -7.739 -8.062
0.006 -0.40400 7.06001 16.8905830383 2.6298551740   16.683  4.973  3.8560  1.063    5  0.000  0.391     0.00     0.00     0.00     0.00     0.00 -1    -3e-07      0.00 6.898e-01 3.042e-01 6.423e-04 1.173e-03 2.193e-03 -1.000 6.000e-03 -7.662 -7.843 -7.748 -8.028
0.006 -0.40400 7.06001 16.8910923004 2.6298553340   16.683  4.971  3.8658  1.104    5  0.000  0.391     0.00     0.00     0.00     0.00     0.00 -1 -3.07e-07      0.00 6.898e-01 3.042e-01 6.423e-04 1.173e-03 2.193e-03 -1.000 6.000e-03 -7.659 -7.832 -7.752 -7.993
0.006 -0.40400 7.06001 16.8916625977 2.6298555132   16.684  4.970  3.8752  1.143    5  0.000  0.391     0.00     0.00     0.00     0.00     0.00 -1 -3.12e-07      0.00 6.898e-01 3.042e-01 6.423e-04 1.173e-03 2.193e-03 -1.000 6.000e-03 -7.654 -7.819 -7.750 -7.959
0.006 -0.40400 7.06001 16.8923015594 2.6298557139   16.684  4.968  3.8836  1.179    5  0.000  0.391     0.00     0.00     0.00     0.00     0.00 -1 -3.15e-07      0.00 6.898e-01 3.042e-01 6.424e-04 1.172e-03 2.193e-03 -1.000 6.000e-03 -7.650 -7.804 -7.745 -7.927
0.006 -0.40400 7.06001 16.8930110931 2.6298559368   16.685  4.966  3.8911  1.211    5  0.000  0.391     0.00     0.00     0.00     0.00     0.00 -1 -3.21e-07      0.00 6.898e-01 3.042e-01 6.424e-04 1.172e-03 2.193e-03 -1.000 6.000e-03 -7.645 -7.788 -7.736 -7.897
0.006 -0.40400 7.06001 16.8938083649 2.6298561872   16.685  4.964  3.8980  1.240    5  0.000  0.391     0.00     0.00     0.00     0.00     0.00 -1 -3.26e-07      0.00 6.898e-01 3.042e-01 6.424e-04 1.172e-03 2.193e-03 -1.000 6.000e-03 -7.640 -7.768 -7.722 -7.869
0.006 -0.40400 7.06001 16.8946971893 2.6298564664   16.686  4.962  3.9040  1.266    5  0.000  0.391     0.00     0.00     0.00     0.00     0.00 -1 -3.29e-07      0.00 6.898e-01 3.042e-01 6.424e-04 1.172e-03 2.193e-03 -1.000 6.000e-03 -7.636 -7.749 -7.706 -7.843
0.006 -0.40400 7.06001 16.8956909180 2.6298567784   16.687  4.961  3.9092  1.288    5  0.000  0.391     0.00     0.00     0.00     0.00     0.00 -1 -3.29e-07      0.00 6.898e-01 3.042e-01 6.424e-04 1.172e-03 2.193e-03 -1.000 6.000e-03 -7.632 -7.731 -7.691 -7.820
0.006 -0.40400 7.06001 16.8968009949 2.6298571270   16.687  4.960  3.9126  1.303    5  0.000  0.391     0.00     0.00     0.00     0.00     0.00 -1 -3.31e-07      0.00 6.898e-01 3.042e-01 6.424e-04 1.172e-03 2.193e-03 -1.000 6.000e-03 -7.630 -7.719 -7.682 -7.804
0.006 -0.40400 7.06001 16.8980407715 2.6298575162   16.688  4.959  3.9165  1.320    5  0.000  0.391     0.00     0.00     0.00     0.00     0.00 -1 -3.34e-07      0.00 6.898e-01 3.042e-01 6.424e-04 1.172e-03 2.193e-03 -1.000 6.000e-03 -7.627 -7.706 -7.671 -7.785
0.006 -0.40400 7.06001 16.9009723663 2.6298584363   16.690  4.958  3.9215  1.341    5  0.000  0.391     0.00     0.00     0.00     0.00     0.00 -1 -3.38e-07      0.00 6.898e-01 3.042e-01 6.425e-04 1.172e-03 2.193e-03 -1.000 6.000e-03 -7.625 -7.690 -7.659 -7.762
0.006 -0.40400 7.06001 16.9046306610 2.6298595839   16.693  4.958  3.9248  1.354    5  0.000  0.391     0.00     0.00     0.00     0.00     0.00 -1 -3.42e-07      0.00 6.898e-01 3.042e-01 6.426e-04 1.172e-03 2.193e-03 -1.000 6.000e-03 -7.625 -7.681 -7.653 -7.748
0.006 -0.40400 7.06001 16.9111118317 2.6298616157   16.697  4.959  3.9290  1.370    5  0.000  0.391     0.00     0.00     0.00     0.00     0.00 -1 -3.49e-07      0.00 6.898e-01 3.042e-01 6.427e-04 1.171e-03 2.193e-03 -1.000 6.000e-03 -7.627 -7.672 -7.647 -7.732
0.006 -0.40400 7.06001 16.9202480316 2.6298644768   16.703  4.967  3.9341  1.383    5  0.000  0.391     0.00     0.00     0.00     0.00     0.00 -1 -3.73e-07      0.00 6.899e-01 3.041e-01 6.428e-04 1.171e-03 2.194e-03 -1.000 6.000e-03 -7.647 -7.673 -7.650 -7.730
0.006 -0.40400 7.06001 16.9295234680 2.6298673778   16.709  4.986  3.9409  1.390    5  0.000  0.391     0.00     0.00     0.00     0.00     0.00 -1 -4.18e-07      0.00 6.899e-01 3.041e-01 6.430e-04 1.170e-03 2.194e-03 -1.000 6.000e-03 -7.696 -7.695 -7.674 -7.749
0.006 -0.40400 7.06001 16.9433097839 2.6298716830   16.717  5.001  3.9998  1.611    5  0.000  0.391     0.00     0.00     0.00     0.00     0.00 -1 -4.09e-07      0.00 6.899e-01 3.041e-01 6.432e-04 1.170e-03 2.195e-03 -1.000 6.000e-03 -7.732 -7.495 -7.504 -7.493
0.006 -0.40400 7.06001 16.9695625305 2.6298798589   16.733  5.000  4.1549  2.233    5  0.000  0.391     0.00     0.00     0.00     0.00     0.00 -1 -2.99e-07      0.00 6.900e-01 3.040e-01 6.437e-04 1.168e-03 2.196e-03 -1.000 6.000e-03 -7.731 -6.684 -6.748 -6.581
0.006 -0.40400 7.06001 16.9866218567 2.6298851561   16.744  5.000  4.2194  2.491    5  0.000  0.391     0.00     0.00     0.00     0.00     0.00 -1 -2.64e-07      0.00 6.900e-01 3.040e-01 6.440e-04 1.167e-03 2.197e-03 -1.000 6.000e-03 -7.730 -6.329 -6.415 -6.182
0.006 -0.40400 7.06001 17.0434036255 2.6299027000   16.785  5.005  4.2094  2.447    6  0.000  0.391     0.00     0.00     0.00     0.00     0.00 -1 -2.62e-07      0.00 6.902e-01 3.038e-01 6.450e-04 1.164e-03 2.199e-03 -1.000 6.000e-03 -7.743 -6.397 -6.479 -6.255
0.006 -0.40400 7.06001 17.1439895630 2.6299334503   16.857  5.014  4.1916  2.369    6  0.000  0.391     0.00     0.00     0.00     0.00     0.00 -1  -2.6e-07      0.00 6.905e-01 3.035e-01 6.467e-04 1.158e-03 2.203e-03 -1.000 6.000e-03 -7.765 -6.518 -6.595 -6.387
0.006 -0.40400 7.06001 17.2595939636 2.6299682833   16.941  5.024  4.1694  2.273    6  0.000  0.392     0.00     0.00     0.00     0.00     0.00 -1 -2.56e-07      0.00 6.908e-01 3.032e-01 6.486e-04 1.152e-03 2.208e-03 -1.000 6.000e-03 -7.790 -6.665 -6.735 -6.549
0.006 -0.40400 7.06001 17.3282852173 2.6299887278   16.991  5.029  4.1486  2.185    6  0.000  0.392     0.00     0.00     0.00     0.00     0.00 -1  -2.5e-07      0.00 6.910e-01 3.030e-01 6.498e-04 1.148e-03 2.211e-03 -1.000 6.000e-03 -7.803 -6.790 -6.851 -6.694
0.006 -0.40400 7.06001 17.3746013641 2.6300024080   17.025  5.033  4.1288  2.104    6  0.000  0.392     0.00     0.00     0.00     0.00     0.00 -1 -2.44e-07      0.00 6.911e-01 3.029e-01 6.506e-04 1.145e-03 2.213e-03 -1.000 6.000e-03 -7.812 -6.911 -6.966 -6.823
0.006 -0.40400 7.06001 17.4112930298 2.6300131860   17.053  5.035  4.1080  2.019    6  0.000  0.392     0.00     0.00     0.00     0.00     0.00 -1 -2.32e-07      0.00 6.912e-01 3.028e-01 6.512e-04 1.143e-03 2.215e-03 -1.000 6.000e-03 -7.817 -7.037 -7.088 -6.956
0.006 -0.40400 7.06001 17.4419460297 2.6300221502   17.073  5.037  4.0855  1.928    6  0.000  0.392     0.00     0.00     0.00     0.00     0.00 -1  -3.1e-07      0.00 6.913e-01 3.027e-01 6.517e-04 1.141e-03 2.216e-03 -1.000 6.000e-03 -7.821 -7.164 -7.207 -7.096
0.006 -0.40400 7.06001 17.4684829712 2.6300298815   17.056  5.037  4.0554  1.807    6  0.000  0.392     0.00     0.00     0.00     0.00     0.00 -1 -1.44e-06      0.00 6.914e-01 3.026e-01 6.521e-04 1.140e-03 2.217e-03 -1.000 6.000e-03 -7.821 -7.311 -7.338 -7.276
0.006 -0.40400 7.06001 17.4903717041 2.6300362383   17.041  5.036  4.0198  1.664    6  0.000  0.392     0.00     0.00     0.00     0.00     0.00 -1 -1.35e-06      0.00 6.914e-01 3.026e-01 6.525e-04 1.139e-03 2.218e-03 -1.000 6.000e-03 -7.820 -7.489 -7.504 -7.475
0.006 -0.40400 7.06001 17.5080986023 2.6300413731   17.031  5.035  3.9808  1.510    6  0.000  0.392     0.00     0.00     0.00     0.00     0.00 -1 -1.26e-06      0.00 6.915e-01 3.025e-01 6.528e-04 1.138e-03 2.219e-03 -1.000 6.000e-03 -7.817 -7.667 -7.669 -7.675
0.006 -0.40400 7.06001 17.5234699249 2.6300458158   17.024  5.033  3.9329  1.320    6  0.000  0.392     0.00     0.00     0.00     0.00     0.00 -1 -1.12e-06      0.00 6.915e-01 3.025e-01 6.531e-04 1.137e-03 2.219e-03 -1.000 6.000e-03 -7.812 -7.842 -7.819 -7.900
0.006 -0.40400 7.06001 17.5344142914 2.6300489736   17.022  5.028  3.8727  1.084    6  0.000  0.392     0.00     0.00     0.00     0.00     0.00 -1    -1e-06      0.00 6.916e-01 3.024e-01 6.532e-04 1.136e-03 2.220e-03 -1.000 6.000e-03 -7.800 -7.967 -7.897 -8.112
0.006 -0.40400 7.06001 17.5468215942 2.6300525480   17.023  4.945  3.7371  0.625    6  0.000  0.392     0.00     0.00     0.00     0.00     0.00 -1 -4.67e-07      0.00 6.916e-01 3.024e-01 6.535e-04 1.136e-03 2.220e-03 -1.000 6.000e-03 -7.592 -7.698 -7.325 -8.241
0.006 -0.40400 7.06001 17.5573196411 2.6300555679   17.027  4.999  3.7143  0.480    6  0.000  0.392     0.00     0.00     0.00     0.00     0.00 -1 -5.52e-07      0.00 6.916e-01 3.024e-01 6.535e-04 1.135e-03 2.221e-03 -1.000 6.000e-03 -7.727 -7.786 -7.350 -8.390
0.006 -0.40400 7.06001 17.5672206879 2.6300584122   17.030  5.002  3.7087  0.454    6  0.000  0.392     0.00     0.00     0.00     0.00     0.00 -1 -5.63e-07      0.00 6.916e-01 3.024e-01 6.537e-04 1.135e-03 2.221e-03 -1.000 6.000e-03 -7.735 -7.781 -7.329 -8.400
0.006 -0.40400 7.06001 17.5734062195 2.6300601872   17.031  5.004  3.7053  0.438    6  0.000  0.392     0.00     0.00     0.00     0.00     0.00 -1 -5.69e-07      0.00 6.917e-01 3.023e-01 6.538e-04 1.134e-03 2.221e-03 -1.000 6.000e-03 -7.741 -7.778 -7.316 -8.405
0.006 -0.40400 7.06001 17.5792427063 2.6300618608   17.033  5.006  3.7022  0.424    6  0.000  0.392     0.00     0.00     0.00     0.00     0.00 -1 -5.76e-07      0.00 6.917e-01 3.023e-01 6.539e-04 1.134e-03 2.222e-03 -1.000 6.000e-03 -7.746 -7.775 -7.304 -8.410
0.006 -0.40400 7.06001 17.5847434998 2.6300634370   17.035  5.008  3.6992  0.410    6  0.000  0.392     0.00     0.00     0.00     0.00     0.00 -1 -5.83e-07      0.00 6.917e-01 3.023e-01 6.540e-04 1.134e-03 2.222e-03 -1.000 6.000e-03 -7.751 -7.772 -7.293 -8.415
0.006 -0.40400 7.06001 17.5899257660 2.6300649208   17.036  5.010  3.6964  0.397    6  0.000  0.392     0.00     0.00     0.00     0.00     0.00 -1 -5.89e-07      0.00 6.917e-01 3.023e-01 6.541e-04 1.133e-03 2.222e-03 -1.000 6.000e-03 -7.755 -7.769 -7.281 -8.419
0.006 -0.40400 7.06001 17.5948028564 2.6300663164   17.038  5.012  3.6939  0.385    6  0.000  0.392     0.00     0.00     0.00     0.00     0.00 -1 -5.95e-07      0.00 6.917e-01 3.023e-01 6.541e-04 1.133e-03 2.222e-03 -1.000 6.000e-03 -7.760 -7.766 -7.270 -8.422
0.006 -0.40400 7.06001 17.5993862152 2.6300676270   17.039  5.014  3.6915  0.374    6  0.000  0.392     0.00     0.00     0.00     0.00     0.00 -1 -6.01e-07      0.00 6.917e-01 3.023e-01 6.542e-04 1.133e-03 2.223e-03 -1.000 6.000e-03 -7.764 -7.763 -7.260 -8.426
0.006 -0.40400 7.06001 17.6036834717 2.6300688552   17.040  5.015  3.6892  0.363    6  0.000  0.392     0.00     0.00     0.00     0.00     0.00 -1 -6.06e-07      0.00 6.917e-01 3.023e-01 6.543e-04 1.133e-03 2.223e-03 -1.000 6.000e-03 -7.768 -7.761 -7.251 -8.429
0.006 -0.40400 7.06001 17.6057319641 2.6300694404   17.041  5.016  3.6882  0.358    6  0.000  0.392     0.00     0.00     0.00     0.00     0.00 -1 -6.09e-07      0.00 6.917e-01 3.023e-01 6.543e-04 1.132e-03 2.223e-03 -1.000 6.000e-03 -7.770 -7.759 -7.246 -8.430
0.006 -0.40400 7.06001 17.6077156067 2.6300700070   17.041  5.017  3.6872  0.354    6  0.000  0.392     0.00     0.00     0.00     0.00     0.00 -1 -6.11e-07      0.00 6.918e-01 3.022e-01 6.543e-04 1.132e-03 2.223e-03 -1.000 6.000e-03 -7.772 -7.758 -7.242 -8.431
0.006 -0.40400 7.06001 17.6096324921 2.6300705543   17.042  5.017  3.6862  0.349    6  0.000  0.392     0.00     0.00     0.00     0.00     0.00 -1 -6.14e-07      0.00 6.918e-01 3.022e-01 6.544e-04 1.132e-03 2.223e-03 -1.000 6.000e-03 -7.773 -7.756 -7.237 -8.432
0.006 -0.40400 7.06001 17.6114864349 2.6300710835   17.042  5.018  3.6852  0.345    6  0.000  0.392     0.00     0.00     0.00     0.00     0.00 -1 -6.16e-07      0.00 6.918e-01 3.022e-01 6.544e-04 1.132e-03 2.223e-03 -1.000 6.000e-03 -7.775 -7.755 -7.233 -8.433
0.006 -0.40400 7.06001 17.6132812500 2.6300715958   17.043  5.019  3.6843  0.340    6  0.000  0.392     0.00     0.00     0.00     0.00     0.00 -1 -6.19e-07      0.00 6.918e-01 3.022e-01 6.544e-04 1.132e-03 2.223e-03 -1.000 6.000e-03 -7.777 -7.754 -7.229 -8.435
0.006 -0.40400 7.06001 17.6150169373 2.6300720910   17.043  5.019  3.6835  0.336    6  0.000  0.392     0.00     0.00     0.00     0.00     0.00 -1 -6.21e-07      0.00 6.918e-01 3.022e-01 6.544e-04 1.132e-03 2.223e-03 -1.000 6.000e-03 -7.778 -7.753 -7.225 -8.437
0.006 -0.40400 7.06001 17.6166954041 2.6300725698   17.044  5.020  3.6826  0.332    6  0.000  0.392     0.00     0.00     0.00     0.00     0.00 -1 -6.23e-07      0.00 6.918e-01 3.022e-01 6.545e-04 1.132e-03 2.223e-03 -1.000 6.000e-03 -7.780 -7.752 -7.220 -8.438
0.006 -0.40400 7.06001 17.6183166504 2.6300730322   17.044  5.021  3.6818  0.328    6  0.000  0.392     0.00     0.00     0.00     0.00     0.00 -1 -6.26e-07      0.00 6.918e-01 3.022e-01 6.545e-04 1.132e-03 2.223e-03 -1.000 6.000e-03 -7.781 -7.752 -7.216 -8.440
0.006 -0.40400 7.06001 17.6198844910 2.6300734793   17.044  5.021  3.6810  0.325    6  0.000  0.392     0.00     0.00     0.00     0.00     0.00 -1 -6.28e-07      0.00 6.918e-01 3.022e-01 6.545e-04 1.132e-03 2.223e-03 -1.000 6.000e-03 -7.783 -7.751 -7.212 -8.442
0.006 -0.40400 7.06001 17.6213951111 2.6300739099   17.045  5.022  3.6803  0.321    6  0.000  0.392     0.00     0.00     0.00     0.00     0.00 -1  -6.3e-07      0.00 6.918e-01 3.022e-01 6.545e-04 1.132e-03 2.223e-03 -1.000 6.000e-03 -7.784 -7.750 -7.209 -8.443
0.006 -0.40400 7.06001 17.6228561401 2.6300743264   17.045  5.022  3.6795  0.318    6  0.000  0.392     0.00     0.00     0.00     0.00     0.00 -1 -6.32e-07      0.00 6.918e-01 3.022e-01 6.546e-04 1.131e-03 2.224e-03 -1.000 6.000e-03 -7.786 -7.749 -7.205 -8.445
0.006 -0.40400 7.06001 17.6235637665 2.6300745280   17.045  5.022  3.6792  0.316    6  0.000  0.392     0.00     0.00     0.00     0.00     0.00 -1 -6.33e-07      0.00 6.918e-01 3.022e-01 6.546e-04 1.131e-03 2.224e-03 -1.000 6.000e-03 -7.786 -7.748 -7.203 -8.445
0.006 -0.40400 7.06001 17.6243515015 2.6300747525   17.046  5.023  3.6788  0.314    6  0.000  0.392     0.00     0.00     0.00     0.00     0.00 -1 -6.34e-07      0.00 6.918e-01 3.022e-01 6.546e-04 1.131e-03 2.224e-03 -1.000 6.000e-03 -7.787 -7.748 -7.201 -8.446
0.006 -0.40400 7.06001 17.6250400543 2.6300749487   17.046  5.023  3.6785  0.312    6  0.000  0.392     0.00     0.00     0.00     0.00     0.00 -1 -6.35e-07      0.00 6.918e-01 3.022e-01 6.546e-04 1.131e-03 2.224e-03 -1.000 6.000e-03 -7.788 -7.747 -7.199 -8.446
0.006 -0.40400 7.06001 17.6256217957 2.6300751145   17.046  5.023  3.6782  0.311    6  0.000  0.392     0.00     0.00     0.00     0.00     0.00 -1 -6.36e-07      0.00 6.918e-01 3.022e-01 6.546e-04 1.131e-03 2.224e-03 -1.000 6.000e-03 -7.788 -7.747 -7.197 -8.447
0.006 -0.40400 7.06001 17.6263542175 2.6300753231   17.046  5.024  3.6778  0.309    6  0.000  0.392     0.00     0.00     0.00     0.00     0.00 -1 -6.37e-07      0.00 6.918e-01 3.022e-01 6.546e-04 1.131e-03 2.224e-03 -1.000 6.000e-03 -7.789 -7.746 -7.195 -8.447
0.006 -0.40400 7.06001 17.6267833710 2.6300754454   17.046  5.024  3.6776  0.308    6  0.000  0.392     0.00     0.00     0.00     0.00     0.00 -1 -6.38e-07      0.00 6.918e-01 3.022e-01 6.546e-04 1.131e-03 2.224e-03 -1.000 6.000e-03 -7.789 -7.746 -7.194 -8.448
0.006 -0.40400 7.06001 17.6272640228 2.6300755823   17.047  5.024  3.6774  0.307    6  0.000  0.392     0.00     0.00     0.00     0.00     0.00 -1 -6.38e-07      0.00 6.918e-01 3.022e-01 6.546e-04 1.131e-03 2.224e-03 -1.000 6.000e-03 -7.790 -7.746 -7.193 -8.448
0.006 -0.40400 7.06001 17.6278343201 2.6300757447   17.047  5.024  3.6771  0.306    6  0.000  0.392     0.00     0.00     0.00     0.00     0.00 -1 -6.39e-07      0.00 6.918e-01 3.022e-01 6.546e-04 1.131e-03 2.224e-03 -1.000 6.000e-03 -7.790 -7.745 -7.191 -8.448
0.006 -0.40400 7.06001 17.6285476685 2.6300759479   17.047  5.024  3.6767  0.304    6  0.000  0.392     0.00     0.00     0.00     0.00     0.00 -1  -6.4e-07      0.00 6.918e-01 3.022e-01 6.547e-04 1.131e-03 2.224e-03 -1.000 6.000e-03 -7.791 -7.745 -7.189 -8.449
0.006 -0.40400 7.06001 17.6292572021 2.6300761500   17.047  5.025  3.6764  0.303    6  0.000  0.392     0.00     0.00     0.00     0.00     0.00 -1 -6.41e-07      0.00 6.918e-01 3.022e-01 6.547e-04 1.131e-03 2.224e-03 -1.000 6.000e-03 -7.792 -7.744 -7.188 -8.449
0.006 -0.40400 7.06001 17.6302471161 2.6300764318   17.048  5.025  3.6759  0.300    6  0.000  0.392     0.00     0.00     0.00     0.00     0.00 -1 -6.43e-07      0.00 6.918e-01 3.022e-01 6.547e-04 1.131e-03 2.224e-03 -1.000 6.000e-03 -7.792 -7.744 -7.185 -8.450
0.006 -0.40400 7.06001 17.6315956116 2.6300768158   17.048  5.025  3.6752  0.297    6  0.000  0.392     0.00     0.00     0.00     0.00     0.00 -1 -6.44e-07      0.00 6.918e-01 3.022e-01 6.547e-04 1.131e-03 2.224e-03 -1.000 6.000e-03 -7.794 -7.743 -7.181 -8.451
0.006 -0.40400 7.06001 17.6325588226 2.6300770900   17.048  5.026  3.6748  0.295    6  0.000  0.392     0.00     0.00     0.00     0.00     0.00 -1 -6.46e-07      0.00 6.918e-01 3.022e-01 6.547e-04 1.131e-03 2.224e-03 -1.000 6.000e-03 -7.795 -7.742 -7.179 -8.452
0.006 -0.40400 7.06001 17.6335964203 2.6300773853   17.049  5.026  3.6743  0.293    6  0.000  0.393     0.00     0.00     0.00     0.00     0.00 -1 -6.47e-07      0.00 6.918e-01 3.022e-01 6.547e-04 1.131e-03 2.224e-03 -1.000 6.000e-03 -7.796 -7.741 -7.176 -8.453
0.006 -0.40400 7.06001 17.6523799896 2.6300827247   17.052  5.039  3.6578  0.214    6  0.000  0.393     0.00     0.00     0.00     0.00     0.00 -1 -7.85e-07      0.00 6.919e-01 3.021e-01 6.550e-04 1.130e-03 2.225e-03 -1.000 6.000e-03 -7.827 -7.705 -7.072 -8.466
0.006 -0.40400 7.06001 17.6639537811 2.6300860081   17.054  5.054  3.6381  0.120    6  0.000  0.393     0.00     0.00     0.00     0.00     0.00 -1 -1.08e-06      0.00 6.919e-01 3.021e-01 6.551e-04 1.129e-03 2.225e-03 -1.000 6.000e-03 -7.865 -7.643 -6.940 -8.452
0.006 -0.40400 7.06001 17.6643447876 2.6300861190   17.054  5.057  3.6358  0.109    6  0.000  0.392     0.00     0.00     0.00     0.00     0.00 -1 -1.09e-06      0.00 6.915e-01 3.025e-01 6.538e-04 1.134e-03 2.222e-03 -1.000 6.000e-03 -7.871 -7.636 -6.925 -8.451
0.006 -0.40400 7.06001 17.6646881104 2.6300862163   17.054  5.058  3.6337  0.098    6  0.000  0.392     0.00     0.00     0.00     0.00     0.00 -1 -1.09e-06      0.00 6.912e-01 3.028e-01 6.525e-04 1.138e-03 2.219e-03 -1.000 6.000e-03 -7.876 -7.628 -6.909 -8.448
0.006 -0.40400 7.06001 17.6649990082 2.6300863044   17.054  5.060  3.6315  0.088    6  0.000  0.392     0.00     0.00     0.00     0.00     0.00 -1 -1.09e-06      0.00 6.908e-01 3.032e-01 6.514e-04 1.142e-03 2.216e-03 -1.000 6.000e-03 -7.880 -7.620 -6.892 -8.445
0.006 -0.40400 7.06001 17.6653404236 2.6300864012   17.054  5.061  3.6288  0.076    6  0.000  0.392     0.00     0.00     0.00     0.00     0.00 -1  -1.1e-06      0.00 6.905e-01 3.035e-01 6.502e-04 1.146e-03 2.213e-03 -1.000 6.000e-03 -7.883 -7.607 -6.870 -8.440
0.006 -0.40400 7.06001 17.6655731201 2.6300864671   17.054  5.062  3.6267  0.067    6  0.000  0.392     0.00     0.00     0.00     0.00     0.00 -1  -1.1e-06      0.00 6.903e-01 3.037e-01 6.494e-04 1.149e-03 2.211e-03 -1.000 6.000e-03 -7.886 -7.597 -6.851 -8.434
0.006 -0.40400 7.06001 17.6658115387 2.6300865347   17.054  5.063  3.6243  0.056    7  0.000  0.392   352.97   159.16   104.05    75.52    63.03  0  -1.1e-06      0.00 6.900e-01 3.040e-01 6.485e-04 1.152e-03 2.208e-03 -1.000 6.000e-03 -7.887 -7.581 -6.824 -8.425
0.006 -0.40400 7.06001 17.6660594940 2.6300866050   17.053  5.064  3.6215  0.044    7  0.000  0.391   359.54   162.63   106.21    77.12    64.37  0 -1.09e-06      0.00 6.898e-01 3.042e-01 6.476e-04 1.155e-03 2.206e-03 -1.000 6.000e-03 -7.889 -7.565 -6.797 -8.417
0.006 -0.40400 7.06001 17.6663169861 2.6300866780   17.054  5.064  3.6181  0.030    7  0.000  0.391   367.40   166.80   108.81    79.04    65.98  0 -1.09e-06      0.00 6.895e-01 3.045e-01 6.467e-04 1.158e-03 2.204e-03 -1.000 6.000e-03 -7.890 -7.544 -6.763 -8.405
0.006 -0.40400 7.06001 17.6664505005 2.6300867158   17.053  5.064  3.6162  0.022    7  0.000  0.391   371.95   169.22   110.32    80.15    66.91  0 -1.08e-06      0.00 6.894e-01 3.046e-01 6.462e-04 1.160e-03 2.203e-03 -1.000 6.000e-03 -7.890 -7.532 -6.742 -8.398
0.006 -0.40400 7.06001 17.6665878296 2.6300867547   17.054  5.064  3.6140  0.014    7  0.000  0.391   376.96   171.89   111.98    81.38    67.93  0 -1.08e-06      0.00 6.892e-01 3.048e-01 6.457e-04 1.162e-03 2.201e-03 -1.000 6.000e-03 -7.890 -7.518 -6.719 -8.390
0.006 -0.40400 7.06001 17.6667289734 2.6300867947   17.054  5.064  3.6116  0.004    7  0.000  0.391   382.48   174.84   113.82    82.73    69.07  0 -1.08e-06      0.00 6.891e-01 3.049e-01 6.452e-04 1.163e-03 2.200e-03 -1.000 6.000e-03 -7.890 -7.502 -6.692 -8.380
0.006 -0.40400 7.06001 17.6668739319 2.6300868358   17.054  5.064  3.6089 -0.006    7  0.000  0.391   388.59   178.11   115.85    84.23    70.32  0 -1.07e-06      0.00 6.889e-01 3.051e-01 6.447e-04 1.165e-03 2.199e-03 -1.000 6.000e-03 -7.889 -7.483 -6.662 -8.368
0.006 -0.40400 7.06001 17.6670207977 2.6300868774   17.054  5.062  3.6060 -0.016    7  0.000  0.391   394.87   181.49   117.95    85.78    71.62  0 -1.05e-06      0.00 6.888e-01 3.052e-01 6.443e-04 1.166e-03 2.198e-03 -1.000 6.000e-03 -7.886 -7.460 -6.627 -8.353
0.006 -0.40400 7.06001 17.6671733856 2.6300869206   17.053  5.061  3.6028 -0.027    7  0.000  0.391   401.66   185.15   120.21    87.46    73.02  0 -1.04e-06      0.00 6.887e-01 3.053e-01 6.439e-04 1.168e-03 2.197e-03 -1.000 6.000e-03 -7.881 -7.434 -6.587 -8.335
0.006 -0.40400 7.06001 17.6673297882 2.6300869650   17.053  5.058  3.5992 -0.039    7  0.000  0.391   409.16   189.20   122.73    89.31    74.57  0 -1.02e-06      0.00 6.886e-01 3.054e-01 6.434e-04 1.169e-03 2.195e-03 -1.000 6.000e-03 -7.875 -7.402 -6.538 -8.312
0.006 -0.40400 7.06001 17.6674919128 2.6300870109   17.054  5.054  3.5950 -0.053    7  0.000  0.391   417.51   193.73   125.53    91.38    76.31  0    -1e-06      0.00 6.884e-01 3.056e-01 6.430e-04 1.171e-03 2.194e-03 -1.000 6.000e-03 -7.866 -7.362 -6.477 -8.284
0.006 -0.40400 7.06001 17.6676597595 2.6300870585   17.054  5.049  3.5906 -0.065    7  0.000  0.391   425.46   198.05   128.21    93.36    77.96  0 -9.72e-07      0.00 6.883e-01 3.057e-01 6.425e-04 1.173e-03 2.193e-03 -1.000 6.000e-03 -7.853 -7.316 -6.409 -8.251
0.006 -0.40400 7.06001 17.6678314209 2.6300871071   17.054  5.041  3.5872 -0.070    7  0.000  0.391   428.99   199.98   129.39    94.24    78.70  0 -9.38e-07      0.00 6.882e-01 3.058e-01 6.421e-04 1.174e-03 2.192e-03 -1.000 6.000e-03 -7.832 -7.267 -6.338 -8.213
0.006 -0.40400 7.06001 17.6679935455 2.6300871530   17.054  5.034  3.5855 -0.070    7  0.000  0.390   428.80   199.87   129.33    94.19    78.66  0 -8.91e-07      0.00 6.880e-01 3.060e-01 6.416e-04 1.176e-03 2.191e-03 -1.000 6.000e-03 -7.814 -7.235 -6.295 -8.187
0.006 -0.40400 7.06001 17.6681575775 2.6300871995   17.053  5.030  3.5843 -0.071    7  0.000  0.390   429.41   200.20   129.53    94.34    78.79  0 -8.56e-07      0.00 6.879e-01 3.061e-01 6.412e-04 1.177e-03 2.190e-03 -1.000 6.000e-03 -7.805 -7.215 -6.267 -8.171
0.006 -0.40400 7.06001 17.6683387756 2.6300872508   17.054  5.032  3.5826 -0.080    7  0.000  0.390   435.46   203.51   131.58    95.86    80.05  0 -8.38e-07      0.00 6.878e-01 3.062e-01 6.407e-04 1.179e-03 2.188e-03 -1.000 6.000e-03 -7.810 -7.205 -6.245 -8.167
0.006 -0.40400 7.06001 17.6685199738 2.6300873022   17.053  5.055  3.5797 -0.115    7  0.000  0.390   459.53   216.74   139.74   101.89    85.11  0 -8.44e-07      0.00 6.876e-01 3.064e-01 6.402e-04 1.181e-03 2.187e-03 -1.000 6.000e-03 -7.868 -7.237 -6.254 -8.211
0.006 -0.40400 7.06001 17.6686286926 2.6300873330   17.054  5.071  3.5782 -0.137    7  0.000  0.389   475.49   225.57   145.17   105.92    88.48  0  -9.4e-07      0.00 6.876e-01 3.064e-01 6.379e-04 1.183e-03 2.186e-03 -1.000 6.000e-03 -7.908 -7.261 -6.262 -8.241
0.006 -0.40400 7.06001 17.6687049866 2.6300873546   17.053  5.079  3.5774 -0.148    7  0.000  0.388   484.01   230.31   148.08   108.08    90.28  0 -1.01e-06      0.00 6.875e-01 3.065e-01 6.363e-04 1.185e-03 2.186e-03 -1.000 6.000e-03 -7.929 -7.273 -6.267 -8.257
0.006 -0.40400 7.06001 17.6688671112 2.6300874005   17.053  5.089  3.5764 -0.161    7  0.000  0.387   494.01   235.89   151.50   110.61    92.41  0 -1.08e-06      0.00 6.874e-01 3.066e-01 6.347e-04 1.188e-03 2.185e-03 -1.000 6.000e-03 -7.952 -7.286 -6.271 -8.274
0.006 -0.40400 7.06001 17.6694755554 2.6300875729   17.053  5.098  3.5754 -0.175    7  0.000  0.386   504.34   241.68   155.05   113.24    94.61  0 -1.15e-06      0.00 6.869e-01 3.071e-01 6.322e-04 1.195e-03 2.181e-03 -1.000 6.000e-03 -7.976 -7.300 -6.275 -8.292
0.006 -0.40400 7.06001 17.6728038788 2.6300885155   17.053  5.119  3.5732 -0.205    7  0.000  0.384   528.03   255.02   163.21   119.30    99.68  0 -1.27e-06      0.00 6.843e-01 3.097e-01 6.213e-04 1.228e-03 2.157e-03 -1.000 6.000e-03 -8.028 -7.328 -6.282 -8.330
0.006 -0.40400 7.06001 17.6746673584 2.6300890431   17.053  5.133  3.5717 -0.225    7  0.000  0.383   544.74   264.49   169.00   123.59   103.28  0 -1.36e-06      0.00 6.828e-01 3.112e-01 6.150e-04 1.249e-03 2.143e-03 -1.000 6.000e-03 -8.063 -7.348 -6.287 -8.356
0.006 -0.40400 7.06001 17.6770648956 2.6300897217   17.052  5.156  3.5694 -0.257    7  0.000  0.382   572.61   280.39   178.69   130.79   109.32  0 -1.52e-06      0.00 6.810e-01 3.129e-01 6.087e-04 1.271e-03 2.127e-03 -1.000 6.042e-03 -8.121 -7.379 -6.294 -8.399
0.006 -0.40400 7.06001 17.6801109314 2.6300905836   17.050  5.193  3.5657 -0.308    7  0.000  0.381   619.33   307.36   195.07   142.98   119.52  0 -1.82e-06      0.00 6.790e-01 3.149e-01 6.025e-04 1.295e-03 2.108e-03 -1.000 6.048e-03 -8.211 -7.425 -6.295 -8.464
0.006 -0.40400 7.06001 17.6834354401 2.6300915239   17.050  5.225  3.5625 -0.353    7  0.000  0.381   664.28   333.63   210.96   154.81   129.44  0 -2.17e-06      0.01 6.768e-01 3.172e-01 5.971e-04 1.317e-03 2.089e-03 -1.000 6.000e-03 -8.293 -7.464 -6.294 -8.520
