Zini MH logAge Mini int_IMF Mass logL logTe logg label McoreTP C_O period0 period1 period2 period3 period4 pmode Mloss tau1m X Y Xc Xn Xo Cexcess Z mbolmag Gmag G_BPmag G_RPmag
0.004 -0.58336 6.94001 0.0900000036 1.0816895926    0.090 -1.912  3.4540  4.072    0  0.000  0.545     0.00     0.00     0.00     0.00     0.00 -1 -4.78e-15      0.00 7.399e-01 2.561e-01 7.193e-04 1.940e-04 1.760e-03 -1.000 4.000e-03 9.550 10.865 12.877 9.546
0.004 -0.58336 6.94001 0.0983605757 1.1572639516    0.098 -1.860  3.4601  4.083    0  0.000  0.545     0.00     0.00     0.00     0.00     0.00 -1 -5.09e-15      0.00 7.399e-01 2.561e-01 7.193e-04 1.940e-04 1.760e-03 -1.000 4.000e-03 9.419 10.674 12.592 9.375
0.004 -0.58336 6.94001 0.1000000015 1.1711064122    0.100 -1.850  3.4613  4.085    0  0.000  0.545     0.00     0.00     0.00     0.00     0.00 -1 -5.16e-15      0.00 7.399e-01 2.561e-01 7.193e-04 1.940e-04 1.760e-03 -1.000 4.000e-03 9.394 10.638 12.541 9.343
0.004 -0.58336 6.94001 0.1199999973 1.3193154249    0.120 -1.743  3.4731  4.104    0  0.000  0.545     0.00     0.00     0.00     0.00     0.00 -1 -5.89e-15      0.00 7.399e-01 2.561e-01 7.193e-04 1.940e-04 1.760e-03 -1.000 4.000e-03 9.127 10.266 12.017 9.006
0.004 -0.58336 6.94001 0.1349905878 1.4107868105    0.135 -1.671  3.4806  4.114    0  0.000  0.545     0.00     0.00     0.00     0.00     0.00 -1 -6.47e-15      0.00 7.399e-01 2.561e-01 7.193e-04 1.940e-04 1.760e-03 -1.000 4.000e-03 8.948 10.021 11.679 8.785
0.004 -0.58336 6.94001 0.1474690884 1.4773969756    0.147 -1.618  3.4862  4.121    0  0.000  0.545     0.00     0.00     0.00     0.00     0.00 -1  -6.9e-15      0.00 7.399e-01 2.561e-01 7.193e-04 1.940e-04 1.760e-03 -1.000 4.000e-03 8.815 9.841 11.433 8.623
0.004 -0.58336 6.94001 0.1535695791 1.5073501890    0.154 -1.594  3.4888  4.125    0  0.000  0.545     0.00     0.00     0.00     0.00     0.00 -1  -7.1e-15      0.00 7.399e-01 2.561e-01 7.193e-04 1.940e-04 1.760e-03 -1.000 4.000e-03 8.755 9.758 11.319 8.549
0.004 -0.58336 6.94001 0.1560584307 1.5191294865    0.156 -1.583  3.4898  4.126    0  0.000  0.545     0.00     0.00     0.00     0.00     0.00 -1 -7.22e-15      0.00 7.399e-01 2.561e-01 7.193e-04 1.940e-04 1.760e-03 -1.000 4.000e-03 8.728 9.723 11.272 8.518
0.004 -0.58336 6.94001 0.1639568657 1.5549514751    0.164 -1.553  3.4929  4.129    0  0.000  0.545     0.00     0.00     0.00     0.00     0.00 -1 -7.58e-15      0.00 7.399e-01 2.561e-01 7.193e-04 1.940e-04 1.760e-03 -1.000 4.000e-03 8.651 9.622 11.139 8.427
0.004 -0.58336 6.94001 0.1781428009 1.6139757547    0.178 -1.502  3.4976  4.133    0  0.000  0.545     0.00     0.00     0.00     0.00     0.00 -1 -8.14e-15      0.00 7.399e-01 2.561e-01 7.193e-04 1.940e-04 1.760e-03 -1.000 4.000e-03 8.525 9.459 10.929 8.278
0.004 -0.58336 6.94001 0.1935933232 1.6716804115    0.194 -1.453  3.5023  4.139    0  0.000  0.545     0.00     0.00     0.00     0.00     0.00 -1 -8.68e-15      0.00 7.399e-01 2.561e-01 7.193e-04 1.940e-04 1.760e-03 -1.000 4.000e-03 8.403 9.302 10.726 8.136
0.004 -0.58336 6.94001 0.2109421641 1.7297333165    0.211 -1.400  3.5077  4.145    0  0.000  0.545     0.00     0.00     0.00     0.00     0.00 -1 -9.32e-15      0.00 7.399e-01 2.561e-01 7.193e-04 1.940e-04 1.760e-03 -1.000 4.000e-03 8.271 9.131 10.504 7.981
0.004 -0.58336 6.94001 0.2302882671 1.7875620338    0.230 -1.344  3.5138  4.152    0  0.000  0.545     0.00     0.00     0.00     0.00     0.00 -1 -1.01e-14      0.00 7.399e-01 2.561e-01 7.193e-04 1.940e-04 1.760e-03 -1.000 4.000e-03 8.131 8.949 10.270 7.819
0.004 -0.58336 6.94001 0.2500000000 1.8403257998    0.250 -1.293  3.5196  4.159    0  0.000  0.545     0.00     0.00     0.00     0.00     0.00 -1 -1.08e-14      0.00 7.399e-01 2.561e-01 7.193e-04 1.940e-04 1.760e-03 -1.000 4.000e-03 8.001 8.780 10.052 7.668
0.004 -0.58336 6.94001 0.2724649012 1.8942308493    0.272 -1.241  3.5245  4.164    0  0.000  0.545     0.00     0.00     0.00     0.00     0.00 -1 -1.16e-14      0.00 7.399e-01 2.561e-01 7.193e-04 1.940e-04 1.760e-03 -1.000 4.000e-03 7.871 8.618 9.852 7.521
0.004 -0.58336 6.94001 0.3000000119 1.9529139769    0.300 -1.182  3.5300  4.169    0  0.000  0.545     0.00     0.00     0.00     0.00     0.00 -1 -1.26e-14      0.00 7.399e-01 2.561e-01 7.193e-04 1.940e-04 1.760e-03 -1.000 4.000e-03 7.726 8.437 9.628 7.357
0.004 -0.58336 6.94001 0.3172521293 1.9862266030    0.317 -1.149  3.5334  4.174    0  0.000  0.545     0.00     0.00     0.00     0.00     0.00 -1 -1.31e-14      0.00 7.399e-01 2.561e-01 7.193e-04 1.940e-04 1.760e-03 -1.000 4.000e-03 7.644 8.334 9.501 7.264
0.004 -0.58336 6.94001 0.3499999642 2.0434174156    0.350 -1.090  3.5395  4.182    0  0.000  0.545     0.00     0.00     0.00     0.00     0.00 -1 -1.42e-14      0.00 7.399e-01 2.561e-01 7.193e-04 1.940e-04 1.760e-03 -1.000 4.000e-03 7.494 8.148 9.273 7.096
0.004 -0.58336 6.94001 0.3652098477 2.0676644710    0.365 -1.064  3.5423  4.186    0  0.000  0.545     0.00     0.00     0.00     0.00     0.00 -1 -1.46e-14      0.00 7.399e-01 2.561e-01 7.193e-04 1.940e-04 1.760e-03 -1.000 4.000e-03 7.431 8.069 9.176 7.026
0.004 -0.58336 6.94001 0.3999999762 2.1185023988    0.400 -1.009  3.5483  4.195    0  0.000  0.545     0.00     0.00     0.00     0.00     0.00 -1 -1.57e-14      0.00 7.399e-01 2.561e-01 7.193e-04 1.940e-04 1.760e-03 -1.000 4.000e-03 7.294 7.897 8.965 6.871
0.004 -0.58336 6.94001 0.4182830155 2.1429693920    0.418 -0.982  3.5515  4.200    0  0.000  0.545     0.00     0.00     0.00     0.00     0.00 -1 -1.63e-14      0.00 7.399e-01 2.561e-01 7.193e-04 1.940e-04 1.760e-03 -1.000 4.000e-03 7.226 7.811 8.860 6.795
0.004 -0.58336 6.94001 0.4499999881 2.1822809009    0.450 -0.938  3.5568  4.208    0  0.000  0.545     0.00     0.00     0.00     0.00     0.00 -1 -1.72e-14      0.00 7.399e-01 2.561e-01 7.193e-04 1.940e-04 1.760e-03 -1.000 4.000e-03 7.114 7.670 8.688 6.669
0.004 -0.58336 6.94001 0.4696940184 2.2049219330    0.470 -0.911  3.5605  4.215    0  0.000  0.545     0.00     0.00     0.00     0.00     0.00 -1 -1.78e-14      0.00 7.399e-01 2.561e-01 7.193e-04 1.940e-04 1.760e-03 -1.000 4.000e-03 7.048 7.584 8.580 6.594
0.004 -0.58336 6.94001 0.4999999702 2.2374541023    0.500 -0.871  3.5660  4.224    0  0.000  0.545     0.00     0.00     0.00     0.00     0.00 -1 -1.87e-14      0.00 7.399e-01 2.561e-01 7.193e-04 1.940e-04 1.760e-03 -1.000 4.000e-03 6.947 7.454 8.420 6.480
0.004 -0.58336 6.94001 0.5085898638 2.2461373819    0.509 -0.861  3.5677  4.228    0  0.000  0.545     0.00     0.00     0.00     0.00     0.00 -1 -1.89e-14      0.00 7.399e-01 2.561e-01 7.193e-04 1.940e-04 1.760e-03 -1.000 4.000e-03 6.922 7.420 8.377 6.450
0.004 -0.58336 6.94001 0.5328615308 2.2689422243    0.533 -0.830  3.5721  4.235    0  0.000  0.545     0.00     0.00     0.00     0.00     0.00 -1 -1.97e-14      0.00 7.399e-01 2.561e-01 7.193e-04 1.940e-04 1.760e-03 -1.000 4.000e-03 6.845 7.321 8.255 6.364
0.004 -0.58336 6.94001 0.5500000119 2.2836582633    0.550 -0.808  3.5749  4.238    0  0.000  0.545     0.00     0.00     0.00     0.00     0.00 -1 -2.03e-14      0.00 7.399e-01 2.561e-01 7.193e-04 1.940e-04 1.760e-03 -1.000 4.000e-03 6.790 7.253 8.174 6.303
0.004 -0.58336 6.94001 0.5623919368 2.2936585542    0.562 -0.793  3.5774  4.243    0  0.000  0.545     0.00     0.00     0.00     0.00     0.00 -1 -2.06e-14      0.00 7.399e-01 2.561e-01 7.193e-04 1.940e-04 1.760e-03 -1.000 4.000e-03 6.753 7.205 8.114 6.261
0.004 -0.58336 6.94001 0.5972554088 2.3192512752    0.597 -0.748  3.5840  4.251    0  0.000  0.545     0.00     0.00     0.00     0.00     0.00 -1  -2.2e-14      0.00 7.399e-01 2.561e-01 7.193e-04 1.940e-04 1.760e-03 -1.000 4.000e-03 6.641 7.064 7.942 6.137
0.004 -0.58336 6.94001 0.5999999642 2.3211212854    0.600 -0.745  3.5846  4.251    0  0.000  0.545     0.00     0.00     0.00     0.00     0.00 -1 -2.21e-14      0.00 7.399e-01 2.561e-01 7.193e-04 1.940e-04 1.760e-03 -1.000 4.000e-03 6.631 7.052 7.928 6.127
0.004 -0.58336 6.94001 0.6289855838 2.3397305577    0.629 -0.706  3.5912  4.259    0  0.000  0.545     0.00     0.00     0.00     0.00     0.00 -1 -2.34e-14      0.00 7.399e-01 2.561e-01 7.193e-04 1.940e-04 1.760e-03 -1.000 4.000e-03 6.534 6.927 7.773 6.019
0.004 -0.58336 6.94001 0.6499999166 2.3520352771    0.650 -0.678  3.5956  4.263    0  0.000  0.545     0.00     0.00     0.00     0.00     0.00 -1 -2.45e-14      0.00 7.399e-01 2.561e-01 7.193e-04 1.940e-04 1.760e-03 -1.000 4.000e-03 6.464 6.840 7.668 5.943
0.004 -0.58336 6.94001 0.6552671194 2.3549775242    0.655 -0.671  3.5970  4.265    0  0.000  0.545     0.00     0.00     0.00     0.00     0.00 -1 -2.47e-14      0.00 7.399e-01 2.561e-01 7.193e-04 1.940e-04 1.760e-03 -1.000 4.000e-03 6.447 6.817 7.639 5.923
0.004 -0.58336 6.94001 0.6974778175 2.3767225446    0.698 -0.610  3.6077  4.275    0  0.000  0.545     0.00     0.00     0.00     0.00     0.00 -1 -2.72e-14      0.00 7.399e-01 2.561e-01 7.193e-04 1.940e-04 1.760e-03 -1.000 4.000e-03 6.296 6.627 7.405 5.760
0.004 -0.58336 6.94001 0.6999999881 2.3779266974    0.700 -0.605  3.6085  4.275    0  0.000  0.545     0.00     0.00     0.00     0.00     0.00 -1 -2.75e-14      0.00 7.399e-01 2.561e-01 7.193e-04 1.940e-04 1.760e-03 -1.000 4.000e-03 6.284 6.612 7.387 5.746
0.004 -0.58336 6.94001 0.7477272749 2.3989636747    0.748 -0.476  3.6477  4.331    0  0.000  0.538     0.00     0.00     0.00     0.00     0.00 -1 -3.36e-14      0.00 7.399e-01 2.561e-01 7.102e-04 1.938e-04 1.760e-03 -1.000 4.000e-03 5.961 6.129 6.741 5.374
0.004 -0.58336 6.94001 0.7909887433 2.4155316684    0.791 -0.420  3.6557  4.331    0  0.000  0.538     0.00     0.00     0.00     0.00     0.00 -1 -3.72e-14      0.00 7.399e-01 2.561e-01 7.098e-04 1.938e-04 1.760e-03 -1.000 4.000e-03 5.820 5.954 6.535 5.223
0.004 -0.58336 6.94001 0.7954545617 2.4171243451    0.795 -0.413  3.6566  4.330    0  0.000  0.538     0.00     0.00     0.00     0.00     0.00 -1 -3.77e-14      0.00 7.399e-01 2.561e-01 7.098e-04 1.938e-04 1.760e-03 -1.000 4.000e-03 5.802 5.932 6.509 5.204
0.004 -0.58336 6.94001 0.8431818485 2.4329412586    0.843 -0.334  3.6681  4.322    0  0.000  0.538     0.00     0.00     0.00     0.00     0.00 -1 -4.41e-14      0.00 7.399e-01 2.561e-01 7.098e-04 1.938e-04 1.760e-03 -1.000 4.000e-03 5.605 5.694 6.232 4.997
0.004 -0.58336 6.94001 0.8809859753 2.4440808477    0.880 -0.277  3.6778  4.323    0  0.000  0.538     0.00     0.00     0.00     0.00     0.00 -1 -4.91e-14      0.00 7.399e-01 2.561e-01 7.098e-04 1.938e-04 1.760e-03 -1.000 4.000e-03 5.464 5.522 6.030 4.850
0.004 -0.58336 6.94001 0.8909090757 2.4468253017    0.890 -0.258  3.6809  4.321    0  0.000  0.538     0.00     0.00     0.00     0.00     0.00 -1 -5.11e-14      0.00 7.399e-01 2.561e-01 7.098e-04 1.938e-04 1.760e-03 -1.000 4.000e-03 5.416 5.464 5.963 4.800
0.004 -0.58336 6.94001 0.9301721454 2.4570271997    0.929 -0.186  3.6929  4.316    0  0.000  0.538     0.00     0.00     0.00     0.00     0.00 -1 -5.92e-14      0.00 7.399e-01 2.561e-01 7.098e-04 1.938e-04 1.760e-03 -1.000 4.000e-03 5.235 5.248 5.713 4.612
0.004 -0.58336 6.94001 0.9386363626 2.4590982838    0.938 -0.170  3.6956  4.314    0  0.000  0.538     0.00     0.00     0.00     0.00     0.00 -1 -6.12e-14      0.00 7.399e-01 2.561e-01 7.098e-04 1.938e-04 1.760e-03 -1.000 4.000e-03 5.194 5.201 5.659 4.572
0.004 -0.58336 6.94001 0.9737878442 2.4672581729    0.973 -0.103  3.7066  4.308    0  0.000  0.538     0.00     0.00     0.00     0.00     0.00 -1 -7.06e-14      0.00 7.399e-01 2.561e-01 7.098e-04 1.938e-04 1.760e-03 -1.000 4.000e-03 5.027 5.010 5.441 4.406
0.004 -0.58336 6.94001 0.9863637090 2.4700155298    0.986 -0.077  3.7108  4.304    0  0.000  0.538     0.00     0.00     0.00     0.00     0.00 -1 -7.47e-14      0.00 7.399e-01 2.561e-01 7.098e-04 1.938e-04 1.760e-03 -1.000 4.000e-03 4.963 4.937 5.357 4.342
0.004 -0.58336 6.94001 1.0191318989 2.4768340152    1.019 -0.011  3.7215  4.295    0  0.000  0.538     0.00     0.00     0.00     0.00     0.00 -1 -8.35e-14      0.00 7.399e-01 2.561e-01 7.098e-04 1.938e-04 1.760e-03 -1.000 4.000e-03 4.797 4.753 5.149 4.181
0.004 -0.58336 6.94001 1.0340908766 2.4797820107    1.034  0.021  3.7265  4.289    0  0.000  0.538     0.00     0.00     0.00     0.00     0.00 -1 -8.82e-14      0.00 7.399e-01 2.561e-01 7.098e-04 1.938e-04 1.760e-03 -1.000 4.000e-03 4.717 4.667 5.052 4.105
0.004 -0.58336 6.94001 1.0402308702 2.4809638445    1.040  0.034  3.7285  4.287    0  0.000  0.538     0.00     0.00     0.00     0.00     0.00 -1 -8.99e-14      0.00 7.399e-01 2.561e-01 7.098e-04 1.938e-04 1.760e-03 -1.000 4.000e-03 4.685 4.632 5.013 4.074
0.004 -0.58336 6.94001 1.0804685354 2.4883280744    1.079  0.125  3.7419  4.266    0  0.000  0.538     0.00     0.00     0.00     0.00     0.00 -1 -1.04e-13      0.00 7.399e-01 2.561e-01 7.098e-04 1.938e-04 1.760e-03 -1.000 4.000e-03 4.459 4.390 4.743 3.861
0.004 -0.58336 6.94001 1.0818182230 2.4885641938    1.081  0.128  3.7424  4.266    0  0.000  0.538     0.00     0.00     0.00     0.00     0.00 -1 -1.05e-13      0.00 7.399e-01 2.561e-01 7.098e-04 1.938e-04 1.760e-03 -1.000 4.000e-03 4.451 4.382 4.734 3.853
0.004 -0.58336 6.94001 1.1003959179 2.4917466792    1.099  0.172  3.7485  4.254    0  0.000  0.538     0.00     0.00     0.00     0.00     0.00 -1 -1.13e-13      0.00 7.399e-01 2.561e-01 7.098e-04 1.938e-04 1.760e-03 -1.000 4.000e-03 4.341 4.267 4.606 3.752
0.004 -0.58336 6.94001 1.1250835657 2.4957893816    1.124  0.234  3.7568  4.234    0  0.000  0.538     0.00     0.00     0.00     0.00     0.00 -1 -1.27e-13      0.00 7.399e-01 2.561e-01 7.098e-04 1.938e-04 1.760e-03 -1.000 4.000e-03 4.185 4.106 4.429 3.609
0.004 -0.58336 6.94001 1.1295454502 2.4964983821    1.129  0.245  3.7583  4.230    0  0.000  0.538     0.00     0.00     0.00     0.00     0.00 -1 -1.29e-13      0.00 7.399e-01 2.561e-01 7.098e-04 1.938e-04 1.760e-03 -1.000 4.000e-03 4.157 4.076 4.396 3.582
0.004 -0.58336 6.94001 1.1312620640 2.4967694420    1.130  0.250  3.7589  4.229    0  0.000  0.538     0.00     0.00     0.00     0.00     0.00 -1  -1.3e-13      0.00 7.399e-01 2.561e-01 7.098e-04 1.938e-04 1.760e-03 -1.000 4.000e-03 4.145 4.065 4.383 3.572
0.004 -0.58336 6.94001 1.1604653597 2.5012398277    1.160  0.331  3.7687  4.198    0  0.000  0.538     0.00     0.00     0.00     0.00     0.00 -1 -1.52e-13      0.00 7.399e-01 2.561e-01 7.098e-04 1.938e-04 1.760e-03 -1.000 4.000e-03 3.942 3.858 4.157 3.386
0.004 -0.58336 6.94001 1.1772727966 2.5036973537    1.176  0.381  3.7744  4.177    0  0.000  0.538     0.00     0.00     0.00     0.00     0.00 -1 -1.68e-13      0.00 7.399e-01 2.561e-01 7.098e-04 1.938e-04 1.760e-03 -1.000 4.000e-03 3.818 3.732 4.021 3.274
0.004 -0.58336 6.94001 1.1951849461 2.5062291060    1.194  0.436  3.7805  4.153    0  0.000  0.538     0.00     0.00     0.00     0.00     0.00 -1 -1.88e-13      0.00 7.399e-01 2.561e-01 7.098e-04 1.938e-04 1.760e-03 -1.000 4.000e-03 3.680 3.593 3.870 3.148
0.004 -0.58336 6.94001 1.2180761099 2.5093402931    1.217  0.508  3.7885  4.121    0  0.000  0.538     0.00     0.00     0.00     0.00     0.00 -1 -2.18e-13      0.00 7.400e-01 2.560e-01 7.098e-04 1.938e-04 1.760e-03 -1.000 4.000e-03 3.499 3.412 3.674 2.985
0.004 -0.58336 6.94001 1.2250000238 2.5102550374    1.224  0.530  3.7910  4.112    0  0.000  0.538     0.00     0.00     0.00     0.00     0.00 -1 -2.28e-13      0.00 7.400e-01 2.560e-01 7.098e-04 1.938e-04 1.760e-03 -1.000 4.000e-03 3.445 3.357 3.614 2.936
0.004 -0.58336 6.94001 1.2460525036 2.5129646881    1.246  0.594  3.7988  4.087    0  0.000  0.538     0.00     0.00     0.00     0.00     0.00 -1 -2.57e-13      0.00 7.400e-01 2.560e-01 7.098e-04 1.938e-04 1.760e-03 -1.000 4.000e-03 3.285 3.198 3.441 2.795
0.004 -0.58336 6.94001 1.2701815367 2.5159436283    1.270  0.663  3.8087  4.066    0  0.000  0.538     0.00     0.00     0.00     0.00     0.00 -1  -2.9e-13      0.00 7.400e-01 2.560e-01 7.097e-04 1.938e-04 1.760e-03 -1.000 4.000e-03 3.113 3.027 3.252 2.646
0.004 -0.58336 6.94001 1.2727272511 2.5162503525    1.272  0.670  3.8099  4.064    0  0.000  0.538     0.00     0.00     0.00     0.00     0.00 -1 -2.93e-13      0.00 7.400e-01 2.560e-01 7.097e-04 1.938e-04 1.760e-03 -1.000 4.000e-03 3.096 3.010 3.232 2.632
0.004 -0.58336 6.94001 1.2860038280 2.5178273934    1.286  0.705  3.8160  4.058    0  0.000  0.538     0.00     0.00     0.00     0.00     0.00 -1 -3.09e-13      0.00 7.400e-01 2.560e-01 7.097e-04 1.938e-04 1.760e-03 -1.000 4.000e-03 3.008 2.922 3.134 2.558
0.004 -0.58336 6.94001 1.3085610867 2.5204226370    1.308  0.761  3.8279  4.058    0  0.000  0.538     0.00     0.00     0.00     0.00     0.00 -1  -3.3e-13      0.00 7.400e-01 2.560e-01 7.097e-04 1.938e-04 1.760e-03 -1.000 4.000e-03 2.868 2.783 2.977 2.447
0.004 -0.58336 6.94001 1.3204547167 2.5217500316    1.320  0.788  3.8352  4.064    0  0.000  0.538     0.00     0.00     0.00     0.00     0.00 -1 -3.37e-13      0.00 7.400e-01 2.560e-01 7.097e-04 1.938e-04 1.760e-03 -1.000 4.000e-03 2.801 2.718 2.900 2.397
0.004 -0.58336 6.94001 1.3371872902 2.5235715826    1.337  0.823  3.8473  4.083    0  0.000  0.538     0.00     0.00     0.00     0.00     0.00 -1 -3.39e-13      0.00 7.400e-01 2.560e-01 7.097e-04 1.938e-04 1.760e-03 -1.000 4.000e-03 2.714 2.633 2.797 2.341
0.004 -0.58336 6.94001 1.3566540480 2.5256258899    1.357  0.856  3.8634  4.120    0  0.000  0.538     0.00     0.00     0.00     0.00     0.00 -1  -3.3e-13      0.00 7.400e-01 2.560e-01 7.097e-04 1.938e-04 1.760e-03 -1.000 4.000e-03 2.631 2.556 2.696 2.301
0.004 -0.58336 6.94001 1.3615000248 2.5261267903    1.361  0.863  3.8676  4.131    0  0.000  0.538     0.00     0.00     0.00     0.00     0.00 -1 -3.27e-13      0.00 7.400e-01 2.560e-01 7.097e-04 1.938e-04 1.760e-03 -1.000 4.000e-03 2.612 2.539 2.673 2.294
0.004 -0.58336 6.94001 1.3681819439 2.5268107737    1.368  0.871  3.8730  4.147    0  0.000  0.538     0.00     0.00     0.00     0.00     0.00 -1  -3.2e-13      0.00 7.400e-01 2.560e-01 7.097e-04 1.938e-04 1.760e-03 -1.000 4.000e-03 2.592 2.522 2.648 2.290
0.004 -0.58336 6.94001 1.3719457388 2.5271926765    1.372  0.875  3.8762  4.157    0  0.000  0.538     0.00     0.00     0.00     0.00     0.00 -1 -3.16e-13      0.00 7.400e-01 2.560e-01 7.097e-04 1.938e-04 1.760e-03 -1.000 4.000e-03 2.581 2.513 2.635 2.288
0.004 -0.58336 6.94001 1.3996348381 2.5299297667    1.400  0.897  3.8964  4.225    0  0.000  0.538     0.00     0.00     0.00     0.00     0.00 -1 -2.78e-13      0.00 7.400e-01 2.560e-01 7.097e-04 1.938e-04 1.760e-03 -1.000 4.000e-03 2.528 2.476 2.569 2.299
0.004 -0.58336 6.94001 1.4159091711 2.5314811780    1.416  0.899  3.9043  4.260    0  0.000  0.538     0.00     0.00     0.00     0.00     0.00 -1 -2.53e-13      0.00 7.400e-01 2.560e-01 7.097e-04 1.938e-04 1.760e-03 -1.000 4.000e-03 2.523 2.479 2.563 2.321
0.004 -0.58336 6.94001 1.4385660887 2.5335739586    1.439  0.897  3.9138  4.306    0  0.000  0.538     0.00     0.00     0.00     0.00     0.00 -1 -2.18e-13      0.00 7.400e-01 2.560e-01 7.097e-04 1.938e-04 1.760e-03 -1.000 4.000e-03 2.527 2.496 2.567 2.359
0.004 -0.58336 6.94001 1.4636363983 2.5358030388    1.464  0.892  3.9207  4.346    0  0.000  0.538     0.00     0.00     0.00     0.00     0.00 -1 -1.85e-13      0.00 7.400e-01 2.560e-01 7.097e-04 1.938e-04 1.760e-03 -1.000 4.000e-03 2.540 2.520 2.583 2.399
0.004 -0.58336 6.94001 1.4788316488 2.5371118717    1.479  0.892  3.9243  4.365    0  0.000  0.538     0.00     0.00     0.00     0.00     0.00 -1 -1.67e-13      0.00 7.400e-01 2.560e-01 7.097e-04 1.938e-04 1.760e-03 -1.000 4.000e-03 2.540 2.527 2.586 2.414
0.004 -0.58336 6.94001 1.5113636255 2.5398125027    1.511  0.920  3.9347  4.388    0  0.000  0.538     0.00     0.00     0.00     0.00     0.00 -1 -1.47e-13      0.00 7.400e-01 2.560e-01 7.097e-04 1.938e-04 1.760e-03 -1.000 4.000e-03 2.470 2.479 2.526 2.389
0.004 -0.58336 6.94001 1.5223420858 2.5406939745    1.522  0.928  3.9383  4.398    0  0.000  0.538     0.00     0.00     0.00     0.00     0.00 -1 -1.38e-13      0.00 7.400e-01 2.560e-01 7.097e-04 1.938e-04 1.760e-03 -1.000 4.000e-03 2.451 2.469 2.512 2.387
0.004 -0.58336 6.94001 1.5590909719 2.5435409894    1.559  0.967  3.9515  4.422    0  0.000  0.538     0.00     0.00     0.00     0.00     0.00 -1 -1.15e-13      0.00 7.400e-01 2.560e-01 7.097e-04 1.938e-04 1.760e-03 -1.000 4.000e-03 2.353 2.409 2.439 2.353
0.004 -0.58336 6.94001 1.6068181992 2.5470158979    1.606  1.025  3.9698  4.450    0  0.000  0.538     0.00     0.00     0.00     0.00     0.00 -1 -8.18e-14      0.00 7.400e-01 2.560e-01 7.096e-04 1.938e-04 1.760e-03 -1.000 4.000e-03 2.207 2.326 2.340 2.299
0.004 -0.58336 6.94001 1.6263442039 2.5483701167    1.626  1.046  3.9768  4.462    0  0.000  0.538     0.00     0.00     0.00     0.00     0.00 -1 -1.55e-14      0.00 7.400e-01 2.560e-01 7.096e-04 1.938e-04 1.760e-03 -1.000 4.000e-03 2.155 2.301 2.311 2.284
0.004 -0.58336 6.94001 1.6498190165 2.5499495030    1.649  1.069  3.9827  4.469    0  0.000  0.538     0.00     0.00     0.00     0.00     0.00 -1 -2.16e-15      0.00 7.400e-01 2.560e-01 7.096e-04 1.938e-04 1.760e-03 -1.000 4.000e-03 2.097 2.268 2.273 2.258
0.004 -0.58336 6.94001 1.6545455456 2.5502612770    1.654  1.074  3.9838  4.470    0  0.000  0.538     0.00     0.00     0.00     0.00     0.00 -1 -1.46e-15      0.00 7.400e-01 2.560e-01 7.096e-04 1.938e-04 1.760e-03 -1.000 4.000e-03 2.085 2.260 2.265 2.253
0.004 -0.58336 6.94001 1.6588368416 2.5505425729    1.658  1.078  3.9849  4.471    0  0.000  0.538     0.00     0.00     0.00     0.00     0.00 -1 -6.06e-17      0.00 7.400e-01 2.560e-01 7.096e-04 1.938e-04 1.760e-03 -1.000 3.999e-03 2.075 2.255 2.259 2.248
0.004 -0.58336 6.94001 1.7022727728 2.5532982573    1.701  1.117  3.9949  4.483    0  0.000  0.538     0.00     0.00     0.00     0.00     0.00 -1    -1e-30      0.00 7.400e-01 2.560e-01 7.096e-04 1.938e-04 1.760e-03 -1.000 3.957e-03 1.977 2.199 2.197 2.205
0.004 -0.58336 6.94001 1.7500000000 2.5561455243    1.749  1.156  4.0051  4.497    0  0.000  0.538     0.00     0.00     0.00     0.00     0.00 -1    -1e-30      0.00 7.400e-01 2.560e-01 7.096e-04 1.937e-04 1.760e-03 -1.000 4.000e-03 1.879 2.148 2.140 2.164
0.004 -0.58336 6.94001 1.7662519217 2.5570747715    1.765  1.169  4.0083  4.501    0  0.000  0.538     0.00     0.00     0.00     0.00     0.00 -1    -1e-30      0.00 7.400e-01 2.560e-01 7.096e-04 1.937e-04 1.760e-03 -1.000 4.000e-03 1.847 2.130 2.121 2.150
0.004 -0.58336 6.94001 1.7999999523 2.5589429085    1.799  1.202  4.0152  4.504    0  0.000  0.538     0.00     0.00     0.00     0.00     0.00 -1    -1e-30      0.00 7.400e-01 2.560e-01 7.096e-04 1.938e-04 1.760e-03 -1.000 4.000e-03 1.765 2.082 2.069 2.108
0.004 -0.58336 6.94001 1.8500000238 2.5615671203    1.849  1.249  4.0251  4.508    0  0.000  0.538     0.00     0.00     0.00     0.00     0.00 -1    -1e-30      0.00 7.400e-01 2.560e-01 7.096e-04 1.938e-04 1.760e-03 -1.000 4.000e-03 1.647 2.012 1.994 2.047
0.004 -0.58336 6.94001 1.8999999762 2.5640331260    1.899  1.295  4.0347  4.512    0  0.000  0.538     0.00     0.00     0.00     0.00     0.00 -1    -1e-30      0.00 7.400e-01 2.560e-01 7.095e-04 1.938e-04 1.760e-03 -1.000 4.000e-03 1.532 1.944 1.922 1.987
0.004 -0.58336 6.94001 1.9500000477 2.5663542714    1.950  1.339  4.0436  4.515    0  0.000  0.538     0.00     0.00     0.00     0.00     0.00 -1    -1e-30      0.00 7.400e-01 2.560e-01 7.095e-04 1.938e-04 1.760e-03 -1.000 3.995e-03 1.423 1.881 1.855 1.931
0.004 -0.58336 6.94001 2.0000000000 2.5685424513    2.000  1.382  4.0522  4.518    0  0.000  0.538     0.00     0.00     0.00     0.00     0.00 -1    -1e-30      0.00 7.401e-01 2.559e-01 7.095e-04 1.938e-04 1.760e-03 -1.000 4.000e-03 1.316 1.819 1.790 1.875
0.004 -0.58336 6.94001 2.0499999523 2.5706083333    2.050  1.423  4.0605  4.520    0  0.000  0.538     0.00     0.00     0.00     0.00     0.00 -1    -1e-30      0.00 7.401e-01 2.559e-01 7.095e-04 1.938e-04 1.760e-03 -1.000 4.000e-03 1.212 1.759 1.726 1.821
0.004 -0.58336 6.94001 2.0999999046 2.5725614918    2.099  1.464  4.0684  4.522    0  0.000  0.538     0.00     0.00     0.00     0.00     0.00 -1    -1e-30      0.00 7.401e-01 2.559e-01 7.094e-04 1.938e-04 1.760e-03 -1.000 3.988e-03 1.111 1.700 1.664 1.767
0.004 -0.58336 6.94001 2.1500000954 2.5744105556    2.149  1.503  4.0762  4.524    0  0.000  0.538     0.00     0.00     0.00     0.00     0.00 -1    -1e-30      0.00 7.401e-01 2.559e-01 7.095e-04 1.937e-04 1.760e-03 -1.000 3.998e-03 1.012 1.643 1.604 1.715
0.004 -0.58336 6.94001 2.2000000477 2.5761632879    2.199  1.540  4.0832  4.525    0  0.000  0.538     0.00     0.00     0.00     0.00     0.00 -1    -1e-30      0.00 7.401e-01 2.559e-01 7.095e-04 1.937e-04 1.760e-03 -1.000 4.000e-03 0.920 1.588 1.548 1.665
0.004 -0.58336 6.94001 2.2500000000 2.5778267375    2.249  1.577  4.0902  4.525    0  0.000  0.538     0.00     0.00     0.00     0.00     0.00 -1    -1e-30      0.00 7.401e-01 2.559e-01 7.095e-04 1.937e-04 1.760e-03 -1.000 4.000e-03 0.827 1.534 1.491 1.615
0.004 -0.58336 6.94001 2.2999999523 2.5794072884    2.299  1.613  4.0968  4.526    0  0.000  0.538     0.00     0.00     0.00     0.00     0.00 -1    -1e-30      0.00 7.401e-01 2.559e-01 7.095e-04 1.937e-04 1.759e-03 -1.000 4.000e-03 0.738 1.482 1.437 1.567
0.004 -0.58336 6.94001 2.3499999046 2.5809107422    2.349  1.648  4.1031  4.526    0  0.000  0.538     0.00     0.00     0.00     0.00     0.00 -1    -1e-30      0.00 7.401e-01 2.559e-01 7.094e-04 1.937e-04 1.759e-03 -1.000 4.000e-03 0.651 1.430 1.382 1.518
0.004 -0.58336 6.94001 2.4000000954 2.5823423892    2.399  1.682  4.1096  4.526    0  0.000  0.538     0.00     0.00     0.00     0.00     0.00 -1    -1e-30      0.00 7.401e-01 2.559e-01 7.094e-04 1.937e-04 1.759e-03 -1.000 3.994e-03 0.564 1.378 1.329 1.471
0.004 -0.58336 6.94001 2.5999999046 2.5874412955    2.600  1.810  4.1320  4.523    1  0.000  0.537     0.00     0.00     0.00     0.00     0.00 -1    -1e-30      0.00 7.400e-01 2.560e-01 7.099e-04 1.938e-04 1.761e-03 -1.000 4.000e-03 0.245 1.186 1.130 1.292
0.004 -0.58336 6.94001 2.7999999523 2.5917117820    2.800  1.927  4.1515  4.516    1  0.000  0.537     0.00     0.00     0.00     0.00     0.00 -1    -1e-30      0.00 7.400e-01 2.560e-01 7.099e-04 1.938e-04 1.761e-03 -1.000 4.000e-03 -0.049 1.004 0.942 1.121
0.004 -0.58336 6.94001 3.0000000000 2.5953341962    3.000  2.037  4.1693  4.508    1  0.000  0.537     0.00     0.00     0.00     0.00     0.00 -1    -1e-30      0.00 7.400e-01 2.560e-01 7.099e-04 1.938e-04 1.761e-03 -1.000 4.000e-03 -0.322 0.835 0.767 0.961
0.004 -0.58336 6.94001 3.2000000477 2.5984409005    3.199  2.139  4.1873  4.506    0  0.000  0.537     0.00     0.00     0.00     0.00     0.00 -1    -1e-30      0.00 7.400e-01 2.560e-01 7.099e-04 1.938e-04 1.761e-03 -1.000 4.000e-03 -0.577 0.685 0.612 0.822
0.004 -0.58336 6.94001 3.4000000954 2.6011310876    3.398  2.233  4.2028  4.499    1  0.000  0.537     0.00     0.00     0.00     0.00     0.00 -1    -1e-30      0.00 7.400e-01 2.560e-01 7.099e-04 1.938e-04 1.761e-03 -1.000 4.000e-03 -0.814 0.540 0.462 0.685
0.004 -0.58336 6.94001 3.5999999046 2.6034804580    3.598  2.322  4.2147  4.483    1  0.000  0.537     0.00     0.00     0.00     0.00     0.00 -1    -1e-30      0.00 7.400e-01 2.560e-01 7.099e-04 1.938e-04 1.761e-03 -1.000 4.000e-03 -1.034 0.389 0.308 0.541
0.004 -0.58336 6.94001 3.7461292744 2.6050158491    3.744  2.383  4.2239  4.476    1  0.000  0.537     0.00     0.00     0.00     0.00     0.00 -1    -1e-30      0.00 7.400e-01 2.560e-01 7.099e-04 1.938e-04 1.761e-03 -1.000 4.000e-03 -1.188 0.290 0.206 0.447
0.004 -0.58336 6.94001 3.7999999523 2.6055477288    3.798  2.405  4.2273  4.473    1  0.000  0.537     0.00     0.00     0.00     0.00     0.00 -1    -1e-30      0.00 7.400e-01 2.560e-01 7.099e-04 1.938e-04 1.761e-03 -1.000 4.000e-03 -1.243 0.255 0.170 0.414
0.004 -0.58336 6.94001 4.0000000000 2.6073790840    4.001  2.485  4.2413  4.472    1  0.000  0.537     0.00     0.00     0.00     0.00     0.00 -1    -1e-30      0.00 7.400e-01 2.560e-01 7.099e-04 1.938e-04 1.761e-03 -1.000 4.000e-03 -1.443 0.138 0.049 0.305
0.004 -0.58336 6.94001 4.1999998093 2.6090113217    4.198  2.560  4.2530  4.465    1  0.000  0.537     0.00     0.00     0.00     0.00     0.00 -1    -1e-30      0.00 7.400e-01 2.560e-01 7.099e-04 1.938e-04 1.761e-03 -1.000 4.000e-03 -1.631 0.020 -0.072 0.193
0.004 -0.58336 6.94001 4.4000000954 2.6104741055    4.397  2.631  4.2625  4.452    1  0.000  0.537     0.00     0.00     0.00     0.00     0.00 -1    -1e-30      0.00 7.400e-01 2.560e-01 7.099e-04 1.938e-04 1.761e-03 -1.000 4.000e-03 -1.808 -0.101 -0.196 0.077
0.004 -0.58336 6.94001 4.5999999046 2.6117915791    4.597  2.699  4.2729  4.445    1  0.000  0.537     0.00     0.00     0.00     0.00     0.00 -1    -1e-30      0.00 7.400e-01 2.560e-01 7.099e-04 1.938e-04 1.761e-03 -1.000 4.000e-03 -1.978 -0.210 -0.308 -0.026
0.004 -0.58336 6.94001 4.6867852211 2.6123232006    4.684  2.728  4.2772  4.442    1  0.000  0.537     0.00     0.00     0.00     0.00     0.00 -1    -1e-30      0.00 7.400e-01 2.560e-01 7.099e-04 1.938e-04 1.761e-03 -1.000 4.000e-03 -2.049 -0.256 -0.356 -0.070
0.004 -0.58336 6.94001 4.8000001907 2.6129836005    4.798  2.764  4.2826  4.437    1  0.000  0.537     0.00     0.00     0.00     0.00     0.00 -1    -1e-30      0.00 7.400e-01 2.560e-01 7.099e-04 1.938e-04 1.761e-03 -1.000 4.000e-03 -2.140 -0.316 -0.416 -0.126
0.004 -0.58336 6.94001 5.0000004768 2.6140666248    4.999  2.826  4.2920  4.431    1  0.000  0.537     0.00     0.00     0.00     0.00     0.00 -1    -1e-30      0.00 7.400e-01 2.560e-01 7.099e-04 1.938e-04 1.761e-03 -1.000 4.000e-03 -2.296 -0.416 -0.520 -0.221
0.004 -0.58336 6.94001 5.1999998093 2.6150544000    5.200  2.886  4.3010  4.424    1  0.000  0.537     0.00     0.00     0.00     0.00     0.00 -1    -1e-30      0.00 7.400e-01 2.560e-01 7.099e-04 1.938e-04 1.761e-03 -1.000 4.000e-03 -2.445 -0.513 -0.619 -0.313
0.004 -0.58336 6.94001 5.2499265671 2.6152875225    5.250  2.900  4.3032  4.422    1  0.000  0.537     0.00     0.00     0.00     0.00     0.00 -1    -1e-30      0.00 7.400e-01 2.560e-01 7.099e-04 1.938e-04 1.761e-03 -1.000 4.000e-03 -2.481 -0.537 -0.643 -0.336
0.004 -0.58336 6.94001 5.4000000954 2.6159585105    5.401  2.943  4.3095  4.418    1  0.000  0.537     0.00     0.00     0.00     0.00     0.00 -1    -1e-30      0.00 7.400e-01 2.560e-01 7.099e-04 1.938e-04 1.761e-03 -1.000 4.000e-03 -2.588 -0.607 -0.715 -0.402
0.004 -0.58336 6.94001 5.5999999046 2.6167887565    5.601  2.998  4.3178  4.411    1  0.000  0.537     0.00     0.00     0.00     0.00     0.00 -1    -1e-30      0.00 7.400e-01 2.560e-01 7.099e-04 1.938e-04 1.761e-03 -1.000 4.000e-03 -2.726 -0.697 -0.808 -0.488
0.004 -0.58336 6.94001 5.8000001907 2.6175535027    5.801  3.051  4.3256  4.405    1  0.000  0.537     0.00     0.00     0.00     0.00     0.00 -1    -1e-30      0.00 7.400e-01 2.560e-01 7.099e-04 1.938e-04 1.761e-03 -1.000 4.000e-03 -2.859 -0.785 -0.898 -0.572
0.004 -0.58336 6.94001 6.0000000000 2.6182599138    6.000  3.103  4.3331  4.398    1  0.000  0.537     0.00     0.00     0.00     0.00     0.00 -1    -1e-30      0.00 7.400e-01 2.560e-01 7.099e-04 1.938e-04 1.761e-03 -1.000 4.000e-03 -2.987 -0.871 -0.986 -0.654
0.004 -0.58336 6.94001 6.0650939941 2.6184783050    6.065  3.119  4.3355  4.396    1  0.000  0.537     0.00     0.00     0.00     0.00     0.00 -1    -1e-30      0.00 7.400e-01 2.560e-01 7.099e-04 1.938e-04 1.761e-03 -1.000 4.000e-03 -3.028 -0.899 -1.014 -0.680
0.004 -0.58336 6.94001 6.1999998093 2.6189141709    6.200  3.152  4.3403  4.391    1  0.000  0.537     0.00     0.00     0.00     0.00     0.00 -1    -1e-30      0.00 7.400e-01 2.560e-01 7.099e-04 1.938e-04 1.761e-03 -1.000 4.000e-03 -3.111 -0.954 -1.071 -0.733
0.004 -0.58336 6.94001 6.4000000954 2.6195216279    6.399  3.200  4.3473  4.385    1  0.000  0.537     0.00     0.00     0.00     0.00     0.00 -1    -1e-30      0.00 7.400e-01 2.560e-01 7.099e-04 1.938e-04 1.761e-03 -1.000 4.000e-03 -3.231 -1.036 -1.154 -0.810
0.004 -0.58336 6.94001 6.6725888252 2.6202825039    6.670  3.263  4.3563  4.376    1  0.000  0.537     0.00     0.00     0.00     0.00     0.00 -1    -1e-30      0.00 7.400e-01 2.560e-01 7.099e-04 1.938e-04 1.761e-03 -1.000 4.000e-03 -3.388 -1.142 -1.263 -0.912
0.004 -0.58336 6.94001 7.0000000000 2.6211069280    6.996  3.336  4.3666  4.366    1  0.000  0.537     0.00     0.00     0.00     0.00     0.00 -1    -1e-30      0.00 7.400e-01 2.560e-01 7.099e-04 1.938e-04 1.761e-03 -1.000 4.000e-03 -3.569 -1.266 -1.390 -1.031
0.004 -0.58336 6.94001 7.5312981606 2.6222709785    7.530  3.446  4.3820  4.349    1  0.000  0.537     0.00     0.00     0.00     0.00     0.00 -1    -1e-30      0.00 7.400e-01 2.560e-01 7.099e-04 1.938e-04 1.761e-03 -1.000 4.000e-03 -3.845 -1.458 -1.585 -1.214
0.004 -0.58336 6.94001 8.0000000000 2.6231516585    8.001  3.538  4.3946  4.334    1  0.000  0.537     0.00     0.00     0.00     0.00     0.00 -1    -1e-30      0.00 7.400e-01 2.560e-01 7.099e-04 1.938e-04 1.761e-03 -1.000 4.000e-03 -4.075 -1.620 -1.751 -1.370
0.004 -0.58336 6.94001 8.3804492950 2.6237838412    8.379  3.608  4.4040  4.322    1  0.000  0.537     0.00     0.00     0.00     0.00     0.00 -1    -1e-30      0.00 7.400e-01 2.560e-01 7.099e-04 1.938e-04 1.761e-03 -1.000 4.000e-03 -4.249 -1.750 -1.881 -1.518
0.004 -0.58336 6.94001 9.0000000000 2.6246829947    8.995  3.716  4.4183  4.301    1  0.000  0.537     0.00     0.00     0.00     0.00     0.00 -1    -1e-30      0.00 7.400e-01 2.560e-01 7.099e-04 1.938e-04 1.761e-03 -1.000 4.000e-03 -4.520 -1.925 -2.060 -1.683
0.004 -0.58336 6.94001 9.6319236755 2.6254644480    9.628  3.819  4.4314  4.280    1  0.000  0.537     0.00     0.00     0.00     0.00     0.00 -1    -1e-30      0.00 7.400e-01 2.560e-01 7.099e-04 1.938e-04 1.761e-03 -1.000 4.000e-03 -4.778 -2.119 -2.258 -1.866
0.004 -0.58336 6.94001 10.0000000000 2.6258676431    9.998  3.877  4.4385  4.267    1  0.000  0.537     0.00     0.00     0.00     0.00     0.00 -1    -1e-30      0.00 7.400e-01 2.560e-01 7.099e-04 1.938e-04 1.761e-03 -1.000 4.000e-03 -4.923 -2.242 -2.384 -1.982
0.004 -0.58336 6.94001 10.1691846848 2.6260417497   10.168  3.903  4.4415  4.261    1  0.000  0.537     0.00     0.00     0.00     0.00     0.00 -1    -1e-30      0.00 7.400e-01 2.560e-01 7.099e-04 1.938e-04 1.761e-03 -1.000 4.000e-03 -4.986 -2.296 -2.439 -2.033
0.004 -0.58336 6.94001 10.8171396255 2.6266510254   10.818  3.998  4.4525  4.236    1  0.000  0.537     0.00     0.00     0.00     0.00     0.00 -1    -1e-30      0.00 7.400e-01 2.560e-01 7.099e-04 1.938e-04 1.761e-03 -1.000 4.000e-03 -5.225 -2.492 -2.638 -2.218
0.004 -0.58336 6.94001 11.0000000000 2.6268081058   11.001  4.024  4.4554  4.229    1  0.000  0.537     0.00     0.00     0.00     0.00     0.00 -1    -1e-30      0.00 7.400e-01 2.560e-01 7.099e-04 1.938e-04 1.761e-03 -1.000 4.000e-03 -5.291 -2.541 -2.688 -2.266
0.004 -0.58336 6.94001 11.3568096161 2.6270979287   11.358  4.074  4.4608  4.215    1  0.000  0.537     0.00     0.00     0.00     0.00     0.00 -1    -1e-30      0.00 7.400e-01 2.560e-01 7.099e-04 1.938e-04 1.761e-03 -1.000 4.000e-03 -5.414 -2.633 -2.781 -2.357
0.004 -0.58336 6.94001 11.8627605438 2.6274747222   11.864  4.142  4.4680  4.194    1  0.000  0.537     0.00     0.00     0.00     0.00     0.00 -1    -1e-30      0.00 7.400e-01 2.560e-01 7.099e-04 1.938e-04 1.761e-03 -1.000 4.000e-03 -5.584 -2.761 -2.911 -2.484
0.004 -0.58336 6.94001 12.0000000000 2.6275706487   12.001  4.160  4.4698  4.189    1  0.000  0.537     0.00     0.00     0.00     0.00     0.00 -1    -1e-30      0.00 7.400e-01 2.560e-01 7.099e-04 1.938e-04 1.761e-03 -1.000 4.000e-03 -5.630 -2.796 -2.946 -2.518
0.004 -0.58336 6.94001 12.1090021133 2.6276450589   12.109  4.174  4.4712  4.184    1  0.000  0.538     0.00     0.00     0.00     0.00     0.00 -1  -1.8e-29      0.00 7.400e-01 2.560e-01 7.105e-04 1.938e-04 1.761e-03 -1.000 4.000e-03 -5.664 -2.822 -2.972 -2.544
0.004 -0.58336 6.94001 12.5795164108 2.6279493103   12.574  4.233  4.4768  4.164    1  0.000  0.540     0.00     0.00     0.00     0.00     0.00 -1 -3.53e-24      0.00 7.400e-01 2.560e-01 7.128e-04 1.939e-04 1.761e-03 -1.000 4.000e-03 -5.811 -2.938 -3.090 -2.659
0.004 -0.58336 6.94001 13.2276439667 2.6283279302   13.214  4.312  4.4836  4.133    1  0.000  0.542     0.00     0.00     0.00     0.00     0.00 -1 -3.42e-17      0.00 7.399e-01 2.561e-01 7.158e-04 1.939e-04 1.760e-03 -1.000 4.000e-03 -6.011 -3.108 -3.261 -2.822
0.004 -0.58336 6.94001 13.8033266068 2.6286301684   13.781  4.381  4.4888  4.103    1  0.000  0.544     0.00     0.00     0.00     0.00     0.00 -1 -3.03e-11      0.00 7.399e-01 2.561e-01 7.184e-04 1.940e-04 1.760e-03 -1.000 4.000e-03 -6.184 -3.258 -3.413 -2.967
0.004 -0.58336 6.94001 14.0000000000 2.6287268957   13.976  4.405  4.4904  4.092    1  0.000  0.545     0.00     0.00     0.00     0.00     0.00 -1 -2.86e-09      0.00 7.399e-01 2.561e-01 7.193e-04 1.940e-04 1.760e-03 -1.000 4.000e-03 -6.242 -3.310 -3.465 -3.017
0.004 -0.58336 6.94001 14.4053869247 2.6289167231   14.379  4.450  4.4933  4.071    1  0.000  0.545     0.00     0.00     0.00     0.00     0.00 -1 -3.52e-09      0.00 7.399e-01 2.561e-01 7.193e-04 1.940e-04 1.760e-03 -1.000 4.000e-03 -6.354 -3.411 -3.567 -3.115
0.004 -0.58336 6.94001 14.9749984741 2.6291635838   14.945  4.512  4.4966  4.039    1  0.000  0.545     0.00     0.00     0.00     0.00     0.00 -1 -4.74e-09      0.00 7.399e-01 2.561e-01 7.193e-04 1.940e-04 1.760e-03 -1.000 4.000e-03 -6.510 -3.555 -3.712 -3.254
0.004 -0.58336 6.94001 15.4857616425 2.6293672735   15.451  4.568  4.4986  4.005    1  0.000  0.545     0.00     0.00     0.00     0.00     0.00 -1 -6.08e-09      0.00 7.399e-01 2.561e-01 7.193e-04 1.940e-04 1.760e-03 -1.000 4.000e-03 -6.649 -3.688 -3.846 -3.384
0.004 -0.58336 6.94001 15.9864101410 2.6295524728   15.947  4.621  4.4997  3.970    1  0.000  0.545     0.00     0.00     0.00     0.00     0.00 -1 -7.72e-09      0.00 7.399e-01 2.561e-01 7.193e-04 1.940e-04 1.760e-03 -1.000 4.000e-03 -6.784 -3.823 -3.982 -3.519
0.004 -0.58336 6.94001 16.0000000000 2.6295573144   15.960  4.623  4.4997  3.969    1  0.000  0.545     0.00     0.00     0.00     0.00     0.00 -1 -7.77e-09      0.00 7.399e-01 2.561e-01 7.193e-04 1.940e-04 1.760e-03 -1.000 4.000e-03 -6.787 -3.827 -3.985 -3.523
0.004 -0.58336 6.94001 16.1990146637 2.6296271484   16.154  4.643  4.5000  3.955    1  0.000  0.545     0.00     0.00     0.00     0.00     0.00 -1 -8.48e-09      0.00 7.399e-01 2.561e-01 7.193e-04 1.940e-04 1.760e-03 -1.000 4.000e-03 -6.837 -3.878 -4.037 -3.574
0.004 -0.58336 6.94001 16.7131958008 2.6297987526   16.654  4.694  4.4998  3.916    1  0.000  0.545     0.00     0.00     0.00     0.00     0.00 -1 -1.06e-08      0.00 7.399e-01 2.561e-01 7.193e-04 1.940e-04 1.760e-03 -1.000 4.000e-03 -6.966 -4.014 -4.172 -3.711
0.004 -0.58336 6.94001 17.3053035736 2.6299819086   17.228  4.753  4.4980  3.865    1  0.000  0.545     0.00     0.00     0.00     0.00     0.00 -1 -1.35e-08      0.00 7.399e-01 2.561e-01 7.193e-04 1.940e-04 1.760e-03 -1.000 4.000e-03 -7.113 -4.179 -4.336 -3.879
0.004 -0.58336 6.94001 17.8542537689 2.6301392945   17.759  4.808  4.4946  3.810    1  0.000  0.545     0.00     0.00     0.00     0.00     0.00 -1 -1.66e-08      0.00 7.399e-01 2.561e-01 7.193e-04 1.940e-04 1.760e-03 -1.000 4.000e-03 -7.249 -4.341 -4.497 -4.044
0.004 -0.58336 6.94001 18.0000000000 2.6301792302   17.902  4.822  4.4934  3.795    1  0.000  0.545     0.00     0.00     0.00     0.00     0.00 -1 -1.75e-08      0.00 7.399e-01 2.561e-01 7.193e-04 1.940e-04 1.760e-03 -1.000 4.000e-03 -7.285 -4.385 -4.541 -4.090
0.004 -0.58336 6.94001 18.4585266113 2.6303001541   18.346  4.864  4.4891  3.746    1  0.000  0.545     0.00     0.00     0.00     0.00     0.00 -1 -2.03e-08      0.00 7.399e-01 2.561e-01 7.193e-04 1.940e-04 1.760e-03 -1.000 4.000e-03 -7.391 -4.521 -4.676 -4.229
0.004 -0.58336 6.94001 18.9194393158 2.6304149391   18.791  4.907  4.4826  3.687    1  0.000  0.545     0.00     0.00     0.00     0.00     0.00 -1 -2.31e-08      0.00 7.399e-01 2.561e-01 7.193e-04 1.940e-04 1.760e-03 -1.000 4.000e-03 -7.498 -4.673 -4.827 -4.383
0.004 -0.58336 6.94001 19.3515682220 2.6305168642   19.207  4.948  4.4745  3.624    1  0.000  0.545     0.00     0.00     0.00     0.00     0.00 -1 -2.59e-08      0.00 7.399e-01 2.561e-01 7.193e-04 1.940e-04 1.760e-03 -1.000 4.000e-03 -7.599 -4.827 -4.981 -4.537
0.004 -0.58336 6.94001 19.7430610657 2.6306047884   19.583  4.984  4.4657  3.561    1  0.000  0.545     0.00     0.00     0.00     0.00     0.00 -1 -2.81e-08      0.00 7.399e-01 2.561e-01 7.193e-04 1.940e-04 1.760e-03 -1.000 4.000e-03 -7.690 -4.971 -5.125 -4.676
0.004 -0.58336 6.94001 20.0000019073 2.6306603474   19.830  5.008  4.4588  3.515    1  0.000  0.545     0.00     0.00     0.00     0.00     0.00 -1 -2.92e-08      0.00 7.399e-01 2.561e-01 7.193e-04 1.940e-04 1.760e-03 -1.000 4.000e-03 -7.749 -5.067 -5.223 -4.769
0.004 -0.58336 6.94001 20.0898551941 2.6306793913   19.915  5.015  4.4564  3.500    1  0.000  0.545     0.00     0.00     0.00     0.00     0.00 -1 -2.95e-08      0.00 7.399e-01 2.561e-01 7.193e-04 1.940e-04 1.760e-03 -1.000 4.000e-03 -7.769 -5.099 -5.255 -4.799
0.004 -0.58336 6.94001 20.3352336884 2.6307304134   20.149  5.037  4.4485  3.451    1  0.000  0.545     0.00     0.00     0.00     0.00     0.00 -1 -3.02e-08      0.00 7.399e-01 2.561e-01 7.193e-04 1.940e-04 1.760e-03 -1.000 4.000e-03 -7.823 -5.205 -5.359 -4.910
0.004 -0.58336 6.94001 20.5743694305 2.6307787931   20.376  5.059  4.4407  3.403    1  0.000  0.545     0.00     0.00     0.00     0.00     0.00 -1 -3.05e-08      0.00 7.399e-01 2.561e-01 7.193e-04 1.940e-04 1.760e-03 -1.000 4.000e-03 -7.876 -5.314 -5.462 -5.034
0.004 -0.58336 6.94001 20.9174194336 2.6308459795   20.700  5.090  4.4310  3.340    1  0.000  0.545     0.00     0.00     0.00     0.00     0.00 -1 -3.13e-08      0.00 7.399e-01 2.561e-01 7.193e-04 1.940e-04 1.760e-03 -1.000 4.000e-03 -7.954 -5.457 -5.600 -5.193
0.004 -0.58336 6.94001 21.0166282654 2.6308649399   20.795  5.099  4.4294  3.327    1  0.000  0.545     0.00     0.00     0.00     0.00     0.00 -1  -3.2e-08      0.00 7.399e-01 2.561e-01 7.193e-04 1.940e-04 1.760e-03 -1.000 4.000e-03 -7.977 -5.492 -5.634 -5.230
0.004 -0.58336 6.94001 21.1825199127 2.6308961887   20.951  5.118  4.4405  3.355    1  0.000  0.545     0.00     0.00     0.00     0.00     0.00 -1 -3.95e-08      0.00 7.399e-01 2.561e-01 7.193e-04 1.940e-04 1.760e-03 -1.000 4.000e-03 -8.026 -5.480 -5.627 -5.204
0.004 -0.58336 6.94001 21.2140827179 2.6309020705   20.981  5.126  4.4507  3.388    1  0.000  0.545     0.00     0.00     0.00     0.00     0.00 -1 -4.52e-08      0.00 7.399e-01 2.561e-01 7.193e-04 1.940e-04 1.760e-03 -1.000 4.000e-03 -8.046 -5.441 -5.593 -5.150
0.004 -0.58336 6.94001 21.2262420654 2.6309043311   20.992  5.135  4.4607  3.420    1  0.000  0.545     0.00     0.00     0.00     0.00     0.00 -1 -5.19e-08      0.00 7.399e-01 2.561e-01 7.193e-04 1.940e-04 1.760e-03 -1.000 4.000e-03 -8.068 -5.407 -5.560 -5.117
0.004 -0.58336 6.94001 21.2326831818 2.6309055274   20.999  5.148  4.4725  3.454    1  0.000  0.545     0.00     0.00     0.00     0.00     0.00 -1 -6.17e-08      0.00 7.399e-01 2.561e-01 7.193e-04 1.940e-04 1.760e-03 -1.000 4.000e-03 -8.101 -5.378 -5.531 -5.088
0.004 -0.58336 6.94001 21.2363395691 2.6309062061   21.002  5.159  4.4820  3.481    1  0.000  0.545     0.00     0.00     0.00     0.00     0.00 -1  -7.1e-08      0.00 7.399e-01 2.561e-01 7.193e-04 1.940e-04 1.760e-03 -1.000 4.000e-03 -8.129 -5.348 -5.502 -5.057
0.004 -0.58336 6.94001 21.2371139526 2.6309063498   21.002  5.160  4.4831  3.484    1  0.000  0.545     0.00     0.00     0.00     0.00     0.00 -1 -7.22e-08      0.00 7.399e-01 2.561e-01 7.193e-04 1.940e-04 1.760e-03 -1.000 4.000e-03 -8.131 -5.343 -5.498 -5.052
0.004 -0.58336 6.94001 21.2397079468 2.6309068311   21.005  5.156  4.4778  3.467    2  0.000  0.545     0.00     0.00     0.00     0.00     0.00 -1 -6.76e-08      0.00 7.399e-01 2.561e-01 7.193e-04 1.940e-04 1.760e-03 -1.000 4.000e-03 -8.120 -5.367 -5.520 -5.077
0.004 -0.58336 6.94001 21.2407779694 2.6309070296   21.006  5.154  4.4756  3.460    2  0.000  0.545     0.00     0.00     0.00     0.00     0.00 -1 -6.58e-08      0.00 7.399e-01 2.561e-01 7.193e-04 1.940e-04 1.760e-03 -1.000 4.000e-03 -8.116 -5.377 -5.530 -5.088
0.004 -0.58336 6.94001 21.2416496277 2.6309071913   21.007  5.153  4.4735  3.453    2  0.000  0.545     0.00     0.00     0.00     0.00     0.00 -1 -6.43e-08      0.00 7.399e-01 2.561e-01 7.193e-04 1.940e-04 1.760e-03 -1.000 4.000e-03 -8.113 -5.386 -5.539 -5.097
0.004 -0.58336 6.94001 21.2425327301 2.6309073551   21.007  5.153  4.4697  3.438    2  0.000  0.545     0.00     0.00     0.00     0.00     0.00 -1 -6.22e-08      0.00 7.399e-01 2.561e-01 7.193e-04 1.940e-04 1.760e-03 -1.000 4.000e-03 -8.113 -5.406 -5.559 -5.118
0.004 -0.58336 6.94001 21.2431602478 2.6309074715   21.008  5.153  4.4669  3.427    2  0.000  0.545     0.00     0.00     0.00     0.00     0.00 -1 -6.07e-08      0.00 7.399e-01 2.561e-01 7.193e-04 1.940e-04 1.760e-03 -1.000 4.000e-03 -8.112 -5.421 -5.574 -5.133
0.004 -0.58336 6.94001 21.2439384460 2.6309076158   21.009  5.153  4.4633  3.413    2  0.000  0.545     0.00     0.00     0.00     0.00     0.00 -1 -5.88e-08      0.00 7.399e-01 2.561e-01 7.193e-04 1.940e-04 1.760e-03 -1.000 4.000e-03 -8.112 -5.442 -5.595 -5.154
0.004 -0.58336 6.94001 21.2447280884 2.6309077622   21.009  5.154  4.4583  3.392    2  0.000  0.545     0.00     0.00     0.00     0.00     0.00 -1 -5.67e-08      0.00 7.399e-01 2.561e-01 7.193e-04 1.940e-04 1.760e-03 -1.000 4.000e-03 -8.114 -5.473 -5.625 -5.184
0.004 -0.58336 6.94001 21.2452583313 2.6309078605   21.010  5.154  4.4550  3.379    2  0.000  0.545     0.00     0.00     0.00     0.00     0.00 -1 -5.53e-08      0.00 7.399e-01 2.561e-01 7.193e-04 1.940e-04 1.760e-03 -1.000 4.000e-03 -8.115 -5.493 -5.645 -5.205
0.004 -0.58336 6.94001 21.2457962036 2.6309079602   21.010  5.155  4.4514  3.363    2  0.000  0.545     0.00     0.00     0.00     0.00     0.00 -1 -5.36e-08      0.00 7.399e-01 2.561e-01 7.193e-04 1.940e-04 1.760e-03 -1.000 4.000e-03 -8.117 -5.517 -5.668 -5.229
0.004 -0.58336 6.94001 21.2463397980 2.6309080610   21.011  5.155  4.4475  3.347    2  0.000  0.545     0.00     0.00     0.00     0.00     0.00 -1 -5.19e-08      0.00 7.399e-01 2.561e-01 7.193e-04 1.940e-04 1.760e-03 -1.000 4.000e-03 -8.118 -5.543 -5.693 -5.258
0.004 -0.58336 6.94001 21.2468891144 2.6309081628   21.011  5.156  4.4435  3.330    2  0.000  0.545     0.00     0.00     0.00     0.00     0.00 -1 -5.01e-08      0.00 7.399e-01 2.561e-01 7.193e-04 1.940e-04 1.760e-03 -1.000 4.000e-03 -8.120 -5.569 -5.717 -5.291
0.004 -0.58336 6.94001 21.2474441528 2.6309082657   21.012  5.157  4.4391  3.312    2  0.000  0.545     0.00     0.00     0.00     0.00     0.00 -1  -4.8e-08      0.00 7.399e-01 2.561e-01 7.193e-04 1.940e-04 1.760e-03 -1.000 4.000e-03 -8.123 -5.598 -5.743 -5.326
0.004 -0.58336 6.94001 21.2478656769 2.6309083439   21.012  5.158  4.4357  3.298    2  0.000  0.545     0.00     0.00     0.00     0.00     0.00 -1 -4.65e-08      0.00 7.399e-01 2.561e-01 7.193e-04 1.940e-04 1.760e-03 -1.000 4.000e-03 -8.124 -5.619 -5.763 -5.352
0.004 -0.58336 6.94001 21.2482872009 2.6309084220   21.013  5.159  4.4322  3.283    2  0.000  0.545     0.00     0.00     0.00     0.00     0.00 -1 -4.49e-08      0.00 7.399e-01 2.561e-01 7.193e-04 1.940e-04 1.760e-03 -1.000 4.000e-03 -8.126 -5.642 -5.784 -5.378
0.004 -0.58336 6.94001 21.2487163544 2.6309085015   21.013  5.159  4.4285  3.267    2  0.000  0.545     0.00     0.00     0.00     0.00     0.00 -1 -4.33e-08      0.00 7.399e-01 2.561e-01 7.193e-04 1.940e-04 1.760e-03 -1.000 4.000e-03 -8.128 -5.665 -5.805 -5.406
0.004 -0.58336 6.94001 21.2491588593 2.6309085835   21.014  5.160  4.4247  3.251    2  0.000  0.545     0.00     0.00     0.00     0.00     0.00 -1 -4.16e-08      0.00 7.399e-01 2.561e-01 7.193e-04 1.940e-04 1.760e-03 -1.000 4.000e-03 -8.130 -5.688 -5.827 -5.433
0.004 -0.58336 6.94001 21.2496166229 2.6309086684   21.014  5.161  4.4207  3.234    2  0.000  0.545     0.00     0.00     0.00     0.00     0.00 -1    -4e-08      0.00 7.399e-01 2.561e-01 7.193e-04 1.940e-04 1.760e-03 -1.000 4.000e-03 -8.132 -5.713 -5.851 -5.463
0.004 -0.58336 6.94001 21.2499332428 2.6309087270   21.014  5.162  4.4177  3.222    2  0.000  0.545     0.00     0.00     0.00     0.00     0.00 -1 -3.89e-08      0.00 7.399e-01 2.561e-01 7.193e-04 1.940e-04 1.760e-03 -1.000 4.000e-03 -8.134 -5.731 -5.868 -5.485
0.004 -0.58336 6.94001 21.2502632141 2.6309087882   21.015  5.162  4.4146  3.209    2  0.000  0.545     0.00     0.00     0.00     0.00     0.00 -1 -3.78e-08      0.00 7.399e-01 2.561e-01 7.193e-04 1.940e-04 1.760e-03 -1.000 4.000e-03 -8.135 -5.750 -5.885 -5.508
0.004 -0.58336 6.94001 21.2506141663 2.6309088532   21.015  5.163  4.4113  3.195    2  0.000  0.545     0.00     0.00     0.00     0.00     0.00 -1 -3.65e-08      0.00 7.399e-01 2.561e-01 7.193e-04 1.940e-04 1.760e-03 -1.000 4.000e-03 -8.137 -5.770 -5.904 -5.532
0.004 -0.58336 6.94001 21.2509975433 2.6309089243   21.015  5.164  4.4075  3.179    2  0.000  0.545     0.00     0.00     0.00     0.00     0.00 -1 -3.51e-08      0.00 7.399e-01 2.561e-01 7.193e-04 1.940e-04 1.760e-03 -1.000 4.000e-03 -8.139 -5.793 -5.925 -5.559
0.004 -0.58336 6.94001 21.2514476776 2.6309090077   21.016  5.164  4.4030  3.160    2  0.000  0.545     0.00     0.00     0.00     0.00     0.00 -1 -3.34e-08      0.00 7.399e-01 2.561e-01 7.193e-04 1.940e-04 1.760e-03 -1.000 4.000e-03 -8.141 -5.820 -5.950 -5.591
0.004 -0.58336 6.94001 21.2517127991 2.6309090568   21.016  5.165  4.4004  3.149    2  0.000  0.545     0.00     0.00     0.00     0.00     0.00 -1 -3.24e-08      0.00 7.399e-01 2.561e-01 7.193e-04 1.940e-04 1.760e-03 -1.000 4.000e-03 -8.142 -5.835 -5.964 -5.609
0.004 -0.58336 6.94001 21.2520084381 2.6309091116   21.016  5.165  4.3973  3.136    2  0.000  0.545     0.00     0.00     0.00     0.00     0.00 -1 -3.12e-08      0.00 7.399e-01 2.561e-01 7.193e-04 1.940e-04 1.760e-03 -1.000 4.000e-03 -8.144 -5.810 -5.941 -5.573
0.004 -0.58336 6.94001 21.2523403168 2.6309091731   21.016  5.166  4.3938  3.122    2  0.000  0.545     0.00     0.00     0.00     0.00     0.00 -1 -2.99e-08      0.00 7.399e-01 2.561e-01 7.193e-04 1.940e-04 1.760e-03 -1.000 4.000e-03 -8.145 -5.832 -5.964 -5.597
0.004 -0.58336 6.94001 21.2527141571 2.6309092423   21.017  5.167  4.3898  3.105    2  0.000  0.545     0.00     0.00     0.00     0.00     0.00 -1 -2.84e-08      0.00 7.399e-01 2.561e-01 7.193e-04 1.940e-04 1.760e-03 -1.000 4.000e-03 -8.147 -5.858 -5.989 -5.623
0.004 -0.58336 6.94001 21.2531280518 2.6309093190   21.017  5.167  4.3852  3.086    2  0.000  0.545     0.00     0.00     0.00     0.00     0.00 -1 -2.68e-08      0.00 7.399e-01 2.561e-01 7.193e-04 1.940e-04 1.760e-03 -1.000 4.000e-03 -8.148 -5.888 -6.018 -5.653
0.004 -0.58336 6.94001 21.2535915375 2.6309094048   21.018  5.168  4.3800  3.064    2  0.000  0.545     0.00     0.00     0.00     0.00     0.00 -1 -2.51e-08      0.00 7.399e-01 2.561e-01 7.193e-04 1.940e-04 1.760e-03 -1.000 4.000e-03 -8.150 -5.921 -6.051 -5.687
0.004 -0.58336 6.94001 21.2541065216 2.6309095002   21.018  5.169  4.3740  3.040    2  0.000  0.545     0.00     0.00     0.00     0.00     0.00 -1 -2.33e-08      0.00 7.399e-01 2.561e-01 7.193e-04 1.940e-04 1.760e-03 -1.000 4.000e-03 -8.152 -5.960 -6.089 -5.726
0.004 -0.58336 6.94001 21.2546863556 2.6309096076   21.019  5.170  4.3671  3.011    2  0.000  0.545     0.00     0.00     0.00     0.00     0.00 -1 -4.27e-08      0.00 7.399e-01 2.561e-01 7.193e-04 1.940e-04 1.760e-03 -1.000 4.000e-03 -8.155 -5.972 -6.098 -5.743
0.004 -0.58336 6.94001 21.2553329468 2.6309097274   21.019  5.171  4.3592  2.978    2  0.000  0.545     0.00     0.00     0.00     0.00     0.00 -1 -1.79e-07      0.00 7.399e-01 2.561e-01 7.193e-04 1.940e-04 1.760e-03 -1.000 4.000e-03 -8.157 -6.067 -6.193 -5.843
0.004 -0.58336 6.94001 21.2559928894 2.6309098496   21.020  5.172  4.3507  2.944    2  0.000  0.545     0.00     0.00     0.00     0.00     0.00 -1 -1.82e-07      0.00 7.399e-01 2.561e-01 7.193e-04 1.940e-04 1.760e-03 -1.000 4.000e-03 -8.160 -6.124 -6.246 -5.911
0.004 -0.58336 6.94001 21.2566280365 2.6309099672   21.021  5.173  4.3423  2.909    2  0.000  0.545     0.00     0.00     0.00     0.00     0.00 -1 -1.75e-07      0.00 7.399e-01 2.561e-01 7.193e-04 1.940e-04 1.760e-03 -1.000 4.000e-03 -8.162 -6.169 -6.290 -5.960
0.004 -0.58336 6.94001 21.2572193146 2.6309100767   21.021  5.173  4.3342  2.876    2  0.000  0.545     0.00     0.00     0.00     0.00     0.00 -1 -1.68e-07      0.00 7.399e-01 2.561e-01 7.193e-04 1.940e-04 1.760e-03 -1.000 4.000e-03 -8.163 -6.208 -6.327 -6.002
0.004 -0.58336 6.94001 21.2574825287 2.6309101255   21.021  5.174  4.3305  2.861    2  0.000  0.545     0.00     0.00     0.00     0.00     0.00 -1 -1.65e-07      0.00 7.399e-01 2.561e-01 7.193e-04 1.940e-04 1.760e-03 -1.000 4.000e-03 -8.164 -6.225 -6.343 -6.019
0.004 -0.58336 6.94001 21.2576313019 2.6309101530   21.021  5.174  4.3284  2.853    2  0.000  0.545     0.00     0.00     0.00     0.00     0.00 -1 -1.63e-07      0.00 7.399e-01 2.561e-01 7.193e-04 1.940e-04 1.760e-03 -1.000 4.000e-03 -8.164 -6.234 -6.352 -6.029
0.004 -0.58336 6.94001 21.2577991486 2.6309101841   21.022  5.174  4.3260  2.843    2  0.000  0.545     0.00     0.00     0.00     0.00     0.00 -1 -1.61e-07      0.00 7.399e-01 2.561e-01 7.193e-04 1.940e-04 1.760e-03 -1.000 4.000e-03 -8.165 -6.244 -6.361 -6.040
0.004 -0.58336 6.94001 21.2579841614 2.6309102183   21.022  5.174  4.3234  2.832    2  0.000  0.545     0.00     0.00     0.00     0.00     0.00 -1 -1.59e-07      0.00 7.399e-01 2.561e-01 7.193e-04 1.940e-04 1.760e-03 -1.000 4.000e-03 -8.165 -6.258 -6.375 -6.056
0.004 -0.58336 6.94001 21.2581901550 2.6309102565   21.022  5.174  4.3203  2.820    2  0.000  0.545     0.00     0.00     0.00     0.00     0.00 -1 -1.57e-07      0.00 7.399e-01 2.561e-01 7.193e-04 1.940e-04 1.760e-03 -1.000 4.000e-03 -8.166 -6.277 -6.393 -6.078
0.004 -0.58336 6.94001 21.2584228516 2.6309102996   21.022  5.175  4.3169  2.806    2  0.000  0.545     0.00     0.00     0.00     0.00     0.00 -1 -1.54e-07      0.00 7.399e-01 2.561e-01 7.193e-04 1.940e-04 1.760e-03 -1.000 4.000e-03 -8.166 -6.299 -6.413 -6.102
0.004 -0.58336 6.94001 21.2586803436 2.6309103472   21.022  5.175  4.3129  2.790    2  0.000  0.545     0.00     0.00     0.00     0.00     0.00 -1 -1.52e-07      0.00 7.399e-01 2.561e-01 7.193e-04 1.940e-04 1.760e-03 -1.000 4.000e-03 -8.167 -6.324 -6.437 -6.131
0.004 -0.58336 6.94001 21.2589397430 2.6309103953   21.022  5.175  4.3090  2.774    2  0.000  0.545     0.00     0.00     0.00     0.00     0.00 -1 -1.49e-07      0.00 7.399e-01 2.561e-01 7.193e-04 1.940e-04 1.760e-03 -1.000 4.000e-03 -8.167 -6.350 -6.461 -6.160
0.004 -0.58336 6.94001 21.2594585419 2.6309104913   21.023  5.175  4.3009  2.741    2  0.000  0.545     0.00     0.00     0.00     0.00     0.00 -1 -1.45e-07      0.00 7.399e-01 2.561e-01 7.193e-04 1.940e-04 1.760e-03 -1.000 4.000e-03 -8.169 -6.404 -6.512 -6.219
0.004 -0.58336 6.94001 21.2598609924 2.6309105658   21.023  5.176  4.2942  2.714    3  0.000  0.545     0.58     1.38     1.12     0.75     0.62  3 -1.41e-07      0.00 7.399e-01 2.561e-01 7.193e-04 1.940e-04 1.760e-03 -1.000 4.000e-03 -8.169 -6.334 -6.441 -6.140
0.004 -0.58336 6.94001 21.2603130341 2.6309106495   21.023  5.176  4.2865  2.683    3  0.000  0.545     0.63     1.46     1.18     0.79     0.66  3 -1.71e-07      0.00 7.399e-01 2.561e-01 7.193e-04 1.940e-04 1.760e-03 -1.000 4.000e-03 -8.170 -6.382 -6.487 -6.195
0.004 -0.58336 6.94001 21.2608165741 2.6309107427   21.024  5.177  4.2777  2.647    3  0.000  0.545     0.69     1.55     1.26     0.85     0.70  3 -2.32e-07      0.00 7.399e-01 2.561e-01 7.193e-04 1.940e-04 1.760e-03 -1.000 4.000e-03 -8.172 -6.436 -6.538 -6.257
0.004 -0.58336 6.94001 21.2613811493 2.6309108472   21.024  5.177  4.2677  2.606    3  0.000  0.545     0.77     1.67     1.35     0.91     0.75  3 -3.26e-07      0.00 7.399e-01 2.561e-01 7.193e-04 1.940e-04 1.760e-03 -1.000 4.000e-03 -8.174 -6.494 -6.593 -6.321
0.004 -0.58336 6.94001 21.2620086670 2.6309109633   21.025  5.178  4.2563  2.559    3  0.000  0.545     0.86     1.82     1.46     0.99     0.81  3 -3.83e-07      0.00 7.399e-01 2.561e-01 7.193e-04 1.940e-04 1.760e-03 -1.000 4.000e-03 -8.176 -6.560 -6.656 -6.394
0.004 -0.58336 6.94001 21.2627124786 2.6309110936   21.026  5.180  4.2433  2.506    3  0.000  0.545     0.99     2.00     1.60     1.08     0.89  3 -3.71e-07      0.00 7.399e-01 2.561e-01 7.193e-04 1.940e-04 1.760e-03 -1.000 4.000e-03 -8.179 -6.635 -6.727 -6.477
0.004 -0.58336 6.94001 21.2634983063 2.6309112390   21.026  5.181  4.2286  2.446    3  0.000  0.545     1.15     2.23     1.78     1.20     0.99  3 -3.64e-07      0.00 7.399e-01 2.561e-01 7.193e-04 1.940e-04 1.760e-03 -1.000 4.000e-03 -8.183 -6.719 -6.807 -6.568
0.004 -0.58336 6.94001 21.2642707825 2.6309113819   21.027  5.183  4.2141  2.386    3  0.000  0.545     1.33     2.49     1.97     1.33     1.10  3  -3.5e-07      0.00 7.399e-01 2.561e-01 7.193e-04 1.940e-04 1.760e-03 -1.000 4.000e-03 -8.188 -6.804 -6.887 -6.661
0.004 -0.58336 6.94001 21.2651462555 2.6309115439   21.027  5.185  4.1977  2.319    3  0.000  0.545     1.58     2.81     2.21     1.50     1.24  3 -3.45e-07      0.00 7.399e-01 2.561e-01 7.193e-04 1.940e-04 1.760e-03 -1.000 4.000e-03 -8.193 -6.899 -6.978 -6.766
0.004 -0.58336 6.94001 21.2661228180 2.6309117246   21.028  5.187  4.1795  2.244    3  0.000  0.545     1.91     3.22     2.52     1.71     1.42  3 -3.32e-07      0.00 7.399e-01 2.561e-01 7.193e-04 1.940e-04 1.760e-03 -1.000 4.000e-03 -8.199 -7.007 -7.079 -6.884
0.004 -0.58336 6.94001 21.2672157288 2.6309119267   21.029  5.190  4.1596  2.161    3  0.000  0.545     2.35     3.74     2.91     1.98     1.64  3  -3.2e-07      0.00 7.399e-01 2.561e-01 7.193e-04 1.940e-04 1.760e-03 -1.000 4.000e-03 -8.206 -7.121 -7.185 -7.016
0.004 -0.58336 6.94001 21.2684364319 2.6309121525   21.030  5.193  4.1381  2.072    3  0.000  0.545     2.95     4.39     3.39     2.32     1.92  3  -3.1e-07      0.00 7.399e-01 2.561e-01 7.193e-04 1.940e-04 1.760e-03 -1.000 4.000e-03 -8.213 -7.246 -7.302 -7.159
0.004 -0.58336 6.94001 21.2694644928 2.6309123426   21.031  5.196  4.1213  2.002    3  0.000  0.545     3.51     4.98     3.82     2.62     2.17  3 -3.03e-07      0.00 7.399e-01 2.561e-01 7.193e-04 1.940e-04 1.760e-03 -1.000 4.000e-03 -8.220 -7.351 -7.404 -7.267
0.004 -0.58336 6.94001 21.2709197998 2.6309126117   21.032  5.200  4.0985  1.907    3  0.000  0.545     4.46     5.91     4.50     3.09     2.56  3 -2.91e-07      0.00 7.399e-01 2.561e-01 7.193e-04 1.940e-04 1.760e-03 -1.000 4.000e-03 -8.229 -7.490 -7.536 -7.415
0.004 -0.58336 6.94001 21.2729778290 2.6309129922   21.034  5.205  4.0693  1.785    3  0.000  0.545     6.07     7.37     5.56     3.83     3.18  3 -5.21e-07      0.00 7.399e-01 2.561e-01 7.193e-04 1.940e-04 1.760e-03 -1.000 4.000e-03 -8.242 -7.647 -7.679 -7.606
0.004 -0.58336 6.94001 21.2755756378 2.6309134723   21.034  5.210  4.0380  1.655    3  0.000  0.545     8.43     9.34     6.97     4.81     4.00  3 -1.49e-06      0.00 7.399e-01 2.561e-01 7.193e-04 1.940e-04 1.760e-03 -1.000 4.000e-03 -8.256 -7.824 -7.845 -7.801
0.004 -0.58336 6.94001 21.2786064148 2.6309140323   21.034  5.216  4.0097  1.536    3  0.000  0.545    11.37    11.57     8.55     5.93     4.92  3 -1.42e-06      0.00 7.399e-01 2.561e-01 7.193e-04 1.940e-04 1.760e-03 -1.000 4.000e-03 -8.269 -7.977 -7.988 -7.970
0.004 -0.58336 6.94001 21.2818965912 2.6309146401   21.035  5.220  3.9883  1.446    3  0.000  0.545    14.28    13.62     9.99     6.94     5.77  3 -1.35e-06      0.00 7.399e-01 2.561e-01 7.193e-04 1.940e-04 1.760e-03 -1.000 4.000e-03 -8.281 -8.089 -8.093 -8.094
0.004 -0.58336 6.94001 21.2848415375 2.6309151838   21.036  5.224  3.9760  1.393    3  0.000  0.545    16.33    14.99    10.95     7.62     6.33  3 -1.32e-06      0.00 7.399e-01 2.561e-01 7.193e-04 1.940e-04 1.760e-03 -1.000 4.000e-03 -8.290 -8.153 -8.154 -8.166
0.004 -0.58336 6.94001 21.2886505127 2.6309158869   21.037  5.228  3.9692  1.361    3  0.000  0.545    17.67    15.87    11.56     8.05     6.69  3  -1.3e-06      0.00 7.399e-01 2.561e-01 7.193e-04 1.940e-04 1.760e-03 -1.000 4.000e-03 -8.301 -8.193 -8.190 -8.210
0.004 -0.58336 6.94001 21.2892513275 2.6309159978   21.037  5.229  3.9701  1.365    3  0.000  0.545    17.53    15.78    11.50     8.00     6.65  3  -1.3e-06      0.00 7.399e-01 2.561e-01 7.193e-04 1.940e-04 1.760e-03 -1.000 4.000e-03 -8.302 -8.191 -8.189 -8.207
0.004 -0.58336 6.94001 21.2907638550 2.6309162768   21.038  5.230  3.9724  1.372    3  0.000  0.545    17.18    15.55    11.34     7.89     6.56  3 -1.31e-06      0.00 7.399e-01 2.561e-01 7.193e-04 1.940e-04 1.760e-03 -1.000 4.000e-03 -8.305 -8.184 -8.183 -8.199
0.004 -0.58336 6.94001 21.2927951813 2.6309166516   21.038  5.232  3.9754  1.383    4  0.000  0.545     0.00     0.00     0.00     0.00     0.00 -1 -1.32e-06      0.00 7.399e-01 2.561e-01 7.193e-04 1.940e-04 1.760e-03 -1.000 4.000e-03 -8.309 -8.174 -8.175 -8.187
0.004 -0.58336 6.94001 21.2964706421 2.6309173294   21.039  5.235  3.9810  1.402    4  0.000  0.545     0.00     0.00     0.00     0.00     0.00 -1 -1.34e-06      0.00 7.399e-01 2.561e-01 7.193e-04 1.940e-04 1.760e-03 -1.000 4.000e-03 -8.316 -8.157 -8.159 -8.167
0.004 -0.58336 6.94001 21.3220005035 2.6309220302   21.043  5.241  4.0949  1.851    5  0.000  0.545     0.00     0.00     0.00     0.00     0.00 -1 -3.28e-07      0.00 7.399e-01 2.561e-01 7.193e-04 1.940e-04 1.760e-03 -1.000 4.000e-03 -8.333 -7.614 -7.659 -7.542
0.004 -0.58336 6.94001 21.3249988556 2.6309225814   21.046  5.241  4.1050  1.892    5  0.000  0.545     0.00     0.00     0.00     0.00     0.00 -1 -3.39e-07      0.00 7.399e-01 2.561e-01 7.193e-04 1.940e-04 1.760e-03 -1.000 4.000e-03 -8.333 -7.558 -7.607 -7.480
0.004 -0.58336 6.94001 21.3265056610 2.6309228584   21.047  5.241  4.1095  1.910    5  0.000  0.545     0.00     0.00     0.00     0.00     0.00 -1 -3.43e-07      0.00 7.399e-01 2.561e-01 7.193e-04 1.940e-04 1.760e-03 -1.000 4.000e-03 -8.333 -7.534 -7.584 -7.453
0.004 -0.58336 6.94001 21.3271007538 2.6309229678   21.048  5.241  4.1112  1.917    5  0.000  0.545     0.00     0.00     0.00     0.00     0.00 -1 -3.44e-07      0.00 7.399e-01 2.561e-01 7.193e-04 1.940e-04 1.760e-03 -1.000 4.000e-03 -8.333 -7.524 -7.575 -7.442
0.004 -0.58336 6.94001 21.3274250031 2.6309230273   21.048  5.241  4.1121  1.920    5  0.000  0.545     0.00     0.00     0.00     0.00     0.00 -1 -3.45e-07      0.00 7.399e-01 2.561e-01 7.193e-04 1.940e-04 1.760e-03 -1.000 4.000e-03 -8.333 -7.518 -7.569 -7.437
0.004 -0.58336 6.94001 21.3275756836 2.6309230550   21.048  5.241  4.1125  1.922    5  0.000  0.545     0.00     0.00     0.00     0.00     0.00 -1 -3.45e-07      0.00 7.399e-01 2.561e-01 7.193e-04 1.940e-04 1.760e-03 -1.000 4.000e-03 -8.333 -7.516 -7.567 -7.434
0.004 -0.58336 6.94001 21.3277473450 2.6309230866   21.048  5.241  4.1130  1.924    5  0.000  0.545     0.00     0.00     0.00     0.00     0.00 -1 -3.46e-07      0.00 7.399e-01 2.561e-01 7.193e-04 1.940e-04 1.760e-03 -1.000 4.000e-03 -8.333 -7.513 -7.564 -7.431
0.004 -0.58336 6.94001 21.3279361725 2.6309231213   21.048  5.241  4.1136  1.926    5  0.000  0.545     0.00     0.00     0.00     0.00     0.00 -1 -3.46e-07      0.00 7.399e-01 2.561e-01 7.193e-04 1.940e-04 1.760e-03 -1.000 4.000e-03 -8.333 -7.510 -7.561 -7.428
0.004 -0.58336 6.94001 21.3281497955 2.6309231605   21.049  5.241  4.1142  1.929    5  0.000  0.545     0.00     0.00     0.00     0.00     0.00 -1 -3.47e-07      0.00 7.399e-01 2.561e-01 7.193e-04 1.940e-04 1.760e-03 -1.000 4.000e-03 -8.333 -7.506 -7.558 -7.424
0.004 -0.58336 6.94001 21.3283863068 2.6309232040   21.048  5.241  4.1148  1.931    5  0.000  0.545     0.00     0.00     0.00     0.00     0.00 -1 -3.47e-07      0.00 7.399e-01 2.561e-01 7.193e-04 1.940e-04 1.760e-03 -1.000 4.000e-03 -8.333 -7.503 -7.554 -7.420
0.004 -0.58336 6.94001 21.3286514282 2.6309232527   21.049  5.241  4.1156  1.934    5  0.000  0.545     0.00     0.00     0.00     0.00     0.00 -1 -3.48e-07      0.00 7.399e-01 2.561e-01 7.193e-04 1.940e-04 1.760e-03 -1.000 4.000e-03 -8.333 -7.498 -7.550 -7.415
0.004 -0.58336 6.94001 21.3289489746 2.6309233074   21.049  5.241  4.1165  1.938    5  0.000  0.545     0.00     0.00     0.00     0.00     0.00 -1 -3.49e-07      0.00 7.399e-01 2.561e-01 7.193e-04 1.940e-04 1.760e-03 -1.000 4.000e-03 -8.333 -7.493 -7.545 -7.410
0.004 -0.58336 6.94001 21.3292808533 2.6309233684   21.050  5.241  4.1174  1.942    5  0.000  0.545     0.00     0.00     0.00     0.00     0.00 -1  -3.5e-07      0.00 7.399e-01 2.561e-01 7.193e-04 1.940e-04 1.760e-03 -1.000 4.000e-03 -8.333 -7.488 -7.540 -7.404
0.004 -0.58336 6.94001 21.3296508789 2.6309234363   21.050  5.241  4.1185  1.946    5  0.000  0.545     0.00     0.00     0.00     0.00     0.00 -1 -3.51e-07      0.00 7.399e-01 2.561e-01 7.193e-04 1.940e-04 1.760e-03 -1.000 4.000e-03 -8.333 -7.482 -7.534 -7.398
0.004 -0.58336 6.94001 21.3300666809 2.6309235127   21.050  5.241  4.1196  1.950    5  0.000  0.545     0.00     0.00     0.00     0.00     0.00 -1 -3.52e-07      0.00 7.399e-01 2.561e-01 7.193e-04 1.940e-04 1.760e-03 -1.000 4.000e-03 -8.333 -7.475 -7.527 -7.391
0.004 -0.58336 6.94001 21.3305301666 2.6309235979   21.051  5.241  4.1208  1.955    5  0.000  0.545     0.00     0.00     0.00     0.00     0.00 -1 -3.53e-07      0.00 7.399e-01 2.561e-01 7.193e-04 1.940e-04 1.760e-03 -1.000 4.000e-03 -8.333 -7.468 -7.521 -7.384
0.004 -0.58336 6.94001 21.3310470581 2.6309236928   21.051  5.241  4.1221  1.960    5  0.000  0.545     0.00     0.00     0.00     0.00     0.00 -1 -3.54e-07      0.00 7.399e-01 2.561e-01 7.193e-04 1.940e-04 1.760e-03 -1.000 4.000e-03 -8.333 -7.460 -7.513 -7.376
0.004 -0.58336 6.94001 21.3316268921 2.6309237993   21.052  5.241  4.1235  1.966    5  0.000  0.545     0.00     0.00     0.00     0.00     0.00 -1 -3.56e-07      0.00 7.399e-01 2.561e-01 7.193e-04 1.940e-04 1.760e-03 -1.000 4.000e-03 -8.333 -7.452 -7.505 -7.368
0.004 -0.58336 6.94001 21.3322734833 2.6309239181   21.052  5.241  4.1251  1.972    5  0.000  0.545     0.00     0.00     0.00     0.00     0.00 -1 -3.57e-07      0.00 7.399e-01 2.561e-01 7.193e-04 1.940e-04 1.760e-03 -1.000 4.000e-03 -8.333 -7.442 -7.496 -7.358
0.004 -0.58336 6.94001 21.3329963684 2.6309240509   21.053  5.241  4.1269  1.980    5  0.000  0.545     0.00     0.00     0.00     0.00     0.00 -1 -3.59e-07      0.00 7.399e-01 2.561e-01 7.193e-04 1.940e-04 1.760e-03 -1.000 4.000e-03 -8.333 -7.431 -7.485 -7.347
0.004 -0.58336 6.94001 21.3338050842 2.6309241994   21.053  5.241  4.1289  1.988    5  0.000  0.545     0.00     0.00     0.00     0.00     0.00 -1 -3.61e-07      0.00 7.399e-01 2.561e-01 7.193e-04 1.940e-04 1.760e-03 -1.000 4.000e-03 -8.333 -7.419 -7.473 -7.335
0.004 -0.58336 6.94001 21.3347129822 2.6309243661   21.054  5.241  4.1311  1.996    5  0.000  0.545     0.00     0.00     0.00     0.00     0.00 -1 -3.64e-07      0.00 7.399e-01 2.561e-01 7.193e-04 1.940e-04 1.760e-03 -1.000 4.000e-03 -8.333 -7.406 -7.461 -7.322
0.004 -0.58336 6.94001 21.3357219696 2.6309245514   21.055  5.241  4.1332  2.005    5  0.000  0.545     0.00     0.00     0.00     0.00     0.00 -1 -3.67e-07      0.00 7.399e-01 2.561e-01 7.193e-04 1.940e-04 1.760e-03 -1.000 4.000e-03 -8.333 -7.394 -7.449 -7.309
0.004 -0.58336 6.94001 21.3368530273 2.6309247590   21.056  5.241  4.1356  2.014    5  0.000  0.545     0.00     0.00     0.00     0.00     0.00 -1  -3.7e-07      0.00 7.399e-01 2.561e-01 7.193e-04 1.940e-04 1.760e-03 -1.000 4.000e-03 -8.333 -7.380 -7.435 -7.295
0.004 -0.58336 6.94001 21.3395252228 2.6309252495   21.058  5.241  4.1410  2.036    5  0.000  0.545     0.00     0.00     0.00     0.00     0.00 -1 -3.77e-07      0.00 7.399e-01 2.561e-01 7.193e-04 1.940e-04 1.760e-03 -1.000 4.000e-03 -8.333 -7.348 -7.404 -7.262
0.004 -0.58336 6.94001 21.3428668976 2.6309258627   21.061  5.241  4.1470  2.060    5  0.000  0.545     0.00     0.00     0.00     0.00     0.00 -1 -3.82e-07      0.00 7.399e-01 2.561e-01 7.193e-04 1.940e-04 1.760e-03 -1.000 4.000e-03 -8.333 -7.315 -7.373 -7.225
0.004 -0.58336 6.94001 21.3513317108 2.6309274150   21.067  5.241  4.1596  2.111    5  0.000  0.545     0.00     0.00     0.00     0.00     0.00 -1 -3.96e-07      0.00 7.399e-01 2.561e-01 7.193e-04 1.940e-04 1.760e-03 -1.000 4.000e-03 -8.334 -7.248 -7.313 -7.145
0.004 -0.58336 6.94001 21.3604869843 2.6309290923   21.074  5.242  4.1698  2.151    5  0.000  0.545     0.00     0.00     0.00     0.00     0.00 -1 -4.11e-07      0.00 7.399e-01 2.561e-01 7.193e-04 1.940e-04 1.760e-03 -1.000 4.000e-03 -8.334 -7.195 -7.264 -7.080
0.004 -0.58336 6.94001 21.3718128204 2.6309311650   21.083  5.242  4.1781  2.184    5  0.000  0.545     0.00     0.00     0.00     0.00     0.00 -1 -4.19e-07      0.00 7.399e-01 2.561e-01 7.193e-04 1.940e-04 1.760e-03 -1.000 4.000e-03 -8.335 -7.151 -7.223 -7.029
0.004 -0.58336 6.94001 21.3899974823 2.6309344875   21.098  5.243  4.1863  2.217    5  0.000  0.545     0.00     0.00     0.00     0.00     0.00 -1  -4.3e-07      0.00 7.399e-01 2.561e-01 7.193e-04 1.940e-04 1.760e-03 -1.000 4.000e-03 -8.337 -7.108 -7.182 -6.981
0.004 -0.58336 6.94001 21.4246273041 2.6309407969   21.125  5.245  4.1948  2.249    5  0.000  0.545     0.00     0.00     0.00     0.00     0.00 -1 -4.44e-07      0.00 7.399e-01 2.561e-01 7.193e-04 1.940e-04 1.760e-03 -1.000 4.000e-03 -8.342 -7.065 -7.142 -6.933
0.004 -0.58336 6.94001 21.5466365814 2.6309628407   21.219  5.253  4.1819  2.192    6  0.000  0.545     0.00     0.00     0.00     0.00     0.00 -1 -4.47e-07      0.00 7.399e-01 2.561e-01 7.193e-04 1.940e-04 1.760e-03 -1.000 4.000e-03 -8.362 -7.157 -7.230 -7.032
0.004 -0.58336 6.94001 21.6471672058 2.6309807893   21.296  5.259  4.1688  2.134    6  0.000  0.545     0.00     0.00     0.00     0.00     0.00 -1 -4.43e-07      0.00 7.399e-01 2.561e-01 7.193e-04 1.940e-04 1.760e-03 -1.000 4.000e-03 -8.378 -7.244 -7.312 -7.131
0.004 -0.58336 6.94001 21.7792968750 2.6310040900   21.397  5.268  4.1553  2.074    6  0.000  0.545     0.00     0.00     0.00     0.00     0.00 -1 -4.47e-07      0.00 7.399e-01 2.561e-01 7.193e-04 1.940e-04 1.760e-03 -1.000 4.000e-03 -8.399 -7.336 -7.398 -7.238
0.004 -0.58336 6.94001 21.8818874359 2.6310219586   21.475  5.274  4.1432  2.020    6  0.000  0.545     0.00     0.00     0.00     0.00     0.00 -1 -4.44e-07      0.00 7.399e-01 2.561e-01 7.193e-04 1.940e-04 1.760e-03 -1.000 4.000e-03 -8.416 -7.418 -7.475 -7.331
0.004 -0.58336 6.94001 21.9674568176 2.6310367158   21.541  5.279  4.1309  1.968    6  0.000  0.545     0.00     0.00     0.00     0.00     0.00 -1 -4.45e-07      0.00 7.399e-01 2.561e-01 7.193e-04 1.940e-04 1.760e-03 -1.000 4.000e-03 -8.429 -7.503 -7.557 -7.418
0.004 -0.58336 6.94001 22.0400581360 2.6310491333   21.596  5.284  4.1185  1.914    6  0.000  0.545     0.00     0.00     0.00     0.00     0.00 -1 -4.35e-07      0.00 7.399e-01 2.561e-01 7.193e-04 1.940e-04 1.760e-03 -1.000 4.000e-03 -8.440 -7.588 -7.640 -7.504
0.004 -0.58336 6.94001 22.1024436951 2.6310597286   21.644  5.287  4.1062  1.863    6  0.000  0.545     0.00     0.00     0.00     0.00     0.00 -1 -4.29e-07      0.00 7.399e-01 2.561e-01 7.193e-04 1.940e-04 1.760e-03 -1.000 4.000e-03 -8.449 -7.667 -7.716 -7.588
0.004 -0.58336 6.94001 22.1600303650 2.6310694480   21.688  5.291  4.0932  1.808    6  0.000  0.545     0.00     0.00     0.00     0.00     0.00 -1 -4.22e-07      0.00 7.399e-01 2.561e-01 7.193e-04 1.940e-04 1.760e-03 -1.000 4.000e-03 -8.457 -7.746 -7.791 -7.675
0.004 -0.58336 6.94001 22.2091083527 2.6310776855   21.726  5.294  4.0806  1.756    6  0.000  0.545     0.00     0.00     0.00     0.00     0.00 -1 -4.16e-07      0.00 7.399e-01 2.561e-01 7.193e-04 1.940e-04 1.760e-03 -1.000 4.000e-03 -8.464 -7.822 -7.863 -7.758
0.004 -0.58336 6.94001 22.2550468445 2.6310853583   21.761  5.296  4.0671  1.700    6  0.000  0.545     0.00     0.00     0.00     0.00     0.00 -1 -4.08e-07      0.00 7.399e-01 2.561e-01 7.193e-04 1.940e-04 1.760e-03 -1.000 4.000e-03 -8.471 -7.887 -7.918 -7.847
0.004 -0.58336 6.94001 22.2948131561 2.6310919709   21.790  5.298  4.0539  1.645    6  0.000  0.545     0.00     0.00     0.00     0.00     0.00 -1 -5.91e-07      0.00 7.399e-01 2.561e-01 7.193e-04 1.940e-04 1.760e-03 -1.000 4.000e-03 -8.476 -7.962 -7.989 -7.930
0.004 -0.58336 6.94001 22.3274154663 2.6310973719   21.799  5.300  4.0407  1.591    6  0.000  0.545     0.00     0.00     0.00     0.00     0.00 -1 -5.17e-06      0.00 7.399e-01 2.561e-01 7.193e-04 1.940e-04 1.760e-03 -1.000 4.000e-03 -8.480 -8.034 -8.056 -8.010
0.004 -0.58336 6.94001 22.3479118347 2.6311007582   21.774  5.300  4.0285  1.542    6  0.000  0.545     0.00     0.00     0.00     0.00     0.00 -1 -5.07e-06      0.00 7.399e-01 2.561e-01 7.193e-04 1.940e-04 1.760e-03 -1.000 4.000e-03 -8.481 -8.097 -8.114 -8.079
0.004 -0.58336 6.94001 22.3704967499 2.6311044812   21.748  5.301  4.0141  1.482    6  0.000  0.545     0.00     0.00     0.00     0.00     0.00 -1 -4.95e-06      0.00 7.399e-01 2.561e-01 7.193e-04 1.940e-04 1.760e-03 -1.000 4.000e-03 -8.483 -8.169 -8.182 -8.160
0.004 -0.58336 6.94001 22.3879680634 2.6311073554   21.729  5.302  4.0026  1.435    6  0.000  0.545     0.00     0.00     0.00     0.00     0.00 -1 -4.82e-06      0.00 7.399e-01 2.561e-01 7.193e-04 1.940e-04 1.760e-03 -1.000 4.000e-03 -8.485 -8.226 -8.235 -8.224
0.004 -0.58336 6.94001 22.4078712463 2.6311106233   21.707  5.303  3.9885  1.378    6  0.000  0.545     0.00     0.00     0.00     0.00     0.00 -1 -4.71e-06      0.00 7.399e-01 2.561e-01 7.193e-04 1.940e-04 1.760e-03 -1.000 4.000e-03 -8.486 -8.293 -8.298 -8.299
0.004 -0.58336 6.94001 22.4245166779 2.6311133513   21.691  5.303  3.9757  1.326    6  0.000  0.545     0.00     0.00     0.00     0.00     0.00 -1 -4.55e-06      0.00 7.399e-01 2.561e-01 7.193e-04 1.940e-04 1.760e-03 -1.000 4.000e-03 -8.488 -8.352 -8.352 -8.365
0.004 -0.58336 6.94001 22.4407691956 2.6311160103   21.675  5.304  3.9624  1.272    6  0.000  0.545     0.00     0.00     0.00     0.00     0.00 -1 -4.41e-06      0.00 7.399e-01 2.561e-01 7.193e-04 1.940e-04 1.760e-03 -1.000 4.000e-03 -8.489 -8.403 -8.394 -8.433
0.004 -0.58336 6.94001 22.4566211700 2.6311185996   21.661  5.304  3.9485  1.215    6  0.000  0.545     0.00     0.00     0.00     0.00     0.00 -1 -4.31e-06      0.00 7.399e-01 2.561e-01 7.193e-04 1.940e-04 1.760e-03 -1.000 4.000e-03 -8.490 -8.451 -8.432 -8.503
0.004 -0.58336 6.94001 22.4695148468 2.6311207025   21.649  5.305  3.9363  1.166    6  0.000  0.545     0.00     0.00     0.00     0.00     0.00 -1 -4.22e-06      0.00 7.399e-01 2.561e-01 7.193e-04 1.940e-04 1.760e-03 -1.000 4.000e-03 -8.491 -8.503 -8.480 -8.559
0.004 -0.58336 6.94001 22.4821090698 2.6311227539   21.640  5.305  3.9235  1.114    6  0.000  0.545     0.00     0.00     0.00     0.00     0.00 -1 -4.04e-06      0.00 7.399e-01 2.561e-01 7.193e-04 1.940e-04 1.760e-03 -1.000 4.000e-03 -8.492 -8.542 -8.509 -8.618
0.004 -0.58336 6.94001 22.4944019318 2.6311247537   21.630  5.305  3.9101  1.060    6  0.000  0.545     0.00     0.00     0.00     0.00     0.00 -1 -3.95e-06      0.00 7.399e-01 2.561e-01 7.193e-04 1.940e-04 1.760e-03 -1.000 4.000e-03 -8.493 -8.577 -8.532 -8.676
0.004 -0.58336 6.94001 22.5063800812 2.6311266999   21.622  5.306  3.8960  1.003    6  0.000  0.545     0.00     0.00     0.00     0.00     0.00 -1 -3.82e-06      0.00 7.399e-01 2.561e-01 7.193e-04 1.940e-04 1.760e-03 -1.000 4.000e-03 -8.494 -8.619 -8.571 -8.726
0.004 -0.58336 6.94001 22.5167160034 2.6311283773   21.615  5.306  3.8829  0.951    6  0.000  0.545     0.00     0.00     0.00     0.00     0.00 -1 -3.73e-06      0.00 7.399e-01 2.561e-01 7.193e-04 1.940e-04 1.760e-03 -1.000 4.000e-03 -8.494 -8.646 -8.587 -8.769
0.004 -0.58336 6.94001 22.5270233154 2.6311300484   21.608  5.306  3.8686  0.893    6  0.000  0.545     0.00     0.00     0.00     0.00     0.00 -1 -3.64e-06      0.00 7.399e-01 2.561e-01 7.193e-04 1.940e-04 1.760e-03 -1.000 4.000e-03 -8.495 -8.663 -8.589 -8.816
0.004 -0.58336 6.94001 22.5395641327 2.6311320791   21.601  5.306  3.8489  0.814    6  0.000  0.545     0.00     0.00     0.00     0.00     0.00 -1 -3.46e-06      0.00 7.399e-01 2.561e-01 7.193e-04 1.940e-04 1.760e-03 -1.000 4.000e-03 -8.495 -8.676 -8.574 -8.876
0.004 -0.58336 6.94001 22.5523242950 2.6311341427   21.594  5.306  3.8248  0.718    6  0.000  0.545     0.00     0.00     0.00     0.00     0.00 -1  -3.3e-06      0.00 7.399e-01 2.561e-01 7.193e-04 1.940e-04 1.760e-03 -1.000 4.000e-03 -8.494 -8.679 -8.532 -8.947
0.004 -0.58336 6.94001 22.5646457672 2.6311361329   21.589  5.304  3.7956  0.602    6  0.000  0.545     0.00     0.00     0.00     0.00     0.00 -1 -3.01e-06      0.00 7.399e-01 2.561e-01 7.193e-04 1.940e-04 1.760e-03 -1.000 4.000e-03 -8.491 -8.665 -8.451 -9.026
0.004 -0.58336 6.94001 22.5763645172 2.6311380233   21.585  5.296  3.7632  0.481    6  0.000  0.545     0.00     0.00     0.00     0.00     0.00 -1 -2.68e-06      0.00 7.399e-01 2.561e-01 7.193e-04 1.940e-04 1.760e-03 -1.000 4.000e-03 -8.470 -8.612 -8.315 -9.076
0.004 -0.58336 6.94001 22.5819835663 2.6311389290   21.584  5.292  3.7518  0.439    6  0.000  0.545     0.00     0.00     0.00     0.00     0.00 -1 -2.56e-06      0.00 7.399e-01 2.561e-01 7.193e-04 1.940e-04 1.760e-03 -1.000 4.000e-03 -8.460 -8.587 -8.259 -9.084
0.004 -0.58336 6.94001 22.5874423981 2.6311398083   21.581  5.294  3.7421  0.399    6  0.000  0.543     0.00     0.00     0.00     0.00     0.00 -1 -2.48e-06      0.00 7.399e-01 2.561e-01 7.174e-04 1.944e-04 1.760e-03 -1.000 4.000e-03 -8.464 -8.575 -8.223 -9.100
0.004 -0.58336 6.94001 22.5927486420 2.6311406626   21.581  5.296  3.7327  0.359    6  0.000  0.542     0.00     0.00     0.00     0.00     0.00 -1 -2.44e-06      0.00 7.399e-01 2.561e-01 7.152e-04 1.952e-04 1.760e-03 -1.000 4.000e-03 -8.470 -8.565 -8.187 -9.116
0.004 -0.58336 6.94001 22.5979003906 2.6311414916   21.580  5.296  3.7246  0.326    6  0.000  0.541     0.00     0.00     0.00     0.00     0.00 -1 -2.41e-06      0.00 7.399e-01 2.561e-01 7.137e-04 1.972e-04 1.760e-03 -1.000 4.000e-03 -8.471 -8.550 -8.148 -9.123
0.004 -0.58336 6.94001 22.6028995514 2.6311422956   21.579  5.297  3.7159  0.291    6  0.000  0.540     0.00     0.00     0.00     0.00     0.00 -1 -2.38e-06      0.00 7.399e-01 2.561e-01 7.122e-04 1.991e-04 1.759e-03 -1.000 4.000e-03 -8.471 -8.532 -8.105 -9.129
0.004 -0.58336 6.94001 22.6077537537 2.6311430759   21.578  5.297  3.7066  0.254    6  0.000  0.539     0.00     0.00     0.00     0.00     0.00 -1 -2.31e-06      0.00 7.398e-01 2.562e-01 7.108e-04 2.010e-04 1.759e-03 -1.000 4.000e-03 -8.472 -8.510 -8.055 -9.132
0.004 -0.58336 6.94001 22.6124610901 2.6311438322   21.577  5.297  3.6964  0.213    6  0.000  0.538     0.00     0.00     0.00     0.00     0.00 -1 -2.25e-06      0.00 7.398e-01 2.562e-01 7.094e-04 2.027e-04 1.759e-03 -1.000 4.000e-03 -8.472 -8.483 -7.998 -9.132
0.004 -0.58336 6.94001 22.6170234680 2.6311445649   21.577  5.297  3.6853  0.169    6  0.000  0.537     0.00     0.00     0.00     0.00     0.00 -1 -2.22e-06      0.00 7.398e-01 2.562e-01 7.081e-04 2.044e-04 1.758e-03 -1.000 4.000e-03 -8.471 -8.449 -7.929 -9.127
0.004 -0.58336 6.94001 22.6208019257 2.6311451714   21.577  5.296  3.6753  0.129    6  0.000  0.536     0.00     0.00     0.00     0.00     0.00 -1 -2.12e-06      0.00 7.398e-01 2.562e-01 7.070e-04 2.059e-04 1.758e-03 -1.000 4.000e-03 -8.471 -8.416 -7.850 -9.129
0.004 -0.58336 6.94001 22.6245803833 2.6311457778   21.577  5.296  3.6645  0.087    6  0.000  0.535     0.00     0.00     0.00     0.00     0.00 -1 -2.03e-06      0.00 7.398e-01 2.562e-01 7.059e-04 2.072e-04 1.758e-03 -1.000 4.000e-03 -8.469 -8.372 -7.753 -9.122
0.004 -0.58336 6.94001 22.6270217896 2.6311461694   21.577  5.295  3.6575  0.059    6  0.000  0.535     0.00     0.00     0.00     0.00     0.00 -1    -2e-06      0.00 7.398e-01 2.562e-01 7.052e-04 2.081e-04 1.758e-03 -1.000 4.000e-03 -8.467 -8.337 -7.684 -9.111
0.004 -0.58336 6.94001 22.6296958923 2.6311465982   21.576  5.294  3.6485  0.025    6  0.000  0.534     0.00     0.00     0.00     0.00     0.00 -1 -1.94e-06      0.00 7.398e-01 2.562e-01 7.045e-04 2.091e-04 1.758e-03 -1.000 4.000e-03 -8.464 -8.289 -7.605 -9.085
0.004 -0.58336 6.94001 22.6323661804 2.6311470264   21.577  5.292  3.6400 -0.008    6  0.000  0.534     0.00     0.00     0.00     0.00     0.00 -1 -1.88e-06      0.00 7.398e-01 2.562e-01 7.037e-04 2.101e-04 1.757e-03 -1.000 4.000e-03 -8.460 -8.239 -7.525 -9.055
0.004 -0.58336 6.94001 22.6350383759 2.6311474547   21.577  5.289  3.6318 -0.038    6  0.000  0.533     0.00     0.00     0.00     0.00     0.00 -1 -1.83e-06      0.00 7.398e-01 2.562e-01 7.030e-04 2.111e-04 1.757e-03 -1.000 4.000e-03 -8.453 -8.186 -7.444 -9.020
0.004 -0.58336 6.94001 22.6378746033 2.6311479092   21.577  5.285  3.6240 -0.065    6  0.000  0.533     0.00     0.00     0.00     0.00     0.00 -1 -1.74e-06      0.00 7.397e-01 2.563e-01 7.022e-04 2.121e-04 1.757e-03 -1.000 4.000e-03 -8.443 -8.130 -7.360 -8.982
0.004 -0.58336 6.94001 22.6419086456 2.6311485553   21.578  5.282  3.6160 -0.093    6  0.000  0.532     0.00     0.00     0.00     0.00     0.00 -1 -1.69e-06      0.00 7.397e-01 2.563e-01 7.010e-04 2.135e-04 1.757e-03 -1.000 4.000e-03 -8.434 -8.071 -7.271 -8.942
0.004 -0.58336 6.94001 22.6500835419 2.6311498640   21.579  5.280  3.6078 -0.125    6  0.000  0.530     0.00     0.00     0.00     0.00     0.00 -1 -1.64e-06      0.00 7.397e-01 2.563e-01 6.985e-04 2.165e-04 1.756e-03 -1.000 4.000e-03 -8.431 -8.015 -7.182 -8.906
0.004 -0.58336 6.94001 22.7109985352 2.6311595815   21.590  5.293  3.5979 -0.177    6  0.000  0.497     0.00     0.00     0.00     0.00     0.00 -1 -1.71e-06      0.00 7.395e-01 2.565e-01 6.530e-04 2.573e-04 1.752e-03 -1.000 4.000e-03 -8.462 -7.976 -7.099 -8.893
0.004 -0.58336 6.94001 22.7525978088 2.6311661832   21.597  5.281  3.5956 -0.174    6  0.000  0.436     0.00     0.00     0.00     0.00     0.00 -1 -1.61e-06      0.00 7.214e-01 2.746e-01 5.279e-04 5.160e-04 1.616e-03 -1.000 4.000e-03 -8.432 -7.929 -7.040 -8.852
0.004 -0.58336 6.94001 22.7531147003 2.6311662651   21.597  5.281  3.5954 -0.175    6  0.000  0.431     0.00     0.00     0.00     0.00     0.00 -1  -1.6e-06      0.00 7.167e-01 2.793e-01 5.147e-04 5.563e-04 1.589e-03 -1.000 4.000e-03 -8.432 -7.927 -7.037 -8.850
0.004 -0.58336 6.94001 22.7535648346 2.6311663363   21.597  5.280  3.5952 -0.175    6  0.000  0.427     0.00     0.00     0.00     0.00     0.00 -1  -1.6e-06      0.00 7.126e-01 2.834e-01 5.031e-04 5.915e-04 1.565e-03 -1.000 4.000e-03 -8.431 -7.925 -7.033 -8.849
0.004 -0.58336 6.94001 22.7539768219 2.6311664016   21.597  5.280  3.5950 -0.176    6  0.000  0.424     0.00     0.00     0.00     0.00     0.00 -1 -1.59e-06      0.00 7.088e-01 2.872e-01 4.926e-04 6.236e-04 1.543e-03 -1.000 4.000e-03 -8.431 -7.923 -7.030 -8.847
0.004 -0.58336 6.94001 22.7544269562 2.6311664728   21.598  5.280  3.5948 -0.177    6  0.000  0.420     0.00     0.00     0.00     0.00     0.00 -1 -1.59e-06      0.00 7.047e-01 2.913e-01 4.811e-04 6.587e-04 1.520e-03 -1.000 4.000e-03 -8.430 -7.921 -7.027 -8.846
0.004 -0.58336 6.94001 22.7547359467 2.6311665218   21.598  5.280  3.5946 -0.177    6  0.000  0.418     0.00     0.00     0.00     0.00     0.00 -1 -1.59e-06      0.00 7.019e-01 2.941e-01 4.732e-04 6.827e-04 1.503e-03 -1.000 4.000e-03 -8.430 -7.919 -7.025 -8.845
0.004 -0.58336 6.94001 22.7550487518 2.6311665713   21.598  5.280  3.5945 -0.177    7  0.000  0.415   539.72   257.99   165.90   120.24   100.65  0 -1.58e-06      0.00 6.990e-01 2.970e-01 4.652e-04 7.072e-04 1.487e-03 -1.000 4.000e-03 -8.429 -7.914 -7.019 -8.841
0.004 -0.58336 6.94001 22.7553749084 2.6311666229   21.598  5.280  3.5943 -0.178    7  0.000  0.412   540.09   258.19   166.03   120.33   100.73  0 -1.58e-06      0.00 6.960e-01 3.000e-01 4.568e-04 7.326e-04 1.470e-03 -1.000 4.000e-03 -8.429 -7.913 -7.017 -8.840
0.004 -0.58336 6.94001 22.7557163239 2.6311666770   21.598  5.279  3.5942 -0.178    7  0.000  0.409   540.48   258.41   166.17   120.43   100.81  0 -1.57e-06      0.00 6.929e-01 3.031e-01 4.481e-04 7.592e-04 1.452e-03 -1.000 4.000e-03 -8.428 -7.911 -7.014 -8.839
0.004 -0.58336 6.94001 22.7558956146 2.6311667054   21.598  5.279  3.5941 -0.179    7  0.000  0.408   540.69   258.53   166.24   120.48   100.86  0 -1.57e-06      0.00 6.913e-01 3.047e-01 4.436e-04 7.731e-04 1.442e-03 -1.000 4.000e-03 -8.428 -7.910 -7.013 -8.838
0.004 -0.58336 6.94001 22.7560729980 2.6311667334   21.598  5.279  3.5940 -0.179    7  0.000  0.406   540.90   258.64   166.31   120.54   100.90  0 -1.57e-06      0.00 6.896e-01 3.064e-01 4.390e-04 7.870e-04 1.433e-03 -1.000 4.000e-03 -8.428 -7.909 -7.012 -8.838
0.004 -0.58336 6.94001 22.7562599182 2.6311667630   21.598  5.279  3.5939 -0.179    7  0.000  0.405   541.11   258.76   166.38   120.59   100.95  0 -1.57e-06      0.00 6.879e-01 3.081e-01 4.342e-04 8.016e-04 1.423e-03 -1.000 4.000e-03 -8.428 -7.909 -7.010 -8.837
0.004 -0.58336 6.94001 22.7564506531 2.6311667932   21.598  5.279  3.5938 -0.179    7  0.000  0.403   541.33   258.88   166.46   120.65   100.99  0 -1.57e-06      0.00 6.862e-01 3.098e-01 4.293e-04 8.165e-04 1.413e-03 -1.000 4.000e-03 -8.428 -7.908 -7.009 -8.837
0.004 -0.58336 6.94001 22.7566452026 2.6311668240   21.598  5.279  3.5937 -0.180    7  0.000  0.401   541.55   259.01   166.53   120.70   101.04  0 -1.56e-06      0.00 6.844e-01 3.116e-01 4.244e-04 8.315e-04 1.403e-03 -1.000 4.000e-03 -8.427 -7.907 -7.008 -8.836
0.004 -0.58336 6.94001 22.7568454742 2.6311668557   21.598  5.279  3.5936 -0.180    7  0.000  0.400   541.78   259.13   166.61   120.76   101.09  0 -1.56e-06      0.00 6.826e-01 3.134e-01 4.192e-04 8.472e-04 1.392e-03 -1.000 4.000e-03 -8.427 -7.906 -7.006 -8.835
0.004 -0.58336 6.94001 22.7570514679 2.6311668883   21.598  5.279  3.5935 -0.180    7  0.000  0.398   542.02   259.27   166.69   120.82   101.14  0 -1.56e-06      0.00 6.807e-01 3.153e-01 4.139e-04 8.633e-04 1.381e-03 -1.000 4.000e-03 -8.427 -7.905 -7.005 -8.835
0.004 -0.58336 6.94001 22.7572689056 2.6311669228   21.598  5.281  3.5932 -0.184    7  0.000  0.396   544.96   260.91   167.70   121.56   101.76  0 -1.57e-06      0.00 6.786e-01 3.174e-01 4.085e-04 8.812e-04 1.369e-03 -1.000 4.000e-03 -8.432 -7.908 -7.006 -8.839
0.004 -0.58336 6.94001 22.7574901581 2.6311669578   21.598  5.283  3.5929 -0.187    7  0.000  0.394   548.19   262.71   168.80   122.37   102.44  0 -1.59e-06      0.00 6.764e-01 3.196e-01 4.028e-04 8.997e-04 1.356e-03 -1.000 4.000e-03 -8.439 -7.912 -7.008 -8.843
0.004 -0.58336 6.94001 22.7577171326 2.6311669937   21.598  5.286  3.5925 -0.191    7  0.000  0.393   551.53   264.57   169.95   123.22   103.15  0 -1.61e-06      0.00 6.742e-01 3.218e-01 3.971e-04 9.186e-04 1.342e-03 -1.000 4.000e-03 -8.445 -7.915 -7.010 -8.848
0.004 -0.58336 6.94001 22.7579326630 2.6311670278   21.598  5.288  3.5922 -0.195    7  0.000  0.391   554.71   266.35   171.04   124.02   103.83  0 -1.63e-06      0.00 6.721e-01 3.239e-01 3.916e-04 9.365e-04 1.330e-03 -1.000 4.000e-03 -8.451 -7.919 -7.012 -8.852
0.004 -0.58336 6.94001 22.7581462860 2.6311670616   21.598  5.291  3.5919 -0.199    7  0.000  0.389   557.88   268.13   172.13   124.82   104.50  0 -1.65e-06      0.00 6.700e-01 3.260e-01 3.862e-04 9.543e-04 1.317e-03 -1.000 4.000e-03 -8.457 -7.922 -7.014 -8.857
0.004 -0.58336 6.94001 22.7583866119 2.6311670997   21.599  5.293  3.5915 -0.203    7  0.000  0.387   561.47   270.13   173.36   125.73   105.26  0 -1.67e-06      0.00 6.677e-01 3.283e-01 3.800e-04 9.743e-04 1.303e-03 -1.000 4.000e-03 -8.464 -7.926 -7.016 -8.862
0.004 -0.58336 6.94001 22.7586231232 2.6311671371   21.598  5.296  3.5912 -0.207    7  0.000  0.385   565.05   272.14   174.59   126.63   106.02  0 -1.69e-06      0.00 6.653e-01 3.307e-01 3.740e-04 9.941e-04 1.289e-03 -1.000 4.000e-03 -8.470 -7.930 -7.017 -8.866
0.004 -0.58336 6.94001 22.7587680817 2.6311671600   21.599  5.298  3.5910 -0.209    7  0.000  0.384   567.22   273.36   175.33   127.18   106.48  0  -1.7e-06      0.00 6.639e-01 3.321e-01 3.703e-04 1.006e-03 1.280e-03 -1.000 4.000e-03 -8.474 -7.932 -7.019 -8.869
0.004 -0.58336 6.94001 22.7588691711 2.6311671760   21.599  5.299  3.5908 -0.211    7  0.000  0.384   568.75   274.22   175.86   127.57   106.80  0 -1.71e-06      0.00 6.630e-01 3.330e-01 3.678e-04 1.014e-03 1.274e-03 -1.000 4.000e-03 -8.477 -7.934 -7.019 -8.871
0.004 -0.58336 6.94001 22.7590808868 2.6311672096   21.599  5.301  3.5905 -0.215    7  0.000  0.382   572.00   276.04   176.98   128.39   107.50  0 -1.73e-06      0.00 6.609e-01 3.351e-01 3.624e-04 1.032e-03 1.262e-03 -1.000 4.000e-03 -8.483 -7.937 -7.021 -8.876
0.004 -0.58336 6.94001 22.7598857880 2.6311673369   21.599  5.309  3.5896 -0.226    7  0.000  0.379   581.78   281.55   180.35   130.87   109.58  0 -1.79e-06      0.00 6.566e-01 3.394e-01 3.513e-04 1.069e-03 1.235e-03 -1.000 4.000e-03 -8.501 -7.948 -7.025 -8.890
0.004 -0.58336 6.94001 22.7642803192 2.6311680322   21.599  5.340  3.5864 -0.270    7  0.000  0.377   623.49   305.19   194.78   141.52   118.52  0 -2.09e-06      0.00 6.518e-01 3.442e-01 3.395e-04 1.116e-03 1.199e-03 -1.000 4.000e-03 -8.581 -7.995 -7.041 -8.952
0.004 -0.58336 6.94001 22.7667388916 2.6311684210   21.598  5.358  3.5846 -0.295    7  0.000  0.376   648.16   319.31   203.38   147.86   123.84  0 -2.28e-06      0.00 6.491e-01 3.469e-01 3.329e-04 1.142e-03 1.179e-03 -1.000 4.000e-03 -8.625 -8.020 -7.048 -8.987
0.004 -0.58336 6.94001 22.7699089050 2.6311689223   21.598  5.380  3.5824 -0.326    7  0.000  0.374   679.65   337.44   214.39   156.00   130.67  0 -2.54e-06      0.00 6.462e-01 3.498e-01 3.256e-04 1.170e-03 1.156e-03 -1.000 4.000e-03 -8.680 -8.051 -7.053 -9.030
0.004 -0.58336 6.94001 22.7739276886 2.6311695575   21.597  5.403  3.5801 -0.358    7  0.000  0.374   714.25   357.53   226.57   165.00   138.23  0 -2.86e-06      0.00 6.448e-01 3.512e-01 3.226e-04 1.183e-03 1.146e-03 -1.000 3.993e-03 -8.737 -8.083 -7.057 -9.075
0.004 -0.58336 6.94001 22.7783222198 2.6311702517   21.595  5.430  3.5776 -0.396    7  0.000  0.374   757.14   382.66   241.75   176.23   147.67  0  -3.3e-06      0.01 6.425e-01 3.536e-01 3.189e-04 1.199e-03 1.134e-03 -1.000 3.929e-03 -8.806 -8.124 -7.071 -9.127
