Zini MH logAge Mini int_IMF Mass logL logTe logg label McoreTP C_O period0 period1 period2 period3 period4 pmode Mloss tau1m X Y Xc Xn Xo Cexcess Z mbolmag Gmag G_BPmag G_RPmag
0.004 -0.58336 8.45000 0.0900000036 1.0816895926    0.090 -3.022  3.4399  5.126    0  0.000  0.545     0.00     0.00     0.00     0.00     0.00 -1  -1.1e-16      0.00 7.399e-01 2.561e-01 7.193e-04 1.940e-04 1.760e-03 -1.000 4.000e-03 12.325 13.790 16.293 12.392
0.004 -0.58336 8.45000 0.0918029249 1.0987392496    0.092 -3.005  3.4424  5.128    0  0.000  0.545     0.00     0.00     0.00     0.00     0.00 -1 -1.13e-16      0.00 7.399e-01 2.561e-01 7.193e-04 1.940e-04 1.760e-03 -1.000 4.000e-03 12.283 13.724 16.181 12.332
0.004 -0.58336 8.45000 0.0976902544 1.1515174309    0.098 -2.947  3.4510  5.131    0  0.000  0.545     0.00     0.00     0.00     0.00     0.00 -1 -1.25e-16      0.00 7.399e-01 2.561e-01 7.193e-04 1.940e-04 1.760e-03 -1.000 4.000e-03 12.139 13.498 15.804 12.132
0.004 -0.58336 8.45000 0.1000000015 1.1711064122    0.100 -2.925  3.4544  5.132    0  0.000  0.545     0.00     0.00     0.00     0.00     0.00 -1  -1.3e-16      0.00 7.399e-01 2.561e-01 7.193e-04 1.940e-04 1.760e-03 -1.000 4.000e-03 12.082 13.409 15.650 12.053
0.004 -0.58336 8.45000 0.1033712924 1.1986663279    0.103 -2.896  3.4582  5.134    0  0.000  0.545     0.00     0.00     0.00     0.00     0.00 -1 -1.36e-16      0.00 7.399e-01 2.561e-01 7.193e-04 1.940e-04 1.760e-03 -1.000 4.000e-03 12.011 13.301 15.471 11.958
0.004 -0.58336 8.45000 0.1100247279 1.2497771603    0.110 -2.839  3.4661  5.135    0  0.000  0.545     0.00     0.00     0.00     0.00     0.00 -1  -1.5e-16      0.00 7.399e-01 2.561e-01 7.193e-04 1.940e-04 1.760e-03 -1.000 4.000e-03 11.868 13.084 15.119 11.768
0.004 -0.58336 8.45000 0.1155648828 1.2893626823    0.116 -2.788  3.4729  5.132    0  0.000  0.545     0.00     0.00     0.00     0.00     0.00 -1 -1.64e-16      0.00 7.399e-01 2.561e-01 7.193e-04 1.940e-04 1.760e-03 -1.000 4.000e-03 11.741 12.895 14.816 11.602
0.004 -0.58336 8.45000 0.1199999973 1.3193154249    0.120 -2.746  3.4783  5.129    0  0.000  0.545     0.00     0.00     0.00     0.00     0.00 -1 -1.78e-16      0.00 7.399e-01 2.561e-01 7.193e-04 1.940e-04 1.760e-03 -1.000 4.000e-03 11.636 12.740 14.572 11.466
0.004 -0.58336 8.45000 0.1400000006 1.4384526719    0.140 -2.598  3.4949  5.113    0  0.000  0.545     0.00     0.00     0.00     0.00     0.00 -1 -2.37e-16      0.00 7.399e-01 2.561e-01 7.193e-04 1.940e-04 1.760e-03 -1.000 4.000e-03 11.265 12.222 13.808 11.010
0.004 -0.58336 8.45000 0.1599999964 1.5372931554    0.160 -2.468  3.5072  5.091    0  0.000  0.545     0.00     0.00     0.00     0.00     0.00 -1 -3.08e-16      0.00 7.399e-01 2.561e-01 7.193e-04 1.940e-04 1.760e-03 -1.000 4.000e-03 10.941 11.796 13.231 10.630
0.004 -0.58336 8.45000 0.1999999881 1.6938790356    0.200 -2.268  3.5244  5.057    0  0.000  0.545     0.00     0.00     0.00     0.00     0.00 -1 -4.52e-16      0.00 7.398e-01 2.562e-01 7.193e-04 1.940e-04 1.760e-03 -1.000 4.000e-03 10.441 11.167 12.425 10.063
0.004 -0.58336 8.45000 0.2208040655 1.7600355896    0.221 -2.190  3.5305  5.046    0  0.000  0.545     0.00     0.00     0.00     0.00     0.00 -1 -5.23e-16      0.00 7.398e-01 2.562e-01 7.193e-04 1.940e-04 1.760e-03 -1.000 4.000e-03 10.245 10.930 12.137 9.846
0.004 -0.58336 8.45000 0.2500000000 1.8403257998    0.250 -2.089  3.5381  5.030    0  0.000  0.545     0.00     0.00     0.00     0.00     0.00 -1 -6.31e-16      0.00 7.398e-01 2.562e-01 7.193e-04 1.940e-04 1.760e-03 -1.000 4.000e-03 9.993 10.630 11.779 9.570
0.004 -0.58336 8.45000 0.3000000119 1.9529139769    0.300 -1.941  3.5477  4.999    0  0.000  0.545     0.00     0.00     0.00     0.00     0.00 -1 -8.35e-16      0.00 7.398e-01 2.562e-01 7.193e-04 1.940e-04 1.760e-03 -1.000 4.000e-03 9.622 10.201 11.283 9.171
0.004 -0.58336 8.45000 0.3499999642 2.0434174156    0.350 -1.795  3.5575  4.959    0  0.000  0.545     0.00     0.00     0.00     0.00     0.00 -1 -1.14e-15      0.00 7.399e-01 2.561e-01 7.193e-04 1.940e-04 1.760e-03 -1.000 4.000e-03 9.257 9.782 10.803 8.780
0.004 -0.58336 8.45000 0.3999999762 2.1185023988    0.400 -1.637  3.5694  4.907    0  0.000  0.545     0.00     0.00     0.00     0.00     0.00 -1 -1.62e-15      0.00 7.399e-01 2.561e-01 7.193e-04 1.940e-04 1.760e-03 -1.000 4.000e-03 8.863 9.326 10.279 8.359
0.004 -0.58336 8.45000 0.4098732173 2.1318914100    0.410 -1.603  3.5722  4.894    0  0.000  0.545     0.00     0.00     0.00     0.00     0.00 -1 -1.75e-15      0.00 7.399e-01 2.561e-01 7.193e-04 1.940e-04 1.760e-03 -1.000 4.000e-03 8.777 9.227 10.166 8.267
0.004 -0.58336 8.45000 0.4499999881 2.1822809009    0.450 -1.469  3.5835  4.846    0  0.000  0.545     0.00     0.00     0.00     0.00     0.00 -1 -2.41e-15      0.00 7.399e-01 2.561e-01 7.193e-04 1.940e-04 1.760e-03 -1.000 4.000e-03 8.444 8.842 9.727 7.911
0.004 -0.58336 8.45000 0.4999999702 2.2374541023    0.500 -1.294  3.6022  4.792    0  0.000  0.545     0.00     0.00     0.00     0.00     0.00 -1 -3.64e-15      0.00 7.399e-01 2.561e-01 7.193e-04 1.940e-04 1.760e-03 -1.000 4.000e-03 8.004 8.327 9.133 7.443
0.004 -0.58336 8.45000 0.5500000119 2.2836582633    0.550 -1.117  3.6284  4.761    0  0.000  0.545     0.00     0.00     0.00     0.00     0.00 -1  -5.4e-15      0.00 7.407e-01 2.553e-01 7.174e-04 1.936e-04 1.755e-03 -1.000 4.000e-03 7.562 7.793 8.497 6.975
0.004 -0.58336 8.45000 0.5999999642 2.3211212854    0.600 -0.942  3.6553  4.731    0  0.000  0.545     0.00     0.00     0.00     0.00     0.00 -1 -7.99e-15      0.00 7.408e-01 2.552e-01 7.170e-04 1.935e-04 1.755e-03 -1.000 4.000e-03 7.124 7.256 7.851 6.515
0.004 -0.58336 8.45000 0.6275979877 2.3388846513    0.627 -0.847  3.6706  4.717    0  0.000  0.545     0.00     0.00     0.00     0.00     0.00 -1 -9.85e-15      0.00 7.409e-01 2.551e-01 7.167e-04 1.934e-04 1.754e-03 -1.000 4.000e-03 6.888 6.967 7.507 6.269
0.004 -0.58336 8.45000 0.6499999166 2.3520352771    0.650 -0.776  3.6828  4.710    0  0.000  0.545     0.00     0.00     0.00     0.00     0.00 -1 -1.15e-14      0.00 7.410e-01 2.550e-01 7.166e-04 1.933e-04 1.753e-03 -1.000 4.000e-03 6.709 6.750 7.250 6.084
0.004 -0.58336 8.45000 0.6859475970 2.3710877737    0.686 -0.666  3.7016  4.698    0  0.000  0.545     0.00     0.00     0.00     0.00     0.00 -1 -1.47e-14      0.00 7.411e-01 2.550e-01 7.163e-04 1.933e-04 1.753e-03 -1.000 3.927e-03 6.434 6.424 6.873 5.803
0.004 -0.58336 8.45000 0.6999999881 2.3779266974    0.700 -0.624  3.7089  4.695    0  0.000  0.545     0.00     0.00     0.00     0.00     0.00 -1  -1.6e-14      0.00 7.412e-01 2.549e-01 7.163e-04 1.932e-04 1.753e-03 -1.000 3.910e-03 6.331 6.305 6.736 5.701
0.004 -0.58336 8.45000 0.7477272749 2.3989636747    0.748 -0.489  3.7316  4.680    0  0.000  0.538     0.00     0.00     0.00     0.00     0.00 -1 -2.15e-14      0.00 7.413e-01 2.547e-01 7.067e-04 1.928e-04 1.752e-03 -1.000 3.997e-03 5.994 5.932 6.311 5.377
0.004 -0.58336 8.45000 0.7954545617 2.4171243451    0.795 -0.364  3.7505  4.657    0  0.000  0.538     0.00     0.00     0.00     0.00     0.00 -1 -2.86e-14      0.00 7.416e-01 2.544e-01 7.056e-04 1.927e-04 1.750e-03 -1.000 3.964e-03 5.680 5.601 5.941 5.086
0.004 -0.58336 8.45000 0.8431818485 2.4329412586    0.843 -0.246  3.7669  4.629    0  0.000  0.538     0.00     0.00     0.00     0.00     0.00 -1 -3.76e-14      0.00 7.420e-01 2.540e-01 7.047e-04 1.925e-04 1.748e-03 -1.000 3.958e-03 5.385 5.299 5.606 4.820
0.004 -0.58336 8.45000 0.8909090757 2.4468253017    0.890 -0.133  3.7810  4.596    1  0.000  0.538     0.00     0.00     0.00     0.00     0.00 -1 -4.93e-14      0.00 7.426e-01 2.534e-01 7.032e-04 1.921e-04 1.744e-03 -1.000 3.941e-03 5.102 5.016 5.295 4.567
0.004 -0.58336 8.45000 0.9386363626 2.4590982838    0.938 -0.025  3.7933  4.560    1  0.000  0.538     0.00     0.00     0.00     0.00     0.00 -1 -6.41e-14      0.00 7.437e-01 2.524e-01 7.007e-04 1.914e-04 1.738e-03 -1.000 3.924e-03 4.833 4.749 5.006 4.328
0.004 -0.58336 8.45000 0.9863637090 2.4700155298    0.986  0.078  3.8045  4.524    1  0.000  0.537     0.00     0.00     0.00     0.00     0.00 -1 -8.26e-14      0.00 7.442e-01 2.518e-01 6.999e-04 1.912e-04 1.737e-03 -1.000 3.967e-03 4.576 4.496 4.732 4.100
0.004 -0.58336 8.45000 0.9993907809 2.4727878309    0.999  0.105  3.8075  4.515    1  0.000  0.537     0.00     0.00     0.00     0.00     0.00 -1 -8.71e-14      0.00 7.443e-01 2.518e-01 6.999e-04 1.912e-04 1.737e-03 -1.000 3.968e-03 4.508 4.430 4.661 4.041
0.004 -0.58336 8.45000 1.0340908766 2.4797820107    1.034  0.174  3.8152  4.491    1  0.000  0.537     0.00     0.00     0.00     0.00     0.00 -1 -9.96e-14      0.00 7.443e-01 2.517e-01 7.000e-04 1.912e-04 1.737e-03 -1.000 3.965e-03 4.334 4.258 4.476 3.886
0.004 -0.58336 8.45000 1.0818182230 2.4885641938    1.081  0.268  3.8257  4.459    1  0.000  0.537     0.00     0.00     0.00     0.00     0.00 -1 -1.16e-13      0.00 7.445e-01 2.516e-01 6.998e-04 1.911e-04 1.736e-03 -1.000 3.926e-03 4.100 4.026 4.227 3.678
0.004 -0.58336 8.45000 1.0900908709 2.4899967625    1.089  0.284  3.8276  4.454    1  0.000  0.537     0.00     0.00     0.00     0.00     0.00 -1 -1.19e-13      0.00 7.445e-01 2.516e-01 6.997e-04 1.911e-04 1.736e-03 -1.000 3.920e-03 4.061 3.988 4.186 3.643
0.004 -0.58336 8.45000 1.1295454502 2.4964983821    1.129  0.356  3.8365  4.432    1  0.000  0.537     0.00     0.00     0.00     0.00     0.00 -1 -1.33e-13      0.00 7.445e-01 2.516e-01 6.998e-04 1.911e-04 1.736e-03 -1.000 3.907e-03 3.879 3.809 3.993 3.484
0.004 -0.58336 8.45000 1.1772727966 2.5036973537    1.176  0.440  3.8480  4.413    1  0.000  0.537     0.00     0.00     0.00     0.00     0.00 -1 -1.48e-13      0.00 7.445e-01 2.516e-01 6.998e-04 1.911e-04 1.736e-03 -1.000 3.908e-03 3.671 3.604 3.770 3.305
0.004 -0.58336 8.45000 1.2250000238 2.5102550374    1.224  0.518  3.8607  4.402    1  0.000  0.537     0.00     0.00     0.00     0.00     0.00 -1  -1.6e-13      0.00 7.446e-01 2.514e-01 6.994e-04 1.911e-04 1.736e-03 -1.000 3.947e-03 3.474 3.411 3.559 3.142
0.004 -0.58336 8.45000 1.2727272511 2.5162503525    1.272  0.594  3.8753  4.402    1  0.000  0.537     0.00     0.00     0.00     0.00     0.00 -1 -1.68e-13      0.00 7.448e-01 2.513e-01 6.991e-04 1.910e-04 1.735e-03 -1.000 3.945e-03 3.286 3.229 3.356 2.995
0.004 -0.58336 8.45000 1.2875533104 2.5180090109    1.287  0.616  3.8802  4.404    1  0.000  0.537     0.00     0.00     0.00     0.00     0.00 -1 -1.69e-13      0.00 7.448e-01 2.512e-01 6.990e-04 1.909e-04 1.735e-03 -1.000 3.944e-03 3.229 3.175 3.295 2.952
0.004 -0.58336 8.45000 1.3204547167 2.5217500316    1.320  0.666  3.8910  4.409    1  0.000  0.537     0.00     0.00     0.00     0.00     0.00 -1 -1.71e-13      0.00 7.449e-01 2.511e-01 6.988e-04 1.909e-04 1.734e-03 -1.000 3.941e-03 3.106 3.058 3.163 2.861
0.004 -0.58336 8.45000 1.3430557251 2.5241980854    1.343  0.699  3.8984  4.413    1  0.000  0.537     0.00     0.00     0.00     0.00     0.00 -1 -1.71e-13      0.00 7.450e-01 2.510e-01 6.986e-04 1.908e-04 1.734e-03 -1.000 3.959e-03 3.023 2.981 3.076 2.802
0.004 -0.58336 8.45000 1.3681819439 2.5268107737    1.368  0.735  3.9065  4.417    1  0.000  0.537     0.00     0.00     0.00     0.00     0.00 -1 -1.71e-13      0.00 7.451e-01 2.510e-01 6.984e-04 1.908e-04 1.733e-03 -1.000 3.973e-03 2.933 2.898 2.982 2.740
0.004 -0.58336 8.45000 1.4159091711 2.5314811780    1.416  0.801  3.9214  4.425    1  0.000  0.537     0.00     0.00     0.00     0.00     0.00 -1 -1.66e-13      0.00 7.452e-01 2.508e-01 6.981e-04 1.907e-04 1.733e-03 -1.000 3.938e-03 2.767 2.751 2.815 2.628
0.004 -0.58336 8.45000 1.4292248487 2.5327203676    1.429  0.820  3.9254  4.427    1  0.000  0.537     0.00     0.00     0.00     0.00     0.00 -1 -1.63e-13      0.00 7.453e-01 2.508e-01 6.980e-04 1.907e-04 1.732e-03 -1.000 3.944e-03 2.721 2.712 2.771 2.599
0.004 -0.58336 8.45000 1.4636363983 2.5358030388    1.464  0.866  3.9355  4.431    1  0.000  0.537     0.00     0.00     0.00     0.00     0.00 -1 -1.56e-13      0.00 7.454e-01 2.507e-01 6.978e-04 1.907e-04 1.732e-03 -1.000 3.978e-03 2.605 2.617 2.664 2.528
0.004 -0.58336 8.45000 1.4686019421 2.5362341693    1.469  0.872  3.9369  4.432    1  0.000  0.537     0.00     0.00     0.00     0.00     0.00 -1 -1.54e-13      0.00 7.454e-01 2.507e-01 6.978e-04 1.906e-04 1.732e-03 -1.000 3.975e-03 2.589 2.604 2.649 2.518
0.004 -0.58336 8.45000 1.5113636255 2.5398125027    1.511  0.928  3.9487  4.436    1  0.000  0.537     0.00     0.00     0.00     0.00     0.00 -1  -1.4e-13      0.00 7.455e-01 2.506e-01 6.976e-04 1.906e-04 1.731e-03 -1.000 3.948e-03 2.450 2.498 2.530 2.435
0.004 -0.58336 8.45000 1.5590909719 2.5435409894    1.559  0.988  3.9612  4.440    1  0.000  0.537     0.00     0.00     0.00     0.00     0.00 -1 -1.17e-13      0.00 7.456e-01 2.504e-01 6.973e-04 1.905e-04 1.730e-03 -1.000 3.964e-03 2.301 2.389 2.410 2.348
0.004 -0.58336 8.45000 1.6068181992 2.5470158979    1.606  1.045  3.9725  4.441    1  0.000  0.537     0.00     0.00     0.00     0.00     0.00 -1 -8.59e-14      0.00 7.457e-01 2.503e-01 6.971e-04 1.904e-04 1.730e-03 -1.000 3.949e-03 2.157 2.287 2.299 2.264
0.004 -0.58336 8.45000 1.6545455456 2.5502612770    1.654  1.100  3.9830  4.440    1  0.000  0.537     0.00     0.00     0.00     0.00     0.00 -1 -1.58e-15      0.00 7.458e-01 2.503e-01 6.969e-04 1.904e-04 1.729e-03 -1.000 3.925e-03 2.020 2.191 2.196 2.182
0.004 -0.58336 8.45000 1.6778054237 2.5517661721    1.677  1.126  3.9877  4.439    1  0.000  0.537     0.00     0.00     0.00     0.00     0.00 -1 -5.49e-23      0.00 7.459e-01 2.502e-01 6.968e-04 1.903e-04 1.729e-03 -1.000 3.920e-03 1.954 2.145 2.147 2.143
0.004 -0.58336 8.45000 1.7022727728 2.5532982573    1.701  1.153  3.9925  4.438    1  0.000  0.537     0.00     0.00     0.00     0.00     0.00 -1    -1e-30      0.00 7.459e-01 2.501e-01 6.967e-04 1.903e-04 1.729e-03 -1.000 3.934e-03 1.887 2.098 2.097 2.102
0.004 -0.58336 8.45000 1.7500000000 2.5561455243    1.749  1.205  4.0014  4.434    1  0.000  0.537     0.00     0.00     0.00     0.00     0.00 -1    -1e-30      0.00 7.460e-01 2.501e-01 6.965e-04 1.903e-04 1.729e-03 -1.000 3.900e-03 1.757 2.009 2.002 2.022
0.004 -0.58336 8.45000 1.7901660204 2.5584069062    1.789  1.247  4.0085  4.429    1  0.000  0.537     0.00     0.00     0.00     0.00     0.00 -1    -1e-30      0.00 7.461e-01 2.500e-01 6.964e-04 1.903e-04 1.729e-03 -1.000 3.902e-03 1.652 1.936 1.925 1.956
0.004 -0.58336 8.45000 1.7999999523 2.5589429085    1.799  1.258  4.0102  4.428    1  0.000  0.537     0.00     0.00     0.00     0.00     0.00 -1    -1e-30      0.00 7.461e-01 2.500e-01 6.963e-04 1.902e-04 1.728e-03 -1.000 3.900e-03 1.626 1.918 1.907 1.940
0.004 -0.58336 8.45000 1.8011641502 2.5590059182    1.800  1.259  4.0104  4.428    1  0.000  0.537     0.00     0.00     0.00     0.00     0.00 -1    -1e-30      0.00 7.461e-01 2.500e-01 6.963e-04 1.902e-04 1.728e-03 -1.000 3.900e-03 1.623 1.916 1.905 1.938
0.004 -0.58336 8.45000 1.8500000238 2.5615671203    1.849  1.309  4.0184  4.422    1  0.000  0.537     0.00     0.00     0.00     0.00     0.00 -1    -1e-30      0.00 7.461e-01 2.500e-01 6.963e-04 1.902e-04 1.728e-03 -1.000 3.900e-03 1.498 1.829 1.814 1.859
0.004 -0.58336 8.45000 1.8999999762 2.5640331260    1.899  1.359  4.0262  4.415    1  0.000  0.537     0.00     0.00     0.00     0.00     0.00 -1    -1e-30      0.00 7.462e-01 2.499e-01 6.962e-04 1.902e-04 1.728e-03 -1.000 3.900e-03 1.373 1.743 1.724 1.779
0.004 -0.58336 8.45000 1.9500000477 2.5663542714    1.950  1.408  4.0338  4.407    1  0.000  0.537     0.00     0.00     0.00     0.00     0.00 -1    -1e-30      0.00 7.462e-01 2.499e-01 6.961e-04 1.902e-04 1.728e-03 -1.000 3.900e-03 1.250 1.658 1.635 1.701
0.004 -0.58336 8.45000 1.9643644094 2.5669960298    1.964  1.422  4.0359  4.405    1  0.000  0.537     0.00     0.00     0.00     0.00     0.00 -1    -1e-30      0.00 7.462e-01 2.499e-01 6.961e-04 1.902e-04 1.728e-03 -1.000 3.902e-03 1.216 1.633 1.610 1.678
0.004 -0.58336 8.45000 2.0000000000 2.5685424513    2.000  1.456  4.0408  4.398    1  0.000  0.537     0.00     0.00     0.00     0.00     0.00 -1    -1e-30      0.00 7.462e-01 2.499e-01 6.961e-04 1.902e-04 1.728e-03 -1.000 3.918e-03 1.129 1.572 1.547 1.621
0.004 -0.58336 8.45000 2.0499999523 2.5706083333    2.050  1.504  4.0476  4.388    1  0.000  0.537     0.00     0.00     0.00     0.00     0.00 -1    -1e-30      0.00 7.462e-01 2.499e-01 6.960e-04 1.902e-04 1.728e-03 -1.000 3.900e-03 1.011 1.489 1.461 1.542
0.004 -0.58336 8.45000 2.0999999046 2.5725614918    2.099  1.551  4.0539  4.377    1  0.000  0.537     0.00     0.00     0.00     0.00     0.00 -1    -1e-30      0.00 7.463e-01 2.498e-01 6.960e-04 1.902e-04 1.728e-03 -1.000 3.949e-03 0.893 1.404 1.373 1.462
0.004 -0.58336 8.45000 2.1500000954 2.5744105556    2.149  1.597  4.0600  4.365    1  0.000  0.537     0.00     0.00     0.00     0.00     0.00 -1    -1e-30      0.00 7.463e-01 2.498e-01 6.960e-04 1.901e-04 1.727e-03 -1.000 3.900e-03 0.777 1.320 1.287 1.383
0.004 -0.58336 8.45000 2.2000000477 2.5761632879    2.199  1.643  4.0658  4.352    1  0.000  0.537     0.00     0.00     0.00     0.00     0.00 -1    -1e-30      0.00 7.463e-01 2.498e-01 6.960e-04 1.902e-04 1.728e-03 -1.000 3.926e-03 0.663 1.236 1.201 1.302
0.004 -0.58336 8.45000 2.2332434654 2.5772788035    2.232  1.673  4.0694  4.344    1  0.000  0.537     0.00     0.00     0.00     0.00     0.00 -1    -1e-30      0.00 7.463e-01 2.498e-01 6.960e-04 1.901e-04 1.727e-03 -1.000 3.900e-03 0.588 1.181 1.144 1.249
0.004 -0.58336 8.45000 2.2500000000 2.5778267375    2.249  1.688  4.0711  4.339    1  0.000  0.537     0.00     0.00     0.00     0.00     0.00 -1    -1e-30      0.00 7.463e-01 2.498e-01 6.960e-04 1.901e-04 1.727e-03 -1.000 3.900e-03 0.551 1.153 1.115 1.222
0.004 -0.58336 8.45000 2.2999999523 2.5794072884    2.299  1.732  4.0761  4.324    1  0.000  0.537     0.00     0.00     0.00     0.00     0.00 -1    -1e-30      0.00 7.463e-01 2.498e-01 6.960e-04 1.901e-04 1.727e-03 -1.000 3.942e-03 0.439 1.068 1.029 1.141
0.004 -0.58336 8.45000 2.3383796215 2.5805679219    2.337  1.766  4.0797  4.311    1  0.000  0.537     0.00     0.00     0.00     0.00     0.00 -1    -1e-30      0.00 7.463e-01 2.498e-01 6.960e-04 1.901e-04 1.727e-03 -1.000 3.901e-03 0.355 1.002 0.962 1.077
0.004 -0.58336 8.45000 2.3499999046 2.5809107422    2.349  1.776  4.0808  4.308    1  0.000  0.537     0.00     0.00     0.00     0.00     0.00 -1    -1e-30      0.00 7.463e-01 2.498e-01 6.960e-04 1.902e-04 1.728e-03 -1.000 3.900e-03 0.329 0.982 0.942 1.058
0.004 -0.58336 8.45000 2.3706209660 2.5815095979    2.369  1.795  4.0826  4.301    1  0.000  0.537     0.00     0.00     0.00     0.00     0.00 -1    -1e-30      0.00 7.463e-01 2.498e-01 6.960e-04 1.902e-04 1.728e-03 -1.000 3.900e-03 0.284 0.947 0.906 1.024
0.004 -0.58336 8.45000 2.4000000954 2.5823423892    2.399  1.820  4.0851  4.290    1  0.000  0.537     0.00     0.00     0.00     0.00     0.00 -1    -1e-30      0.00 7.463e-01 2.498e-01 6.960e-04 1.902e-04 1.728e-03 -1.000 3.900e-03 0.219 0.896 0.854 0.974
0.004 -0.58336 8.45000 2.4679305553 2.5841809509    2.467  1.880  4.0903  4.264    1  0.000  0.537     0.00     0.00     0.00     0.00     0.00 -1    -1e-30      0.00 7.443e-01 2.517e-01 7.003e-04 1.913e-04 1.738e-03 -1.000 3.935e-03 0.071 0.776 0.732 0.858
0.004 -0.58336 8.45000 2.5323085785 2.5858190821    2.532  1.936  4.0945  4.236    1  0.000  0.537     0.00     0.00     0.00     0.00     0.00 -1    -1e-30      0.00 7.423e-01 2.537e-01 7.048e-04 1.925e-04 1.749e-03 -1.000 3.967e-03 -0.069 0.658 0.613 0.742
0.004 -0.58336 8.45000 2.5905709267 2.5872211700    2.590  1.986  4.0977  4.208    1  0.000  0.537     0.00     0.00     0.00     0.00     0.00 -1    -1e-30      0.00 7.403e-01 2.557e-01 7.092e-04 1.936e-04 1.759e-03 -1.000 3.995e-03 -0.196 0.549 0.502 0.635
0.004 -0.58336 8.45000 2.5999999046 2.5874412955    2.600  1.995  4.0981  4.203    1  0.000  0.537     0.00     0.00     0.00     0.00     0.00 -1    -1e-30      0.00 7.400e-01 2.560e-01 7.099e-04 1.938e-04 1.761e-03 -1.000 4.000e-03 -0.217 0.531 0.484 0.617
0.004 -0.58336 8.45000 2.6441869736 2.5884488608    2.644  2.033  4.0998  4.179    1  0.000  0.537     0.00     0.00     0.00     0.00     0.00 -1    -1e-30      0.00 7.400e-01 2.560e-01 7.099e-04 1.938e-04 1.761e-03 -1.000 4.000e-03 -0.312 0.444 0.397 0.532
0.004 -0.58336 8.45000 2.7119064331 2.5899199849    2.712  2.093  4.1008  4.134    1  0.000  0.537     0.00     0.00     0.00     0.00     0.00 -1    -1e-30      0.00 7.400e-01 2.560e-01 7.099e-04 1.938e-04 1.761e-03 -1.000 4.000e-03 -0.461 0.300 0.252 0.388
0.004 -0.58336 8.45000 2.7636847496 2.5909890507    2.764  2.139  4.1006  4.095    1  0.000  0.537     0.00     0.00     0.00     0.00     0.00 -1    -1e-30      0.00 7.400e-01 2.560e-01 7.099e-04 1.938e-04 1.761e-03 -1.000 4.000e-03 -0.577 0.182 0.135 0.270
0.004 -0.58336 8.45000 2.7999999523 2.5917117820    2.800  2.172  4.0996  4.064    1  0.000  0.537     0.00     0.00     0.00     0.00     0.00 -1    -1e-30      0.00 7.400e-01 2.560e-01 7.099e-04 1.938e-04 1.761e-03 -1.000 4.000e-03 -0.659 0.095 0.047 0.182
0.004 -0.58336 8.45000 2.8181505203 2.5920649895    2.818  2.188  4.0991  4.049    1  0.000  0.537     0.00     0.00     0.00     0.00     0.00 -1    -1e-30      0.00 7.400e-01 2.560e-01 7.099e-04 1.938e-04 1.761e-03 -1.000 4.000e-03 -0.700 0.052 0.004 0.139
0.004 -0.58336 8.45000 2.8672089577 2.5929939776    2.868  2.232  4.0961  3.999    1  0.000  0.537     0.00     0.00     0.00     0.00     0.00 -1    -1e-30      0.00 7.400e-01 2.560e-01 7.099e-04 1.938e-04 1.761e-03 -1.000 4.000e-03 -0.811 -0.077 -0.124 0.008
0.004 -0.58336 8.45000 2.9136610031 2.5938405316    2.914  2.275  4.0916  3.945    1  0.000  0.537     0.00     0.00     0.00     0.00     0.00 -1    -1e-30      0.00 7.400e-01 2.560e-01 7.099e-04 1.938e-04 1.761e-03 -1.000 4.000e-03 -0.918 -0.210 -0.255 -0.127
0.004 -0.58336 8.45000 2.9521725178 2.5945191953    2.952  2.311  4.0863  3.894    1  0.000  0.537     0.00     0.00     0.00     0.00     0.00 -1    -1e-30      0.00 7.400e-01 2.560e-01 7.099e-04 1.938e-04 1.761e-03 -1.000 4.000e-03 -1.008 -0.328 -0.372 -0.249
0.004 -0.58336 8.45000 2.9896347523 2.5951601120    2.990  2.347  4.0788  3.834    1  0.000  0.537     0.00     0.00     0.00     0.00     0.00 -1    -1e-30      0.00 7.400e-01 2.560e-01 7.099e-04 1.938e-04 1.761e-03 -1.000 4.000e-03 -1.098 -0.460 -0.501 -0.385
0.004 -0.58336 8.45000 3.0000000000 2.5953341962    3.000  2.357  4.0763  3.815    1  0.000  0.537     0.00     0.00     0.00     0.00     0.00 -1    -1e-30      0.00 7.400e-01 2.560e-01 7.099e-04 1.938e-04 1.761e-03 -1.000 4.000e-03 -1.123 -0.499 -0.539 -0.425
0.004 -0.58336 8.45000 3.0227158070 2.5957109106    3.023  2.379  4.0708  3.775    1  0.000  0.537     0.00     0.00     0.00     0.00     0.00 -1    -1e-30      0.00 7.400e-01 2.560e-01 7.099e-04 1.938e-04 1.761e-03 -1.000 4.000e-03 -1.178 -0.583 -0.622 -0.513
0.004 -0.58336 8.45000 3.0472898483 2.5961111773    3.047  2.404  4.0638  3.725    1  0.000  0.537     0.00     0.00     0.00     0.00     0.00 -1    -1e-30      0.00 7.400e-01 2.560e-01 7.099e-04 1.938e-04 1.761e-03 -1.000 4.000e-03 -1.240 -0.682 -0.719 -0.617
0.004 -0.58336 8.45000 3.0697228909 2.5964701436    3.070  2.429  4.0578  3.679    1  0.000  0.537     0.00     0.00     0.00     0.00     0.00 -1    -1e-30      0.00 7.400e-01 2.560e-01 7.099e-04 1.938e-04 1.761e-03 -1.000 4.000e-03 -1.302 -0.777 -0.812 -0.715
0.004 -0.58336 8.45000 3.0854449272 2.5967181480    3.085  2.448  4.0547  3.650    1  0.000  0.537     0.00     0.00     0.00     0.00     0.00 -1    -1e-30      0.00 7.400e-01 2.560e-01 7.099e-04 1.938e-04 1.761e-03 -1.000 4.000e-03 -1.349 -0.841 -0.874 -0.781
0.004 -0.58336 8.45000 3.0959036350 2.5968815235    3.096  2.469  4.0626  3.662    1  0.000  0.537     0.00     0.00     0.00     0.00     0.00 -1    -1e-30      0.00 7.400e-01 2.560e-01 7.099e-04 1.938e-04 1.761e-03 -1.000 4.000e-03 -1.402 -0.852 -0.888 -0.787
0.004 -0.58336 8.45000 3.1005239487 2.5969532939    3.100  2.483  4.0708  3.682    1  0.000  0.537     0.00     0.00     0.00     0.00     0.00 -1    -1e-30      0.00 7.400e-01 2.560e-01 7.099e-04 1.938e-04 1.761e-03 -1.000 4.000e-03 -1.437 -0.843 -0.882 -0.773
0.004 -0.58336 8.45000 3.1024270058 2.5969827839    3.102  2.495  4.0803  3.708    1  0.000  0.537     0.00     0.00     0.00     0.00     0.00 -1    -1e-30      0.00 7.400e-01 2.560e-01 7.099e-04 1.938e-04 1.761e-03 -1.000 4.000e-03 -1.468 -0.823 -0.865 -0.748
0.004 -0.58336 8.45000 3.1035315990 2.5969998817    3.103  2.511  4.0914  3.737    1  0.000  0.537     0.00     0.00     0.00     0.00     0.00 -1    -1e-30      0.00 7.400e-01 2.560e-01 7.099e-04 1.938e-04 1.761e-03 -1.000 4.000e-03 -1.506 -0.801 -0.847 -0.719
0.004 -0.58336 8.45000 3.1040601730 2.5970080584    3.104  2.526  4.1011  3.760    1  0.000  0.537     0.00     0.00     0.00     0.00     0.00 -1    -1e-30      0.00 7.400e-01 2.560e-01 7.099e-04 1.938e-04 1.761e-03 -1.000 4.000e-03 -1.546 -0.787 -0.836 -0.699
0.004 -0.58336 8.45000 3.1043653488 2.5970127779    3.104  2.541  4.1091  3.777    1  0.000  0.537     0.00     0.00     0.00     0.00     0.00 -1    -1e-30      0.00 7.400e-01 2.560e-01 7.099e-04 1.938e-04 1.761e-03 -1.000 4.000e-03 -1.583 -0.779 -0.830 -0.687
0.004 -0.58336 8.45000 3.1045670509 2.5970158966    3.104  2.550  4.1143  3.789    1  0.000  0.537     0.00     0.00     0.00     0.00     0.00 -1    -1e-30      0.00 7.400e-01 2.560e-01 7.099e-04 1.938e-04 1.761e-03 -1.000 4.000e-03 -1.605 -0.772 -0.825 -0.677
0.004 -0.58336 8.45000 3.1046843529 2.5970177101    3.104  2.531  4.1093  3.788    2  0.000  0.537     0.00     0.00     0.00     0.00     0.00 -1    -1e-30      0.00 7.400e-01 2.560e-01 7.099e-04 1.938e-04 1.761e-03 -1.000 4.000e-03 -1.557 -0.752 -0.803 -0.660
0.004 -0.58336 8.45000 3.1047844887 2.5970192580    3.104  2.508  4.1007  3.776    2  0.000  0.537     0.00     0.00     0.00     0.00     0.00 -1    -1e-30      0.00 7.400e-01 2.560e-01 7.099e-04 1.938e-04 1.761e-03 -1.000 4.000e-03 -1.501 -0.744 -0.793 -0.656
0.004 -0.58336 8.45000 3.1049096584 2.5970211928    3.105  2.498  4.0888  3.739    2  0.000  0.537     0.00     0.00     0.00     0.00     0.00 -1    -1e-30      0.00 7.400e-01 2.560e-01 7.099e-04 1.938e-04 1.761e-03 -1.000 4.000e-03 -1.474 -0.783 -0.828 -0.703
0.004 -0.58336 8.45000 3.1050477028 2.5970233264    3.105  2.507  4.0774  3.684    2  0.000  0.537     0.00     0.00     0.00     0.00     0.00 -1    -1e-30      0.00 7.400e-01 2.560e-01 7.099e-04 1.938e-04 1.761e-03 -1.000 4.000e-03 -1.498 -0.869 -0.910 -0.796
0.004 -0.58336 8.45000 3.1052122116 2.5970258688    3.105  2.525  4.0658  3.621    2  0.000  0.537     0.00     0.00     0.00     0.00     0.00 -1    -1e-30      0.00 7.400e-01 2.560e-01 7.099e-04 1.938e-04 1.761e-03 -1.000 4.000e-03 -1.541 -0.975 -1.012 -0.908
0.004 -0.58336 8.45000 3.1053981781 2.5970287424    3.105  2.539  4.0541  3.560    2  0.000  0.537     0.00     0.00     0.00     0.00     0.00 -1    -1e-30      0.00 7.400e-01 2.560e-01 7.099e-04 1.938e-04 1.761e-03 -1.000 4.000e-03 -1.577 -1.072 -1.106 -1.013
0.004 -0.58336 8.45000 3.1056003571 2.5970318660    3.105  2.548  4.0423  3.503    2  0.000  0.537     0.00     0.00     0.00     0.00     0.00 -1    -1e-30      0.00 7.400e-01 2.560e-01 7.099e-04 1.938e-04 1.761e-03 -1.000 4.000e-03 -1.601 -1.157 -1.187 -1.105
0.004 -0.58336 8.45000 3.1058156490 2.5970351918    3.106  2.555  4.0305  3.449    2  0.000  0.537     0.00     0.00     0.00     0.00     0.00 -1    -1e-30      0.00 7.400e-01 2.560e-01 7.099e-04 1.938e-04 1.761e-03 -1.000 4.000e-03 -1.617 -1.233 -1.259 -1.189
0.004 -0.58336 8.45000 3.1060404778 2.5970386643    3.106  2.559  4.0187  3.398    2  0.000  0.537     0.00     0.00     0.00     0.00     0.00 -1    -1e-30      0.00 7.400e-01 2.560e-01 7.099e-04 1.938e-04 1.761e-03 -1.000 4.000e-03 -1.628 -1.302 -1.324 -1.267
0.004 -0.58336 8.45000 3.1062705517 2.5970422172    3.106  2.562  4.0068  3.348    2  0.000  0.537     0.00     0.00     0.00     0.00     0.00 -1    -1e-30      0.00 7.400e-01 2.560e-01 7.099e-04 1.938e-04 1.761e-03 -1.000 4.000e-03 -1.634 -1.366 -1.382 -1.339
0.004 -0.58336 8.45000 3.1065013409 2.5970457805    3.106  2.563  3.9949  3.299    2  0.000  0.537     0.00     0.00     0.00     0.00     0.00 -1    -1e-30      0.00 7.400e-01 2.560e-01 7.099e-04 1.938e-04 1.761e-03 -1.000 4.000e-03 -1.637 -1.424 -1.436 -1.407
0.004 -0.58336 8.45000 3.1067287922 2.5970492917    3.106  2.563  3.9829  3.251    2  0.000  0.537     0.00     0.00     0.00     0.00     0.00 -1    -1e-30      0.00 7.400e-01 2.560e-01 7.099e-04 1.938e-04 1.761e-03 -1.000 4.000e-03 -1.637 -1.478 -1.484 -1.471
0.004 -0.58336 8.45000 3.1069502831 2.5970527104    3.107  2.562  3.9710  3.204    2  0.000  0.537     0.00     0.00     0.00     0.00     0.00 -1    -1e-30      0.00 7.400e-01 2.560e-01 7.099e-04 1.938e-04 1.761e-03 -1.000 4.000e-03 -1.635 -1.526 -1.526 -1.531
0.004 -0.58336 8.45000 3.1071627140 2.5970559886    3.107  2.560  3.9590  3.158    2  0.000  0.537     0.00     0.00     0.00     0.00     0.00 -1    -1e-30      0.00 7.400e-01 2.560e-01 7.099e-04 1.938e-04 1.761e-03 -1.000 4.000e-03 -1.631 -1.570 -1.563 -1.588
0.004 -0.58336 8.45000 3.1073651314 2.5970591119    3.107  2.558  3.9469  3.112    2  0.000  0.537     0.00     0.00     0.00     0.00     0.00 -1    -1e-30      0.00 7.400e-01 2.560e-01 7.099e-04 1.938e-04 1.761e-03 -1.000 4.000e-03 -1.625 -1.607 -1.593 -1.641
0.004 -0.58336 8.45000 3.1075563431 2.5970620618    3.107  2.555  3.9349  3.067    2  0.000  0.537     0.00     0.00     0.00     0.00     0.00 -1    -1e-30      0.00 7.400e-01 2.560e-01 7.099e-04 1.938e-04 1.761e-03 -1.000 4.000e-03 -1.617 -1.639 -1.615 -1.690
0.004 -0.58336 8.45000 3.1077361107 2.5970648348    3.107  2.551  3.9228  3.022    2  0.000  0.537     0.00     0.00     0.00     0.00     0.00 -1    -1e-30      0.00 7.400e-01 2.560e-01 7.099e-04 1.938e-04 1.761e-03 -1.000 4.000e-03 -1.608 -1.663 -1.628 -1.735
0.004 -0.58336 8.45000 3.1079041958 2.5970674273    3.108  2.547  3.9108  2.978    2  0.000  0.537     0.00     0.00     0.00     0.00     0.00 -1    -1e-30      0.00 7.400e-01 2.560e-01 7.099e-04 1.938e-04 1.761e-03 -1.000 4.000e-03 -1.598 -1.679 -1.632 -1.774
0.004 -0.58336 8.45000 3.1080613136 2.5970698503    3.108  2.542  3.8987  2.935    2  0.000  0.537     0.00     0.00     0.00     0.00     0.00 -1    -1e-30      0.00 7.400e-01 2.560e-01 7.099e-04 1.938e-04 1.761e-03 -1.000 4.000e-03 -1.586 -1.687 -1.625 -1.809
0.004 -0.58336 8.45000 3.1082074642 2.5970721039    3.108  2.537  3.8866  2.892    2  0.000  0.537     0.00     0.00     0.00     0.00     0.00 -1    -1e-30      0.00 7.400e-01 2.560e-01 7.099e-04 1.938e-04 1.761e-03 -1.000 4.000e-03 -1.573 -1.688 -1.610 -1.840
0.004 -0.58336 8.45000 3.1083438396 2.5970742065    3.108  2.532  3.8746  2.849    2  0.000  0.537     0.00     0.00     0.00     0.00     0.00 -1    -1e-30      0.00 7.400e-01 2.560e-01 7.099e-04 1.938e-04 1.761e-03 -1.000 4.000e-03 -1.559 -1.684 -1.587 -1.868
0.004 -0.58336 8.45000 3.1084709167 2.5970761657    3.108  2.526  3.8625  2.807    2  0.000  0.537     0.00     0.00     0.00     0.00     0.00 -1    -1e-30      0.00 7.400e-01 2.560e-01 7.099e-04 1.938e-04 1.761e-03 -1.000 4.000e-03 -1.545 -1.675 -1.559 -1.892
0.004 -0.58336 8.45000 3.1085889339 2.5970779849    3.108  2.520  3.8505  2.765    2  0.000  0.537     0.00     0.00     0.00     0.00     0.00 -1    -1e-30      0.00 7.400e-01 2.560e-01 7.099e-04 1.938e-04 1.761e-03 -1.000 4.000e-03 -1.529 -1.662 -1.526 -1.912
0.004 -0.58336 8.45000 3.1086993217 2.5970796865    3.108  2.513  3.8385  2.724    2  0.000  0.537     0.00     0.00     0.00     0.00     0.00 -1    -1e-30      0.00 7.400e-01 2.560e-01 7.099e-04 1.938e-04 1.761e-03 -1.000 4.000e-03 -1.512 -1.647 -1.490 -1.928
0.004 -0.58336 8.45000 3.1088023186 2.5970812739    3.109  2.506  3.8265  2.683    2  0.000  0.537     0.00     0.00     0.00     0.00     0.00 -1    -1e-30      0.00 7.400e-01 2.560e-01 7.099e-04 1.938e-04 1.761e-03 -1.000 4.000e-03 -1.495 -1.628 -1.451 -1.940
0.004 -0.58336 8.45000 3.1088984013 2.5970827547    3.109  2.499  3.8146  2.642    2  0.000  0.537     0.00     0.00     0.00     0.00     0.00 -1    -1e-30      0.00 7.400e-01 2.560e-01 7.099e-04 1.938e-04 1.761e-03 -1.000 4.000e-03 -1.477 -1.607 -1.409 -1.949
0.004 -0.58336 8.45000 3.1089890003 2.5970841509    3.109  2.491  3.8028  2.603    2  0.000  0.537     0.00     0.00     0.00     0.00     0.00 -1    -1e-30      0.00 7.400e-01 2.560e-01 7.099e-04 1.938e-04 1.761e-03 -1.000 4.000e-03 -1.458 -1.583 -1.363 -1.956
0.004 -0.58336 8.45000 3.1090745926 2.5970854699    3.109  2.483  3.7913  2.565    2  0.000  0.537     0.00     0.00     0.00     0.00     0.00 -1    -1e-30      0.00 7.400e-01 2.560e-01 7.099e-04 1.938e-04 1.761e-03 -1.000 4.000e-03 -1.437 -1.557 -1.314 -1.958
0.004 -0.58336 8.45000 3.1091568470 2.5970867373    3.109  2.474  3.7806  2.530    2  0.000  0.537     0.00     0.00     0.00     0.00     0.00 -1    -1e-30      0.00 7.400e-01 2.560e-01 7.099e-04 1.938e-04 1.761e-03 -1.000 4.000e-03 -1.416 -1.528 -1.264 -1.955
0.004 -0.58336 8.45000 3.1092441082 2.5970880818    3.109  2.464  3.7703  2.500    2  0.000  0.537     0.00     0.00     0.00     0.00     0.00 -1    -1e-30      0.00 7.400e-01 2.560e-01 7.099e-04 1.938e-04 1.761e-03 -1.000 4.000e-03 -1.391 -1.493 -1.207 -1.947
0.004 -0.58336 8.45000 3.1093473434 2.5970896723    3.109  2.450  3.7608  2.475    2  0.000  0.537     0.00     0.00     0.00     0.00     0.00 -1    -1e-30      0.00 7.400e-01 2.560e-01 7.099e-04 1.938e-04 1.761e-03 -1.000 4.000e-03 -1.356 -1.449 -1.144 -1.925
0.004 -0.58336 8.45000 3.1094870567 2.5970918246    3.109  2.429  3.7506  2.456    2  0.000  0.537     0.00     0.00     0.00     0.00     0.00 -1    -1e-30      0.00 7.400e-01 2.560e-01 7.099e-04 1.938e-04 1.761e-03 -1.000 4.000e-03 -1.304 -1.383 -1.059 -1.883
0.004 -0.58336 8.45000 3.1096234322 2.5970939253    3.109  2.406  3.7428  2.448    2  0.000  0.537     0.00     0.00     0.00     0.00     0.00 -1    -1e-30      0.00 7.400e-01 2.560e-01 7.099e-04 1.938e-04 1.761e-03 -1.000 4.000e-03 -1.244 -1.313 -0.973 -1.829
0.004 -0.58336 8.45000 3.1097838879 2.5970963966    3.109  2.378  3.7346  2.444    2  0.000  0.537     0.00     0.00     0.00     0.00     0.00 -1    -1e-30      0.00 7.400e-01 2.560e-01 7.099e-04 1.938e-04 1.761e-03 -1.000 4.000e-03 -1.174 -1.231 -0.874 -1.765
0.004 -0.58336 8.45000 3.1099541187 2.5970990182    3.110  2.356  3.7263  2.432    2  0.000  0.537     0.00     0.00     0.00     0.00     0.00 -1    -1e-30      0.00 7.400e-01 2.560e-01 7.099e-04 1.938e-04 1.761e-03 -1.000 4.000e-03 -1.120 -1.165 -0.789 -1.717
0.004 -0.58336 8.45000 3.1100769043 2.5971009089    3.110  2.348  3.7204  2.416    2  0.000  0.537     0.00     0.00     0.00     0.00     0.00 -1    -1e-30      0.00 7.400e-01 2.560e-01 7.099e-04 1.938e-04 1.761e-03 -1.000 4.000e-03 -1.101 -1.136 -0.748 -1.702
0.004 -0.58336 8.45000 3.1101343632 2.5971017936    3.110  2.354  3.7178  2.400    3  0.000  0.537     0.00     0.00     0.00     0.00     0.00 -1    -1e-30      0.00 7.400e-01 2.560e-01 7.099e-04 1.938e-04 1.761e-03 -1.000 4.000e-03 -1.116 -1.147 -0.753 -1.718
0.004 -0.58336 8.45000 3.1103010178 2.5971043594    3.110  2.382  3.7107  2.343    3  0.000  0.537     0.00     0.00     0.00     0.00     0.00 -1    -1e-30      0.00 7.399e-01 2.561e-01 7.097e-04 1.939e-04 1.761e-03 -1.000 4.000e-03 -1.186 -1.204 -0.793 -1.792
0.004 -0.58336 8.45000 3.1104540825 2.5971067158    3.110  2.417  3.7050  2.286    3  0.000  0.536     0.00     0.00     0.00     0.00     0.00 -1    -1e-30      0.00 7.399e-01 2.561e-01 7.075e-04 1.946e-04 1.761e-03 -1.000 4.000e-03 -1.272 -1.278 -0.853 -1.878
0.004 -0.58336 8.45000 3.1105961800 2.5971089030    3.110  2.450  3.7007  2.236    3  0.000  0.528     0.00     0.00     0.00     0.00     0.00 -1    -1e-30      0.00 7.397e-01 2.563e-01 6.980e-04 2.007e-04 1.761e-03 -1.000 4.000e-03 -1.354 -1.352 -0.917 -1.962
0.004 -0.58336 8.45000 3.1107733250 2.5971116294    3.110  2.484  3.6968  2.186    3  0.000  0.506     0.00     0.00     0.00     0.00     0.00 -1    -1e-30      0.00 7.396e-01 2.564e-01 6.686e-04 2.271e-04 1.761e-03 -1.000 4.000e-03 -1.440 -1.429 -0.984 -2.048
0.004 -0.58336 8.45000 3.1110570431 2.5971159953    3.111  2.528  3.6922  2.124    3  0.000  0.455     3.05     2.45     1.86     1.35     1.10  4    -1e-30      0.00 7.393e-01 2.567e-01 6.003e-04 3.037e-04 1.761e-03 -1.000 4.000e-03 -1.549 -1.527 -1.070 -2.157
0.004 -0.58336 8.45000 3.1110920906 2.5971165346    3.111  2.533  3.6916  2.117    3  0.000  0.448     3.10     2.48     1.88     1.37     1.12  4    -1e-30      0.00 7.393e-01 2.567e-01 5.918e-04 3.139e-04 1.761e-03 -1.000 4.000e-03 -1.561 -1.538 -1.079 -2.169
0.004 -0.58336 8.45000 3.1111679077 2.5971177011    3.111  2.542  3.6907  2.103    3  0.000  0.436     3.18     2.54     1.93     1.40     1.14  4    -1e-30      0.00 7.392e-01 2.568e-01 5.765e-04 3.328e-04 1.761e-03 -1.000 4.000e-03 -1.586 -1.560 -1.099 -2.193
0.004 -0.58336 8.45000 3.1113493443 2.5971204923    3.111  2.565  3.6886  2.073    3  0.000  0.416     3.38     2.69     2.03     1.48     1.21  4    -1e-30      0.00 7.390e-01 2.569e-01 5.493e-04 3.663e-04 1.761e-03 -1.000 4.019e-03 -1.642 -1.611 -1.144 -2.249
0.004 -0.58336 8.45000 3.1116399765 2.5971249627    3.111  2.600  3.6853  2.024    3  0.000  0.389     3.73     2.93     2.21     1.61     1.31  4    -1e-30      0.00 7.387e-01 2.572e-01 5.140e-04 4.099e-04 1.760e-03 -1.000 4.042e-03 -1.730 -1.689 -1.214 -2.335
0.004 -0.58336 8.45000 3.1119298935 2.5971294211    3.112  2.635  3.6822  1.977    3  0.000  0.371     4.10     3.20     2.40     1.75     1.43  4    -1e-30      0.00 7.384e-01 2.575e-01 4.899e-04 4.397e-04 1.760e-03 -1.000 4.074e-03 -1.818 -1.769 -1.285 -2.422
0.004 -0.58336 8.45000 3.1122200489 2.5971338823    3.112  2.671  3.6792  1.929    3  0.000  0.359     4.51     3.48     2.60     1.90     1.55  4    -1e-30      0.00 7.379e-01 2.580e-01 4.724e-04 4.653e-04 1.755e-03 -1.000 4.080e-03 -1.906 -1.851 -1.358 -2.511
0.004 -0.58336 8.45000 3.1125099659 2.5971383388    3.112  2.706  3.6762  1.882    3  0.000  0.353     4.95     3.79     2.82     2.06     1.69  4    -1e-30      0.00 7.366e-01 2.593e-01 4.585e-04 5.025e-04 1.732e-03 -1.000 4.047e-03 -1.995 -1.931 -1.429 -2.599
0.004 -0.58336 8.45000 3.1128361225 2.5971433512    3.113  2.745  3.6730  1.830    3  0.000  0.351     5.50     4.17     3.09     2.26     1.85  4    -1e-30      0.00 7.336e-01 2.624e-01 4.457e-04 5.535e-04 1.692e-03 -1.000 4.051e-03 -2.094 -2.022 -1.509 -2.698
0.004 -0.58336 8.45000 3.1131258011 2.5971478020    3.113  2.781  3.6703  1.784    3  0.000  0.351     6.03     4.53     3.35     2.45     2.00  4    -1e-30      0.00 7.297e-01 2.663e-01 4.361e-04 5.962e-04 1.657e-03 -1.000 4.068e-03 -2.182 -2.103 -1.581 -2.786
0.004 -0.58336 8.45000 3.1134152412 2.5971522483    3.113  2.816  3.6676  1.738    3  0.000  0.351     6.62     4.92     3.62     2.66     2.17  4    -1e-30      0.00 7.253e-01 2.707e-01 4.281e-04 6.324e-04 1.626e-03 -1.000 4.043e-03 -2.270 -2.182 -1.652 -2.872
0.004 -0.58336 8.45000 3.1137046814 2.5971566935    3.113  2.850  3.6648  1.692    3  0.000  0.351     7.25     5.35     3.92     2.88     2.35  4    -1e-30      0.00 7.211e-01 2.749e-01 4.217e-04 6.609e-04 1.603e-03 -1.000 4.040e-03 -2.356 -2.260 -1.721 -2.956
0.004 -0.58336 8.45000 3.1140339375 2.5971617491    3.114  2.884  3.6623  1.649    3  0.000  0.351     7.91     5.78     4.23     3.11     2.54  4    -1e-30      0.00 7.174e-01 2.786e-01 4.169e-04 6.826e-04 1.585e-03 -1.000 4.018e-03 -2.439 -2.335 -1.788 -3.038
0.004 -0.58336 8.45000 3.1142511368 2.5971650834    3.114  2.898  3.6612  1.630    3  0.000  0.351     8.21     5.98     4.36     3.21     2.63  4    -1e-30      0.00 7.156e-01 2.804e-01 4.148e-04 6.924e-04 1.577e-03 -1.000 4.000e-03 -2.475 -2.367 -1.816 -3.073
0.004 -0.58336 8.45000 3.1157841682 2.5971886026    3.115  2.882  3.6627  1.653    3  0.000  0.351     7.84     5.74     4.19     3.09     2.52  4    -1e-30      0.00 7.156e-01 2.804e-01 4.147e-04 6.925e-04 1.577e-03 -1.000 4.000e-03 -2.434 -2.331 -1.785 -3.033
0.004 -0.58336 8.45000 3.1192550659 2.5972417535    3.119  2.849  3.6658  1.698    4  0.000  0.351     0.00     0.00     0.00     0.00     0.00 -1    -1e-30      0.00 7.156e-01 2.804e-01 4.147e-04 6.925e-04 1.577e-03 -1.000 4.000e-03 -2.352 -2.259 -1.723 -2.954
0.004 -0.58336 8.45000 3.1227257252 2.5972947649    3.122  2.816  3.6688  1.743    4  0.000  0.351     0.00     0.00     0.00     0.00     0.00 -1    -1e-30      0.00 7.156e-01 2.804e-01 4.147e-04 6.924e-04 1.577e-03 -1.000 4.000e-03 -2.271 -2.188 -1.661 -2.875
0.004 -0.58336 8.45000 3.1255350113 2.5973375753    3.125  2.784  3.6716  1.787    4  0.000  0.351     0.00     0.00     0.00     0.00     0.00 -1    -1e-30      0.00 7.156e-01 2.804e-01 4.147e-04 6.923e-04 1.577e-03 -1.000 4.000e-03 -2.191 -2.117 -1.599 -2.797
0.004 -0.58336 8.45000 3.1276254654 2.5973693740    3.127  2.757  3.6740  1.824    4  0.000  0.351     0.00     0.00     0.00     0.00     0.00 -1    -1e-30      0.00 7.157e-01 2.803e-01 4.148e-04 6.922e-04 1.577e-03 -1.000 4.000e-03 -2.123 -2.055 -1.544 -2.728
0.004 -0.58336 8.45000 3.1296479702 2.5974000927    3.129  2.729  3.6765  1.863    4  0.000  0.351     0.00     0.00     0.00     0.00     0.00 -1    -1e-30      0.00 7.157e-01 2.803e-01 4.148e-04 6.922e-04 1.577e-03 -1.000 4.000e-03 -2.052 -1.991 -1.489 -2.658
0.004 -0.58336 8.45000 3.1314005852 2.5974266753    3.131  2.704  3.6787  1.897    4  0.000  0.351     0.00     0.00     0.00     0.00     0.00 -1    -1e-30      0.00 7.157e-01 2.803e-01 4.148e-04 6.921e-04 1.577e-03 -1.000 4.000e-03 -1.990 -1.934 -1.439 -2.596
0.004 -0.58336 8.45000 3.1331899166 2.5974537795    3.133  2.679  3.6810  1.931    4  0.000  0.351     0.00     0.00     0.00     0.00     0.00 -1    -1e-30      0.00 7.157e-01 2.803e-01 4.148e-04 6.921e-04 1.577e-03 -1.000 4.000e-03 -1.926 -1.876 -1.388 -2.533
0.004 -0.58336 8.45000 3.1351544857 2.5974834971    3.135  2.651  3.6835  1.969    4  0.000  0.351     0.00     0.00     0.00     0.00     0.00 -1    -1e-30      0.00 7.157e-01 2.803e-01 4.148e-04 6.920e-04 1.577e-03 -1.000 4.000e-03 -1.858 -1.814 -1.333 -2.464
0.004 -0.58336 8.45000 3.1374137402 2.5975176195    3.137  2.621  3.6864  2.011    4  0.000  0.351     0.00     0.00     0.00     0.00     0.00 -1    -1e-30      0.00 7.158e-01 2.802e-01 4.148e-04 6.919e-04 1.577e-03 -1.000 4.000e-03 -1.783 -1.746 -1.273 -2.389
0.004 -0.58336 8.45000 3.1407477856 2.5975678718    3.140  2.583  3.6903  2.065    4  0.000  0.351     0.00     0.00     0.00     0.00     0.00 -1    -1e-30      0.00 7.158e-01 2.802e-01 4.149e-04 6.918e-04 1.578e-03 -1.000 4.000e-03 -1.688 -1.661 -1.199 -2.296
0.004 -0.58336 8.45000 3.1455552578 2.5976401166    3.145  2.544  3.6955  2.125    4  0.000  0.351     0.00     0.00     0.00     0.00     0.00 -1    -1e-30      0.00 7.158e-01 2.802e-01 4.149e-04 6.916e-04 1.578e-03 -1.000 4.000e-03 -1.591 -1.577 -1.128 -2.200
0.004 -0.58336 8.45000 3.1538755894 2.5977645530    3.153  2.516  3.7036  2.188    4  0.000  0.351     0.00     0.00     0.00     0.00     0.00 -1    -1e-30      0.00 7.159e-01 2.801e-01 4.150e-04 6.914e-04 1.578e-03 -1.000 4.000e-03 -1.519 -1.524 -1.095 -2.128
0.004 -0.58336 8.45000 3.1603741646 2.5978612198    3.160  2.547  3.7122  2.192    5  0.000  0.351     0.00     0.00     0.00     0.00     0.00 -1    -1e-30      0.00 7.160e-01 2.800e-01 4.151e-04 6.911e-04 1.578e-03 -1.000 4.000e-03 -1.597 -1.620 -1.211 -2.205
0.004 -0.58336 8.45000 3.1653289795 2.5979346164    3.165  2.582  3.7217  2.195    5  0.000  0.351     0.00     0.00     0.00     0.00     0.00 -1    -1e-30      0.00 7.160e-01 2.800e-01 4.151e-04 6.910e-04 1.578e-03 -1.000 4.000e-03 -1.685 -1.725 -1.338 -2.289
0.004 -0.58336 8.45000 3.1685855389 2.5979827128    3.168  2.615  3.7337  2.211    5  0.000  0.351     0.00     0.00     0.00     0.00     0.00 -1    -1e-30      0.00 7.161e-01 2.799e-01 4.151e-04 6.909e-04 1.578e-03 -1.000 4.000e-03 -1.767 -1.828 -1.467 -2.365
0.004 -0.58336 8.45000 3.1711280346 2.5980201841    3.171  2.638  3.7422  2.222    5  0.000  0.351     0.00     0.00     0.00     0.00     0.00 -1    -1e-30      0.00 7.161e-01 2.799e-01 4.151e-04 6.908e-04 1.578e-03 -1.000 4.000e-03 -1.825 -1.898 -1.556 -2.415
0.004 -0.58336 8.45000 3.1735959053 2.5980564895    3.173  2.660  3.7505  2.233    5  0.000  0.351     0.00     0.00     0.00     0.00     0.00 -1    -1e-30      0.00 7.161e-01 2.799e-01 4.152e-04 6.907e-04 1.578e-03 -1.000 4.000e-03 -1.881 -1.966 -1.641 -2.465
0.004 -0.58336 8.45000 3.1757373810 2.5980879407    3.175  2.678  3.7572  2.243    5  0.000  0.351     0.00     0.00     0.00     0.00     0.00 -1    -1e-30      0.00 7.162e-01 2.798e-01 4.152e-04 6.906e-04 1.578e-03 -1.000 4.000e-03 -1.925 -2.018 -1.707 -2.502
0.004 -0.58336 8.45000 3.1783416271 2.5981261228    3.178  2.686  3.7611  2.251    5  0.000  0.351     0.00     0.00     0.00     0.00     0.00 -1    -1e-30      0.00 7.162e-01 2.798e-01 4.152e-04 6.905e-04 1.578e-03 -1.000 4.000e-03 -1.944 -2.042 -1.739 -2.516
0.004 -0.58336 8.45000 3.1970007420 2.5983976019    3.196  2.725  3.7676  2.240    5  0.000  0.351     0.00     0.00     0.00     0.00     0.00 -1    -1e-30      0.00 7.164e-01 2.796e-01 4.154e-04 6.899e-04 1.579e-03 -1.000 4.000e-03 -2.043 -2.148 -1.859 -2.607
0.004 -0.58336 8.45000 3.2000000477 2.5984409005    3.199  2.731  3.7682  2.237    5  0.000  0.351     0.00     0.00     0.00     0.00     0.00 -1    -1e-30      0.00 7.164e-01 2.796e-01 4.154e-04 6.898e-04 1.579e-03 -1.000 4.000e-03 -2.058 -2.164 -1.875 -2.621
0.004 -0.58336 8.45000 3.2009751797 2.5984549577    3.200  2.733  3.7684  2.236    5  0.000  0.351     0.00     0.00     0.00     0.00     0.00 -1    -1e-30      0.00 7.164e-01 2.796e-01 4.154e-04 6.898e-04 1.579e-03 -1.000 4.000e-03 -2.062 -2.169 -1.881 -2.625
0.004 -0.58336 8.45000 3.2034919262 2.5984911926    3.203  2.738  3.7690  2.234    5  0.000  0.351     0.00     0.00     0.00     0.00     0.00 -1    -1e-30      0.00 7.164e-01 2.796e-01 4.155e-04 6.897e-04 1.579e-03 -1.000 4.000e-03 -2.075 -2.182 -1.895 -2.637
0.004 -0.58336 8.45000 3.2062351704 2.5985306140    3.206  2.743  3.7701  2.233    5  0.000  0.351     0.00     0.00     0.00     0.00     0.00 -1    -1e-30      0.00 7.165e-01 2.795e-01 4.155e-04 6.896e-04 1.579e-03 -1.000 4.000e-03 -2.088 -2.197 -1.912 -2.649
0.004 -0.58336 8.45000 3.2101774216 2.5985871300    3.210  2.751  3.7717  2.232    5  0.000  0.351     0.00     0.00     0.00     0.00     0.00 -1    -1e-30      0.00 7.165e-01 2.795e-01 4.156e-04 6.896e-04 1.579e-03 -1.000 4.000e-03 -2.108 -2.219 -1.938 -2.667
0.004 -0.58336 8.45000 3.2150304317 2.5986564837    3.214  2.761  3.7737  2.231    5  0.000  0.351     0.00     0.00     0.00     0.00     0.00 -1    -1e-30      0.00 7.165e-01 2.795e-01 4.157e-04 6.894e-04 1.579e-03 -1.000 4.000e-03 -2.133 -2.245 -1.969 -2.688
0.004 -0.58336 8.45000 3.2192721367 2.5987169044    3.219  2.769  3.7730  2.221    6  0.000  0.351     0.00     0.00     0.00     0.00     0.00 -1    -1e-30      0.00 7.166e-01 2.794e-01 4.157e-04 6.893e-04 1.579e-03 -1.000 4.000e-03 -2.151 -2.263 -1.985 -2.708
0.004 -0.58336 8.45000 3.2398529053 2.5990074849    3.239  2.800  3.7625  2.151    6  0.000  0.351     0.00     0.00     0.00     0.00     0.00 -1    -1e-30      0.00 7.168e-01 2.792e-01 4.161e-04 6.888e-04 1.579e-03 -1.000 4.000e-03 -2.229 -2.331 -2.031 -2.801
0.004 -0.58336 8.45000 3.2465691566 2.5991013954    3.246  2.807  3.7548  2.114    6  0.000  0.351     0.00     0.00     0.00     0.00     0.00 -1    -1e-30      0.00 7.168e-01 2.792e-01 4.162e-04 6.887e-04 1.579e-03 -1.000 4.000e-03 -2.246 -2.339 -2.024 -2.828
0.004 -0.58336 8.45000 3.2504761219 2.5991558196    3.250  2.809  3.7486  2.087    6  0.000  0.351     0.00     0.00     0.00     0.00     0.00 -1    -1e-30      0.00 7.169e-01 2.791e-01 4.163e-04 6.886e-04 1.579e-03 -1.000 4.000e-03 -2.253 -2.338 -2.009 -2.841
0.004 -0.58336 8.45000 3.2535934448 2.5991991362    3.253  2.809  3.7426  2.064    6  0.000  0.352     0.00     0.00     0.00     0.00     0.00 -1    -1e-30      0.00 7.169e-01 2.791e-01 4.164e-04 6.885e-04 1.579e-03 -1.000 4.000e-03 -2.252 -2.329 -1.987 -2.846
0.004 -0.58336 8.45000 3.2562739849 2.5992363073    3.255  2.808  3.7369  2.042    6  0.000  0.352     0.00     0.00     0.00     0.00     0.00 -1    -1e-30      0.00 7.169e-01 2.791e-01 4.164e-04 6.884e-04 1.579e-03 -1.000 4.000e-03 -2.250 -2.319 -1.965 -2.849
0.004 -0.58336 8.45000 3.2590911388 2.5992752970    3.258  2.806  3.7304  2.019    6  0.000  0.352     0.00     0.00     0.00     0.00     0.00 -1    -1e-30      0.00 7.169e-01 2.791e-01 4.165e-04 6.884e-04 1.579e-03 -1.000 4.000e-03 -2.244 -2.303 -1.934 -2.848
0.004 -0.58336 8.45000 3.2611057758 2.5993031324    3.260  2.801  3.7246  2.001    6  0.000  0.352     0.00     0.00     0.00     0.00     0.00 -1    -1e-30      0.00 7.170e-01 2.790e-01 4.165e-04 6.883e-04 1.579e-03 -1.000 4.000e-03 -2.232 -2.281 -1.899 -2.840
0.004 -0.58336 8.45000 3.2638106346 2.5993404420    3.263  2.789  3.7161  1.979    6  0.000  0.352     0.00     0.00     0.00     0.00     0.00 -1    -1e-30      0.00 7.170e-01 2.790e-01 4.165e-04 6.883e-04 1.579e-03 -1.000 4.000e-03 -2.202 -2.236 -1.833 -2.813
0.004 -0.58336 8.45000 3.2657840252 2.5993676172    3.265  2.773  3.7082  1.963    6  0.000  0.352     0.00     0.00     0.00     0.00     0.00 -1    -1e-30      0.00 7.170e-01 2.790e-01 4.166e-04 6.882e-04 1.579e-03 -1.000 4.000e-03 -2.163 -2.180 -1.759 -2.776
0.004 -0.58336 8.45000 3.2670121193 2.5993845101    3.266  2.761  3.7020  1.951    6  0.000  0.352     0.00     0.00     0.00     0.00     0.00 -1    -1e-30      0.00 7.170e-01 2.790e-01 4.166e-04 6.882e-04 1.579e-03 -1.000 4.000e-03 -2.132 -2.136 -1.700 -2.745
0.004 -0.58336 8.45000 3.2683234215 2.5994025313    3.267  2.756  3.6941  1.925    6  0.000  0.352     0.00     0.00     0.00     0.00     0.00 -1    -1e-30      0.00 7.170e-01 2.790e-01 4.166e-04 6.882e-04 1.579e-03 -1.000 4.000e-03 -2.119 -2.104 -1.649 -2.732
0.004 -0.58336 8.45000 3.2693555355 2.5994167040    3.268  2.771  3.6853  1.875    6  0.000  0.352     0.00     0.00     0.00     0.00     0.00 -1    -1e-30      0.00 7.170e-01 2.790e-01 4.166e-04 6.881e-04 1.579e-03 -1.000 4.000e-03 -2.157 -2.118 -1.639 -2.766
0.004 -0.58336 8.45000 3.2695534229 2.5994194202    3.269  2.785  3.6819  1.847    6  0.000  0.352     0.00     0.00     0.00     0.00     0.00 -1    -1e-30      0.00 7.170e-01 2.790e-01 4.166e-04 6.881e-04 1.579e-03 -1.000 4.000e-03 -2.193 -2.146 -1.658 -2.802
0.004 -0.58336 8.45000 3.2695727348 2.5994196852    3.269  2.791  3.6811  1.838    7  0.000  0.352     5.37     4.16     3.09     2.26     1.84  4    -1e-30      0.00 7.170e-01 2.790e-01 4.166e-04 6.881e-04 1.579e-03 -1.000 4.000e-03 -2.208 -2.159 -1.669 -2.817
0.004 -0.58336 8.45000 3.2696714401 2.5994210399    3.269  2.835  3.6759  1.773    7  0.000  0.352     6.12     4.68     3.45     2.53     2.07  4    -1e-30      0.00 7.170e-01 2.790e-01 4.166e-04 6.881e-04 1.579e-03 -1.000 4.000e-03 -2.318 -2.257 -1.751 -2.927
0.004 -0.58336 8.45000 3.2697401047 2.5994219822    3.269  2.869  3.6723  1.725    7  0.000  0.352     6.74     5.10     3.75     2.75     2.25  4    -1e-30      0.00 7.170e-01 2.790e-01 4.166e-04 6.881e-04 1.579e-03 -1.000 4.000e-03 -2.403 -2.332 -1.814 -3.011
0.004 -0.58336 8.45000 3.2698993683 2.5994241676    3.269  2.889  3.6708  1.699    7  0.000  0.352     7.10     5.35     3.93     2.88     2.35  4    -1e-30      0.00 7.170e-01 2.790e-01 4.166e-04 6.881e-04 1.579e-03 -1.000 4.000e-03 -2.452 -2.377 -1.855 -3.060
0.004 -0.58336 8.45000 3.2701234818 2.5994272426    3.269  2.860  3.6736  1.739    7  0.000  0.352     6.55     4.97     3.66     2.68     2.19  4    -1e-30      0.00 7.170e-01 2.790e-01 4.167e-04 6.881e-04 1.579e-03 -1.000 4.000e-03 -2.379 -2.312 -1.799 -2.988
0.004 -0.58336 8.45000 3.2706398964 2.5994343261    3.270  2.898  3.6692  1.683    7  0.000  0.352     7.33     5.50     4.03     2.96     2.42  4    -1e-30      0.00 7.170e-01 2.790e-01 4.167e-04 6.881e-04 1.579e-03 -1.000 4.000e-03 -2.476 -2.396 -1.869 -3.083
0.004 -0.58336 8.45000 3.2709000111 2.5994378931    3.270  2.938  3.6655  1.629    7  0.000  0.352     8.18     6.07     4.43     3.26     2.66  4    -1e-30      0.00 7.171e-01 2.789e-01 4.167e-04 6.881e-04 1.579e-03 -1.000 4.000e-03 -2.574 -2.483 -1.944 -3.179
0.004 -0.58336 8.45000 3.2712240219 2.5994423354    3.270  2.976  3.6618  1.575    7  0.000  0.352     9.10     6.68     4.86     3.57     2.92  4    -1e-30      0.00 7.171e-01 2.789e-01 4.167e-04 6.881e-04 1.579e-03 -1.000 4.000e-03 -2.671 -2.566 -2.016 -3.271
0.004 -0.58336 8.45000 3.2716307640 2.5994479105    3.271  3.015  3.6582  1.522    7  0.000  0.352    10.14     7.36     5.33     3.93     3.21  4    -1e-30      0.00 7.171e-01 2.789e-01 4.167e-04 6.881e-04 1.579e-03 -1.000 4.000e-03 -2.768 -2.650 -2.089 -3.364
0.004 -0.58336 8.45000 3.2720983028 2.5994543169    3.271  3.055  3.6547  1.469    7  0.000  0.352    11.29     8.11     5.84     4.31     3.53  4    -1e-30      0.00 7.171e-01 2.789e-01 4.167e-04 6.881e-04 1.579e-03 -1.000 4.000e-03 -2.867 -2.735 -2.162 -3.457
0.004 -0.58336 8.45000 3.2725930214 2.5994610935    3.272  3.095  3.6511  1.414    7  0.000  0.352    12.61     8.95     6.42     4.74     3.88  4    -1e-30      0.00 7.171e-01 2.789e-01 4.166e-04 6.881e-04 1.579e-03 -1.000 4.000e-03 -2.968 -2.820 -2.234 -3.552
0.004 -0.58336 8.45000 3.2730827332 2.5994677992    3.272  3.136  3.6474  1.358    7  0.000  0.351    14.10     9.90     7.07     5.23     4.28  4    -1e-30      0.00 7.171e-01 2.789e-01 4.161e-04 6.885e-04 1.579e-03 -1.000 4.000e-03 -3.070 -2.904 -2.305 -3.646
0.004 -0.58336 8.45000 3.2735476494 2.5994741633    3.272  3.177  3.6438  1.303    7  0.000  0.350    15.76    10.94     7.77     5.76     4.72  4    -1e-30      0.00 7.171e-01 2.789e-01 4.146e-04 6.898e-04 1.579e-03 -1.000 4.000e-03 -3.172 -2.989 -2.377 -3.740
0.004 -0.58336 8.45000 3.2739777565 2.5994800490    3.273  3.218  3.6402  1.248    7  0.000  0.348    17.63    12.09     8.56     6.35     5.20  4    -1e-30      0.00 7.171e-01 2.789e-01 4.123e-04 6.924e-04 1.579e-03 -1.000 4.000e-03 -3.275 -3.075 -2.450 -3.836
0.004 -0.58336 8.45000 3.2743685246 2.5994853948    3.273  3.259  3.6365  1.192    7  0.000  0.346    19.73    13.38     9.42     7.01     5.74  4    -1e-30      0.00 7.171e-01 2.789e-01 4.099e-04 6.955e-04 1.579e-03 -1.000 4.000e-03 -3.378 -3.158 -2.519 -3.929
0.004 -0.58336 8.45000 3.2747216225 2.5994902240    3.274  3.300  3.6328  1.136    7  0.000  0.344    22.07    14.80    10.37     7.72     6.33  4    -1e-30      0.00 7.171e-01 2.789e-01 4.078e-04 6.980e-04 1.579e-03 -1.000 4.000e-03 -3.480 -3.241 -2.588 -4.022
0.004 -0.58336 8.45000 3.2750422955 2.5994946087    3.274  3.341  3.6293  1.081    7  0.000  0.343    24.65    16.34    11.40     8.50     6.97  4    -1e-30      0.00 7.171e-01 2.789e-01 4.062e-04 7.000e-04 1.579e-03 -1.000 4.000e-03 -3.582 -3.324 -2.656 -4.114
0.004 -0.58336 8.45000 3.2753355503 2.5994986177    3.274  3.382  3.6257  1.026    7  0.000  0.342    27.55    18.05    12.54     9.37     7.68  4    -1e-30      0.00 7.171e-01 2.789e-01 4.047e-04 7.018e-04 1.579e-03 -1.000 4.000e-03 -3.684 -3.405 -2.723 -4.206
0.004 -0.58336 8.45000 3.2756054401 2.5995023065    3.275  3.422  3.6219  0.971    7  0.000  0.341    30.81    19.96    13.80    10.32     8.47  4 -1.83e-29      0.00 7.171e-01 2.789e-01 4.036e-04 7.034e-04 1.579e-03 -1.000 4.006e-03 -3.785 -3.484 -2.786 -4.296
0.004 -0.58336 8.45000 3.2758553028 2.5995057210    3.275  3.463  3.6183  0.916    7  0.000  0.340    34.42    22.04    15.18    11.37     9.33  4 -2.74e-25      0.00 7.171e-01 2.789e-01 4.025e-04 7.051e-04 1.578e-03 -1.000 4.030e-03 -3.886 -3.563 -2.847 -4.385
0.004 -0.58336 8.45000 3.2760860920 2.5995088743    3.275  3.503  3.6141  0.859    7  0.000  0.340    38.61    24.44    16.75    12.56    10.31  4 -1.29e-08      0.00 7.171e-01 2.788e-01 4.018e-04 7.066e-04 1.578e-03 -1.000 4.119e-03 -3.987 -3.636 -2.902 -4.471
0.004 -0.58336 8.45000 3.2763009071 2.5995118088    3.274  3.543  3.6105  0.804    7  0.000  0.339    43.12    26.98    18.41    13.83    11.35  4 -1.55e-08      0.00 7.171e-01 2.788e-01 4.010e-04 7.086e-04 1.576e-03 -1.000 4.116e-03 -4.088 -3.713 -2.961 -4.559
0.004 -0.58336 8.45000 3.2765007019 2.5995145378    3.274  3.583  3.6068  0.749    7  0.000  0.339    48.16    29.79    20.24    15.23    12.50  3 -1.86e-08      0.00 7.170e-01 2.788e-01 4.004e-04 7.109e-04 1.574e-03 -1.000 4.161e-03 -4.188 -3.789 -3.018 -4.646
0.004 -0.58336 8.45000 3.2766854763 2.5995170613    3.273  3.623  3.6033  0.695    7  0.000  0.339    53.73    32.86    22.23    16.75    13.75  3 -2.23e-08      0.00 7.170e-01 2.789e-01 3.998e-04 7.133e-04 1.573e-03 -1.000 4.100e-03 -4.288 -3.864 -3.075 -4.733
0.004 -0.58336 8.45000 3.2768571377 2.5995194054    3.272  3.663  3.5996  0.640    7  0.000  0.339    59.96    36.26    24.41    18.42    15.13  3 -2.67e-08      0.00 7.169e-01 2.790e-01 3.992e-04 7.158e-04 1.570e-03 -1.000 4.162e-03 -4.388 -3.938 -3.131 -4.819
0.004 -0.58336 8.45000 3.2770173550 2.5995215930    3.272  3.703  3.5960  0.586    7  0.000  0.339    66.88    39.99    26.81    20.26    16.64  3 -3.19e-08      0.00 7.167e-01 2.791e-01 3.987e-04 7.184e-04 1.568e-03 -1.000 4.178e-03 -4.487 -4.010 -3.182 -4.902
0.004 -0.58336 8.45000 3.2771680355 2.5995236501    3.271  3.742  3.5925  0.532    7  0.000  0.339    74.54    44.07    29.42    22.26    18.29  3 -3.86e-08      0.00 7.165e-01 2.793e-01 3.982e-04 7.208e-04 1.566e-03 -1.000 4.124e-03 -4.586 -4.082 -3.234 -4.986
0.004 -0.58336 8.45000 3.2773096561 2.5995255834    3.269  3.782  3.5888  0.478    7  0.000  0.339    83.13    48.60    32.30    24.48    20.12  3 -4.84e-08      0.00 7.161e-01 2.798e-01 3.976e-04 7.232e-04 1.564e-03 -1.000 4.114e-03 -4.684 -4.151 -3.280 -5.067
0.004 -0.58336 8.45000 3.2774434090 2.5995274090    3.268  3.821  3.5850  0.424    7  0.000  0.339    92.73    53.61    35.47    26.92    22.13  3 -6.26e-08      0.00 7.155e-01 2.803e-01 3.970e-04 7.258e-04 1.562e-03 -1.000 4.186e-03 -4.782 -4.216 -3.320 -5.147
0.004 -0.58336 8.45000 3.2775704861 2.5995291434    3.266  3.859  3.5813  0.370    7  0.000  0.339   103.37    59.09    38.92    29.58    24.33  2 -8.81e-08      0.00 7.147e-01 2.812e-01 3.965e-04 7.287e-04 1.560e-03 -1.000 4.105e-03 -4.879 -4.281 -3.359 -5.225
0.004 -0.58336 8.45000 3.2776930332 2.5995308158    3.263  3.898  3.5775  0.316    7  0.000  0.339   115.29    65.17    42.74    32.53    26.76  2 -1.31e-07      0.00 7.132e-01 2.826e-01 3.956e-04 7.327e-04 1.556e-03 -1.000 4.168e-03 -4.975 -4.341 -3.389 -5.301
0.004 -0.58336 8.45000 3.2778112888 2.5995324295    3.260  3.936  3.5736  0.261    7  0.000  0.339   128.63    71.89    46.94    35.78    29.44  2 -1.95e-07      0.00 7.109e-01 2.850e-01 3.944e-04 7.387e-04 1.552e-03 -1.000 4.124e-03 -5.071 -4.399 -3.415 -5.375
0.004 -0.58336 8.45000 3.2779228687 2.5995339520    3.254  3.974  3.5697  0.208    7  0.000  0.339   143.22    79.17    51.46    39.29    32.33  2 -2.88e-07      0.00 7.076e-01 2.882e-01 3.926e-04 7.470e-04 1.545e-03 -1.000 4.175e-03 -5.164 -4.453 -3.435 -5.445
0.004 -0.58336 8.45000 3.2780385017 2.5995355297    3.246  4.013  3.5652  0.150    7  0.000  0.339   160.85    87.86    56.84    43.46    35.78  2 -4.31e-07      0.00 7.028e-01 2.931e-01 3.901e-04 7.589e-04 1.534e-03 -1.000 4.100e-03 -5.262 -4.501 -3.437 -5.514
0.004 -0.58336 8.45000 3.2781503201 2.5995370552    3.233  4.052  3.5606  0.090    7  0.000  0.339   181.23    97.81    62.96    48.23    39.71  2 -6.57e-07      0.00 6.986e-01 2.973e-01 3.879e-04 7.697e-04 1.525e-03 -1.000 4.100e-03 -5.361 -4.545 -3.433 -5.581
0.004 -0.58336 8.45000 3.2782549858 2.5995384830    3.215  4.091  3.5558  0.029    7  0.000  0.339   204.24   108.91    69.76    53.53    44.08  2    -1e-06      0.00 6.961e-01 2.998e-01 3.866e-04 7.760e-04 1.520e-03 -1.000 4.100e-03 -5.458 -4.576 -3.400 -5.637
0.004 -0.58336 8.45000 3.2783520222 2.5995398067    3.190  4.127  3.5510 -0.030    7  0.000  0.339   229.41   120.94    77.09    59.27    48.81  2 -1.49e-06      0.01 6.949e-01 3.010e-01 3.860e-04 7.789e-04 1.518e-03 -1.000 4.113e-03 -5.548 -4.595 -3.349 -5.684
0.004 -0.58336 8.45000 3.2784497738 2.5995411400    3.151  4.158  3.5465 -0.083    7  0.000  0.339   254.42   132.83    84.29    64.92    53.47  2 -2.13e-06      0.01 6.942e-01 3.017e-01 3.856e-04 7.806e-04 1.516e-03 -1.000 4.128e-03 -5.625 -4.593 -3.265 -5.712
0.004 -0.58336 8.45000 3.2785975933 2.5995431560    3.069  4.156  3.5448 -0.100    7  0.000  0.339   260.59   135.92    86.11    66.41    54.69  2 -2.29e-06      0.01 6.936e-01 3.023e-01 3.853e-04 7.821e-04 1.515e-03 -1.000 4.102e-03 -5.620 -4.558 -3.197 -5.688
0.004 -0.58336 8.45000 3.2786288261 2.5995435820    3.054  4.115  3.5492 -0.043    7  0.000  0.339   232.40   122.57    78.00    60.07    49.46  2 -1.52e-06      0.01 6.936e-01 3.023e-01 3.853e-04 7.822e-04 1.515e-03 -1.000 4.100e-03 -5.518 -4.539 -3.266 -5.638
0.004 -0.58336 8.45000 3.2786407471 2.5995437446    3.050  4.067  3.5548  0.027    7  0.000  0.339   202.02   107.97    69.10    53.12    43.73  2 -9.29e-07      0.00 6.936e-01 3.023e-01 3.853e-04 7.822e-04 1.515e-03 -1.000 4.100e-03 -5.397 -4.502 -3.313 -5.569
0.004 -0.58336 8.45000 3.2786474228 2.5995438356    3.049  4.021  3.5599  0.093    7  0.000  0.339   177.04    95.81    61.65    47.31    38.93  2 -5.81e-07      0.00 6.936e-01 3.023e-01 3.853e-04 7.822e-04 1.515e-03 -1.000 4.100e-03 -5.282 -4.459 -3.340 -5.497
0.004 -0.58336 8.45000 3.2786524296 2.5995439039    3.048  3.987  3.5636  0.142    7  0.000  0.339   160.62    87.72    56.67    43.44    35.73  2 -4.13e-07      0.00 6.936e-01 3.023e-01 3.853e-04 7.822e-04 1.515e-03 -1.000 4.100e-03 -5.197 -4.417 -3.338 -5.438
0.004 -0.58336 8.45000 3.2786569595 2.5995439656    3.048  3.966  3.5659  0.172    7  0.000  0.339   151.16    83.03    53.78    41.18    33.87  2 -3.28e-07      0.00 6.936e-01 3.023e-01 3.853e-04 7.822e-04 1.515e-03 -1.000 4.100e-03 -5.144 -4.391 -3.336 -5.401
0.004 -0.58336 8.45000 3.2786660194 2.5995440892    3.047  3.995  3.5628  0.130    7  0.000  0.339   164.48    89.63    57.85    44.35    36.49  2 -4.49e-07      0.00 6.936e-01 3.023e-01 3.853e-04 7.822e-04 1.515e-03 -1.000 4.100e-03 -5.218 -4.429 -3.342 -5.454
0.004 -0.58336 8.45000 3.2786710262 2.5995441575    3.047  4.026  3.5593  0.085    7  0.000  0.339   179.70    97.11    62.45    47.94    39.45  2 -6.12e-07      0.00 6.936e-01 3.023e-01 3.853e-04 7.822e-04 1.515e-03 -1.000 4.100e-03 -5.295 -4.464 -3.338 -5.505
0.004 -0.58336 8.45000 3.2786788940 2.5995442648    3.046  4.058  3.5557  0.038    7  0.000  0.339   197.38   105.72    67.73    52.05    42.84  2 -8.57e-07      0.00 6.936e-01 3.023e-01 3.853e-04 7.822e-04 1.515e-03 -1.000 4.100e-03 -5.376 -4.493 -3.316 -5.555
0.004 -0.58336 8.45000 3.2786934376 2.5995444631    3.043  4.064  3.5550  0.029    7  0.000  0.339   201.02   107.49    68.81    52.90    43.54  2 -9.21e-07      0.00 6.936e-01 3.023e-01 3.853e-04 7.822e-04 1.515e-03 -1.000 4.100e-03 -5.391 -4.499 -3.312 -5.564
0.004 -0.58336 8.45000 3.2786953449 2.5995444891    3.042  4.042  3.5575  0.061    7  0.000  0.339   188.67   101.49    65.14    50.03    41.18  2 -7.31e-07      0.00 6.936e-01 3.023e-01 3.853e-04 7.822e-04 1.515e-03 -1.000 4.100e-03 -5.336 -4.479 -3.327 -5.531
0.004 -0.58336 8.45000 3.2786991596 2.5995445411    3.041  4.067  3.5546  0.024    7  0.000  0.339   202.79   108.35    69.33    53.31    43.88  2 -9.51e-07      0.00 6.936e-01 3.023e-01 3.853e-04 7.822e-04 1.515e-03 -1.000 4.100e-03 -5.398 -4.500 -3.308 -5.568
0.004 -0.58336 8.45000 3.2787041664 2.5995446094    3.040  4.097  3.5511 -0.020    7  0.000  0.339   221.42   117.33    74.81    57.59    47.41  2 -1.29e-06      0.01 6.936e-01 3.023e-01 3.853e-04 7.822e-04 1.515e-03 -1.000 4.100e-03 -5.473 -4.524 -3.282 -5.612
0.004 -0.58336 8.45000 3.2787182331 2.5995448012    3.035  4.128  3.5474 -0.066    7  0.000  0.339   242.85   127.58    81.04    62.46    51.43  2 -1.79e-06      0.01 6.936e-01 3.023e-01 3.853e-04 7.822e-04 1.515e-03 -1.000 4.100e-03 -5.550 -4.538 -3.228 -5.649
0.004 -0.58336 8.45000 3.2787218094 2.5995448500    3.034  4.131  3.5469 -0.072    7  0.000  0.339   245.42   128.80    81.78    63.04    51.91  2 -1.84e-06      0.01 6.936e-01 3.023e-01 3.853e-04 7.822e-04 1.515e-03 -1.000 4.100e-03 -5.559 -4.539 -3.222 -5.654
