Zini MH logAge Mini int_IMF Mass logL logTe logg label McoreTP C_O period0 period1 period2 period3 period4 pmode Mloss tau1m X Y Xc Xn Xo Cexcess Z mbolmag Gmag G_BPmag G_RPmag
0.007 -0.33541 7.33500 0.0900000036 1.0816895926    0.090 -2.232  3.4357  4.318    0  0.000  0.545     0.00     0.00     0.00     0.00     0.00 -1 -1.72e-15      0.00 7.317e-01 2.612e-01 1.272e-03 3.431e-04 3.112e-03 -1.000 7.072e-03 10.349 11.950 14.296 10.563
0.007 -0.33541 7.33500 0.0903104693 1.0846570586    0.090 -2.229  3.4359  4.319    0  0.000  0.545     0.00     0.00     0.00     0.00     0.00 -1 -1.73e-15      0.00 7.317e-01 2.612e-01 1.272e-03 3.431e-04 3.112e-03 -1.000 7.072e-03 10.344 11.942 14.284 10.556
0.007 -0.33541 7.33500 0.0996483564 1.1681622722    0.100 -2.165  3.4432  4.326    0  0.000  0.545     0.00     0.00     0.00     0.00     0.00 -1  -1.9e-15      0.00 7.317e-01 2.612e-01 1.272e-03 3.431e-04 3.112e-03 -1.000 7.072e-03 10.181 11.700 13.932 10.334
0.007 -0.33541 7.33500 0.1042850167 1.2059352401    0.104 -2.136  3.4465  4.330    0  0.000  0.545     0.00     0.00     0.00     0.00     0.00 -1 -1.97e-15      0.00 7.317e-01 2.612e-01 1.272e-03 3.431e-04 3.112e-03 -1.000 7.072e-03 10.110 11.594 13.777 10.237
0.007 -0.33541 7.33500 0.1189450845 1.3123229328    0.119 -2.051  3.4560  4.340    0  0.000  0.545     0.00     0.00     0.00     0.00     0.00 -1 -2.22e-15      0.00 7.317e-01 2.612e-01 1.272e-03 3.431e-04 3.112e-03 -1.000 7.072e-03 9.898 11.279 13.319 9.952
0.007 -0.33541 7.33500 0.1382417977 1.4288911444    0.138 -1.955  3.4662  4.350    0  0.000  0.545     0.00     0.00     0.00     0.00     0.00 -1 -2.54e-15      0.00 7.317e-01 2.612e-01 1.272e-03 3.431e-04 3.112e-03 -1.000 7.072e-03 9.657 10.934 12.829 9.639
0.007 -0.33541 7.33500 0.1641485840 1.5557929574    0.164 -1.845  3.4773  4.359    0  0.000  0.545     0.00     0.00     0.00     0.00     0.00 -1 -2.97e-15      0.00 7.317e-01 2.612e-01 1.272e-03 3.431e-04 3.112e-03 -1.000 7.072e-03 9.383 10.553 12.304 9.292
0.007 -0.33541 7.33500 0.1871866435 1.6485055741    0.187 -1.761  3.4856  4.365    0  0.000  0.545     0.00     0.00     0.00     0.00     0.00 -1 -3.35e-15      0.00 7.317e-01 2.612e-01 1.272e-03 3.431e-04 3.112e-03 -1.000 7.072e-03 9.173 10.266 11.913 9.032
0.007 -0.33541 7.33500 0.1971588433 1.6841504506    0.197 -1.728  3.4889  4.368    0  0.000  0.545     0.00     0.00     0.00     0.00     0.00 -1 -3.51e-15      0.00 7.317e-01 2.612e-01 1.272e-03 3.431e-04 3.112e-03 -1.000 7.072e-03 9.091 10.153 11.760 8.931
0.007 -0.33541 7.33500 0.2100921720 1.7270355665    0.210 -1.687  3.4928  4.370    0  0.000  0.545     0.00     0.00     0.00     0.00     0.00 -1 -3.72e-15      0.00 7.317e-01 2.612e-01 1.272e-03 3.431e-04 3.112e-03 -1.000 7.072e-03 8.988 10.018 11.584 8.808
0.007 -0.33541 7.33500 0.2199342847 1.7574343864    0.219 -1.658  3.4956  4.371    0  0.000  0.545     0.00     0.00     0.00     0.00     0.00 -1 -3.88e-15      0.00 7.317e-01 2.612e-01 1.272e-03 3.431e-04 3.112e-03 -1.000 7.072e-03 8.914 9.923 11.461 8.720
0.007 -0.33541 7.33500 0.2260958403 1.7755793856    0.226 -1.640  3.4973  4.373    0  0.000  0.545     0.00     0.00     0.00     0.00     0.00 -1 -3.98e-15      0.00 7.317e-01 2.612e-01 1.272e-03 3.431e-04 3.112e-03 -1.000 7.072e-03 8.871 9.866 11.387 8.668
0.007 -0.33541 7.33500 0.2443737835 1.8258323712    0.244 -1.591  3.5020  4.376    0  0.000  0.545     0.00     0.00     0.00     0.00     0.00 -1 -4.29e-15      0.00 7.317e-01 2.612e-01 1.272e-03 3.431e-04 3.112e-03 -1.000 7.072e-03 8.746 9.704 11.179 8.522
0.007 -0.33541 7.33500 0.2684617639 1.8850574318    0.268 -1.531  3.5079  4.381    0  0.000  0.545     0.00     0.00     0.00     0.00     0.00 -1 -4.66e-15      0.00 7.317e-01 2.612e-01 1.272e-03 3.431e-04 3.112e-03 -1.000 7.072e-03 8.599 9.512 10.931 8.347
0.007 -0.33541 7.33500 0.2993361056 1.9515824982    0.299 -1.463  3.5148  4.387    0  0.000  0.545     0.00     0.00     0.00     0.00     0.00 -1 -5.13e-15      0.00 7.317e-01 2.612e-01 1.272e-03 3.431e-04 3.112e-03 -1.000 7.072e-03 8.428 9.291 10.649 8.147
0.007 -0.33541 7.33500 0.3400516212 2.0268044014    0.339 -1.383  3.5230  4.395    0  0.000  0.545     0.00     0.00     0.00     0.00     0.00 -1 -5.74e-15      0.00 7.317e-01 2.612e-01 1.272e-03 3.431e-04 3.112e-03 -1.000 7.072e-03 8.226 9.031 10.320 7.913
0.007 -0.33541 7.33500 0.3408574164 2.0281734154    0.340 -1.381  3.5232  4.396    0  0.000  0.545     0.00     0.00     0.00     0.00     0.00 -1 -5.75e-15      0.00 7.317e-01 2.612e-01 1.272e-03 3.431e-04 3.112e-03 -1.000 7.072e-03 8.223 9.027 10.314 7.909
0.007 -0.33541 7.33500 0.3535382152 2.0491786939    0.353 -1.359  3.5255  4.398    0  0.000  0.545     0.00     0.00     0.00     0.00     0.00 -1 -5.93e-15      0.00 7.317e-01 2.612e-01 1.272e-03 3.431e-04 3.112e-03 -1.000 7.072e-03 8.166 8.955 10.226 7.844
0.007 -0.33541 7.33500 0.3890992403 2.1032117912    0.388 -1.298  3.5314  4.403    0  0.000  0.545     0.00     0.00     0.00     0.00     0.00 -1 -6.45e-15      0.00 7.317e-01 2.612e-01 1.272e-03 3.431e-04 3.112e-03 -1.000 7.072e-03 8.016 8.766 9.992 7.672
0.007 -0.33541 7.33500 0.4373410344 2.1670360615    0.437 -1.223  3.5392  4.410    0  0.000  0.545     0.00     0.00     0.00     0.00     0.00 -1 -7.18e-15      0.00 7.317e-01 2.612e-01 1.272e-03 3.431e-04 3.112e-03 -1.000 7.072e-03 7.827 8.529 9.700 7.458
0.007 -0.33541 7.33500 0.4519597888 2.1845912007    0.451 -1.201  3.5416  4.412    0  0.000  0.545     0.00     0.00     0.00     0.00     0.00 -1 -7.43e-15      0.00 7.317e-01 2.612e-01 1.272e-03 3.431e-04 3.112e-03 -1.000 7.072e-03 7.771 8.458 9.612 7.394
0.007 -0.33541 7.33500 0.4855828285 2.2223072234    0.485 -1.150  3.5469  4.414    0  0.000  0.545     0.00     0.00     0.00     0.00     0.00 -1 -8.03e-15      0.00 7.317e-01 2.612e-01 1.272e-03 3.431e-04 3.112e-03 -1.000 7.072e-03 7.645 8.300 9.419 7.251
0.007 -0.33541 7.33500 0.5101175308 2.2476464710    0.509 -1.115  3.5513  4.418    0  0.000  0.545     0.00     0.00     0.00     0.00     0.00 -1 -8.44e-15      0.00 7.317e-01 2.612e-01 1.272e-03 3.431e-04 3.112e-03 -1.000 7.072e-03 7.558 8.187 9.278 7.151
0.007 -0.33541 7.33500 0.5338246226 2.2697980445    0.533 -1.079  3.5554  4.417    0  0.000  0.545     0.00     0.00     0.00     0.00     0.00 -1 -8.98e-15      0.00 7.317e-01 2.612e-01 1.272e-03 3.431e-04 3.112e-03 -1.000 7.072e-03 7.467 8.072 9.137 7.048
0.007 -0.33541 7.33500 0.5536214709 2.2866340504    0.553 -1.050  3.5595  4.421    0  0.000  0.545     0.00     0.00     0.00     0.00     0.00 -1 -9.38e-15      0.00 7.317e-01 2.612e-01 1.272e-03 3.431e-04 3.112e-03 -1.000 7.072e-03 7.395 7.975 9.014 6.964
0.007 -0.33541 7.33500 0.5820664167 2.3085344924    0.581 -1.003  3.5656  4.420    0  0.000  0.545     0.00     0.00     0.00     0.00     0.00 -1 -1.02e-14      0.00 7.317e-01 2.612e-01 1.272e-03 3.431e-04 3.112e-03 -1.000 7.072e-03 7.278 7.822 8.826 6.829
0.007 -0.33541 7.33500 0.6020532846 2.3225075065    0.601 -0.970  3.5707  4.422    0  0.000  0.545     0.00     0.00     0.00     0.00     0.00 -1 -1.08e-14      0.00 7.317e-01 2.612e-01 1.272e-03 3.431e-04 3.112e-03 -1.000 7.072e-03 7.196 7.712 8.687 6.734
0.007 -0.33541 7.33500 0.6303082108 2.3405328719    0.630 -0.918  3.5782  4.420    0  0.000  0.545     0.00     0.00     0.00     0.00     0.00 -1 -1.19e-14      0.00 7.317e-01 2.612e-01 1.272e-03 3.431e-04 3.112e-03 -1.000 7.072e-03 7.064 7.542 8.479 6.584
0.007 -0.33541 7.33500 0.6429324150 2.3480001548    0.642 -0.896  3.5821  4.422    0  0.000  0.545     0.00     0.00     0.00     0.00     0.00 -1 -1.24e-14      0.00 7.317e-01 2.612e-01 1.272e-03 3.431e-04 3.112e-03 -1.000 7.072e-03 7.009 7.468 8.386 6.521
0.007 -0.33541 7.33500 0.6785501242 2.3673564686    0.678 -0.825  3.5943  4.424    0  0.000  0.545     0.00     0.00     0.00     0.00     0.00 -1 -1.41e-14      0.00 7.317e-01 2.612e-01 1.272e-03 3.431e-04 3.112e-03 -1.000 7.072e-03 6.833 7.235 8.096 6.320
0.007 -0.33541 7.33500 0.6858885288 2.3710583459    0.686 -0.805  3.6001  4.431    0  0.000  0.544     0.00     0.00     0.00     0.00     0.00 -1 -1.45e-14      0.00 7.317e-01 2.612e-01 1.270e-03 3.430e-04 3.112e-03 -1.000 7.072e-03 6.783 7.160 7.997 6.259
0.007 -0.33541 7.33500 0.7123765349 2.3836937547    0.712 -0.725  3.6215  4.454    0  0.000  0.542     0.00     0.00     0.00     0.00     0.00 -1 -1.67e-14      0.00 7.317e-01 2.612e-01 1.265e-03 3.429e-04 3.112e-03 -1.000 7.072e-03 6.582 6.871 7.619 6.025
0.007 -0.33541 7.33500 0.7267918587 2.3901268728    0.726 -0.681  3.6331  4.464    0  0.000  0.541     0.00     0.00     0.00     0.00     0.00 -1  -1.8e-14      0.00 7.318e-01 2.612e-01 1.262e-03 3.428e-04 3.112e-03 -1.000 7.072e-03 6.472 6.711 7.410 5.897
0.007 -0.33541 7.33500 0.7581893206 2.4031699697    0.758 -0.592  3.6536  4.476    0  0.000  0.539     0.00     0.00     0.00     0.00     0.00 -1 -2.14e-14      0.00 7.318e-01 2.611e-01 1.257e-03 3.427e-04 3.112e-03 -1.000 7.072e-03 6.249 6.397 7.007 5.646
0.007 -0.33541 7.33500 0.7755740285 2.4098717853    0.775 -0.540  3.6652  4.480    0  0.000  0.538     0.00     0.00     0.00     0.00     0.00 -1 -2.37e-14      0.00 7.318e-01 2.611e-01 1.255e-03 3.426e-04 3.112e-03 -1.000 7.072e-03 6.120 6.221 6.788 5.502
0.007 -0.33541 7.33500 0.7822849751 2.4123674024    0.782 -0.522  3.6681  4.478    0  0.000  0.538     0.00     0.00     0.00     0.00     0.00 -1 -2.46e-14      0.00 7.318e-01 2.611e-01 1.255e-03 3.426e-04 3.112e-03 -1.000 7.072e-03 6.076 6.164 6.721 5.454
0.007 -0.33541 7.33500 0.8068323135 2.4210905965    0.806 -0.448  3.6810  4.469    0  0.000  0.538     0.00     0.00     0.00     0.00     0.00 -1  -2.9e-14      0.00 7.318e-01 2.611e-01 1.255e-03 3.426e-04 3.112e-03 -1.000 7.072e-03 5.891 5.935 6.450 5.259
0.007 -0.33541 7.33500 0.8243562579 2.4269537923    0.824 -0.394  3.6908  4.463    0  0.000  0.538     0.00     0.00     0.00     0.00     0.00 -1 -3.27e-14      0.00 7.318e-01 2.611e-01 1.255e-03 3.426e-04 3.112e-03 -1.000 7.072e-03 5.754 5.769 6.256 5.116
0.007 -0.33541 7.33500 0.8461572528 2.4338595863    0.845 -0.325  3.7033  4.456    0  0.000  0.538     0.00     0.00     0.00     0.00     0.00 -1 -3.82e-14      0.00 7.318e-01 2.611e-01 1.255e-03 3.426e-04 3.112e-03 -1.000 7.072e-03 5.583 5.566 6.019 4.943
0.007 -0.33541 7.33500 0.8707911372 2.4411861961    0.870 -0.245  3.7179  4.447    0  0.000  0.538     0.00     0.00     0.00     0.00     0.00 -1 -4.56e-14      0.00 7.318e-01 2.611e-01 1.255e-03 3.426e-04 3.112e-03 -1.000 7.072e-03 5.384 5.336 5.753 4.747
0.007 -0.33541 7.33500 0.8731384277 2.4418595603    0.872 -0.238  3.7193  4.446    0  0.000  0.538     0.00     0.00     0.00     0.00     0.00 -1 -4.64e-14      0.00 7.318e-01 2.611e-01 1.255e-03 3.426e-04 3.112e-03 -1.000 7.072e-03 5.364 5.314 5.727 4.728
0.007 -0.33541 7.33500 0.8807883263 2.4440254607    0.880 -0.213  3.7238  4.442    0  0.000  0.538     0.00     0.00     0.00     0.00     0.00 -1 -4.92e-14      0.00 7.318e-01 2.611e-01 1.255e-03 3.426e-04 3.112e-03 -1.000 7.072e-03 5.301 5.243 5.646 4.667
0.007 -0.33541 7.33500 0.9044409394 2.4504564546    0.904 -0.133  3.7379  4.431    0  0.000  0.538     0.00     0.00     0.00     0.00     0.00 -1  -5.9e-14      0.00 7.318e-01 2.611e-01 1.255e-03 3.426e-04 3.112e-03 -1.000 7.072e-03 5.104 5.025 5.397 4.479
0.007 -0.33541 7.33500 0.9219205379 2.4549659816    0.921 -0.074  3.7482  4.421    0  0.000  0.538     0.00     0.00     0.00     0.00     0.00 -1 -6.77e-14      0.00 7.318e-01 2.611e-01 1.255e-03 3.426e-04 3.112e-03 -1.000 7.072e-03 4.956 4.866 5.216 4.344
0.007 -0.33541 7.33500 0.9251833558 2.4557860749    0.924 -0.063  3.7500  4.419    0  0.000  0.538     0.00     0.00     0.00     0.00     0.00 -1 -6.95e-14      0.00 7.318e-01 2.611e-01 1.255e-03 3.426e-04 3.112e-03 -1.000 7.072e-03 4.928 4.836 5.182 4.318
0.007 -0.33541 7.33500 0.9465607405 2.4609987189    0.946  0.010  3.7621  4.404    0  0.000  0.538     0.00     0.00     0.00     0.00     0.00 -1 -8.27e-14      0.00 7.318e-01 2.611e-01 1.255e-03 3.426e-04 3.112e-03 -1.000 7.072e-03 4.745 4.646 4.967 4.153
0.007 -0.33541 7.33500 0.9707027674 2.4665691833    0.970  0.086  3.7749  4.390    0  0.000  0.538     0.00     0.00     0.00     0.00     0.00 -1  -9.9e-14      0.00 7.318e-01 2.611e-01 1.255e-03 3.426e-04 3.112e-03 -1.000 7.072e-03 4.555 4.451 4.746 3.988
0.007 -0.33541 7.33500 0.9727340341 2.4670233908    0.972  0.093  3.7760  4.389    0  0.000  0.538     0.00     0.00     0.00     0.00     0.00 -1    -1e-13      0.00 7.318e-01 2.611e-01 1.255e-03 3.426e-04 3.112e-03 -1.000 7.072e-03 4.538 4.435 4.728 3.974
0.007 -0.33541 7.33500 0.9907762408 2.4709639554    0.990  0.143  3.7845  4.381    0  0.000  0.538     0.00     0.00     0.00     0.00     0.00 -1 -1.12e-13      0.00 7.318e-01 2.611e-01 1.255e-03 3.426e-04 3.112e-03 -1.000 7.072e-03 4.413 4.309 4.584 3.868
0.007 -0.33541 7.33500 1.0139297247 2.4757853401    1.013  0.179  3.7925  4.387    0  0.000  0.538     0.00     0.00     0.00     0.00     0.00 -1 -1.18e-13      0.00 7.318e-01 2.611e-01 1.254e-03 3.426e-04 3.112e-03 -1.000 7.072e-03 4.323 4.220 4.480 3.798
0.007 -0.33541 7.33500 1.0194849968 2.4769047482    1.019  0.184  3.7941  4.390    0  0.000  0.538     0.00     0.00     0.00     0.00     0.00 -1 -1.19e-13      0.00 7.318e-01 2.611e-01 1.254e-03 3.426e-04 3.112e-03 -1.000 7.072e-03 4.310 4.207 4.464 3.788
0.007 -0.33541 7.33500 1.0473794937 2.4823197638    1.047  0.207  3.8018  4.410    0  0.000  0.537     0.00     0.00     0.00     0.00     0.00 -1 -1.16e-13      0.00 7.318e-01 2.611e-01 1.254e-03 3.425e-04 3.111e-03 -1.000 7.072e-03 4.252 4.151 4.394 3.749
0.007 -0.33541 7.33500 1.0682671070 2.4861623348    1.067  0.217  3.8060  4.426    0  0.000  0.537     0.00     0.00     0.00     0.00     0.00 -1 -1.12e-13      0.00 7.318e-01 2.611e-01 1.254e-03 3.425e-04 3.111e-03 -1.000 7.059e-03 4.228 4.129 4.364 3.736
0.007 -0.33541 7.33500 1.0862954855 2.4893426334    1.085  0.223  3.8089  4.438    0  0.000  0.538     0.00     0.00     0.00     0.00     0.00 -1 -1.08e-13      0.00 7.318e-01 2.611e-01 1.254e-03 3.425e-04 3.111e-03 -1.000 7.044e-03 4.211 4.113 4.344 3.727
0.007 -0.33541 7.33500 1.1170494556 2.4944963106    1.116  0.251  3.8135  4.441    0  0.000  0.538     0.00     0.00     0.00     0.00     0.00 -1 -1.07e-13      0.00 7.319e-01 2.611e-01 1.254e-03 3.425e-04 3.111e-03 -1.000 7.062e-03 4.142 4.046 4.269 3.670
0.007 -0.33541 7.33500 1.1555353403 2.5005033648    1.155  0.295  3.8194  4.435    0  0.000  0.538     0.00     0.00     0.00     0.00     0.00 -1  -1.1e-13      0.00 7.319e-01 2.610e-01 1.254e-03 3.425e-04 3.111e-03 -1.000 7.072e-03 4.032 3.937 4.150 3.574
0.007 -0.33541 7.33500 1.1658315659 2.5020333135    1.165  0.314  3.8213  4.428    0  0.000  0.538     0.00     0.00     0.00     0.00     0.00 -1 -1.12e-13      0.00 7.319e-01 2.610e-01 1.254e-03 3.425e-04 3.111e-03 -1.000 7.072e-03 3.986 3.892 4.102 3.534
0.007 -0.33541 7.33500 1.1700974703 2.5026581328    1.169  0.321  3.8221  4.426    0  0.000  0.538     0.00     0.00     0.00     0.00     0.00 -1 -1.13e-13      0.00 7.319e-01 2.610e-01 1.254e-03 3.425e-04 3.111e-03 -1.000 7.072e-03 3.968 3.874 4.082 3.517
0.007 -0.33541 7.33500 1.2146137953 2.5088783730    1.214  0.396  3.8306  4.401    0  0.000  0.538     0.00     0.00     0.00     0.00     0.00 -1 -1.25e-13      0.00 7.319e-01 2.610e-01 1.254e-03 3.425e-04 3.110e-03 -1.000 7.072e-03 3.781 3.689 3.883 3.351
0.007 -0.33541 7.33500 1.2633960247 2.5151191170    1.263  0.479  3.8416  4.379    0  0.000  0.538     0.00     0.00     0.00     0.00     0.00 -1 -1.36e-13      0.00 7.319e-01 2.610e-01 1.254e-03 3.424e-04 3.111e-03 -1.000 7.072e-03 3.572 3.483 3.660 3.171
0.007 -0.33541 7.33500 1.2831728458 2.5174942660    1.283  0.512  3.8467  4.373    0  0.000  0.538     0.00     0.00     0.00     0.00     0.00 -1 -1.39e-13      0.00 7.319e-01 2.610e-01 1.254e-03 3.424e-04 3.110e-03 -1.000 7.072e-03 3.490 3.403 3.572 3.102
0.007 -0.33541 7.33500 1.3121781349 2.5208292482    1.312  0.558  3.8542  4.367    0  0.000  0.538     0.00     0.00     0.00     0.00     0.00 -1 -1.44e-13      0.00 7.319e-01 2.610e-01 1.254e-03 3.424e-04 3.110e-03 -1.000 7.072e-03 3.376 3.291 3.449 3.008
0.007 -0.33541 7.33500 1.3609604836 2.5260712240    1.361  0.633  3.8703  4.372    0  0.000  0.538     0.00     0.00     0.00     0.00     0.00 -1 -1.46e-13      0.00 7.320e-01 2.609e-01 1.254e-03 3.424e-04 3.110e-03 -1.000 7.072e-03 3.188 3.111 3.245 2.866
0.007 -0.33541 7.33500 1.3670845032 2.5266989636    1.367  0.642  3.8726  4.375    0  0.000  0.538     0.00     0.00     0.00     0.00     0.00 -1 -1.45e-13      0.00 7.320e-01 2.610e-01 1.254e-03 3.424e-04 3.110e-03 -1.000 7.072e-03 3.166 3.090 3.221 2.851
0.007 -0.33541 7.33500 1.4097425938 2.5308981725    1.410  0.700  3.8857  4.382    0  0.000  0.538     0.00     0.00     0.00     0.00     0.00 -1 -1.42e-13      0.00 7.320e-01 2.610e-01 1.254e-03 3.424e-04 3.110e-03 -1.000 7.071e-03 3.019 2.952 3.065 2.744
0.007 -0.33541 7.33500 1.4585247040 2.5353556906    1.459  0.764  3.9005  4.392    0  0.000  0.538     0.00     0.00     0.00     0.00     0.00 -1 -1.33e-13      0.00 7.320e-01 2.610e-01 1.254e-03 3.424e-04 3.110e-03 -1.000 7.054e-03 2.860 2.805 2.897 2.633
0.007 -0.33541 7.33500 1.5073068142 2.5394830383    1.507  0.825  3.9147  4.402    0  0.000  0.538     0.00     0.00     0.00     0.00     0.00 -1 -1.19e-13      0.00 7.320e-01 2.610e-01 1.254e-03 3.424e-04 3.109e-03 -1.000 7.033e-03 2.707 2.669 2.741 2.532
0.007 -0.33541 7.33500 1.5560891628 2.5433142270    1.556  0.884  3.9281  4.410    0  0.000  0.538     0.00     0.00     0.00     0.00     0.00 -1 -9.88e-14      0.00 7.320e-01 2.609e-01 1.254e-03 3.424e-04 3.109e-03 -1.000 7.069e-03 2.560 2.543 2.598 2.439
0.007 -0.33541 7.33500 1.6048712730 2.5468787904    1.604  0.941  3.9408  4.418    0  0.000  0.538     0.00     0.00     0.00     0.00     0.00 -1 -7.21e-14      0.00 7.320e-01 2.609e-01 1.254e-03 3.423e-04 3.109e-03 -1.000 7.072e-03 2.417 2.430 2.470 2.354
0.007 -0.33541 7.33500 1.6536533833 2.5502025845    1.653  0.996  3.9530  4.424    0  0.000  0.538     0.00     0.00     0.00     0.00     0.00 -1  -2.6e-15      0.00 7.321e-01 2.609e-01 1.254e-03 3.423e-04 3.109e-03 -1.000 7.067e-03 2.280 2.328 2.356 2.276
0.007 -0.33541 7.33500 1.7024356127 2.5533082844    1.702  1.048  3.9643  4.430    0  0.000  0.538     0.00     0.00     0.00     0.00     0.00 -1    -1e-30      0.00 7.321e-01 2.608e-01 1.253e-03 3.423e-04 3.109e-03 -1.000 7.066e-03 2.150 2.237 2.255 2.203
0.007 -0.33541 7.33500 1.7512178421 2.5562158455    1.750  1.099  3.9751  4.435    0  0.000  0.537     0.00     0.00     0.00     0.00     0.00 -1    -1e-30      0.00 7.321e-01 2.608e-01 1.253e-03 3.423e-04 3.109e-03 -1.000 7.071e-03 2.024 2.151 2.161 2.134
0.007 -0.33541 7.33500 1.7999999523 2.5589429085    1.799  1.148  3.9854  4.439    0  0.000  0.538     0.00     0.00     0.00     0.00     0.00 -1    -1e-30      0.00 7.321e-01 2.608e-01 1.253e-03 3.423e-04 3.109e-03 -1.000 7.064e-03 1.900 2.071 2.073 2.067
0.007 -0.33541 7.33500 1.8487784863 2.5615049516    1.848  1.194  3.9951  4.443    0  0.000  0.538     0.00     0.00     0.00     0.00     0.00 -1    -1e-30      0.00 7.321e-01 2.608e-01 1.253e-03 3.422e-04 3.109e-03 -1.000 7.063e-03 1.784 1.997 1.993 2.005
0.007 -0.33541 7.33500 1.8975570202 2.5639161075    1.897  1.239  4.0042  4.446    0  0.000  0.537     0.00     0.00     0.00     0.00     0.00 -1    -1e-30      0.00 7.321e-01 2.608e-01 1.253e-03 3.422e-04 3.109e-03 -1.000 7.072e-03 1.672 1.926 1.917 1.944
0.007 -0.33541 7.33500 1.9463355541 2.5661888074    1.946  1.283  4.0131  4.448    0  0.000  0.537     0.00     0.00     0.00     0.00     0.00 -1    -1e-30      0.00 7.321e-01 2.608e-01 1.253e-03 3.422e-04 3.109e-03 -1.000 7.067e-03 1.562 1.857 1.844 1.884
0.007 -0.33541 7.33500 1.9951140881 2.5683341806    1.995  1.326  4.0215  4.450    0  0.000  0.537     0.00     0.00     0.00     0.00     0.00 -1    -1e-30      0.00 7.321e-01 2.608e-01 1.253e-03 3.422e-04 3.109e-03 -1.000 7.058e-03 1.456 1.791 1.774 1.826
0.007 -0.33541 7.33500 2.0438926220 2.5703622186    2.043  1.367  4.0295  4.451    0  0.000  0.537     0.00     0.00     0.00     0.00     0.00 -1    -1e-30      0.00 7.321e-01 2.608e-01 1.253e-03 3.422e-04 3.108e-03 -1.000 7.049e-03 1.353 1.728 1.707 1.770
0.007 -0.33541 7.33500 2.0926709175 2.5722819057    2.092  1.407  4.0370  4.452    0  0.000  0.537     0.00     0.00     0.00     0.00     0.00 -1    -1e-30      0.00 7.321e-01 2.608e-01 1.253e-03 3.422e-04 3.108e-03 -1.000 7.072e-03 1.253 1.666 1.641 1.714
0.007 -0.33541 7.33500 2.1414496899 2.5741013849    2.140  1.446  4.0444  4.452    0  0.000  0.538     0.00     0.00     0.00     0.00     0.00 -1    -1e-30      0.00 7.322e-01 2.608e-01 1.253e-03 3.422e-04 3.108e-03 -1.000 7.069e-03 1.156 1.606 1.578 1.659
0.007 -0.33541 7.33500 2.1902279854 2.5758279618    2.189  1.484  4.0515  4.452    0  0.000  0.538     0.00     0.00     0.00     0.00     0.00 -1    -1e-30      0.00 7.322e-01 2.608e-01 1.253e-03 3.422e-04 3.108e-03 -1.000 7.072e-03 1.061 1.547 1.516 1.605
0.007 -0.33541 7.33500 2.2390067577 2.5774683258    2.238  1.521  4.0582  4.452    1  0.000  0.538     0.00     0.00     0.00     0.00     0.00 -1    -1e-30      0.00 7.322e-01 2.608e-01 1.253e-03 3.422e-04 3.108e-03 -1.000 7.072e-03 0.968 1.490 1.457 1.553
0.007 -0.33541 7.33500 2.2877850533 2.5790284923    2.286  1.557  4.0647  4.451    1  0.000  0.538     0.00     0.00     0.00     0.00     0.00 -1    -1e-30      0.00 7.322e-01 2.608e-01 1.253e-03 3.422e-04 3.108e-03 -1.000 7.072e-03 0.878 1.434 1.398 1.501
0.007 -0.33541 7.33500 2.2904746532 2.5791122984    2.289  1.559  4.0651  4.451    1  0.000  0.538     0.00     0.00     0.00     0.00     0.00 -1    -1e-30      0.00 7.322e-01 2.608e-01 1.253e-03 3.422e-04 3.108e-03 -1.000 7.072e-03 0.873 1.431 1.395 1.498
0.007 -0.33541 7.33500 2.3365635872 2.5805139911    2.335  1.592  4.0710  4.451    1  0.000  0.538     0.00     0.00     0.00     0.00     0.00 -1    -1e-30      0.00 7.322e-01 2.607e-01 1.253e-03 3.422e-04 3.108e-03 -1.000 7.072e-03 0.791 1.380 1.342 1.451
0.007 -0.33541 7.33500 2.3853423595 2.5819298447    2.384  1.626  4.0770  4.450    1  0.000  0.538     0.00     0.00     0.00     0.00     0.00 -1    -1e-30      0.00 7.322e-01 2.607e-01 1.253e-03 3.422e-04 3.108e-03 -1.000 7.072e-03 0.706 1.326 1.286 1.402
0.007 -0.33541 7.33500 2.4563713074 2.5838763448    2.455  1.674  4.0854  4.448    1  0.000  0.538     0.00     0.00     0.00     0.00     0.00 -1    -1e-30      0.00 7.321e-01 2.608e-01 1.254e-03 3.423e-04 3.109e-03 -1.000 7.072e-03 0.585 1.251 1.208 1.332
0.007 -0.33541 7.33500 2.5804562569 2.5869829787    2.580  1.755  4.0995  4.444    1  0.000  0.538     0.00     0.00     0.00     0.00     0.00 -1    -1e-30      0.00 7.318e-01 2.611e-01 1.255e-03 3.426e-04 3.112e-03 -1.000 7.072e-03 0.383 1.125 1.077 1.214
0.007 -0.33541 7.33500 2.7755703926 2.5912279891    2.775  1.874  4.1193  4.436    1  0.000  0.538     0.00     0.00     0.00     0.00     0.00 -1    -1e-30      0.00 7.318e-01 2.611e-01 1.255e-03 3.426e-04 3.113e-03 -1.000 7.072e-03 0.084 0.936 0.882 1.037
0.007 -0.33541 7.33500 2.9706845284 2.5948382285    2.970  1.985  4.1372  4.426    1  0.000  0.538     0.00     0.00     0.00     0.00     0.00 -1    -1e-30      0.00 7.318e-01 2.611e-01 1.255e-03 3.426e-04 3.113e-03 -1.000 7.072e-03 -0.193 0.760 0.701 0.871
0.007 -0.33541 7.33500 3.0540134907 2.5962194034    3.053  2.030  4.1442  4.421    1  0.000  0.538     0.00     0.00     0.00     0.00     0.00 -1    -1e-30      0.00 7.318e-01 2.611e-01 1.255e-03 3.426e-04 3.113e-03 -1.000 7.072e-03 -0.305 0.688 0.626 0.803
0.007 -0.33541 7.33500 3.1657986641 2.5979415603    3.164  2.089  4.1536  4.416    1  0.000  0.538     0.00     0.00     0.00     0.00     0.00 -1    -1e-30      0.00 7.318e-01 2.611e-01 1.255e-03 3.426e-04 3.113e-03 -1.000 7.072e-03 -0.452 0.595 0.531 0.715
0.007 -0.33541 7.33500 3.3609127998 2.6006342203    3.359  2.186  4.1692  4.407    1  0.000  0.538     0.00     0.00     0.00     0.00     0.00 -1    -1e-30      0.00 7.318e-01 2.611e-01 1.255e-03 3.426e-04 3.113e-03 -1.000 7.072e-03 -0.695 0.442 0.373 0.571
0.007 -0.33541 7.33500 3.5560264587 2.6029899292    3.553  2.278  4.1833  4.396    1  0.000  0.538     0.00     0.00     0.00     0.00     0.00 -1    -1e-30      0.00 7.318e-01 2.611e-01 1.255e-03 3.426e-04 3.113e-03 -1.000 7.072e-03 -0.924 0.296 0.222 0.433
0.007 -0.33541 7.33500 3.6074676514 2.6035623967    3.604  2.301  4.1870  4.394    1  0.000  0.538     0.00     0.00     0.00     0.00     0.00 -1    -1e-30      0.00 7.318e-01 2.611e-01 1.255e-03 3.426e-04 3.113e-03 -1.000 7.072e-03 -0.982 0.259 0.184 0.398
0.007 -0.33541 7.33500 3.7511405945 2.6050660687    3.748  2.365  4.1969  4.387    1  0.000  0.538     0.00     0.00     0.00     0.00     0.00 -1    -1e-30      0.00 7.318e-01 2.611e-01 1.255e-03 3.426e-04 3.113e-03 -1.000 7.072e-03 -1.142 0.158 0.081 0.302
0.007 -0.33541 7.33500 3.9462547302 2.6069079001    3.945  2.447  4.2094  4.377    1  0.000  0.538     0.00     0.00     0.00     0.00     0.00 -1    -1e-30      0.00 7.318e-01 2.611e-01 1.255e-03 3.426e-04 3.113e-03 -1.000 7.072e-03 -1.347 0.027 -0.055 0.178
0.007 -0.33541 7.33500 4.0304980278 2.6076400420    4.029  2.481  4.2146  4.373    1  0.000  0.538     0.00     0.00     0.00     0.00     0.00 -1    -1e-30      0.00 7.318e-01 2.611e-01 1.255e-03 3.426e-04 3.113e-03 -1.000 7.072e-03 -1.433 -0.028 -0.111 0.126
0.007 -0.33541 7.33500 4.1413688660 2.6085515873    4.139  2.525  4.2213  4.367    1  0.000  0.538     0.00     0.00     0.00     0.00     0.00 -1    -1e-30      0.00 7.318e-01 2.611e-01 1.255e-03 3.426e-04 3.113e-03 -1.000 7.072e-03 -1.543 -0.099 -0.184 0.059
0.007 -0.33541 7.33500 4.2192893028 2.6091593651    4.216  2.556  4.2258  4.363    1  0.000  0.538     0.00     0.00     0.00     0.00     0.00 -1    -1e-30      0.00 7.318e-01 2.611e-01 1.255e-03 3.426e-04 3.113e-03 -1.000 7.072e-03 -1.619 -0.148 -0.234 0.012
0.007 -0.33541 7.33500 4.3364834785 2.6100263501    4.333  2.600  4.2326  4.357    1  0.000  0.538     0.00     0.00     0.00     0.00     0.00 -1    -1e-30      0.00 7.318e-01 2.611e-01 1.255e-03 3.426e-04 3.113e-03 -1.000 7.072e-03 -1.731 -0.220 -0.308 -0.056
0.007 -0.33541 7.33500 4.5001912117 2.6111509347    4.496  2.661  4.2415  4.348    1  0.000  0.538     0.00     0.00     0.00     0.00     0.00 -1    -1e-30      0.00 7.318e-01 2.611e-01 1.255e-03 3.426e-04 3.113e-03 -1.000 7.072e-03 -1.882 -0.318 -0.409 -0.149
0.007 -0.33541 7.33500 4.5315971375 2.6113560213    4.528  2.672  4.2432  4.347    1  0.000  0.538     0.00     0.00     0.00     0.00     0.00 -1    -1e-30      0.00 7.318e-01 2.611e-01 1.255e-03 3.426e-04 3.113e-03 -1.000 7.072e-03 -1.910 -0.337 -0.428 -0.167
0.007 -0.33541 7.33500 4.5529613495 2.6114936757    4.549  2.680  4.2443  4.345    1  0.000  0.538     0.00     0.00     0.00     0.00     0.00 -1    -1e-30      0.00 7.318e-01 2.611e-01 1.255e-03 3.426e-04 3.113e-03 -1.000 7.072e-03 -1.929 -0.349 -0.441 -0.179
0.007 -0.33541 7.33500 4.7267112732 2.6125602494    4.724  2.741  4.2533  4.336    1  0.000  0.538     0.00     0.00     0.00     0.00     0.00 -1    -1e-30      0.00 7.318e-01 2.611e-01 1.255e-03 3.426e-04 3.113e-03 -1.000 7.072e-03 -2.083 -0.450 -0.544 -0.274
0.007 -0.33541 7.33500 4.9218254089 2.6136553421    4.919  2.807  4.2629  4.326    1  0.000  0.538     0.00     0.00     0.00     0.00     0.00 -1    -1e-30      0.00 7.318e-01 2.611e-01 1.255e-03 3.426e-04 3.113e-03 -1.000 7.072e-03 -2.248 -0.559 -0.656 -0.378
0.007 -0.33541 7.33500 5.0047059059 2.6140909092    5.003  2.835  4.2668  4.322    1  0.000  0.538     0.00     0.00     0.00     0.00     0.00 -1    -1e-30      0.00 7.318e-01 2.611e-01 1.255e-03 3.426e-04 3.113e-03 -1.000 7.072e-03 -2.316 -0.605 -0.702 -0.421
0.007 -0.33541 7.33500 5.1169390678 2.6146549493    5.115  2.871  4.2719  4.316    1  0.000  0.538     0.00     0.00     0.00     0.00     0.00 -1    -1e-30      0.00 7.318e-01 2.611e-01 1.255e-03 3.426e-04 3.113e-03 -1.000 7.072e-03 -2.408 -0.666 -0.765 -0.479
0.007 -0.33541 7.33500 5.2632884979 2.6153490511    5.263  2.918  4.2785  4.308    1  0.000  0.538     0.00     0.00     0.00     0.00     0.00 -1    -1e-30      0.00 7.318e-01 2.611e-01 1.255e-03 3.426e-04 3.113e-03 -1.000 7.072e-03 -2.524 -0.744 -0.845 -0.554
0.007 -0.33541 7.33500 5.3120532036 2.6155705844    5.311  2.933  4.2806  4.305    1  0.000  0.538     0.00     0.00     0.00     0.00     0.00 -1    -1e-30      0.00 7.318e-01 2.611e-01 1.255e-03 3.426e-04 3.113e-03 -1.000 7.072e-03 -2.562 -0.769 -0.871 -0.578
0.007 -0.33541 7.33500 5.5071678162 2.6164120114    5.507  2.993  4.2889  4.294    1  0.000  0.538     0.00     0.00     0.00     0.00     0.00 -1    -1e-30      0.00 7.318e-01 2.611e-01 1.255e-03 3.426e-04 3.113e-03 -1.000 7.072e-03 -2.711 -0.871 -0.975 -0.675
0.007 -0.33541 7.33500 5.7032933235 2.6171914233    5.703  3.051  4.2968  4.282    1  0.000  0.538     0.00     0.00     0.00     0.00     0.00 -1    -1e-30      0.00 7.318e-01 2.611e-01 1.255e-03 3.426e-04 3.113e-03 -1.000 7.072e-03 -2.857 -0.971 -1.078 -0.771
0.007 -0.33541 7.33500 5.7056989670 2.6172006015    5.706  3.052  4.2969  4.282    1  0.000  0.538     0.00     0.00     0.00     0.00     0.00 -1    -1e-30      0.00 7.318e-01 2.611e-01 1.255e-03 3.426e-04 3.113e-03 -1.000 7.072e-03 -2.859 -0.973 -1.079 -0.772
0.007 -0.33541 7.33500 5.9042310715 2.6179285189    5.904  3.109  4.3045  4.270    1  0.000  0.538     0.00     0.00     0.00     0.00     0.00 -1    -1e-30      0.00 7.318e-01 2.611e-01 1.255e-03 3.426e-04 3.113e-03 -1.000 7.072e-03 -3.002 -1.073 -1.181 -0.868
0.007 -0.33541 7.33500 6.1027631760 2.6186022411    6.102  3.165  4.3116  4.257    1  0.000  0.538     0.00     0.00     0.00     0.00     0.00 -1    -1e-30      0.00 7.318e-01 2.611e-01 1.255e-03 3.426e-04 3.113e-03 -1.000 7.072e-03 -3.142 -1.172 -1.282 -0.963
0.007 -0.33541 7.33500 6.2284879684 2.6190034406    6.227  3.199  4.3160  4.249    1  0.000  0.538     0.00     0.00     0.00     0.00     0.00 -1    -1e-30      0.00 7.318e-01 2.611e-01 1.255e-03 3.426e-04 3.113e-03 -1.000 7.072e-03 -3.228 -1.233 -1.345 -1.022
0.007 -0.33541 7.33500 6.3012948036 2.6192273742    6.300  3.219  4.3185  4.244    1  0.000  0.538     0.00     0.00     0.00     0.00     0.00 -1    -1e-30      0.00 7.318e-01 2.611e-01 1.255e-03 3.426e-04 3.113e-03 -1.000 7.072e-03 -3.278 -1.269 -1.381 -1.056
0.007 -0.33541 7.33500 6.4998273849 2.6198087972    6.495  3.272  4.3248  4.230    1  0.000  0.538     0.00     0.00     0.00     0.00     0.00 -1    -1e-30      0.00 7.318e-01 2.611e-01 1.255e-03 3.426e-04 3.113e-03 -1.000 7.072e-03 -3.409 -1.364 -1.478 -1.148
0.007 -0.33541 7.33500 6.5518136024 2.6199543652    6.546  3.285  4.3264  4.227    1  0.000  0.538     0.00     0.00     0.00     0.00     0.00 -1    -1e-30      0.00 7.318e-01 2.611e-01 1.255e-03 3.426e-04 3.113e-03 -1.000 7.072e-03 -3.443 -1.389 -1.504 -1.172
0.007 -0.33541 7.33500 6.8611626625 2.6207683794    6.853  3.365  4.3356  4.203    1  0.000  0.538     0.00     0.00     0.00     0.00     0.00 -1    -1e-30      0.00 7.318e-01 2.611e-01 1.255e-03 3.426e-04 3.113e-03 -1.000 7.072e-03 -3.643 -1.537 -1.655 -1.316
0.007 -0.33541 7.33500 7.0954227448 2.6213307981    7.086  3.424  4.3421  4.185    1  0.000  0.538     0.00     0.00     0.00     0.00     0.00 -1    -1e-30      0.00 7.318e-01 2.611e-01 1.255e-03 3.426e-04 3.113e-03 -1.000 7.072e-03 -3.791 -1.650 -1.769 -1.424
0.007 -0.33541 7.33500 7.2356877327 2.6216475776    7.227  3.459  4.3458  4.173    1  0.000  0.538     0.00     0.00     0.00     0.00     0.00 -1    -1e-30      0.00 7.318e-01 2.611e-01 1.255e-03 3.426e-04 3.113e-03 -1.000 7.072e-03 -3.877 -1.716 -1.836 -1.488
0.007 -0.33541 7.33500 7.5259337425 2.6222601664    7.518  3.529  4.3527  4.148    1  0.000  0.538     0.00     0.00     0.00     0.00     0.00 -1    -1e-30      0.00 7.318e-01 2.611e-01 1.255e-03 3.426e-04 3.113e-03 -1.000 7.072e-03 -4.053 -1.854 -1.976 -1.623
0.007 -0.33541 7.33500 7.7627563477 2.6227211677    7.757  3.587  4.3577  4.124    1  0.000  0.538     0.00     0.00     0.00     0.00     0.00 -1    -1e-30      0.00 7.318e-01 2.611e-01 1.255e-03 3.426e-04 3.113e-03 -1.000 7.072e-03 -4.196 -1.971 -2.094 -1.737
0.007 -0.33541 7.33500 7.9821767807 2.6231203384    7.977  3.639  4.3619  4.100    1  0.000  0.538     0.00     0.00     0.00     0.00     0.00 -1    -1e-30      0.00 7.318e-01 2.611e-01 1.255e-03 3.426e-04 3.113e-03 -1.000 7.072e-03 -4.328 -2.081 -2.206 -1.845
0.007 -0.33541 7.33500 8.0880823135 2.6233041143    8.084  3.665  4.3638  4.088    1  0.000  0.538     0.00     0.00     0.00     0.00     0.00 -1    -1e-30      0.00 7.318e-01 2.611e-01 1.255e-03 3.426e-04 3.113e-03 -1.000 7.072e-03 -4.392 -2.135 -2.260 -1.898
0.007 -0.33541 7.33500 8.2708873749 2.6236086351    8.265  3.707  4.3666  4.067    1  0.000  0.538     0.00     0.00     0.00     0.00     0.00 -1    -1e-30      0.00 7.318e-01 2.611e-01 1.255e-03 3.426e-04 3.113e-03 -1.000 7.072e-03 -4.498 -2.226 -2.352 -1.987
0.007 -0.33541 7.33500 8.4885759354 2.6239516625    8.482  3.757  4.3695  4.039    1  0.000  0.538     0.00     0.00     0.00     0.00     0.00 -1    -1e-30      0.00 7.318e-01 2.611e-01 1.255e-03 3.426e-04 3.113e-03 -1.000 7.072e-03 -4.623 -2.337 -2.463 -2.097
0.007 -0.33541 7.33500 8.7546386719 2.6243443903    8.746  3.819  4.3720  4.001    1  0.000  0.538     0.00     0.00     0.00     0.00     0.00 -1    -1e-30      0.00 7.318e-01 2.611e-01 1.255e-03 3.426e-04 3.113e-03 -1.000 7.072e-03 -4.778 -2.480 -2.607 -2.239
0.007 -0.33541 7.33500 8.9961509705 2.6246778467    8.987  3.876  4.3733  3.961    1  0.000  0.538     0.00     0.00     0.00     0.00     0.00 -1    -1e-30      0.00 7.318e-01 2.611e-01 1.255e-03 3.426e-04 3.113e-03 -1.000 7.072e-03 -4.919 -2.617 -2.745 -2.375
0.007 -0.33541 7.33500 9.0807418823 2.6247898292    9.072  3.895  4.3734  3.946    1  0.000  0.538     0.00     0.00     0.00     0.00     0.00 -1    -1e-30      0.00 7.318e-01 2.611e-01 1.255e-03 3.426e-04 3.113e-03 -1.000 7.072e-03 -4.969 -2.667 -2.795 -2.425
0.007 -0.33541 7.33500 9.2239837646 2.6249740789    9.216  3.928  4.3736  3.921    1  0.000  0.538     0.00     0.00     0.00     0.00     0.00 -1    -1e-30      0.00 7.318e-01 2.611e-01 1.255e-03 3.426e-04 3.113e-03 -1.000 7.072e-03 -5.050 -2.749 -2.877 -2.507
0.007 -0.33541 7.33500 9.4365615845 2.6252356936    9.429  3.977  4.3726  3.878    1  0.000  0.538     0.00     0.00     0.00     0.00     0.00 -1    -1e-30      0.00 7.318e-01 2.611e-01 1.255e-03 3.426e-04 3.113e-03 -1.000 7.072e-03 -5.173 -2.880 -3.008 -2.638
0.007 -0.33541 7.33500 9.6308097839 2.6254631739    9.624  4.023  4.3703  3.832    1  0.000  0.538     0.00     0.00     0.00     0.00     0.00 -1    -1e-30      0.00 7.318e-01 2.611e-01 1.255e-03 3.426e-04 3.113e-03 -1.000 7.072e-03 -5.287 -3.009 -3.136 -2.768
0.007 -0.33541 7.33500 9.8577318192 2.6257159043    9.852  4.076  4.3661  3.772    1  0.000  0.538     0.00     0.00     0.00     0.00     0.00 -1    -1e-30      0.00 7.318e-01 2.611e-01 1.255e-03 3.426e-04 3.113e-03 -1.000 7.072e-03 -5.421 -3.170 -3.296 -2.931
0.007 -0.33541 7.33500 10.0553722382 2.6259253681   10.050  4.125  4.3602  3.708    1  0.000  0.538     0.00     0.00     0.00     0.00     0.00 -1    -1e-30      0.00 7.318e-01 2.611e-01 1.255e-03 3.426e-04 3.113e-03 -1.000 7.072e-03 -5.542 -3.326 -3.451 -3.090
0.007 -0.33541 7.33500 10.0734024048 2.6259440070   10.068  4.129  4.3595  3.702    1  0.000  0.538     0.00     0.00     0.00     0.00     0.00 -1    -1e-30      0.00 7.318e-01 2.611e-01 1.255e-03 3.426e-04 3.113e-03 -1.000 7.072e-03 -5.553 -3.341 -3.466 -3.106
0.007 -0.33541 7.33500 10.1223087311 2.6259941801   10.118  4.141  4.3578  3.686    1  0.000  0.538     0.00     0.00     0.00     0.00     0.00 -1    -1e-30      0.00 7.318e-01 2.611e-01 1.255e-03 3.426e-04 3.113e-03 -1.000 7.072e-03 -5.582 -3.380 -3.505 -3.146
0.007 -0.33541 7.33500 10.2866334915 2.6261587499   10.282  4.181  4.3509  3.625    1  0.000  0.538     0.00     0.00     0.00     0.00     0.00 -1    -1e-30      0.00 7.318e-01 2.611e-01 1.255e-03 3.426e-04 3.113e-03 -1.000 7.072e-03 -5.681 -3.520 -3.643 -3.290
0.007 -0.33541 7.33500 10.4388227463 2.6263058636   10.435  4.218  4.3429  3.562    1  0.000  0.538     0.00     0.00     0.00     0.00     0.00 -1    -1e-30      0.00 7.318e-01 2.611e-01 1.255e-03 3.426e-04 3.113e-03 -1.000 7.072e-03 -5.776 -3.661 -3.783 -3.435
0.007 -0.33541 7.33500 10.5695610046 2.6264283589   10.567  4.253  4.3353  3.502    1  0.000  0.538     0.00     0.00     0.00     0.00     0.00 -1    -1e-30      0.00 7.318e-01 2.611e-01 1.255e-03 3.426e-04 3.113e-03 -1.000 7.072e-03 -5.863 -3.792 -3.911 -3.569
0.007 -0.33541 7.33500 10.6801900864 2.6265293235   10.678  4.284  4.3306  3.457    1  0.000  0.538     0.00     0.00     0.00     0.00     0.00 -1    -1e-30      0.00 7.318e-01 2.611e-01 1.255e-03 3.426e-04 3.113e-03 -1.000 7.072e-03 -5.939 -3.897 -4.015 -3.677
0.007 -0.33541 7.33500 10.7276678085 2.6265719199   10.725  4.301  4.3374  3.469    1  0.000  0.538     0.00     0.00     0.00     0.00     0.00 -1    -1e-30      0.00 7.318e-01 2.611e-01 1.255e-03 3.426e-04 3.113e-03 -1.000 7.072e-03 -5.982 -3.902 -4.022 -3.679
0.007 -0.33541 7.33500 10.7524871826 2.6265940155   10.750  4.312  4.3463  3.494    1  0.000  0.538     0.00     0.00     0.00     0.00     0.00 -1    -1e-30      0.00 7.318e-01 2.611e-01 1.255e-03 3.426e-04 3.113e-03 -1.000 7.072e-03 -6.011 -3.882 -4.004 -3.654
0.007 -0.33541 7.33500 10.7613983154 2.6266019200   10.759  4.322  4.3559  3.524    1  0.000  0.538     0.00     0.00     0.00     0.00     0.00 -1    -1e-30      0.00 7.318e-01 2.611e-01 1.255e-03 3.426e-04 3.113e-03 -1.000 7.072e-03 -6.035 -3.853 -3.977 -3.620
0.007 -0.33541 7.33500 10.7663841248 2.6266063361   10.764  4.337  4.3684  3.559    1  0.000  0.538     0.00     0.00     0.00     0.00     0.00 -1    -1e-30      0.00 7.318e-01 2.611e-01 1.255e-03 3.426e-04 3.113e-03 -1.000 7.072e-03 -6.072 -3.821 -3.949 -3.582
0.007 -0.33541 7.33500 10.7683753967 2.6266080985   10.766  4.352  4.3783  3.583    1  0.000  0.538     0.00     0.00     0.00     0.00     0.00 -1    -1e-30      0.00 7.318e-01 2.611e-01 1.255e-03 3.426e-04 3.113e-03 -1.000 7.072e-03 -6.110 -3.806 -3.936 -3.562
0.007 -0.33541 7.33500 10.7694168091 2.6266090199   10.767  4.362  4.3844  3.598    1  0.000  0.538     0.00     0.00     0.00     0.00     0.00 -1    -1e-30      0.00 7.318e-01 2.611e-01 1.255e-03 3.426e-04 3.113e-03 -1.000 7.072e-03 -6.135 -3.798 -3.929 -3.551
0.007 -0.33541 7.33500 10.7700262070 2.6266095590   10.768  4.350  4.3802  3.593    2  0.000  0.538     0.00     0.00     0.00     0.00     0.00 -1    -1e-30      0.00 7.318e-01 2.611e-01 1.255e-03 3.426e-04 3.113e-03 -1.000 7.072e-03 -6.104 -3.789 -3.920 -3.544
0.007 -0.33541 7.33500 10.7707595825 2.6266102077   10.768  4.330  4.3691  3.568    2  0.000  0.538     0.00     0.00     0.00     0.00     0.00 -1    -1e-30      0.00 7.318e-01 2.611e-01 1.255e-03 3.426e-04 3.113e-03 -1.000 7.072e-03 -6.055 -3.800 -3.928 -3.561
0.007 -0.33541 7.33500 10.7713546753 2.6266107340   10.769  4.320  4.3562  3.527    2  0.000  0.538     0.00     0.00     0.00     0.00     0.00 -1    -1e-30      0.00 7.318e-01 2.611e-01 1.255e-03 3.426e-04 3.113e-03 -1.000 7.072e-03 -6.031 -3.847 -3.972 -3.614
0.007 -0.33541 7.33500 10.7718467712 2.6266111691   10.770  4.319  4.3439  3.478    2  0.000  0.538     0.00     0.00     0.00     0.00     0.00 -1    -1e-30      0.00 7.318e-01 2.611e-01 1.255e-03 3.426e-04 3.113e-03 -1.000 7.072e-03 -6.028 -3.913 -4.035 -3.686
0.007 -0.33541 7.33500 10.7722940445 2.6266115646   10.770  4.323  4.3316  3.426    2  0.000  0.538     0.00     0.00     0.00     0.00     0.00 -1    -1e-30      0.00 7.318e-01 2.611e-01 1.255e-03 3.426e-04 3.113e-03 -1.000 7.072e-03 -6.037 -3.992 -4.111 -3.772
0.007 -0.33541 7.33500 10.7728157043 2.6266120258   10.771  4.330  4.3164  3.358    2  0.000  0.538     0.00     0.00     0.00     0.00     0.00 -1    -1e-30      0.00 7.318e-01 2.611e-01 1.255e-03 3.426e-04 3.113e-03 -1.000 7.072e-03 -6.055 -4.096 -4.210 -3.884
0.007 -0.33541 7.33500 10.7732114792 2.6266123757   10.771  4.336  4.3042  3.304    2  0.000  0.538     0.00     0.00     0.00     0.00     0.00 -1    -1e-30      0.00 7.318e-01 2.611e-01 1.255e-03 3.426e-04 3.113e-03 -1.000 7.072e-03 -6.069 -4.179 -4.290 -3.974
0.007 -0.33541 7.33500 10.7735900879 2.6266127103   10.771  4.341  4.2921  3.250    2  0.000  0.538     0.00     0.00     0.00     0.00     0.00 -1    -1e-30      0.00 7.318e-01 2.611e-01 1.255e-03 3.426e-04 3.113e-03 -1.000 7.072e-03 -6.082 -4.262 -4.370 -4.063
0.007 -0.33541 7.33500 10.7740402222 2.6266131082   10.772  4.347  4.2770  3.184    2  0.000  0.538     0.00     0.00     0.00     0.00     0.00 -1    -1e-30      0.00 7.318e-01 2.611e-01 1.255e-03 3.426e-04 3.113e-03 -1.000 7.072e-03 -6.097 -4.362 -4.466 -4.173
0.007 -0.33541 7.33500 10.7743844986 2.6266134124   10.772  4.351  4.2649  3.132    2  0.000  0.538     0.00     0.00     0.00     0.00     0.00 -1    -1e-30      0.00 7.318e-01 2.611e-01 1.255e-03 3.426e-04 3.113e-03 -1.000 7.072e-03 -6.106 -4.441 -4.541 -4.258
0.007 -0.33541 7.33500 10.7747135162 2.6266137032   10.772  4.354  4.2529  3.080    2  0.000  0.538     0.00     0.00     0.00     0.00     0.00 -1    -1e-30      0.00 7.318e-01 2.611e-01 1.255e-03 3.426e-04 3.113e-03 -1.000 7.072e-03 -6.114 -4.517 -4.614 -4.342
0.007 -0.33541 7.33500 10.7750301361 2.6266139830   10.773  4.356  4.2408  3.029    2  0.000  0.538     0.00     0.00     0.00     0.00     0.00 -1    -1e-30      0.00 7.318e-01 2.611e-01 1.255e-03 3.426e-04 3.113e-03 -1.000 7.072e-03 -6.120 -4.593 -4.686 -4.425
0.007 -0.33541 7.33500 10.7753324509 2.6266142501   10.773  4.358  4.2288  2.979    2  0.000  0.538     0.00     0.00     0.00     0.00     0.00 -1    -1e-30      0.00 7.318e-01 2.611e-01 1.255e-03 3.426e-04 3.113e-03 -1.000 7.072e-03 -6.125 -4.667 -4.757 -4.506
0.007 -0.33541 7.33500 10.7756195068 2.6266145037   10.773  4.360  4.2167  2.930    2  0.000  0.538     0.00     0.00     0.00     0.00     0.00 -1    -1e-30      0.00 7.318e-01 2.611e-01 1.255e-03 3.426e-04 3.113e-03 -1.000 7.072e-03 -6.129 -4.740 -4.826 -4.587
0.007 -0.33541 7.33500 10.7758951187 2.6266147472   10.774  4.361  4.2046  2.880    2  0.000  0.538     0.00     0.00     0.00     0.00     0.00 -1    -1e-30      0.00 7.318e-01 2.611e-01 1.255e-03 3.426e-04 3.113e-03 -1.000 7.072e-03 -6.132 -4.812 -4.894 -4.666
0.007 -0.33541 7.33500 10.7762212753 2.6266150354   10.774  4.361  4.1896  2.819    2  0.000  0.538     0.00     0.00     0.00     0.00     0.00 -1    -1e-30      0.00 7.318e-01 2.611e-01 1.255e-03 3.426e-04 3.113e-03 -1.000 7.072e-03 -6.133 -4.900 -4.977 -4.764
0.007 -0.33541 7.33500 10.7764682770 2.6266152536   10.774  4.361  4.1775  2.771    2  0.000  0.538     0.00     0.00     0.00     0.00     0.00 -1    -1e-30      0.00 7.318e-01 2.611e-01 1.255e-03 3.426e-04 3.113e-03 -1.000 7.072e-03 -6.134 -4.968 -5.042 -4.841
0.007 -0.33541 7.33500 10.7767028809 2.6266154608   10.774  4.361  4.1655  2.723    2  0.000  0.538     0.00     0.00     0.00     0.00     0.00 -1    -1e-30      0.00 7.318e-01 2.611e-01 1.255e-03 3.426e-04 3.113e-03 -1.000 7.072e-03 -6.133 -5.036 -5.106 -4.916
0.007 -0.33541 7.33500 10.7769260406 2.6266156579   10.775  4.361  4.1535  2.675    2  0.000  0.538     0.00     0.00     0.00     0.00     0.00 -1    -1e-30      0.00 7.318e-01 2.611e-01 1.255e-03 3.426e-04 3.113e-03 -1.000 7.072e-03 -6.132 -5.103 -5.169 -4.991
0.007 -0.33541 7.33500 10.7771396637 2.6266158466   10.775  4.360  4.1414  2.628    2  0.000  0.538     0.00     0.00     0.00     0.00     0.00 -1    -1e-30      0.00 7.318e-01 2.611e-01 1.255e-03 3.426e-04 3.113e-03 -1.000 7.072e-03 -6.130 -5.169 -5.231 -5.065
0.007 -0.33541 7.33500 10.7773427963 2.6266160260   10.775  4.359  4.1294  2.581    2  0.000  0.538     0.00     0.00     0.00     0.00     0.00 -1    -1e-30      0.00 7.318e-01 2.611e-01 1.255e-03 3.426e-04 3.113e-03 -1.000 7.072e-03 -6.128 -5.234 -5.292 -5.138
0.007 -0.33541 7.33500 10.7775335312 2.6266161945   10.775  4.358  4.1175  2.535    2  0.000  0.538     0.00     0.00     0.00     0.00     0.00 -1    -1e-30      0.00 7.318e-01 2.611e-01 1.255e-03 3.426e-04 3.113e-03 -1.000 7.072e-03 -6.125 -5.297 -5.352 -5.209
0.007 -0.33541 7.33500 10.7777166367 2.6266163562   10.776  4.356  4.1055  2.488    2  0.000  0.538     0.00     0.00     0.00     0.00     0.00 -1    -1e-30      0.00 7.318e-01 2.611e-01 1.255e-03 3.426e-04 3.113e-03 -1.000 7.072e-03 -6.121 -5.360 -5.410 -5.279
0.007 -0.33541 7.33500 10.7778911591 2.6266165103   10.776  4.355  4.0935  2.442    2  0.000  0.538     0.00     0.00     0.00     0.00     0.00 -1    -1e-30      0.00 7.318e-01 2.611e-01 1.255e-03 3.426e-04 3.113e-03 -1.000 7.072e-03 -6.117 -5.422 -5.468 -5.348
0.007 -0.33541 7.33500 10.7780570984 2.6266166568   10.776  4.353  4.0814  2.395    2  0.000  0.538     0.00     0.00     0.00     0.00     0.00 -1    -1e-30      0.00 7.318e-01 2.611e-01 1.255e-03 3.426e-04 3.113e-03 -1.000 7.072e-03 -6.113 -5.483 -5.525 -5.416
0.007 -0.33541 7.33500 10.7782154083 2.6266167966   10.776  4.351  4.0693  2.349    2  0.000  0.538     0.00     0.00     0.00     0.00     0.00 -1    -1e-30      0.00 7.318e-01 2.611e-01 1.255e-03 3.426e-04 3.113e-03 -1.000 7.072e-03 -6.108 -5.538 -5.575 -5.484
0.007 -0.33541 7.33500 10.7783641815 2.6266169280   10.776  4.349  4.0573  2.302    2  0.000  0.538     0.00     0.00     0.00     0.00     0.00 -1    -1e-30      0.00 7.318e-01 2.611e-01 1.255e-03 3.426e-04 3.113e-03 -1.000 7.072e-03 -6.103 -5.594 -5.626 -5.549
0.007 -0.33541 7.33500 10.7785053253 2.6266170526   10.776  4.347  4.0454  2.257    2  0.000  0.538     0.00     0.00     0.00     0.00     0.00 -1    -1e-30      0.00 7.318e-01 2.611e-01 1.255e-03 3.426e-04 3.113e-03 -1.000 7.072e-03 -6.097 -5.649 -5.676 -5.612
0.007 -0.33541 7.33500 10.7786417007 2.6266171730   10.776  4.345  4.0333  2.211    2  0.000  0.538     0.00     0.00     0.00     0.00     0.00 -1    -1e-30      0.00 7.318e-01 2.611e-01 1.255e-03 3.426e-04 3.113e-03 -1.000 7.072e-03 -6.092 -5.702 -5.725 -5.674
0.007 -0.33541 7.33500 10.7787704468 2.6266172867   10.776  4.342  4.0213  2.165    2  0.000  0.538     0.00     0.00     0.00     0.00     0.00 -1    -1e-30      0.00 7.318e-01 2.611e-01 1.255e-03 3.426e-04 3.113e-03 -1.000 7.072e-03 -6.085 -5.754 -5.772 -5.734
0.007 -0.33541 7.33500 10.7788915634 2.6266173936   10.777  4.340  4.0093  2.120    2  0.000  0.538     0.00     0.00     0.00     0.00     0.00 -1    -1e-30      0.00 7.318e-01 2.611e-01 1.255e-03 3.426e-04 3.113e-03 -1.000 7.072e-03 -6.079 -5.804 -5.818 -5.792
0.007 -0.33541 7.33500 10.7790088654 2.6266174972   10.777  4.337  3.9973  2.075    2  0.000  0.538     0.00     0.00     0.00     0.00     0.00 -1    -1e-30      0.00 7.318e-01 2.611e-01 1.255e-03 3.426e-04 3.113e-03 -1.000 7.072e-03 -6.072 -5.852 -5.861 -5.849
0.007 -0.33541 7.33500 10.7791194916 2.6266175949   10.777  4.334  3.9853  2.030    2  0.000  0.538     0.00     0.00     0.00     0.00     0.00 -1    -1e-30      0.00 7.318e-01 2.611e-01 1.255e-03 3.426e-04 3.113e-03 -1.000 7.072e-03 -6.066 -5.899 -5.903 -5.904
0.007 -0.33541 7.33500 10.7792243958 2.6266176875   10.777  4.331  3.9734  1.985    2  0.000  0.538     0.00     0.00     0.00     0.00     0.00 -1    -1e-30      0.00 7.318e-01 2.611e-01 1.255e-03 3.426e-04 3.113e-03 -1.000 7.072e-03 -6.059 -5.944 -5.944 -5.956
0.007 -0.33541 7.33500 10.7793245316 2.6266177759   10.777  4.329  3.9614  1.940    2  0.000  0.538     0.00     0.00     0.00     0.00     0.00 -1    -1e-30      0.00 7.318e-01 2.611e-01 1.255e-03 3.426e-04 3.113e-03 -1.000 7.072e-03 -6.051 -5.986 -5.982 -6.007
0.007 -0.33541 7.33500 10.7794208527 2.6266178609   10.777  4.326  3.9496  1.895    2  0.000  0.538     0.00     0.00     0.00     0.00     0.00 -1    -1e-30      0.00 7.318e-01 2.611e-01 1.255e-03 3.426e-04 3.113e-03 -1.000 7.072e-03 -6.044 -6.023 -6.013 -6.056
0.007 -0.33541 7.33500 10.7795133591 2.6266179426   10.777  4.322  3.9375  1.850    2  0.000  0.538     0.00     0.00     0.00     0.00     0.00 -1    -1e-30      0.00 7.318e-01 2.611e-01 1.255e-03 3.426e-04 3.113e-03 -1.000 7.072e-03 -6.036 -6.060 -6.043 -6.104
0.007 -0.33541 7.33500 10.7796020508 2.6266180209   10.777  4.319  3.9256  1.806    2  0.000  0.538     0.00     0.00     0.00     0.00     0.00 -1    -1e-30      0.00 7.318e-01 2.611e-01 1.255e-03 3.426e-04 3.113e-03 -1.000 7.072e-03 -6.028 -6.091 -6.067 -6.147
0.007 -0.33541 7.33500 10.7796878815 2.6266180966   10.777  4.316  3.9134  1.761    2  0.000  0.538     0.00     0.00     0.00     0.00     0.00 -1    -1e-30      0.00 7.318e-01 2.611e-01 1.255e-03 3.426e-04 3.113e-03 -1.000 7.072e-03 -6.019 -6.116 -6.084 -6.189
0.007 -0.33541 7.33500 10.7797670364 2.6266181665   10.778  4.312  3.9017  1.717    2  0.000  0.538     0.00     0.00     0.00     0.00     0.00 -1    -1e-30      0.00 7.318e-01 2.611e-01 1.255e-03 3.426e-04 3.113e-03 -1.000 7.072e-03 -6.010 -6.135 -6.093 -6.226
0.007 -0.33541 7.33500 10.7798452377 2.6266182355   10.778  4.308  3.8896  1.672    2  0.000  0.538     0.00     0.00     0.00     0.00     0.00 -1    -1e-30      0.00 7.318e-01 2.611e-01 1.255e-03 3.426e-04 3.113e-03 -1.000 7.072e-03 -6.001 -6.147 -6.092 -6.261
0.007 -0.33541 7.33500 10.7799186707 2.6266183004   10.778  4.305  3.8777  1.629    2  0.000  0.538     0.00     0.00     0.00     0.00     0.00 -1    -1e-30      0.00 7.318e-01 2.611e-01 1.255e-03 3.426e-04 3.113e-03 -1.000 7.072e-03 -5.991 -6.151 -6.081 -6.292
0.007 -0.33541 7.33500 10.7800064087 2.6266183778   10.778  4.299  3.8626  1.573    2  0.000  0.538     0.00     0.00     0.00     0.00     0.00 -1    -1e-30      0.00 7.318e-01 2.611e-01 1.255e-03 3.426e-04 3.113e-03 -1.000 7.072e-03 -5.978 -6.151 -6.059 -6.329
0.007 -0.33541 7.33500 10.7800712585 2.6266184350   10.778  4.295  3.8507  1.530    2  0.000  0.538     0.00     0.00     0.00     0.00     0.00 -1    -1e-30      0.00 7.318e-01 2.611e-01 1.255e-03 3.426e-04 3.113e-03 -1.000 7.072e-03 -5.968 -6.145 -6.033 -6.356
0.007 -0.33541 7.33500 10.7801342010 2.6266184906   10.778  4.291  3.8387  1.487    2  0.000  0.538     0.00     0.00     0.00     0.00     0.00 -1    -1e-30      0.00 7.318e-01 2.611e-01 1.255e-03 3.426e-04 3.113e-03 -1.000 7.072e-03 -5.957 -6.136 -6.002 -6.383
0.007 -0.33541 7.33500 10.7802085876 2.6266185563   10.778  4.285  3.8237  1.433    2  0.000  0.538     0.00     0.00     0.00     0.00     0.00 -1    -1e-30      0.00 7.318e-01 2.611e-01 1.255e-03 3.426e-04 3.113e-03 -1.000 7.072e-03 -5.942 -6.120 -5.955 -6.413
0.007 -0.33541 7.33500 10.7802658081 2.6266186068   10.778  4.280  3.8117  1.390    2  0.000  0.538     0.00     0.00     0.00     0.00     0.00 -1    -1e-30      0.00 7.318e-01 2.611e-01 1.255e-03 3.426e-04 3.113e-03 -1.000 7.072e-03 -5.929 -6.105 -5.914 -6.433
0.007 -0.33541 7.33500 10.7803192139 2.6266186539   10.778  4.274  3.7999  1.348    2  0.000  0.538     0.00     0.00     0.00     0.00     0.00 -1    -1e-30      0.00 7.318e-01 2.611e-01 1.255e-03 3.426e-04 3.113e-03 -1.000 7.072e-03 -5.915 -6.085 -5.868 -6.450
0.007 -0.33541 7.33500 10.7803716660 2.6266187002   10.778  4.268  3.7878  1.305    2  0.000  0.538     0.00     0.00     0.00     0.00     0.00 -1    -1e-30      0.00 7.318e-01 2.611e-01 1.255e-03 3.426e-04 3.113e-03 -1.000 7.072e-03 -5.901 -6.064 -5.819 -6.464
0.007 -0.33541 7.33500 10.7804222107 2.6266187448   10.778  4.262  3.7759  1.264    2  0.000  0.538     0.00     0.00     0.00     0.00     0.00 -1    -1e-30      0.00 7.318e-01 2.611e-01 1.255e-03 3.426e-04 3.113e-03 -1.000 7.072e-03 -5.886 -6.039 -5.764 -6.476
0.007 -0.33541 7.33500 10.7804708481 2.6266187877   10.778  4.255  3.7636  1.222    2  0.000  0.538     0.00     0.00     0.00     0.00     0.00 -1    -1e-30      0.00 7.318e-01 2.611e-01 1.255e-03 3.426e-04 3.113e-03 -1.000 7.072e-03 -5.869 -6.007 -5.700 -6.481
0.007 -0.33541 7.33500 10.7805166245 2.6266188281   10.778  4.248  3.7518  1.181    2  0.000  0.538     0.00     0.00     0.00     0.00     0.00 -1    -1e-30      0.00 7.318e-01 2.611e-01 1.255e-03 3.426e-04 3.113e-03 -1.000 7.072e-03 -5.851 -5.974 -5.637 -6.481
0.007 -0.33541 7.33500 10.7805614471 2.6266188677   10.778  4.241  3.7398  1.141    2  0.000  0.538     0.00     0.00     0.00     0.00     0.00 -1    -1e-30      0.00 7.318e-01 2.611e-01 1.255e-03 3.426e-04 3.113e-03 -1.000 7.072e-03 -5.832 -5.940 -5.570 -6.480
0.007 -0.33541 7.33500 10.7806034088 2.6266189047   10.778  4.232  3.7281  1.102    2  0.000  0.538     0.00     0.00     0.00     0.00     0.00 -1    -1e-30      0.00 7.318e-01 2.611e-01 1.255e-03 3.426e-04 3.113e-03 -1.000 7.072e-03 -5.811 -5.898 -5.498 -6.468
0.007 -0.33541 7.33500 10.7806463242 2.6266189426   10.778  4.223  3.7161  1.064    2  0.000  0.538     0.00     0.00     0.00     0.00     0.00 -1    -1e-30      0.00 7.318e-01 2.611e-01 1.255e-03 3.426e-04 3.113e-03 -1.000 7.072e-03 -5.788 -5.850 -5.418 -6.450
0.007 -0.33541 7.33500 10.7806873322 2.6266189788   10.778  4.213  3.7044  1.027    2  0.000  0.538     0.00     0.00     0.00     0.00     0.00 -1    -1e-30      0.00 7.318e-01 2.611e-01 1.255e-03 3.426e-04 3.113e-03 -1.000 7.072e-03 -5.763 -5.797 -5.332 -6.426
0.007 -0.33541 7.33500 10.7807302475 2.6266190167   10.778  4.201  3.6928  0.992    2  0.000  0.538     0.00     0.00     0.00     0.00     0.00 -1    -1e-30      0.00 7.318e-01 2.611e-01 1.255e-03 3.426e-04 3.113e-03 -1.000 7.072e-03 -5.733 -5.736 -5.241 -6.392
0.007 -0.33541 7.33500 10.7807798386 2.6266190604   10.779  4.185  3.6809  0.961    2  0.000  0.538     0.00     0.00     0.00     0.00     0.00 -1    -1e-30      0.00 7.318e-01 2.611e-01 1.255e-03 3.426e-04 3.113e-03 -1.000 7.072e-03 -5.693 -5.661 -5.134 -6.343
0.007 -0.33541 7.33500 10.7808399200 2.6266191135   10.779  4.164  3.6695  0.937    2  0.000  0.538     0.00     0.00     0.00     0.00     0.00 -1    -1e-30      0.00 7.318e-01 2.611e-01 1.255e-03 3.426e-04 3.113e-03 -1.000 7.072e-03 -5.640 -5.570 -5.013 -6.277
0.007 -0.33541 7.33500 10.7809228897 2.6266191867   10.779  4.137  3.6584  0.919    2  0.000  0.538     0.00     0.00     0.00     0.00     0.00 -1    -1e-30      0.00 7.318e-01 2.611e-01 1.255e-03 3.426e-04 3.113e-03 -1.000 7.072e-03 -5.573 -5.460 -4.871 -6.190
0.007 -0.33541 7.33500 10.7810316086 2.6266192826   10.779  4.111  3.6495  0.909    2  0.000  0.538     0.00     0.00     0.00     0.00     0.00 -1    -1e-30      0.00 7.318e-01 2.611e-01 1.255e-03 3.426e-04 3.113e-03 -1.000 7.072e-03 -5.508 -5.354 -4.739 -6.105
0.007 -0.33541 7.33500 10.7811555862 2.6266193920   10.779  4.092  3.6403  0.892    2  0.000  0.538     0.00     0.00     0.00     0.00     0.00 -1    -1e-30      0.00 7.318e-01 2.611e-01 1.255e-03 3.426e-04 3.113e-03 -1.000 7.072e-03 -5.461 -5.262 -4.618 -6.033
0.007 -0.33541 7.33500 10.7812728882 2.6266194956   10.779  4.128  3.6297  0.813    3  0.000  0.532    54.52    36.01    24.91    17.99    14.91  4    -1e-30      0.00 7.318e-01 2.611e-01 1.242e-03 3.495e-04 3.113e-03 -1.000 7.072e-03 -5.550 -5.293 -4.610 -6.093
0.007 -0.33541 7.33500 10.7813272476 2.6266195435   10.779  4.161  3.6240  0.757    3  0.000  0.515    62.13    39.83    27.43    19.84    16.45  4    -1e-30      0.00 7.318e-01 2.611e-01 1.202e-03 3.818e-04 3.113e-03 -1.000 7.075e-03 -5.633 -5.343 -4.636 -6.158
0.007 -0.33541 7.33500 10.7813720703 2.6266195831   10.779  4.203  3.6186  0.694    3  0.000  0.475    72.00    44.64    30.58    22.16    18.37  4    -1e-30      0.00 7.317e-01 2.611e-01 1.110e-03 4.771e-04 3.112e-03 -1.000 7.109e-03 -5.736 -5.413 -4.684 -6.244
0.007 -0.33541 7.33500 10.7814073563 2.6266196142   10.779  4.242  3.6139  0.636    3  0.000  0.437    82.50    49.59    33.82    24.54    20.35  4    -1e-30      0.00 7.317e-01 2.612e-01 1.020e-03 5.845e-04 3.112e-03 -1.000 7.159e-03 -5.835 -5.483 -4.732 -6.327
0.007 -0.33541 7.33500 10.7814159393 2.6266196218   10.779  4.252  3.6128  0.621    3  0.000  0.428    85.41    50.94    34.69    25.18    20.89  4    -1e-30      0.00 7.317e-01 2.612e-01 9.992e-04 6.099e-04 3.112e-03 -1.000 7.167e-03 -5.861 -5.501 -4.745 -6.348
0.007 -0.33541 7.33500 10.7814216614 2.6266196268   10.779  4.259  3.6121  0.612    3  0.000  0.424    87.33    51.82    35.27    25.61    21.24  4    -1e-30      0.00 7.317e-01 2.612e-01 9.893e-04 6.222e-04 3.112e-03 -1.000 7.172e-03 -5.878 -5.513 -4.754 -6.362
0.007 -0.33541 7.33500 10.7814445496 2.6266196470   10.779  4.286  3.6093  0.573    3  0.000  0.411    95.58    55.56    37.70    27.40    22.73  4    -1e-30      0.00 7.314e-01 2.615e-01 9.542e-04 6.738e-04 3.102e-03 -1.000 7.149e-03 -5.946 -5.563 -4.790 -6.421
0.007 -0.33541 7.33500 10.7814493179 2.6266196512   10.779  4.293  3.6086  0.563    3  0.000  0.408    97.80    56.56    38.34    27.87    23.12  4    -1e-30      0.00 7.312e-01 2.616e-01 9.464e-04 6.883e-04 3.096e-03 -1.000 7.118e-03 -5.964 -5.576 -4.799 -6.436
0.007 -0.33541 7.33500 10.7814569473 2.6266196580   10.779  4.302  3.6077  0.551    3  0.000  0.406   100.69    57.84    39.17    28.49    23.64  4    -1e-30      0.00 7.309e-01 2.620e-01 9.382e-04 7.070e-04 3.087e-03 -1.000 7.153e-03 -5.986 -5.592 -4.811 -6.454
0.007 -0.33541 7.33500 10.7814960480 2.6266196925   10.779  4.344  3.6036  0.493    3  0.000  0.396   115.25    64.21    43.28    31.52    26.16  4    -1e-30      0.00 7.288e-01 2.640e-01 9.005e-04 7.992e-04 3.035e-03 -1.000 7.148e-03 -6.089 -5.667 -4.865 -6.542
0.007 -0.33541 7.33500 10.7815427780 2.6266197337   10.779  4.386  3.5996  0.435    3  0.000  0.390   131.99    71.30    47.83    34.89    28.97  4    -1e-30      0.00 7.266e-01 2.663e-01 8.709e-04 8.847e-04 2.979e-03 -1.000 7.129e-03 -6.194 -5.742 -4.917 -6.631
0.007 -0.33541 7.33500 10.7816143036 2.6266197968   10.779  4.431  3.5952  0.372    3  0.000  0.385   152.90    79.88    53.31    38.96    32.35  4    -1e-30      0.00 7.247e-01 2.682e-01 8.473e-04 9.542e-04 2.933e-03 -1.000 7.092e-03 -6.307 -5.821 -4.969 -6.725
0.007 -0.33541 7.33500 10.7817592621 2.6266199247   10.780  4.473  3.5911  0.314    3  0.000  0.381   175.24    88.75    58.96    43.15    35.84  4    -1e-30      0.00 7.234e-01 2.695e-01 8.303e-04 1.005e-03 2.899e-03 -1.000 7.144e-03 -6.412 -5.893 -5.017 -6.812
0.007 -0.33541 7.33500 10.7823114395 2.6266204119   10.780  4.506  3.5879  0.269    3  0.000  0.379   194.88    96.35    63.76    46.72    38.81  4    -1e-30      0.00 7.217e-01 2.712e-01 8.152e-04 1.056e-03 2.862e-03 -1.000 7.135e-03 -6.494 -5.948 -5.049 -6.878
0.007 -0.33541 7.33500 10.7845449448 2.6266223820   10.782  4.548  3.5838  0.210    3  0.000  0.378   223.68   107.17    70.59    51.80    43.05  3    -1e-30      0.00 7.165e-01 2.764e-01 7.921e-04 1.148e-03 2.790e-03 -1.000 7.090e-03 -6.600 -6.018 -5.090 -6.964
0.007 -0.33541 7.33500 10.7865324020 2.6266241342   10.784  4.558  3.5829  0.197    3  0.000  0.378   230.83   109.80    72.24    53.04    44.07  3    -1e-30      0.00 7.151e-01 2.778e-01 7.873e-04 1.168e-03 2.774e-03 -1.000 7.146e-03 -6.625 -6.035 -5.100 -6.984
0.007 -0.33541 7.33500 10.8110733032 2.6266457095   10.809  4.541  3.5852  0.224    4  0.000  0.378     0.00     0.00     0.00     0.00     0.00 -1    -1e-30      0.00 7.151e-01 2.778e-01 7.873e-04 1.168e-03 2.774e-03 -1.000 7.149e-03 -6.581 -6.011 -5.092 -6.952
0.007 -0.33541 7.33500 10.8516988754 2.6266811792   10.850  4.509  3.5891  0.272    4  0.000  0.378     0.00     0.00     0.00     0.00     0.00 -1    -1e-30      0.00 7.151e-01 2.778e-01 7.873e-04 1.168e-03 2.774e-03 -1.000 7.152e-03 -6.504 -5.967 -5.075 -6.894
0.007 -0.33541 7.33500 10.8913412094 2.6267154973   10.890  4.480  3.5929  0.319    4  0.000  0.378     0.00     0.00     0.00     0.00     0.00 -1    -1e-30      0.00 7.151e-01 2.778e-01 7.873e-04 1.168e-03 2.773e-03 -1.000 7.156e-03 -6.429 -5.924 -5.056 -6.837
0.007 -0.33541 7.33500 10.9369649887 2.6267546396   10.935  4.454  3.5968  0.362    4  0.000  0.378     0.00     0.00     0.00     0.00     0.00 -1    -1e-30      0.00 7.151e-01 2.778e-01 7.873e-04 1.168e-03 2.773e-03 -1.000 7.160e-03 -6.364 -5.889 -5.044 -6.789
0.007 -0.33541 7.33500 11.0095453262 2.6268161408   11.008  4.440  3.6010  0.395    4  0.000  0.378     0.00     0.00     0.00     0.00     0.00 -1    -1e-30      0.00 7.150e-01 2.778e-01 7.873e-04 1.169e-03 2.773e-03 -1.000 7.167e-03 -6.331 -5.888 -5.066 -6.775
0.007 -0.33541 7.33500 11.0660619736 2.6268633884   11.065  4.433  3.6041  0.417    4  0.000  0.378     0.00     0.00     0.00     0.00     0.00 -1    -1e-30      0.00 7.150e-01 2.778e-01 7.873e-04 1.169e-03 2.772e-03 -1.000 7.172e-03 -6.312 -5.890 -5.084 -6.768
0.007 -0.33541 7.33500 11.0743236542 2.6268702486   11.073  4.431  3.6045  0.421    4  0.000  0.378     0.00     0.00     0.00     0.00     0.00 -1 -1.01e-30      0.00 7.150e-01 2.778e-01 7.872e-04 1.170e-03 2.772e-03 -1.000 7.171e-03 -6.308 -5.890 -5.086 -6.766
0.007 -0.33541 7.33500 11.1100416183 2.6268997729   11.108  4.437  3.6056  0.421    5  0.000  0.378     0.00     0.00     0.00     0.00     0.00 -1 -1.07e-30      0.00 7.148e-01 2.780e-01 7.868e-04 1.171e-03 2.770e-03 -1.000 7.169e-03 -6.322 -5.911 -5.112 -6.785
0.007 -0.33541 7.33500 11.1157636642 2.6269044824   11.114  4.439  3.6059  0.421    5  0.000  0.378     0.00     0.00     0.00     0.00     0.00 -1 -1.08e-30      0.00 7.148e-01 2.781e-01 7.868e-04 1.172e-03 2.770e-03 -1.000 7.169e-03 -6.327 -5.918 -5.120 -6.790
0.007 -0.33541 7.33500 11.1171426773 2.6269056166   11.116  4.440  3.6063  0.421    5  0.000  0.378     0.00     0.00     0.00     0.00     0.00 -1 -1.09e-30      0.00 7.147e-01 2.781e-01 7.867e-04 1.172e-03 2.770e-03 -1.000 7.169e-03 -6.330 -5.923 -5.127 -6.795
0.007 -0.33541 7.33500 11.1174259186 2.6269058495   11.116  4.440  3.6066  0.422    5  0.000  0.378     0.00     0.00     0.00     0.00     0.00 -1 -1.09e-30      0.00 7.147e-01 2.781e-01 7.867e-04 1.172e-03 2.770e-03 -1.000 7.169e-03 -6.331 -5.927 -5.132 -6.797
0.007 -0.33541 7.33500 11.1175546646 2.6269059554   11.116  4.441  3.6069  0.423    5  0.000  0.378     0.00     0.00     0.00     0.00     0.00 -1 -1.09e-30      0.00 7.147e-01 2.781e-01 7.867e-04 1.172e-03 2.770e-03 -1.000 7.169e-03 -6.332 -5.929 -5.135 -6.799
0.007 -0.33541 7.33500 11.1176633835 2.6269060447   11.116  4.441  3.6072  0.424    5  0.000  0.378     0.00     0.00     0.00     0.00     0.00 -1 -1.09e-30      0.00 7.147e-01 2.781e-01 7.867e-04 1.172e-03 2.770e-03 -1.000 7.169e-03 -6.332 -5.932 -5.140 -6.801
0.007 -0.33541 7.33500 11.1177434921 2.6269061106   11.116  4.441  3.6075  0.425    5  0.000  0.378     0.00     0.00     0.00     0.00     0.00 -1 -1.09e-30      0.00 7.147e-01 2.781e-01 7.867e-04 1.172e-03 2.770e-03 -1.000 7.169e-03 -6.332 -5.934 -5.144 -6.802
0.007 -0.33541 7.33500 11.1178102493 2.6269061655   11.116  4.441  3.6079  0.426    5  0.000  0.378     0.00     0.00     0.00     0.00     0.00 -1 -1.09e-30      0.00 7.147e-01 2.781e-01 7.867e-04 1.172e-03 2.770e-03 -1.000 7.169e-03 -6.332 -5.936 -5.147 -6.804
0.007 -0.33541 7.33500 11.1178884506 2.6269062298   11.116  4.441  3.6082  0.428    5  0.000  0.378     0.00     0.00     0.00     0.00     0.00 -1 -1.09e-30      0.00 7.147e-01 2.781e-01 7.867e-04 1.172e-03 2.770e-03 -1.000 7.169e-03 -6.332 -5.939 -5.152 -6.805
0.007 -0.33541 7.33500 11.1179656982 2.6269062933   11.116  4.441  3.6086  0.429    5  0.000  0.378     0.00     0.00     0.00     0.00     0.00 -1 -1.09e-30      0.00 7.147e-01 2.781e-01 7.867e-04 1.172e-03 2.770e-03 -1.000 7.169e-03 -6.332 -5.942 -5.157 -6.807
0.007 -0.33541 7.33500 11.1180448532 2.6269063584   11.116  4.441  3.6090  0.431    5  0.000  0.378     0.00     0.00     0.00     0.00     0.00 -1 -1.09e-30      0.00 7.147e-01 2.781e-01 7.867e-04 1.172e-03 2.770e-03 -1.000 7.169e-03 -6.333 -5.945 -5.161 -6.809
0.007 -0.33541 7.33500 11.1181268692 2.6269064258   11.116  4.441  3.6094  0.432    5  0.000  0.378     0.00     0.00     0.00     0.00     0.00 -1 -1.09e-30      0.00 7.147e-01 2.781e-01 7.867e-04 1.172e-03 2.770e-03 -1.000 7.169e-03 -6.333 -5.947 -5.166 -6.810
0.007 -0.33541 7.33500 11.1182117462 2.6269064956   11.117  4.441  3.6098  0.434    5  0.000  0.378     0.00     0.00     0.00     0.00     0.00 -1 -1.09e-30      0.00 7.147e-01 2.781e-01 7.867e-04 1.172e-03 2.770e-03 -1.000 7.169e-03 -6.333 -5.950 -5.170 -6.812
0.007 -0.33541 7.33500 11.1183004379 2.6269065685   11.117  4.441  3.6102  0.435    5  0.000  0.378     0.00     0.00     0.00     0.00     0.00 -1 -1.09e-30      0.00 7.147e-01 2.781e-01 7.867e-04 1.172e-03 2.770e-03 -1.000 7.169e-03 -6.333 -5.953 -5.175 -6.814
0.007 -0.33541 7.33500 11.1183948517 2.6269066461   11.117  4.441  3.6105  0.437    5  0.000  0.378     0.00     0.00     0.00     0.00     0.00 -1 -1.09e-30      0.00 7.147e-01 2.781e-01 7.867e-04 1.172e-03 2.770e-03 -1.000 7.169e-03 -6.333 -5.955 -5.179 -6.815
0.007 -0.33541 7.33500 11.1184921265 2.6269067261   11.117  4.441  3.6109  0.438    5  0.000  0.378     0.00     0.00     0.00     0.00     0.00 -1 -1.09e-30      0.00 7.147e-01 2.781e-01 7.867e-04 1.172e-03 2.770e-03 -1.000 7.169e-03 -6.333 -5.958 -5.183 -6.817
0.007 -0.33541 7.33500 11.1185960770 2.6269068116   11.117  4.441  3.6113  0.440    5  0.000  0.378     0.00     0.00     0.00     0.00     0.00 -1 -1.09e-30      0.00 7.147e-01 2.781e-01 7.867e-04 1.172e-03 2.770e-03 -1.000 7.169e-03 -6.333 -5.961 -5.187 -6.818
0.007 -0.33541 7.33500 11.1187076569 2.6269069033   11.117  4.441  3.6117  0.442    5  0.000  0.378     0.00     0.00     0.00     0.00     0.00 -1 -1.09e-30      0.00 7.147e-01 2.781e-01 7.867e-04 1.172e-03 2.770e-03 -1.000 7.169e-03 -6.333 -5.963 -5.191 -6.820
0.007 -0.33541 7.33500 11.1188268661 2.6269070013   11.117  4.441  3.6121  0.443    5  0.000  0.378     0.00     0.00     0.00     0.00     0.00 -1 -1.09e-30      0.00 7.147e-01 2.781e-01 7.867e-04 1.172e-03 2.770e-03 -1.000 7.169e-03 -6.333 -5.966 -5.196 -6.821
0.007 -0.33541 7.33500 11.1189317703 2.6269070875   11.117  4.441  3.6124  0.444    5  0.000  0.378     0.00     0.00     0.00     0.00     0.00 -1 -1.09e-30      0.00 7.147e-01 2.781e-01 7.867e-04 1.172e-03 2.770e-03 -1.000 7.169e-03 -6.333 -5.968 -5.199 -6.822
0.007 -0.33541 7.33500 11.1190710068 2.6269072020   11.117  4.441  3.6128  0.446    5  0.000  0.378     0.00     0.00     0.00     0.00     0.00 -1 -1.09e-30      0.00 7.147e-01 2.781e-01 7.867e-04 1.172e-03 2.770e-03 -1.000 7.169e-03 -6.333 -5.970 -5.203 -6.824
0.007 -0.33541 7.33500 11.1192283630 2.6269073313   11.118  4.441  3.6132  0.448    5  0.000  0.378     0.00     0.00     0.00     0.00     0.00 -1 -1.09e-30      0.00 7.147e-01 2.781e-01 7.867e-04 1.172e-03 2.770e-03 -1.000 7.169e-03 -6.333 -5.973 -5.208 -6.825
0.007 -0.33541 7.33500 11.1193656921 2.6269074442   11.118  4.441  3.6135  0.449    5  0.000  0.378     0.00     0.00     0.00     0.00     0.00 -1 -1.09e-30      0.00 7.147e-01 2.781e-01 7.867e-04 1.172e-03 2.770e-03 -1.000 7.169e-03 -6.333 -5.975 -5.211 -6.826
0.007 -0.33541 7.33500 11.1195573807 2.6269076018   11.118  4.441  3.6140  0.450    5  0.000  0.378     0.00     0.00     0.00     0.00     0.00 -1 -1.09e-30      0.00 7.147e-01 2.781e-01 7.867e-04 1.172e-03 2.770e-03 -1.000 7.169e-03 -6.333 -5.978 -5.215 -6.828
0.007 -0.33541 7.33500 11.1197767258 2.6269077820   11.118  4.441  3.6144  0.452    5  0.000  0.378     0.00     0.00     0.00     0.00     0.00 -1 -1.09e-30      0.00 7.147e-01 2.781e-01 7.867e-04 1.172e-03 2.770e-03 -1.000 7.169e-03 -6.333 -5.980 -5.220 -6.830
0.007 -0.33541 7.33500 11.1199779510 2.6269079474   11.118  4.441  3.6147  0.453    5  0.000  0.378     0.00     0.00     0.00     0.00     0.00 -1 -1.09e-30      0.00 7.147e-01 2.781e-01 7.867e-04 1.172e-03 2.770e-03 -1.000 7.169e-03 -6.334 -5.983 -5.224 -6.831
0.007 -0.33541 7.33500 11.1202754974 2.6269081920   11.119  4.441  3.6151  0.455    5  0.000  0.378     0.00     0.00     0.00     0.00     0.00 -1 -1.09e-30      0.00 7.147e-01 2.781e-01 7.867e-04 1.172e-03 2.770e-03 -1.000 7.169e-03 -6.334 -5.985 -5.228 -6.833
0.007 -0.33541 7.33500 11.1205682755 2.6269084325   11.119  4.441  3.6155  0.457    5  0.000  0.378     0.00     0.00     0.00     0.00     0.00 -1 -1.09e-30      0.00 7.147e-01 2.781e-01 7.867e-04 1.172e-03 2.770e-03 -1.000 7.169e-03 -6.334 -5.988 -5.232 -6.834
0.007 -0.33541 7.33500 11.1209402084 2.6269087382   11.119  4.442  3.6159  0.458    5  0.000  0.378     0.00     0.00     0.00     0.00     0.00 -1 -1.09e-30      0.00 7.147e-01 2.781e-01 7.867e-04 1.172e-03 2.770e-03 -1.000 7.169e-03 -6.334 -5.990 -5.236 -6.835
0.007 -0.33541 7.33500 11.1214485168 2.6269091558   11.120  4.442  3.6162  0.460    5  0.000  0.378     0.00     0.00     0.00     0.00     0.00 -1  -1.1e-30      0.00 7.147e-01 2.781e-01 7.867e-04 1.172e-03 2.770e-03 -1.000 7.169e-03 -6.334 -5.993 -5.240 -6.837
0.007 -0.33541 7.33500 11.1222324371 2.6269097998   11.121  4.442  3.6167  0.461    5  0.000  0.378     0.00     0.00     0.00     0.00     0.00 -1  -1.1e-30      0.00 7.147e-01 2.781e-01 7.867e-04 1.172e-03 2.770e-03 -1.000 7.169e-03 -6.334 -5.996 -5.245 -6.839
0.007 -0.33541 7.33500 11.1243553162 2.6269115433   11.123  4.442  3.6174  0.464    5  0.000  0.378     0.00     0.00     0.00     0.00     0.00 -1  -1.1e-30      0.00 7.147e-01 2.781e-01 7.867e-04 1.172e-03 2.769e-03 -1.000 7.169e-03 -6.336 -6.002 -5.254 -6.843
0.007 -0.33541 7.33500 11.1326093674 2.6269183150   11.131  4.444  3.6195  0.470    5  0.000  0.378     0.00     0.00     0.00     0.00     0.00 -1 -1.12e-30      0.00 7.147e-01 2.782e-01 7.866e-04 1.173e-03 2.769e-03 -1.000 7.168e-03 -6.341 -6.020 -5.281 -6.856
0.007 -0.33541 7.33500 11.1463336945 2.6269295489   11.145  4.448  3.6228  0.480    5  0.000  0.378     0.00     0.00     0.00     0.00     0.00 -1 -1.14e-30      0.00 7.146e-01 2.782e-01 7.864e-04 1.174e-03 2.768e-03 -1.000 7.168e-03 -6.349 -6.049 -5.323 -6.876
0.007 -0.33541 7.33500 11.1581468582 2.6269391930   11.156  4.451  3.6255  0.489    5  0.000  0.378     0.00     0.00     0.00     0.00     0.00 -1 -1.16e-30      0.00 7.145e-01 2.783e-01 7.863e-04 1.174e-03 2.768e-03 -1.000 7.167e-03 -6.357 -6.072 -5.356 -6.892
0.007 -0.33541 7.33500 11.1865758896 2.6269623062   11.184  4.465  3.6296  0.491    5  0.000  0.378     0.00     0.00     0.00     0.00     0.00 -1 -1.22e-30      0.00 7.144e-01 2.785e-01 7.860e-04 1.176e-03 2.766e-03 -1.000 7.165e-03 -6.393 -6.133 -5.432 -6.943
0.007 -0.33541 7.33500 11.2058849335 2.6269779278   11.203  4.475  3.6318  0.491    6  0.000  0.378     0.00     0.00     0.00     0.00     0.00 -1 -1.26e-30      0.00 7.143e-01 2.786e-01 7.858e-04 1.177e-03 2.765e-03 -1.000 7.164e-03 -6.418 -6.170 -5.476 -6.975
0.007 -0.33541 7.33500 11.2210187912 2.6269901284   11.219  4.483  3.6332  0.490    6  0.000  0.378     0.00     0.00     0.00     0.00     0.00 -1 -1.29e-30      0.00 7.142e-01 2.786e-01 7.857e-04 1.178e-03 2.765e-03 -1.000 7.164e-03 -6.437 -6.196 -5.507 -6.998
0.007 -0.33541 7.33500 11.2308225632 2.6269980117   11.228  4.487  3.6334  0.487    6  0.000  0.378     0.00     0.00     0.00     0.00     0.00 -1 -1.31e-30      0.00 7.141e-01 2.787e-01 7.856e-04 1.178e-03 2.764e-03 -1.000 7.163e-03 -6.449 -6.209 -5.520 -7.010
0.007 -0.33541 7.33500 11.2355966568 2.6270018449   11.233  4.490  3.6332  0.483    6  0.000  0.378     0.00     0.00     0.00     0.00     0.00 -1 -1.32e-30      0.00 7.141e-01 2.787e-01 7.855e-04 1.178e-03 2.764e-03 -1.000 7.163e-03 -6.454 -6.213 -5.524 -7.015
0.007 -0.33541 7.33500 11.2398300171 2.6270052409   11.237  4.494  3.6325  0.477    6  0.000  0.379     0.00     0.00     0.00     0.00     0.00 -1 -1.33e-30      0.00 7.141e-01 2.788e-01 7.855e-04 1.179e-03 2.764e-03 -1.000 7.163e-03 -6.464 -6.219 -5.527 -7.023
0.007 -0.33541 7.33500 11.2443437576 2.6270088584   11.241  4.500  3.6311  0.465    6  0.000  0.379     0.00     0.00     0.00     0.00     0.00 -1 -1.34e-30      0.00 7.141e-01 2.788e-01 7.854e-04 1.179e-03 2.764e-03 -1.000 7.163e-03 -6.481 -6.228 -5.530 -7.036
0.007 -0.33541 7.33500 11.2472543716 2.6270111894   11.244  4.505  3.6300  0.456    6  0.000  0.379     0.00     0.00     0.00     0.00     0.00 -1 -1.34e-30      0.00 7.140e-01 2.788e-01 7.854e-04 1.179e-03 2.763e-03 -1.000 7.162e-03 -6.492 -6.233 -5.530 -7.043
0.007 -0.33541 7.33500 11.2496814728 2.6270131321   11.247  4.508  3.6288  0.448    6  0.000  0.379     0.00     0.00     0.00     0.00     0.00 -1 -1.35e-30      0.00 7.140e-01 2.788e-01 7.854e-04 1.179e-03 2.763e-03 -1.000 7.162e-03 -6.501 -6.235 -5.527 -7.049
0.007 -0.33541 7.33500 11.2522039413 2.6270151501   11.249  4.512  3.6273  0.438    6  0.000  0.379     0.00     0.00     0.00     0.00     0.00 -1 -1.35e-30      0.00 7.140e-01 2.788e-01 7.853e-04 1.179e-03 2.763e-03 -1.000 7.162e-03 -6.510 -6.235 -5.521 -7.053
0.007 -0.33541 7.33500 11.2538938522 2.6270165015   11.251  4.514  3.6261  0.431    6  0.000  0.379     0.00     0.00     0.00     0.00     0.00 -1 -1.36e-30      0.00 7.140e-01 2.788e-01 7.853e-04 1.179e-03 2.763e-03 -1.000 7.162e-03 -6.516 -6.233 -5.515 -7.055
0.007 -0.33541 7.33500 11.2553462982 2.6270176626   11.252  4.516  3.6249  0.424    6  0.000  0.379     0.00     0.00     0.00     0.00     0.00 -1 -1.36e-30      0.00 7.140e-01 2.788e-01 7.853e-04 1.180e-03 2.763e-03 -1.000 7.162e-03 -6.521 -6.231 -5.508 -7.056
0.007 -0.33541 7.33500 11.2565984726 2.6270186633   11.254  4.518  3.6236  0.418    6  0.000  0.379     0.00     0.00     0.00     0.00     0.00 -1 -1.36e-30      0.00 7.140e-01 2.788e-01 7.853e-04 1.180e-03 2.763e-03 -1.000 7.162e-03 -6.525 -6.228 -5.500 -7.056
0.007 -0.33541 7.33500 11.2576789856 2.6270195266   11.255  4.520  3.6224  0.411    6  0.000  0.379     0.00     0.00     0.00     0.00     0.00 -1 -1.37e-30      0.00 7.140e-01 2.788e-01 7.853e-04 1.180e-03 2.763e-03 -1.000 7.162e-03 -6.529 -6.224 -5.491 -7.055
0.007 -0.33541 7.33500 11.2586069107 2.6270202679   11.256  4.521  3.6212  0.405    6  0.000  0.379     0.00     0.00     0.00     0.00     0.00 -1 -1.37e-30      0.00 7.140e-01 2.789e-01 7.853e-04 1.180e-03 2.763e-03 -1.000 7.162e-03 -6.532 -6.220 -5.482 -7.054
0.007 -0.33541 7.33500 11.2594127655 2.6270209115   11.256  4.522  3.6199  0.399    6  0.000  0.379     0.00     0.00     0.00     0.00     0.00 -1 -1.37e-30      0.00 7.140e-01 2.789e-01 7.853e-04 1.180e-03 2.763e-03 -1.000 7.162e-03 -6.534 -6.215 -5.472 -7.052
0.007 -0.33541 7.33500 11.2601222992 2.6270214781   11.257  4.523  3.6187  0.394    6  0.000  0.379     0.00     0.00     0.00     0.00     0.00 -1 -1.37e-30      0.00 7.140e-01 2.789e-01 7.853e-04 1.180e-03 2.763e-03 -1.000 7.162e-03 -6.537 -6.209 -5.461 -7.050
0.007 -0.33541 7.33500 11.2607507706 2.6270219799   11.258  4.523  3.6175  0.388    6  0.000  0.379     0.00     0.00     0.00     0.00     0.00 -1 -1.37e-30      0.00 7.140e-01 2.789e-01 7.853e-04 1.180e-03 2.763e-03 -1.000 7.162e-03 -6.538 -6.203 -5.449 -7.047
0.007 -0.33541 7.33500 11.2613105774 2.6270224268   11.258  4.525  3.6161  0.381    6  0.000  0.379     0.00     0.00     0.00     0.00     0.00 -1 -1.37e-30      0.00 7.140e-01 2.789e-01 7.852e-04 1.180e-03 2.763e-03 -1.000 7.162e-03 -6.542 -6.198 -5.438 -7.046
0.007 -0.33541 7.33500 11.2618093491 2.6270228250   11.259  4.526  3.6148  0.375    6  0.000  0.379     0.00     0.00     0.00     0.00     0.00 -1 -1.37e-30      0.00 7.140e-01 2.789e-01 7.852e-04 1.180e-03 2.763e-03 -1.000 7.162e-03 -6.545 -6.193 -5.427 -7.044
0.007 -0.33541 7.33500 11.2622566223 2.6270231820   11.259  4.527  3.6135  0.368    6  0.000  0.379     0.00     0.00     0.00     0.00     0.00 -1 -1.37e-30      0.00 7.140e-01 2.789e-01 7.852e-04 1.180e-03 2.763e-03 -1.000 7.162e-03 -6.548 -6.187 -5.416 -7.042
0.007 -0.33541 7.33500 11.2626600266 2.6270235040   11.260  4.528  3.6122  0.362    6  0.000  0.379     0.00     0.00     0.00     0.00     0.00 -1 -1.38e-30      0.00 7.140e-01 2.789e-01 7.852e-04 1.180e-03 2.763e-03 -1.000 7.162e-03 -6.550 -6.181 -5.405 -7.040
0.007 -0.33541 7.33500 11.2630224228 2.6270237932   11.260  4.530  3.6108  0.355    6  0.000  0.379     0.00     0.00     0.00     0.00     0.00 -1 -1.38e-30      0.00 7.140e-01 2.789e-01 7.852e-04 1.180e-03 2.763e-03 -1.000 7.162e-03 -6.554 -6.176 -5.393 -7.039
0.007 -0.33541 7.33500 11.2633514404 2.6270240558   11.260  4.531  3.6094  0.348    6  0.000  0.379     0.00     0.00     0.00     0.00     0.00 -1 -1.38e-30      0.00 7.140e-01 2.789e-01 7.852e-04 1.180e-03 2.763e-03 -1.000 7.162e-03 -6.558 -6.171 -5.382 -7.038
0.007 -0.33541 7.33500 11.2637214661 2.6270243510   11.261  4.533  3.6077  0.339    6  0.000  0.379     0.00     0.00     0.00     0.00     0.00 -1 -1.39e-30      0.00 7.140e-01 2.789e-01 7.852e-04 1.180e-03 2.763e-03 -1.000 7.161e-03 -6.563 -6.163 -5.366 -7.035
0.007 -0.33541 7.33500 11.2639837265 2.6270245603   11.261  4.534  3.6063  0.332    6  0.000  0.379     0.00     0.00     0.00     0.00     0.00 -1  -1.4e-30      0.00 7.140e-01 2.789e-01 7.852e-04 1.180e-03 2.763e-03 -1.000 7.161e-03 -6.566 -6.157 -5.353 -7.033
0.007 -0.33541 7.33500 11.2642240524 2.6270247520   11.261  4.536  3.6049  0.326    6  0.000  0.379     0.00     0.00     0.00     0.00     0.00 -1  -1.4e-30      0.00 7.140e-01 2.789e-01 7.852e-04 1.180e-03 2.763e-03 -1.000 7.161e-03 -6.569 -6.150 -5.340 -7.030
0.007 -0.33541 7.33500 11.2644443512 2.6270249278   11.261  4.536  3.6036  0.319    6  0.000  0.379     0.00     0.00     0.00     0.00     0.00 -1  -1.4e-30      0.00 7.140e-01 2.789e-01 7.852e-04 1.180e-03 2.763e-03 -1.000 7.161e-03 -6.571 -6.143 -5.327 -7.027
0.007 -0.33541 7.33500 11.2646512985 2.6270250929   11.261  4.537  3.6023  0.313    6  0.000  0.379     0.00     0.00     0.00     0.00     0.00 -1  -1.4e-30      0.00 7.140e-01 2.789e-01 7.852e-04 1.180e-03 2.763e-03 -1.000 7.161e-03 -6.573 -6.136 -5.313 -7.023
0.007 -0.33541 7.33500 11.2648534775 2.6270252542   11.262  4.538  3.6010  0.307    6  0.000  0.379     0.00     0.00     0.00     0.00     0.00 -1  -1.4e-30      0.00 7.140e-01 2.789e-01 7.852e-04 1.180e-03 2.763e-03 -1.000 7.161e-03 -6.575 -6.128 -5.299 -7.020
0.007 -0.33541 7.33500 11.2651224136 2.6270254687   11.262  4.539  3.5993  0.300    6  0.000  0.379     0.00     0.00     0.00     0.00     0.00 -1  -1.4e-30      0.00 7.140e-01 2.789e-01 7.852e-04 1.180e-03 2.763e-03 -1.000 7.162e-03 -6.576 -6.118 -5.281 -7.014
0.007 -0.33541 7.33500 11.2653713226 2.6270256673   11.262  4.539  3.5980  0.295    6  0.000  0.379     0.00     0.00     0.00     0.00     0.00 -1  -1.4e-30      0.00 7.139e-01 2.789e-01 7.852e-04 1.180e-03 2.763e-03 -1.000 7.161e-03 -6.577 -6.109 -5.265 -7.009
0.007 -0.33541 7.33500 11.2656707764 2.6270259061   11.263  4.539  3.5967  0.290    6  0.000  0.379     0.00     0.00     0.00     0.00     0.00 -1  -1.4e-30      0.00 7.139e-01 2.789e-01 7.852e-04 1.180e-03 2.763e-03 -1.000 7.161e-03 -6.577 -6.098 -5.247 -7.002
0.007 -0.33541 7.33500 11.2661437988 2.6270262834   11.263  4.539  3.5954  0.284    6  0.000  0.379     0.00     0.00     0.00     0.00     0.00 -1  -1.4e-30      0.00 7.139e-01 2.789e-01 7.852e-04 1.180e-03 2.763e-03 -1.000 7.161e-03 -6.577 -6.089 -5.231 -6.997
0.007 -0.33541 7.33500 11.2666845322 2.6270267146   11.264  4.539  3.5940  0.279    6  0.000  0.379     0.00     0.00     0.00     0.00     0.00 -1  -1.4e-30      0.00 7.139e-01 2.789e-01 7.852e-04 1.180e-03 2.763e-03 -1.000 7.161e-03 -6.577 -6.078 -5.213 -6.990
0.007 -0.33541 7.33500 11.2672204971 2.6270271420   11.264  4.544  3.5924  0.267    6  0.000  0.379     0.00     0.00     0.00     0.00     0.00 -1  -1.4e-30      0.00 7.139e-01 2.789e-01 7.852e-04 1.180e-03 2.763e-03 -1.000 7.161e-03 -6.591 -6.080 -5.205 -6.997
0.007 -0.33541 7.33500 11.2674760818 2.6270273458   11.264  4.551  3.5914  0.257    6  0.000  0.379     0.00     0.00     0.00     0.00     0.00 -1 -1.41e-30      0.00 7.139e-01 2.789e-01 7.852e-04 1.180e-03 2.763e-03 -1.000 7.161e-03 -6.607 -6.088 -5.208 -7.009
0.007 -0.33541 7.33500 11.2677946091 2.6270275997   11.265  4.558  3.5904  0.245    6  0.000  0.379     0.00     0.00     0.00     0.00     0.00 -1 -1.41e-30      0.00 7.139e-01 2.789e-01 7.852e-04 1.180e-03 2.762e-03 -1.000 7.161e-03 -6.626 -6.099 -5.212 -7.023
0.007 -0.33541 7.33500 11.2683954239 2.6270280787   11.265  4.574  3.5883  0.221    6  0.000  0.379     0.00     0.00     0.00     0.00     0.00 -1 -1.41e-30      0.00 7.139e-01 2.789e-01 7.852e-04 1.180e-03 2.762e-03 -1.000 7.161e-03 -6.665 -6.121 -5.221 -7.052
0.007 -0.33541 7.33500 11.2692432404 2.6270287545   11.266  4.600  3.5848  0.181    6  0.000  0.379     0.00     0.00     0.00     0.00     0.00 -1  -1.4e-30      0.00 7.139e-01 2.789e-01 7.852e-04 1.180e-03 2.762e-03 -1.000 7.161e-03 -6.730 -6.155 -5.230 -7.100
0.007 -0.33541 7.33500 11.2696981430 2.6270291170   11.266  4.627  3.5819  0.142    7  0.000  0.379   267.98   122.49    80.28    58.93    49.00  3  -1.4e-30      0.00 7.139e-01 2.789e-01 7.852e-04 1.180e-03 2.762e-03 -1.000 7.161e-03 -6.798 -6.197 -5.252 -7.152
0.007 -0.33541 7.33500 11.2710332870 2.6270301809   11.268  4.656  3.5786  0.100    7  0.000  0.379   295.74   132.13    86.30    63.43    52.75  3  -1.4e-30      0.00 7.139e-01 2.789e-01 7.851e-04 1.180e-03 2.762e-03 -1.000 7.161e-03 -6.870 -6.238 -5.267 -7.207
0.007 -0.33541 7.33500 11.2735061646 2.6270321507   11.270  4.644  3.5793  0.115    7  0.000  0.379   286.03   128.78    84.21    61.87    51.45  3  -1.4e-30      0.00 7.139e-01 2.789e-01 7.851e-04 1.181e-03 2.762e-03 -1.000 7.161e-03 -6.841 -6.216 -5.252 -7.182
0.007 -0.33541 7.33500 11.2748708725 2.6270332373   11.272  4.674  3.5761  0.073    7  0.000  0.379   309.58   138.89    90.51    66.57    55.37  3 -1.41e-30      0.00 7.139e-01 2.789e-01 7.851e-04 1.181e-03 2.762e-03 -1.000 7.161e-03 -6.914 -6.257 -5.265 -7.236
0.007 -0.33541 7.33500 11.2761878967 2.6270342856   11.273  4.705  3.5729  0.029    7  0.000  0.378   331.17   150.43    97.68    71.93    59.84  3 -1.42e-30      0.00 7.139e-01 2.790e-01 7.849e-04 1.181e-03 2.762e-03 -1.000 7.160e-03 -6.993 -6.303 -5.282 -7.296
0.007 -0.33541 7.33500 11.2776136398 2.6270354202   11.274  4.738  3.5695 -0.018    7  0.000  0.378   355.75   163.74   105.92    78.09    64.98  3 -1.42e-30      0.00 7.137e-01 2.792e-01 7.830e-04 1.184e-03 2.760e-03 -1.000 7.088e-03 -7.076 -6.350 -5.297 -7.359
0.007 -0.33541 7.33500 11.2794866562 2.6270369102   11.276  4.779  3.5652 -0.076    7  0.000  0.377   388.61   181.80   117.05    86.43    71.94  3 -1.43e-30      0.00 7.113e-01 2.816e-01 7.757e-04 1.213e-03 2.738e-03 -1.000 7.087e-03 -7.178 -6.399 -5.293 -7.430
0.007 -0.33541 7.33500 11.2811508179 2.6270382336   11.278  4.814  3.5617 -0.124    7  0.000  0.377   418.44   198.43   127.25    94.09    78.33  0 -1.43e-30      0.00 7.088e-01 2.841e-01 7.692e-04 1.239e-03 2.717e-03 -1.000 7.089e-03 -7.264 -6.442 -5.294 -7.492
0.007 -0.33541 7.33500 11.2850313187 2.6270413177   11.282  4.863  3.5570 -0.192    7  0.000  0.377   464.11   224.33   143.07   105.97    88.25  0 -1.44e-30      0.00 7.065e-01 2.864e-01 7.637e-04 1.261e-03 2.700e-03 -1.000 7.114e-03 -7.386 -6.499 -5.280 -7.576
0.007 -0.33541 7.33500 11.2968168259 2.6270506696   11.293  4.917  3.5517 -0.268    7  0.000  0.377   520.80   257.11   162.98   120.96   100.76  0 -1.48e-30      0.00 6.990e-01 2.940e-01 7.537e-04 1.304e-03 2.665e-03 -1.000 7.089e-03 -7.523 -6.560 -5.253 -7.669
0.007 -0.33541 7.33500 11.3124046326 2.6270630043   11.308  4.944  3.5494 -0.303    7  0.000  0.377   549.91   274.19   173.31   128.74   107.26  0 -1.52e-30      0.00 6.900e-01 3.029e-01 7.442e-04 1.346e-03 2.631e-03 -1.000 7.106e-03 -7.590 -6.591 -5.242 -7.715
