Zini MH logAge Mini int_IMF Mass logL logTe logg label McoreTP C_O period0 period1 period2 period3 period4 pmode Mloss tau1m X Y Xc Xn Xo Cexcess Z mbolmag Gmag G_BPmag G_RPmag
0.006 -0.40400 7.48000 0.0900000036 1.0816895926    0.090 -2.324  3.4438  4.443    0  0.000  0.545     0.00     0.00     0.00     0.00     0.00 -1 -1.21e-15      0.00 7.349e-01 2.591e-01 1.079e-03 2.911e-04 2.640e-03 -1.000 6.000e-03 10.579 12.060 14.301 10.696
0.006 -0.40400 7.48000 0.0962557569 1.1390457421    0.096 -2.280  3.4489  4.449    0  0.000  0.545     0.00     0.00     0.00     0.00     0.00 -1 -1.28e-15      0.00 7.349e-01 2.591e-01 1.079e-03 2.911e-04 2.640e-03 -1.000 6.000e-03 10.470 11.897 14.060 10.548
0.006 -0.40400 7.48000 0.0992424265 1.1647467926    0.099 -2.259  3.4513  4.451    0  0.000  0.545     0.00     0.00     0.00     0.00     0.00 -1 -1.32e-15      0.00 7.349e-01 2.591e-01 1.079e-03 2.911e-04 2.640e-03 -1.000 6.000e-03 10.419 11.821 13.947 10.479
0.006 -0.40400 7.48000 0.1097988114 1.2481081829    0.110 -2.194  3.4585  4.458    0  0.000  0.545     0.00     0.00     0.00     0.00     0.00 -1 -1.45e-15      0.00 7.349e-01 2.591e-01 1.079e-03 2.911e-04 2.640e-03 -1.000 6.000e-03 10.254 11.580 13.590 10.261
0.006 -0.40400 7.48000 0.1177272722 1.3041497160    0.117 -2.147  3.4637  4.462    0  0.000  0.545     0.00     0.00     0.00     0.00     0.00 -1 -1.55e-15      0.00 7.349e-01 2.591e-01 1.079e-03 2.911e-04 2.640e-03 -1.000 6.000e-03 10.138 11.413 13.347 10.111
0.006 -0.40400 7.48000 0.1362121254 1.4176547699    0.136 -2.052  3.4739  4.471    0  0.000  0.545     0.00     0.00     0.00     0.00     0.00 -1 -1.78e-15      0.00 7.349e-01 2.591e-01 1.079e-03 2.911e-04 2.640e-03 -1.000 6.000e-03 9.901 11.078 12.873 9.808
0.006 -0.40400 7.48000 0.1546969712 1.5127164559    0.154 -1.970  3.4823  4.478    0  0.000  0.545     0.00     0.00     0.00     0.00     0.00 -1    -2e-15      0.00 7.349e-01 2.591e-01 1.079e-03 2.911e-04 2.640e-03 -1.000 6.000e-03 9.694 10.793 12.477 9.550
0.006 -0.40400 7.48000 0.2059826851 1.7137895733    0.205 -1.787  3.5001  4.489    0  0.000  0.545     0.00     0.00     0.00     0.00     0.00 -1 -2.61e-15      0.00 7.349e-01 2.591e-01 1.079e-03 2.911e-04 2.640e-03 -1.000 6.000e-03 9.237 10.183 11.662 8.999
0.006 -0.40400 7.48000 0.2315097749 1.7910000567    0.230 -1.710  3.5074  4.492    0  0.000  0.545     0.00     0.00     0.00     0.00     0.00 -1 -2.93e-15      0.00 7.349e-01 2.591e-01 1.079e-03 2.911e-04 2.640e-03 -1.000 6.000e-03 9.045 9.936 11.345 8.775
0.006 -0.40400 7.48000 0.2468991876 1.8323910383    0.246 -1.668  3.5114  4.494    0  0.000  0.545     0.00     0.00     0.00     0.00     0.00 -1 -3.11e-15      0.00 7.349e-01 2.591e-01 1.079e-03 2.911e-04 2.640e-03 -1.000 6.000e-03 8.941 9.802 11.174 8.654
0.006 -0.40400 7.48000 0.2642334998 1.8751729939    0.263 -1.625  3.5155  4.497    0  0.000  0.545     0.00     0.00     0.00     0.00     0.00 -1  -3.3e-15      0.00 7.349e-01 2.591e-01 1.079e-03 2.911e-04 2.640e-03 -1.000 6.000e-03 8.832 9.663 10.998 8.528
0.006 -0.40400 7.48000 0.2765642703 1.9034449671    0.275 -1.596  3.5183  4.499    0  0.000  0.545     0.00     0.00     0.00     0.00     0.00 -1 -3.44e-15      0.00 7.349e-01 2.591e-01 1.079e-03 2.911e-04 2.640e-03 -1.000 6.000e-03 8.759 9.569 10.879 8.443
0.006 -0.40400 7.48000 0.2785752118 1.9079002805    0.277 -1.591  3.5188  4.499    0  0.000  0.545     0.00     0.00     0.00     0.00     0.00 -1 -3.46e-15      0.00 7.349e-01 2.591e-01 1.079e-03 2.911e-04 2.640e-03 -1.000 6.000e-03 8.747 9.555 10.861 8.430
0.006 -0.40400 7.48000 0.2840909064 1.9199089181    0.283 -1.578  3.5200  4.500    0  0.000  0.545     0.00     0.00     0.00     0.00     0.00 -1 -3.53e-15      0.00 7.349e-01 2.591e-01 1.079e-03 2.911e-04 2.640e-03 -1.000 6.000e-03 8.715 9.513 10.808 8.392
0.006 -0.40400 7.48000 0.3051177263 1.9630507191    0.304 -1.532  3.5243  4.502    0  0.000  0.545     0.00     0.00     0.00     0.00     0.00 -1  -3.8e-15      0.00 7.349e-01 2.591e-01 1.079e-03 2.911e-04 2.640e-03 -1.000 6.000e-03 8.601 9.371 10.634 8.263
0.006 -0.40400 7.48000 0.3303030431 2.0099003913    0.329 -1.481  3.5291  4.506    0  0.000  0.545     0.00     0.00     0.00     0.00     0.00 -1 -4.09e-15      0.00 7.349e-01 2.591e-01 1.079e-03 2.911e-04 2.640e-03 -1.000 6.000e-03 8.474 9.213 10.439 8.119
0.006 -0.40400 7.48000 0.3553724289 2.0521358971    0.354 -1.435  3.5336  4.509    0  0.000  0.545     0.00     0.00     0.00     0.00     0.00 -1 -4.37e-15      0.00 7.349e-01 2.591e-01 1.079e-03 2.911e-04 2.640e-03 -1.000 6.000e-03 8.357 9.069 10.263 7.988
0.006 -0.40400 7.48000 0.3765151799 2.0848521217    0.376 -1.398  3.5371  4.511    0  0.000  0.545     0.00     0.00     0.00     0.00     0.00 -1 -4.62e-15      0.00 7.349e-01 2.591e-01 1.079e-03 2.911e-04 2.640e-03 -1.000 6.000e-03 8.264 8.955 10.125 7.884
0.006 -0.40400 7.48000 0.4227272868 2.1487074326    0.422 -1.319  3.5447  4.513    0  0.000  0.545     0.00     0.00     0.00     0.00     0.00 -1  -5.2e-15      0.00 7.349e-01 2.591e-01 1.079e-03 2.911e-04 2.640e-03 -1.000 6.000e-03 8.068 8.713 9.832 7.664
0.006 -0.40400 7.48000 0.4689394236 2.2040773004    0.468 -1.239  3.5528  4.510    0  0.000  0.545     0.00     0.00     0.00     0.00     0.00 -1 -5.96e-15      0.00 7.349e-01 2.591e-01 1.079e-03 2.911e-04 2.640e-03 -1.000 6.000e-03 7.866 8.464 9.532 7.439
0.006 -0.40400 7.48000 0.5151515603 2.2525465222    0.515 -1.159  3.5615  4.507    0  0.000  0.545     0.00     0.00     0.00     0.00     0.00 -1 -6.85e-15      0.00 7.349e-01 2.591e-01 1.079e-03 2.911e-04 2.640e-03 -1.000 6.000e-03 7.668 8.216 9.231 7.216
0.006 -0.40400 7.48000 0.5296528935 2.2660651292    0.529 -1.134  3.5650  4.508    0  0.000  0.545     0.00     0.00     0.00     0.00     0.00 -1 -7.16e-15      0.00 7.349e-01 2.591e-01 1.079e-03 2.911e-04 2.640e-03 -1.000 6.000e-03 7.605 8.133 9.128 7.144
0.006 -0.40400 7.48000 0.5613636374 2.2928480160    0.561 -1.068  3.5734  4.501    0  0.000  0.545     0.00     0.00     0.00     0.00     0.00 -1 -8.14e-15      0.00 7.349e-01 2.591e-01 1.079e-03 2.911e-04 2.640e-03 -1.000 6.000e-03 7.441 7.924 8.875 6.959
0.006 -0.40400 7.48000 0.5820868611 2.3085493500    0.581 -1.026  3.5797  4.500    0  0.000  0.545     0.00     0.00     0.00     0.00     0.00 -1 -8.81e-15      0.00 7.349e-01 2.591e-01 1.079e-03 2.911e-04 2.640e-03 -1.000 6.000e-03 7.335 7.788 8.707 6.839
0.006 -0.40400 7.48000 0.6075757742 2.3261824018    0.607 -0.968  3.5885  4.496    0  0.000  0.545     0.00     0.00     0.00     0.00     0.00 -1 -9.85e-15      0.00 7.349e-01 2.591e-01 1.079e-03 2.911e-04 2.640e-03 -1.000 6.000e-03 7.191 7.602 8.481 6.677
0.006 -0.40400 7.48000 0.6127805710 2.3295762558    0.612 -0.958  3.5904  4.497    0  0.000  0.545     0.00     0.00     0.00     0.00     0.00 -1    -1e-14      0.00 7.349e-01 2.591e-01 1.079e-03 2.911e-04 2.640e-03 -1.000 6.000e-03 7.165 7.567 8.437 6.646
0.006 -0.40400 7.48000 0.6407112479 2.3467108391    0.640 -0.877  3.6047  4.492    0  0.000  0.545     0.00     0.00     0.00     0.00     0.00 -1 -1.19e-14      0.00 7.350e-01 2.590e-01 1.079e-03 2.911e-04 2.640e-03 -1.000 6.000e-03 6.962 7.308 8.120 6.422
0.006 -0.40400 7.48000 0.6537879109 2.3541567464    0.654 -0.836  3.6123  4.491    0  0.000  0.545     0.00     0.00     0.00     0.00     0.00 -1 -1.29e-14      0.00 7.350e-01 2.590e-01 1.079e-03 2.911e-04 2.640e-03 -1.000 6.000e-03 6.861 7.179 7.960 6.312
0.006 -0.40400 7.48000 0.6662380695 2.3609344530    0.666 -0.795  3.6207  4.491    0  0.000  0.545     0.00     0.00     0.00     0.00     0.00 -1  -1.4e-14      0.00 7.350e-01 2.590e-01 1.079e-03 2.911e-04 2.640e-03 -1.000 6.000e-03 6.757 7.043 7.790 6.197
0.006 -0.40400 7.48000 0.6862471700 2.3712369312    0.686 -0.723  3.6359  4.493    0  0.000  0.545     0.00     0.00     0.00     0.00     0.00 -1 -1.63e-14      0.00 7.350e-01 2.590e-01 1.079e-03 2.911e-04 2.640e-03 -1.000 6.000e-03 6.577 6.801 7.484 5.997
0.006 -0.40400 7.48000 0.6999999881 2.3779266974    0.700 -0.671  3.6473  4.495    0  0.000  0.545     0.00     0.00     0.00     0.00     0.00 -1 -1.81e-14      0.00 7.350e-01 2.590e-01 1.079e-03 2.911e-04 2.640e-03 -1.000 6.000e-03 6.447 6.619 7.251 5.852
0.006 -0.40400 7.48000 0.7067711353 2.3811106000    0.707 -0.643  3.6549  4.502    0  0.000  0.544     0.00     0.00     0.00     0.00     0.00 -1 -1.91e-14      0.00 7.350e-01 2.590e-01 1.077e-03 2.910e-04 2.640e-03 -1.000 6.000e-03 6.377 6.517 7.119 5.773
0.006 -0.40400 7.48000 0.7254213095 2.3895278767    0.726 -0.565  3.6753  4.517    0  0.000  0.541     0.00     0.00     0.00     0.00     0.00 -1 -2.21e-14      0.00 7.350e-01 2.590e-01 1.072e-03 2.909e-04 2.640e-03 -1.000 6.000e-03 6.183 6.247 6.776 5.558
0.006 -0.40400 7.48000 0.7415740490 2.3964259119    0.742 -0.497  3.6926  4.528    0  0.000  0.539     0.00     0.00     0.00     0.00     0.00 -1 -2.52e-14      0.00 7.350e-01 2.590e-01 1.067e-03 2.908e-04 2.640e-03 -1.000 6.000e-03 6.013 6.024 6.503 5.377
0.006 -0.40400 7.48000 0.7500000000 2.3998889087    0.750 -0.462  3.7014  4.533    0  0.000  0.538     0.00     0.00     0.00     0.00     0.00 -1 -2.71e-14      0.00 7.350e-01 2.590e-01 1.065e-03 2.907e-04 2.640e-03 -1.000 6.000e-03 5.925 5.913 6.369 5.288
0.006 -0.40400 7.48000 0.7653779387 2.4059836490    0.765 -0.407  3.7121  4.529    0  0.000  0.538     0.00     0.00     0.00     0.00     0.00 -1 -3.06e-14      0.00 7.350e-01 2.590e-01 1.065e-03 2.907e-04 2.640e-03 -1.000 6.000e-03 5.787 5.752 6.181 5.152
0.006 -0.40400 7.48000 0.7839847207 2.4129916979    0.784 -0.342  3.7249  4.526    0  0.000  0.538     0.00     0.00     0.00     0.00     0.00 -1 -3.52e-14      0.00 7.350e-01 2.590e-01 1.065e-03 2.907e-04 2.640e-03 -1.000 6.000e-03 5.625 5.567 5.966 4.995
0.006 -0.40400 7.48000 0.8000000119 2.4187244405    0.800 -0.288  3.7356  4.524    0  0.000  0.538     0.00     0.00     0.00     0.00     0.00 -1 -3.96e-14      0.00 7.350e-01 2.590e-01 1.065e-03 2.907e-04 2.640e-03 -1.000 6.000e-03 5.491 5.418 5.793 4.869
0.006 -0.40400 7.48000 0.8139019608 2.4234909198    0.814 -0.243  3.7444  4.521    0  0.000  0.538     0.00     0.00     0.00     0.00     0.00 -1 -4.37e-14      0.00 7.350e-01 2.590e-01 1.065e-03 2.907e-04 2.640e-03 -1.000 6.000e-03 5.377 5.294 5.650 4.764
0.006 -0.40400 7.48000 0.8219258785 2.4261577903    0.822 -0.217  3.7495  4.520    0  0.000  0.538     0.00     0.00     0.00     0.00     0.00 -1 -4.62e-14      0.00 7.350e-01 2.590e-01 1.065e-03 2.907e-04 2.640e-03 -1.000 6.000e-03 5.312 5.225 5.570 4.706
0.006 -0.40400 7.48000 0.8287906647 2.4283923320    0.828 -0.200  3.7529  4.520    0  0.000  0.538     0.00     0.00     0.00     0.00     0.00 -1 -4.79e-14      0.00 7.350e-01 2.590e-01 1.065e-03 2.907e-04 2.640e-03 -1.000 6.000e-03 5.271 5.181 5.519 4.669
0.006 -0.40400 7.48000 0.8500000238 2.4350346840    0.850 -0.165  3.7609  4.527    0  0.000  0.538     0.00     0.00     0.00     0.00     0.00 -1 -5.11e-14      0.00 7.350e-01 2.590e-01 1.065e-03 2.907e-04 2.640e-03 -1.000 6.000e-03 5.181 5.087 5.409 4.592
0.006 -0.40400 7.48000 0.8876380324 2.4459284172    0.887 -0.115  3.7736  4.547    0  0.000  0.537     0.00     0.00     0.00     0.00     0.00 -1 -5.52e-14      0.00 7.350e-01 2.590e-01 1.064e-03 2.906e-04 2.640e-03 -1.000 6.000e-03 5.058 4.959 5.257 4.493
0.006 -0.40400 7.48000 0.8999999762 2.4492786016    0.899 -0.106  3.7761  4.554    0  0.000  0.537     0.00     0.00     0.00     0.00     0.00 -1 -5.57e-14      0.00 7.350e-01 2.590e-01 1.064e-03 2.906e-04 2.640e-03 -1.000 6.000e-03 5.034 4.935 5.227 4.474
0.006 -0.40400 7.48000 0.9168865681 2.4536875420    0.916 -0.094  3.7790  4.562    0  0.000  0.537     0.00     0.00     0.00     0.00     0.00 -1  -5.6e-14      0.00 7.350e-01 2.590e-01 1.064e-03 2.906e-04 2.640e-03 -1.000 5.978e-03 5.005 4.906 5.192 4.452
0.006 -0.40400 7.48000 0.9499999881 2.4618121868    0.950 -0.043  3.7857  4.554    0  0.000  0.537     0.00     0.00     0.00     0.00     0.00 -1 -6.23e-14      0.00 7.351e-01 2.590e-01 1.064e-03 2.906e-04 2.640e-03 -1.000 5.930e-03 4.878 4.780 5.053 4.341
0.006 -0.40400 7.48000 0.9531899095 2.4625606516    0.953 -0.039  3.7863  4.553    0  0.000  0.537     0.00     0.00     0.00     0.00     0.00 -1 -6.28e-14      0.00 7.351e-01 2.590e-01 1.064e-03 2.906e-04 2.640e-03 -1.000 5.936e-03 4.868 4.770 5.042 4.332
0.006 -0.40400 7.48000 0.9984362125 2.4725875117    0.999  0.026  3.7943  4.540    0  0.000  0.538     0.00     0.00     0.00     0.00     0.00 -1 -7.22e-14      0.00 7.351e-01 2.589e-01 1.064e-03 2.905e-04 2.639e-03 -1.000 6.000e-03 4.704 4.607 4.864 4.188
0.006 -0.40400 7.48000 1.0000000000 2.4729154477    1.000  0.030  3.7946  4.539    0  0.000  0.538     0.00     0.00     0.00     0.00     0.00 -1 -7.27e-14      0.00 7.351e-01 2.589e-01 1.064e-03 2.905e-04 2.639e-03 -1.000 6.000e-03 4.696 4.600 4.855 4.181
0.006 -0.40400 7.48000 1.0204558372 2.4770989379    1.020  0.071  3.7990  4.523    0  0.000  0.538     0.00     0.00     0.00     0.00     0.00 -1 -7.82e-14      0.00 7.351e-01 2.589e-01 1.064e-03 2.905e-04 2.639e-03 -1.000 6.000e-03 4.591 4.496 4.744 4.087
0.006 -0.40400 7.48000 1.0499999523 2.4828114860    1.050  0.131  3.8053  4.501    0  0.000  0.537     0.00     0.00     0.00     0.00     0.00 -1 -8.68e-14      0.00 7.352e-01 2.588e-01 1.064e-03 2.905e-04 2.639e-03 -1.000 6.000e-03 4.443 4.350 4.587 3.956
0.006 -0.40400 7.48000 1.1000000238 2.4916801480    1.099  0.229  3.8158  4.465    0  0.000  0.538     0.00     0.00     0.00     0.00     0.00 -1 -1.02e-13      0.00 7.352e-01 2.588e-01 1.064e-03 2.905e-04 2.638e-03 -1.000 6.000e-03 4.198 4.108 4.326 3.738
0.006 -0.40400 7.48000 1.1499999762 2.4996678137    1.149  0.320  3.8262  4.435    0  0.000  0.538     0.00     0.00     0.00     0.00     0.00 -1 -1.17e-13      0.00 7.353e-01 2.587e-01 1.064e-03 2.904e-04 2.638e-03 -1.000 6.000e-03 3.969 3.882 4.083 3.535
0.006 -0.40400 7.48000 1.1587659121 2.5009867724    1.158  0.336  3.8282  4.430    0  0.000  0.538     0.00     0.00     0.00     0.00     0.00 -1 -1.19e-13      0.00 7.353e-01 2.587e-01 1.064e-03 2.904e-04 2.638e-03 -1.000 6.000e-03 3.929 3.843 4.041 3.500
0.006 -0.40400 7.48000 1.2000000477 2.5068948796    1.200  0.407  3.8366  4.409    0  0.000  0.538     0.00     0.00     0.00     0.00     0.00 -1  -1.3e-13      0.00 7.353e-01 2.587e-01 1.064e-03 2.904e-04 2.638e-03 -1.000 5.998e-03 3.754 3.670 3.854 3.346
0.006 -0.40400 7.48000 1.2500000000 2.5134610955    1.250  0.488  3.8478  4.390    0  0.000  0.538     0.00     0.00     0.00     0.00     0.00 -1 -1.42e-13      0.00 7.353e-01 2.587e-01 1.064e-03 2.904e-04 2.638e-03 -1.000 6.000e-03 3.550 3.469 3.637 3.171
0.006 -0.40400 7.48000 1.2999999523 2.5194498592    1.300  0.564  3.8609  4.383    0  0.000  0.538     0.00     0.00     0.00     0.00     0.00 -1 -1.49e-13      0.00 7.353e-01 2.587e-01 1.064e-03 2.904e-04 2.638e-03 -1.000 5.992e-03 3.359 3.283 3.431 3.015
0.006 -0.40400 7.48000 1.3500001431 2.5249313723    1.350  0.637  3.8758  4.386    0  0.000  0.538     0.00     0.00     0.00     0.00     0.00 -1 -1.51e-13      0.00 7.354e-01 2.586e-01 1.063e-03 2.904e-04 2.638e-03 -1.000 5.990e-03 3.176 3.108 3.235 2.876
0.006 -0.40400 7.48000 1.4000000954 2.5299650415    1.400  0.706  3.8917  4.397    0  0.000  0.538     0.00     0.00     0.00     0.00     0.00 -1 -1.47e-13      0.00 7.353e-01 2.587e-01 1.063e-03 2.903e-04 2.637e-03 -1.000 6.000e-03 3.004 2.947 3.051 2.752
0.006 -0.40400 7.48000 1.4500000477 2.5346015836    1.450  0.772  3.9072  4.408    0  0.000  0.538     0.00     0.00     0.00     0.00     0.00 -1 -1.38e-13      0.00 7.353e-01 2.587e-01 1.063e-03 2.903e-04 2.637e-03 -1.000 5.991e-03 2.839 2.796 2.879 2.640
0.006 -0.40400 7.48000 1.4993140697 2.5388279232    1.499  0.835  3.9216  4.417    0  0.000  0.538     0.00     0.00     0.00     0.00     0.00 -1 -1.25e-13      0.00 7.354e-01 2.586e-01 1.063e-03 2.903e-04 2.637e-03 -1.000 6.000e-03 2.681 2.657 2.721 2.537
0.006 -0.40400 7.48000 1.5000000000 2.5388844597    1.500  0.836  3.9218  4.417    0  0.000  0.538     0.00     0.00     0.00     0.00     0.00 -1 -1.25e-13      0.00 7.354e-01 2.586e-01 1.063e-03 2.903e-04 2.637e-03 -1.000 6.000e-03 2.679 2.656 2.719 2.535
0.006 -0.40400 7.48000 1.5499999523 2.5428511323    1.550  0.896  3.9355  4.426    0  0.000  0.538     0.00     0.00     0.00     0.00     0.00 -1 -1.05e-13      0.00 7.354e-01 2.586e-01 1.063e-03 2.903e-04 2.637e-03 -1.000 5.986e-03 2.529 2.533 2.579 2.445
0.006 -0.40400 7.48000 1.6000000238 2.5465340628    1.600  0.955  3.9485  4.433    0  0.000  0.538     0.00     0.00     0.00     0.00     0.00 -1 -7.83e-14      0.00 7.355e-01 2.585e-01 1.063e-03 2.903e-04 2.636e-03 -1.000 6.000e-03 2.382 2.421 2.454 2.360
0.006 -0.40400 7.48000 1.6499999762 2.5499614773    1.649  1.011  3.9609  4.440    0  0.000  0.538     0.00     0.00     0.00     0.00     0.00 -1 -4.36e-14      0.00 7.355e-01 2.585e-01 1.063e-03 2.903e-04 2.636e-03 -1.000 5.991e-03 2.242 2.321 2.342 2.281
0.006 -0.40400 7.48000 1.7000000477 2.5531580802    1.699  1.064  3.9724  4.446    0  0.000  0.537     0.00     0.00     0.00     0.00     0.00 -1    -1e-30      0.00 7.355e-01 2.585e-01 1.063e-03 2.902e-04 2.636e-03 -1.000 5.981e-03 2.110 2.231 2.243 2.209
0.006 -0.40400 7.48000 1.7500000000 2.5561455243    1.749  1.116  3.9834  4.451    0  0.000  0.537     0.00     0.00     0.00     0.00     0.00 -1    -1e-30      0.00 7.355e-01 2.585e-01 1.063e-03 2.902e-04 2.636e-03 -1.000 6.000e-03 1.981 2.147 2.151 2.140
0.006 -0.40400 7.48000 1.7999999523 2.5589429085    1.799  1.166  3.9940  4.455    0  0.000  0.537     0.00     0.00     0.00     0.00     0.00 -1    -1e-30      0.00 7.355e-01 2.585e-01 1.063e-03 2.902e-04 2.636e-03 -1.000 6.000e-03 1.854 2.065 2.063 2.071
0.006 -0.40400 7.48000 1.8473684788 2.5614330735    1.846  1.211  4.0033  4.458    0  0.000  0.537     0.00     0.00     0.00     0.00     0.00 -1    -1e-30      0.00 7.355e-01 2.585e-01 1.062e-03 2.902e-04 2.636e-03 -1.000 6.000e-03 1.742 1.995 1.987 2.011
0.006 -0.40400 7.48000 1.8947367668 2.5637805846    1.894  1.255  4.0120  4.461    1  0.000  0.537     0.00     0.00     0.00     0.00     0.00 -1    -1e-30      0.00 7.355e-01 2.585e-01 1.062e-03 2.902e-04 2.636e-03 -1.000 6.000e-03 1.633 1.927 1.915 1.952
0.006 -0.40400 7.48000 1.9421052933 2.5659969039    1.941  1.297  4.0205  4.463    0  0.000  0.537     0.00     0.00     0.00     0.00     0.00 -1    -1e-30      0.00 7.355e-01 2.585e-01 1.062e-03 2.902e-04 2.636e-03 -1.000 5.999e-03 1.527 1.861 1.845 1.894
0.006 -0.40400 7.48000 1.9894737005 2.5680922856    1.989  1.338  4.0286  4.465    1  0.000  0.537     0.00     0.00     0.00     0.00     0.00 -1    -1e-30      0.00 7.356e-01 2.584e-01 1.062e-03 2.902e-04 2.636e-03 -1.000 6.000e-03 1.424 1.798 1.778 1.838
0.006 -0.40400 7.48000 2.0368421078 2.5700759835    2.036  1.378  4.0362  4.465    0  0.000  0.537     0.00     0.00     0.00     0.00     0.00 -1    -1e-30      0.00 7.356e-01 2.584e-01 1.062e-03 2.901e-04 2.636e-03 -1.000 6.000e-03 1.324 1.737 1.713 1.783
0.006 -0.40400 7.48000 2.0842103958 2.5719563403    2.083  1.417  4.0435  4.466    1  0.000  0.537     0.00     0.00     0.00     0.00     0.00 -1    -1e-30      0.00 7.356e-01 2.584e-01 1.062e-03 2.902e-04 2.636e-03 -1.000 6.000e-03 1.228 1.677 1.650 1.729
0.006 -0.40400 7.48000 2.1315791607 2.5737409310    2.130  1.455  4.0505  4.465    1  0.000  0.538     0.00     0.00     0.00     0.00     0.00 -1    -1e-30      0.00 7.356e-01 2.584e-01 1.063e-03 2.902e-04 2.636e-03 -1.000 6.000e-03 1.133 1.618 1.588 1.675
0.006 -0.40400 7.48000 2.1789474487 2.5754365685    2.178  1.492  4.0572  4.465    1  0.000  0.538     0.00     0.00     0.00     0.00     0.00 -1    -1e-30      0.00 7.356e-01 2.584e-01 1.063e-03 2.901e-04 2.635e-03 -1.000 6.000e-03 1.040 1.561 1.529 1.622
0.006 -0.40400 7.48000 2.2263157368 2.5770494954    2.225  1.528  4.0636  4.464    1  0.000  0.538     0.00     0.00     0.00     0.00     0.00 -1    -1e-30      0.00 7.356e-01 2.584e-01 1.063e-03 2.901e-04 2.635e-03 -1.000 6.000e-03 0.951 1.505 1.470 1.571
0.006 -0.40400 7.48000 2.2736840248 2.5785853799    2.272  1.563  4.0700  4.463    1  0.000  0.538     0.00     0.00     0.00     0.00     0.00 -1    -1e-30      0.00 7.356e-01 2.584e-01 1.062e-03 2.901e-04 2.635e-03 -1.000 5.993e-03 0.862 1.450 1.412 1.520
0.006 -0.40400 7.48000 2.3210525513 2.5800494018    2.320  1.597  4.0758  4.461    1  0.000  0.538     0.00     0.00     0.00     0.00     0.00 -1    -1e-30      0.00 7.357e-01 2.583e-01 1.062e-03 2.901e-04 2.635e-03 -1.000 6.000e-03 0.777 1.396 1.357 1.470
0.006 -0.40400 7.48000 2.3684210777 2.5814462823    2.367  1.631  4.0819  4.461    1  0.000  0.538     0.00     0.00     0.00     0.00     0.00 -1    -1e-30      0.00 7.356e-01 2.584e-01 1.063e-03 2.901e-04 2.635e-03 -1.000 6.000e-03 0.692 1.344 1.302 1.421
0.006 -0.40400 7.48000 2.5578947067 2.5864438610    2.556  1.757  4.1029  4.453    1  0.000  0.538     0.00     0.00     0.00     0.00     0.00 -1    -1e-30      0.00 7.352e-01 2.588e-01 1.064e-03 2.906e-04 2.640e-03 -1.000 6.000e-03 0.378 1.145 1.096 1.235
0.006 -0.40400 7.48000 2.7473683357 2.5906571649    2.746  1.874  4.1220  4.443    1  0.000  0.538     0.00     0.00     0.00     0.00     0.00 -1    -1e-30      0.00 7.350e-01 2.590e-01 1.065e-03 2.907e-04 2.641e-03 -1.000 6.000e-03 0.085 0.958 0.903 1.059
0.006 -0.40400 7.48000 2.8287854195 2.5922695231    2.828  1.922  4.1296  4.438    1  0.000  0.538     0.00     0.00     0.00     0.00     0.00 -1    -1e-30      0.00 7.350e-01 2.590e-01 1.065e-03 2.907e-04 2.641e-03 -1.000 6.000e-03 -0.035 0.881 0.825 0.987
0.006 -0.40400 7.48000 2.9368422031 2.5942514910    2.936  1.984  4.1395  4.432    1  0.000  0.538     0.00     0.00     0.00     0.00     0.00 -1    -1e-30      0.00 7.350e-01 2.590e-01 1.065e-03 2.907e-04 2.641e-03 -1.000 6.000e-03 -0.189 0.783 0.723 0.894
0.006 -0.40400 7.48000 3.1125752926 2.5971393428    3.111  2.079  4.1546  4.422    1  0.000  0.538     0.00     0.00     0.00     0.00     0.00 -1    -1e-30      0.00 7.350e-01 2.590e-01 1.065e-03 2.907e-04 2.641e-03 -1.000 6.000e-03 -0.428 0.631 0.566 0.751
0.006 -0.40400 7.48000 3.1263158321 2.5973494584    3.125  2.086  4.1557  4.421    1  0.000  0.538     0.00     0.00     0.00     0.00     0.00 -1    -1e-30      0.00 7.350e-01 2.590e-01 1.065e-03 2.907e-04 2.641e-03 -1.000 6.000e-03 -0.446 0.619 0.555 0.740
0.006 -0.40400 7.48000 3.3157896996 2.6000438424    3.313  2.183  4.1709  4.410    1  0.000  0.538     0.00     0.00     0.00     0.00     0.00 -1    -1e-30      0.00 7.350e-01 2.590e-01 1.065e-03 2.907e-04 2.641e-03 -1.000 6.000e-03 -0.688 0.465 0.396 0.594
0.006 -0.40400 7.48000 3.5013377666 2.6023600584    3.498  2.273  4.1844  4.399    1  0.000  0.538     0.00     0.00     0.00     0.00     0.00 -1    -1e-30      0.00 7.350e-01 2.590e-01 1.065e-03 2.907e-04 2.641e-03 -1.000 6.000e-03 -0.912 0.321 0.247 0.457
0.006 -0.40400 7.48000 3.5052630901 2.6024060213    3.502  2.275  4.1847  4.399    1  0.000  0.538     0.00     0.00     0.00     0.00     0.00 -1    -1e-30      0.00 7.350e-01 2.590e-01 1.065e-03 2.907e-04 2.641e-03 -1.000 6.000e-03 -0.916 0.318 0.244 0.455
0.006 -0.40400 7.48000 3.6947369576 2.6044917793    3.691  2.362  4.1979  4.387    1  0.000  0.538     0.00     0.00     0.00     0.00     0.00 -1    -1e-30      0.00 7.350e-01 2.590e-01 1.065e-03 2.907e-04 2.641e-03 -1.000 6.000e-03 -1.134 0.178 0.101 0.322
0.006 -0.40400 7.48000 3.8101391792 2.6056459039    3.807  2.412  4.2056  4.381    1  0.000  0.538     0.00     0.00     0.00     0.00     0.00 -1    -1e-30      0.00 7.350e-01 2.590e-01 1.065e-03 2.907e-04 2.641e-03 -1.000 6.000e-03 -1.261 0.096 0.017 0.245
0.006 -0.40400 7.48000 3.8842105865 2.6063452704    3.882  2.444  4.2103  4.376    1  0.000  0.538     0.00     0.00     0.00     0.00     0.00 -1    -1e-30      0.00 7.350e-01 2.590e-01 1.065e-03 2.907e-04 2.641e-03 -1.000 6.000e-03 -1.341 0.045 -0.037 0.196
0.006 -0.40400 7.48000 4.0736842155 2.6080018916    4.072  2.523  4.2220  4.365    1  0.000  0.538     0.00     0.00     0.00     0.00     0.00 -1    -1e-30      0.00 7.350e-01 2.590e-01 1.065e-03 2.907e-04 2.641e-03 -1.000 6.000e-03 -1.538 -0.084 -0.168 0.074
0.006 -0.40400 7.48000 4.2631587982 2.6094903264    4.260  2.599  4.2330  4.352    1  0.000  0.538     0.00     0.00     0.00     0.00     0.00 -1    -1e-30      0.00 7.350e-01 2.590e-01 1.065e-03 2.907e-04 2.641e-03 -1.000 6.000e-03 -1.727 -0.208 -0.296 -0.045
0.006 -0.40400 7.48000 4.4148149490 2.6105764129    4.411  2.657  4.2413  4.343    1  0.000  0.538     0.00     0.00     0.00     0.00     0.00 -1    -1e-30      0.00 7.350e-01 2.590e-01 1.065e-03 2.907e-04 2.641e-03 -1.000 6.000e-03 -1.873 -0.305 -0.395 -0.137
0.006 -0.40400 7.48000 4.4526314735 2.6108340176    4.449  2.672  4.2434  4.340    1  0.000  0.538     0.00     0.00     0.00     0.00     0.00 -1    -1e-30      0.00 7.350e-01 2.590e-01 1.065e-03 2.907e-04 2.641e-03 -1.000 6.000e-03 -1.909 -0.329 -0.419 -0.159
0.006 -0.40400 7.48000 4.6421055794 2.6120523611    4.639  2.742  4.2532  4.327    1  0.000  0.538     0.00     0.00     0.00     0.00     0.00 -1    -1e-30      0.00 7.350e-01 2.590e-01 1.065e-03 2.907e-04 2.641e-03 -1.000 6.000e-03 -2.084 -0.446 -0.540 -0.271
0.006 -0.40400 7.48000 4.7645640373 2.6127807748    4.762  2.786  4.2592  4.319    1  0.000  0.538     0.00     0.00     0.00     0.00     0.00 -1    -1e-30      0.00 7.350e-01 2.590e-01 1.065e-03 2.907e-04 2.641e-03 -1.000 6.000e-03 -2.194 -0.520 -0.615 -0.342
0.006 -0.40400 7.48000 4.8315792084 2.6131614690    4.829  2.809  4.2625  4.314    1  0.000  0.538     0.00     0.00     0.00     0.00     0.00 -1    -1e-30      0.00 7.350e-01 2.590e-01 1.065e-03 2.907e-04 2.641e-03 -1.000 6.000e-03 -2.253 -0.561 -0.657 -0.380
0.006 -0.40400 7.48000 4.9694738388 2.6139077932    4.968  2.857  4.2688  4.304    1  0.000  0.538     0.00     0.00     0.00     0.00     0.00 -1    -1e-30      0.00 7.350e-01 2.590e-01 1.065e-03 2.907e-04 2.641e-03 -1.000 6.000e-03 -2.373 -0.643 -0.741 -0.459
0.006 -0.40400 7.48000 5.0210523605 2.6141748657    5.020  2.875  4.2711  4.300    1  0.000  0.538     0.00     0.00     0.00     0.00     0.00 -1    -1e-30      0.00 7.350e-01 2.590e-01 1.065e-03 2.907e-04 2.641e-03 -1.000 6.000e-03 -2.417 -0.674 -0.772 -0.489
0.006 -0.40400 7.48000 5.2105264664 2.6151039795    5.210  2.939  4.2794  4.286    1  0.000  0.538     0.00     0.00     0.00     0.00     0.00 -1    -1e-30      0.00 7.350e-01 2.590e-01 1.065e-03 2.907e-04 2.641e-03 -1.000 6.000e-03 -2.576 -0.785 -0.886 -0.595
0.006 -0.40400 7.48000 5.3232312202 2.6156207078    5.323  2.975  4.2841  4.277    1  0.000  0.538     0.00     0.00     0.00     0.00     0.00 -1    -1e-30      0.00 7.350e-01 2.590e-01 1.065e-03 2.907e-04 2.641e-03 -1.000 6.000e-03 -2.669 -0.851 -0.953 -0.658
0.006 -0.40400 7.48000 5.4000000954 2.6159585105    5.401  3.000  4.2872  4.271    1  0.000  0.538     0.00     0.00     0.00     0.00     0.00 -1    -1e-30      0.00 7.350e-01 2.590e-01 1.065e-03 2.907e-04 2.641e-03 -1.000 6.000e-03 -2.731 -0.895 -0.998 -0.701
0.006 -0.40400 7.48000 5.4384675026 2.6161236581    5.439  3.013  4.2887  4.267    1  0.000  0.538     0.00     0.00     0.00     0.00     0.00 -1    -1e-30      0.00 7.350e-01 2.590e-01 1.065e-03 2.907e-04 2.641e-03 -1.000 6.000e-03 -2.762 -0.917 -1.021 -0.722
0.006 -0.40400 7.48000 5.5999999046 2.6167887565    5.601  3.065  4.2948  4.253    1  0.000  0.538     0.00     0.00     0.00     0.00     0.00 -1    -1e-30      0.00 7.350e-01 2.590e-01 1.065e-03 2.907e-04 2.641e-03 -1.000 6.000e-03 -2.891 -1.011 -1.117 -0.813
0.006 -0.40400 7.48000 5.7577066422 2.6173968725    5.758  3.114  4.3005  4.239    1  0.000  0.538     0.00     0.00     0.00     0.00     0.00 -1    -1e-30      0.00 7.350e-01 2.590e-01 1.065e-03 2.907e-04 2.641e-03 -1.000 6.000e-03 -3.014 -1.102 -1.209 -0.900
0.006 -0.40400 7.48000 5.8000001907 2.6175535027    5.801  3.127  4.3020  4.235    1  0.000  0.538     0.00     0.00     0.00     0.00     0.00 -1    -1e-30      0.00 7.350e-01 2.590e-01 1.065e-03 2.907e-04 2.641e-03 -1.000 6.000e-03 -3.047 -1.126 -1.233 -0.924
0.006 -0.40400 7.48000 5.8561458588 2.6177574187    5.857  3.144  4.3039  4.229    1  0.000  0.538     0.00     0.00     0.00     0.00     0.00 -1    -1e-30      0.00 7.350e-01 2.590e-01 1.065e-03 2.907e-04 2.641e-03 -1.000 6.000e-03 -3.090 -1.158 -1.266 -0.955
0.006 -0.40400 7.48000 6.0000000000 2.6182599138    6.000  3.188  4.3086  4.215    1  0.000  0.538     0.00     0.00     0.00     0.00     0.00 -1    -1e-30      0.00 7.350e-01 2.590e-01 1.065e-03 2.907e-04 2.641e-03 -1.000 6.000e-03 -3.200 -1.241 -1.351 -1.035
0.006 -0.40400 7.48000 6.1096181870 2.6186246059    6.110  3.221  4.3121  4.204    1  0.000  0.538     0.00     0.00     0.00     0.00     0.00 -1    -1e-30      0.00 7.350e-01 2.590e-01 1.065e-03 2.907e-04 2.641e-03 -1.000 6.000e-03 -3.282 -1.304 -1.414 -1.096
0.006 -0.40400 7.48000 6.1999998093 2.6189141709    6.200  3.248  4.3148  4.194    1  0.000  0.538     0.00     0.00     0.00     0.00     0.00 -1    -1e-30      0.00 7.350e-01 2.590e-01 1.065e-03 2.907e-04 2.641e-03 -1.000 6.000e-03 -3.349 -1.356 -1.467 -1.146
0.006 -0.40400 7.48000 6.3020157814 2.6192295620    6.301  3.278  4.3177  4.183    1  0.000  0.538     0.00     0.00     0.00     0.00     0.00 -1    -1e-30      0.00 7.350e-01 2.590e-01 1.065e-03 2.907e-04 2.641e-03 -1.000 6.000e-03 -3.425 -1.415 -1.527 -1.203
0.006 -0.40400 7.48000 6.4000000954 2.6195216279    6.399  3.307  4.3204  4.171    1  0.000  0.538     0.00     0.00     0.00     0.00     0.00 -1    -1e-30      0.00 7.350e-01 2.590e-01 1.065e-03 2.907e-04 2.641e-03 -1.000 6.000e-03 -3.497 -1.472 -1.585 -1.260
0.006 -0.40400 7.48000 6.4264597893 2.6195987432    6.425  3.314  4.3211  4.168    1  0.000  0.538     0.00     0.00     0.00     0.00     0.00 -1    -1e-30      0.00 7.350e-01 2.590e-01 1.065e-03 2.907e-04 2.641e-03 -1.000 6.000e-03 -3.516 -1.488 -1.601 -1.274
0.006 -0.40400 7.48000 6.6128301620 2.6201218661    6.610  3.369  4.3256  4.144    1  0.000  0.538     0.00     0.00     0.00     0.00     0.00 -1    -1e-30      0.00 7.350e-01 2.590e-01 1.065e-03 2.907e-04 2.641e-03 -1.000 6.000e-03 -3.652 -1.598 -1.713 -1.383
0.006 -0.40400 7.48000 6.7851762772 2.6205763294    6.782  3.419  4.3294  4.120    1  0.000  0.538     0.00     0.00     0.00     0.00     0.00 -1    -1e-30      0.00 7.350e-01 2.590e-01 1.065e-03 2.907e-04 2.641e-03 -1.000 6.000e-03 -3.776 -1.703 -1.818 -1.485
0.006 -0.40400 7.48000 6.9455480576 2.6209760041    6.941  3.465  4.3325  4.097    1  0.000  0.538     0.00     0.00     0.00     0.00     0.00 -1    -1e-30      0.00 7.350e-01 2.590e-01 1.065e-03 2.907e-04 2.641e-03 -1.000 6.000e-03 -3.892 -1.801 -1.918 -1.582
0.006 -0.40400 7.48000 7.0000000000 2.6211069280    6.996  3.480  4.3334  4.088    1  0.000  0.538     0.00     0.00     0.00     0.00     0.00 -1    -1e-30      0.00 7.350e-01 2.590e-01 1.065e-03 2.907e-04 2.641e-03 -1.000 6.000e-03 -3.931 -1.835 -1.952 -1.615
0.006 -0.40400 7.48000 7.0507030487 2.6212267494    7.047  3.495  4.3343  4.081    1  0.000  0.538     0.00     0.00     0.00     0.00     0.00 -1    -1e-30      0.00 7.350e-01 2.590e-01 1.065e-03 2.907e-04 2.641e-03 -1.000 6.000e-03 -3.966 -1.866 -1.983 -1.646
0.006 -0.40400 7.48000 7.2173848152 2.6216070443    7.214  3.542  4.3365  4.053    1  0.000  0.538     0.00     0.00     0.00     0.00     0.00 -1    -1e-30      0.00 7.350e-01 2.590e-01 1.065e-03 2.907e-04 2.641e-03 -1.000 6.000e-03 -4.084 -1.973 -2.090 -1.751
0.006 -0.40400 7.48000 7.4209775925 2.6220450045    7.419  3.600  4.3384  4.014    1  0.000  0.538     0.00     0.00     0.00     0.00     0.00 -1    -1e-30      0.00 7.350e-01 2.590e-01 1.065e-03 2.907e-04 2.641e-03 -1.000 6.000e-03 -4.229 -2.109 -2.227 -1.886
0.006 -0.40400 7.48000 7.6201701164 2.6224475565    7.619  3.657  4.3391  3.972    1  0.000  0.538     0.00     0.00     0.00     0.00     0.00 -1    -1e-30      0.00 7.350e-01 2.590e-01 1.065e-03 2.907e-04 2.641e-03 -1.000 6.000e-03 -4.372 -2.249 -2.368 -2.026
0.006 -0.40400 7.48000 7.7869877815 2.6227665217    7.787  3.705  4.3387  3.931    1  0.000  0.538     0.00     0.00     0.00     0.00     0.00 -1    -1e-30      0.00 7.350e-01 2.590e-01 1.065e-03 2.907e-04 2.641e-03 -1.000 6.000e-03 -4.493 -2.375 -2.493 -2.151
0.006 -0.40400 7.48000 7.9389400482 2.6230436876    7.940  3.750  4.3371  3.888    1  0.000  0.538     0.00     0.00     0.00     0.00     0.00 -1    -1e-30      0.00 7.350e-01 2.590e-01 1.065e-03 2.907e-04 2.641e-03 -1.000 6.000e-03 -4.605 -2.499 -2.617 -2.276
0.006 -0.40400 7.48000 8.0000000000 2.6231516585    8.001  3.768  4.3361  3.869    1  0.000  0.538     0.00     0.00     0.00     0.00     0.00 -1    -1e-30      0.00 7.350e-01 2.590e-01 1.065e-03 2.907e-04 2.641e-03 -1.000 6.000e-03 -4.651 -2.550 -2.668 -2.328
0.006 -0.40400 7.48000 8.1764745712 2.6234533154    8.176  3.820  4.3324  3.812    1  0.000  0.538     0.00     0.00     0.00     0.00     0.00 -1    -1e-30      0.00 7.350e-01 2.590e-01 1.065e-03 2.907e-04 2.641e-03 -1.000 6.000e-03 -4.780 -2.703 -2.820 -2.483
0.006 -0.40400 7.48000 8.3323459625 2.6237075691    8.331  3.867  4.3270  3.752    1  0.000  0.538     0.00     0.00     0.00     0.00     0.00 -1    -1e-30      0.00 7.350e-01 2.590e-01 1.065e-03 2.907e-04 2.641e-03 -1.000 6.000e-03 -4.897 -2.853 -2.969 -2.636
0.006 -0.40400 7.48000 8.4655427933 2.6239163263    8.463  3.908  4.3205  3.691    1  0.000  0.538     0.00     0.00     0.00     0.00     0.00 -1    -1e-30      0.00 7.350e-01 2.590e-01 1.065e-03 2.907e-04 2.641e-03 -1.000 6.000e-03 -5.000 -2.995 -3.109 -2.781
0.006 -0.40400 7.48000 8.5887336731 2.6241027879    8.585  3.947  4.3133  3.630    1  0.000  0.538     0.00     0.00     0.00     0.00     0.00 -1    -1e-30      0.00 7.350e-01 2.590e-01 1.065e-03 2.907e-04 2.641e-03 -1.000 6.000e-03 -5.097 -3.134 -3.247 -2.924
0.006 -0.40400 7.48000 8.6872711182 2.6242475645    8.683  3.980  4.3055  3.571    1  0.000  0.538     0.00     0.00     0.00     0.00     0.00 -1    -1e-30      0.00 7.350e-01 2.590e-01 1.065e-03 2.907e-04 2.641e-03 -1.000 6.000e-03 -5.180 -3.263 -3.374 -3.057
0.006 -0.40400 7.48000 8.7967948914 2.6244041138    8.792  4.020  4.2997  3.513    1  0.000  0.538     0.00     0.00     0.00     0.00     0.00 -1    -1e-30      0.00 7.350e-01 2.590e-01 1.065e-03 2.907e-04 2.641e-03 -1.000 6.000e-03 -5.279 -3.397 -3.506 -3.194
0.006 -0.40400 7.48000 8.8005990982 2.6244094709    8.796  4.021  4.2995  3.511    1  0.000  0.538     0.00     0.00     0.00     0.00     0.00 -1    -1e-30      0.00 7.350e-01 2.590e-01 1.065e-03 2.907e-04 2.641e-03 -1.000 6.000e-03 -5.283 -3.401 -3.511 -3.199
0.006 -0.40400 7.48000 8.8250179291 2.6244437313    8.820  4.032  4.3017  3.511    1  0.000  0.538     0.00     0.00     0.00     0.00     0.00 -1    -1e-30      0.00 7.350e-01 2.590e-01 1.065e-03 2.907e-04 2.641e-03 -1.000 6.000e-03 -5.309 -3.415 -3.525 -3.212
0.006 -0.40400 7.48000 8.8574695587 2.6244889260    8.852  4.051  4.3140  3.543    1  0.000  0.538     0.00     0.00     0.00     0.00     0.00 -1    -1e-30      0.00 7.350e-01 2.590e-01 1.065e-03 2.907e-04 2.641e-03 -1.000 6.000e-03 -5.357 -3.393 -3.506 -3.183
0.006 -0.40400 7.48000 8.8645467758 2.6244987317    8.859  4.062  4.3253  3.576    1  0.000  0.538     0.00     0.00     0.00     0.00     0.00 -1    -1e-30      0.00 7.350e-01 2.590e-01 1.065e-03 2.907e-04 2.641e-03 -1.000 6.000e-03 -5.385 -3.359 -3.475 -3.142
0.006 -0.40400 7.48000 8.8684015274 2.6245040651    8.863  4.076  4.3370  3.609    1  0.000  0.538     0.00     0.00     0.00     0.00     0.00 -1    -1e-30      0.00 7.350e-01 2.590e-01 1.065e-03 2.907e-04 2.641e-03 -1.000 6.000e-03 -5.421 -3.329 -3.448 -3.106
0.006 -0.40400 7.48000 8.8701105118 2.6245064279    8.865  4.092  4.3467  3.633    1  0.000  0.538     0.00     0.00     0.00     0.00     0.00 -1    -1e-30      0.00 7.350e-01 2.590e-01 1.065e-03 2.907e-04 2.641e-03 -1.000 6.000e-03 -5.459 -3.313 -3.435 -3.085
0.006 -0.40400 7.48000 8.8709325790 2.6245075641    8.865  4.102  4.3529  3.647    1  0.000  0.538     0.00     0.00     0.00     0.00     0.00 -1    -1e-30      0.00 7.350e-01 2.590e-01 1.065e-03 2.907e-04 2.641e-03 -1.000 6.000e-03 -5.486 -3.306 -3.429 -3.076
0.006 -0.40400 7.48000 8.8713426590 2.6245081308    8.866  4.089  4.3475  3.639    2  0.000  0.538     0.00     0.00     0.00     0.00     0.00 -1    -1e-30      0.00 7.350e-01 2.590e-01 1.065e-03 2.907e-04 2.641e-03 -1.000 6.000e-03 -5.452 -3.302 -3.424 -3.074
0.006 -0.40400 7.48000 8.8718738556 2.6245088647    8.866  4.071  4.3375  3.617    2  0.000  0.538     0.00     0.00     0.00     0.00     0.00 -1    -1e-30      0.00 7.350e-01 2.590e-01 1.065e-03 2.907e-04 2.641e-03 -1.000 6.000e-03 -5.407 -3.312 -3.431 -3.089
0.006 -0.40400 7.48000 8.8722209930 2.6245093443    8.867  4.062  4.3289  3.592    2  0.000  0.538     0.00     0.00     0.00     0.00     0.00 -1    -1e-30      0.00 7.350e-01 2.590e-01 1.065e-03 2.907e-04 2.641e-03 -1.000 6.000e-03 -5.384 -3.337 -3.454 -3.119
0.006 -0.40400 7.48000 8.8726129532 2.6245098858    8.867  4.058  4.3169  3.548    2  0.000  0.538     0.00     0.00     0.00     0.00     0.00 -1    -1e-30      0.00 7.350e-01 2.590e-01 1.065e-03 2.907e-04 2.641e-03 -1.000 6.000e-03 -5.374 -3.395 -3.509 -3.183
0.006 -0.40400 7.48000 8.8729743958 2.6245103851    8.867  4.061  4.3050  3.497    2  0.000  0.538     0.00     0.00     0.00     0.00     0.00 -1    -1e-30      0.00 7.350e-01 2.590e-01 1.065e-03 2.907e-04 2.641e-03 -1.000 6.000e-03 -5.382 -3.471 -3.581 -3.265
0.006 -0.40400 7.48000 8.8733224869 2.6245108659    8.868  4.068  4.2931  3.442    2  0.000  0.538     0.00     0.00     0.00     0.00     0.00 -1    -1e-30      0.00 7.350e-01 2.590e-01 1.065e-03 2.907e-04 2.641e-03 -1.000 6.000e-03 -5.401 -3.558 -3.666 -3.360
0.006 -0.40400 7.48000 8.8736610413 2.6245113334    8.868  4.077  4.2812  3.386    2  0.000  0.538     0.00     0.00     0.00     0.00     0.00 -1    -1e-30      0.00 7.350e-01 2.590e-01 1.065e-03 2.907e-04 2.641e-03 -1.000 6.000e-03 -5.422 -3.649 -3.753 -3.457
0.006 -0.40400 7.48000 8.8739910126 2.6245117891    8.868  4.085  4.2693  3.330    2  0.000  0.538     0.00     0.00     0.00     0.00     0.00 -1    -1e-30      0.00 7.350e-01 2.590e-01 1.065e-03 2.907e-04 2.641e-03 -1.000 6.000e-03 -5.442 -3.738 -3.839 -3.554
0.006 -0.40400 7.48000 8.8743143082 2.6245122355    8.869  4.092  4.2573  3.275    2  0.000  0.538     0.00     0.00     0.00     0.00     0.00 -1    -1e-30      0.00 7.350e-01 2.590e-01 1.065e-03 2.907e-04 2.641e-03 -1.000 6.000e-03 -5.460 -3.825 -3.923 -3.647
0.006 -0.40400 7.48000 8.8746280670 2.6245126687    8.869  4.098  4.2454  3.222    2  0.000  0.538     0.00     0.00     0.00     0.00     0.00 -1    -1e-30      0.00 7.350e-01 2.590e-01 1.065e-03 2.907e-04 2.641e-03 -1.000 6.000e-03 -5.475 -3.909 -4.003 -3.738
0.006 -0.40400 7.48000 8.8749313354 2.6245130874    8.870  4.103  4.2335  3.169    2  0.000  0.538     0.00     0.00     0.00     0.00     0.00 -1    -1e-30      0.00 7.350e-01 2.590e-01 1.065e-03 2.907e-04 2.641e-03 -1.000 6.000e-03 -5.487 -3.990 -4.081 -3.826
0.006 -0.40400 7.48000 8.8752250671 2.6245134929    8.870  4.107  4.2216  3.118    2  0.000  0.538     0.00     0.00     0.00     0.00     0.00 -1    -1e-30      0.00 7.350e-01 2.590e-01 1.065e-03 2.907e-04 2.641e-03 -1.000 6.000e-03 -5.496 -4.069 -4.156 -3.912
0.006 -0.40400 7.48000 8.8755073547 2.6245138826    8.870  4.109  4.2096  3.067    2  0.000  0.538     0.00     0.00     0.00     0.00     0.00 -1    -1e-30      0.00 7.350e-01 2.590e-01 1.065e-03 2.907e-04 2.641e-03 -1.000 6.000e-03 -5.504 -4.145 -4.229 -3.996
0.006 -0.40400 7.48000 8.8757791519 2.6245142577    8.870  4.112  4.1977  3.017    2  0.000  0.538     0.00     0.00     0.00     0.00     0.00 -1    -1e-30      0.00 7.350e-01 2.590e-01 1.065e-03 2.907e-04 2.641e-03 -1.000 6.000e-03 -5.509 -4.220 -4.300 -4.078
0.006 -0.40400 7.48000 8.8760375977 2.6245146144    8.870  4.113  4.1858  2.968    2  0.000  0.538     0.00     0.00     0.00     0.00     0.00 -1    -1e-30      0.00 7.350e-01 2.590e-01 1.065e-03 2.907e-04 2.641e-03 -1.000 6.000e-03 -5.513 -4.293 -4.369 -4.158
0.006 -0.40400 7.48000 8.8762855530 2.6245149566    8.871  4.114  4.1738  2.919    2  0.000  0.538     0.00     0.00     0.00     0.00     0.00 -1    -1e-30      0.00 7.350e-01 2.590e-01 1.065e-03 2.907e-04 2.641e-03 -1.000 6.000e-03 -5.516 -4.364 -4.437 -4.237
0.006 -0.40400 7.48000 8.8765230179 2.6245152843    8.871  4.115  4.1619  2.870    2  0.000  0.538     0.00     0.00     0.00     0.00     0.00 -1    -1e-30      0.00 7.350e-01 2.590e-01 1.065e-03 2.907e-04 2.641e-03 -1.000 6.000e-03 -5.517 -4.434 -4.503 -4.315
0.006 -0.40400 7.48000 8.8768033981 2.6245156712    8.871  4.115  4.1470  2.811    2  0.000  0.538     0.00     0.00     0.00     0.00     0.00 -1    -1e-30      0.00 7.350e-01 2.590e-01 1.065e-03 2.907e-04 2.641e-03 -1.000 6.000e-03 -5.518 -4.520 -4.584 -4.410
0.006 -0.40400 7.48000 8.8770170212 2.6245159660    8.871  4.115  4.1350  2.763    2  0.000  0.538     0.00     0.00     0.00     0.00     0.00 -1    -1e-30      0.00 7.350e-01 2.590e-01 1.065e-03 2.907e-04 2.641e-03 -1.000 6.000e-03 -5.518 -4.587 -4.647 -4.485
0.006 -0.40400 7.48000 8.8772192001 2.6245162450    8.872  4.115  4.1231  2.716    2  0.000  0.538     0.00     0.00     0.00     0.00     0.00 -1    -1e-30      0.00 7.350e-01 2.590e-01 1.065e-03 2.907e-04 2.641e-03 -1.000 6.000e-03 -5.516 -4.652 -4.708 -4.558
0.006 -0.40400 7.48000 8.8774137497 2.6245165134    8.872  4.114  4.1112  2.669    2  0.000  0.538     0.00     0.00     0.00     0.00     0.00 -1    -1e-30      0.00 7.350e-01 2.590e-01 1.065e-03 2.907e-04 2.641e-03 -1.000 6.000e-03 -5.514 -4.717 -4.769 -4.631
0.006 -0.40400 7.48000 8.8775978088 2.6245167673    8.872  4.113  4.0992  2.622    2  0.000  0.538     0.00     0.00     0.00     0.00     0.00 -1    -1e-30      0.00 7.350e-01 2.590e-01 1.065e-03 2.907e-04 2.641e-03 -1.000 6.000e-03 -5.512 -4.780 -4.828 -4.702
0.006 -0.40400 7.48000 8.8777723312 2.6245170081    8.872  4.111  4.0874  2.576    2  0.000  0.538     0.00     0.00     0.00     0.00     0.00 -1    -1e-30      0.00 7.350e-01 2.590e-01 1.065e-03 2.907e-04 2.641e-03 -1.000 6.000e-03 -5.509 -4.841 -4.885 -4.771
0.006 -0.40400 7.48000 8.8779382706 2.6245172370    8.872  4.110  4.0754  2.530    2  0.000  0.538     0.00     0.00     0.00     0.00     0.00 -1    -1e-30      0.00 7.350e-01 2.590e-01 1.065e-03 2.907e-04 2.641e-03 -1.000 6.000e-03 -5.505 -4.901 -4.941 -4.839
0.006 -0.40400 7.48000 8.8780965805 2.6245174554    8.873  4.108  4.0635  2.484    2  0.000  0.538     0.00     0.00     0.00     0.00     0.00 -1    -1e-30      0.00 7.350e-01 2.590e-01 1.065e-03 2.907e-04 2.641e-03 -1.000 6.000e-03 -5.500 -4.959 -4.995 -4.905
0.006 -0.40400 7.48000 8.8782463074 2.6245176619    8.873  4.106  4.0516  2.438    2  0.000  0.538     0.00     0.00     0.00     0.00     0.00 -1    -1e-30      0.00 7.350e-01 2.590e-01 1.065e-03 2.907e-04 2.641e-03 -1.000 6.000e-03 -5.496 -5.015 -5.046 -4.969
0.006 -0.40400 7.48000 8.8784246445 2.6245179079    8.873  4.104  4.0367  2.381    2  0.000  0.538     0.00     0.00     0.00     0.00     0.00 -1    -1e-30      0.00 7.350e-01 2.590e-01 1.065e-03 2.907e-04 2.641e-03 -1.000 6.000e-03 -5.489 -5.082 -5.108 -5.047
0.006 -0.40400 7.48000 8.8785581589 2.6245180920    8.873  4.101  4.0248  2.336    2  0.000  0.538     0.00     0.00     0.00     0.00     0.00 -1    -1e-30      0.00 7.350e-01 2.590e-01 1.065e-03 2.907e-04 2.641e-03 -1.000 6.000e-03 -5.484 -5.134 -5.155 -5.107
0.006 -0.40400 7.48000 8.8786849976 2.6245182670    8.873  4.099  4.0130  2.291    2  0.000  0.538     0.00     0.00     0.00     0.00     0.00 -1    -1e-30      0.00 7.350e-01 2.590e-01 1.065e-03 2.907e-04 2.641e-03 -1.000 6.000e-03 -5.478 -5.184 -5.201 -5.166
0.006 -0.40400 7.48000 8.8788061142 2.6245184340    8.873  4.096  4.0010  2.246    2  0.000  0.538     0.00     0.00     0.00     0.00     0.00 -1    -1e-30      0.00 7.350e-01 2.590e-01 1.065e-03 2.907e-04 2.641e-03 -1.000 6.000e-03 -5.471 -5.233 -5.245 -5.223
0.006 -0.40400 7.48000 8.8789215088 2.6245185932    8.873  4.094  3.9891  2.201    2  0.000  0.538     0.00     0.00     0.00     0.00     0.00 -1    -1e-30      0.00 7.350e-01 2.590e-01 1.065e-03 2.907e-04 2.641e-03 -1.000 6.000e-03 -5.465 -5.280 -5.287 -5.279
0.006 -0.40400 7.48000 8.8790311813 2.6245187444    8.874  4.091  3.9772  2.156    2  0.000  0.538     0.00     0.00     0.00     0.00     0.00 -1    -1e-30      0.00 7.350e-01 2.590e-01 1.065e-03 2.907e-04 2.641e-03 -1.000 6.000e-03 -5.458 -5.325 -5.328 -5.332
0.006 -0.40400 7.48000 8.8791360855 2.6245188891    8.874  4.088  3.9652  2.111    2  0.000  0.538     0.00     0.00     0.00     0.00     0.00 -1    -1e-30      0.00 7.350e-01 2.590e-01 1.065e-03 2.907e-04 2.641e-03 -1.000 6.000e-03 -5.450 -5.368 -5.366 -5.384
0.006 -0.40400 7.48000 8.8792371750 2.6245190285    8.874  4.085  3.9532  2.066    2  0.000  0.538     0.00     0.00     0.00     0.00     0.00 -1    -1e-30      0.00 7.350e-01 2.590e-01 1.065e-03 2.907e-04 2.641e-03 -1.000 6.000e-03 -5.443 -5.409 -5.402 -5.434
0.006 -0.40400 7.48000 8.8793325424 2.6245191600    8.874  4.082  3.9412  2.021    2  0.000  0.538     0.00     0.00     0.00     0.00     0.00 -1    -1e-30      0.00 7.350e-01 2.590e-01 1.065e-03 2.907e-04 2.641e-03 -1.000 6.000e-03 -5.435 -5.446 -5.433 -5.482
0.006 -0.40400 7.48000 8.8794240952 2.6245192862    8.874  4.079  3.9293  1.977    2  0.000  0.538     0.00     0.00     0.00     0.00     0.00 -1    -1e-30      0.00 7.350e-01 2.590e-01 1.065e-03 2.907e-04 2.641e-03 -1.000 6.000e-03 -5.427 -5.478 -5.459 -5.527
0.006 -0.40400 7.48000 8.8795118332 2.6245194072    8.874  4.075  3.9174  1.932    2  0.000  0.538     0.00     0.00     0.00     0.00     0.00 -1    -1e-30      0.00 7.350e-01 2.590e-01 1.065e-03 2.907e-04 2.641e-03 -1.000 6.000e-03 -5.418 -5.504 -5.475 -5.569
0.006 -0.40400 7.48000 8.8795948029 2.6245195216    8.874  4.072  3.9055  1.888    2  0.000  0.538     0.00     0.00     0.00     0.00     0.00 -1    -1e-30      0.00 7.350e-01 2.590e-01 1.065e-03 2.907e-04 2.641e-03 -1.000 6.000e-03 -5.410 -5.523 -5.484 -5.608
0.006 -0.40400 7.48000 8.8796730042 2.6245196295    8.874  4.068  3.8937  1.844    2  0.000  0.538     0.00     0.00     0.00     0.00     0.00 -1    -1e-30      0.00 7.350e-01 2.590e-01 1.065e-03 2.907e-04 2.641e-03 -1.000 6.000e-03 -5.401 -5.536 -5.485 -5.644
0.006 -0.40400 7.48000 8.8797483444 2.6245197333    8.874  4.065  3.8817  1.800    2  0.000  0.538     0.00     0.00     0.00     0.00     0.00 -1    -1e-30      0.00 7.350e-01 2.590e-01 1.065e-03 2.907e-04 2.641e-03 -1.000 6.000e-03 -5.391 -5.542 -5.476 -5.677
0.006 -0.40400 7.48000 8.8798198700 2.6245198320    8.874  4.061  3.8699  1.757    2  0.000  0.538     0.00     0.00     0.00     0.00     0.00 -1    -1e-30      0.00 7.350e-01 2.590e-01 1.065e-03 2.907e-04 2.641e-03 -1.000 6.000e-03 -5.382 -5.544 -5.461 -5.707
0.006 -0.40400 7.48000 8.8798885345 2.6245199266    8.874  4.057  3.8579  1.713    2  0.000  0.538     0.00     0.00     0.00     0.00     0.00 -1    -1e-30      0.00 7.350e-01 2.590e-01 1.065e-03 2.907e-04 2.641e-03 -1.000 6.000e-03 -5.372 -5.541 -5.439 -5.735
0.006 -0.40400 7.48000 8.8799524307 2.6245200147    8.874  4.053  3.8461  1.670    2  0.000  0.538     0.00     0.00     0.00     0.00     0.00 -1    -1e-30      0.00 7.350e-01 2.590e-01 1.065e-03 2.907e-04 2.641e-03 -1.000 6.000e-03 -5.361 -5.533 -5.411 -5.763
0.006 -0.40400 7.48000 8.8800144196 2.6245201002    8.875  4.048  3.8342  1.627    2  0.000  0.538     0.00     0.00     0.00     0.00     0.00 -1    -1e-30      0.00 7.350e-01 2.590e-01 1.065e-03 2.907e-04 2.641e-03 -1.000 6.000e-03 -5.350 -5.524 -5.378 -5.788
0.006 -0.40400 7.48000 8.8800868988 2.6245202001    8.875  4.042  3.8193  1.573    2  0.000  0.538     0.00     0.00     0.00     0.00     0.00 -1    -1e-30      0.00 7.350e-01 2.590e-01 1.065e-03 2.907e-04 2.641e-03 -1.000 6.000e-03 -5.336 -5.508 -5.332 -5.816
0.006 -0.40400 7.48000 8.8801422119 2.6245202764    8.875  4.037  3.8075  1.531    2  0.000  0.538     0.00     0.00     0.00     0.00     0.00 -1    -1e-30      0.00 7.350e-01 2.590e-01 1.065e-03 2.907e-04 2.641e-03 -1.000 6.000e-03 -5.323 -5.491 -5.290 -5.834
0.006 -0.40400 7.48000 8.8802080154 2.6245203671    8.875  4.031  3.7927  1.478    2  0.000  0.538     0.00     0.00     0.00     0.00     0.00 -1    -1e-30      0.00 7.350e-01 2.590e-01 1.065e-03 2.907e-04 2.641e-03 -1.000 6.000e-03 -5.307 -5.466 -5.233 -5.852
0.006 -0.40400 7.48000 8.8802576065 2.6245204355    8.875  4.025  3.7807  1.436    2  0.000  0.538     0.00     0.00     0.00     0.00     0.00 -1    -1e-30      0.00 7.350e-01 2.590e-01 1.065e-03 2.907e-04 2.641e-03 -1.000 6.000e-03 -5.293 -5.444 -5.183 -5.865
0.006 -0.40400 7.48000 8.8803052902 2.6245205012    8.875  4.019  3.7689  1.394    2  0.000  0.538     0.00     0.00     0.00     0.00     0.00 -1    -1e-30      0.00 7.350e-01 2.590e-01 1.065e-03 2.907e-04 2.641e-03 -1.000 6.000e-03 -5.279 -5.417 -5.125 -5.874
0.006 -0.40400 7.48000 8.8803501129 2.6245205630    8.875  4.013  3.7573  1.354    2  0.000  0.538     0.00     0.00     0.00     0.00     0.00 -1    -1e-30      0.00 7.350e-01 2.590e-01 1.065e-03 2.907e-04 2.641e-03 -1.000 6.000e-03 -5.263 -5.388 -5.068 -5.876
0.006 -0.40400 7.48000 8.8803949356 2.6245206248    8.875  4.007  3.7453  1.313    2  0.000  0.538     0.00     0.00     0.00     0.00     0.00 -1    -1e-30      0.00 7.350e-01 2.590e-01 1.065e-03 2.907e-04 2.641e-03 -1.000 6.000e-03 -5.246 -5.355 -5.005 -5.875
0.006 -0.40400 7.48000 8.8804473877 2.6245206971    8.875  3.997  3.7307  1.263    2  0.000  0.538     0.00     0.00     0.00     0.00     0.00 -1    -1e-30      0.00 7.350e-01 2.590e-01 1.065e-03 2.907e-04 2.641e-03 -1.000 6.000e-03 -5.223 -5.309 -4.922 -5.867
0.006 -0.40400 7.48000 8.8804903030 2.6245207563    8.875  3.989  3.7186  1.224    2  0.000  0.538     0.00     0.00     0.00     0.00     0.00 -1    -1e-30      0.00 7.350e-01 2.590e-01 1.065e-03 2.907e-04 2.641e-03 -1.000 6.000e-03 -5.202 -5.264 -4.846 -5.851
0.006 -0.40400 7.48000 8.8805370331 2.6245208207    8.875  3.978  3.7060  1.184    2  0.000  0.538     0.00     0.00     0.00     0.00     0.00 -1    -1e-30      0.00 7.350e-01 2.590e-01 1.065e-03 2.907e-04 2.641e-03 -1.000 6.000e-03 -5.175 -5.208 -4.757 -5.827
0.006 -0.40400 7.48000 8.8805913925 2.6245208956    8.875  3.964  3.6928  1.145    2  0.000  0.538     0.00     0.00     0.00     0.00     0.00 -1    -1e-30      0.00 7.350e-01 2.590e-01 1.065e-03 2.907e-04 2.641e-03 -1.000 6.000e-03 -5.140 -5.139 -4.653 -5.788
0.006 -0.40400 7.48000 8.8806610107 2.6245209916    8.875  3.943  3.6796  1.114    2  0.000  0.538     0.00     0.00     0.00     0.00     0.00 -1    -1e-30      0.00 7.350e-01 2.590e-01 1.065e-03 2.907e-04 2.641e-03 -1.000 6.000e-03 -5.087 -5.049 -4.527 -5.729
0.006 -0.40400 7.48000 8.8807868958 2.6245211651    8.875  3.910  3.6656  1.091    2  0.000  0.538     0.00     0.00     0.00     0.00     0.00 -1    -1e-30      0.00 7.350e-01 2.590e-01 1.065e-03 2.907e-04 2.641e-03 -1.000 6.000e-03 -5.005 -4.920 -4.360 -5.629
0.006 -0.40400 7.48000 8.8809108734 2.6245213360    8.875  3.886  3.6556  1.075    2  0.000  0.538     0.00     0.00     0.00     0.00     0.00 -1    -1e-30      0.00 7.350e-01 2.590e-01 1.065e-03 2.907e-04 2.641e-03 -1.000 6.000e-03 -4.945 -4.819 -4.231 -5.550
0.006 -0.40400 7.48000 8.8809509277 2.6245213912    8.875  3.879  3.6526  1.069    2  0.000  0.538     0.00     0.00     0.00     0.00     0.00 -1    -1e-30      0.00 7.350e-01 2.590e-01 1.065e-03 2.907e-04 2.641e-03 -1.000 6.000e-03 -4.929 -4.789 -4.192 -5.527
0.006 -0.40400 7.48000 8.8810329437 2.6245215043    8.875  3.892  3.6456  1.028    3  0.000  0.538    31.41    23.21    16.31    11.79     9.74  4    -1e-30      0.00 7.350e-01 2.590e-01 1.065e-03 2.908e-04 2.641e-03 -1.000 6.000e-03 -4.961 -4.788 -4.169 -5.543
0.006 -0.40400 7.48000 8.8811140060 2.6245216160    8.875  3.926  3.6379  0.964    3  0.000  0.534    36.40    26.08    18.23    13.19    10.91  4    -1e-30      0.00 7.350e-01 2.590e-01 1.058e-03 2.925e-04 2.641e-03 -1.000 6.000e-03 -5.045 -4.833 -4.187 -5.607
0.006 -0.40400 7.48000 8.8811712265 2.6245216949    8.876  3.967  3.6319  0.899    3  0.000  0.511    42.25    29.34    20.40    14.79    12.23  4    -1e-30      0.00 7.350e-01 2.590e-01 1.013e-03 3.274e-04 2.641e-03 -1.000 6.005e-03 -5.147 -4.902 -4.233 -5.693
0.006 -0.40400 7.48000 8.8812160492 2.6245217567    8.876  4.007  3.6268  0.839    3  0.000  0.472    48.48    32.71    22.63    16.44    13.60  4    -1e-30      0.00 7.349e-01 2.590e-01 9.354e-04 4.122e-04 2.641e-03 -1.000 6.070e-03 -5.247 -4.974 -4.284 -5.778
0.006 -0.40400 7.48000 8.8812389374 2.6245217882    8.876  4.028  3.6243  0.808    3  0.000  0.450    52.03    34.59    23.87    17.35    14.36  4    -1e-30      0.00 7.349e-01 2.590e-01 8.921e-04 4.630e-04 2.641e-03 -1.000 6.089e-03 -5.299 -5.011 -4.310 -5.822
0.006 -0.40400 7.48000 8.8812456131 2.6245217974    8.876  4.034  3.6236  0.799    3  0.000  0.445    53.15    35.18    24.26    17.64    14.60  4    -1e-30      0.00 7.349e-01 2.590e-01 8.816e-04 4.761e-04 2.641e-03 -1.000 6.089e-03 -5.315 -5.023 -4.319 -5.836
0.006 -0.40400 7.48000 8.8812599182 2.6245218171    8.876  4.048  3.6221  0.779    3  0.000  0.434    55.60    36.45    25.10    18.26    15.11  4    -1e-30      0.00 7.349e-01 2.590e-01 8.594e-04 5.036e-04 2.641e-03 -1.000 6.089e-03 -5.350 -5.048 -4.338 -5.866
0.006 -0.40400 7.48000 8.8812704086 2.6245218316    8.876  4.057  3.6210  0.765    3  0.000  0.426    57.38    37.37    25.70    18.70    15.48  4    -1e-30      0.00 7.349e-01 2.591e-01 8.445e-04 5.219e-04 2.641e-03 -1.000 6.000e-03 -5.373 -5.065 -4.351 -5.886
0.006 -0.40400 7.48000 8.8813142776 2.6245218921    8.876  4.096  3.6171  0.711    3  0.000  0.406    64.97    41.23    28.23    20.57    17.03  4    -1e-30      0.00 7.349e-01 2.591e-01 8.037e-04 5.725e-04 2.640e-03 -1.000 6.000e-03 -5.469 -5.136 -4.404 -5.969
0.006 -0.40400 7.48000 8.8813667297 2.6245219643    8.876  4.133  3.6133  0.659    3  0.000  0.391    73.21    45.31    30.89    22.54    18.67  4    -1e-30      0.00 7.349e-01 2.591e-01 7.749e-04 6.081e-04 2.640e-03 -1.000 6.000e-03 -5.562 -5.205 -4.455 -6.049
0.006 -0.40400 7.48000 8.8814554214 2.6245220866    8.876  4.174  3.6092  0.601    3  0.000  0.379    83.52    50.29    34.12    24.94    20.66  4    -1e-30      0.00 7.348e-01 2.591e-01 7.487e-04 6.436e-04 2.636e-03 -1.000 6.092e-03 -5.665 -5.282 -4.512 -6.138
0.006 -0.40400 7.48000 8.8816633224 2.6245223731    8.876  4.215  3.6052  0.544    3  0.000  0.374    95.04    55.69    37.62    27.54    22.81  4    -1e-30      0.00 7.337e-01 2.603e-01 7.238e-04 7.238e-04 2.580e-03 -1.000 6.009e-03 -5.767 -5.355 -4.565 -6.224
0.006 -0.40400 7.48000 8.8823890686 2.6245233732    8.877  4.256  3.6011  0.487    3  0.000  0.373   108.48    61.83    41.56    30.47    25.25  4    -1e-30      0.00 7.293e-01 2.647e-01 6.950e-04 8.447e-04 2.482e-03 -1.000 6.000e-03 -5.870 -5.430 -4.618 -6.311
0.006 -0.40400 7.48000 8.8836526871 2.6245251140    8.878  4.298  3.5972  0.430    3  0.000  0.373   123.61    68.55    45.87    33.68    27.92  4    -1e-30      0.00 7.223e-01 2.717e-01 6.706e-04 9.509e-04 2.396e-03 -1.000 6.000e-03 -5.974 -5.504 -4.669 -6.399
0.006 -0.40400 7.48000 8.8858919144 2.6245281975    8.880  4.312  3.5959  0.410    3  0.000  0.373   129.28    71.03    47.45    34.86    28.89  4    -1e-30      0.00 7.202e-01 2.738e-01 6.647e-04 9.765e-04 2.375e-03 -1.000 6.000e-03 -6.011 -5.531 -4.688 -6.430
0.006 -0.40400 7.48000 8.9194812775 2.6245742375    8.914  4.280  3.6001  0.460    4  0.000  0.373     0.00     0.00     0.00     0.00     0.00 -1    -1e-30      0.00 7.202e-01 2.738e-01 6.647e-04 9.765e-04 2.375e-03 -1.000 6.000e-03 -5.931 -5.483 -4.665 -6.368
0.006 -0.40400 7.48000 8.9495735168 2.6246151467    8.944  4.251  3.6037  0.505    4  0.000  0.373     0.00     0.00     0.00     0.00     0.00 -1    -1e-30      0.00 7.202e-01 2.738e-01 6.647e-04 9.764e-04 2.375e-03 -1.000 6.000e-03 -5.858 -5.436 -4.638 -6.310
0.006 -0.40400 7.48000 8.9790697098 2.6246549397    8.973  4.226  3.6073  0.547    4  0.000  0.373     0.00     0.00     0.00     0.00     0.00 -1    -1e-30      0.00 7.202e-01 2.738e-01 6.647e-04 9.764e-04 2.375e-03 -1.000 6.000e-03 -5.794 -5.396 -4.616 -6.259
0.006 -0.40400 7.48000 9.0000000000 2.6246829947    8.995  4.211  3.6097  0.572    4  0.000  0.373     0.00     0.00     0.00     0.00     0.00 -1    -1e-30      0.00 7.202e-01 2.738e-01 6.647e-04 9.764e-04 2.375e-03 -1.000 6.000e-03 -5.757 -5.377 -4.607 -6.232
0.006 -0.40400 7.48000 9.0484533310 2.6247473693    9.043  4.191  3.6148  0.614    4  0.000  0.373     0.00     0.00     0.00     0.00     0.00 -1    -1e-30      0.00 7.202e-01 2.738e-01 6.647e-04 9.766e-04 2.375e-03 -1.000 6.000e-03 -5.708 -5.360 -4.613 -6.202
0.006 -0.40400 7.48000 9.0973253250 2.6248115019    9.092  4.179  3.6197  0.649    4  0.000  0.373     0.00     0.00     0.00     0.00     0.00 -1    -1e-30      0.00 7.202e-01 2.738e-01 6.647e-04 9.768e-04 2.374e-03 -1.000 6.000e-03 -5.677 -5.360 -4.633 -6.188
0.006 -0.40400 7.48000 9.1189966202 2.6248396873    9.114  4.185  3.6222  0.653    5  0.000  0.373     0.00     0.00     0.00     0.00     0.00 -1    -1e-30      0.00 7.202e-01 2.738e-01 6.647e-04 9.769e-04 2.374e-03 -1.000 6.000e-03 -5.694 -5.391 -4.674 -6.213
0.006 -0.40400 7.48000 9.1247959137 2.6248472037    9.120  4.188  3.6229  0.654    5  0.000  0.373     0.00     0.00     0.00     0.00     0.00 -1    -1e-30      0.00 7.202e-01 2.738e-01 6.647e-04 9.769e-04 2.374e-03 -1.000 6.000e-03 -5.699 -5.401 -4.686 -6.221
0.006 -0.40400 7.48000 9.1262178421 2.6248490450    9.121  4.189  3.6234  0.654    5  0.000  0.373     0.00     0.00     0.00     0.00     0.00 -1    -1e-30      0.00 7.202e-01 2.738e-01 6.647e-04 9.769e-04 2.374e-03 -1.000 6.000e-03 -5.703 -5.407 -4.695 -6.226
0.006 -0.40400 7.48000 9.1267290115 2.6248497068    9.122  4.190  3.6235  0.654    5  0.000  0.373     0.00     0.00     0.00     0.00     0.00 -1    -1e-30      0.00 7.202e-01 2.738e-01 6.647e-04 9.769e-04 2.374e-03 -1.000 6.000e-03 -5.704 -5.410 -4.697 -6.228
0.006 -0.40400 7.48000 9.1269292831 2.6248499660    9.122  4.190  3.6236  0.654    5  0.000  0.373     0.00     0.00     0.00     0.00     0.00 -1    -1e-30      0.00 7.202e-01 2.738e-01 6.647e-04 9.769e-04 2.374e-03 -1.000 6.000e-03 -5.705 -5.410 -4.699 -6.229
0.006 -0.40400 7.48000 9.1270904541 2.6248501746    9.122  4.190  3.6236  0.655    5  0.000  0.373     0.00     0.00     0.00     0.00     0.00 -1    -1e-30      0.00 7.202e-01 2.738e-01 6.647e-04 9.769e-04 2.374e-03 -1.000 6.000e-03 -5.705 -5.411 -4.699 -6.229
0.006 -0.40400 7.48000 9.1272125244 2.6248503326    9.122  4.190  3.6237  0.655    5  0.000  0.373     0.00     0.00     0.00     0.00     0.00 -1    -1e-30      0.00 7.202e-01 2.738e-01 6.647e-04 9.769e-04 2.374e-03 -1.000 6.000e-03 -5.706 -5.412 -4.700 -6.230
0.006 -0.40400 7.48000 9.1273183823 2.6248504696    9.122  4.190  3.6237  0.655    5  0.000  0.373     0.00     0.00     0.00     0.00     0.00 -1    -1e-30      0.00 7.202e-01 2.738e-01 6.647e-04 9.769e-04 2.374e-03 -1.000 6.000e-03 -5.706 -5.412 -4.701 -6.230
0.006 -0.40400 7.48000 9.1274204254 2.6248506017    9.122  4.190  3.6237  0.655    5  0.000  0.373     0.00     0.00     0.00     0.00     0.00 -1    -1e-30      0.00 7.202e-01 2.738e-01 6.647e-04 9.769e-04 2.374e-03 -1.000 6.000e-03 -5.706 -5.413 -4.701 -6.231
0.006 -0.40400 7.48000 9.1275234222 2.6248507350    9.122  4.191  3.6238  0.655    5  0.000  0.373     0.00     0.00     0.00     0.00     0.00 -1    -1e-30      0.00 7.202e-01 2.738e-01 6.647e-04 9.769e-04 2.374e-03 -1.000 6.000e-03 -5.706 -5.413 -4.702 -6.231
0.006 -0.40400 7.48000 9.1276302338 2.6248508733    9.123  4.191  3.6238  0.655    5  0.000  0.373     0.00     0.00     0.00     0.00     0.00 -1    -1e-30      0.00 7.202e-01 2.738e-01 6.647e-04 9.769e-04 2.374e-03 -1.000 6.000e-03 -5.707 -5.414 -4.702 -6.231
0.006 -0.40400 7.48000 9.1277427673 2.6248510189    9.123  4.191  3.6238  0.655    5  0.000  0.373     0.00     0.00     0.00     0.00     0.00 -1    -1e-30      0.00 7.202e-01 2.738e-01 6.647e-04 9.769e-04 2.374e-03 -1.000 6.000e-03 -5.707 -5.414 -4.703 -6.232
0.006 -0.40400 7.48000 9.1278619766 2.6248511732    9.123  4.191  3.6239  0.655    5  0.000  0.373     0.00     0.00     0.00     0.00     0.00 -1    -1e-30      0.00 7.202e-01 2.738e-01 6.647e-04 9.769e-04 2.374e-03 -1.000 6.000e-03 -5.707 -5.415 -4.704 -6.232
0.006 -0.40400 7.48000 9.1279907227 2.6248513398    9.123  4.191  3.6239  0.655    5  0.000  0.373     0.00     0.00     0.00     0.00     0.00 -1    -1e-30      0.00 7.202e-01 2.738e-01 6.647e-04 9.769e-04 2.374e-03 -1.000 6.000e-03 -5.708 -5.415 -4.704 -6.233
0.006 -0.40400 7.48000 9.1281671524 2.6248515681    9.123  4.191  3.6240  0.655    5  0.000  0.373     0.00     0.00     0.00     0.00     0.00 -1    -1e-30      0.00 7.202e-01 2.738e-01 6.647e-04 9.769e-04 2.374e-03 -1.000 6.000e-03 -5.708 -5.416 -4.705 -6.233
0.006 -0.40400 7.48000 9.1283674240 2.6248518273    9.123  4.191  3.6240  0.655    5  0.000  0.373     0.00     0.00     0.00     0.00     0.00 -1    -1e-30      0.00 7.202e-01 2.738e-01 6.647e-04 9.769e-04 2.374e-03 -1.000 6.000e-03 -5.709 -5.417 -4.707 -6.234
0.006 -0.40400 7.48000 9.1285505295 2.6248520642    9.124  4.192  3.6241  0.655    5  0.000  0.373     0.00     0.00     0.00     0.00     0.00 -1    -1e-30      0.00 7.202e-01 2.738e-01 6.647e-04 9.769e-04 2.374e-03 -1.000 6.000e-03 -5.709 -5.418 -4.708 -6.235
0.006 -0.40400 7.48000 9.1287622452 2.6248523381    9.124  4.192  3.6241  0.655    5  0.000  0.373     0.00     0.00     0.00     0.00     0.00 -1    -1e-30      0.00 7.202e-01 2.738e-01 6.647e-04 9.769e-04 2.374e-03 -1.000 6.000e-03 -5.710 -5.419 -4.709 -6.236
0.006 -0.40400 7.48000 9.1290140152 2.6248526639    9.124  4.192  3.6242  0.655    5  0.000  0.373     0.00     0.00     0.00     0.00     0.00 -1    -1e-30      0.00 7.202e-01 2.738e-01 6.647e-04 9.769e-04 2.374e-03 -1.000 6.000e-03 -5.711 -5.420 -4.710 -6.237
0.006 -0.40400 7.48000 9.1294164658 2.6248531845    9.124  4.193  3.6243  0.655    5  0.000  0.373     0.00     0.00     0.00     0.00     0.00 -1    -1e-30      0.00 7.202e-01 2.738e-01 6.647e-04 9.769e-04 2.374e-03 -1.000 6.000e-03 -5.712 -5.422 -4.712 -6.238
0.006 -0.40400 7.48000 9.1298570633 2.6248537545    9.125  4.193  3.6245  0.655    5  0.000  0.373     0.00     0.00     0.00     0.00     0.00 -1    -1e-30      0.00 7.202e-01 2.738e-01 6.647e-04 9.769e-04 2.374e-03 -1.000 6.000e-03 -5.713 -5.424 -4.715 -6.240
0.006 -0.40400 7.48000 9.1307115555 2.6248548596    9.126  4.194  3.6247  0.655    5  0.000  0.373     0.00     0.00     0.00     0.00     0.00 -1    -1e-30      0.00 7.202e-01 2.738e-01 6.647e-04 9.769e-04 2.374e-03 -1.000 6.000e-03 -5.715 -5.427 -4.720 -6.243
0.006 -0.40400 7.48000 9.1319427490 2.6248564516    9.127  4.195  3.6251  0.655    5  0.000  0.373     0.00     0.00     0.00     0.00     0.00 -1    -1e-30      0.00 7.202e-01 2.738e-01 6.647e-04 9.770e-04 2.374e-03 -1.000 6.000e-03 -5.719 -5.433 -4.727 -6.248
0.006 -0.40400 7.48000 9.1342668533 2.6248594553    9.129  4.198  3.6258  0.656    5  0.000  0.373     0.00     0.00     0.00     0.00     0.00 -1    -1e-30      0.00 7.202e-01 2.738e-01 6.647e-04 9.770e-04 2.374e-03 -1.000 6.000e-03 -5.725 -5.443 -4.740 -6.256
0.006 -0.40400 7.48000 9.1370172501 2.6248630077    9.132  4.201  3.6266  0.656    5  0.000  0.373     0.00     0.00     0.00     0.00     0.00 -1    -1e-30      0.00 7.202e-01 2.738e-01 6.647e-04 9.770e-04 2.374e-03 -1.000 6.000e-03 -5.732 -5.456 -4.755 -6.267
0.006 -0.40400 7.48000 9.1402568817 2.6248671889    9.135  4.204  3.6276  0.657    5  0.000  0.373     0.00     0.00     0.00     0.00     0.00 -1    -1e-30      0.00 7.202e-01 2.738e-01 6.647e-04 9.770e-04 2.374e-03 -1.000 6.000e-03 -5.741 -5.470 -4.773 -6.279
0.006 -0.40400 7.48000 9.1438245773 2.6248717895    9.139  4.208  3.6287  0.657    5  0.000  0.373     0.00     0.00     0.00     0.00     0.00 -1    -1e-30      0.00 7.202e-01 2.738e-01 6.647e-04 9.770e-04 2.374e-03 -1.000 6.000e-03 -5.751 -5.486 -4.792 -6.292
0.006 -0.40400 7.48000 9.1483583450 2.6248776300    9.143  4.216  3.6310  0.659    5  0.000  0.373     0.00     0.00     0.00     0.00     0.00 -1    -1e-30      0.00 7.202e-01 2.738e-01 6.647e-04 9.770e-04 2.374e-03 -1.000 6.000e-03 -5.771 -5.519 -4.833 -6.319
0.006 -0.40400 7.48000 9.1537637711 2.6248845847    9.149  4.273  3.6858  0.821    5  0.000  0.373     0.00     0.00     0.00     0.00     0.00 -1    -1e-30      0.00 7.202e-01 2.738e-01 6.647e-04 9.770e-04 2.374e-03 -1.000 6.000e-03 -5.913 -5.893 -5.383 -6.562
0.006 -0.40400 7.48000 9.1624698639 2.6248957661    9.157  4.277  3.8292  1.392    5  0.000  0.373     0.00     0.00     0.00     0.00     0.00 -1    -1e-30      0.00 7.202e-01 2.738e-01 6.647e-04 9.771e-04 2.374e-03 -1.000 6.000e-03 -5.922 -6.101 -5.949 -6.374
0.006 -0.40400 7.48000 9.1829233170 2.6249219392    9.178  4.282  3.8348  1.410    5  0.000  0.373     0.00     0.00     0.00     0.00     0.00 -1    -1e-30      0.00 7.202e-01 2.738e-01 6.647e-04 9.772e-04 2.374e-03 -1.000 6.000e-03 -5.935 -6.114 -5.974 -6.370
0.006 -0.40400 7.48000 9.1849689484 2.6249245494    9.180  4.283  3.8333  1.403    5  0.000  0.373     0.00     0.00     0.00     0.00     0.00 -1    -1e-30      0.00 7.202e-01 2.738e-01 6.647e-04 9.772e-04 2.374e-03 -1.000 6.000e-03 -5.936 -6.115 -5.972 -6.376
0.006 -0.40400 7.48000 9.1857481003 2.6249255433    9.181  4.283  3.8327  1.401    5  0.000  0.373     0.00     0.00     0.00     0.00     0.00 -1    -1e-30      0.00 7.202e-01 2.738e-01 6.647e-04 9.772e-04 2.374e-03 -1.000 6.000e-03 -5.937 -6.115 -5.971 -6.378
0.006 -0.40400 7.48000 9.1864261627 2.6249264081    9.182  4.283  3.8322  1.399    5  0.000  0.373     0.00     0.00     0.00     0.00     0.00 -1    -1e-30      0.00 7.202e-01 2.738e-01 6.647e-04 9.772e-04 2.374e-03 -1.000 6.000e-03 -5.937 -6.116 -5.970 -6.380
0.006 -0.40400 7.48000 9.1888828278 2.6249295400    9.184  4.283  3.8303  1.391    5  0.000  0.373     0.00     0.00     0.00     0.00     0.00 -1    -1e-30      0.00 7.202e-01 2.738e-01 6.647e-04 9.772e-04 2.374e-03 -1.000 6.000e-03 -5.939 -6.117 -5.968 -6.387
0.006 -0.40400 7.48000 9.2004032135 2.6249442011    9.196  4.286  3.8207  1.351    6  0.000  0.373     0.00     0.00     0.00     0.00     0.00 -1    -1e-30      0.00 7.202e-01 2.738e-01 6.647e-04 9.772e-04 2.374e-03 -1.000 6.000e-03 -5.944 -6.121 -5.953 -6.420
0.006 -0.40400 7.48000 9.2156209946 2.6249635030    9.211  4.288  3.7981  1.259    6  0.000  0.373     0.00     0.00     0.00     0.00     0.00 -1    -1e-30      0.00 7.202e-01 2.738e-01 6.647e-04 9.773e-04 2.374e-03 -1.000 6.000e-03 -5.950 -6.118 -5.899 -6.485
0.006 -0.40400 7.48000 9.2247781754 2.6249750824    9.220  4.295  3.7953  1.241    6  0.000  0.373     0.00     0.00     0.00     0.00     0.00 -1    -1e-30      0.00 7.202e-01 2.738e-01 6.647e-04 9.773e-04 2.374e-03 -1.000 6.000e-03 -5.967 -6.134 -5.909 -6.509
0.006 -0.40400 7.48000 9.2312822342 2.6249832909    9.227  4.293  3.8031  1.274    6  0.000  0.373     0.00     0.00     0.00     0.00     0.00 -1    -1e-30      0.00 7.202e-01 2.738e-01 6.647e-04 9.774e-04 2.374e-03 -1.000 6.000e-03 -5.962 -6.133 -5.926 -6.485
0.006 -0.40400 7.48000 9.2369432449 2.6249904246    9.232  4.292  3.7833  1.197    6  0.000  0.373     0.00     0.00     0.00     0.00     0.00 -1    -1e-30      0.00 7.202e-01 2.738e-01 6.647e-04 9.774e-04 2.374e-03 -1.000 6.000e-03 -5.960 -6.120 -5.867 -6.530
0.006 -0.40400 7.48000 9.2409229279 2.6249954336    9.236  4.291  3.7653  1.126    6  0.000  0.373     0.00     0.00     0.00     0.00     0.00 -1    -1e-30      0.00 7.202e-01 2.738e-01 6.648e-04 9.774e-04 2.374e-03 -1.000 6.000e-03 -5.957 -6.096 -5.797 -6.562
0.006 -0.40400 7.48000 9.2444572449 2.6249998779    9.240  4.289  3.7441  1.043    6  0.000  0.373     0.00     0.00     0.00     0.00     0.00 -1    -1e-30      0.00 7.202e-01 2.738e-01 6.648e-04 9.774e-04 2.374e-03 -1.000 6.000e-03 -5.953 -6.066 -5.712 -6.590
0.006 -0.40400 7.48000 9.2475833893 2.6250038056    9.243  4.287  3.7180  0.941    6  0.000  0.373     0.00     0.00     0.00     0.00     0.00 -1    -1e-30      0.00 7.202e-01 2.738e-01 6.648e-04 9.774e-04 2.374e-03 -1.000 6.000e-03 -5.947 -6.012 -5.590 -6.604
0.006 -0.40400 7.48000 9.2502899170 2.6250072037    9.246  4.281  3.6831  0.808    6  0.000  0.373     0.00     0.00     0.00     0.00     0.00 -1    -1e-30      0.00 7.202e-01 2.738e-01 6.648e-04 9.774e-04 2.374e-03 -1.000 6.000e-03 -5.931 -5.904 -5.386 -6.580
0.006 -0.40400 7.48000 9.2522792816 2.6250096999    9.248  4.266  3.6483  0.683    6  0.000  0.373     0.00     0.00     0.00     0.00     0.00 -1    -1e-30      0.00 7.202e-01 2.738e-01 6.648e-04 9.774e-04 2.374e-03 -1.000 6.000e-03 -5.895 -5.734 -5.105 -6.494
0.006 -0.40400 7.48000 9.2542133331 2.6250121255    9.250  4.229  3.6279  0.639    6  0.000  0.373     0.00     0.00     0.00     0.00     0.00 -1    -1e-30      0.00 7.202e-01 2.738e-01 6.648e-04 9.775e-04 2.374e-03 -1.000 6.000e-03 -5.803 -5.533 -4.836 -6.342
0.006 -0.40400 7.48000 9.2558479309 2.6250141746    9.251  4.226  3.6164  0.596    6  0.000  0.373     0.00     0.00     0.00     0.00     0.00 -1    -1e-30      0.00 7.202e-01 2.738e-01 6.648e-04 9.775e-04 2.374e-03 -1.000 6.000e-03 -5.796 -5.458 -4.716 -6.296
0.006 -0.40400 7.48000 9.2572374344 2.6250159159    9.253  4.234  3.6143  0.580    6  0.000  0.373     0.00     0.00     0.00     0.00     0.00 -1    -1e-30      0.00 7.202e-01 2.738e-01 6.648e-04 9.775e-04 2.374e-03 -1.000 6.000e-03 -5.814 -5.463 -4.712 -6.306
0.006 -0.40400 7.48000 9.2587022781 2.6250177508    9.254  4.240  3.6130  0.568    6  0.000  0.373     0.00     0.00     0.00     0.00     0.00 -1    -1e-30      0.00 7.202e-01 2.738e-01 6.648e-04 9.775e-04 2.374e-03 -1.000 6.000e-03 -5.830 -5.471 -4.714 -6.318
0.006 -0.40400 7.48000 9.2596912384 2.6250189893    9.255  4.244  3.6122  0.561    6  0.000  0.373     0.00     0.00     0.00     0.00     0.00 -1    -1e-30      0.00 7.202e-01 2.738e-01 6.648e-04 9.775e-04 2.374e-03 -1.000 6.000e-03 -5.841 -5.476 -4.716 -6.326
0.006 -0.40400 7.48000 9.2607479095 2.6250203123    9.256  4.249  3.6112  0.552    6  0.000  0.373     0.00     0.00     0.00     0.00     0.00 -1    -1e-30      0.00 7.202e-01 2.738e-01 6.648e-04 9.775e-04 2.374e-03 -1.000 6.000e-03 -5.853 -5.482 -4.717 -6.334
0.006 -0.40400 7.48000 9.2614736557 2.6250212207    9.257  4.252  3.6106  0.547    6  0.000  0.373     0.00     0.00     0.00     0.00     0.00 -1    -1e-30      0.00 7.202e-01 2.738e-01 6.648e-04 9.775e-04 2.374e-03 -1.000 6.000e-03 -5.861 -5.485 -4.718 -6.340
0.006 -0.40400 7.48000 9.2622575760 2.6250222018    9.258  4.256  3.6099  0.540    6  0.000  0.373     0.00     0.00     0.00     0.00     0.00 -1    -1e-30      0.00 7.202e-01 2.738e-01 6.648e-04 9.775e-04 2.374e-03 -1.000 6.000e-03 -5.869 -5.490 -4.720 -6.346
0.006 -0.40400 7.48000 9.2628040314 2.6250228855    9.258  4.259  3.6094  0.535    6  0.000  0.373     0.00     0.00     0.00     0.00     0.00 -1    -1e-30      0.00 7.202e-01 2.738e-01 6.648e-04 9.775e-04 2.374e-03 -1.000 6.000e-03 -5.877 -5.494 -4.721 -6.351
0.006 -0.40400 7.48000 9.2634010315 2.6250236324    9.259  4.263  3.6087  0.528    6  0.000  0.373     0.00     0.00     0.00     0.00     0.00 -1    -1e-30      0.00 7.202e-01 2.738e-01 6.648e-04 9.775e-04 2.374e-03 -1.000 6.000e-03 -5.889 -5.501 -4.725 -6.360
0.006 -0.40400 7.48000 9.2638168335 2.6250241526    9.259  4.267  3.6082  0.523    6  0.000  0.373     0.00     0.00     0.00     0.00     0.00 -1    -1e-30      0.00 7.202e-01 2.738e-01 6.648e-04 9.775e-04 2.374e-03 -1.000 6.000e-03 -5.897 -5.506 -4.727 -6.367
0.006 -0.40400 7.48000 9.2641878128 2.6250246166    9.260  4.270  3.6078  0.518    6  0.000  0.373     0.00     0.00     0.00     0.00     0.00 -1    -1e-30      0.00 7.202e-01 2.738e-01 6.648e-04 9.775e-04 2.374e-03 -1.000 6.000e-03 -5.904 -5.510 -4.730 -6.372
0.006 -0.40400 7.48000 9.2645206451 2.6250250329    9.260  4.272  3.6074  0.514    6  0.000  0.373     0.00     0.00     0.00     0.00     0.00 -1    -1e-30      0.00 7.202e-01 2.738e-01 6.648e-04 9.775e-04 2.374e-03 -1.000 6.000e-03 -5.911 -5.514 -4.732 -6.378
0.006 -0.40400 7.48000 9.2648258209 2.6250254145    9.260  4.275  3.6071  0.510    6  0.000  0.373     0.00     0.00     0.00     0.00     0.00 -1    -1e-30      0.00 7.202e-01 2.738e-01 6.648e-04 9.775e-04 2.374e-03 -1.000 6.000e-03 -5.917 -5.518 -4.734 -6.382
0.006 -0.40400 7.48000 9.2651128769 2.6250257735    9.261  4.277  3.6068  0.507    6  0.000  0.373     0.00     0.00     0.00     0.00     0.00 -1    -1e-30      0.00 7.202e-01 2.738e-01 6.648e-04 9.775e-04 2.374e-03 -1.000 6.000e-03 -5.922 -5.521 -4.736 -6.387
0.006 -0.40400 7.48000 9.2653999329 2.6250261324    9.261  4.279  3.6064  0.503    6  0.000  0.373     0.00     0.00     0.00     0.00     0.00 -1    -1e-30      0.00 7.202e-01 2.738e-01 6.648e-04 9.775e-04 2.374e-03 -1.000 6.000e-03 -5.928 -5.525 -4.738 -6.391
0.006 -0.40400 7.48000 9.2657089233 2.6250265188    9.261  4.282  3.6061  0.499    6  0.000  0.373     0.00     0.00     0.00     0.00     0.00 -1    -1e-30      0.00 7.202e-01 2.738e-01 6.648e-04 9.775e-04 2.374e-03 -1.000 6.000e-03 -5.934 -5.528 -4.740 -6.396
0.006 -0.40400 7.48000 9.2660608292 2.6250269587    9.261  4.284  3.6057  0.495    6  0.000  0.373     0.00     0.00     0.00     0.00     0.00 -1    -1e-30      0.00 7.202e-01 2.738e-01 6.648e-04 9.775e-04 2.374e-03 -1.000 6.000e-03 -5.941 -5.532 -4.742 -6.401
0.006 -0.40400 7.48000 9.2665462494 2.6250275656    9.262  4.288  3.6051  0.489    6  0.000  0.373     0.00     0.00     0.00     0.00     0.00 -1    -1e-30      0.00 7.202e-01 2.738e-01 6.648e-04 9.775e-04 2.374e-03 -1.000 6.000e-03 -5.951 -5.538 -4.744 -6.409
0.006 -0.40400 7.48000 9.2671289444 2.6250282939    9.263  4.293  3.6045  0.482    6  0.000  0.373     0.00     0.00     0.00     0.00     0.00 -1    -1e-30      0.00 7.202e-01 2.738e-01 6.648e-04 9.775e-04 2.374e-03 -1.000 6.000e-03 -5.962 -5.545 -4.748 -6.418
0.006 -0.40400 7.48000 9.2677268982 2.6250290412    9.263  4.300  3.6036  0.471    6  0.000  0.373     0.00     0.00     0.00     0.00     0.00 -1    -1e-30      0.00 7.202e-01 2.738e-01 6.648e-04 9.775e-04 2.374e-03 -1.000 6.000e-03 -5.979 -5.556 -4.754 -6.431
0.006 -0.40400 7.48000 9.2683477402 2.6250298170    9.264  4.320  3.6012  0.441    6  0.000  0.373     0.00     0.00     0.00     0.00     0.00 -1    -1e-30      0.00 7.202e-01 2.738e-01 6.648e-04 9.775e-04 2.374e-03 -1.000 6.000e-03 -6.031 -5.589 -4.775 -6.473
0.006 -0.40400 7.48000 9.2686948776 2.6250302507    9.264  4.333  3.5997  0.423    6  0.000  0.373     0.00     0.00     0.00     0.00     0.00 -1    -1e-30      0.00 7.202e-01 2.738e-01 6.648e-04 9.775e-04 2.374e-03 -1.000 6.000e-03 -6.062 -5.610 -4.787 -6.498
0.006 -0.40400 7.48000 9.2688846588 2.6250304878    9.264  4.341  3.5987  0.410    6  0.000  0.373     0.00     0.00     0.00     0.00     0.00 -1    -1e-30      0.00 7.202e-01 2.738e-01 6.648e-04 9.775e-04 2.374e-03 -1.000 6.000e-03 -6.083 -5.624 -4.795 -6.515
0.006 -0.40400 7.48000 9.2690134048 2.6250306486    9.264  4.353  3.5975  0.394    6  0.000  0.373     0.00     0.00     0.00     0.00     0.00 -1    -1e-30      0.00 7.202e-01 2.738e-01 6.648e-04 9.775e-04 2.374e-03 -1.000 6.000e-03 -6.112 -5.643 -4.807 -6.539
0.006 -0.40400 7.48000 9.2692918777 2.6250309965    9.265  4.376  3.5950  0.360    7  0.000  0.373   147.39    78.55    52.29    38.41    31.86  4    -1e-30      0.00 7.202e-01 2.738e-01 6.648e-04 9.775e-04 2.374e-03 -1.000 6.000e-03 -6.171 -5.682 -4.831 -6.587
0.006 -0.40400 7.48000 9.2699785233 2.6250318542    9.265  4.380  3.5947  0.355    7  0.000  0.373   149.13    79.28    52.75    38.76    32.14  4    -1e-30      0.00 7.202e-01 2.738e-01 6.648e-04 9.775e-04 2.374e-03 -1.000 6.000e-03 -6.181 -5.689 -4.836 -6.595
0.006 -0.40400 7.48000 9.2714014053 2.6250336310    9.267  4.390  3.5936  0.341    7  0.000  0.373   154.13    81.36    54.07    39.74    32.96  4    -1e-30      0.00 7.202e-01 2.738e-01 6.648e-04 9.775e-04 2.374e-03 -1.000 6.000e-03 -6.206 -5.706 -4.846 -6.615
0.006 -0.40400 7.48000 9.2718753815 2.6250342227    9.267  4.396  3.5930  0.333    7  0.000  0.373   156.99    82.54    54.82    40.30    33.43  3    -1e-30      0.00 7.202e-01 2.738e-01 6.648e-04 9.775e-04 2.374e-03 -1.000 6.000e-03 -6.220 -5.715 -4.851 -6.627
0.006 -0.40400 7.48000 9.2724828720 2.6250349810    9.268  4.414  3.5911  0.307    7  0.000  0.373   166.51    86.45    57.30    42.15    34.97  3    -1e-30      0.00 7.202e-01 2.738e-01 6.648e-04 9.775e-04 2.374e-03 -1.000 6.000e-03 -6.265 -5.746 -4.870 -6.664
0.006 -0.40400 7.48000 9.2732610703 2.6250359523    9.269  4.446  3.5879  0.262    7  0.000  0.373   184.65    93.78    61.93    45.61    37.85  3    -1e-30      0.00 7.202e-01 2.738e-01 6.646e-04 9.776e-04 2.374e-03 -1.000 6.000e-03 -6.345 -5.799 -4.902 -6.728
0.006 -0.40400 7.48000 9.2742567062 2.6250371946    9.270  4.484  3.5841  0.210    7  0.000  0.373   208.50   103.18    67.84    50.04    41.53  3    -1e-30      0.00 7.202e-01 2.738e-01 6.632e-04 9.789e-04 2.374e-03 -1.000 6.000e-03 -6.440 -5.861 -4.938 -6.805
0.006 -0.40400 7.48000 9.2753601074 2.6250385711    9.271  4.523  3.5803  0.155    7  0.000  0.371   236.45   113.90    74.57    55.08    45.72  3    -1e-30      0.00 7.202e-01 2.738e-01 6.603e-04 9.821e-04 2.374e-03 -1.000 6.000e-03 -6.539 -5.926 -4.976 -6.884
0.006 -0.40400 7.48000 9.2765951157 2.6250401112    9.272  4.561  3.5766  0.102    7  0.000  0.369   266.85   125.27    81.65    60.40    50.15  3    -1e-30      0.00 7.202e-01 2.738e-01 6.570e-04 9.867e-04 2.373e-03 -1.000 6.000e-03 -6.633 -5.984 -5.002 -6.958
0.006 -0.40400 7.48000 9.2782878876 2.6250422215    9.274  4.606  3.5721  0.039    7  0.000  0.368   308.55   140.42    91.06    67.47    56.04  3    -1e-30      0.00 7.189e-01 2.751e-01 6.516e-04 1.002e-03 2.362e-03 -1.000 6.000e-03 -6.746 -6.051 -5.030 -7.044
0.006 -0.40400 7.48000 9.2795562744 2.6250438022    9.275  4.639  3.5687 -0.007    7  0.000  0.368   332.83   152.50    98.53    73.09    60.72  3    -1e-30      0.00 7.166e-01 2.774e-01 6.464e-04 1.026e-03 2.343e-03 -1.000 6.009e-03 -6.827 -6.096 -5.043 -7.104
0.006 -0.40400 7.48000 9.2814111710 2.6250461129    9.277  4.680  3.5648 -0.064    7  0.000  0.368   362.92   169.09   108.74    80.79    67.13  2    -1e-30      0.00 7.145e-01 2.794e-01 6.426e-04 1.043e-03 2.329e-03 -1.000 6.025e-03 -6.930 -6.151 -5.050 -7.180
0.006 -0.40400 7.48000 9.2864217758 2.6250523493    9.282  4.723  3.5607 -0.123    7  0.000  0.368   397.10   188.24   120.48    89.65    74.51  2    -1e-30      0.00 7.114e-01 2.826e-01 6.388e-04 1.059e-03 2.315e-03 -1.000 6.045e-03 -7.039 -6.211 -5.062 -7.260
0.006 -0.40400 7.48000 9.2958612442 2.6250640772    9.291  4.761  3.5572 -0.174    7  0.000  0.368   429.05   206.43   131.58    98.03    81.50  0    -1e-30      0.00 7.064e-01 2.875e-01 6.345e-04 1.080e-03 2.298e-03 -1.000 6.090e-03 -7.132 -6.255 -5.054 -7.325
0.006 -0.40400 7.48000 9.3168230057 2.6250900229    9.312  4.784  3.5553 -0.204    7  0.000  0.368   449.29   218.07   138.66   103.39    85.96  0    -1e-30      0.00 7.012e-01 2.928e-01 6.303e-04 1.100e-03 2.282e-03 -1.000 6.008e-03 -7.190 -6.286 -5.054 -7.368
0.006 -0.40400 7.48000 9.3223533630 2.6250968459    9.318  4.775  3.5563 -0.190    7  0.000  0.368   440.33   212.89   135.51   101.00    83.98  0    -1e-30      0.00 7.006e-01 2.934e-01 6.298e-04 1.102e-03 2.280e-03 -1.000 6.000e-03 -7.167 -6.277 -5.061 -7.353
