Zini MH logAge Mini int_IMF Mass logL logTe logg label McoreTP C_O period0 period1 period2 period3 period4 pmode Mloss tau1m X Y Xc Xn Xo Cexcess Z mbolmag Gmag G_BPmag G_RPmag
0.0055 -0.44261 8.03000 0.0900000036 1.0816895926    0.090 -2.717  3.4444  4.839    0  0.000  0.545     0.00     0.00     0.00     0.00     0.00 -1 -3.09e-16      0.00 7.360e-01 2.585e-01 1.002e-03 2.703e-04 2.451e-03 -1.000 5.571e-03 11.563 13.031 15.360 11.655
0.0055 -0.44261 8.03000 0.0927660838 1.1076701687    0.093 -2.696  3.4472  4.842    0  0.000  0.545     0.00     0.00     0.00     0.00     0.00 -1 -3.19e-16      0.00 7.360e-01 2.585e-01 1.002e-03 2.703e-04 2.451e-03 -1.000 5.571e-03 11.510 12.949 15.233 11.582
0.0055 -0.44261 8.03000 0.0995009392 1.1669240045    0.099 -2.644  3.4540  4.848    0  0.000  0.545     0.00     0.00     0.00     0.00     0.00 -1 -3.44e-16      0.00 7.360e-01 2.585e-01 1.002e-03 2.703e-04 2.451e-03 -1.000 5.571e-03 11.381 12.750 14.917 11.403
0.0055 -0.44261 8.03000 0.1000000015 1.1711064122    0.100 -2.641  3.4546  4.849    0  0.000  0.545     0.00     0.00     0.00     0.00     0.00 -1 -3.46e-16      0.00 7.360e-01 2.585e-01 1.002e-03 2.703e-04 2.451e-03 -1.000 5.571e-03 11.372 12.736 14.894 11.391
0.0055 -0.44261 8.03000 0.1011786461 1.1808772674    0.101 -2.633  3.4556  4.850    0  0.000  0.545     0.00     0.00     0.00     0.00     0.00 -1  -3.5e-16      0.00 7.360e-01 2.585e-01 1.002e-03 2.703e-04 2.451e-03 -1.000 5.571e-03 11.352 12.705 14.846 11.364
0.0055 -0.44261 8.03000 0.1110395193 1.2572194405    0.111 -2.565  3.4641  4.856    0  0.000  0.545     0.00     0.00     0.00     0.00     0.00 -1 -3.88e-16      0.00 7.360e-01 2.585e-01 1.002e-03 2.703e-04 2.451e-03 -1.000 5.571e-03 11.182 12.450 14.452 11.136
0.0055 -0.44261 8.03000 0.1199999973 1.3193154249    0.120 -2.506  3.4719  4.863    0  0.000  0.545     0.00     0.00     0.00     0.00     0.00 -1 -4.23e-16      0.00 7.360e-01 2.585e-01 1.002e-03 2.703e-04 2.451e-03 -1.000 5.571e-03 11.036 12.228 14.110 10.940
0.0055 -0.44261 8.03000 0.1374720186 1.4246550031    0.137 -2.409  3.4831  4.870    0  0.000  0.545     0.00     0.00     0.00     0.00     0.00 -1 -4.91e-16      0.00 7.360e-01 2.585e-01 1.002e-03 2.703e-04 2.451e-03 -1.000 5.571e-03 10.793 11.879 13.596 10.630
0.0055 -0.44261 8.03000 0.1400000006 1.4384526719    0.140 -2.396  3.4847  4.871    0  0.000  0.545     0.00     0.00     0.00     0.00     0.00 -1 -5.01e-16      0.00 7.360e-01 2.585e-01 1.002e-03 2.703e-04 2.451e-03 -1.000 5.571e-03 10.760 11.831 13.526 10.588
0.0055 -0.44261 8.03000 0.1503571570 1.4917741890    0.150 -2.347  3.4900  4.874    0  0.000  0.545     0.00     0.00     0.00     0.00     0.00 -1 -5.39e-16      0.00 7.360e-01 2.585e-01 1.002e-03 2.703e-04 2.451e-03 -1.000 5.571e-03 10.637 11.657 13.275 10.434
0.0055 -0.44261 8.03000 0.1599999964 1.5372931554    0.160 -2.302  3.4948  4.876    0  0.000  0.545     0.00     0.00     0.00     0.00     0.00 -1 -5.78e-16      0.00 7.360e-01 2.585e-01 1.002e-03 2.703e-04 2.451e-03 -1.000 5.571e-03 10.526 11.505 13.068 10.299
0.0055 -0.44261 8.03000 0.1780632287 1.6136618857    0.178 -2.229  3.5022  4.879    0  0.000  0.545     0.00     0.00     0.00     0.00     0.00 -1 -6.46e-16      0.00 7.360e-01 2.585e-01 1.002e-03 2.703e-04 2.451e-03 -1.000 5.571e-03 10.344 11.262 12.741 10.081
0.0055 -0.44261 8.03000 0.1999999881 1.6938790356    0.200 -2.147  3.5104  4.879    0  0.000  0.545     0.00     0.00     0.00     0.00     0.00 -1 -7.37e-16      0.00 7.360e-01 2.585e-01 1.002e-03 2.703e-04 2.451e-03 -1.000 5.571e-03 10.136 10.990 12.381 9.836
0.0055 -0.44261 8.03000 0.2327691615 1.7945200894    0.233 -2.043  3.5203  4.881    0  0.000  0.545     0.00     0.00     0.00     0.00     0.00 -1 -8.65e-16      0.00 7.360e-01 2.585e-01 1.002e-03 2.703e-04 2.451e-03 -1.000 5.571e-03 9.878 10.657 11.953 9.537
0.0055 -0.44261 8.03000 0.2500000000 1.8403257998    0.250 -1.994  3.5249  4.882    0  0.000  0.545     0.00     0.00     0.00     0.00     0.00 -1 -9.35e-16      0.00 7.360e-01 2.585e-01 1.002e-03 2.703e-04 2.451e-03 -1.000 5.571e-03 9.754 10.502 11.762 9.397
0.0055 -0.44261 8.03000 0.2745871842 1.8990234141    0.275 -1.928  3.5306  4.878    0  0.000  0.545     0.00     0.00     0.00     0.00     0.00 -1 -1.04e-15      0.00 7.360e-01 2.585e-01 1.002e-03 2.703e-04 2.451e-03 -1.000 5.571e-03 9.589 10.300 11.515 9.211
0.0055 -0.44261 8.03000 0.3000000119 1.9529139769    0.300 -1.864  3.5359  4.874    0  0.000  0.545     0.00     0.00     0.00     0.00     0.00 -1 -1.16e-15      0.00 7.360e-01 2.585e-01 1.002e-03 2.703e-04 2.451e-03 -1.000 5.571e-03 9.429 10.106 11.283 9.034
0.0055 -0.44261 8.03000 0.3499999642 2.0434174156    0.350 -1.736  3.5465  4.857    0  0.000  0.545     0.00     0.00     0.00     0.00     0.00 -1 -1.47e-15      0.00 7.360e-01 2.585e-01 1.002e-03 2.703e-04 2.451e-03 -1.000 5.571e-03 9.111 9.725 10.829 8.683
0.0055 -0.44261 8.03000 0.3501160145 2.0436075776    0.350 -1.736  3.5466  4.856    0  0.000  0.545     0.00     0.00     0.00     0.00     0.00 -1 -1.47e-15      0.00 7.360e-01 2.585e-01 1.002e-03 2.703e-04 2.451e-03 -1.000 5.571e-03 9.110 9.724 10.828 8.682
0.0055 -0.44261 8.03000 0.3879455030 2.1015608701    0.388 -1.631  3.5560  4.834    0  0.000  0.545     0.00     0.00     0.00     0.00     0.00 -1 -1.82e-15      0.00 7.360e-01 2.585e-01 1.002e-03 2.703e-04 2.451e-03 -1.000 5.571e-03 8.848 9.408 10.453 8.394
0.0055 -0.44261 8.03000 0.3999999762 2.1185023988    0.400 -1.598  3.5588  4.825    0  0.000  0.545     0.00     0.00     0.00     0.00     0.00 -1 -1.95e-15      0.00 7.360e-01 2.585e-01 1.002e-03 2.703e-04 2.451e-03 -1.000 5.571e-03 8.765 9.309 10.337 8.303
0.0055 -0.44261 8.03000 0.4499999881 2.1822809009    0.450 -1.437  3.5753  4.781    0  0.000  0.545     0.00     0.00     0.00     0.00     0.00 -1  -2.8e-15      0.00 7.360e-01 2.585e-01 1.002e-03 2.703e-04 2.451e-03 -1.000 5.571e-03 8.362 8.819 9.757 7.860
0.0055 -0.44261 8.03000 0.4998256266 2.2372743381    0.500 -1.252  3.6018  4.748    0  0.000  0.545     0.00     0.00     0.00     0.00     0.00 -1 -4.23e-15      0.00 7.360e-01 2.585e-01 1.002e-03 2.703e-04 2.451e-03 -1.000 5.571e-03 7.900 8.240 9.061 7.349
0.0055 -0.44261 8.03000 0.4999999702 2.2374541023    0.500 -1.251  3.6018  4.748    0  0.000  0.545     0.00     0.00     0.00     0.00     0.00 -1 -4.23e-15      0.00 7.360e-01 2.585e-01 1.002e-03 2.703e-04 2.451e-03 -1.000 5.571e-03 7.899 8.238 9.059 7.347
0.0055 -0.44261 8.03000 0.5376590490 2.2731704467    0.537 -1.142  3.6209  4.746    0  0.000  0.545     0.00     0.00     0.00     0.00     0.00 -1 -5.28e-15      0.00 7.361e-01 2.583e-01 1.001e-03 2.701e-04 2.450e-03 -1.000 5.571e-03 7.625 7.894 8.639 7.049
0.0055 -0.44261 8.03000 0.5500000119 2.2836582633    0.550 -1.118  3.6243  4.745    0  0.000  0.545     0.00     0.00     0.00     0.00     0.00 -1 -5.52e-15      0.00 7.362e-01 2.583e-01 1.001e-03 2.701e-04 2.449e-03 -1.000 5.571e-03 7.565 7.821 8.553 6.985
0.0055 -0.44261 8.03000 0.5603140593 2.2920171761    0.560 -1.099  3.6273  4.746    0  0.000  0.545     0.00     0.00     0.00     0.00     0.00 -1  -5.7e-15      0.00 7.362e-01 2.583e-01 1.001e-03 2.701e-04 2.449e-03 -1.000 5.571e-03 7.518 7.763 8.484 6.935
0.0055 -0.44261 8.03000 0.5929481387 2.3162763287    0.593 -1.015  3.6392  4.734    0  0.000  0.545     0.00     0.00     0.00     0.00     0.00 -1 -6.81e-15      0.00 7.363e-01 2.582e-01 1.001e-03 2.701e-04 2.449e-03 -1.000 5.571e-03 7.307 7.507 8.179 6.711
0.0055 -0.44261 8.03000 0.5999999642 2.3211212854    0.600 -0.991  3.6428  4.730    0  0.000  0.545     0.00     0.00     0.00     0.00     0.00 -1 -7.17e-15      0.00 7.363e-01 2.582e-01 1.001e-03 2.701e-04 2.449e-03 -1.000 5.571e-03 7.248 7.434 8.091 6.649
0.0055 -0.44261 8.03000 0.6106281281 2.3281807956    0.610 -0.955  3.6487  4.725    0  0.000  0.545     0.00     0.00     0.00     0.00     0.00 -1 -7.75e-15      0.00 7.362e-01 2.582e-01 1.001e-03 2.700e-04 2.449e-03 -1.000 5.571e-03 7.157 7.319 7.951 6.552
0.0055 -0.44261 8.03000 0.6499999762 2.3520353107    0.650 -0.829  3.6705  4.714    0  0.000  0.545     0.00     0.00     0.00     0.00     0.00 -1 -1.02e-14      0.00 7.363e-01 2.582e-01 1.001e-03 2.700e-04 2.449e-03 -1.000 5.571e-03 6.843 6.922 7.470 6.218
0.0055 -0.44261 8.03000 0.6999999881 2.3779266974    0.700 -0.675  3.6963  4.695    0  0.000  0.545     0.00     0.00     0.00     0.00     0.00 -1 -1.43e-14      0.00 7.364e-01 2.581e-01 1.000e-03 2.699e-04 2.448e-03 -1.000 5.563e-03 6.457 6.458 6.928 5.819
0.0055 -0.44261 8.03000 0.7495123148 2.3996909141    0.750 -0.534  3.7196  4.677    0  0.000  0.538     0.00     0.00     0.00     0.00     0.00 -1 -1.95e-14      0.00 7.364e-01 2.580e-01 9.871e-04 2.695e-04 2.448e-03 -1.000 5.570e-03 6.104 6.055 6.466 5.470
0.0055 -0.44261 8.03000 0.7548083067 2.4018252850    0.755 -0.519  3.7217  4.674    0  0.000  0.538     0.00     0.00     0.00     0.00     0.00 -1 -2.01e-14      0.00 7.364e-01 2.580e-01 9.871e-04 2.695e-04 2.448e-03 -1.000 5.570e-03 6.068 6.016 6.422 5.436
0.0055 -0.44261 8.03000 0.7990245819 2.4183828323    0.799 -0.405  3.7395  4.656    0  0.000  0.538     0.00     0.00     0.00     0.00     0.00 -1  -2.6e-14      0.00 7.365e-01 2.579e-01 9.865e-04 2.695e-04 2.447e-03 -1.000 5.566e-03 5.782 5.705 6.072 5.163
0.0055 -0.44261 8.03000 0.8485368490 2.4345886963    0.848 -0.284  3.7569  4.629    0  0.000  0.537     0.00     0.00     0.00     0.00     0.00 -1 -3.44e-14      0.00 7.367e-01 2.578e-01 9.862e-04 2.694e-04 2.447e-03 -1.000 5.556e-03 5.479 5.388 5.718 4.884
0.0055 -0.44261 8.03000 0.8663679361 2.4399059074    0.866 -0.240  3.7624  4.617    0  0.000  0.537     0.00     0.00     0.00     0.00     0.00 -1 -3.82e-14      0.00 7.369e-01 2.575e-01 9.850e-04 2.691e-04 2.444e-03 -1.000 5.571e-03 5.370 5.276 5.595 4.785
0.0055 -0.44261 8.03000 0.8980491161 2.4487569484    0.897 -0.170  3.7723  4.602    0  0.000  0.538     0.00     0.00     0.00     0.00     0.00 -1 -4.49e-14      0.00 7.367e-01 2.577e-01 9.858e-04 2.692e-04 2.445e-03 -1.000 5.571e-03 5.194 5.099 5.398 4.629
0.0055 -0.44261 8.03000 0.9221201539 2.4550163458    0.922 -0.113  3.7785  4.582    0  0.000  0.538     0.00     0.00     0.00     0.00     0.00 -1 -5.15e-14      0.00 7.371e-01 2.573e-01 9.846e-04 2.689e-04 2.442e-03 -1.000 5.571e-03 5.053 4.957 5.244 4.502
0.0055 -0.44261 8.03000 0.9457585216 2.4608079952    0.945 -0.064  3.7848  4.569    0  0.000  0.538     0.00     0.00     0.00     0.00     0.00 -1 -5.79e-14      0.00 7.371e-01 2.574e-01 9.854e-04 2.690e-04 2.443e-03 -1.000 5.557e-03 4.930 4.834 5.108 4.394
0.0055 -0.44261 8.03000 0.9475613832 2.4612360964    0.947 -0.060  3.7852  4.568    0  0.000  0.538     0.00     0.00     0.00     0.00     0.00 -1 -5.84e-14      0.00 7.371e-01 2.574e-01 9.855e-04 2.690e-04 2.444e-03 -1.000 5.556e-03 4.921 4.825 5.098 4.385
0.0055 -0.44261 8.03000 0.9970737100 2.4723008218    0.997  0.044  3.7970  4.532    0  0.000  0.537     0.00     0.00     0.00     0.00     0.00 -1 -7.55e-14      0.00 7.374e-01 2.571e-01 9.837e-04 2.687e-04 2.440e-03 -1.000 5.544e-03 4.659 4.566 4.817 4.153
0.0055 -0.44261 8.03000 1.0465859175 2.4821702926    1.046  0.145  3.8078  4.495    1  0.000  0.537     0.00     0.00     0.00     0.00     0.00 -1 -9.05e-14      0.00 7.375e-01 2.569e-01 9.834e-04 2.686e-04 2.440e-03 -1.000 5.571e-03 4.407 4.318 4.549 3.929
0.0055 -0.44261 8.03000 1.0960983038 2.4910214938    1.095  0.239  3.8181  4.463    0  0.000  0.538     0.00     0.00     0.00     0.00     0.00 -1 -1.05e-13      0.00 7.376e-01 2.569e-01 9.839e-04 2.687e-04 2.440e-03 -1.000 5.544e-03 4.171 4.086 4.300 3.721
0.0055 -0.44261 8.03000 1.1456104517 2.4989986192    1.145  0.330  3.8286  4.433    0  0.000  0.538     0.00     0.00     0.00     0.00     0.00 -1 -1.21e-13      0.00 7.377e-01 2.568e-01 9.838e-04 2.686e-04 2.440e-03 -1.000 5.535e-03 3.944 3.861 4.058 3.519
0.0055 -0.44261 8.03000 1.1951228380 2.5062204782    1.195  0.415  3.8391  4.409    0  0.000  0.538     0.00     0.00     0.00     0.00     0.00 -1 -1.35e-13      0.00 7.376e-01 2.568e-01 9.836e-04 2.686e-04 2.440e-03 -1.000 5.530e-03 3.732 3.652 3.832 3.334
0.0055 -0.44261 8.03000 1.2446351051 2.5127855629    1.244  0.496  3.8507  4.392    1  0.000  0.538     0.00     0.00     0.00     0.00     0.00 -1 -1.46e-13      0.00 7.377e-01 2.568e-01 9.837e-04 2.686e-04 2.440e-03 -1.000 5.567e-03 3.530 3.454 3.617 3.162
0.0055 -0.44261 8.03000 1.2941472530 2.5187763088    1.294  0.572  3.8639  4.386    1  0.000  0.538     0.00     0.00     0.00     0.00     0.00 -1 -1.53e-13      0.00 7.378e-01 2.567e-01 9.834e-04 2.685e-04 2.439e-03 -1.000 5.501e-03 3.340 3.269 3.413 3.008
0.0055 -0.44261 8.03000 1.3436598778 2.5242622264    1.344  0.644  3.8790  4.390    1  0.000  0.538     0.00     0.00     0.00     0.00     0.00 -1 -1.55e-13      0.00 7.378e-01 2.567e-01 9.830e-04 2.685e-04 2.438e-03 -1.000 5.490e-03 3.159 3.096 3.218 2.871
0.0055 -0.44261 8.03000 1.3798291683 2.5279848289    1.380  0.695  3.8905  4.397    1  0.000  0.538     0.00     0.00     0.00     0.00     0.00 -1 -1.53e-13      0.00 7.379e-01 2.566e-01 9.831e-04 2.684e-04 2.438e-03 -1.000 5.544e-03 3.033 2.977 3.083 2.779
0.0055 -0.44261 8.03000 1.3931720257 2.5293020999    1.393  0.713  3.8947  4.399    1  0.000  0.538     0.00     0.00     0.00     0.00     0.00 -1 -1.52e-13      0.00 7.379e-01 2.565e-01 9.831e-04 2.684e-04 2.438e-03 -1.000 5.566e-03 2.987 2.934 3.034 2.747
0.0055 -0.44261 8.03000 1.4426841736 2.5339462294    1.443  0.781  3.9101  4.409    1  0.000  0.537     0.00     0.00     0.00     0.00     0.00 -1 -1.45e-13      0.00 7.379e-01 2.566e-01 9.825e-04 2.683e-04 2.438e-03 -1.000 5.509e-03 2.819 2.781 2.860 2.632
0.0055 -0.44261 8.03000 1.4921965599 2.5382377471    1.492  0.845  3.9246  4.418    1  0.000  0.537     0.00     0.00     0.00     0.00     0.00 -1 -1.32e-13      0.00 7.380e-01 2.564e-01 9.824e-04 2.683e-04 2.437e-03 -1.000 5.566e-03 2.659 2.642 2.702 2.528
0.0055 -0.44261 8.03000 1.5417087078 2.5422138004    1.542  0.906  3.9382  4.425    1  0.000  0.537     0.00     0.00     0.00     0.00     0.00 -1 -1.12e-13      0.00 7.381e-01 2.564e-01 9.824e-04 2.683e-04 2.437e-03 -1.000 5.497e-03 2.506 2.519 2.562 2.436
0.0055 -0.44261 8.03000 1.5912210941 2.5459066641    1.591  0.964  3.9511  4.432    1  0.000  0.538     0.00     0.00     0.00     0.00     0.00 -1 -8.56e-14      0.00 7.381e-01 2.563e-01 9.823e-04 2.682e-04 2.436e-03 -1.000 5.528e-03 2.360 2.408 2.438 2.352
0.0055 -0.44261 8.03000 1.6407332420 2.5493443758    1.640  1.021  3.9633  4.437    1  0.000  0.538     0.00     0.00     0.00     0.00     0.00 -1 -5.05e-14      0.00 7.382e-01 2.563e-01 9.821e-04 2.682e-04 2.436e-03 -1.000 5.519e-03 2.218 2.308 2.327 2.272
0.0055 -0.44261 8.03000 1.6902457476 2.5525515288    1.689  1.075  3.9747  4.442    1  0.000  0.537     0.00     0.00     0.00     0.00     0.00 -1 -1.79e-27      0.00 7.382e-01 2.563e-01 9.816e-04 2.681e-04 2.436e-03 -1.000 5.530e-03 2.083 2.215 2.226 2.196
0.0055 -0.44261 8.03000 1.7397580147 2.5555496449    1.739  1.127  3.9854  4.445    1  0.000  0.537     0.00     0.00     0.00     0.00     0.00 -1    -1e-30      0.00 7.383e-01 2.562e-01 9.815e-04 2.681e-04 2.435e-03 -1.000 5.547e-03 1.953 2.129 2.132 2.124
0.0055 -0.44261 8.03000 1.7892701626 2.5583577403    1.788  1.177  3.9952  4.446    1  0.000  0.537     0.00     0.00     0.00     0.00     0.00 -1    -1e-30      0.00 7.383e-01 2.562e-01 9.815e-04 2.681e-04 2.435e-03 -1.000 5.551e-03 1.828 2.046 2.043 2.053
0.0055 -0.44261 8.03000 1.8387321234 2.5609900490    1.838  1.225  4.0045  4.447    1  0.000  0.537     0.00     0.00     0.00     0.00     0.00 -1    -1e-30      0.00 7.384e-01 2.561e-01 9.813e-04 2.680e-04 2.435e-03 -1.000 5.517e-03 1.707 1.968 1.959 1.985
0.0055 -0.44261 8.03000 1.8881943226 2.5634644041    1.887  1.272  4.0130  4.446    1  0.000  0.537     0.00     0.00     0.00     0.00     0.00 -1    -1e-30      0.00 7.384e-01 2.561e-01 9.811e-04 2.680e-04 2.434e-03 -1.000 5.531e-03 1.591 1.891 1.878 1.917
0.0055 -0.44261 8.03000 1.9376561642 2.5657940315    1.937  1.317  4.0211  4.445    1  0.000  0.537     0.00     0.00     0.00     0.00     0.00 -1    -1e-30      0.00 7.384e-01 2.560e-01 9.811e-04 2.680e-04 2.434e-03 -1.000 5.541e-03 1.478 1.817 1.801 1.851
0.0055 -0.44261 8.03000 1.9871184826 2.5679908116    1.987  1.361  4.0288  4.443    1  0.000  0.537     0.00     0.00     0.00     0.00     0.00 -1    -1e-30      0.00 7.384e-01 2.560e-01 9.810e-04 2.680e-04 2.434e-03 -1.000 5.569e-03 1.368 1.746 1.725 1.785
0.0055 -0.44261 8.03000 2.0033612251 2.5686850513    2.003  1.375  4.0312  4.442    1  0.000  0.537     0.00     0.00     0.00     0.00     0.00 -1    -1e-30      0.00 7.384e-01 2.560e-01 9.811e-04 2.680e-04 2.434e-03 -1.000 5.560e-03 1.333 1.722 1.701 1.764
0.0055 -0.44261 8.03000 2.0365805626 2.5700653215    2.036  1.404  4.0362  4.440    1  0.000  0.537     0.00     0.00     0.00     0.00     0.00 -1    -1e-30      0.00 7.385e-01 2.560e-01 9.812e-04 2.680e-04 2.434e-03 -1.000 5.538e-03 1.261 1.675 1.652 1.721
0.0055 -0.44261 8.03000 2.0860424042 2.5720270946    2.085  1.445  4.0432  4.437    1  0.000  0.537     0.00     0.00     0.00     0.00     0.00 -1    -1e-30      0.00 7.385e-01 2.560e-01 9.810e-04 2.679e-04 2.434e-03 -1.000 5.568e-03 1.157 1.607 1.580 1.658
0.0055 -0.44261 8.03000 2.1355042458 2.5738847270    2.134  1.486  4.0500  4.433    1  0.000  0.537     0.00     0.00     0.00     0.00     0.00 -1    -1e-30      0.00 7.385e-01 2.560e-01 9.809e-04 2.679e-04 2.434e-03 -1.000 5.539e-03 1.055 1.539 1.510 1.595
0.0055 -0.44261 8.03000 2.1849665642 2.5756459881    2.184  1.526  4.0564  4.429    1  0.000  0.537     0.00     0.00     0.00     0.00     0.00 -1    -1e-30      0.00 7.385e-01 2.559e-01 9.807e-04 2.679e-04 2.434e-03 -1.000 5.558e-03 0.955 1.473 1.441 1.534
0.0055 -0.44261 8.03000 2.1902892590 2.5758300751    2.189  1.530  4.0571  4.428    1  0.000  0.537     0.00     0.00     0.00     0.00     0.00 -1    -1e-30      0.00 7.385e-01 2.559e-01 9.808e-04 2.679e-04 2.434e-03 -1.000 5.556e-03 0.944 1.466 1.434 1.527
0.0055 -0.44261 8.03000 2.2344286442 2.5773178692    2.233  1.565  4.0628  4.425    1  0.000  0.538     0.00     0.00     0.00     0.00     0.00 -1    -1e-30      0.00 7.385e-01 2.559e-01 9.811e-04 2.679e-04 2.433e-03 -1.000 5.543e-03 0.857 1.409 1.374 1.474
0.0055 -0.44261 8.03000 2.2399148941 2.5774980870    2.238  1.570  4.0635  4.424    1  0.000  0.538     0.00     0.00     0.00     0.00     0.00 -1    -1e-30      0.00 7.385e-01 2.559e-01 9.811e-04 2.679e-04 2.433e-03 -1.000 5.547e-03 0.846 1.402 1.367 1.467
0.0055 -0.44261 8.03000 2.2838907242 2.5789067453    2.282  1.604  4.0689  4.420    1  0.000  0.538     0.00     0.00     0.00     0.00     0.00 -1    -1e-30      0.00 7.385e-01 2.559e-01 9.811e-04 2.679e-04 2.434e-03 -1.000 5.559e-03 0.761 1.345 1.308 1.414
0.0055 -0.44261 8.03000 2.3333525658 2.5804183969    2.332  1.641  4.0748  4.416    1  0.000  0.537     0.00     0.00     0.00     0.00     0.00 -1    -1e-30      0.00 7.386e-01 2.559e-01 9.809e-04 2.679e-04 2.433e-03 -1.000 5.524e-03 0.667 1.282 1.244 1.355
0.0055 -0.44261 8.03000 2.3828148842 2.5818581182    2.382  1.678  4.0805  4.411    1  0.000  0.538     0.00     0.00     0.00     0.00     0.00 -1    -1e-30      0.00 7.386e-01 2.559e-01 9.810e-04 2.679e-04 2.433e-03 -1.000 5.546e-03 0.575 1.221 1.181 1.298
0.0055 -0.44261 8.03000 2.3915877342 2.5821063329    2.390  1.684  4.0815  4.410    1  0.000  0.538     0.00     0.00     0.00     0.00     0.00 -1    -1e-30      0.00 7.385e-01 2.559e-01 9.812e-04 2.679e-04 2.434e-03 -1.000 5.548e-03 0.559 1.211 1.170 1.288
0.0055 -0.44261 8.03000 2.4322769642 2.5832307011    2.430  1.713  4.0860  4.406    1  0.000  0.538     0.00     0.00     0.00     0.00     0.00 -1    -1e-30      0.00 7.382e-01 2.562e-01 9.822e-04 2.682e-04 2.436e-03 -1.000 5.558e-03 0.487 1.163 1.120 1.243
0.0055 -0.44261 8.03000 2.4570944309 2.5838954970    2.455  1.731  4.0887  4.404    1  0.000  0.538     0.00     0.00     0.00     0.00     0.00 -1    -1e-30      0.00 7.380e-01 2.565e-01 9.829e-04 2.684e-04 2.438e-03 -1.000 5.559e-03 0.443 1.133 1.089 1.214
0.0055 -0.44261 8.03000 2.6181824207 2.5878606344    2.617  1.844  4.1057  4.387    1  0.000  0.538     0.00     0.00     0.00     0.00     0.00 -1    -1e-30      0.00 7.362e-01 2.582e-01 9.883e-04 2.698e-04 2.451e-03 -1.000 5.571e-03 0.161 0.945 0.896 1.036
0.0055 -0.44261 8.03000 2.6301250458 2.5881324392    2.629  1.852  4.1069  4.386    1  0.000  0.538     0.00     0.00     0.00     0.00     0.00 -1    -1e-30      0.00 7.361e-01 2.584e-01 9.888e-04 2.699e-04 2.452e-03 -1.000 5.571e-03 0.141 0.931 0.882 1.023
0.0055 -0.44261 8.03000 2.7622594833 2.5909602396    2.762  1.940  4.1195  4.370    1  0.000  0.538     0.00     0.00     0.00     0.00     0.00 -1    -1e-30      0.00 7.361e-01 2.584e-01 9.888e-04 2.699e-04 2.452e-03 -1.000 5.571e-03 -0.079 0.782 0.729 0.882
0.0055 -0.44261 8.03000 2.8279733658 2.5922539678    2.827  1.982  4.1256  4.361    1  0.000  0.538     0.00     0.00     0.00     0.00     0.00 -1    -1e-30      0.00 7.361e-01 2.584e-01 9.888e-04 2.699e-04 2.452e-03 -1.000 5.571e-03 -0.185 0.710 0.654 0.813
0.0055 -0.44261 8.03000 2.8817594051 2.5932625255    2.881  2.016  4.1303  4.355    1  0.000  0.538     0.00     0.00     0.00     0.00     0.00 -1    -1e-30      0.00 7.361e-01 2.584e-01 9.888e-04 2.699e-04 2.452e-03 -1.000 5.571e-03 -0.270 0.651 0.595 0.757
0.0055 -0.44261 8.03000 3.0008726120 2.5953487886    3.000  2.090  4.1403  4.338    1  0.000  0.538     0.00     0.00     0.00     0.00     0.00 -1    -1e-30      0.00 7.361e-01 2.584e-01 9.888e-04 2.699e-04 2.452e-03 -1.000 5.571e-03 -0.455 0.523 0.463 0.635
0.0055 -0.44261 8.03000 3.0258216858 2.5957619127    3.025  2.105  4.1423  4.334    1  0.000  0.538     0.00     0.00     0.00     0.00     0.00 -1    -1e-30      0.00 7.361e-01 2.584e-01 9.888e-04 2.699e-04 2.452e-03 -1.000 5.571e-03 -0.494 0.496 0.435 0.609
0.0055 -0.44261 8.03000 3.1096360683 2.5970941199    3.109  2.156  4.1487  4.321    1  0.000  0.538     0.00     0.00     0.00     0.00     0.00 -1    -1e-30      0.00 7.361e-01 2.584e-01 9.888e-04 2.699e-04 2.452e-03 -1.000 5.571e-03 -0.621 0.406 0.343 0.522
0.0055 -0.44261 8.03000 3.2236697674 2.5987793532    3.222  2.225  4.1570  4.302    1  0.000  0.538     0.00     0.00     0.00     0.00     0.00 -1    -1e-30      0.00 7.361e-01 2.584e-01 9.888e-04 2.699e-04 2.452e-03 -1.000 5.571e-03 -0.791 0.283 0.218 0.404
0.0055 -0.44261 8.03000 3.2690129280 2.5994120006    3.267  2.251  4.1602  4.294    1  0.000  0.538     0.00     0.00     0.00     0.00     0.00 -1    -1e-30      0.00 7.361e-01 2.584e-01 9.888e-04 2.699e-04 2.452e-03 -1.000 5.571e-03 -0.858 0.235 0.169 0.358
0.0055 -0.44261 8.03000 3.4215180874 2.6013990536    3.419  2.339  4.1701  4.265    1  0.000  0.538     0.00     0.00     0.00     0.00     0.00 -1    -1e-30      0.00 7.361e-01 2.584e-01 9.888e-04 2.699e-04 2.452e-03 -1.000 5.571e-03 -1.079 0.072 0.002 0.200
0.0055 -0.44261 8.03000 3.4325957298 2.6015354991    3.430  2.346  4.1708  4.263    1  0.000  0.538     0.00     0.00     0.00     0.00     0.00 -1    -1e-30      0.00 7.361e-01 2.584e-01 9.888e-04 2.699e-04 2.452e-03 -1.000 5.571e-03 -1.094 0.060 -0.010 0.189
0.0055 -0.44261 8.03000 3.5753402710 2.6032070860    3.572  2.426  4.1789  4.232    1  0.000  0.538     0.00     0.00     0.00     0.00     0.00 -1    -1e-30      0.00 7.361e-01 2.584e-01 9.888e-04 2.699e-04 2.452e-03 -1.000 5.571e-03 -1.296 -0.095 -0.167 0.039
0.0055 -0.44261 8.03000 3.6193659306 2.6036921456    3.617  2.451  4.1811  4.222    1  0.000  0.538     0.00     0.00     0.00     0.00     0.00 -1    -1e-30      0.00 7.361e-01 2.584e-01 9.888e-04 2.699e-04 2.452e-03 -1.000 5.571e-03 -1.358 -0.144 -0.217 -0.009
0.0055 -0.44261 8.03000 3.6830916405 2.6043706872    3.681  2.487  4.1842  4.206    1  0.000  0.538     0.00     0.00     0.00     0.00     0.00 -1    -1e-30      0.00 7.361e-01 2.584e-01 9.888e-04 2.699e-04 2.452e-03 -1.000 5.571e-03 -1.446 -0.214 -0.288 -0.078
0.0055 -0.44261 8.03000 3.7895412445 2.6054458269    3.787  2.546  4.1887  4.177    1  0.000  0.538     0.00     0.00     0.00     0.00     0.00 -1    -1e-30      0.00 7.361e-01 2.584e-01 9.888e-04 2.699e-04 2.452e-03 -1.000 5.571e-03 -1.596 -0.338 -0.413 -0.199
0.0055 -0.44261 8.03000 3.8172140121 2.6057140523    3.815  2.562  4.1897  4.168    1  0.000  0.538     0.00     0.00     0.00     0.00     0.00 -1    -1e-30      0.00 7.361e-01 2.584e-01 9.888e-04 2.699e-04 2.452e-03 -1.000 5.571e-03 -1.635 -0.371 -0.446 -0.231
0.0055 -0.44261 8.03000 3.8958938122 2.6064527922    3.895  2.606  4.1924  4.144    1  0.000  0.538     0.00     0.00     0.00     0.00     0.00 -1    -1e-30      0.00 7.361e-01 2.584e-01 9.888e-04 2.699e-04 2.452e-03 -1.000 5.571e-03 -1.744 -0.464 -0.541 -0.323
0.0055 -0.44261 8.03000 3.9836788177 2.6072375419    3.983  2.654  4.1948  4.115    1  0.000  0.538     0.00     0.00     0.00     0.00     0.00 -1    -1e-30      0.00 7.361e-01 2.584e-01 9.888e-04 2.699e-04 2.452e-03 -1.000 5.571e-03 -1.866 -0.572 -0.649 -0.430
0.0055 -0.44261 8.03000 4.0150623322 2.6075085355    4.015  2.672  4.1954  4.103    1  0.000  0.538     0.00     0.00     0.00     0.00     0.00 -1    -1e-30      0.00 7.361e-01 2.584e-01 9.888e-04 2.699e-04 2.452e-03 -1.000 5.571e-03 -1.910 -0.613 -0.690 -0.470
0.0055 -0.44261 8.03000 4.0693540573 2.6079660082    4.069  2.702  4.1963  4.083    1  0.000  0.538     0.00     0.00     0.00     0.00     0.00 -1    -1e-30      0.00 7.361e-01 2.584e-01 9.888e-04 2.699e-04 2.452e-03 -1.000 5.571e-03 -1.985 -0.683 -0.761 -0.540
0.0055 -0.44261 8.03000 4.1712546349 2.6087877834    4.169  2.760  4.1968  4.038    1  0.000  0.538     0.00     0.00     0.00     0.00     0.00 -1    -1e-30      0.00 7.361e-01 2.584e-01 9.888e-04 2.699e-04 2.452e-03 -1.000 5.571e-03 -2.130 -0.825 -0.903 -0.682
0.0055 -0.44261 8.03000 4.2129106522 2.6091105826    4.211  2.784  4.1966  4.017    1  0.000  0.538     0.00     0.00     0.00     0.00     0.00 -1    -1e-30      0.00 7.361e-01 2.584e-01 9.888e-04 2.699e-04 2.452e-03 -1.000 5.571e-03 -2.189 -0.886 -0.964 -0.743
0.0055 -0.44261 8.03000 4.2623753548 2.6094844846    4.260  2.812  4.1962  3.992    1  0.000  0.538     0.00     0.00     0.00     0.00     0.00 -1    -1e-30      0.00 7.361e-01 2.584e-01 9.888e-04 2.699e-04 2.452e-03 -1.000 5.571e-03 -2.259 -0.959 -1.037 -0.816
0.0055 -0.44261 8.03000 4.3387179375 2.6100423578    4.336  2.856  4.1941  3.947    1  0.000  0.538     0.00     0.00     0.00     0.00     0.00 -1    -1e-30      0.00 7.361e-01 2.584e-01 9.888e-04 2.699e-04 2.452e-03 -1.000 5.571e-03 -2.370 -1.084 -1.161 -0.941
0.0055 -0.44261 8.03000 4.4107589722 2.6105484820    4.408  2.899  4.1907  3.898    1  0.000  0.538     0.00     0.00     0.00     0.00     0.00 -1    -1e-30      0.00 7.361e-01 2.584e-01 9.888e-04 2.699e-04 2.452e-03 -1.000 5.571e-03 -2.478 -1.212 -1.288 -1.071
0.0055 -0.44261 8.03000 4.4113688469 2.6105526856    4.408  2.899  4.1907  3.897    1  0.000  0.538     0.00     0.00     0.00     0.00     0.00 -1    -1e-30      0.00 7.361e-01 2.584e-01 9.888e-04 2.699e-04 2.452e-03 -1.000 5.571e-03 -2.479 -1.213 -1.289 -1.072
0.0055 -0.44261 8.03000 4.4870829582 2.6110643581    4.484  2.944  4.1855  3.839    1  0.000  0.538     0.00     0.00     0.00     0.00     0.00 -1    -1e-30      0.00 7.361e-01 2.584e-01 9.888e-04 2.699e-04 2.452e-03 -1.000 5.571e-03 -2.591 -1.356 -1.431 -1.219
0.0055 -0.44261 8.03000 4.5513424873 2.6114832970    4.548  2.984  4.1788  3.779    1  0.000  0.538     0.00     0.00     0.00     0.00     0.00 -1    -1e-30      0.00 7.361e-01 2.584e-01 9.888e-04 2.699e-04 2.452e-03 -1.000 5.571e-03 -2.690 -1.496 -1.569 -1.362
0.0055 -0.44261 8.03000 4.6051664352 2.6118238733    4.602  3.018  4.1716  3.721    1  0.000  0.538     0.00     0.00     0.00     0.00     0.00 -1    -1e-30      0.00 7.361e-01 2.584e-01 9.888e-04 2.699e-04 2.452e-03 -1.000 5.571e-03 -2.775 -1.623 -1.694 -1.494
0.0055 -0.44261 8.03000 4.6086072922 2.6118453348    4.606  3.020  4.1711  3.717    1  0.000  0.538     0.00     0.00     0.00     0.00     0.00 -1    -1e-30      0.00 7.361e-01 2.584e-01 9.888e-04 2.699e-04 2.452e-03 -1.000 5.571e-03 -2.781 -1.632 -1.702 -1.503
0.0055 -0.44261 8.03000 4.6117920876 2.6118651663    4.609  3.022  4.1707  3.714    1  0.000  0.538     0.00     0.00     0.00     0.00     0.00 -1    -1e-30      0.00 7.361e-01 2.584e-01 9.888e-04 2.699e-04 2.452e-03 -1.000 5.571e-03 -2.786 -1.639 -1.710 -1.511
0.0055 -0.44261 8.03000 4.6609668732 2.6121674231    4.658  3.055  4.1630  3.655    1  0.000  0.538     0.00     0.00     0.00     0.00     0.00 -1    -1e-30      0.00 7.361e-01 2.584e-01 9.888e-04 2.699e-04 2.452e-03 -1.000 5.571e-03 -2.867 -1.766 -1.834 -1.642
0.0055 -0.44261 8.03000 4.7093577385 2.6124577860    4.707  3.090  4.1561  3.597    1  0.000  0.538     0.00     0.00     0.00     0.00     0.00 -1    -1e-30      0.00 7.361e-01 2.584e-01 9.888e-04 2.699e-04 2.452e-03 -1.000 5.571e-03 -2.956 -1.895 -1.962 -1.775
0.0055 -0.44261 8.03000 4.7215385437 2.6125297978    4.719  3.100  4.1550  3.584    1  0.000  0.538     0.00     0.00     0.00     0.00     0.00 -1    -1e-30      0.00 7.361e-01 2.584e-01 9.888e-04 2.699e-04 2.452e-03 -1.000 5.571e-03 -2.980 -1.925 -1.992 -1.806
0.0055 -0.44261 8.03000 4.7424511909 2.6126524399    4.740  3.126  4.1661  3.604    1  0.000  0.538     0.00     0.00     0.00     0.00     0.00 -1    -1e-30      0.00 7.361e-01 2.584e-01 9.888e-04 2.699e-04 2.452e-03 -1.000 5.571e-03 -3.045 -1.926 -1.996 -1.800
0.0055 -0.44261 8.03000 4.7484421730 2.6126873452    4.746  3.140  4.1766  3.633    1  0.000  0.538     0.00     0.00     0.00     0.00     0.00 -1    -1e-30      0.00 7.361e-01 2.584e-01 9.888e-04 2.699e-04 2.452e-03 -1.000 5.571e-03 -3.080 -1.900 -1.973 -1.768
0.0055 -0.44261 8.03000 4.7508358955 2.6127012634    4.748  3.154  4.1875  3.663    1  0.000  0.538     0.00     0.00     0.00     0.00     0.00 -1    -1e-30      0.00 7.361e-01 2.584e-01 9.888e-04 2.699e-04 2.452e-03 -1.000 5.571e-03 -3.115 -1.871 -1.947 -1.732
0.0055 -0.44261 8.03000 4.7519998550 2.6127080254    4.750  3.169  4.1979  3.689    1  0.000  0.538     0.00     0.00     0.00     0.00     0.00 -1    -1e-30      0.00 7.361e-01 2.584e-01 9.888e-04 2.699e-04 2.452e-03 -1.000 5.571e-03 -3.154 -1.848 -1.927 -1.704
0.0055 -0.44261 8.03000 4.7526359558 2.6127117192    4.750  3.185  4.2068  3.709    1  0.000  0.538     0.00     0.00     0.00     0.00     0.00 -1    -1e-30      0.00 7.361e-01 2.584e-01 9.888e-04 2.699e-04 2.452e-03 -1.000 5.571e-03 -3.192 -1.834 -1.916 -1.685
0.0055 -0.44261 8.03000 4.7529497147 2.6127135408    4.750  3.193  4.2115  3.720    1  0.000  0.538     0.00     0.00     0.00     0.00     0.00 -1    -1e-30      0.00 7.361e-01 2.584e-01 9.888e-04 2.699e-04 2.452e-03 -1.000 5.571e-03 -3.212 -1.827 -1.910 -1.675
0.0055 -0.44261 8.03000 4.7532572746 2.6127153261    4.751  3.162  4.2010  3.709    2  0.000  0.538     0.00     0.00     0.00     0.00     0.00 -1    -1e-30      0.00 7.361e-01 2.584e-01 9.888e-04 2.699e-04 2.452e-03 -1.000 5.571e-03 -3.135 -1.811 -1.891 -1.665
0.0055 -0.44261 8.03000 4.7534160614 2.6127162477    4.751  3.148  4.1921  3.687    2  0.000  0.538     0.00     0.00     0.00     0.00     0.00 -1    -1e-30      0.00 7.361e-01 2.584e-01 9.888e-04 2.699e-04 2.452e-03 -1.000 5.571e-03 -3.101 -1.829 -1.907 -1.688
0.0055 -0.44261 8.03000 4.7536144257 2.6127173989    4.751  3.144  4.1804  3.644    2  0.000  0.538     0.00     0.00     0.00     0.00     0.00 -1    -1e-30      0.00 7.361e-01 2.584e-01 9.888e-04 2.699e-04 2.452e-03 -1.000 5.571e-03 -3.091 -1.889 -1.963 -1.755
0.0055 -0.44261 8.03000 4.7538313866 2.6127186579    4.751  3.155  4.1685  3.586    2  0.000  0.538     0.00     0.00     0.00     0.00     0.00 -1    -1e-30      0.00 7.361e-01 2.584e-01 9.888e-04 2.699e-04 2.452e-03 -1.000 5.571e-03 -3.116 -1.984 -2.054 -1.857
0.0055 -0.44261 8.03000 4.7540707588 2.6127200468    4.752  3.170  4.1565  3.523    2  0.000  0.538     0.00     0.00     0.00     0.00     0.00 -1    -1e-30      0.00 7.361e-01 2.584e-01 9.888e-04 2.699e-04 2.452e-03 -1.000 5.571e-03 -3.154 -2.092 -2.159 -1.972
0.0055 -0.44261 8.03000 4.7543244362 2.6127215186    4.752  3.183  4.1445  3.462    2  0.000  0.538     0.00     0.00     0.00     0.00     0.00 -1    -1e-30      0.00 7.361e-01 2.584e-01 9.888e-04 2.699e-04 2.452e-03 -1.000 5.571e-03 -3.187 -2.195 -2.258 -2.082
0.0055 -0.44261 8.03000 4.7545876503 2.6127230455    4.752  3.193  4.1324  3.404    2  0.000  0.538     0.00     0.00     0.00     0.00     0.00 -1    -1e-30      0.00 7.361e-01 2.584e-01 9.888e-04 2.699e-04 2.452e-03 -1.000 5.571e-03 -3.212 -2.289 -2.348 -2.183
0.0055 -0.44261 8.03000 4.7548565865 2.6127246053    4.752  3.200  4.1203  3.348    2  0.000  0.538     0.00     0.00     0.00     0.00     0.00 -1    -1e-30      0.00 7.361e-01 2.584e-01 9.888e-04 2.699e-04 2.452e-03 -1.000 5.571e-03 -3.229 -2.375 -2.431 -2.277
0.0055 -0.44261 8.03000 4.7551269531 2.6127261733    4.753  3.205  4.1082  3.295    2  0.000  0.538     0.00     0.00     0.00     0.00     0.00 -1    -1e-30      0.00 7.361e-01 2.584e-01 9.888e-04 2.699e-04 2.452e-03 -1.000 5.571e-03 -3.242 -2.456 -2.508 -2.365
0.0055 -0.44261 8.03000 4.7553963661 2.6127277356    4.753  3.208  4.0961  3.243    2  0.000  0.538     0.00     0.00     0.00     0.00     0.00 -1    -1e-30      0.00 7.361e-01 2.584e-01 9.888e-04 2.699e-04 2.452e-03 -1.000 5.571e-03 -3.250 -2.532 -2.580 -2.448
0.0055 -0.44261 8.03000 4.7556605339 2.6127292672    4.753  3.210  4.0839  3.192    2  0.000  0.538     0.00     0.00     0.00     0.00     0.00 -1    -1e-30      0.00 7.361e-01 2.584e-01 9.888e-04 2.699e-04 2.452e-03 -1.000 5.571e-03 -3.256 -2.603 -2.648 -2.528
0.0055 -0.44261 8.03000 4.7559175491 2.6127307572    4.753  3.211  4.0717  3.143    2  0.000  0.538     0.00     0.00     0.00     0.00     0.00 -1    -1e-30      0.00 7.361e-01 2.584e-01 9.888e-04 2.699e-04 2.452e-03 -1.000 5.571e-03 -3.258 -2.672 -2.712 -2.603
0.0055 -0.44261 8.03000 4.7561659813 2.6127321972    4.754  3.212  4.0596  3.094    2  0.000  0.538     0.00     0.00     0.00     0.00     0.00 -1    -1e-30      0.00 7.361e-01 2.584e-01 9.888e-04 2.699e-04 2.452e-03 -1.000 5.571e-03 -3.259 -2.736 -2.773 -2.676
0.0055 -0.44261 8.03000 4.7564029694 2.6127335707    4.754  3.211  4.0474  3.045    2  0.000  0.538     0.00     0.00     0.00     0.00     0.00 -1    -1e-30      0.00 7.361e-01 2.584e-01 9.888e-04 2.699e-04 2.452e-03 -1.000 5.571e-03 -3.258 -2.798 -2.830 -2.745
0.0055 -0.44261 8.03000 4.7566285133 2.6127348778    4.754  3.210  4.0352  2.998    2  0.000  0.538     0.00     0.00     0.00     0.00     0.00 -1    -1e-30      0.00 7.361e-01 2.584e-01 9.888e-04 2.699e-04 2.452e-03 -1.000 5.571e-03 -3.255 -2.856 -2.884 -2.811
0.0055 -0.44261 8.03000 4.7568430901 2.6127361212    4.754  3.208  4.0230  2.951    2  0.000  0.538     0.00     0.00     0.00     0.00     0.00 -1    -1e-30      0.00 7.361e-01 2.584e-01 9.888e-04 2.699e-04 2.452e-03 -1.000 5.571e-03 -3.251 -2.912 -2.935 -2.875
0.0055 -0.44261 8.03000 4.7570457458 2.6127372953    4.755  3.206  4.0109  2.905    2  0.000  0.538     0.00     0.00     0.00     0.00     0.00 -1    -1e-30      0.00 7.361e-01 2.584e-01 9.888e-04 2.699e-04 2.452e-03 -1.000 5.571e-03 -3.245 -2.964 -2.984 -2.936
0.0055 -0.44261 8.03000 4.7572364807 2.6127384003    4.755  3.203  3.9988  2.859    2  0.000  0.538     0.00     0.00     0.00     0.00     0.00 -1    -1e-30      0.00 7.361e-01 2.584e-01 9.888e-04 2.699e-04 2.452e-03 -1.000 5.571e-03 -3.238 -3.014 -3.029 -2.994
0.0055 -0.44261 8.03000 4.7574162483 2.6127394417    4.755  3.200  3.9866  2.813    2  0.000  0.538     0.00     0.00     0.00     0.00     0.00 -1    -1e-30      0.00 7.361e-01 2.584e-01 9.888e-04 2.699e-04 2.452e-03 -1.000 5.571e-03 -3.231 -3.061 -3.070 -3.051
0.0055 -0.44261 8.03000 4.7575850487 2.6127404195    4.755  3.197  3.9746  2.769    2  0.000  0.538     0.00     0.00     0.00     0.00     0.00 -1    -1e-30      0.00 7.361e-01 2.584e-01 9.888e-04 2.699e-04 2.452e-03 -1.000 5.571e-03 -3.222 -3.104 -3.108 -3.104
0.0055 -0.44261 8.03000 4.7577438354 2.6127413392    4.755  3.193  3.9626  2.724    2  0.000  0.538     0.00     0.00     0.00     0.00     0.00 -1    -1e-30      0.00 7.361e-01 2.584e-01 9.888e-04 2.699e-04 2.452e-03 -1.000 5.571e-03 -3.213 -3.144 -3.142 -3.155
0.0055 -0.44261 8.03000 4.7578930855 2.6127422035    4.755  3.189  3.9506  2.681    2  0.000  0.538     0.00     0.00     0.00     0.00     0.00 -1    -1e-30      0.00 7.361e-01 2.584e-01 9.888e-04 2.699e-04 2.452e-03 -1.000 5.571e-03 -3.202 -3.180 -3.171 -3.204
0.0055 -0.44261 8.03000 4.7580342293 2.6127430209    4.756  3.184  3.9386  2.637    2  0.000  0.538     0.00     0.00     0.00     0.00     0.00 -1    -1e-30      0.00 7.361e-01 2.584e-01 9.888e-04 2.699e-04 2.452e-03 -1.000 5.571e-03 -3.191 -3.211 -3.194 -3.250
0.0055 -0.44261 8.03000 4.7581663132 2.6127437858    4.756  3.180  3.9266  2.594    2  0.000  0.538     0.00     0.00     0.00     0.00     0.00 -1    -1e-30      0.00 7.361e-01 2.584e-01 9.888e-04 2.699e-04 2.452e-03 -1.000 5.571e-03 -3.179 -3.235 -3.210 -3.292
0.0055 -0.44261 8.03000 4.7582907677 2.6127445064    4.756  3.175  3.9146  2.551    2  0.000  0.538     0.00     0.00     0.00     0.00     0.00 -1    -1e-30      0.00 7.361e-01 2.584e-01 9.888e-04 2.699e-04 2.452e-03 -1.000 5.571e-03 -3.167 -3.253 -3.216 -3.330
0.0055 -0.44261 8.03000 4.7584080696 2.6127451856    4.756  3.170  3.9026  2.508    2  0.000  0.538     0.00     0.00     0.00     0.00     0.00 -1    -1e-30      0.00 7.361e-01 2.584e-01 9.888e-04 2.699e-04 2.452e-03 -1.000 5.571e-03 -3.154 -3.264 -3.215 -3.365
0.0055 -0.44261 8.03000 4.7585177422 2.6127458206    4.756  3.164  3.8907  2.466    2  0.000  0.538     0.00     0.00     0.00     0.00     0.00 -1    -1e-30      0.00 7.361e-01 2.584e-01 9.888e-04 2.699e-04 2.452e-03 -1.000 5.571e-03 -3.140 -3.268 -3.204 -3.396
0.0055 -0.44261 8.03000 4.7586207390 2.6127464169    4.756  3.159  3.8788  2.424    2  0.000  0.538     0.00     0.00     0.00     0.00     0.00 -1    -1e-30      0.00 7.361e-01 2.584e-01 9.888e-04 2.699e-04 2.452e-03 -1.000 5.571e-03 -3.126 -3.265 -3.185 -3.423
0.0055 -0.44261 8.03000 4.7587170601 2.6127469745    4.756  3.153  3.8669  2.382    2  0.000  0.538     0.00     0.00     0.00     0.00     0.00 -1    -1e-30      0.00 7.361e-01 2.584e-01 9.888e-04 2.699e-04 2.452e-03 -1.000 5.571e-03 -3.112 -3.259 -3.160 -3.449
0.0055 -0.44261 8.03000 4.7588076591 2.6127474989    4.756  3.147  3.8552  2.341    2  0.000  0.538     0.00     0.00     0.00     0.00     0.00 -1    -1e-30      0.00 7.361e-01 2.584e-01 9.888e-04 2.699e-04 2.452e-03 -1.000 5.571e-03 -3.097 -3.250 -3.130 -3.472
0.0055 -0.44261 8.03000 4.7588930130 2.6127479930    4.756  3.141  3.8434  2.300    2  0.000  0.538     0.00     0.00     0.00     0.00     0.00 -1    -1e-30      0.00 7.361e-01 2.584e-01 9.888e-04 2.699e-04 2.452e-03 -1.000 5.571e-03 -3.082 -3.237 -3.096 -3.493
0.0055 -0.44261 8.03000 4.7589731216 2.6127484567    4.757  3.135  3.8317  2.260    2  0.000  0.538     0.00     0.00     0.00     0.00     0.00 -1    -1e-30      0.00 7.361e-01 2.584e-01 9.888e-04 2.699e-04 2.452e-03 -1.000 5.571e-03 -3.067 -3.222 -3.060 -3.510
0.0055 -0.44261 8.03000 4.7590489388 2.6127488956    4.757  3.128  3.8201  2.219    2  0.000  0.538     0.00     0.00     0.00     0.00     0.00 -1    -1e-30      0.00 7.361e-01 2.584e-01 9.888e-04 2.699e-04 2.452e-03 -1.000 5.571e-03 -3.051 -3.204 -3.020 -3.524
0.0055 -0.44261 8.03000 4.7591199875 2.6127493068    4.757  3.122  3.8085  2.179    2  0.000  0.538     0.00     0.00     0.00     0.00     0.00 -1    -1e-30      0.00 7.361e-01 2.584e-01 9.888e-04 2.699e-04 2.452e-03 -1.000 5.571e-03 -3.035 -3.184 -2.978 -3.535
0.0055 -0.44261 8.03000 4.7591872215 2.6127496959    4.757  3.116  3.7971  2.140    2  0.000  0.538     0.00     0.00     0.00     0.00     0.00 -1    -1e-30      0.00 7.361e-01 2.584e-01 9.888e-04 2.699e-04 2.452e-03 -1.000 5.571e-03 -3.019 -3.162 -2.933 -3.544
0.0055 -0.44261 8.03000 4.7592506409 2.6127500630    4.757  3.109  3.7857  2.101    2  0.000  0.538     0.00     0.00     0.00     0.00     0.00 -1    -1e-30      0.00 7.361e-01 2.584e-01 9.888e-04 2.699e-04 2.452e-03 -1.000 5.571e-03 -3.003 -3.137 -2.885 -3.550
0.0055 -0.44261 8.03000 4.7593116760 2.6127504162    4.757  3.102  3.7744  2.063    2  0.000  0.538     0.00     0.00     0.00     0.00     0.00 -1    -1e-30      0.00 7.361e-01 2.584e-01 9.888e-04 2.699e-04 2.452e-03 -1.000 5.571e-03 -2.986 -3.111 -2.833 -3.553
0.0055 -0.44261 8.03000 4.7593693733 2.6127507501    4.757  3.095  3.7635  2.026    2  0.000  0.538     0.00     0.00     0.00     0.00     0.00 -1    -1e-30      0.00 7.361e-01 2.584e-01 9.888e-04 2.699e-04 2.452e-03 -1.000 5.571e-03 -2.968 -3.082 -2.781 -3.552
0.0055 -0.44261 8.03000 4.7594251633 2.6127510730    4.757  3.088  3.7532  1.992    2  0.000  0.538     0.00     0.00     0.00     0.00     0.00 -1    -1e-30      0.00 7.361e-01 2.584e-01 9.888e-04 2.699e-04 2.452e-03 -1.000 5.571e-03 -2.950 -3.052 -2.728 -3.547
0.0055 -0.44261 8.03000 4.7594814301 2.6127513986    4.757  3.080  3.7436  1.961    2  0.000  0.538     0.00     0.00     0.00     0.00     0.00 -1    -1e-30      0.00 7.361e-01 2.584e-01 9.888e-04 2.699e-04 2.452e-03 -1.000 5.571e-03 -2.931 -3.019 -2.673 -3.537
0.0055 -0.44261 8.03000 4.7595458031 2.6127517711    4.757  3.070  3.7340  1.933    2  0.000  0.538     0.00     0.00     0.00     0.00     0.00 -1    -1e-30      0.00 7.361e-01 2.584e-01 9.888e-04 2.699e-04 2.452e-03 -1.000 5.571e-03 -2.906 -2.979 -2.612 -3.521
0.0055 -0.44261 8.03000 4.7596216202 2.6127522098    4.757  3.058  3.7249  1.909    2  0.000  0.538     0.00     0.00     0.00     0.00     0.00 -1    -1e-30      0.00 7.361e-01 2.584e-01 9.888e-04 2.699e-04 2.452e-03 -1.000 5.571e-03 -2.874 -2.932 -2.543 -3.495
0.0055 -0.44261 8.03000 4.7597332001 2.6127528555    4.757  3.038  3.7149  1.890    2  0.000  0.538     0.00     0.00     0.00     0.00     0.00 -1    -1e-30      0.00 7.361e-01 2.584e-01 9.888e-04 2.699e-04 2.452e-03 -1.000 5.571e-03 -2.824 -2.863 -2.450 -3.449
0.0055 -0.44261 8.03000 4.7598409653 2.6127534790    4.757  3.018  3.7070  1.877    2  0.000  0.538     0.00     0.00     0.00     0.00     0.00 -1    -1e-30      0.00 7.361e-01 2.584e-01 9.888e-04 2.699e-04 2.452e-03 -1.000 5.571e-03 -2.775 -2.797 -2.365 -3.401
0.0055 -0.44261 8.03000 4.7600064278 2.6127544363    4.758  2.997  3.6961  1.855    2  0.000  0.538     0.00     0.00     0.00     0.00     0.00 -1    -1e-30      0.00 7.361e-01 2.584e-01 9.888e-04 2.699e-04 2.452e-03 -1.000 5.571e-03 -2.721 -2.717 -2.258 -3.346
0.0055 -0.44261 8.03000 4.7600555420 2.6127547204    4.758  2.992  3.6930  1.847    2  0.000  0.538     0.00     0.00     0.00     0.00     0.00 -1    -1e-30      0.00 7.361e-01 2.584e-01 9.888e-04 2.699e-04 2.452e-03 -1.000 5.571e-03 -2.711 -2.698 -2.232 -3.334
0.0055 -0.44261 8.03000 4.7600989342 2.6127549715    4.758  2.995  3.6903  1.834    3  0.000  0.538     5.14     4.62     3.44     2.48     2.03  4    -1e-30      0.00 7.361e-01 2.584e-01 9.888e-04 2.699e-04 2.452e-03 -1.000 5.571e-03 -2.717 -2.698 -2.224 -3.340
0.0055 -0.44261 8.03000 4.7602338791 2.6127557521    4.758  3.018  3.6818  1.776    3  0.000  0.538     5.80     5.12     3.80     2.75     2.25  4    -1e-30      0.00 7.361e-01 2.584e-01 9.887e-04 2.699e-04 2.452e-03 -1.000 5.571e-03 -2.776 -2.734 -2.237 -3.396
0.0055 -0.44261 8.03000 4.7603321075 2.6127563203    4.758  3.049  3.6757  1.721    3  0.000  0.537     6.52     5.66     4.18     3.02     2.48  4    -1e-30      0.00 7.361e-01 2.584e-01 9.877e-04 2.701e-04 2.452e-03 -1.000 5.571e-03 -2.853 -2.795 -2.281 -3.470
0.0055 -0.44261 8.03000 4.7604241371 2.6127568527    4.758  3.085  3.6704  1.664    3  0.000  0.533     7.36     6.27     4.61     3.34     2.74  4    -1e-30      0.00 7.360e-01 2.584e-01 9.810e-04 2.724e-04 2.452e-03 -1.000 5.571e-03 -2.943 -2.870 -2.340 -3.557
0.0055 -0.44261 8.03000 4.7605142593 2.6127573739    4.758  3.119  3.6660  1.612    3  0.000  0.520     8.21     6.89     5.04     3.66     3.00  4    -1e-30      0.00 7.360e-01 2.584e-01 9.561e-04 2.906e-04 2.452e-03 -1.000 5.572e-03 -3.028 -2.940 -2.398 -3.638
0.0055 -0.44261 8.03000 4.7606043816 2.6127578952    4.758  3.151  3.6622  1.566    3  0.000  0.498     9.06     7.49     5.46     3.97     3.26  4    -1e-30      0.00 7.360e-01 2.585e-01 9.145e-04 3.282e-04 2.452e-03 -1.000 5.576e-03 -3.107 -3.005 -2.453 -3.711
0.0055 -0.44261 8.03000 4.7606530190 2.6127581765    4.758  3.164  3.6607  1.546    3  0.000  0.482     9.44     7.76     5.65     4.11     3.37  4    -1e-30      0.00 7.359e-01 2.586e-01 8.865e-04 3.610e-04 2.452e-03 -1.000 5.573e-03 -3.141 -3.034 -2.477 -3.743
0.0055 -0.44261 8.03000 4.7607655525 2.6127588273    4.758  3.184  3.6586  1.518    3  0.000  0.462    10.02     8.17     5.93     4.32     3.54  4    -1e-30      0.00 7.358e-01 2.586e-01 8.500e-04 4.057e-04 2.452e-03 -1.000 5.572e-03 -3.189 -3.075 -2.511 -3.789
0.0055 -0.44261 8.03000 4.7611222267 2.6127608899    4.759  3.230  3.6535  1.451    3  0.000  0.420    11.54     9.21     6.65     4.85     3.98  4    -1e-30      0.00 7.357e-01 2.587e-01 7.720e-04 5.016e-04 2.452e-03 -1.000 5.587e-03 -3.305 -3.169 -2.589 -3.895
0.0055 -0.44261 8.03000 4.7615976334 2.6127636385    4.759  3.277  3.6487  1.386    3  0.000  0.389    13.26    10.38     7.45     5.45     4.47  4    -1e-30      0.00 7.356e-01 2.588e-01 7.136e-04 5.771e-04 2.447e-03 -1.000 5.605e-03 -3.422 -3.263 -2.667 -4.002
0.0055 -0.44261 8.03000 4.7620720863 2.6127663810    4.760  3.319  3.6445  1.327    3  0.000  0.374    15.02    11.54     8.25     6.04     4.96  4    -1e-30      0.00 7.346e-01 2.598e-01 6.782e-04 6.476e-04 2.416e-03 -1.000 5.607e-03 -3.527 -3.349 -2.738 -4.098
0.0055 -0.44261 8.03000 4.7625765800 2.6127692964    4.760  3.362  3.6405  1.267    3  0.000  0.369    17.04    12.85     9.14     6.70     5.51  4    -1e-30      0.00 7.313e-01 2.631e-01 6.506e-04 7.427e-04 2.347e-03 -1.000 5.616e-03 -3.636 -3.438 -2.812 -4.198
0.0055 -0.44261 8.03000 4.7630805969 2.6127722083    4.761  3.403  3.6369  1.212    3  0.000  0.369    19.13    14.19    10.05     7.38     6.06  4    -1e-30      0.00 7.261e-01 2.683e-01 6.296e-04 8.317e-04 2.274e-03 -1.000 5.592e-03 -3.737 -3.520 -2.881 -4.290
0.0055 -0.44261 8.03000 4.7636952400 2.6127757585    4.761  3.434  3.6342  1.171    3  0.000  0.368    20.89    15.29    10.80     7.93     6.52  4    -1e-30      0.00 7.215e-01 2.729e-01 6.168e-04 8.873e-04 2.229e-03 -1.000 5.589e-03 -3.814 -3.583 -2.934 -4.361
0.0055 -0.44261 8.03000 4.7647891045 2.6127820740    4.762  3.460  3.6321  1.137    3  0.000  0.368    22.47    16.27    11.46     8.43     6.93  4    -1e-30      0.00 7.180e-01 2.763e-01 6.088e-04 9.226e-04 2.200e-03 -1.000 5.648e-03 -3.879 -3.637 -2.980 -4.420
0.0055 -0.44261 8.03000 4.7762141228 2.6128478383    4.774  3.432  3.6354  1.179    4  0.000  0.368     0.00     0.00     0.00     0.00     0.00 -1    -1e-30      0.00 7.181e-01 2.763e-01 6.089e-04 9.223e-04 2.200e-03 -1.000 5.654e-03 -3.810 -3.585 -2.940 -4.359
0.0055 -0.44261 8.03000 4.7901253700 2.6129274268    4.788  3.393  3.6398  1.236    4  0.000  0.368     0.00     0.00     0.00     0.00     0.00 -1    -1e-30      0.00 7.182e-01 2.762e-01 6.091e-04 9.220e-04 2.200e-03 -1.000 5.660e-03 -3.712 -3.510 -2.882 -4.273
0.0055 -0.44261 8.03000 4.8003635406 2.6129856624    4.798  3.357  3.6437  1.289    4  0.000  0.369     0.00     0.00     0.00     0.00     0.00 -1    -1e-30      0.00 7.182e-01 2.761e-01 6.092e-04 9.218e-04 2.200e-03 -1.000 5.665e-03 -3.622 -3.439 -2.824 -4.191
0.0055 -0.44261 8.03000 4.8064551353 2.6130201765    4.804  3.333  3.6463  1.324    4  0.000  0.369     0.00     0.00     0.00     0.00     0.00 -1    -1e-30      0.00 7.182e-01 2.761e-01 6.093e-04 9.217e-04 2.200e-03 -1.000 5.668e-03 -3.561 -3.391 -2.786 -4.137
0.0055 -0.44261 8.03000 4.8088011742 2.6130334420    4.807  3.323  3.6473  1.338    4  0.000  0.369     0.00     0.00     0.00     0.00     0.00 -1    -1e-30      0.00 7.182e-01 2.761e-01 6.093e-04 9.216e-04 2.200e-03 -1.000 5.666e-03 -3.538 -3.373 -2.771 -4.116
0.0055 -0.44261 8.03000 4.8187508583 2.6130895367    4.817  3.286  3.6518  1.394    4  0.000  0.369     0.00     0.00     0.00     0.00     0.00 -1    -1e-30      0.00 7.183e-01 2.761e-01 6.094e-04 9.214e-04 2.201e-03 -1.000 5.662e-03 -3.446 -3.302 -2.715 -4.033
0.0055 -0.44261 8.03000 4.8307499886 2.6131568326    4.829  3.251  3.6572  1.451    4  0.000  0.369     0.00     0.00     0.00     0.00     0.00 -1    -1e-30      0.00 7.183e-01 2.760e-01 6.095e-04 9.210e-04 2.201e-03 -1.000 5.655e-03 -3.358 -3.238 -2.669 -3.956
0.0055 -0.44261 8.03000 4.8471755981 2.6132483329    4.845  3.228  3.6645  1.505    4  0.000  0.369     0.00     0.00     0.00     0.00     0.00 -1    -1e-30      0.00 7.184e-01 2.760e-01 6.097e-04 9.206e-04 2.201e-03 -1.000 5.647e-03 -3.300 -3.207 -2.659 -3.910
0.0055 -0.44261 8.03000 4.8500952721 2.6132645226    4.848  3.227  3.6658  1.512    4  0.000  0.369     0.00     0.00     0.00     0.00     0.00 -1    -1e-30      0.00 7.184e-01 2.759e-01 6.097e-04 9.205e-04 2.201e-03 -1.000 5.646e-03 -3.297 -3.209 -2.664 -3.909
0.0055 -0.44261 8.03000 4.8621249199 2.6133309917    4.860  3.250  3.6750  1.527    5  0.000  0.369     0.00     0.00     0.00     0.00     0.00 -1    -1e-30      0.00 7.185e-01 2.759e-01 6.098e-04 9.202e-04 2.201e-03 -1.000 5.640e-03 -3.355 -3.297 -2.776 -3.977
0.0055 -0.44261 8.03000 4.8673238754 2.6133596014    4.866  3.280  3.6844  1.535    5  0.000  0.369     0.00     0.00     0.00     0.00     0.00 -1    -1e-30      0.00 7.185e-01 2.759e-01 6.099e-04 9.201e-04 2.201e-03 -1.000 5.637e-03 -3.429 -3.396 -2.899 -4.056
0.0055 -0.44261 8.03000 4.8705182076 2.6133771448    4.869  3.304  3.6949  1.553    5  0.000  0.369     0.00     0.00     0.00     0.00     0.00 -1    -1e-30      0.00 7.185e-01 2.759e-01 6.099e-04 9.200e-04 2.202e-03 -1.000 5.636e-03 -3.489 -3.485 -3.015 -4.122
0.0055 -0.44261 8.03000 4.8727340698 2.6133892989    4.871  3.319  3.7052  1.580    5  0.000  0.369     0.00     0.00     0.00     0.00     0.00 -1    -1e-30      0.00 7.185e-01 2.759e-01 6.099e-04 9.200e-04 2.202e-03 -1.000 5.635e-03 -3.527 -3.549 -3.107 -4.162
0.0055 -0.44261 8.03000 4.8742022514 2.6133973449    4.872  3.328  3.7142  1.606    5  0.000  0.369     0.00     0.00     0.00     0.00     0.00 -1    -1e-30      0.00 7.185e-01 2.759e-01 6.099e-04 9.199e-04 2.202e-03 -1.000 5.634e-03 -3.550 -3.592 -3.172 -4.184
0.0055 -0.44261 8.03000 4.8756842613 2.6134054611    4.874  3.336  3.7247  1.640    5  0.000  0.369     0.00     0.00     0.00     0.00     0.00 -1    -1e-30      0.00 7.185e-01 2.759e-01 6.099e-04 9.199e-04 2.202e-03 -1.000 5.633e-03 -3.570 -3.634 -3.239 -4.201
0.0055 -0.44261 8.03000 4.8770556450 2.6134129663    4.875  3.343  3.7359  1.679    5  0.000  0.369     0.00     0.00     0.00     0.00     0.00 -1    -1e-30      0.00 7.185e-01 2.758e-01 6.099e-04 9.198e-04 2.202e-03 -1.000 5.633e-03 -3.587 -3.670 -3.302 -4.210
0.0055 -0.44261 8.03000 4.8783106804 2.6134198306    4.877  3.348  3.7466  1.716    5  0.000  0.369     0.00     0.00     0.00     0.00     0.00 -1    -1e-30      0.00 7.185e-01 2.758e-01 6.100e-04 9.198e-04 2.202e-03 -1.000 5.632e-03 -3.601 -3.700 -3.358 -4.213
0.0055 -0.44261 8.03000 4.8795838356 2.6134267898    4.878  3.354  3.7576  1.755    5  0.000  0.369     0.00     0.00     0.00     0.00     0.00 -1    -1e-30      0.00 7.185e-01 2.758e-01 6.100e-04 9.198e-04 2.202e-03 -1.000 5.631e-03 -3.614 -3.727 -3.412 -4.213
0.0055 -0.44261 8.03000 4.8809313774 2.6134341511    4.879  3.359  3.7689  1.795    5  0.000  0.369     0.00     0.00     0.00     0.00     0.00 -1    -1e-30      0.00 7.185e-01 2.758e-01 6.100e-04 9.197e-04 2.202e-03 -1.000 5.631e-03 -3.627 -3.753 -3.463 -4.209
0.0055 -0.44261 8.03000 4.8823742867 2.6134420282    4.881  3.364  3.7805  1.836    5  0.000  0.369     0.00     0.00     0.00     0.00     0.00 -1    -1e-30      0.00 7.185e-01 2.758e-01 6.100e-04 9.197e-04 2.202e-03 -1.000 5.630e-03 -3.640 -3.777 -3.515 -4.201
0.0055 -0.44261 8.03000 4.8839001656 2.6134503524    4.882  3.369  3.7919  1.877    5  0.000  0.369     0.00     0.00     0.00     0.00     0.00 -1    -1e-30      0.00 7.186e-01 2.758e-01 6.100e-04 9.197e-04 2.202e-03 -1.000 5.629e-03 -3.653 -3.799 -3.561 -4.191
0.0055 -0.44261 8.03000 4.8855376244 2.6134592787    4.884  3.375  3.8034  1.918    5  0.000  0.369     0.00     0.00     0.00     0.00     0.00 -1    -1e-30      0.00 7.186e-01 2.758e-01 6.100e-04 9.196e-04 2.202e-03 -1.000 5.628e-03 -3.666 -3.820 -3.606 -4.180
0.0055 -0.44261 8.03000 4.8872718811 2.6134687251    4.886  3.380  3.8148  1.958    5  0.000  0.369     0.00     0.00     0.00     0.00     0.00 -1    -1e-30      0.00 7.186e-01 2.758e-01 6.100e-04 9.196e-04 2.202e-03 -1.000 5.628e-03 -3.680 -3.838 -3.648 -4.167
0.0055 -0.44261 8.03000 4.8891010284 2.6134786800    4.888  3.385  3.8260  1.998    5  0.000  0.369     0.00     0.00     0.00     0.00     0.00 -1    -1e-30      0.00 7.186e-01 2.758e-01 6.101e-04 9.195e-04 2.202e-03 -1.000 5.627e-03 -3.693 -3.855 -3.686 -4.153
0.0055 -0.44261 8.03000 4.8908834457 2.6134883724    4.889  3.390  3.8363  2.034    5  0.000  0.369     0.00     0.00     0.00     0.00     0.00 -1    -1e-30      0.00 7.186e-01 2.758e-01 6.101e-04 9.195e-04 2.202e-03 -1.000 5.626e-03 -3.706 -3.868 -3.719 -4.137
0.0055 -0.44261 8.03000 4.8931741714 2.6135008169    4.892  3.396  3.8484  2.077    5  0.000  0.369     0.00     0.00     0.00     0.00     0.00 -1    -1e-30      0.00 7.186e-01 2.758e-01 6.101e-04 9.194e-04 2.202e-03 -1.000 5.625e-03 -3.721 -3.882 -3.755 -4.116
0.0055 -0.44261 8.03000 4.8953061104 2.6135123868    4.894  3.402  3.8593  2.115    5  0.000  0.369     0.00     0.00     0.00     0.00     0.00 -1    -1e-30      0.00 7.186e-01 2.758e-01 6.101e-04 9.194e-04 2.202e-03 -1.000 5.624e-03 -3.734 -3.892 -3.786 -4.094
0.0055 -0.44261 8.03000 4.8975014687 2.6135242887    4.896  3.407  3.8692  2.150    5  0.000  0.369     0.00     0.00     0.00     0.00     0.00 -1    -1e-30      0.00 7.186e-01 2.758e-01 6.101e-04 9.193e-04 2.202e-03 -1.000 5.623e-03 -3.747 -3.899 -3.809 -4.075
0.0055 -0.44261 8.03000 4.9004435539 2.6135402197    4.899  3.413  3.8810  2.191    5  0.000  0.369     0.00     0.00     0.00     0.00     0.00 -1    -1e-30      0.00 7.186e-01 2.758e-01 6.102e-04 9.192e-04 2.202e-03 -1.000 5.621e-03 -3.763 -3.906 -3.833 -4.051
0.0055 -0.44261 8.03000 4.9035744667 2.6135571491    4.902  3.419  3.8910  2.225    5  0.000  0.369     0.00     0.00     0.00     0.00     0.00 -1    -1e-30      0.00 7.186e-01 2.757e-01 6.102e-04 9.192e-04 2.202e-03 -1.000 5.620e-03 -3.778 -3.910 -3.851 -4.031
0.0055 -0.44261 8.03000 4.9087276459 2.6135849591    4.907  3.428  3.9021  2.262    5  0.000  0.369     0.00     0.00     0.00     0.00     0.00 -1    -1e-30      0.00 7.187e-01 2.757e-01 6.102e-04 9.190e-04 2.202e-03 -1.000 5.617e-03 -3.799 -3.913 -3.867 -4.010
0.0055 -0.44261 8.03000 4.9166064262 2.6136273487    4.915  3.437  3.9105  2.286    5  0.000  0.369     0.00     0.00     0.00     0.00     0.00 -1    -1e-30      0.00 7.187e-01 2.757e-01 6.103e-04 9.188e-04 2.202e-03 -1.000 5.613e-03 -3.824 -3.922 -3.884 -4.002
0.0055 -0.44261 8.03000 4.9211792946 2.6136518802    4.920  3.441  3.9065  2.267    6  0.000  0.369     0.00     0.00     0.00     0.00     0.00 -1    -1e-30      0.00 7.187e-01 2.757e-01 6.103e-04 9.187e-04 2.202e-03 -1.000 5.611e-03 -3.832 -3.938 -3.896 -4.026
0.0055 -0.44261 8.03000 4.9281015396 2.6136889154    4.927  3.445  3.8977  2.228    6  0.000  0.369     0.00     0.00     0.00     0.00     0.00 -1    -1e-30      0.00 7.187e-01 2.757e-01 6.104e-04 9.185e-04 2.203e-03 -1.000 5.608e-03 -3.843 -3.966 -3.914 -4.071
0.0055 -0.44261 8.03000 4.9342713356 2.6137218243    4.933  3.449  3.8880  2.186    6  0.000  0.369     0.00     0.00     0.00     0.00     0.00 -1    -1e-30      0.00 7.188e-01 2.756e-01 6.105e-04 9.184e-04 2.203e-03 -1.000 5.605e-03 -3.852 -3.989 -3.926 -4.116
0.0055 -0.44261 8.03000 4.9396691322 2.6137505378    4.938  3.452  3.8776  2.142    6  0.000  0.369     0.00     0.00     0.00     0.00     0.00 -1    -1e-30      0.00 7.188e-01 2.756e-01 6.105e-04 9.182e-04 2.203e-03 -1.000 5.602e-03 -3.859 -4.006 -3.928 -4.158
0.0055 -0.44261 8.03000 4.9437885284 2.6137724025    4.942  3.453  3.8671  2.099    6  0.000  0.369     0.00     0.00     0.00     0.00     0.00 -1    -1e-30      0.00 7.188e-01 2.756e-01 6.105e-04 9.181e-04 2.203e-03 -1.000 5.600e-03 -3.863 -4.018 -3.925 -4.197
0.0055 -0.44261 8.03000 4.9473409653 2.6137912242    4.946  3.454  3.8558  2.054    6  0.000  0.369     0.00     0.00     0.00     0.00     0.00 -1    -1e-30      0.00 7.188e-01 2.756e-01 6.106e-04 9.180e-04 2.203e-03 -1.000 5.598e-03 -3.865 -4.025 -3.913 -4.236
0.0055 -0.44261 8.03000 4.9498686790 2.6138045978    4.948  3.454  3.8456  2.013    6  0.000  0.369     0.00     0.00     0.00     0.00     0.00 -1    -1e-30      0.00 7.188e-01 2.756e-01 6.106e-04 9.180e-04 2.203e-03 -1.000 5.597e-03 -3.864 -4.027 -3.897 -4.268
0.0055 -0.44261 8.03000 4.9520144463 2.6138159382    4.951  3.453  3.8341  1.968    6  0.000  0.369     0.00     0.00     0.00     0.00     0.00 -1    -1e-30      0.00 7.188e-01 2.756e-01 6.106e-04 9.179e-04 2.203e-03 -1.000 5.596e-03 -3.862 -4.026 -3.874 -4.300
0.0055 -0.44261 8.03000 4.9538421631 2.6138255889    4.952  3.452  3.8227  1.924    6  0.000  0.369     0.00     0.00     0.00     0.00     0.00 -1    -1e-30      0.00 7.188e-01 2.756e-01 6.106e-04 9.179e-04 2.203e-03 -1.000 5.595e-03 -3.860 -4.022 -3.848 -4.328
0.0055 -0.44261 8.03000 4.9557676315 2.6138357468    4.954  3.451  3.8100  1.874    6  0.000  0.369     0.00     0.00     0.00     0.00     0.00 -1    -1e-30      0.00 7.189e-01 2.755e-01 6.106e-04 9.178e-04 2.203e-03 -1.000 5.594e-03 -3.856 -4.015 -3.816 -4.356
0.0055 -0.44261 8.03000 4.9572057724 2.6138433279    4.956  3.449  3.7993  1.833    6  0.000  0.369     0.00     0.00     0.00     0.00     0.00 -1    -1e-30      0.00 7.189e-01 2.755e-01 6.107e-04 9.178e-04 2.203e-03 -1.000 5.593e-03 -3.852 -4.005 -3.784 -4.376
0.0055 -0.44261 8.03000 4.9582123756 2.6138486311    4.957  3.447  3.7893  1.796    6  0.000  0.369     0.00     0.00     0.00     0.00     0.00 -1    -1e-30      0.00 7.189e-01 2.755e-01 6.107e-04 9.178e-04 2.203e-03 -1.000 5.593e-03 -3.847 -3.993 -3.750 -4.392
0.0055 -0.44261 8.03000 4.9591317177 2.6138534725    4.958  3.444  3.7773  1.750    6  0.000  0.369     0.00     0.00     0.00     0.00     0.00 -1    -1e-30      0.00 7.189e-01 2.755e-01 6.107e-04 9.178e-04 2.203e-03 -1.000 5.593e-03 -3.840 -3.976 -3.707 -4.409
0.0055 -0.44261 8.03000 4.9598727226 2.6138573732    4.958  3.441  3.7656  1.707    6  0.000  0.369     0.00     0.00     0.00     0.00     0.00 -1    -1e-30      0.00 7.189e-01 2.755e-01 6.107e-04 9.177e-04 2.203e-03 -1.000 5.592e-03 -3.833 -3.957 -3.660 -4.422
0.0055 -0.44261 8.03000 4.9605169296 2.6138607632    4.959  3.438  3.7540  1.663    6  0.000  0.369     0.00     0.00     0.00     0.00     0.00 -1    -1e-30      0.00 7.189e-01 2.755e-01 6.107e-04 9.177e-04 2.203e-03 -1.000 5.592e-03 -3.825 -3.936 -3.612 -4.431
0.0055 -0.44261 8.03000 4.9610910416 2.6138637836    4.960  3.435  3.7426  1.621    6  0.000  0.369     0.00     0.00     0.00     0.00     0.00 -1    -1e-30      0.00 7.189e-01 2.755e-01 6.107e-04 9.177e-04 2.203e-03 -1.000 5.592e-03 -3.817 -3.912 -3.560 -4.436
0.0055 -0.44261 8.03000 4.9616298676 2.6138666176    4.960  3.431  3.7315  1.581    6  0.000  0.369     0.00     0.00     0.00     0.00     0.00 -1    -1e-30      0.00 7.189e-01 2.755e-01 6.107e-04 9.177e-04 2.203e-03 -1.000 5.591e-03 -3.807 -3.884 -3.505 -4.436
0.0055 -0.44261 8.03000 4.9621782303 2.6138695010    4.961  3.426  3.7202  1.541    6  0.000  0.369     0.00     0.00     0.00     0.00     0.00 -1    -1e-30      0.00 7.189e-01 2.755e-01 6.107e-04 9.177e-04 2.203e-03 -1.000 5.591e-03 -3.794 -3.851 -3.444 -4.429
0.0055 -0.44261 8.03000 4.9628920555 2.6138732533    4.961  3.417  3.7064  1.495    6  0.000  0.369     0.00     0.00     0.00     0.00     0.00 -1    -1e-30      0.00 7.189e-01 2.755e-01 6.107e-04 9.177e-04 2.203e-03 -1.000 5.591e-03 -3.772 -3.798 -3.356 -4.409
0.0055 -0.44261 8.03000 4.9635386467 2.6138766512    4.962  3.405  3.6959  1.464    6  0.000  0.369     0.00     0.00     0.00     0.00     0.00 -1    -1e-30      0.00 7.189e-01 2.755e-01 6.107e-04 9.176e-04 2.203e-03 -1.000 5.590e-03 -3.742 -3.742 -3.273 -4.378
0.0055 -0.44261 8.03000 4.9643545151 2.6138809371    4.963  3.385  3.6839  1.436    6  0.000  0.369     0.00     0.00     0.00     0.00     0.00 -1    -1e-30      0.00 7.189e-01 2.755e-01 6.107e-04 9.176e-04 2.203e-03 -1.000 5.590e-03 -3.694 -3.661 -3.161 -4.324
0.0055 -0.44261 8.03000 4.9652686119 2.6138857372    4.964  3.361  3.6719  1.413    6  0.000  0.369     0.00     0.00     0.00     0.00     0.00 -1    -1e-30      0.00 7.189e-01 2.755e-01 6.107e-04 9.176e-04 2.203e-03 -1.000 5.590e-03 -3.631 -3.565 -3.032 -4.254
0.0055 -0.44261 8.03000 4.9663338661 2.6138913284    4.965  3.354  3.6598  1.371    6  0.000  0.369     0.00     0.00     0.00     0.00     0.00 -1    -1e-30      0.00 7.189e-01 2.755e-01 6.107e-04 9.176e-04 2.203e-03 -1.000 5.589e-03 -3.614 -3.505 -2.940 -4.220
0.0055 -0.44261 8.03000 4.9669260979 2.6138944357    4.966  3.367  3.6521  1.327    6  0.000  0.369     0.00     0.00     0.00     0.00     0.00 -1    -1e-30      0.00 7.189e-01 2.755e-01 6.107e-04 9.176e-04 2.203e-03 -1.000 5.589e-03 -3.648 -3.505 -2.917 -4.237
0.0055 -0.44261 8.03000 4.9670338631 2.6138950010    4.966  3.387  3.6488  1.294    7  0.000  0.369    16.12    12.37     8.82     6.45     5.30  4    -1e-30      0.00 7.189e-01 2.755e-01 6.107e-04 9.176e-04 2.203e-03 -1.000 5.589e-03 -3.697 -3.540 -2.941 -4.280
0.0055 -0.44261 8.03000 4.9671659470 2.6138956939    4.966  3.411  3.6454  1.256    7  0.000  0.369    17.48    13.25     9.42     6.90     5.67  4    -1e-30      0.00 7.189e-01 2.755e-01 6.107e-04 9.175e-04 2.203e-03 -1.000 5.589e-03 -3.759 -3.584 -2.974 -4.334
0.0055 -0.44261 8.03000 4.9676127434 2.6138980372    4.966  3.431  3.6432  1.227    7  0.000  0.369    18.59    13.96     9.91     7.26     5.97  4    -1e-30      0.00 7.189e-01 2.755e-01 6.108e-04 9.175e-04 2.203e-03 -1.000 5.588e-03 -3.809 -3.623 -3.005 -4.378
0.0055 -0.44261 8.03000 4.9682273865 2.6139012602    4.967  3.461  3.6388  1.180    7  0.000  0.369    20.56    15.21    10.75     7.88     6.48  4 -7.84e-28      0.00 7.189e-01 2.755e-01 6.108e-04 9.175e-04 2.203e-03 -1.000 5.588e-03 -3.883 -3.676 -3.043 -4.443
0.0055 -0.44261 8.03000 4.9684796333 2.6139025826    4.967  3.496  3.6350  1.130    7  0.000  0.369    22.86    16.64    11.72     8.61     7.08  4 -9.84e-27      0.00 7.189e-01 2.755e-01 6.108e-04 9.175e-04 2.203e-03 -1.000 5.588e-03 -3.970 -3.744 -3.096 -4.520
0.0055 -0.44261 8.03000 4.9687714577 2.6139041123    4.967  3.534  3.6313  1.077    7  0.000  0.369    25.59    18.32    12.84     9.44     7.77  4 -1.15e-20      0.00 7.189e-01 2.755e-01 6.108e-04 9.175e-04 2.203e-03 -1.000 5.615e-03 -4.065 -3.819 -3.157 -4.605
0.0055 -0.44261 8.03000 4.9691500664 2.6139060966    4.968  3.574  3.6276  1.022    7  0.000  0.369    28.76    20.23    14.11    10.40     8.55  4 -2.19e-14      0.00 7.189e-01 2.754e-01 6.107e-04 9.175e-04 2.203e-03 -1.000 5.644e-03 -4.165 -3.898 -3.222 -4.695
0.0055 -0.44261 8.03000 4.9696216583 2.6139085678    4.968  3.615  3.6241  0.968    7  0.000  0.369    32.28    22.31    15.50    11.43     9.41  4 -4.66e-12      0.00 7.189e-01 2.754e-01 6.106e-04 9.175e-04 2.203e-03 -1.000 5.651e-03 -4.266 -3.979 -3.288 -4.785
0.0055 -0.44261 8.03000 4.9701900482 2.6139115454    4.969  3.655  3.6206  0.914    7  0.000  0.368    36.25    24.62    17.03    12.58    10.36  4  -1.1e-11      0.00 7.189e-01 2.754e-01 6.096e-04 9.182e-04 2.203e-03 -1.000 5.651e-03 -4.368 -4.059 -3.352 -4.876
0.0055 -0.44261 8.03000 4.9708461761 2.6139149818    4.969  3.695  3.6172  0.860    7  0.000  0.367    40.66    27.14    18.69    13.83    11.38  4 -7.87e-09      0.00 7.189e-01 2.754e-01 6.068e-04 9.208e-04 2.203e-03 -1.000 5.651e-03 -4.468 -4.138 -3.415 -4.965
0.0055 -0.44261 8.03000 4.9715471268 2.6139186517    4.969  3.734  3.6137  0.807    7  0.000  0.364    45.51    29.86    20.47    15.17    12.49  4 -9.33e-09      0.00 7.189e-01 2.754e-01 6.023e-04 9.260e-04 2.203e-03 -1.000 5.651e-03 -4.566 -4.213 -3.474 -5.051
0.0055 -0.44261 8.03000 4.9722442627 2.6139223004    4.970  3.773  3.6103  0.755    7  0.000  0.361    50.86    32.82    22.41    16.63    13.70  4 -1.12e-08      0.00 7.189e-01 2.754e-01 5.979e-04 9.312e-04 2.203e-03 -1.000 5.651e-03 -4.662 -4.287 -3.532 -5.135
0.0055 -0.44261 8.03000 4.9728908539 2.6139256836    4.970  3.811  3.6068  0.703    7  0.000  0.359    56.82    36.06    24.52    18.21    15.01  4 -1.44e-08      0.00 7.189e-01 2.754e-01 5.943e-04 9.357e-04 2.203e-03 -1.000 5.651e-03 -4.758 -4.360 -3.587 -5.218
0.0055 -0.44261 8.03000 4.9734683037 2.6139287042    4.970  3.849  3.6034  0.651    7  0.000  0.357    63.41    39.58    26.79    19.94    16.43  4 -1.97e-08      0.00 7.189e-01 2.754e-01 5.914e-04 9.397e-04 2.203e-03 -1.000 5.653e-03 -4.853 -4.431 -3.641 -5.300
0.0055 -0.44261 8.03000 4.9739789963 2.6139313748    4.970  3.886  3.6001  0.601    7  0.000  0.356    70.61    43.36    29.24    21.78    17.95  3 -2.85e-08      0.00 7.189e-01 2.755e-01 5.889e-04 9.433e-04 2.202e-03 -1.000 5.657e-03 -4.946 -4.501 -3.694 -5.381
0.0055 -0.44261 8.03000 4.9744439125 2.6139338056    4.970  3.923  3.5968  0.550    7  0.000  0.355    78.64    47.51    31.90    23.80    19.62  3 -4.14e-08      0.00 7.189e-01 2.755e-01 5.868e-04 9.468e-04 2.201e-03 -1.000 5.664e-03 -5.038 -4.569 -3.743 -5.459
0.0055 -0.44261 8.03000 4.9748768806 2.6139360688    4.969  3.961  3.5933  0.499    7  0.000  0.354    87.70    52.13    34.85    26.04    21.47  3 -6.06e-08      0.00 7.189e-01 2.755e-01 5.850e-04 9.509e-04 2.199e-03 -1.000 5.668e-03 -5.132 -4.636 -3.790 -5.538
0.0055 -0.44261 8.03000 4.9752807617 2.6139381796    4.968  3.998  3.5898  0.447    7  0.000  0.354    97.89    57.23    38.10    28.50    23.51  3 -8.88e-08      0.00 7.188e-01 2.755e-01 5.836e-04 9.564e-04 2.195e-03 -1.000 5.664e-03 -5.226 -4.702 -3.834 -5.616
0.0055 -0.44261 8.03000 4.9756565094 2.6139401430    4.967  4.035  3.5862  0.396    7  0.000  0.354   109.17    62.78    41.63    31.18    25.73  3  -1.3e-07      0.00 7.186e-01 2.757e-01 5.820e-04 9.626e-04 2.190e-03 -1.000 5.653e-03 -5.318 -4.763 -3.872 -5.691
0.0055 -0.44261 8.03000 4.9760122299 2.6139420014    4.964  4.072  3.5827  0.345    7  0.000  0.354   121.62    68.81    45.44    34.08    28.13  3  -1.9e-07      0.00 7.180e-01 2.764e-01 5.802e-04 9.706e-04 2.183e-03 -1.000 5.667e-03 -5.409 -4.824 -3.908 -5.765
0.0055 -0.44261 8.03000 4.9763989449 2.6139440214    4.960  4.114  3.5786  0.285    7  0.000  0.354   138.03    76.61    50.34    37.83    31.22  3 -2.94e-07      0.00 7.116e-01 2.827e-01 5.744e-04 9.977e-04 2.161e-03 -1.000 5.667e-03 -5.516 -4.892 -3.944 -5.850
0.0055 -0.44261 8.03000 4.9767298698 2.6139457498    4.955  4.157  3.5741  0.225    7  0.000  0.354   157.07    85.50    55.91    42.08    34.74  3 -4.59e-07      0.00 6.927e-01 3.016e-01 5.595e-04 1.067e-03 2.103e-03 -1.000 5.648e-03 -5.622 -4.952 -3.967 -5.929
0.0055 -0.44261 8.03000 4.9769291878 2.6139467906    4.950  4.196  3.5691  0.165    7  0.000  0.355   178.30    95.23    61.97    46.71    38.58  2 -6.91e-07      0.00 6.649e-01 3.295e-01 5.381e-04 1.167e-03 2.019e-03 -1.000 5.612e-03 -5.721 -4.998 -3.968 -5.996
0.0055 -0.44261 8.03000 4.9770946503 2.6139476546    4.944  4.237  3.5641  0.103    7  0.000  0.355   203.11   106.38    68.88    52.01    42.96  2 -1.06e-06      0.00 6.507e-01 3.436e-01 5.277e-04 1.216e-03 1.979e-03 -1.000 5.649e-03 -5.823 -5.039 -3.953 -6.062
0.0055 -0.44261 8.03000 4.9772477150 2.6139484538    4.935  4.279  3.5592  0.041    7  0.000  0.355   231.64   118.96    76.63    57.96    47.90  2 -1.64e-06      0.01 6.444e-01 3.499e-01 5.233e-04 1.237e-03 1.962e-03 -1.000 5.666e-03 -5.927 -5.074 -3.929 -6.123
0.0055 -0.44261 8.03000 4.9773831367 2.6139491608    4.922  4.317  3.5546 -0.017    7  0.000  0.355   261.80   132.04    84.65    64.13    53.01  2 -2.46e-06      0.02 6.411e-01 3.532e-01 5.209e-04 1.248e-03 1.952e-03 -1.000 5.639e-03 -6.023 -5.089 -3.870 -6.168
0.0055 -0.44261 8.03000 4.9775352478 2.6139499549    4.899  4.359  3.5493 -0.082    7  0.000  0.355   300.14   148.37    94.62    71.82    59.37  2 -3.83e-06      0.04 6.388e-01 3.556e-01 5.192e-04 1.256e-03 1.946e-03 -1.000 5.634e-03 -6.128 -5.083 -3.764 -6.199
0.0055 -0.44261 8.03000 4.9776859283 2.6139507414    4.863  4.398  3.5442 -0.144    7  0.000  0.355   341.40   165.69   105.12    79.94    66.10  2 -5.84e-06      0.07 6.374e-01 3.569e-01 5.182e-04 1.260e-03 1.942e-03 -1.000 5.657e-03 -6.224 -5.040 -3.594 -6.199
0.0055 -0.44261 8.03000 4.9779205322 2.6139519660    4.774  4.425  3.5394 -0.199    7  0.000  0.355   378.57   182.07   114.98    87.62    72.46  2 -8.28e-06      0.11 6.367e-01 3.576e-01 5.177e-04 1.263e-03 1.940e-03 -1.000 5.668e-03 -6.294 -4.959 -3.381 -6.161
0.0055 -0.44261 8.03000 4.9780001640 2.6139523816    4.741  4.409  3.5409 -0.179    7  0.000  0.355   363.90   175.49   110.98    84.55    69.91  2 -7.15e-06      0.09 6.366e-01 3.577e-01 5.176e-04 1.263e-03 1.940e-03 -1.000 5.669e-03 -6.253 -4.981 -3.454 -6.167
0.0055 -0.44261 8.03000 4.9780192375 2.6139524812    4.735  4.375  3.5449 -0.130    7  0.000  0.355   327.68   160.48   101.90    77.53    64.09  2 -5.07e-06      0.06 6.366e-01 3.577e-01 5.176e-04 1.263e-03 1.939e-03 -1.000 5.668e-03 -6.168 -5.016 -3.596 -6.167
0.0055 -0.44261 8.03000 4.9780306816 2.6139525409    4.732  4.348  3.5480 -0.091    7  0.000  0.355   301.73   149.56    95.27    72.41    59.85  2 -3.87e-06      0.04 6.366e-01 3.577e-01 5.176e-04 1.263e-03 1.939e-03 -1.000 5.668e-03 -6.101 -5.033 -3.689 -6.158
0.0055 -0.44261 8.03000 4.9780378342 2.6139525782    4.730  4.330  3.5502 -0.064    7  0.000  0.355   284.81   142.37    90.89    69.04    57.05  2 -3.19e-06      0.03 6.366e-01 3.577e-01 5.176e-04 1.263e-03 1.939e-03 -1.000 5.668e-03 -6.054 -5.036 -3.741 -6.145
0.0055 -0.44261 8.03000 4.9780526161 2.6139526554    4.726  4.300  3.5537 -0.020    7  0.000  0.355   259.53   131.51    84.25    63.92    52.82  2 -2.35e-06      0.02 6.366e-01 3.577e-01 5.176e-04 1.263e-03 1.939e-03 -1.000 5.669e-03 -5.979 -5.034 -3.802 -6.118
0.0055 -0.44261 8.03000 4.9780645370 2.6139527176    4.725  4.305  3.5530 -0.029    7  0.000  0.355   264.09   133.49    85.46    64.85    53.59  2 -2.49e-06      0.02 6.366e-01 3.577e-01 5.176e-04 1.263e-03 1.939e-03 -1.000 5.668e-03 -5.993 -5.035 -3.791 -6.123
0.0055 -0.44261 8.03000 4.9780883789 2.6139528420    4.721  4.318  3.5515 -0.048    7  0.000  0.355   274.84   138.13    88.30    67.04    55.40  2 -2.84e-06      0.02 6.366e-01 3.577e-01 5.176e-04 1.263e-03 1.939e-03 -1.000 5.663e-03 -6.024 -5.034 -3.763 -6.133
0.0055 -0.44261 8.03000 4.9781231880 2.6139530237    4.716  4.331  3.5498 -0.069    7  0.000  0.355   287.31   143.48    91.56    69.56    57.48  2 -3.29e-06      0.03 6.366e-01 3.577e-01 5.176e-04 1.263e-03 1.939e-03 -1.000 5.654e-03 -6.059 -5.032 -3.729 -6.144
0.0055 -0.44261 8.03000 4.9781398773 2.6139531108    4.713  4.328  3.5502 -0.063    7  0.000  0.355   283.96   142.06    90.69    68.89    56.93  2 -3.17e-06      0.03 6.366e-01 3.577e-01 5.176e-04 1.263e-03 1.939e-03 -1.000 5.652e-03 -6.049 -5.032 -3.737 -6.140
0.0055 -0.44261 8.03000 4.9781470299 2.6139531481    4.712  4.331  3.5498 -0.069    7  0.000  0.355   287.16   143.43    91.52    69.54    57.46  2 -3.29e-06      0.03 6.366e-01 3.577e-01 5.176e-04 1.263e-03 1.939e-03 -1.000 5.652e-03 -6.058 -5.031 -3.728 -6.143
0.0055 -0.44261 8.03000 4.9781608582 2.6139532203    4.709  4.350  3.5475 -0.097    7  0.000  0.355   305.12   151.07    96.17    73.13    60.44  2 -3.99e-06      0.04 6.366e-01 3.577e-01 5.176e-04 1.263e-03 1.939e-03 -1.000 5.652e-03 -6.106 -5.027 -3.671 -6.156
0.0055 -0.44261 8.03000 4.9781751633 2.6139532949    4.707  4.364  3.5458 -0.118    7  0.000  0.355   318.33   156.66    99.57    75.75    62.61  2 -4.64e-06      0.05 6.366e-01 3.577e-01 5.176e-04 1.263e-03 1.939e-03 -1.000 5.652e-03 -6.139 -5.018 -3.622 -6.160
