Zini MH logAge Mini int_IMF Mass logL logTe logg label McoreTP C_O period0 period1 period2 period3 period4 pmode Mloss tau1m X Y Xc Xn Xo Cexcess Z mbolmag Gmag G_BPmag G_RPmag
0.005 -0.48482 8.02000 0.0900000036 1.0816895926    0.090 -2.706  3.4483  4.843    0  0.000  0.545     0.00     0.00     0.00     0.00     0.00 -1 -3.16e-16      0.00 7.371e-01 2.578e-01 9.173e-04 2.474e-04 2.244e-03 -1.000 5.101e-03 11.534 12.948 15.216 11.584
0.005 -0.48482 8.02000 0.0930470526 1.1102527741    0.093 -2.682  3.4514  4.846    0  0.000  0.545     0.00     0.00     0.00     0.00     0.00 -1 -3.27e-16      0.00 7.371e-01 2.578e-01 9.173e-04 2.474e-04 2.244e-03 -1.000 5.101e-03 11.475 12.858 15.073 11.503
0.005 -0.48482 8.02000 0.0996338278 1.1680403412    0.100 -2.631  3.4582  4.852    0  0.000  0.545     0.00     0.00     0.00     0.00     0.00 -1 -3.53e-16      0.00 7.371e-01 2.578e-01 9.173e-04 2.474e-04 2.244e-03 -1.000 5.101e-03 11.348 12.661 14.757 11.329
0.005 -0.48482 8.02000 0.1000000015 1.1711064122    0.100 -2.628  3.4586  4.853    0  0.000  0.545     0.00     0.00     0.00     0.00     0.00 -1 -3.54e-16      0.00 7.371e-01 2.578e-01 9.173e-04 2.474e-04 2.244e-03 -1.000 5.101e-03 11.341 12.650 14.739 11.319
0.005 -0.48482 8.02000 0.1013352796 1.1821646045    0.101 -2.619  3.4597  4.854    0  0.000  0.545     0.00     0.00     0.00     0.00     0.00 -1 -3.59e-16      0.00 7.371e-01 2.578e-01 9.173e-04 2.474e-04 2.244e-03 -1.000 5.101e-03 11.318 12.616 14.686 11.289
0.005 -0.48482 8.02000 0.1111241952 1.2578364378    0.111 -2.552  3.4680  4.860    0  0.000  0.545     0.00     0.00     0.00     0.00     0.00 -1 -3.97e-16      0.00 7.371e-01 2.578e-01 9.173e-04 2.474e-04 2.244e-03 -1.000 5.101e-03 11.150 12.369 14.308 11.069
0.005 -0.48482 8.02000 0.1199999973 1.3193154249    0.120 -2.494  3.4757  4.866    0  0.000  0.545     0.00     0.00     0.00     0.00     0.00 -1 -4.34e-16      0.00 7.371e-01 2.578e-01 9.173e-04 2.474e-04 2.244e-03 -1.000 5.101e-03 11.006 12.152 13.976 10.878
0.005 -0.48482 8.02000 0.1380681098 1.4279380123    0.138 -2.394  3.4872  4.873    0  0.000  0.545     0.00     0.00     0.00     0.00     0.00 -1 -5.06e-16      0.00 7.371e-01 2.578e-01 9.173e-04 2.474e-04 2.244e-03 -1.000 5.101e-03 10.756 11.793 13.450 10.561
0.005 -0.48482 8.02000 0.1400000006 1.4384526719    0.140 -2.384  3.4883  4.874    0  0.000  0.545     0.00     0.00     0.00     0.00     0.00 -1 -5.14e-16      0.00 7.371e-01 2.578e-01 9.173e-04 2.474e-04 2.244e-03 -1.000 5.101e-03 10.731 11.757 13.396 10.529
0.005 -0.48482 8.02000 0.1506615281 1.4932684653    0.151 -2.334  3.4938  4.877    0  0.000  0.545     0.00     0.00     0.00     0.00     0.00 -1 -5.54e-16      0.00 7.371e-01 2.578e-01 9.173e-04 2.474e-04 2.244e-03 -1.000 5.101e-03 10.605 11.583 13.153 10.375
0.005 -0.48482 8.02000 0.1599999964 1.5372931554    0.160 -2.291  3.4984  4.878    0  0.000  0.545     0.00     0.00     0.00     0.00     0.00 -1 -5.92e-16      0.00 7.371e-01 2.578e-01 9.173e-04 2.474e-04 2.244e-03 -1.000 5.101e-03 10.497 11.437 12.953 10.244
0.005 -0.48482 8.02000 0.1784218401 1.6150749738    0.178 -2.216  3.5060  4.882    0  0.000  0.545     0.00     0.00     0.00     0.00     0.00 -1 -6.63e-16      0.00 7.371e-01 2.578e-01 9.173e-04 2.474e-04 2.244e-03 -1.000 5.101e-03 10.311 11.191 12.625 10.024
0.005 -0.48482 8.02000 0.1999999881 1.6938790356    0.200 -2.135  3.5141  4.882    0  0.000  0.545     0.00     0.00     0.00     0.00     0.00 -1 -7.54e-16      0.00 7.371e-01 2.578e-01 9.173e-04 2.474e-04 2.244e-03 -1.000 5.101e-03 10.108 10.926 12.277 9.786
0.005 -0.48482 8.02000 0.2334290147 1.7963545346    0.233 -2.030  3.5238  4.884    0  0.000  0.545     0.00     0.00     0.00     0.00     0.00 -1 -8.88e-16      0.00 7.371e-01 2.578e-01 9.173e-04 2.474e-04 2.244e-03 -1.000 5.101e-03 9.846 10.594 11.857 9.486
0.005 -0.48482 8.02000 0.2500000000 1.8403257998    0.250 -1.983  3.5282  4.884    0  0.000  0.545     0.00     0.00     0.00     0.00     0.00 -1 -9.56e-16      0.00 7.371e-01 2.578e-01 9.173e-04 2.474e-04 2.244e-03 -1.000 5.101e-03 9.728 10.447 11.676 9.353
0.005 -0.48482 8.02000 0.2780226767 1.9066802947    0.278 -1.908  3.5344  4.880    0  0.000  0.545     0.00     0.00     0.00     0.00     0.00 -1 -1.08e-15      0.00 7.371e-01 2.578e-01 9.173e-04 2.474e-04 2.244e-03 -1.000 5.101e-03 9.540 10.219 11.401 9.144
0.005 -0.48482 8.02000 0.3000000119 1.9529139769    0.300 -1.853  3.5389  4.876    0  0.000  0.545     0.00     0.00     0.00     0.00     0.00 -1 -1.19e-15      0.00 7.371e-01 2.578e-01 9.173e-04 2.474e-04 2.244e-03 -1.000 5.101e-03 9.402 10.053 11.203 8.992
0.005 -0.48482 8.02000 0.3488651216 2.0415535114    0.349 -1.729  3.5492  4.858    0  0.000  0.545     0.00     0.00     0.00     0.00     0.00 -1 -1.49e-15      0.00 7.371e-01 2.578e-01 9.173e-04 2.474e-04 2.244e-03 -1.000 5.101e-03 9.092 9.683 10.765 8.652
0.005 -0.48482 8.02000 0.3499999642 2.0434174156    0.350 -1.726  3.5495  4.858    0  0.000  0.545     0.00     0.00     0.00     0.00     0.00 -1  -1.5e-15      0.00 7.371e-01 2.578e-01 9.173e-04 2.474e-04 2.244e-03 -1.000 5.101e-03 9.085 9.675 10.755 8.644
0.005 -0.48482 8.02000 0.3847027719 2.0968863495    0.385 -1.629  3.5582  4.837    0  0.000  0.545     0.00     0.00     0.00     0.00     0.00 -1 -1.83e-15      0.00 7.371e-01 2.578e-01 9.173e-04 2.474e-04 2.244e-03 -1.000 5.101e-03 8.843 9.383 10.410 8.379
0.005 -0.48482 8.02000 0.3999999762 2.1185023988    0.400 -1.587  3.5618  4.826    0  0.000  0.545     0.00     0.00     0.00     0.00     0.00 -1    -2e-15      0.00 7.371e-01 2.578e-01 9.173e-04 2.474e-04 2.244e-03 -1.000 5.101e-03 8.737 9.257 10.263 8.263
0.005 -0.48482 8.02000 0.4499999881 2.1822809009    0.450 -1.425  3.5784  4.782    0  0.000  0.545     0.00     0.00     0.00     0.00     0.00 -1 -2.88e-15      0.00 7.371e-01 2.578e-01 9.173e-04 2.474e-04 2.244e-03 -1.000 5.101e-03 8.333 8.769 9.687 7.821
0.005 -0.48482 8.02000 0.4964589477 2.2337869164    0.497 -1.252  3.6034  4.751    0  0.000  0.545     0.00     0.00     0.00     0.00     0.00 -1 -4.23e-15      0.00 7.371e-01 2.578e-01 9.173e-04 2.474e-04 2.244e-03 -1.000 5.101e-03 7.899 8.229 9.039 7.343
0.005 -0.48482 8.02000 0.4999999404 2.2374540715    0.500 -1.240  3.6049  4.749    0  0.000  0.545     0.00     0.00     0.00     0.00     0.00 -1 -4.34e-15      0.00 7.371e-01 2.578e-01 9.173e-04 2.474e-04 2.244e-03 -1.000 5.101e-03 7.871 8.195 8.999 7.313
0.005 -0.48482 8.02000 0.5353572965 2.2711527063    0.535 -1.136  3.6237  4.749    0  0.000  0.545     0.00     0.00     0.00     0.00     0.00 -1 -5.34e-15      0.00 7.373e-01 2.576e-01 9.167e-04 2.473e-04 2.243e-03 -1.000 5.101e-03 7.611 7.866 8.597 7.031
0.005 -0.48482 8.02000 0.5500000119 2.2836582633    0.550 -1.107  3.6280  4.749    0  0.000  0.545     0.00     0.00     0.00     0.00     0.00 -1 -5.64e-15      0.00 7.373e-01 2.576e-01 9.165e-04 2.473e-04 2.243e-03 -1.000 5.101e-03 7.537 7.777 8.491 6.953
0.005 -0.48482 8.02000 0.5580204129 2.2901890231    0.558 -1.093  3.6303  4.750    0  0.000  0.545     0.00     0.00     0.00     0.00     0.00 -1 -5.78e-15      0.00 7.373e-01 2.576e-01 9.165e-04 2.473e-04 2.243e-03 -1.000 5.101e-03 7.501 7.733 8.438 6.914
0.005 -0.48482 8.02000 0.5918123722 2.3154835756    0.592 -1.005  3.6427  4.738    0  0.000  0.545     0.00     0.00     0.00     0.00     0.00 -1 -6.93e-15      0.00 7.374e-01 2.575e-01 9.165e-04 2.473e-04 2.243e-03 -1.000 5.101e-03 7.284 7.468 8.123 6.684
0.005 -0.48482 8.02000 0.5999999642 2.3211212854    0.600 -0.978  3.6469  4.734    0  0.000  0.545     0.00     0.00     0.00     0.00     0.00 -1 -7.36e-15      0.00 7.374e-01 2.575e-01 9.165e-04 2.473e-04 2.243e-03 -1.000 5.101e-03 7.215 7.383 8.020 6.612
0.005 -0.48482 8.02000 0.6078934073 2.3263914341    0.608 -0.951  3.6513  4.730    0  0.000  0.545     0.00     0.00     0.00     0.00     0.00 -1  -7.8e-15      0.00 7.374e-01 2.575e-01 9.165e-04 2.472e-04 2.243e-03 -1.000 5.101e-03 7.148 7.298 7.917 6.540
0.005 -0.48482 8.02000 0.6499999166 2.3520352771    0.650 -0.816  3.6745  4.716    0  0.000  0.545     0.00     0.00     0.00     0.00     0.00 -1 -1.05e-14      0.00 7.374e-01 2.575e-01 9.162e-04 2.472e-04 2.242e-03 -1.000 5.101e-03 6.809 6.875 7.408 6.183
0.005 -0.48482 8.02000 0.6999999881 2.3779266974    0.700 -0.661  3.7002  4.697    0  0.000  0.545     0.00     0.00     0.00     0.00     0.00 -1 -1.47e-14      0.00 7.375e-01 2.574e-01 9.159e-04 2.471e-04 2.241e-03 -1.000 5.082e-03 6.424 6.415 6.873 5.787
0.005 -0.48482 8.02000 0.7489780188 2.3994736557    0.749 -0.522  3.7232  4.679    0  0.000  0.538     0.00     0.00     0.00     0.00     0.00 -1    -2e-14      0.00 7.376e-01 2.573e-01 9.039e-04 2.468e-04 2.241e-03 -1.000 5.099e-03 6.074 6.021 6.422 5.445
0.005 -0.48482 8.02000 0.7516558170 2.4005589473    0.752 -0.514  3.7243  4.678    0  0.000  0.538     0.00     0.00     0.00     0.00     0.00 -1 -2.03e-14      0.00 7.376e-01 2.573e-01 9.039e-04 2.468e-04 2.241e-03 -1.000 5.099e-03 6.056 6.001 6.400 5.428
0.005 -0.48482 8.02000 0.7979561090 2.4180075369    0.798 -0.394  3.7428  4.657    0  0.000  0.538     0.00     0.00     0.00     0.00     0.00 -1 -2.66e-14      0.00 7.377e-01 2.572e-01 9.033e-04 2.467e-04 2.241e-03 -1.000 5.096e-03 5.756 5.677 6.036 5.144
0.005 -0.48482 8.02000 0.8469341993 2.4340981614    0.846 -0.274  3.7598  4.631    0  0.000  0.538     0.00     0.00     0.00     0.00     0.00 -1 -3.51e-14      0.00 7.378e-01 2.571e-01 9.030e-04 2.466e-04 2.240e-03 -1.000 5.088e-03 5.456 5.365 5.689 4.869
0.005 -0.48482 8.02000 0.8690001369 2.4406695995    0.868 -0.221  3.7666  4.616    0  0.000  0.537     0.00     0.00     0.00     0.00     0.00 -1 -3.98e-14      0.00 7.380e-01 2.569e-01 9.020e-04 2.464e-04 2.238e-03 -1.000 5.101e-03 5.323 5.231 5.540 4.749
0.005 -0.48482 8.02000 0.8959121704 2.4481825371    0.895 -0.161  3.7749  4.603    0  0.000  0.538     0.00     0.00     0.00     0.00     0.00 -1 -4.58e-14      0.00 7.379e-01 2.570e-01 9.025e-04 2.465e-04 2.238e-03 -1.000 5.101e-03 5.173 5.080 5.373 4.617
0.005 -0.48482 8.02000 0.9154425859 2.4533178391    0.915 -0.116  3.7799  4.586    0  0.000  0.538     0.00     0.00     0.00     0.00     0.00 -1 -5.12e-14      0.00 7.382e-01 2.567e-01 9.017e-04 2.463e-04 2.236e-03 -1.000 5.101e-03 5.059 4.965 5.249 4.514
0.005 -0.48482 8.02000 0.9430932403 2.4601716574    0.942 -0.057  3.7871  4.569    0  0.000  0.538     0.00     0.00     0.00     0.00     0.00 -1  -5.9e-14      0.00 7.383e-01 2.566e-01 9.021e-04 2.463e-04 2.237e-03 -1.000 5.086e-03 4.911 4.819 5.088 4.384
0.005 -0.48482 8.02000 0.9448902607 2.4606011507    0.944 -0.053  3.7876  4.568    0  0.000  0.538     0.00     0.00     0.00     0.00     0.00 -1 -5.95e-14      0.00 7.383e-01 2.566e-01 9.021e-04 2.463e-04 2.237e-03 -1.000 5.085e-03 4.902 4.810 5.078 4.376
0.005 -0.48482 8.02000 0.9938682914 2.4716227899    0.994  0.051  3.7992  4.533    0  0.000  0.538     0.00     0.00     0.00     0.00     0.00 -1 -7.68e-14      0.00 7.386e-01 2.564e-01 9.008e-04 2.460e-04 2.235e-03 -1.000 5.080e-03 4.642 4.553 4.800 4.145
0.005 -0.48482 8.02000 1.0428463221 2.4814624120    1.042  0.150  3.8099  4.497    1  0.000  0.537     0.00     0.00     0.00     0.00     0.00 -1 -9.21e-14      0.00 7.387e-01 2.562e-01 9.006e-04 2.460e-04 2.235e-03 -1.000 5.101e-03 4.394 4.309 4.536 3.925
0.005 -0.48482 8.02000 1.0918244123 2.4902937965    1.091  0.244  3.8202  4.465    0  0.000  0.538     0.00     0.00     0.00     0.00     0.00 -1 -1.07e-13      0.00 7.387e-01 2.562e-01 9.009e-04 2.460e-04 2.234e-03 -1.000 5.075e-03 4.160 4.078 4.289 3.718
0.005 -0.48482 8.02000 1.1408023834 2.4982588162    1.140  0.334  3.8308  4.436    0  0.000  0.538     0.00     0.00     0.00     0.00     0.00 -1 -1.23e-13      0.00 7.388e-01 2.561e-01 9.008e-04 2.460e-04 2.234e-03 -1.000 5.066e-03 3.936 3.856 4.050 3.519
0.005 -0.48482 8.02000 1.1897804737 2.5054744552    1.189  0.418  3.8415  4.413    0  0.000  0.538     0.00     0.00     0.00     0.00     0.00 -1 -1.36e-13      0.00 7.388e-01 2.562e-01 9.007e-04 2.460e-04 2.234e-03 -1.000 5.062e-03 3.725 3.649 3.825 3.336
0.005 -0.48482 8.02000 1.2387585640 2.5120378777    1.238  0.498  3.8534  4.398    1  0.000  0.538     0.00     0.00     0.00     0.00     0.00 -1 -1.48e-13      0.00 7.388e-01 2.561e-01 9.007e-04 2.459e-04 2.234e-03 -1.000 5.092e-03 3.525 3.453 3.612 3.167
0.005 -0.48482 8.02000 1.2877364159 2.5180304399    1.287  0.573  3.8669  4.394    1  0.000  0.538     0.00     0.00     0.00     0.00     0.00 -1 -1.55e-13      0.00 7.389e-01 2.560e-01 9.004e-04 2.459e-04 2.233e-03 -1.000 5.045e-03 3.337 3.270 3.409 3.016
0.005 -0.48482 8.02000 1.3367147446 2.5235208592    1.337  0.645  3.8821  4.399    1  0.000  0.538     0.00     0.00     0.00     0.00     0.00 -1 -1.57e-13      0.00 7.390e-01 2.560e-01 9.001e-04 2.458e-04 2.233e-03 -1.000 5.034e-03 3.157 3.098 3.215 2.880
0.005 -0.48482 8.02000 1.3781538010 2.5278173545    1.378  0.703  3.8953  4.407    1  0.000  0.538     0.00     0.00     0.00     0.00     0.00 -1 -1.55e-13      0.00 7.390e-01 2.559e-01 9.002e-04 2.458e-04 2.232e-03 -1.000 5.081e-03 3.011 2.962 3.061 2.776
0.005 -0.48482 8.02000 1.3856927156 2.5285672999    1.386  0.714  3.8977  4.409    1  0.000  0.538     0.00     0.00     0.00     0.00     0.00 -1 -1.55e-13      0.00 7.390e-01 2.559e-01 9.002e-04 2.458e-04 2.232e-03 -1.000 5.090e-03 2.985 2.938 3.033 2.757
0.005 -0.48482 8.02000 1.4346706867 2.5332195553    1.435  0.780  3.9129  4.418    1  0.000  0.537     0.00     0.00     0.00     0.00     0.00 -1 -1.48e-13      0.00 7.391e-01 2.559e-01 8.997e-04 2.457e-04 2.232e-03 -1.000 5.043e-03 2.819 2.788 2.863 2.645
0.005 -0.48482 8.02000 1.4836487770 2.5375203611    1.484  0.844  3.9274  4.427    1  0.000  0.537     0.00     0.00     0.00     0.00     0.00 -1 -1.35e-13      0.00 7.391e-01 2.558e-01 8.996e-04 2.457e-04 2.232e-03 -1.000 5.091e-03 2.660 2.650 2.707 2.543
0.005 -0.48482 8.02000 1.5326267481 2.5415065793    1.532  0.905  3.9410  4.435    1  0.000  0.537     0.00     0.00     0.00     0.00     0.00 -1 -1.17e-13      0.00 7.392e-01 2.558e-01 8.996e-04 2.457e-04 2.232e-03 -1.000 5.029e-03 2.509 2.530 2.570 2.453
0.005 -0.48482 8.02000 1.5816048384 2.5452102246    1.581  0.963  3.9538  4.441    1  0.000  0.538     0.00     0.00     0.00     0.00     0.00 -1 -9.15e-14      0.00 7.393e-01 2.557e-01 8.995e-04 2.456e-04 2.231e-03 -1.000 5.060e-03 2.363 2.423 2.450 2.370
0.005 -0.48482 8.02000 1.6305828094 2.5486591609    1.630  1.019  3.9659  4.447    1  0.000  0.538     0.00     0.00     0.00     0.00     0.00 -1 -5.75e-14      0.00 7.393e-01 2.556e-01 8.993e-04 2.456e-04 2.231e-03 -1.000 5.051e-03 2.223 2.324 2.341 2.291
0.005 -0.48482 8.02000 1.6795608997 2.5518778061    1.679  1.073  3.9773  4.452    1  0.000  0.537     0.00     0.00     0.00     0.00     0.00 -1 -6.53e-24      0.00 7.393e-01 2.556e-01 8.989e-04 2.455e-04 2.231e-03 -1.000 5.071e-03 2.088 2.233 2.241 2.217
0.005 -0.48482 8.02000 1.7285389900 2.5548875929    1.727  1.125  3.9881  4.455    1  0.000  0.537     0.00     0.00     0.00     0.00     0.00 -1    -1e-30      0.00 7.394e-01 2.555e-01 8.988e-04 2.455e-04 2.230e-03 -1.000 5.085e-03 1.959 2.148 2.149 2.146
0.005 -0.48482 8.02000 1.7775169611 2.5577074260    1.776  1.174  3.9979  4.457    1  0.000  0.537     0.00     0.00     0.00     0.00     0.00 -1    -1e-30      0.00 7.394e-01 2.555e-01 8.988e-04 2.455e-04 2.230e-03 -1.000 5.071e-03 1.834 2.066 2.062 2.076
0.005 -0.48482 8.02000 1.8271399736 2.5603878217    1.826  1.223  4.0073  4.458    1  0.000  0.537     0.00     0.00     0.00     0.00     0.00 -1    -1e-30      0.00 7.395e-01 2.555e-01 8.986e-04 2.455e-04 2.229e-03 -1.000 5.040e-03 1.712 1.988 1.978 2.007
0.005 -0.48482 8.02000 1.8767631054 2.5629058721    1.876  1.270  4.0160  4.457    1  0.000  0.537     0.00     0.00     0.00     0.00     0.00 -1    -1e-30      0.00 7.395e-01 2.554e-01 8.985e-04 2.454e-04 2.229e-03 -1.000 5.075e-03 1.595 1.911 1.897 1.939
0.005 -0.48482 8.02000 1.9263861179 2.5652753117    1.926  1.316  4.0243  4.456    1  0.000  0.537     0.00     0.00     0.00     0.00     0.00 -1    -1e-30      0.00 7.396e-01 2.554e-01 8.984e-04 2.454e-04 2.229e-03 -1.000 5.064e-03 1.481 1.838 1.820 1.873
0.005 -0.48482 8.02000 1.9760092497 2.5675084202    1.976  1.360  4.0321  4.454    1  0.000  0.537     0.00     0.00     0.00     0.00     0.00 -1    -1e-30      0.00 7.395e-01 2.554e-01 8.983e-04 2.454e-04 2.229e-03 -1.000 5.100e-03 1.371 1.766 1.744 1.808
0.005 -0.48482 8.02000 2.0066778660 2.5688252216    2.006  1.387  4.0367  4.453    1  0.000  0.537     0.00     0.00     0.00     0.00     0.00 -1    -1e-30      0.00 7.396e-01 2.553e-01 8.984e-04 2.454e-04 2.229e-03 -1.000 5.083e-03 1.304 1.723 1.699 1.768
0.005 -0.48482 8.02000 2.0256323814 2.5696161724    2.025  1.403  4.0396  4.452    1  0.000  0.538     0.00     0.00     0.00     0.00     0.00 -1    -1e-30      0.00 7.396e-01 2.553e-01 8.985e-04 2.454e-04 2.229e-03 -1.000 5.071e-03 1.263 1.696 1.671 1.744
0.005 -0.48482 8.02000 2.0752551556 2.5716084101    2.074  1.445  4.0466  4.449    1  0.000  0.537     0.00     0.00     0.00     0.00     0.00 -1    -1e-30      0.00 7.396e-01 2.553e-01 8.983e-04 2.454e-04 2.229e-03 -1.000 5.099e-03 1.158 1.628 1.600 1.681
0.005 -0.48482 8.02000 2.1248781681 2.5734940270    2.124  1.486  4.0535  4.445    1  0.000  0.537     0.00     0.00     0.00     0.00     0.00 -1    -1e-30      0.00 7.396e-01 2.553e-01 8.983e-04 2.453e-04 2.229e-03 -1.000 5.080e-03 1.055 1.560 1.529 1.618
0.005 -0.48482 8.02000 2.1745014191 2.5752810240    2.173  1.526  4.0601  4.441    1  0.000  0.537     0.00     0.00     0.00     0.00     0.00 -1    -1e-30      0.00 7.396e-01 2.553e-01 8.981e-04 2.453e-04 2.229e-03 -1.000 5.082e-03 0.955 1.494 1.461 1.557
0.005 -0.48482 8.02000 2.1941237450 2.5759620556    2.193  1.542  4.0626  4.440    1  0.000  0.537     0.00     0.00     0.00     0.00     0.00 -1    -1e-30      0.00 7.397e-01 2.553e-01 8.982e-04 2.453e-04 2.229e-03 -1.000 5.078e-03 0.916 1.469 1.435 1.533
0.005 -0.48482 8.02000 2.2241244316 2.5769766210    2.223  1.565  4.0665  4.437    1  0.000  0.538     0.00     0.00     0.00     0.00     0.00 -1    -1e-30      0.00 7.397e-01 2.553e-01 8.984e-04 2.453e-04 2.228e-03 -1.000 5.073e-03 0.856 1.430 1.394 1.497
0.005 -0.48482 8.02000 2.2434222698 2.5776127698    2.242  1.580  4.0689  4.436    1  0.000  0.538     0.00     0.00     0.00     0.00     0.00 -1    -1e-30      0.00 7.397e-01 2.553e-01 8.984e-04 2.453e-04 2.228e-03 -1.000 5.084e-03 0.819 1.405 1.368 1.473
0.005 -0.48482 8.02000 2.2737474442 2.5785873869    2.272  1.604  4.0726  4.433    1  0.000  0.537     0.00     0.00     0.00     0.00     0.00 -1    -1e-30      0.00 7.397e-01 2.552e-01 8.984e-04 2.453e-04 2.229e-03 -1.000 5.095e-03 0.760 1.366 1.328 1.437
0.005 -0.48482 8.02000 2.3233704567 2.5801192816    2.322  1.642  4.0786  4.428    1  0.000  0.537     0.00     0.00     0.00     0.00     0.00 -1    -1e-30      0.00 7.397e-01 2.552e-01 8.982e-04 2.453e-04 2.228e-03 -1.000 5.062e-03 0.666 1.304 1.264 1.379
0.005 -0.48482 8.02000 2.3729934692 2.5815777304    2.372  1.679  4.0844  4.424    1  0.000  0.538     0.00     0.00     0.00     0.00     0.00 -1    -1e-30      0.00 7.397e-01 2.552e-01 8.983e-04 2.453e-04 2.228e-03 -1.000 5.067e-03 0.573 1.243 1.201 1.321
0.005 -0.48482 8.02000 2.3974058628 2.5822697965    2.396  1.696  4.0871  4.422    1  0.000  0.538     0.00     0.00     0.00     0.00     0.00 -1    -1e-30      0.00 7.396e-01 2.553e-01 8.987e-04 2.454e-04 2.229e-03 -1.000 5.070e-03 0.529 1.213 1.171 1.294
0.005 -0.48482 8.02000 2.4226169586 2.5829676955    2.421  1.714  4.0899  4.419    1  0.000  0.538     0.00     0.00     0.00     0.00     0.00 -1    -1e-30      0.00 7.395e-01 2.555e-01 8.991e-04 2.455e-04 2.230e-03 -1.000 5.075e-03 0.484 1.184 1.140 1.265
0.005 -0.48482 8.02000 2.4619224072 2.5840230364    2.460  1.742  4.0942  4.415    1  0.000  0.538     0.00     0.00     0.00     0.00     0.00 -1    -1e-30      0.00 7.391e-01 2.558e-01 9.002e-04 2.458e-04 2.233e-03 -1.000 5.078e-03 0.414 1.137 1.092 1.221
0.005 -0.48482 8.02000 2.6211090088 2.5879275048    2.620  1.853  4.1110  4.399    1  0.000  0.538     0.00     0.00     0.00     0.00     0.00 -1    -1e-30      0.00 7.372e-01 2.577e-01 9.053e-04 2.471e-04 2.245e-03 -1.000 5.101e-03 0.137 0.953 0.902 1.047
0.005 -0.48482 8.02000 2.6242289543 2.5879986043    2.624  1.855  4.1113  4.399    1  0.000  0.538     0.00     0.00     0.00     0.00     0.00 -1    -1e-30      0.00 7.372e-01 2.577e-01 9.053e-04 2.471e-04 2.245e-03 -1.000 5.101e-03 0.132 0.949 0.898 1.044
0.005 -0.48482 8.02000 2.7696805000 2.5911098787    2.769  1.952  4.1252  4.382    1  0.000  0.538     0.00     0.00     0.00     0.00     0.00 -1    -1e-30      0.00 7.372e-01 2.577e-01 9.053e-04 2.471e-04 2.245e-03 -1.000 5.101e-03 -0.109 0.787 0.732 0.889
0.005 -0.48482 8.02000 2.8196010590 2.5920929912    2.819  1.984  4.1298  4.375    1  0.000  0.538     0.00     0.00     0.00     0.00     0.00 -1    -1e-30      0.00 7.372e-01 2.577e-01 9.053e-04 2.471e-04 2.245e-03 -1.000 5.101e-03 -0.190 0.732 0.675 0.837
0.005 -0.48482 8.02000 2.8904983997 2.5934223216    2.890  2.029  4.1360  4.366    1  0.000  0.538     0.00     0.00     0.00     0.00     0.00 -1    -1e-30      0.00 7.372e-01 2.577e-01 9.053e-04 2.471e-04 2.245e-03 -1.000 5.101e-03 -0.302 0.655 0.597 0.764
0.005 -0.48482 8.02000 3.0107498169 2.5955132839    3.010  2.103  4.1461  4.350    1  0.000  0.538     0.00     0.00     0.00     0.00     0.00 -1    -1e-30      0.00 7.372e-01 2.577e-01 9.053e-04 2.471e-04 2.245e-03 -1.000 5.101e-03 -0.487 0.527 0.465 0.642
0.005 -0.48482 8.02000 3.0180935860 2.5956347850    3.018  2.107  4.1467  4.349    1  0.000  0.538     0.00     0.00     0.00     0.00     0.00 -1    -1e-30      0.00 7.372e-01 2.577e-01 9.053e-04 2.471e-04 2.245e-03 -1.000 5.101e-03 -0.498 0.519 0.457 0.634
0.005 -0.48482 8.02000 3.1206812859 2.5972635542    3.120  2.169  4.1545  4.333    1  0.000  0.538     0.00     0.00     0.00     0.00     0.00 -1    -1e-30      0.00 7.372e-01 2.577e-01 9.053e-04 2.471e-04 2.245e-03 -1.000 5.101e-03 -0.653 0.410 0.345 0.529
0.005 -0.48482 8.02000 3.2165856361 2.5986786580    3.215  2.226  4.1615  4.317    1  0.000  0.538     0.00     0.00     0.00     0.00     0.00 -1    -1e-30      0.00 7.372e-01 2.577e-01 9.053e-04 2.471e-04 2.245e-03 -1.000 5.101e-03 -0.796 0.307 0.241 0.431
0.005 -0.48482 8.02000 3.2820131779 2.5995896816    3.280  2.264  4.1661  4.306    1  0.000  0.538     0.00     0.00     0.00     0.00     0.00 -1    -1e-30      0.00 7.372e-01 2.577e-01 9.053e-04 2.471e-04 2.245e-03 -1.000 5.101e-03 -0.891 0.238 0.171 0.364
0.005 -0.48482 8.02000 3.4150779247 2.6013192607    3.413  2.341  4.1747  4.281    1  0.000  0.538     0.00     0.00     0.00     0.00     0.00 -1    -1e-30      0.00 7.372e-01 2.577e-01 9.053e-04 2.471e-04 2.245e-03 -1.000 5.101e-03 -1.083 0.097 0.027 0.228
0.005 -0.48482 8.02000 3.4475595951 2.6017182120    3.445  2.359  4.1767  4.275    1  0.000  0.538     0.00     0.00     0.00     0.00     0.00 -1    -1e-30      0.00 7.372e-01 2.577e-01 9.053e-04 2.471e-04 2.245e-03 -1.000 5.101e-03 -1.129 0.063 -0.008 0.195
0.005 -0.48482 8.02000 3.5914676189 2.6033863591    3.589  2.440  4.1848  4.244    1  0.000  0.538     0.00     0.00     0.00     0.00     0.00 -1    -1e-30      0.00 7.372e-01 2.577e-01 9.053e-04 2.471e-04 2.245e-03 -1.000 5.101e-03 -1.330 -0.091 -0.165 0.045
0.005 -0.48482 8.02000 3.6135697365 2.6036290617    3.611  2.452  4.1859  4.239    1  0.000  0.538     0.00     0.00     0.00     0.00     0.00 -1    -1e-30      0.00 7.372e-01 2.577e-01 9.053e-04 2.471e-04 2.245e-03 -1.000 5.101e-03 -1.361 -0.116 -0.190 0.021
0.005 -0.48482 8.02000 3.7006161213 2.6045525801    3.698  2.500  4.1902  4.218    1  0.000  0.538     0.00     0.00     0.00     0.00     0.00 -1    -1e-30      0.00 7.372e-01 2.577e-01 9.053e-04 2.471e-04 2.245e-03 -1.000 5.101e-03 -1.481 -0.211 -0.286 -0.072
0.005 -0.48482 8.02000 3.8082089424 2.6056272603    3.806  2.560  4.1947  4.189    1  0.000  0.538     0.00     0.00     0.00     0.00     0.00 -1    -1e-30      0.00 7.372e-01 2.577e-01 9.053e-04 2.471e-04 2.245e-03 -1.000 5.101e-03 -1.631 -0.335 -0.411 -0.193
0.005 -0.48482 8.02000 3.8120622635 2.6056644568    3.810  2.563  4.1948  4.188    1  0.000  0.538     0.00     0.00     0.00     0.00     0.00 -1    -1e-30      0.00 7.372e-01 2.577e-01 9.053e-04 2.471e-04 2.245e-03 -1.000 5.101e-03 -1.636 -0.339 -0.416 -0.197
0.005 -0.48482 8.02000 3.9159531593 2.6066356803    3.915  2.620  4.1984  4.157    1  0.000  0.538     0.00     0.00     0.00     0.00     0.00 -1    -1e-30      0.00 7.372e-01 2.577e-01 9.053e-04 2.471e-04 2.245e-03 -1.000 5.101e-03 -1.780 -0.462 -0.540 -0.318
0.005 -0.48482 8.02000 4.0046663284 2.6074193079    4.005  2.669  4.2009  4.128    1  0.000  0.538     0.00     0.00     0.00     0.00     0.00 -1    -1e-30      0.00 7.372e-01 2.577e-01 9.053e-04 2.471e-04 2.245e-03 -1.000 5.101e-03 -1.902 -0.570 -0.648 -0.424
0.005 -0.48482 8.02000 4.0105543137 2.6074699090    4.011  2.672  4.2011  4.126    1  0.000  0.538     0.00     0.00     0.00     0.00     0.00 -1    -1e-30      0.00 7.372e-01 2.577e-01 9.053e-04 2.471e-04 2.245e-03 -1.000 5.101e-03 -1.910 -0.577 -0.656 -0.431
0.005 -0.48482 8.02000 4.0916299820 2.6081496750    4.091  2.717  4.2024  4.095    1  0.000  0.538     0.00     0.00     0.00     0.00     0.00 -1    -1e-30      0.00 7.372e-01 2.577e-01 9.053e-04 2.471e-04 2.245e-03 -1.000 5.101e-03 -2.022 -0.681 -0.760 -0.535
0.005 -0.48482 8.02000 4.1947231293 2.6089705513    4.192  2.775  4.2030  4.050    1  0.000  0.538     0.00     0.00     0.00     0.00     0.00 -1    -1e-30      0.00 7.372e-01 2.577e-01 9.053e-04 2.471e-04 2.245e-03 -1.000 5.101e-03 -2.167 -0.823 -0.903 -0.676
0.005 -0.48482 8.02000 4.2090463638 2.6090809467    4.207  2.783  4.2029  4.043    1  0.000  0.538     0.00     0.00     0.00     0.00     0.00 -1    -1e-30      0.00 7.372e-01 2.577e-01 9.053e-04 2.471e-04 2.245e-03 -1.000 5.101e-03 -2.187 -0.844 -0.924 -0.697
0.005 -0.48482 8.02000 4.2873406410 2.6096694332    4.285  2.827  4.2024  4.005    1  0.000  0.538     0.00     0.00     0.00     0.00     0.00 -1    -1e-30      0.00 7.372e-01 2.577e-01 9.053e-04 2.471e-04 2.245e-03 -1.000 5.101e-03 -2.297 -0.958 -1.038 -0.812
0.005 -0.48482 8.02000 4.3645944595 2.6102263650    4.361  2.872  4.2004  3.960    1  0.000  0.538     0.00     0.00     0.00     0.00     0.00 -1    -1e-30      0.00 7.372e-01 2.577e-01 9.053e-04 2.471e-04 2.245e-03 -1.000 5.101e-03 -2.409 -1.082 -1.161 -0.937
0.005 -0.48482 8.02000 4.4075388908 2.6105262652    4.405  2.897  4.1985  3.931    1  0.000  0.538     0.00     0.00     0.00     0.00     0.00 -1    -1e-30      0.00 7.372e-01 2.577e-01 9.053e-04 2.471e-04 2.245e-03 -1.000 5.101e-03 -2.472 -1.157 -1.235 -1.013
0.005 -0.48482 8.02000 4.4383511543 2.6107373338    4.435  2.915  4.1971  3.910    1  0.000  0.538     0.00     0.00     0.00     0.00     0.00 -1    -1e-30      0.00 7.372e-01 2.577e-01 9.053e-04 2.471e-04 2.245e-03 -1.000 5.101e-03 -2.517 -1.211 -1.289 -1.067
0.005 -0.48482 8.02000 4.5149421692 2.6112476699    4.512  2.960  4.1920  3.852    1  0.000  0.538     0.00     0.00     0.00     0.00     0.00 -1    -1e-30      0.00 7.372e-01 2.577e-01 9.053e-04 2.471e-04 2.245e-03 -1.000 5.101e-03 -2.631 -1.354 -1.431 -1.214
0.005 -0.48482 8.02000 4.5799484253 2.6116654500    4.577  3.000  4.1854  3.792    1  0.000  0.538     0.00     0.00     0.00     0.00     0.00 -1    -1e-30      0.00 7.372e-01 2.577e-01 9.053e-04 2.471e-04 2.245e-03 -1.000 5.101e-03 -2.730 -1.494 -1.569 -1.357
0.005 -0.48482 8.02000 4.6060314178 2.6118292719    4.603  3.016  4.1820  3.765    1  0.000  0.538     0.00     0.00     0.00     0.00     0.00 -1    -1e-30      0.00 7.372e-01 2.577e-01 9.053e-04 2.471e-04 2.245e-03 -1.000 5.101e-03 -2.771 -1.555 -1.629 -1.420
0.005 -0.48482 8.02000 4.6415901184 2.6120492015    4.639  3.039  4.1774  3.727    1  0.000  0.538     0.00     0.00     0.00     0.00     0.00 -1    -1e-30      0.00 7.372e-01 2.577e-01 9.053e-04 2.471e-04 2.245e-03 -1.000 5.101e-03 -2.827 -1.639 -1.711 -1.506
0.005 -0.48482 8.02000 4.6914148331 2.6123509254    4.689  3.072  4.1698  3.669    1  0.000  0.538     0.00     0.00     0.00     0.00     0.00 -1    -1e-30      0.00 7.372e-01 2.577e-01 9.053e-04 2.471e-04 2.245e-03 -1.000 5.101e-03 -2.909 -1.765 -1.836 -1.638
0.005 -0.48482 8.02000 4.7404508591 2.6126407628    4.738  3.107  4.1631  3.611    1  0.000  0.538     0.00     0.00     0.00     0.00     0.00 -1    -1e-30      0.00 7.372e-01 2.577e-01 9.053e-04 2.471e-04 2.245e-03 -1.000 5.101e-03 -2.998 -1.894 -1.963 -1.770
0.005 -0.48482 8.02000 4.7527947426 2.6127126411    4.750  3.117  4.1619  3.598    1  0.000  0.538     0.00     0.00     0.00     0.00     0.00 -1    -1e-30      0.00 7.372e-01 2.577e-01 9.053e-04 2.471e-04 2.245e-03 -1.000 5.101e-03 -3.022 -1.925 -1.993 -1.802
0.005 -0.48482 8.02000 4.7740578651 2.6128354542    4.772  3.143  4.1736  3.620    1  0.000  0.538     0.00     0.00     0.00     0.00     0.00 -1    -1e-30      0.00 7.372e-01 2.577e-01 9.053e-04 2.471e-04 2.245e-03 -1.000 5.101e-03 -3.088 -1.923 -1.995 -1.793
0.005 -0.48482 8.02000 4.7801456451 2.6128703852    4.778  3.157  4.1838  3.647    1  0.000  0.538     0.00     0.00     0.00     0.00     0.00 -1    -1e-30      0.00 7.372e-01 2.577e-01 9.053e-04 2.471e-04 2.245e-03 -1.000 5.101e-03 -3.123 -1.898 -1.973 -1.762
0.005 -0.48482 8.02000 4.7825779915 2.6128843131    4.780  3.171  4.1945  3.677    1  0.000  0.538     0.00     0.00     0.00     0.00     0.00 -1    -1e-30      0.00 7.372e-01 2.577e-01 9.053e-04 2.471e-04 2.245e-03 -1.000 5.101e-03 -3.157 -1.869 -1.947 -1.727
0.005 -0.48482 8.02000 4.7837605476 2.6128910787    4.781  3.186  4.2046  3.702    1  0.000  0.538     0.00     0.00     0.00     0.00     0.00 -1    -1e-30      0.00 7.372e-01 2.577e-01 9.053e-04 2.471e-04 2.245e-03 -1.000 5.101e-03 -3.194 -1.847 -1.928 -1.699
0.005 -0.48482 8.02000 4.7844066620 2.6128947736    4.782  3.201  4.2133  3.722    1  0.000  0.538     0.00     0.00     0.00     0.00     0.00 -1    -1e-30      0.00 7.372e-01 2.577e-01 9.053e-04 2.471e-04 2.245e-03 -1.000 5.101e-03 -3.231 -1.833 -1.916 -1.680
0.005 -0.48482 8.02000 4.7847256660 2.6128965974    4.782  3.208  4.2179  3.733    1  0.000  0.538     0.00     0.00     0.00     0.00     0.00 -1    -1e-30      0.00 7.372e-01 2.577e-01 9.053e-04 2.471e-04 2.245e-03 -1.000 5.101e-03 -3.251 -1.826 -1.910 -1.670
0.005 -0.48482 8.02000 4.7850394249 2.6128983910    4.783  3.178  4.2074  3.721    2  0.000  0.538     0.00     0.00     0.00     0.00     0.00 -1    -1e-30      0.00 7.372e-01 2.577e-01 9.053e-04 2.471e-04 2.245e-03 -1.000 5.101e-03 -3.175 -1.811 -1.893 -1.662
0.005 -0.48482 8.02000 4.7852015495 2.6128993177    4.783  3.165  4.1987  3.700    2  0.000  0.538     0.00     0.00     0.00     0.00     0.00 -1    -1e-30      0.00 7.372e-01 2.577e-01 9.053e-04 2.471e-04 2.245e-03 -1.000 5.101e-03 -3.142 -1.829 -1.908 -1.685
0.005 -0.48482 8.02000 4.7854037285 2.6129004732    4.783  3.161  4.1870  3.657    2  0.000  0.538     0.00     0.00     0.00     0.00     0.00 -1    -1e-30      0.00 7.372e-01 2.577e-01 9.053e-04 2.471e-04 2.245e-03 -1.000 5.101e-03 -3.133 -1.889 -1.965 -1.751
0.005 -0.48482 8.02000 4.7856249809 2.6129017376    4.783  3.172  4.1752  3.599    2  0.000  0.538     0.00     0.00     0.00     0.00     0.00 -1    -1e-30      0.00 7.372e-01 2.577e-01 9.053e-04 2.471e-04 2.245e-03 -1.000 5.101e-03 -3.159 -1.985 -2.057 -1.854
0.005 -0.48482 8.02000 4.7858691216 2.6129031326    4.784  3.187  4.1632  3.535    2  0.000  0.538     0.00     0.00     0.00     0.00     0.00 -1    -1e-30      0.00 7.372e-01 2.577e-01 9.053e-04 2.471e-04 2.245e-03 -1.000 5.101e-03 -3.198 -2.094 -2.163 -1.970
0.005 -0.48482 8.02000 4.7861280441 2.6129046119    4.784  3.200  4.1512  3.474    2  0.000  0.538     0.00     0.00     0.00     0.00     0.00 -1    -1e-30      0.00 7.372e-01 2.577e-01 9.053e-04 2.471e-04 2.245e-03 -1.000 5.101e-03 -3.231 -2.197 -2.263 -2.081
0.005 -0.48482 8.02000 4.7863965034 2.6129061456    4.784  3.210  4.1392  3.416    2  0.000  0.538     0.00     0.00     0.00     0.00     0.00 -1    -1e-30      0.00 7.372e-01 2.577e-01 9.053e-04 2.471e-04 2.245e-03 -1.000 5.101e-03 -3.256 -2.292 -2.353 -2.182
0.005 -0.48482 8.02000 4.7866706848 2.6129077117    4.784  3.218  4.1271  3.361    2  0.000  0.538     0.00     0.00     0.00     0.00     0.00 -1    -1e-30      0.00 7.372e-01 2.577e-01 9.053e-04 2.471e-04 2.245e-03 -1.000 5.101e-03 -3.274 -2.378 -2.436 -2.277
0.005 -0.48482 8.02000 4.7869467735 2.6129092884    4.785  3.223  4.1150  3.307    2  0.000  0.538     0.00     0.00     0.00     0.00     0.00 -1    -1e-30      0.00 7.372e-01 2.577e-01 9.053e-04 2.471e-04 2.245e-03 -1.000 5.101e-03 -3.287 -2.460 -2.514 -2.366
0.005 -0.48482 8.02000 4.7872214317 2.6129108569    4.785  3.226  4.1029  3.255    2  0.000  0.538     0.00     0.00     0.00     0.00     0.00 -1    -1e-30      0.00 7.372e-01 2.577e-01 9.053e-04 2.471e-04 2.245e-03 -1.000 5.101e-03 -3.296 -2.537 -2.587 -2.450
0.005 -0.48482 8.02000 4.7874913216 2.6129123978    4.785  3.229  4.0907  3.204    2  0.000  0.538     0.00     0.00     0.00     0.00     0.00 -1    -1e-30      0.00 7.372e-01 2.577e-01 9.053e-04 2.471e-04 2.245e-03 -1.000 5.101e-03 -3.302 -2.610 -2.657 -2.531
0.005 -0.48482 8.02000 4.7877535820 2.6129138951    4.785  3.230  4.0786  3.154    2  0.000  0.538     0.00     0.00     0.00     0.00     0.00 -1    -1e-30      0.00 7.372e-01 2.577e-01 9.053e-04 2.471e-04 2.245e-03 -1.000 5.101e-03 -3.305 -2.680 -2.722 -2.608
0.005 -0.48482 8.02000 4.7880063057 2.6129153377    4.786  3.231  4.0664  3.105    2  0.000  0.538     0.00     0.00     0.00     0.00     0.00 -1    -1e-30      0.00 7.372e-01 2.577e-01 9.053e-04 2.471e-04 2.245e-03 -1.000 5.101e-03 -3.307 -2.746 -2.784 -2.681
0.005 -0.48482 8.02000 4.7882485390 2.6129167202    4.786  3.230  4.0542  3.056    2  0.000  0.538     0.00     0.00     0.00     0.00     0.00 -1    -1e-30      0.00 7.372e-01 2.577e-01 9.053e-04 2.471e-04 2.245e-03 -1.000 5.101e-03 -3.306 -2.809 -2.843 -2.752
0.005 -0.48482 8.02000 4.7884788513 2.6129180346    4.786  3.230  4.0420  3.008    2  0.000  0.538     0.00     0.00     0.00     0.00     0.00 -1    -1e-30      0.00 7.372e-01 2.577e-01 9.053e-04 2.471e-04 2.245e-03 -1.000 5.101e-03 -3.304 -2.869 -2.899 -2.820
0.005 -0.48482 8.02000 4.7886977196 2.6129192835    4.786  3.228  4.0298  2.961    2  0.000  0.538     0.00     0.00     0.00     0.00     0.00 -1    -1e-30      0.00 7.372e-01 2.577e-01 9.053e-04 2.471e-04 2.245e-03 -1.000 5.101e-03 -3.300 -2.926 -2.952 -2.885
0.005 -0.48482 8.02000 4.7889037132 2.6129204588    4.786  3.226  4.0176  2.914    2  0.000  0.538     0.00     0.00     0.00     0.00     0.00 -1    -1e-30      0.00 7.372e-01 2.577e-01 9.053e-04 2.471e-04 2.245e-03 -1.000 5.101e-03 -3.295 -2.980 -3.002 -2.948
0.005 -0.48482 8.02000 4.7890987396 2.6129215715    4.787  3.224  4.0055  2.868    2  0.000  0.538     0.00     0.00     0.00     0.00     0.00 -1    -1e-30      0.00 7.372e-01 2.577e-01 9.053e-04 2.471e-04 2.245e-03 -1.000 5.101e-03 -3.289 -3.032 -3.049 -3.008
0.005 -0.48482 8.02000 4.7892818451 2.6129226160    4.787  3.221  3.9933  2.822    2  0.000  0.538     0.00     0.00     0.00     0.00     0.00 -1    -1e-30      0.00 7.372e-01 2.577e-01 9.053e-04 2.471e-04 2.245e-03 -1.000 5.101e-03 -3.282 -3.081 -3.093 -3.066
0.005 -0.48482 8.02000 4.7894544601 2.6129236007    4.787  3.218  3.9812  2.777    2  0.000  0.538     0.00     0.00     0.00     0.00     0.00 -1    -1e-30      0.00 7.372e-01 2.577e-01 9.053e-04 2.471e-04 2.245e-03 -1.000 5.101e-03 -3.274 -3.127 -3.134 -3.121
0.005 -0.48482 8.02000 4.7896161079 2.6129245226    4.787  3.214  3.9691  2.732    2  0.000  0.538     0.00     0.00     0.00     0.00     0.00 -1    -1e-30      0.00 7.372e-01 2.577e-01 9.053e-04 2.471e-04 2.245e-03 -1.000 5.101e-03 -3.266 -3.169 -3.170 -3.174
0.005 -0.48482 8.02000 4.7897686958 2.6129253929    4.787  3.210  3.9570  2.688    2  0.000  0.538     0.00     0.00     0.00     0.00     0.00 -1    -1e-30      0.00 7.372e-01 2.577e-01 9.053e-04 2.471e-04 2.245e-03 -1.000 5.101e-03 -3.256 -3.207 -3.202 -3.224
0.005 -0.48482 8.02000 4.7899127007 2.6129262141    4.788  3.206  3.9450  2.644    2  0.000  0.538     0.00     0.00     0.00     0.00     0.00 -1    -1e-30      0.00 7.372e-01 2.577e-01 9.053e-04 2.471e-04 2.245e-03 -1.000 5.101e-03 -3.245 -3.241 -3.229 -3.272
0.005 -0.48482 8.02000 4.7900476456 2.6129269836    4.788  3.202  3.9329  2.600    2  0.000  0.538     0.00     0.00     0.00     0.00     0.00 -1    -1e-30      0.00 7.372e-01 2.577e-01 9.053e-04 2.471e-04 2.245e-03 -1.000 5.101e-03 -3.234 -3.271 -3.250 -3.317
0.005 -0.48482 8.02000 4.7901744843 2.6129277069    4.788  3.197  3.9208  2.556    2  0.000  0.538     0.00     0.00     0.00     0.00     0.00 -1    -1e-30      0.00 7.372e-01 2.577e-01 9.053e-04 2.471e-04 2.245e-03 -1.000 5.101e-03 -3.222 -3.293 -3.263 -3.358
0.005 -0.48482 8.02000 4.7902936935 2.6129283866    4.788  3.192  3.9088  2.513    2  0.000  0.538     0.00     0.00     0.00     0.00     0.00 -1    -1e-30      0.00 7.372e-01 2.577e-01 9.053e-04 2.471e-04 2.245e-03 -1.000 5.101e-03 -3.210 -3.307 -3.265 -3.395
0.005 -0.48482 8.02000 4.7904057503 2.6129290255    4.788  3.187  3.8967  2.470    2  0.000  0.538     0.00     0.00     0.00     0.00     0.00 -1    -1e-30      0.00 7.372e-01 2.577e-01 9.053e-04 2.471e-04 2.245e-03 -1.000 5.101e-03 -3.197 -3.315 -3.259 -3.428
0.005 -0.48482 8.02000 4.7905111313 2.6129296263    4.788  3.181  3.8847  2.428    2  0.000  0.538     0.00     0.00     0.00     0.00     0.00 -1    -1e-30      0.00 7.372e-01 2.577e-01 9.053e-04 2.471e-04 2.245e-03 -1.000 5.101e-03 -3.183 -3.316 -3.244 -3.458
0.005 -0.48482 8.02000 4.7906093597 2.6129301863    4.788  3.176  3.8727  2.385    2  0.000  0.538     0.00     0.00     0.00     0.00     0.00 -1    -1e-30      0.00 7.372e-01 2.577e-01 9.053e-04 2.471e-04 2.245e-03 -1.000 5.101e-03 -3.169 -3.312 -3.222 -3.485
0.005 -0.48482 8.02000 4.7907018661 2.6129307136    4.788  3.170  3.8608  2.343    2  0.000  0.538     0.00     0.00     0.00     0.00     0.00 -1    -1e-30      0.00 7.372e-01 2.577e-01 9.053e-04 2.471e-04 2.245e-03 -1.000 5.101e-03 -3.155 -3.305 -3.196 -3.511
0.005 -0.48482 8.02000 4.7907886505 2.6129312083    4.788  3.164  3.8489  2.302    2  0.000  0.538     0.00     0.00     0.00     0.00     0.00 -1    -1e-30      0.00 7.372e-01 2.577e-01 9.053e-04 2.471e-04 2.245e-03 -1.000 5.101e-03 -3.141 -3.293 -3.163 -3.533
0.005 -0.48482 8.02000 4.7908701897 2.6129316731    4.789  3.158  3.8370  2.260    2  0.000  0.538     0.00     0.00     0.00     0.00     0.00 -1    -1e-30      0.00 7.372e-01 2.577e-01 9.053e-04 2.471e-04 2.245e-03 -1.000 5.101e-03 -3.126 -3.280 -3.128 -3.553
0.005 -0.48482 8.02000 4.7909474373 2.6129321134    4.789  3.152  3.8252  2.219    2  0.000  0.538     0.00     0.00     0.00     0.00     0.00 -1    -1e-30      0.00 7.372e-01 2.577e-01 9.053e-04 2.471e-04 2.245e-03 -1.000 5.101e-03 -3.110 -3.263 -3.090 -3.569
0.005 -0.48482 8.02000 4.7910203934 2.6129325292    4.789  3.146  3.8134  2.178    2  0.000  0.538     0.00     0.00     0.00     0.00     0.00 -1    -1e-30      0.00 7.372e-01 2.577e-01 9.053e-04 2.471e-04 2.245e-03 -1.000 5.101e-03 -3.095 -3.244 -3.049 -3.581
0.005 -0.48482 8.02000 4.7910890579 2.6129329206    4.789  3.140  3.8017  2.137    2  0.000  0.538     0.00     0.00     0.00     0.00     0.00 -1    -1e-30      0.00 7.372e-01 2.577e-01 9.053e-04 2.471e-04 2.245e-03 -1.000 5.101e-03 -3.079 -3.223 -3.004 -3.592
0.005 -0.48482 8.02000 4.7911534309 2.6129332875    4.789  3.133  3.7901  2.097    2  0.000  0.538     0.00     0.00     0.00     0.00     0.00 -1    -1e-30      0.00 7.372e-01 2.577e-01 9.053e-04 2.471e-04 2.245e-03 -1.000 5.101e-03 -3.063 -3.199 -2.957 -3.599
0.005 -0.48482 8.02000 4.7912154198 2.6129336407    4.789  3.127  3.7785  2.058    2  0.000  0.538     0.00     0.00     0.00     0.00     0.00 -1    -1e-30      0.00 7.372e-01 2.577e-01 9.053e-04 2.471e-04 2.245e-03 -1.000 5.101e-03 -3.047 -3.174 -2.907 -3.604
0.005 -0.48482 8.02000 4.7912745476 2.6129339777    4.789  3.120  3.7672  2.019    2  0.000  0.538     0.00     0.00     0.00     0.00     0.00 -1    -1e-30      0.00 7.372e-01 2.577e-01 9.053e-04 2.471e-04 2.245e-03 -1.000 5.101e-03 -3.030 -3.145 -2.853 -3.605
0.005 -0.48482 8.02000 4.7913317680 2.6129343038    4.789  3.113  3.7563  1.983    2  0.000  0.538     0.00     0.00     0.00     0.00     0.00 -1    -1e-30      0.00 7.372e-01 2.577e-01 9.053e-04 2.471e-04 2.245e-03 -1.000 5.101e-03 -3.012 -3.115 -2.800 -3.602
0.005 -0.48482 8.02000 4.7913894653 2.6129346326    4.789  3.105  3.7459  1.949    2  0.000  0.538     0.00     0.00     0.00     0.00     0.00 -1    -1e-30      0.00 7.372e-01 2.577e-01 9.053e-04 2.471e-04 2.245e-03 -1.000 5.101e-03 -2.992 -3.082 -2.743 -3.594
0.005 -0.48482 8.02000 4.7914547920 2.6129350049    4.789  3.095  3.7357  1.918    2  0.000  0.538     0.00     0.00     0.00     0.00     0.00 -1    -1e-30      0.00 7.372e-01 2.577e-01 9.053e-04 2.471e-04 2.245e-03 -1.000 5.101e-03 -2.968 -3.042 -2.680 -3.579
0.005 -0.48482 8.02000 4.7915325165 2.6129354478    4.789  3.082  3.7258  1.891    2  0.000  0.538     0.00     0.00     0.00     0.00     0.00 -1    -1e-30      0.00 7.372e-01 2.577e-01 9.053e-04 2.471e-04 2.245e-03 -1.000 5.101e-03 -2.935 -2.994 -2.608 -3.554
0.005 -0.48482 8.02000 4.7916455269 2.6129360917    4.789  3.062  3.7154  1.870    2  0.000  0.538     0.00     0.00     0.00     0.00     0.00 -1    -1e-30      0.00 7.372e-01 2.577e-01 9.053e-04 2.471e-04 2.245e-03 -1.000 5.101e-03 -2.885 -2.923 -2.513 -3.507
0.005 -0.48482 8.02000 4.7917556763 2.6129367193    4.789  3.042  3.7072  1.857    2  0.000  0.538     0.00     0.00     0.00     0.00     0.00 -1    -1e-30      0.00 7.372e-01 2.577e-01 9.053e-04 2.471e-04 2.245e-03 -1.000 5.101e-03 -2.836 -2.856 -2.427 -3.459
0.005 -0.48482 8.02000 4.7919249535 2.6129376837    4.790  3.021  3.6961  1.834    2  0.000  0.538     0.00     0.00     0.00     0.00     0.00 -1    -1e-30      0.00 7.372e-01 2.577e-01 9.053e-04 2.471e-04 2.245e-03 -1.000 5.101e-03 -2.782 -2.776 -2.319 -3.404
0.005 -0.48482 8.02000 4.7919745445 2.6129379663    4.790  3.018  3.6929  1.824    2  0.000  0.538     0.00     0.00     0.00     0.00     0.00 -1    -1e-30      0.00 7.372e-01 2.577e-01 9.053e-04 2.471e-04 2.245e-03 -1.000 5.101e-03 -2.774 -2.760 -2.294 -3.395
0.005 -0.48482 8.02000 4.7920150757 2.6129381972    4.790  3.022  3.6903  1.810    3  0.000  0.538     5.40     4.83     3.59     2.59     2.12  4    -1e-30      0.00 7.372e-01 2.577e-01 9.053e-04 2.471e-04 2.245e-03 -1.000 5.101e-03 -2.784 -2.764 -2.291 -3.405
0.005 -0.48482 8.02000 4.7921419144 2.6129389197    4.790  3.046  3.6823  1.754    3  0.000  0.537     6.08     5.34     3.95     2.86     2.34  4    -1e-30      0.00 7.372e-01 2.577e-01 9.052e-04 2.472e-04 2.245e-03 -1.000 5.101e-03 -2.844 -2.802 -2.308 -3.462
0.005 -0.48482 8.02000 4.7922339439 2.6129394440    4.790  3.074  3.6766  1.702    3  0.000  0.537     6.78     5.86     4.32     3.13     2.57  4    -1e-30      0.00 7.372e-01 2.577e-01 9.042e-04 2.474e-04 2.245e-03 -1.000 5.101e-03 -2.916 -2.859 -2.349 -3.532
0.005 -0.48482 8.02000 4.7923202515 2.6129399356    4.790  3.108  3.6715  1.648    3  0.000  0.533     7.60     6.46     4.74     3.44     2.82  4    -1e-30      0.00 7.372e-01 2.577e-01 8.974e-04 2.500e-04 2.245e-03 -1.000 5.101e-03 -3.000 -2.930 -2.405 -3.614
0.005 -0.48482 8.02000 4.7924046516 2.6129404163    4.790  3.141  3.6673  1.599    3  0.000  0.520     8.44     7.07     5.16     3.75     3.08  4    -1e-30      0.00 7.372e-01 2.577e-01 8.750e-04 2.667e-04 2.245e-03 -1.000 5.101e-03 -3.082 -2.998 -2.461 -3.692
0.005 -0.48482 8.02000 4.7924890518 2.6129408971    4.790  3.171  3.6636  1.554    3  0.000  0.499     9.29     7.67     5.59     4.06     3.33  4    -1e-30      0.00 7.371e-01 2.578e-01 8.393e-04 2.981e-04 2.245e-03 -1.000 5.103e-03 -3.158 -3.062 -2.514 -3.764
0.005 -0.48482 8.02000 4.7925367355 2.6129411686    4.790  3.185  3.6620  1.533    3  0.000  0.482     9.70     7.96     5.79     4.21     3.45  4    -1e-30      0.00 7.370e-01 2.578e-01 8.121e-04 3.299e-04 2.245e-03 -1.000 5.103e-03 -3.193 -3.092 -2.539 -3.797
0.005 -0.48482 8.02000 4.7926473618 2.6129417987    4.790  3.205  3.6598  1.505    3  0.000  0.462    10.31     8.38     6.08     4.43     3.63  4    -1e-30      0.00 7.370e-01 2.579e-01 7.777e-04 3.719e-04 2.245e-03 -1.000 5.101e-03 -3.243 -3.133 -2.574 -3.844
0.005 -0.48482 8.02000 4.7929964066 2.6129437864    4.791  3.252  3.6548  1.438    3  0.000  0.419    11.87     9.45     6.82     4.97     4.08  4    -1e-30      0.00 7.369e-01 2.580e-01 7.055e-04 4.608e-04 2.245e-03 -1.000 5.114e-03 -3.359 -3.228 -2.652 -3.951
0.005 -0.48482 8.02000 4.7934613228 2.6129464334    4.791  3.297  3.6501  1.374    3  0.000  0.388    13.59    10.61     7.62     5.57     4.57  4    -1e-30      0.00 7.367e-01 2.581e-01 6.523e-04 5.300e-04 2.240e-03 -1.000 5.129e-03 -3.472 -3.320 -2.729 -4.056
0.005 -0.48482 8.02000 4.7939262390 2.6129490799    4.792  3.338  3.6461  1.317    3  0.000  0.373    15.34    11.76     8.40     6.15     5.05  4    -1e-30      0.00 7.358e-01 2.591e-01 6.199e-04 5.933e-04 2.213e-03 -1.000 5.130e-03 -3.575 -3.403 -2.798 -4.149
0.005 -0.48482 8.02000 4.7944202423 2.6129518912    4.792  3.379  3.6422  1.260    3  0.000  0.367    17.31    13.04     9.28     6.80     5.59  4    -1e-30      0.00 7.329e-01 2.619e-01 5.949e-04 6.757e-04 2.154e-03 -1.000 5.130e-03 -3.678 -3.488 -2.869 -4.244
0.005 -0.48482 8.02000 4.7949137688 2.6129546992    4.793  3.416  3.6388  1.209    3  0.000  0.366    19.26    14.29    10.12     7.43     6.10  4    -1e-30      0.00 7.285e-01 2.664e-01 5.765e-04 7.526e-04 2.093e-03 -1.000 5.118e-03 -3.771 -3.564 -2.933 -4.329
0.005 -0.48482 8.02000 4.7955155373 2.6129581222    4.793  3.445  3.6364  1.171    3  0.000  0.366    20.89    15.32    10.81     7.94     6.53  4    -1e-30      0.00 7.245e-01 2.704e-01 5.650e-04 8.026e-04 2.052e-03 -1.000 5.126e-03 -3.842 -3.623 -2.982 -4.394
0.005 -0.48482 8.02000 4.7965869904 2.6129642143    4.794  3.471  3.6342  1.136    3  0.000  0.366    22.51    16.32    11.49     8.45     6.95  4    -1e-30      0.00 7.209e-01 2.739e-01 5.570e-04 8.377e-04 2.023e-03 -1.000 5.195e-03 -3.908 -3.677 -3.028 -4.455
0.005 -0.48482 8.02000 4.8045234680 2.6130092428    4.803  3.454  3.6363  1.163    4  0.000  0.366     0.00     0.00     0.00     0.00     0.00 -1    -1e-30      0.00 7.209e-01 2.739e-01 5.571e-04 8.375e-04 2.023e-03 -1.000 5.198e-03 -3.865 -3.645 -3.003 -4.417
0.005 -0.48482 8.02000 4.8050465584 2.6130122046    4.803  3.453  3.6365  1.165    4  0.000  0.366     0.00     0.00     0.00     0.00     0.00 -1    -1e-30      0.00 7.209e-01 2.739e-01 5.571e-04 8.375e-04 2.023e-03 -1.000 5.198e-03 -3.862 -3.643 -3.002 -4.414
0.005 -0.48482 8.02000 4.8204116821 2.6130988743    4.818  3.416  3.6408  1.220    4  0.000  0.366     0.00     0.00     0.00     0.00     0.00 -1    -1e-30      0.00 7.210e-01 2.738e-01 5.572e-04 8.372e-04 2.023e-03 -1.000 5.190e-03 -3.769 -3.573 -2.948 -4.333
0.005 -0.48482 8.02000 4.8320469856 2.6131640836    4.830  3.381  3.6446  1.271    4  0.000  0.366     0.00     0.00     0.00     0.00     0.00 -1    -1e-30      0.00 7.210e-01 2.738e-01 5.573e-04 8.370e-04 2.023e-03 -1.000 5.185e-03 -3.683 -3.505 -2.894 -4.255
0.005 -0.48482 8.02000 4.8426656723 2.6132232810    4.841  3.346  3.6487  1.324    4  0.000  0.366     0.00     0.00     0.00     0.00     0.00 -1    -1e-30      0.00 7.211e-01 2.737e-01 5.574e-04 8.368e-04 2.024e-03 -1.000 5.179e-03 -3.595 -3.436 -2.839 -4.176
0.005 -0.48482 8.02000 4.8529901505 2.6132805527    4.851  3.313  3.6528  1.374    4  0.000  0.366     0.00     0.00     0.00     0.00     0.00 -1    -1e-30      0.00 7.211e-01 2.737e-01 5.574e-04 8.366e-04 2.024e-03 -1.000 5.174e-03 -3.513 -3.373 -2.790 -4.103
0.005 -0.48482 8.02000 4.8654346466 2.6133492131    4.864  3.283  3.6579  1.426    4  0.000  0.366     0.00     0.00     0.00     0.00     0.00 -1    -1e-30      0.00 7.212e-01 2.736e-01 5.575e-04 8.364e-04 2.024e-03 -1.000 5.168e-03 -3.437 -3.320 -2.753 -4.037
0.005 -0.48482 8.02000 4.8824572563 2.6134424810    4.881  3.261  3.6648  1.477    4  0.000  0.366     0.00     0.00     0.00     0.00     0.00 -1    -1e-30      0.00 7.213e-01 2.736e-01 5.576e-04 8.361e-04 2.024e-03 -1.000 5.160e-03 -3.381 -3.290 -2.743 -3.991
0.005 -0.48482 8.02000 4.8854818344 2.6134589746    4.884  3.259  3.6661  1.484    4  0.000  0.366     0.00     0.00     0.00     0.00     0.00 -1    -1e-30      0.00 7.213e-01 2.736e-01 5.577e-04 8.360e-04 2.024e-03 -1.000 5.158e-03 -3.377 -3.290 -2.747 -3.989
0.005 -0.48482 8.02000 4.8985714912 2.6135300853    4.897  3.284  3.6760  1.500    5  0.000  0.366     0.00     0.00     0.00     0.00     0.00 -1    -1e-30      0.00 7.213e-01 2.735e-01 5.577e-04 8.358e-04 2.024e-03 -1.000 5.152e-03 -3.439 -3.383 -2.866 -4.060
0.005 -0.48482 8.02000 4.9042234421 2.6135606551    4.903  3.315  3.6869  1.513    5  0.000  0.366     0.00     0.00     0.00     0.00     0.00 -1    -1e-30      0.00 7.213e-01 2.735e-01 5.578e-04 8.357e-04 2.024e-03 -1.000 5.149e-03 -3.517 -3.490 -3.001 -4.144
0.005 -0.48482 8.02000 4.9076943398 2.6135793881    4.906  3.339  3.6991  1.539    5  0.000  0.366     0.00     0.00     0.00     0.00     0.00 -1    -1e-30      0.00 7.214e-01 2.735e-01 5.578e-04 8.356e-04 2.024e-03 -1.000 5.147e-03 -3.577 -3.583 -3.126 -4.209
0.005 -0.48482 8.02000 4.9101014137 2.6135923615    4.909  3.353  3.7115  1.574    5  0.000  0.366     0.00     0.00     0.00     0.00     0.00 -1    -1e-30      0.00 7.214e-01 2.735e-01 5.578e-04 8.356e-04 2.024e-03 -1.000 5.146e-03 -3.612 -3.648 -3.222 -4.245
0.005 -0.48482 8.02000 4.9116959572 2.6136009476    4.910  3.361  3.7218  1.607    5  0.000  0.366     0.00     0.00     0.00     0.00     0.00 -1    -1e-30      0.00 7.214e-01 2.735e-01 5.578e-04 8.355e-04 2.024e-03 -1.000 5.145e-03 -3.633 -3.689 -3.290 -4.262
0.005 -0.48482 8.02000 4.9133052826 2.6136096068    4.912  3.369  3.7335  1.647    5  0.000  0.366     0.00     0.00     0.00     0.00     0.00 -1    -1e-30      0.00 7.214e-01 2.735e-01 5.578e-04 8.355e-04 2.024e-03 -1.000 5.144e-03 -3.651 -3.728 -3.357 -4.273
0.005 -0.48482 8.02000 4.9147944450 2.6136176137    4.913  3.375  3.7451  1.687    5  0.000  0.366     0.00     0.00     0.00     0.00     0.00 -1    -1e-30      0.00 7.214e-01 2.735e-01 5.579e-04 8.355e-04 2.024e-03 -1.000 5.144e-03 -3.667 -3.762 -3.418 -4.278
0.005 -0.48482 8.02000 4.9161567688 2.6136249336    4.915  3.380  3.7558  1.725    5  0.000  0.366     0.00     0.00     0.00     0.00     0.00 -1    -1e-30      0.00 7.214e-01 2.735e-01 5.579e-04 8.354e-04 2.024e-03 -1.000 5.143e-03 -3.679 -3.789 -3.471 -4.278
0.005 -0.48482 8.02000 4.9175386429 2.6136323539    4.916  3.384  3.7665  1.763    5  0.000  0.367     0.00     0.00     0.00     0.00     0.00 -1    -1e-30      0.00 7.214e-01 2.735e-01 5.579e-04 8.354e-04 2.024e-03 -1.000 5.142e-03 -3.691 -3.813 -3.519 -4.275
0.005 -0.48482 8.02000 4.9190015793 2.6136402042    4.917  3.389  3.7773  1.802    5  0.000  0.367     0.00     0.00     0.00     0.00     0.00 -1    -1e-30      0.00 7.214e-01 2.735e-01 5.579e-04 8.354e-04 2.024e-03 -1.000 5.142e-03 -3.703 -3.836 -3.567 -4.268
0.005 -0.48482 8.02000 4.9205670357 2.6136485987    4.919  3.394  3.7882  1.841    5  0.000  0.367     0.00     0.00     0.00     0.00     0.00 -1    -1e-30      0.00 7.214e-01 2.735e-01 5.579e-04 8.354e-04 2.024e-03 -1.000 5.141e-03 -3.715 -3.857 -3.612 -4.259
0.005 -0.48482 8.02000 4.9222226143 2.6136574698    4.921  3.399  3.7989  1.879    5  0.000  0.367     0.00     0.00     0.00     0.00     0.00 -1    -1e-30      0.00 7.214e-01 2.734e-01 5.579e-04 8.353e-04 2.024e-03 -1.000 5.140e-03 -3.727 -3.877 -3.655 -4.249
0.005 -0.48482 8.02000 4.9239988327 2.6136669797    4.922  3.404  3.8097  1.917    5  0.000  0.367     0.00     0.00     0.00     0.00     0.00 -1    -1e-30      0.00 7.214e-01 2.734e-01 5.579e-04 8.353e-04 2.024e-03 -1.000 5.139e-03 -3.740 -3.895 -3.696 -4.238
0.005 -0.48482 8.02000 4.9258799553 2.6136770426    4.924  3.409  3.8203  1.954    5  0.000  0.367     0.00     0.00     0.00     0.00     0.00 -1    -1e-30      0.00 7.214e-01 2.734e-01 5.579e-04 8.353e-04 2.024e-03 -1.000 5.138e-03 -3.752 -3.911 -3.732 -4.225
0.005 -0.48482 8.02000 4.9278635979 2.6136876444    4.926  3.414  3.8305  1.991    5  0.000  0.367     0.00     0.00     0.00     0.00     0.00 -1    -1e-30      0.00 7.214e-01 2.734e-01 5.579e-04 8.352e-04 2.024e-03 -1.000 5.137e-03 -3.765 -3.926 -3.767 -4.211
0.005 -0.48482 8.02000 4.9297962189 2.6136979641    4.928  3.419  3.8399  2.024    5  0.000  0.367     0.00     0.00     0.00     0.00     0.00 -1    -1e-30      0.00 7.214e-01 2.734e-01 5.580e-04 8.352e-04 2.024e-03 -1.000 5.136e-03 -3.776 -3.938 -3.796 -4.196
0.005 -0.48482 8.02000 4.9322791100 2.6137112084    4.931  3.424  3.8510  2.063    5  0.000  0.367     0.00     0.00     0.00     0.00     0.00 -1    -1e-30      0.00 7.215e-01 2.734e-01 5.580e-04 8.352e-04 2.025e-03 -1.000 5.135e-03 -3.790 -3.950 -3.829 -4.176
0.005 -0.48482 8.02000 4.9345898628 2.6137235207    4.933  3.429  3.8616  2.100    5  0.000  0.367     0.00     0.00     0.00     0.00     0.00 -1    -1e-30      0.00 7.215e-01 2.734e-01 5.580e-04 8.351e-04 2.025e-03 -1.000 5.134e-03 -3.803 -3.959 -3.857 -4.154
0.005 -0.48482 8.02000 4.9369683266 2.6137361799    4.936  3.434  3.8707  2.132    5  0.000  0.367     0.00     0.00     0.00     0.00     0.00 -1    -1e-30      0.00 7.215e-01 2.734e-01 5.580e-04 8.351e-04 2.025e-03 -1.000 5.133e-03 -3.815 -3.966 -3.878 -4.136
0.005 -0.48482 8.02000 4.9401550293 2.6137531190    4.939  3.440  3.8813  2.169    5  0.000  0.367     0.00     0.00     0.00     0.00     0.00 -1    -1e-30      0.00 7.215e-01 2.734e-01 5.580e-04 8.350e-04 2.025e-03 -1.000 5.131e-03 -3.831 -3.972 -3.900 -4.116
0.005 -0.48482 8.02000 4.9435458183 2.6137711154    4.942  3.446  3.8904  2.199    5  0.000  0.367     0.00     0.00     0.00     0.00     0.00 -1    -1e-30      0.00 7.215e-01 2.734e-01 5.581e-04 8.350e-04 2.025e-03 -1.000 5.129e-03 -3.845 -3.977 -3.918 -4.099
0.005 -0.48482 8.02000 4.9491233826 2.6138006562    4.948  3.454  3.9000  2.231    5  0.000  0.367     0.00     0.00     0.00     0.00     0.00 -1    -1e-30      0.00 7.215e-01 2.734e-01 5.581e-04 8.348e-04 2.025e-03 -1.000 5.127e-03 -3.865 -3.983 -3.934 -4.083
0.005 -0.48482 8.02000 4.9576463699 2.6138456494    4.956  3.465  3.9084  2.254    5  0.000  0.367     0.00     0.00     0.00     0.00     0.00 -1    -1e-30      0.00 7.216e-01 2.733e-01 5.582e-04 8.347e-04 2.025e-03 -1.000 5.123e-03 -3.891 -3.993 -3.953 -4.077
0.005 -0.48482 8.02000 4.9614658356 2.6138657549    4.960  3.467  3.9048  2.237    6  0.000  0.367     0.00     0.00     0.00     0.00     0.00 -1    -1e-30      0.00 7.216e-01 2.733e-01 5.582e-04 8.346e-04 2.025e-03 -1.000 5.121e-03 -3.898 -4.007 -3.963 -4.098
0.005 -0.48482 8.02000 4.9672527313 2.6138961491    4.966  3.471  3.8974  2.205    6  0.000  0.367     0.00     0.00     0.00     0.00     0.00 -1    -1e-30      0.00 7.216e-01 2.733e-01 5.582e-04 8.345e-04 2.025e-03 -1.000 5.118e-03 -3.908 -4.030 -3.978 -4.136
0.005 -0.48482 8.02000 4.9724149704 2.6139231937    4.971  3.474  3.8893  2.169    6  0.000  0.367     0.00     0.00     0.00     0.00     0.00 -1    -1e-30      0.00 7.216e-01 2.733e-01 5.583e-04 8.344e-04 2.025e-03 -1.000 5.115e-03 -3.916 -4.050 -3.989 -4.173
0.005 -0.48482 8.02000 4.9769339561 2.6139468155    4.976  3.476  3.8801  2.131    6  0.000  0.367     0.00     0.00     0.00     0.00     0.00 -1    -1e-30      0.00 7.216e-01 2.733e-01 5.583e-04 8.344e-04 2.025e-03 -1.000 5.113e-03 -3.921 -4.065 -3.992 -4.210
0.005 -0.48482 8.02000 4.9803853035 2.6139648233    4.979  3.478  3.8708  2.093    6  0.000  0.367     0.00     0.00     0.00     0.00     0.00 -1    -1e-30      0.00 7.216e-01 2.732e-01 5.583e-04 8.343e-04 2.025e-03 -1.000 5.112e-03 -3.924 -4.076 -3.989 -4.245
0.005 -0.48482 8.02000 4.9833626747 2.6139803350    4.982  3.478  3.8599  2.049    6  0.000  0.367     0.00     0.00     0.00     0.00     0.00 -1    -1e-30      0.00 7.217e-01 2.732e-01 5.583e-04 8.342e-04 2.025e-03 -1.000 5.110e-03 -3.925 -4.083 -3.980 -4.281
0.005 -0.48482 8.02000 4.9854822159 2.6139913645    4.984  3.478  3.8501  2.010    6  0.000  0.367     0.00     0.00     0.00     0.00     0.00 -1    -1e-30      0.00 7.217e-01 2.732e-01 5.583e-04 8.342e-04 2.025e-03 -1.000 5.109e-03 -3.924 -4.085 -3.964 -4.312
0.005 -0.48482 8.02000 4.9872822762 2.6140007231    4.986  3.477  3.8392  1.968    6  0.000  0.367     0.00     0.00     0.00     0.00     0.00 -1    -1e-30      0.00 7.217e-01 2.732e-01 5.584e-04 8.342e-04 2.025e-03 -1.000 5.108e-03 -3.922 -4.085 -3.943 -4.343
0.005 -0.48482 8.02000 4.9888153076 2.6140086873    4.988  3.476  3.8283  1.925    6  0.000  0.367     0.00     0.00     0.00     0.00     0.00 -1    -1e-30      0.00 7.217e-01 2.732e-01 5.584e-04 8.341e-04 2.025e-03 -1.000 5.108e-03 -3.919 -4.082 -3.919 -4.371
0.005 -0.48482 8.02000 4.9904317856 2.6140170788    4.989  3.474  3.8159  1.877    6  0.000  0.367     0.00     0.00     0.00     0.00     0.00 -1    -1e-30      0.00 7.217e-01 2.732e-01 5.584e-04 8.341e-04 2.025e-03 -1.000 5.107e-03 -3.916 -4.075 -3.888 -4.399
0.005 -0.48482 8.02000 4.9916386604 2.6140233400    4.990  3.473  3.8054  1.837    6  0.000  0.367     0.00     0.00     0.00     0.00     0.00 -1    -1e-30      0.00 7.217e-01 2.732e-01 5.584e-04 8.341e-04 2.025e-03 -1.000 5.106e-03 -3.911 -4.066 -3.858 -4.420
0.005 -0.48482 8.02000 4.9924836159 2.6140277214    4.991  3.471  3.7957  1.801    6  0.000  0.367     0.00     0.00     0.00     0.00     0.00 -1    -1e-30      0.00 7.217e-01 2.732e-01 5.584e-04 8.341e-04 2.025e-03 -1.000 5.106e-03 -3.906 -4.055 -3.827 -4.435
0.005 -0.48482 8.02000 4.9932556152 2.6140317231    4.992  3.468  3.7841  1.757    6  0.000  0.367     0.00     0.00     0.00     0.00     0.00 -1    -1e-30      0.00 7.217e-01 2.732e-01 5.584e-04 8.341e-04 2.025e-03 -1.000 5.105e-03 -3.899 -4.040 -3.787 -4.452
0.005 -0.48482 8.02000 4.9938774109 2.6140349452    4.993  3.465  3.7732  1.716    6  0.000  0.367     0.00     0.00     0.00     0.00     0.00 -1    -1e-30      0.00 7.217e-01 2.732e-01 5.584e-04 8.340e-04 2.025e-03 -1.000 5.105e-03 -3.893 -4.024 -3.745 -4.467
0.005 -0.48482 8.02000 4.9944186211 2.6140377489    4.993  3.462  3.7624  1.676    6  0.000  0.367     0.00     0.00     0.00     0.00     0.00 -1    -1e-30      0.00 7.217e-01 2.732e-01 5.584e-04 8.340e-04 2.025e-03 -1.000 5.105e-03 -3.886 -4.006 -3.702 -4.478
0.005 -0.48482 8.02000 4.9949007034 2.6140402457    4.994  3.459  3.7518  1.636    6  0.000  0.367     0.00     0.00     0.00     0.00     0.00 -1    -1e-30      0.00 7.217e-01 2.732e-01 5.584e-04 8.340e-04 2.025e-03 -1.000 5.105e-03 -3.878 -3.985 -3.656 -4.484
0.005 -0.48482 8.02000 4.9953532219 2.6140425889    4.994  3.456  3.7410  1.597    6  0.000  0.367     0.00     0.00     0.00     0.00     0.00 -1    -1e-30      0.00 7.217e-01 2.732e-01 5.584e-04 8.340e-04 2.025e-03 -1.000 5.104e-03 -3.870 -3.960 -3.606 -4.488
0.005 -0.48482 8.02000 4.9958133698 2.6140449711    4.995  3.451  3.7297  1.556    6  0.000  0.367     0.00     0.00     0.00     0.00     0.00 -1    -1e-30      0.00 7.217e-01 2.732e-01 5.584e-04 8.340e-04 2.025e-03 -1.000 5.104e-03 -3.858 -3.931 -3.549 -4.486
0.005 -0.48482 8.02000 4.9964137077 2.6140480783    4.995  3.443  3.7153  1.506    6  0.000  0.367     0.00     0.00     0.00     0.00     0.00 -1    -1e-30      0.00 7.217e-01 2.732e-01 5.584e-04 8.340e-04 2.025e-03 -1.000 5.104e-03 -3.838 -3.883 -3.465 -4.472
0.005 -0.48482 8.02000 4.9969563484 2.6140508862    4.996  3.433  3.7035  1.470    6  0.000  0.367     0.00     0.00     0.00     0.00     0.00 -1    -1e-30      0.00 7.217e-01 2.732e-01 5.584e-04 8.340e-04 2.025e-03 -1.000 5.104e-03 -3.812 -3.830 -3.382 -4.447
0.005 -0.48482 8.02000 4.9976420403 2.6140544332    4.996  3.415  3.6901  1.434    6  0.000  0.367     0.00     0.00     0.00     0.00     0.00 -1    -1e-30      0.00 7.217e-01 2.732e-01 5.584e-04 8.340e-04 2.025e-03 -1.000 5.103e-03 -3.768 -3.751 -3.269 -4.399
0.005 -0.48482 8.02000 4.9984102249 2.6140584057    4.997  3.390  3.6771  1.407    6  0.000  0.367     0.00     0.00     0.00     0.00     0.00 -1    -1e-30      0.00 7.217e-01 2.732e-01 5.584e-04 8.340e-04 2.025e-03 -1.000 5.103e-03 -3.704 -3.652 -3.136 -4.329
0.005 -0.48482 8.02000 4.9993052483 2.6140630323    4.998  3.373  3.6640  1.372    6  0.000  0.367     0.00     0.00     0.00     0.00     0.00 -1    -1e-30      0.00 7.217e-01 2.732e-01 5.584e-04 8.340e-04 2.025e-03 -1.000 5.102e-03 -3.662 -3.568 -3.016 -4.274
0.005 -0.48482 8.02000 4.9998030663 2.6140656048    4.999  3.376  3.6560  1.336    6  0.000  0.367     0.00     0.00     0.00     0.00     0.00 -1    -1e-30      0.00 7.217e-01 2.732e-01 5.584e-04 8.339e-04 2.025e-03 -1.000 5.102e-03 -3.671 -3.545 -2.969 -4.268
0.005 -0.48482 8.02000 4.9999084473 2.6140661493    4.999  3.396  3.6522  1.301    7  0.000  0.367    15.89    12.24     8.73     6.39     5.25  4    -1e-30      0.00 7.217e-01 2.732e-01 5.584e-04 8.339e-04 2.025e-03 -1.000 5.102e-03 -3.721 -3.579 -2.991 -4.311
0.005 -0.48482 8.02000 5.0000371933 2.6140668145    4.999  3.422  3.6483  1.260    7  0.000  0.367    17.33    13.17     9.37     6.86     5.64  4    -1e-30      0.00 7.217e-01 2.732e-01 5.584e-04 8.339e-04 2.025e-03 -1.000 5.102e-03 -3.784 -3.624 -3.023 -4.366
0.005 -0.48482 8.02000 5.0004734993 2.6140690684    4.999  3.450  3.6448  1.218    7  0.000  0.367    18.96    14.22    10.08     7.39     6.07  4    -1e-30      0.00 7.217e-01 2.732e-01 5.585e-04 8.339e-04 2.025e-03 -1.000 5.102e-03 -3.855 -3.678 -3.065 -4.429
0.005 -0.48482 8.02000 5.0010747910 2.6140721739    5.000  3.481  3.6401  1.169    7  0.000  0.367    21.08    15.55    10.98     8.06     6.63  4 -5.35e-24      0.00 7.217e-01 2.732e-01 5.585e-04 8.339e-04 2.025e-03 -1.000 5.102e-03 -3.931 -3.731 -3.102 -4.494
0.005 -0.48482 8.02000 5.0013208389 2.6140734444    5.000  3.515  3.6363  1.119    7  0.000  0.367    23.42    17.01    11.96     8.79     7.23  4 -2.86e-21      0.00 7.217e-01 2.732e-01 5.585e-04 8.339e-04 2.025e-03 -1.000 5.101e-03 -4.017 -3.797 -3.154 -4.570
0.005 -0.48482 8.02000 5.0016064644 2.6140749191    5.000  3.553  3.6326  1.066    7  0.000  0.367    26.22    18.72    13.11     9.64     7.93  4 -8.16e-16      0.00 7.217e-01 2.731e-01 5.585e-04 8.339e-04 2.025e-03 -1.000 5.124e-03 -4.113 -3.874 -3.217 -4.656
0.005 -0.48482 8.02000 5.0019764900 2.6140768292    5.001  3.594  3.6290  1.011    7  0.000  0.367    29.51    20.69    14.42    10.63     8.75  4 -1.51e-10      0.00 7.217e-01 2.731e-01 5.584e-04 8.339e-04 2.025e-03 -1.000 5.148e-03 -4.216 -3.956 -3.285 -4.749
0.005 -0.48482 8.02000 5.0024371147 2.6140792067    5.001  3.635  3.6255  0.956    7  0.000  0.367    33.16    22.84    15.85    11.70     9.63  4 -5.38e-09      0.00 7.217e-01 2.731e-01 5.583e-04 8.339e-04 2.025e-03 -1.000 5.154e-03 -4.318 -4.038 -3.352 -4.841
0.005 -0.48482 8.02000 5.0029926300 2.6140820732    5.001  3.676  3.6221  0.901    7  0.000  0.366    37.26    25.22    17.43    12.88    10.60  4 -7.15e-09      0.00 7.217e-01 2.731e-01 5.575e-04 8.344e-04 2.025e-03 -1.000 5.154e-03 -4.420 -4.120 -3.418 -4.933
0.005 -0.48482 8.02000 5.0030159950 2.6140821937    5.002  3.678  3.6219  0.899    7  0.000  0.366    37.43    25.32    17.49    12.93    10.64  4 -7.23e-09      0.00 7.217e-01 2.731e-01 5.575e-04 8.345e-04 2.025e-03 -1.000 5.154e-03 -4.424 -4.123 -3.421 -4.936
0.005 -0.48482 8.02000 5.0031137466 2.6140826980    5.002  3.685  3.6213  0.890    7  0.000  0.366    38.17    25.74    17.77    13.14    10.81  4 -7.47e-09      0.00 7.217e-01 2.731e-01 5.573e-04 8.346e-04 2.025e-03 -1.000 5.154e-03 -4.441 -4.136 -3.432 -4.952
0.005 -0.48482 8.02000 5.0037460327 2.6140859596    5.002  3.723  3.6180  0.838    7  0.000  0.364    42.64    28.28    19.44    14.39    11.85  4 -8.86e-09      0.00 7.217e-01 2.731e-01 5.545e-04 8.373e-04 2.025e-03 -1.000 5.154e-03 -4.538 -4.212 -3.491 -5.037
0.005 -0.48482 8.02000 5.0044612885 2.6140896480    5.002  3.763  3.6144  0.784    7  0.000  0.361    47.84    31.18    21.34    15.82    13.03  4 -1.06e-08      0.00 7.217e-01 2.731e-01 5.501e-04 8.424e-04 2.025e-03 -1.000 5.154e-03 -4.637 -4.288 -3.551 -5.124
0.005 -0.48482 8.02000 5.0052204132 2.6140935614    5.003  3.805  3.6107  0.727    7  0.000  0.359    54.01    34.55    23.54    17.48    14.40  4 -1.31e-08      0.00 7.217e-01 2.731e-01 5.458e-04 8.476e-04 2.025e-03 -1.000 5.154e-03 -4.742 -4.369 -3.615 -5.217
0.005 -0.48482 8.02000 5.0059394836 2.6140972669    5.003  3.849  3.6067  0.668    7  0.000  0.356    61.30    38.47    26.08    19.39    15.98  4 -1.88e-08      0.00 7.217e-01 2.731e-01 5.422e-04 8.522e-04 2.025e-03 -1.000 5.154e-03 -4.851 -4.452 -3.677 -5.311
0.005 -0.48482 8.02000 5.0065708160 2.6141005194    5.003  3.892  3.6029  0.608    7  0.000  0.354    69.54    42.82    28.89    21.52    17.74  3 -2.92e-08      0.00 7.217e-01 2.731e-01 5.393e-04 8.563e-04 2.025e-03 -1.000 5.162e-03 -4.960 -4.534 -3.740 -5.406
0.005 -0.48482 8.02000 5.0071229935 2.6141033632    5.003  3.935  3.5990  0.550    7  0.000  0.353    78.77    47.60    31.96    23.84    19.66  3 -4.51e-08      0.00 7.217e-01 2.732e-01 5.369e-04 8.601e-04 2.024e-03 -1.000 5.184e-03 -5.068 -4.614 -3.799 -5.498
0.005 -0.48482 8.02000 5.0076203346 2.6141059241    5.002  3.978  3.5951  0.492    7  0.000  0.352    89.14    52.86    35.33    26.39    21.77  3 -6.94e-08      0.00 7.216e-01 2.732e-01 5.350e-04 8.646e-04 2.021e-03 -1.000 5.193e-03 -5.174 -4.690 -3.853 -5.587
0.005 -0.48482 8.02000 5.0080747604 2.6141082634    5.000  4.019  3.5912  0.434    7  0.000  0.352   100.80    58.67    39.03    29.20    24.09  3 -1.06e-07      0.00 7.216e-01 2.732e-01 5.334e-04 8.704e-04 2.017e-03 -1.000 5.183e-03 -5.279 -4.764 -3.903 -5.675
0.005 -0.48482 8.02000 5.0085501671 2.6141107103    4.998  4.066  3.5867  0.369    7  0.000  0.352   115.73    65.97    43.65    32.71    27.00  3 -1.74e-07      0.00 7.213e-01 2.735e-01 5.316e-04 8.781e-04 2.010e-03 -1.000 5.186e-03 -5.396 -4.844 -3.953 -5.771
0.005 -0.48482 8.02000 5.0089368820 2.6141127002    4.995  4.107  3.5828  0.313    7  0.000  0.352   130.43    73.01    48.09    36.10    29.79  3 -2.62e-07      0.00 7.198e-01 2.750e-01 5.292e-04 8.890e-04 2.001e-03 -1.000 5.200e-03 -5.497 -4.911 -3.994 -5.853
0.005 -0.48482 8.02000 5.0093684196 2.6141149204    4.988  4.158  3.5778  0.241    7  0.000  0.352   151.92    83.10    54.41    40.93    33.79  3 -4.45e-07      0.00 7.029e-01 2.919e-01 5.169e-04 9.463e-04 1.953e-03 -1.000 5.191e-03 -5.624 -4.991 -4.035 -5.953
0.005 -0.48482 8.02000 5.0095715523 2.6141159653    4.984  4.193  3.5735  0.188    7  0.000  0.353   170.06    91.45    59.62    44.91    37.09  2 -6.42e-07      0.00 6.759e-01 3.190e-01 4.972e-04 1.039e-03 1.876e-03 -1.000 5.155e-03 -5.713 -5.036 -4.044 -6.015
0.005 -0.48482 8.02000 5.0097308159 2.6141167845    4.979  4.231  3.5687  0.131    7  0.000  0.353   192.09   101.42    65.82    49.65    41.01  2 -9.62e-07      0.00 6.569e-01 3.379e-01 4.847e-04 1.098e-03 1.827e-03 -1.000 5.170e-03 -5.808 -5.079 -4.044 -6.079
0.005 -0.48482 8.02000 5.0098724365 2.6141175129    4.971  4.270  3.5643  0.074    7  0.000  0.353   216.79   112.39    72.60    54.85    45.32  2 -1.43e-06      0.01 6.477e-01 3.471e-01 4.790e-04 1.125e-03 1.805e-03 -1.000 5.182e-03 -5.904 -5.118 -4.032 -6.140
0.005 -0.48482 8.02000 5.0100040436 2.6141181898    4.961  4.308  3.5598  0.017    7  0.000  0.353   244.58   124.54    80.07    60.59    50.07  2 -2.14e-06      0.01 6.433e-01 3.515e-01 4.761e-04 1.138e-03 1.793e-03 -1.000 5.198e-03 -6.000 -5.148 -4.009 -6.195
0.005 -0.48482 8.02000 5.0101304054 2.6141188396    4.946  4.345  3.5553 -0.040    7  0.000  0.353   275.62   137.87    88.23    66.88    55.28  2 -3.16e-06      0.03 6.406e-01 3.542e-01 4.744e-04 1.147e-03 1.786e-03 -1.000 5.148e-03 -6.093 -5.156 -3.941 -6.233
0.005 -0.48482 8.02000 5.0102705956 2.6141195605    4.921  4.385  3.5503 -0.102    7  0.000  0.353   313.77   154.01    98.06    74.46    61.56  2 -4.86e-06      0.04 6.386e-01 3.562e-01 4.730e-04 1.153e-03 1.781e-03 -1.000 5.173e-03 -6.193 -5.151 -3.847 -6.263
0.005 -0.48482 8.02000 5.0104060173 2.6141202569    4.882  4.419  3.5456 -0.158    7  0.000  0.353   352.41   170.15   107.83    82.03    67.83  2 -7.09e-06      0.08 6.375e-01 3.573e-01 4.724e-04 1.156e-03 1.779e-03 -1.000 5.176e-03 -6.278 -5.103 -3.682 -6.255
0.005 -0.48482 8.02000 5.0105938911 2.6141212229    4.803  4.437  3.5423 -0.196    7  0.000  0.353   377.47   181.39   114.58    87.29    72.19  2 -8.96e-06      0.11 6.370e-01 3.578e-01 4.721e-04 1.158e-03 1.777e-03 -1.000 5.199e-03 -6.322 -5.041 -3.530 -6.223
0.005 -0.48482 8.02000 5.0106258392 2.6141213871    4.788  4.437  3.5420 -0.199    7  0.000  0.353   379.08   182.37   115.16    87.75    72.57  2 -9.13e-06      0.11 6.369e-01 3.579e-01 4.720e-04 1.158e-03 1.777e-03 -1.000 5.201e-03 -6.324 -5.032 -3.512 -6.217
0.005 -0.48482 8.02000 5.0106363297 2.6141214411    4.783  4.437  3.5419 -0.200    7  0.000  0.353   379.28   182.49   115.23    87.81    72.62  2 -9.14e-06      0.11 6.369e-01 3.579e-01 4.720e-04 1.158e-03 1.777e-03 -1.000 5.201e-03 -6.323 -5.030 -3.509 -6.215
0.005 -0.48482 8.02000 5.0106439590 2.6141214803    4.780  4.437  3.5419 -0.200    7  0.000  0.353   379.26   182.48   115.23    87.81    72.62  2 -9.14e-06      0.11 6.369e-01 3.579e-01 4.720e-04 1.158e-03 1.777e-03 -1.000 5.201e-03 -6.322 -5.029 -3.508 -6.215
0.005 -0.48482 8.02000 5.0106582642 2.6141215538    4.774  4.432  3.5425 -0.193    7  0.000  0.353   375.53   180.26   113.88    86.77    71.75  2 -8.71e-06      0.10 6.369e-01 3.579e-01 4.720e-04 1.158e-03 1.777e-03 -1.000 5.201e-03 -6.310 -5.039 -3.535 -6.219
0.005 -0.48482 8.02000 5.0106725693 2.6141216274    4.768  4.425  3.5432 -0.184    7  0.000  0.353   368.70   177.34   112.12    85.41    70.63  2 -8.17e-06      0.09 6.369e-01 3.579e-01 4.720e-04 1.158e-03 1.777e-03 -1.000 5.201e-03 -6.293 -5.053 -3.571 -6.225
0.005 -0.48482 8.02000 5.0107202530 2.6141218725    4.752  4.342  3.5528 -0.064    7  0.000  0.353   285.59   142.64    91.06    69.16    57.16  2 -3.54e-06      0.03 6.369e-01 3.579e-01 4.719e-04 1.158e-03 1.777e-03 -1.000 5.201e-03 -6.086 -5.105 -3.849 -6.197
0.005 -0.48482 8.02000 5.0107722282 2.6141221397    4.743  4.346  3.5522 -0.071    7  0.000  0.353   289.44   144.31    92.08    69.95    57.81  2 -3.68e-06      0.03 6.369e-01 3.579e-01 4.719e-04 1.158e-03 1.777e-03 -1.000 5.172e-03 -6.095 -5.102 -3.836 -6.198
0.005 -0.48482 8.02000 5.0107860565 2.6141222108    4.741  4.342  3.5526 -0.066    7  0.000  0.353   286.13   142.91    91.22    69.29    57.26  2 -3.54e-06      0.03 6.369e-01 3.580e-01 4.719e-04 1.158e-03 1.777e-03 -1.000 5.163e-03 -6.085 -5.100 -3.841 -6.194
0.005 -0.48482 8.02000 5.0108075142 2.6141223211    4.737  4.339  3.5528 -0.062    7  0.000  0.353   283.93   141.98    90.65    68.85    56.90  2 -3.45e-06      0.03 6.369e-01 3.580e-01 4.719e-04 1.158e-03 1.777e-03 -1.000 5.157e-03 -6.078 -5.099 -3.845 -6.191
0.005 -0.48482 8.02000 5.0108084679 2.6141223261    4.737  4.339  3.5529 -0.062    7  0.000  0.353   283.68   141.87    90.59    68.80    56.86  2 -3.44e-06      0.03 6.369e-01 3.580e-01 4.719e-04 1.158e-03 1.777e-03 -1.000 5.157e-03 -6.077 -5.099 -3.846 -6.191
0.005 -0.48482 8.02000 5.0108146667 2.6141223579    4.736  4.345  3.5522 -0.071    7  0.000  0.353   289.15   144.21    92.01    69.90    57.77  2 -3.66e-06      0.03 6.369e-01 3.580e-01 4.719e-04 1.158e-03 1.777e-03 -1.000 5.157e-03 -6.092 -5.099 -3.834 -6.196
0.005 -0.48482 8.02000 5.0108227730 2.6141223996    4.734  4.355  3.5509 -0.086    7  0.000  0.353   298.68   148.26    94.48    71.80    59.34  2 -4.05e-06      0.04 6.369e-01 3.580e-01 4.719e-04 1.158e-03 1.777e-03 -1.000 5.157e-03 -6.118 -5.100 -3.813 -6.206
0.005 -0.48482 8.02000 5.0108394623 2.6141224854    4.731  4.371  3.5491 -0.109    7  0.000  0.353   313.39   154.49    98.27    74.73    61.77  2  -4.8e-06      0.04 6.369e-01 3.580e-01 4.718e-04 1.158e-03 1.777e-03 -1.000 5.158e-03 -6.156 -5.097 -3.772 -6.216
