Zini MH logAge Mini int_IMF Mass logL logTe logg label McoreTP C_O period0 period1 period2 period3 period4 pmode Mloss tau1m X Y Xc Xn Xo Cexcess Z mbolmag Gmag G_BPmag G_RPmag
0.0055 -0.44261 8.68000 0.0900000036 1.0816895926    0.090 -3.195  3.4157  5.202    0  0.000  0.545     0.00     0.00     0.00     0.00     0.00 -1 -6.74e-17      0.00 7.360e-01 2.585e-01 1.002e-03 2.703e-04 2.451e-03 -1.000 5.571e-03 12.757 14.515 17.480 13.048
0.0055 -0.44261 8.68000 0.0913785994 1.0947659362    0.091 -3.178  3.4183  5.202    0  0.000  0.545     0.00     0.00     0.00     0.00     0.00 -1 -6.96e-17      0.00 7.360e-01 2.585e-01 1.002e-03 2.703e-04 2.451e-03 -1.000 5.571e-03 12.714 14.458 17.394 12.994
0.0055 -0.44261 8.68000 0.0978718176 1.1530789839    0.098 -3.090  3.4316  5.197    0  0.000  0.545     0.00     0.00     0.00     0.00     0.00 -1 -8.31e-17      0.00 7.360e-01 2.585e-01 1.002e-03 2.703e-04 2.451e-03 -1.000 5.571e-03 12.494 14.102 16.770 12.675
0.0055 -0.44261 8.68000 0.1000000015 1.1711064122    0.100 -3.059  3.4363  5.194    0  0.000  0.545     0.00     0.00     0.00     0.00     0.00 -1 -8.85e-17      0.00 7.360e-01 2.585e-01 1.002e-03 2.703e-04 2.451e-03 -1.000 5.571e-03 12.418 13.977 16.560 12.563
0.0055 -0.44261 8.68000 0.1199999973 1.3193154249    0.120 -2.836  3.4637  5.160    0  0.000  0.545     0.00     0.00     0.00     0.00     0.00 -1 -1.41e-16      0.00 7.359e-01 2.585e-01 1.002e-03 2.703e-04 2.451e-03 -1.000 5.571e-03 11.860 13.143 15.227 11.814
0.0055 -0.44261 8.68000 0.1400000006 1.4384526719    0.140 -2.652  3.4824  5.118    0  0.000  0.545     0.00     0.00     0.00     0.00     0.00 -1 -2.08e-16      0.00 7.359e-01 2.585e-01 1.002e-03 2.703e-04 2.451e-03 -1.000 5.571e-03 11.401 12.501 14.275 11.240
0.0055 -0.44261 8.68000 0.1516208351 1.4979525188    0.152 -2.582  3.4898  5.112    0  0.000  0.545     0.00     0.00     0.00     0.00     0.00 -1 -2.37e-16      0.00 7.359e-01 2.585e-01 1.002e-03 2.703e-04 2.451e-03 -1.000 5.571e-03 11.225 12.253 13.913 11.021
0.0055 -0.44261 8.68000 0.1599999964 1.5372931554    0.160 -2.532  3.4950  5.106    0  0.000  0.545     0.00     0.00     0.00     0.00     0.00 -1  -2.6e-16      0.00 7.359e-01 2.586e-01 1.002e-03 2.703e-04 2.451e-03 -1.000 5.571e-03 11.100 12.083 13.676 10.869
0.0055 -0.44261 8.68000 0.1999999881 1.6938790356    0.200 -2.322  3.5128  5.064    0  0.000  0.545     0.00     0.00     0.00     0.00     0.00 -1 -3.95e-16      0.00 7.358e-01 2.586e-01 1.002e-03 2.703e-04 2.451e-03 -1.000 5.571e-03 10.575 11.410 12.791 10.261
0.0055 -0.44261 8.68000 0.2062149495 1.7145473553    0.206 -2.296  3.5149  5.060    0  0.000  0.545     0.00     0.00     0.00     0.00     0.00 -1 -4.14e-16      0.00 7.358e-01 2.586e-01 1.002e-03 2.703e-04 2.451e-03 -1.000 5.571e-03 10.510 11.329 12.690 10.188
0.0055 -0.44261 8.68000 0.2470721602 1.8328370682    0.247 -2.137  3.5268  5.027    0  0.000  0.545     0.00     0.00     0.00     0.00     0.00 -1 -5.67e-16      0.00 7.358e-01 2.587e-01 1.002e-03 2.703e-04 2.451e-03 -1.000 5.571e-03 10.112 10.844 12.094 9.743
0.0055 -0.44261 8.68000 0.2500000000 1.8403257998    0.250 -2.126  3.5276  5.025    0  0.000  0.545     0.00     0.00     0.00     0.00     0.00 -1 -5.79e-16      0.00 7.358e-01 2.587e-01 1.002e-03 2.703e-04 2.451e-03 -1.000 5.571e-03 10.086 10.813 12.056 9.714
0.0055 -0.44261 8.68000 0.3023058176 1.9575087324    0.302 -1.966  3.5382  4.989    0  0.000  0.545     0.00     0.00     0.00     0.00     0.00 -1 -7.92e-16      0.00 7.357e-01 2.587e-01 1.002e-03 2.703e-04 2.451e-03 -1.000 5.571e-03 9.685 10.345 11.507 9.279
0.0055 -0.44261 8.68000 0.3090240061 1.9706403671    0.309 -1.942  3.5394  4.980    0  0.000  0.545     0.00     0.00     0.00     0.00     0.00 -1 -8.36e-16      0.00 7.358e-01 2.586e-01 1.002e-03 2.703e-04 2.451e-03 -1.000 5.571e-03 9.626 10.279 11.432 9.216
0.0055 -0.44261 8.68000 0.3499999642 2.0434174156    0.350 -1.825  3.5475  4.949    0  0.000  0.545     0.00     0.00     0.00     0.00     0.00 -1 -1.07e-15      0.00 7.360e-01 2.585e-01 1.002e-03 2.703e-04 2.451e-03 -1.000 5.571e-03 9.332 9.936 11.036 8.898
0.0055 -0.44261 8.68000 0.3999999762 2.1185023988    0.400 -1.668  3.5589  4.896    0  0.000  0.545     0.00     0.00     0.00     0.00     0.00 -1 -1.52e-15      0.00 7.360e-01 2.585e-01 1.002e-03 2.703e-04 2.451e-03 -1.000 5.571e-03 8.941 9.482 10.510 8.476
0.0055 -0.44261 8.68000 0.4499999881 2.1822809009    0.450 -1.503  3.5729  4.837    0  0.000  0.545     0.00     0.00     0.00     0.00     0.00 -1 -2.25e-15      0.00 7.360e-01 2.585e-01 1.002e-03 2.703e-04 2.451e-03 -1.000 5.571e-03 8.527 8.993 9.943 8.028
0.0055 -0.44261 8.68000 0.4681602418 2.2032032910    0.468 -1.438  3.5795  4.816    0  0.000  0.545     0.00     0.00     0.00     0.00     0.00 -1 -2.62e-15      0.00 7.360e-01 2.585e-01 1.002e-03 2.703e-04 2.451e-03 -1.000 5.571e-03 8.366 8.801 9.719 7.853
0.0055 -0.44261 8.68000 0.4999999702 2.2374541023    0.500 -1.332  3.5903  4.782    0  0.000  0.545     0.00     0.00     0.00     0.00     0.00 -1 -3.37e-15      0.00 7.360e-01 2.585e-01 1.002e-03 2.703e-04 2.451e-03 -1.000 5.571e-03 8.099 8.484 9.351 7.565
0.0055 -0.44261 8.68000 0.5186275244 2.2558662034    0.519 -1.264  3.5998  4.768    0  0.000  0.545     0.00     0.00     0.00     0.00     0.00 -1 -3.93e-15      0.00 7.367e-01 2.578e-01 9.993e-04 2.696e-04 2.445e-03 -1.000 5.570e-03 7.931 8.277 9.105 7.381
0.0055 -0.44261 8.68000 0.5500000119 2.2836582633    0.550 -1.157  3.6150  4.747    0  0.000  0.545     0.00     0.00     0.00     0.00     0.00 -1    -5e-15      0.00 7.372e-01 2.572e-01 9.973e-04 2.691e-04 2.440e-03 -1.000 5.570e-03 7.663 7.953 8.721 7.094
0.0055 -0.44261 8.68000 0.5999999642 2.3211212854    0.600 -0.985  3.6412  4.717    0  0.000  0.545     0.00     0.00     0.00     0.00     0.00 -1 -7.35e-15      0.00 7.375e-01 2.570e-01 9.964e-04 2.688e-04 2.438e-03 -1.000 5.525e-03 7.232 7.425 8.088 6.635
0.0055 -0.44261 8.68000 0.6215545535 2.3351497445    0.621 -0.911  3.6529  4.706    0  0.000  0.545     0.00     0.00     0.00     0.00     0.00 -1 -8.67e-15      0.00 7.377e-01 2.567e-01 9.954e-04 2.686e-04 2.436e-03 -1.000 5.527e-03 7.047 7.193 7.807 6.438
0.0055 -0.44261 8.68000 0.6499999762 2.3520353107    0.650 -0.819  3.6689  4.698    0  0.000  0.545     0.00     0.00     0.00     0.00     0.00 -1 -1.06e-14      0.00 7.377e-01 2.568e-01 9.956e-04 2.687e-04 2.437e-03 -1.000 5.552e-03 6.818 6.902 7.456 6.194
0.0055 -0.44261 8.68000 0.6999999881 2.3779266974    0.700 -0.666  3.6956  4.684    0  0.000  0.545     0.00     0.00     0.00     0.00     0.00 -1 -1.47e-14      0.00 7.380e-01 2.565e-01 9.947e-04 2.684e-04 2.435e-03 -1.000 5.530e-03 6.436 6.438 6.911 5.799
0.0055 -0.44261 8.68000 0.7495123148 2.3996909141    0.750 -0.526  3.7196  4.669    1  0.000  0.538     0.00     0.00     0.00     0.00     0.00 -1    -2e-14      0.00 7.383e-01 2.562e-01 9.810e-04 2.679e-04 2.433e-03 -1.000 5.542e-03 6.085 6.035 6.447 5.451
0.0055 -0.44261 8.68000 0.7990245819 2.4183828323    0.799 -0.395  3.7395  4.645    1  0.000  0.538     0.00     0.00     0.00     0.00     0.00 -1 -2.69e-14      0.00 7.387e-01 2.558e-01 9.797e-04 2.675e-04 2.430e-03 -1.000 5.497e-03 5.757 5.679 6.046 5.138
0.0055 -0.44261 8.68000 0.8485368490 2.4345886963    0.848 -0.271  3.7572  4.618    1  0.000  0.538     0.00     0.00     0.00     0.00     0.00 -1 -3.58e-14      0.00 7.392e-01 2.553e-01 9.779e-04 2.670e-04 2.425e-03 -1.000 5.465e-03 5.448 5.357 5.687 4.855
0.0055 -0.44261 8.68000 0.8980491161 2.4487569484    0.897 -0.154  3.7725  4.587    1  0.000  0.537     0.00     0.00     0.00     0.00     0.00 -1 -4.73e-14      0.00 7.399e-01 2.546e-01 9.747e-04 2.663e-04 2.419e-03 -1.000 5.518e-03 5.155 5.059 5.358 4.590
0.0055 -0.44261 8.68000 0.9247129560 2.4556682527    0.924 -0.093  3.7798  4.568    1  0.000  0.537     0.00     0.00     0.00     0.00     0.00 -1 -5.47e-14      0.00 7.407e-01 2.538e-01 9.729e-04 2.657e-04 2.414e-03 -1.000 5.481e-03 5.003 4.907 5.190 4.454
0.0055 -0.44261 8.68000 0.9475613832 2.4612360964    0.947 -0.043  3.7859  4.553    1  0.000  0.537     0.00     0.00     0.00     0.00     0.00 -1 -6.17e-14      0.00 7.413e-01 2.532e-01 9.713e-04 2.652e-04 2.409e-03 -1.000 5.466e-03 4.877 4.782 5.054 4.344
0.0055 -0.44261 8.68000 0.9970737100 2.4723008218    0.997  0.064  3.7977  4.516    1  0.000  0.537     0.00     0.00     0.00     0.00     0.00 -1 -8.04e-14      0.00 7.432e-01 2.514e-01 9.649e-04 2.636e-04 2.394e-03 -1.000 5.411e-03 4.611 4.518 4.768 4.107
0.0055 -0.44261 8.68000 1.0415138006 2.4812087614    1.041  0.156  3.8075  4.482    1  0.000  0.537     0.00     0.00     0.00     0.00     0.00 -1  -9.5e-14      0.00 7.436e-01 2.510e-01 9.649e-04 2.636e-04 2.396e-03 -1.000 5.395e-03 4.380 4.291 4.523 3.902
0.0055 -0.44261 8.68000 1.0465859175 2.4821702926    1.046  0.166  3.8086  4.478    1  0.000  0.537     0.00     0.00     0.00     0.00     0.00 -1 -9.67e-14      0.00 7.436e-01 2.510e-01 9.650e-04 2.637e-04 2.396e-03 -1.000 5.396e-03 4.355 4.266 4.496 3.880
0.0055 -0.44261 8.68000 1.0960983038 2.4910214938    1.095  0.264  3.8192  4.443    1  0.000  0.537     0.00     0.00     0.00     0.00     0.00 -1 -1.14e-13      0.00 7.437e-01 2.509e-01 9.652e-04 2.637e-04 2.396e-03 -1.000 5.433e-03 4.111 4.025 4.237 3.663
0.0055 -0.44261 8.68000 1.1041938066 2.4923821399    1.103  0.279  3.8209  4.437    1  0.000  0.537     0.00     0.00     0.00     0.00     0.00 -1 -1.17e-13      0.00 7.438e-01 2.508e-01 9.651e-04 2.637e-04 2.396e-03 -1.000 5.436e-03 4.073 3.987 4.196 3.628
0.0055 -0.44261 8.68000 1.1456104517 2.4989986192    1.145  0.356  3.8297  4.411    1  0.000  0.537     0.00     0.00     0.00     0.00     0.00 -1 -1.31e-13      0.00 7.439e-01 2.507e-01 9.648e-04 2.636e-04 2.395e-03 -1.000 5.471e-03 3.880 3.796 3.991 3.457
0.0055 -0.44261 8.68000 1.1951228380 2.5062204782    1.194  0.443  3.8406  4.386    1  0.000  0.537     0.00     0.00     0.00     0.00     0.00 -1 -1.47e-13      0.00 7.437e-01 2.509e-01 9.653e-04 2.637e-04 2.397e-03 -1.000 5.416e-03 3.661 3.581 3.759 3.267
0.0055 -0.44261 8.68000 1.2139155865 2.5087848552    1.213  0.475  3.8451  4.379    1  0.000  0.537     0.00     0.00     0.00     0.00     0.00 -1 -1.52e-13      0.00 7.437e-01 2.508e-01 9.651e-04 2.637e-04 2.396e-03 -1.000 5.435e-03 3.582 3.503 3.674 3.199
0.0055 -0.44261 8.68000 1.2446351051 2.5127855629    1.244  0.526  3.8524  4.368    1  0.000  0.537     0.00     0.00     0.00     0.00     0.00 -1 -1.61e-13      0.00 7.439e-01 2.507e-01 9.648e-04 2.635e-04 2.395e-03 -1.000 5.461e-03 3.454 3.378 3.538 3.091
0.0055 -0.44261 8.68000 1.2554035187 2.5141347842    1.255  0.544  3.8555  4.367    1  0.000  0.537     0.00     0.00     0.00     0.00     0.00 -1 -1.63e-13      0.00 7.439e-01 2.506e-01 9.646e-04 2.635e-04 2.394e-03 -1.000 5.461e-03 3.411 3.335 3.491 3.055
0.0055 -0.44261 8.68000 1.2941472530 2.5187763088    1.294  0.606  3.8662  4.361    1  0.000  0.537     0.00     0.00     0.00     0.00     0.00 -1  -1.7e-13      0.00 7.441e-01 2.504e-01 9.637e-04 2.634e-04 2.393e-03 -1.000 5.472e-03 3.256 3.185 3.325 2.930
0.0055 -0.44261 8.68000 1.3436598778 2.5242622264    1.344  0.682  3.8818  4.364    1  0.000  0.537     0.00     0.00     0.00     0.00     0.00 -1 -1.74e-13      0.00 7.444e-01 2.502e-01 9.631e-04 2.632e-04 2.391e-03 -1.000 5.409e-03 3.066 3.003 3.121 2.786
0.0055 -0.44261 8.68000 1.3830592632 2.5283064015    1.383  0.740  3.8944  4.369    1  0.000  0.537     0.00     0.00     0.00     0.00     0.00 -1 -1.73e-13      0.00 7.446e-01 2.500e-01 9.626e-04 2.630e-04 2.390e-03 -1.000 5.393e-03 2.921 2.867 2.966 2.680
0.0055 -0.44261 8.68000 1.3931720257 2.5293020999    1.393  0.754  3.8976  4.370    1  0.000  0.537     0.00     0.00     0.00     0.00     0.00 -1 -1.73e-13      0.00 7.446e-01 2.500e-01 9.625e-04 2.630e-04 2.390e-03 -1.000 5.398e-03 2.884 2.832 2.928 2.654
0.0055 -0.44261 8.68000 1.4426841736 2.5339462294    1.443  0.825  3.9126  4.374    1  0.000  0.537     0.00     0.00     0.00     0.00     0.00 -1 -1.67e-13      0.00 7.448e-01 2.497e-01 9.617e-04 2.628e-04 2.388e-03 -1.000 5.456e-03 2.707 2.671 2.746 2.530
0.0055 -0.44261 8.68000 1.4921965599 2.5382377471    1.492  0.893  3.9264  4.376    1  0.000  0.537     0.00     0.00     0.00     0.00     0.00 -1 -1.54e-13      0.00 7.451e-01 2.495e-01 9.608e-04 2.626e-04 2.387e-03 -1.000 5.468e-03 2.537 2.523 2.579 2.415
0.0055 -0.44261 8.68000 1.5417087078 2.5422138004    1.542  0.958  3.9390  4.376    1  0.000  0.537     0.00     0.00     0.00     0.00     0.00 -1 -1.34e-13      0.00 7.452e-01 2.493e-01 9.606e-04 2.625e-04 2.385e-03 -1.000 5.430e-03 2.375 2.387 2.429 2.309
0.0055 -0.44261 8.68000 1.5912210941 2.5459066641    1.591  1.021  3.9501  4.372    1  0.000  0.537     0.00     0.00     0.00     0.00     0.00 -1 -1.04e-13      0.00 7.455e-01 2.491e-01 9.602e-04 2.623e-04 2.384e-03 -1.000 5.416e-03 2.219 2.263 2.293 2.206
0.0055 -0.44261 8.68000 1.6394823790 2.5492604621    1.639  1.079  3.9599  4.365    1  0.000  0.537     0.00     0.00     0.00     0.00     0.00 -1 -6.38e-14      0.00 7.455e-01 2.490e-01 9.600e-04 2.623e-04 2.383e-03 -1.000 5.463e-03 2.072 2.148 2.169 2.108
0.0055 -0.44261 8.68000 1.6407332420 2.5493443758    1.640  1.081  3.9602  4.365    1  0.000  0.537     0.00     0.00     0.00     0.00     0.00 -1  -6.3e-14      0.00 7.455e-01 2.490e-01 9.601e-04 2.623e-04 2.383e-03 -1.000 5.466e-03 2.068 2.145 2.166 2.106
0.0055 -0.44261 8.68000 1.6441175938 2.5495706780    1.643  1.085  3.9608  4.364    1  0.000  0.537     0.00     0.00     0.00     0.00     0.00 -1 -7.29e-15      0.00 7.456e-01 2.490e-01 9.600e-04 2.623e-04 2.383e-03 -1.000 5.465e-03 2.058 2.137 2.157 2.099
0.0055 -0.44261 8.68000 1.6902457476 2.5525515288    1.689  1.139  3.9692  4.355    1  0.000  0.537     0.00     0.00     0.00     0.00     0.00 -1 -1.88e-27      0.00 7.456e-01 2.489e-01 9.595e-04 2.622e-04 2.383e-03 -1.000 5.419e-03 1.922 2.031 2.045 2.007
0.0055 -0.44261 8.68000 1.7030041218 2.5533432739    1.702  1.154  3.9714  4.353    1  0.000  0.537     0.00     0.00     0.00     0.00     0.00 -1 -2.64e-28      0.00 7.457e-01 2.489e-01 9.594e-04 2.622e-04 2.383e-03 -1.000 5.430e-03 1.885 2.003 2.015 1.981
0.0055 -0.44261 8.68000 1.7397580147 2.5555496449    1.739  1.197  3.9776  4.344    1  0.000  0.537     0.00     0.00     0.00     0.00     0.00 -1    -1e-30      0.00 7.457e-01 2.488e-01 9.594e-04 2.621e-04 2.382e-03 -1.000 5.420e-03 1.778 1.921 1.928 1.908
0.0055 -0.44261 8.68000 1.7691192627 2.5572366830    1.768  1.230  3.9823  4.337    1  0.000  0.537     0.00     0.00     0.00     0.00     0.00 -1    -1e-30      0.00 7.458e-01 2.488e-01 9.592e-04 2.621e-04 2.382e-03 -1.000 5.392e-03 1.695 1.856 1.860 1.850
0.0055 -0.44261 8.68000 1.7892701626 2.5583577403    1.788  1.253  3.9853  4.331    1  0.000  0.537     0.00     0.00     0.00     0.00     0.00 -1    -1e-30      0.00 7.458e-01 2.488e-01 9.590e-04 2.621e-04 2.382e-03 -1.000 5.404e-03 1.638 1.812 1.814 1.810
0.0055 -0.44261 8.68000 1.8018020391 2.5590404028    1.801  1.267  3.9872  4.327    1  0.000  0.537     0.00     0.00     0.00     0.00     0.00 -1    -1e-30      0.00 7.458e-01 2.488e-01 9.590e-04 2.621e-04 2.382e-03 -1.000 5.402e-03 1.603 1.785 1.786 1.785
0.0055 -0.44261 8.68000 1.8387321234 2.5609900490    1.838  1.308  3.9925  4.316    1  0.000  0.537     0.00     0.00     0.00     0.00     0.00 -1    -1e-30      0.00 7.459e-01 2.487e-01 9.588e-04 2.620e-04 2.381e-03 -1.000 5.393e-03 1.500 1.705 1.702 1.711
0.0055 -0.44261 8.68000 1.8466991186 2.5613989072    1.845  1.317  3.9936  4.314    1  0.000  0.537     0.00     0.00     0.00     0.00     0.00 -1    -1e-30      0.00 7.459e-01 2.487e-01 9.587e-04 2.620e-04 2.381e-03 -1.000 5.393e-03 1.478 1.688 1.684 1.695
0.0055 -0.44261 8.68000 1.8881943226 2.5634644041    1.887  1.363  3.9991  4.300    1  0.000  0.537     0.00     0.00     0.00     0.00     0.00 -1    -1e-30      0.00 7.459e-01 2.487e-01 9.587e-04 2.620e-04 2.381e-03 -1.000 5.394e-03 1.363 1.598 1.591 1.612
0.0055 -0.44261 8.68000 1.9224228859 2.5650912353    1.922  1.400  4.0035  4.288    1  0.000  0.537     0.00     0.00     0.00     0.00     0.00 -1    -1e-30      0.00 7.459e-01 2.487e-01 9.588e-04 2.620e-04 2.381e-03 -1.000 5.409e-03 1.270 1.524 1.515 1.543
0.0055 -0.44261 8.68000 1.9376561642 2.5657940315    1.937  1.417  4.0053  4.282    1  0.000  0.537     0.00     0.00     0.00     0.00     0.00 -1    -1e-30      0.00 7.459e-01 2.487e-01 9.590e-04 2.620e-04 2.382e-03 -1.000 5.408e-03 1.228 1.491 1.481 1.511
0.0055 -0.44261 8.68000 1.9871184826 2.5679908116    1.987  1.470  4.0109  4.262    1  0.000  0.537     0.00     0.00     0.00     0.00     0.00 -1    -1e-30      0.00 7.459e-01 2.487e-01 9.589e-04 2.620e-04 2.382e-03 -1.000 5.391e-03 1.095 1.384 1.370 1.410
0.0055 -0.44261 8.68000 1.9902853966 2.5681271933    1.990  1.474  4.0113  4.261    1  0.000  0.537     0.00     0.00     0.00     0.00     0.00 -1    -1e-30      0.00 7.459e-01 2.487e-01 9.589e-04 2.620e-04 2.382e-03 -1.000 5.392e-03 1.086 1.377 1.363 1.403
0.0055 -0.44261 8.68000 2.0365805626 2.5700653215    2.036  1.524  4.0159  4.239    1  0.000  0.537     0.00     0.00     0.00     0.00     0.00 -1    -1e-30      0.00 7.458e-01 2.488e-01 9.589e-04 2.621e-04 2.382e-03 -1.000 5.390e-03 0.961 1.273 1.257 1.304
0.0055 -0.44261 8.68000 2.0607087612 2.5710358324    2.060  1.550  4.0180  4.226    1  0.000  0.537     0.00     0.00     0.00     0.00     0.00 -1    -1e-30      0.00 7.458e-01 2.488e-01 9.592e-04 2.620e-04 2.382e-03 -1.000 5.400e-03 0.896 1.219 1.201 1.251
0.0055 -0.44261 8.68000 2.0860424042 2.5720270946    2.085  1.577  4.0200  4.212    1  0.000  0.537     0.00     0.00     0.00     0.00     0.00 -1    -1e-30      0.00 7.458e-01 2.488e-01 9.593e-04 2.621e-04 2.382e-03 -1.000 5.399e-03 0.828 1.160 1.142 1.194
0.0055 -0.44261 8.68000 2.1134164333 2.5730675325    2.112  1.606  4.0219  4.196    1  0.000  0.537     0.00     0.00     0.00     0.00     0.00 -1    -1e-30      0.00 7.458e-01 2.488e-01 9.594e-04 2.621e-04 2.382e-03 -1.000 5.418e-03 0.755 1.096 1.077 1.132
0.0055 -0.44261 8.68000 2.1355042458 2.5738847270    2.134  1.630  4.0232  4.182    1  0.000  0.537     0.00     0.00     0.00     0.00     0.00 -1    -1e-30      0.00 7.458e-01 2.488e-01 9.594e-04 2.621e-04 2.382e-03 -1.000 5.419e-03 0.696 1.044 1.024 1.081
0.0055 -0.44261 8.68000 2.1570510864 2.5746633901    2.156  1.652  4.0244  4.169    1  0.000  0.537     0.00     0.00     0.00     0.00     0.00 -1    -1e-30      0.00 7.458e-01 2.488e-01 9.594e-04 2.622e-04 2.382e-03 -1.000 5.413e-03 0.639 0.992 0.972 1.031
0.0055 -0.44261 8.68000 2.1849665642 2.5756459881    2.184  1.682  4.0257  4.150    1  0.000  0.537     0.00     0.00     0.00     0.00     0.00 -1    -1e-30      0.00 7.457e-01 2.489e-01 9.593e-04 2.622e-04 2.383e-03 -1.000 5.405e-03 0.565 0.924 0.903 0.964
0.0055 -0.44261 8.68000 2.1924905777 2.5759059080    2.191  1.690  4.0260  4.144    1  0.000  0.537     0.00     0.00     0.00     0.00     0.00 -1    -1e-30      0.00 7.457e-01 2.489e-01 9.593e-04 2.622e-04 2.383e-03 -1.000 5.403e-03 0.545 0.905 0.884 0.945
0.0055 -0.44261 8.68000 2.2344286442 2.5773178692    2.233  1.736  4.0266  4.110    1  0.000  0.537     0.00     0.00     0.00     0.00     0.00 -1    -1e-30      0.00 7.456e-01 2.490e-01 9.598e-04 2.622e-04 2.383e-03 -1.000 5.419e-03 0.431 0.795 0.773 0.836
0.0055 -0.44261 8.68000 2.2626917362 2.5782355481    2.261  1.766  4.0266  4.085    1  0.000  0.537     0.00     0.00     0.00     0.00     0.00 -1    -1e-30      0.00 7.456e-01 2.490e-01 9.598e-04 2.623e-04 2.384e-03 -1.000 5.416e-03 0.355 0.718 0.696 0.759
0.0055 -0.44261 8.68000 2.2838907242 2.5789067453    2.282  1.789  4.0262  4.064    1  0.000  0.537     0.00     0.00     0.00     0.00     0.00 -1    -1e-30      0.00 7.455e-01 2.490e-01 9.598e-04 2.623e-04 2.384e-03 -1.000 5.428e-03 0.297 0.658 0.636 0.699
0.0055 -0.44261 8.68000 2.3010590076 2.5794399129    2.300  1.808  4.0258  4.047    1  0.000  0.537     0.00     0.00     0.00     0.00     0.00 -1    -1e-30      0.00 7.455e-01 2.491e-01 9.599e-04 2.624e-04 2.384e-03 -1.000 5.424e-03 0.251 0.610 0.588 0.650
0.0055 -0.44261 8.68000 2.3333525658 2.5804183969    2.332  1.843  4.0240  4.011    1  0.000  0.537     0.00     0.00     0.00     0.00     0.00 -1    -1e-30      0.00 7.454e-01 2.492e-01 9.602e-04 2.625e-04 2.385e-03 -1.000 5.407e-03 0.163 0.513 0.491 0.552
0.0055 -0.44261 8.68000 2.3511910439 2.5809456629    2.350  1.862  4.0227  3.990    1  0.000  0.537     0.00     0.00     0.00     0.00     0.00 -1    -1e-30      0.00 7.454e-01 2.492e-01 9.604e-04 2.625e-04 2.385e-03 -1.000 5.413e-03 0.114 0.458 0.437 0.496
0.0055 -0.44261 8.68000 2.3828148842 2.5818581182    2.382  1.897  4.0190  3.946    1  0.000  0.537     0.00     0.00     0.00     0.00     0.00 -1    -1e-30      0.00 7.453e-01 2.493e-01 9.607e-04 2.625e-04 2.386e-03 -1.000 5.411e-03 0.028 0.353 0.333 0.389
0.0055 -0.44261 8.68000 2.3967525959 2.5822514881    2.395  1.912  4.0174  3.928    1  0.000  0.537     0.00     0.00     0.00     0.00     0.00 -1    -1e-30      0.00 7.449e-01 2.497e-01 9.620e-04 2.629e-04 2.389e-03 -1.000 5.406e-03 -0.009 0.309 0.289 0.343
0.0055 -0.44261 8.68000 2.4322769642 2.5832307011    2.430  1.949  4.0118  3.874    1  0.000  0.537     0.00     0.00     0.00     0.00     0.00 -1    -1e-30      0.00 7.439e-01 2.507e-01 9.653e-04 2.637e-04 2.396e-03 -1.000 5.444e-03 -0.102 0.188 0.171 0.218
0.0055 -0.44261 8.68000 2.4512403011 2.5837400747    2.449  1.970  4.0080  3.841    1  0.000  0.537     0.00     0.00     0.00     0.00     0.00 -1    -1e-30      0.00 7.432e-01 2.513e-01 9.674e-04 2.643e-04 2.401e-03 -1.000 5.470e-03 -0.154 0.118 0.102 0.145
0.0055 -0.44261 8.68000 2.4790406227 2.5844706437    2.477  2.000  4.0003  3.785    1  0.000  0.537     0.00     0.00     0.00     0.00     0.00 -1    -1e-30      0.00 7.422e-01 2.524e-01 9.705e-04 2.651e-04 2.409e-03 -1.000 5.472e-03 -0.231 0.004 -0.008 0.025
0.0055 -0.44261 8.68000 2.5049755573 2.5851354055    2.503  2.029  3.9917  3.726    1  0.000  0.537     0.00     0.00     0.00     0.00     0.00 -1    -1e-30      0.00 7.411e-01 2.534e-01 9.736e-04 2.659e-04 2.416e-03 -1.000 5.492e-03 -0.303 -0.107 -0.115 -0.094
0.0055 -0.44261 8.68000 2.5276749134 2.5857043774    2.526  2.056  3.9830  3.668    1  0.000  0.537     0.00     0.00     0.00     0.00     0.00 -1    -1e-30      0.00 7.402e-01 2.542e-01 9.763e-04 2.666e-04 2.422e-03 -1.000 5.526e-03 -0.370 -0.212 -0.216 -0.207
0.0055 -0.44261 8.68000 2.5527627468 2.5863196998    2.551  2.090  3.9751  3.607    1  0.000  0.537     0.00     0.00     0.00     0.00     0.00 -1    -1e-30      0.00 7.392e-01 2.552e-01 9.792e-04 2.674e-04 2.430e-03 -1.000 5.516e-03 -0.454 -0.331 -0.330 -0.334
0.0055 -0.44261 8.68000 2.5536317825 2.5863407654    2.552  2.091  3.9749  3.605    1  0.000  0.537     0.00     0.00     0.00     0.00     0.00 -1    -1e-30      0.00 7.392e-01 2.553e-01 9.793e-04 2.674e-04 2.430e-03 -1.000 5.516e-03 -0.458 -0.335 -0.334 -0.338
0.0055 -0.44261 8.68000 2.5618412495 2.5865389536    2.561  2.112  3.9821  3.614    1  0.000  0.537     0.00     0.00     0.00     0.00     0.00 -1    -1e-30      0.00 7.389e-01 2.556e-01 9.803e-04 2.677e-04 2.432e-03 -1.000 5.522e-03 -0.511 -0.357 -0.361 -0.353
0.0055 -0.44261 8.68000 2.5655863285 2.5866288808    2.564  2.129  3.9913  3.636    1  0.000  0.537     0.00     0.00     0.00     0.00     0.00 -1    -1e-30      0.00 7.387e-01 2.557e-01 9.808e-04 2.678e-04 2.433e-03 -1.000 5.544e-03 -0.552 -0.358 -0.367 -0.344
0.0055 -0.44261 8.68000 2.5671014786 2.5866651770    2.566  2.143  4.0010  3.660    1  0.000  0.537     0.00     0.00     0.00     0.00     0.00 -1    -1e-30      0.00 7.387e-01 2.558e-01 9.810e-04 2.679e-04 2.434e-03 -1.000 5.545e-03 -0.587 -0.349 -0.363 -0.327
0.0055 -0.44261 8.68000 2.5678946972 2.5866841593    2.567  2.157  4.0105  3.684    1  0.000  0.537     0.00     0.00     0.00     0.00     0.00 -1    -1e-30      0.00 7.386e-01 2.558e-01 9.811e-04 2.679e-04 2.434e-03 -1.000 5.545e-03 -0.623 -0.341 -0.358 -0.311
0.0055 -0.44261 8.68000 2.5683555603 2.5866951819    2.567  2.173  4.0200  3.706    1  0.000  0.537     0.00     0.00     0.00     0.00     0.00 -1    -1e-30      0.00 7.386e-01 2.559e-01 9.811e-04 2.679e-04 2.434e-03 -1.000 5.545e-03 -0.663 -0.336 -0.357 -0.298
0.0055 -0.44261 8.68000 2.5686304569 2.5867017545    2.567  2.190  4.0284  3.724    1  0.000  0.537     0.00     0.00     0.00     0.00     0.00 -1    -1e-30      0.00 7.386e-01 2.559e-01 9.812e-04 2.679e-04 2.434e-03 -1.000 5.545e-03 -0.704 -0.335 -0.359 -0.291
0.0055 -0.44261 8.68000 2.5688450336 2.5867068838    2.568  2.207  4.0368  3.740    1  0.000  0.537     0.00     0.00     0.00     0.00     0.00 -1    -1e-30      0.00 7.386e-01 2.559e-01 9.812e-04 2.679e-04 2.434e-03 -1.000 5.545e-03 -0.747 -0.336 -0.363 -0.287
0.0055 -0.44261 8.68000 2.5689008236 2.5867082173    2.568  2.209  4.0384  3.744    1  0.000  0.537     0.00     0.00     0.00     0.00     0.00 -1    -1e-30      0.00 7.386e-01 2.559e-01 9.812e-04 2.679e-04 2.434e-03 -1.000 5.546e-03 -0.753 -0.333 -0.362 -0.283
0.0055 -0.44261 8.68000 2.5689725876 2.5867099324    2.568  2.191  4.0336  3.743    1  0.000  0.537     0.00     0.00     0.00     0.00     0.00 -1    -1e-30      0.00 7.386e-01 2.559e-01 9.812e-04 2.679e-04 2.434e-03 -1.000 5.546e-03 -0.707 -0.312 -0.339 -0.265
0.0055 -0.44261 8.68000 2.5690696239 2.5867122514    2.568  2.166  4.0253  3.734    2  0.000  0.537     0.00     0.00     0.00     0.00     0.00 -1    -1e-30      0.00 7.386e-01 2.559e-01 9.812e-04 2.679e-04 2.434e-03 -1.000 5.546e-03 -0.646 -0.292 -0.315 -0.251
0.0055 -0.44261 8.68000 2.5691652298 2.5867145360    2.568  2.153  4.0138  3.702    2  0.000  0.537     0.00     0.00     0.00     0.00     0.00 -1    -1e-30      0.00 7.386e-01 2.559e-01 9.812e-04 2.679e-04 2.434e-03 -1.000 5.546e-03 -0.613 -0.314 -0.333 -0.282
0.0055 -0.44261 8.68000 2.5692727566 2.5867171053    2.568  2.157  4.0022  3.652    2  0.000  0.537     0.00     0.00     0.00     0.00     0.00 -1    -1e-30      0.00 7.386e-01 2.559e-01 9.813e-04 2.679e-04 2.434e-03 -1.000 5.546e-03 -0.622 -0.379 -0.392 -0.355
0.0055 -0.44261 8.68000 2.5694041252 2.5867202438    2.568  2.171  3.9903  3.590    2  0.000  0.537     0.00     0.00     0.00     0.00     0.00 -1    -1e-30      0.00 7.386e-01 2.559e-01 9.813e-04 2.679e-04 2.435e-03 -1.000 5.546e-03 -0.657 -0.468 -0.477 -0.455
0.0055 -0.44261 8.68000 2.5695559978 2.5867238718    2.568  2.183  3.9782  3.529    2  0.000  0.537     0.00     0.00     0.00     0.00     0.00 -1    -1e-30      0.00 7.386e-01 2.559e-01 9.813e-04 2.679e-04 2.435e-03 -1.000 5.546e-03 -0.689 -0.552 -0.555 -0.551
0.0055 -0.44261 8.68000 2.5697247982 2.5867279036    2.568  2.192  3.9661  3.472    2  0.000  0.537     0.00     0.00     0.00     0.00     0.00 -1    -1e-30      0.00 7.385e-01 2.559e-01 9.813e-04 2.679e-04 2.435e-03 -1.000 5.546e-03 -0.709 -0.623 -0.619 -0.635
0.0055 -0.44261 8.68000 2.5699083805 2.5867322877    2.569  2.197  3.9539  3.419    2  0.000  0.537     0.00     0.00     0.00     0.00     0.00 -1    -1e-30      0.00 7.385e-01 2.559e-01 9.813e-04 2.680e-04 2.435e-03 -1.000 5.546e-03 -0.722 -0.682 -0.669 -0.709
0.0055 -0.44261 8.68000 2.5701036453 2.5867369501    2.569  2.199  3.9416  3.367    2  0.000  0.537     0.00     0.00     0.00     0.00     0.00 -1    -1e-30      0.00 7.385e-01 2.559e-01 9.814e-04 2.680e-04 2.435e-03 -1.000 5.546e-03 -0.728 -0.730 -0.708 -0.776
0.0055 -0.44261 8.68000 2.5703063011 2.5867417881    2.569  2.200  3.9293  3.317    2  0.000  0.537     0.00     0.00     0.00     0.00     0.00 -1    -1e-30      0.00 7.385e-01 2.559e-01 9.814e-04 2.680e-04 2.435e-03 -1.000 5.546e-03 -0.729 -0.768 -0.735 -0.834
0.0055 -0.44261 8.68000 2.5705115795 2.5867466877    2.569  2.199  3.9168  3.269    2  0.000  0.537     0.00     0.00     0.00     0.00     0.00 -1    -1e-30      0.00 7.385e-01 2.559e-01 9.814e-04 2.680e-04 2.435e-03 -1.000 5.546e-03 -0.726 -0.793 -0.748 -0.883
0.0055 -0.44261 8.68000 2.5707151890 2.5867515467    2.569  2.196  3.9044  3.221    2  0.000  0.537     0.00     0.00     0.00     0.00     0.00 -1    -1e-30      0.00 7.385e-01 2.559e-01 9.814e-04 2.680e-04 2.435e-03 -1.000 5.546e-03 -0.721 -0.810 -0.750 -0.927
0.0055 -0.44261 8.68000 2.5709130764 2.5867562683    2.570  2.193  3.8919  3.174    2  0.000  0.537     0.00     0.00     0.00     0.00     0.00 -1    -1e-30      0.00 7.385e-01 2.560e-01 9.815e-04 2.680e-04 2.435e-03 -1.000 5.546e-03 -0.712 -0.818 -0.741 -0.966
0.0055 -0.44261 8.68000 2.5711028576 2.5867607956    2.570  2.189  3.8793  3.129    2  0.000  0.537     0.00     0.00     0.00     0.00     0.00 -1    -1e-30      0.00 7.385e-01 2.560e-01 9.815e-04 2.680e-04 2.435e-03 -1.000 5.546e-03 -0.702 -0.819 -0.723 -1.000
0.0055 -0.44261 8.68000 2.5712826252 2.5867650834    2.570  2.184  3.8668  3.084    2  0.000  0.537     0.00     0.00     0.00     0.00     0.00 -1    -1e-30      0.00 7.385e-01 2.560e-01 9.815e-04 2.680e-04 2.435e-03 -1.000 5.547e-03 -0.689 -0.814 -0.698 -1.028
0.0055 -0.44261 8.68000 2.5714519024 2.5867691203    2.570  2.178  3.8543  3.040    2  0.000  0.537     0.00     0.00     0.00     0.00     0.00 -1    -1e-30      0.00 7.385e-01 2.560e-01 9.815e-04 2.680e-04 2.435e-03 -1.000 5.547e-03 -0.674 -0.804 -0.668 -1.051
0.0055 -0.44261 8.68000 2.5716104507 2.5867729008    2.570  2.171  3.8419  2.996    2  0.000  0.537     0.00     0.00     0.00     0.00     0.00 -1    -1e-30      0.00 7.385e-01 2.560e-01 9.816e-04 2.680e-04 2.435e-03 -1.000 5.547e-03 -0.658 -0.789 -0.633 -1.069
0.0055 -0.44261 8.68000 2.5717582703 2.5867764250    2.571  2.164  3.8296  2.954    2  0.000  0.537     0.00     0.00     0.00     0.00     0.00 -1    -1e-30      0.00 7.385e-01 2.560e-01 9.816e-04 2.680e-04 2.435e-03 -1.000 5.547e-03 -0.641 -0.772 -0.595 -1.083
0.0055 -0.44261 8.68000 2.5718958378 2.5867797044    2.571  2.157  3.8177  2.914    2  0.000  0.537     0.00     0.00     0.00     0.00     0.00 -1    -1e-30      0.00 7.385e-01 2.560e-01 9.816e-04 2.680e-04 2.435e-03 -1.000 5.547e-03 -0.622 -0.751 -0.554 -1.092
0.0055 -0.44261 8.68000 2.5720241070 2.5867827617    2.571  2.149  3.8063  2.877    2  0.000  0.537     0.00     0.00     0.00     0.00     0.00 -1    -1e-30      0.00 7.385e-01 2.560e-01 9.816e-04 2.680e-04 2.435e-03 -1.000 5.547e-03 -0.601 -0.728 -0.510 -1.097
0.0055 -0.44261 8.68000 2.5721433163 2.5867856028    2.571  2.140  3.7960  2.844    2  0.000  0.537     0.00     0.00     0.00     0.00     0.00 -1    -1e-30      0.00 7.384e-01 2.560e-01 9.816e-04 2.680e-04 2.435e-03 -1.000 5.547e-03 -0.579 -0.702 -0.464 -1.097
0.0055 -0.44261 8.68000 2.5722551346 2.5867882675    2.571  2.130  3.7869  2.817    2  0.000  0.537     0.00     0.00     0.00     0.00     0.00 -1    -1e-30      0.00 7.384e-01 2.560e-01 9.816e-04 2.680e-04 2.435e-03 -1.000 5.547e-03 -0.556 -0.674 -0.418 -1.091
0.0055 -0.44261 8.68000 2.5723609924 2.5867907899    2.571  2.120  3.7791  2.796    2  0.000  0.537     0.00     0.00     0.00     0.00     0.00 -1    -1e-30      0.00 7.384e-01 2.560e-01 9.816e-04 2.680e-04 2.435e-03 -1.000 5.547e-03 -0.531 -0.644 -0.373 -1.080
0.0055 -0.44261 8.68000 2.5724689960 2.5867933631    2.571  2.109  3.7719  2.779    2  0.000  0.537     0.00     0.00     0.00     0.00     0.00 -1    -1e-30      0.00 7.384e-01 2.560e-01 9.817e-04 2.681e-04 2.436e-03 -1.000 5.547e-03 -0.502 -0.609 -0.323 -1.064
0.0055 -0.44261 8.68000 2.5725924969 2.5867963053    2.571  2.094  3.7649  2.766    2  0.000  0.537     0.00     0.00     0.00     0.00     0.00 -1    -1e-30      0.00 7.383e-01 2.561e-01 9.820e-04 2.681e-04 2.436e-03 -1.000 5.547e-03 -0.464 -0.565 -0.264 -1.036
0.0055 -0.44261 8.68000 2.5727555752 2.5868001899    2.572  2.071  3.7568  2.756    2  0.000  0.537     0.00     0.00     0.00     0.00     0.00 -1    -1e-30      0.00 7.381e-01 2.564e-01 9.827e-04 2.683e-04 2.438e-03 -1.000 5.547e-03 -0.407 -0.500 -0.182 -0.989
0.0055 -0.44261 8.68000 2.5729138851 2.5868039603    2.572  2.046  3.7499  2.754    2  0.000  0.537     0.00     0.00     0.00     0.00     0.00 -1    -1e-30      0.00 7.377e-01 2.568e-01 9.840e-04 2.687e-04 2.441e-03 -1.000 5.548e-03 -0.345 -0.429 -0.098 -0.934
0.0055 -0.44261 8.68000 2.5730857849 2.5868080538    2.572  2.018  3.7429  2.754    2  0.000  0.538     0.00     0.00     0.00     0.00     0.00 -1    -1e-30      0.00 7.372e-01 2.573e-01 9.856e-04 2.691e-04 2.445e-03 -1.000 5.554e-03 -0.274 -0.348 -0.003 -0.868
0.0055 -0.44261 8.68000 2.5732450485 2.5868118458    2.572  1.994  3.7366  2.753    2  0.000  0.538     0.00     0.00     0.00     0.00     0.00 -1    -1e-30      0.00 7.368e-01 2.576e-01 9.865e-04 2.693e-04 2.447e-03 -1.000 5.564e-03 -0.215 -0.280 0.078 -0.814
0.0055 -0.44261 8.68000 2.5734274387 2.5868161878    2.572  1.976  3.7295  2.742    2  0.000  0.538     0.00     0.00     0.00     0.00     0.00 -1    -1e-30      0.00 7.366e-01 2.578e-01 9.871e-04 2.695e-04 2.448e-03 -1.000 5.567e-03 -0.170 -0.226 0.147 -0.775
0.0055 -0.44261 8.68000 2.5734958649 2.5868178166    2.572  1.971  3.7269  2.737    2  0.000  0.538     0.00     0.00     0.00     0.00     0.00 -1    -1e-30      0.00 7.366e-01 2.579e-01 9.873e-04 2.695e-04 2.448e-03 -1.000 5.571e-03 -0.159 -0.210 0.169 -0.764
0.0055 -0.44261 8.68000 2.5735476017 2.5868190480    2.572  1.973  3.7251  2.728    3  0.000  0.538     0.00     0.00     0.00     0.00     0.00 -1    -1e-30      0.00 7.365e-01 2.579e-01 9.873e-04 2.695e-04 2.449e-03 -1.000 5.571e-03 -0.163 -0.211 0.172 -0.770
0.0055 -0.44261 8.68000 2.5738070011 2.5868252214    2.573  2.002  3.7166  2.665    3  0.000  0.537     0.00     0.00     0.00     0.00     0.00 -1    -1e-30      0.00 7.363e-01 2.582e-01 9.875e-04 2.697e-04 2.450e-03 -1.000 5.571e-03 -0.234 -0.267 0.135 -0.844
0.0055 -0.44261 8.68000 2.5740144253 2.5868301568    2.573  2.038  3.7111  2.607    3  0.000  0.535     0.00     0.00     0.00     0.00     0.00 -1    -1e-30      0.00 7.360e-01 2.584e-01 9.827e-04 2.712e-04 2.450e-03 -1.000 5.568e-03 -0.324 -0.346 0.067 -0.936
0.0055 -0.44261 8.68000 2.5742218494 2.5868350913    2.573  2.073  3.7068  2.554    3  0.000  0.521     0.00     0.00     0.00     0.00     0.00 -1    -1e-30      0.00 7.357e-01 2.587e-01 9.580e-04 2.871e-04 2.450e-03 -1.000 5.567e-03 -0.414 -0.427 -0.004 -1.025
0.0055 -0.44261 8.68000 2.5744805336 2.5868412440    2.573  2.113  3.7027  2.498    3  0.000  0.483     0.00     0.00     0.00     0.00     0.00 -1    -1e-30      0.00 7.354e-01 2.591e-01 8.865e-04 3.623e-04 2.450e-03 -1.000 5.573e-03 -0.512 -0.517 -0.084 -1.124
0.0055 -0.44261 8.68000 2.5747392178 2.5868473953    2.574  2.148  3.6994  2.450    3  0.000  0.444     0.00     0.00     0.00     0.00     0.00 -1    -1e-30      0.00 7.349e-01 2.595e-01 8.158e-04 4.471e-04 2.451e-03 -1.000 5.605e-03 -0.601 -0.598 -0.157 -1.213
0.0055 -0.44261 8.68000 2.5749979019 2.5868535451    2.574  2.183  3.6963  2.403    3  0.000  0.415     0.00     0.00     0.00     0.00     0.00 -1    -1e-30      0.00 7.344e-01 2.599e-01 7.616e-04 5.137e-04 2.451e-03 -1.000 5.634e-03 -0.687 -0.677 -0.227 -1.299
0.0055 -0.44261 8.68000 2.5752046108 2.5868584583    2.574  2.210  3.6940  2.367    3  0.000  0.395     0.00     0.00     0.00     0.00     0.00 -1    -1e-30      0.00 7.340e-01 2.603e-01 7.253e-04 5.586e-04 2.451e-03 -1.000 5.671e-03 -0.754 -0.739 -0.283 -1.367
0.0055 -0.44261 8.68000 2.5752575397 2.5868597162    2.574  2.217  3.6934  2.357    3  0.000  0.391     0.00     0.00     0.00     0.00     0.00 -1    -1e-30      0.00 7.340e-01 2.604e-01 7.185e-04 5.670e-04 2.451e-03 -1.000 5.620e-03 -0.772 -0.755 -0.298 -1.384
0.0055 -0.44261 8.68000 2.5753102303 2.5868609683    2.574  2.224  3.6928  2.348    3  0.000  0.388     0.00     0.00     0.00     0.00     0.00 -1    -1e-30      0.00 7.339e-01 2.605e-01 7.122e-04 5.748e-04 2.450e-03 -1.000 5.587e-03 -0.789 -0.771 -0.312 -1.401
0.0055 -0.44261 8.68000 2.5755355358 2.5868663220    2.574  2.254  3.6903  2.308    3  0.000  0.375     0.00     0.00     0.00     0.00     0.00 -1    -1e-30      0.00 7.334e-01 2.609e-01 6.894e-04 6.032e-04 2.450e-03 -1.000 5.647e-03 -0.864 -0.840 -0.375 -1.476
0.0055 -0.44261 8.68000 2.5758168697 2.5868730055    2.575  2.291  3.6873  2.259    3  0.000  0.363     0.00     0.00     0.00     0.00     0.00 -1    -1e-30      0.00 7.329e-01 2.615e-01 6.671e-04 6.333e-04 2.448e-03 -1.000 5.645e-03 -0.958 -0.926 -0.452 -1.569
0.0055 -0.44261 8.68000 2.5761542320 2.5868810177    2.575  2.337  3.6838  2.199    3  0.000  0.357     0.00     0.00     0.00     0.00     0.00 -1    -1e-30      0.00 7.309e-01 2.634e-01 6.465e-04 6.919e-04 2.410e-03 -1.000 5.637e-03 -1.072 -1.030 -0.547 -1.681
0.0055 -0.44261 8.68000 2.5764350891 2.5868876862    2.575  2.374  3.6810  2.150    3  0.000  0.356     0.00     0.00     0.00     0.00     0.00 -1    -1e-30      0.00 7.280e-01 2.664e-01 6.325e-04 7.457e-04 2.368e-03 -1.000 5.610e-03 -1.166 -1.116 -0.625 -1.774
0.0055 -0.44261 8.68000 2.5767159462 2.5868943530    2.576  2.412  3.6782  2.101    3  0.000  0.355     0.00     0.00     0.00     0.00     0.00 -1    -1e-30      0.00 7.243e-01 2.701e-01 6.208e-04 7.958e-04 2.327e-03 -1.000 5.646e-03 -1.260 -1.202 -0.702 -1.867
0.0055 -0.44261 8.68000 2.5770528316 2.5869023475    2.576  2.457  3.6749  2.043    3  0.000  0.355     0.00     0.00     0.00     0.00     0.00 -1    -1e-30      0.00 7.195e-01 2.748e-01 6.093e-04 8.465e-04 2.286e-03 -1.000 5.669e-03 -1.373 -1.305 -0.796 -1.978
0.0055 -0.44261 8.68000 2.5773332119 2.5869089993    2.576  2.495  3.6721  1.994    3  0.000  0.355     0.00     0.00     0.00     0.00     0.00 -1    -1e-30      0.00 7.157e-01 2.787e-01 6.017e-04 8.799e-04 2.258e-03 -1.000 5.624e-03 -1.468 -1.391 -0.874 -2.071
0.0055 -0.44261 8.68000 2.5776696205 2.5869169782    2.576  2.541  3.6686  1.934    3  0.000  0.355     4.63     3.29     2.45     1.80     1.47  4    -1e-30      0.00 7.117e-01 2.827e-01 5.946e-04 9.116e-04 2.233e-03 -1.000 5.607e-03 -1.583 -1.496 -0.968 -2.185
0.0055 -0.44261 8.68000 2.5779695511 2.5869240898    2.577  2.583  3.6655  1.880    3  0.000  0.355     5.14     3.63     2.69     1.98     1.62  4    -1e-30      0.00 7.087e-01 2.856e-01 5.899e-04 9.324e-04 2.215e-03 -1.000 5.618e-03 -1.687 -1.590 -1.052 -2.287
0.0055 -0.44261 8.68000 2.5782542229 2.5869308379    2.577  2.623  3.6625  1.828    3  0.000  0.354     5.69     3.98     2.94     2.17     1.77  4    -1e-30      0.00 7.065e-01 2.879e-01 5.866e-04 9.470e-04 2.203e-03 -1.000 5.601e-03 -1.786 -1.679 -1.131 -2.383
0.0055 -0.44261 8.68000 2.5785400867 2.5869376125    2.577  2.658  3.6597  1.782    3  0.000  0.354     6.23     4.33     3.19     2.35     1.92  4    -1e-30      0.00 7.047e-01 2.897e-01 5.840e-04 9.584e-04 2.194e-03 -1.000 5.583e-03 -1.874 -1.758 -1.201 -2.468
0.0055 -0.44261 8.68000 2.5786867142 2.5869410867    2.577  2.672  3.6586  1.763    3  0.000  0.354     6.46     4.48     3.29     2.43     1.98  4    -1e-30      0.00 7.039e-01 2.905e-01 5.829e-04 9.633e-04 2.190e-03 -1.000 5.587e-03 -1.910 -1.790 -1.230 -2.503
0.0055 -0.44261 8.68000 2.5789418221 2.5869471302    2.578  2.654  3.6601  1.788    4  0.000  0.354     0.00     0.00     0.00     0.00     0.00 -1    -1e-30      0.00 7.039e-01 2.905e-01 5.829e-04 9.637e-04 2.190e-03 -1.000 5.648e-03 -1.864 -1.749 -1.194 -2.459
0.0055 -0.44261 8.68000 2.5792689323 2.5869548774    2.578  2.631  3.6620  1.818    4  0.000  0.354     0.00     0.00     0.00     0.00     0.00 -1    -1e-30      0.00 7.039e-01 2.905e-01 5.829e-04 9.638e-04 2.190e-03 -1.000 5.654e-03 -1.808 -1.700 -1.150 -2.405
0.0055 -0.44261 8.68000 2.5799152851 2.5869701788    2.579  2.597  3.6648  1.863    4  0.000  0.354     0.00     0.00     0.00     0.00     0.00 -1    -1e-30      0.00 7.039e-01 2.905e-01 5.829e-04 9.639e-04 2.190e-03 -1.000 5.654e-03 -1.723 -1.624 -1.083 -2.322
0.0055 -0.44261 8.68000 2.5808205605 2.5869915950    2.580  2.565  3.6673  1.906    4  0.000  0.354     0.00     0.00     0.00     0.00     0.00 -1    -1e-30      0.00 7.039e-01 2.905e-01 5.829e-04 9.639e-04 2.190e-03 -1.000 5.654e-03 -1.643 -1.552 -1.020 -2.244
0.0055 -0.44261 8.68000 2.5816309452 2.5870107518    2.580  2.536  3.6697  1.944    4  0.000  0.354     0.00     0.00     0.00     0.00     0.00 -1    -1e-30      0.00 7.039e-01 2.905e-01 5.829e-04 9.640e-04 2.190e-03 -1.000 5.654e-03 -1.571 -1.487 -0.962 -2.173
0.0055 -0.44261 8.68000 2.5824284554 2.5870295906    2.581  2.505  3.6722  1.985    4  0.000  0.354     0.00     0.00     0.00     0.00     0.00 -1    -1e-30      0.00 7.039e-01 2.905e-01 5.829e-04 9.640e-04 2.190e-03 -1.000 5.654e-03 -1.493 -1.417 -0.900 -2.096
0.0055 -0.44261 8.68000 2.5832226276 2.5870483374    2.582  2.471  3.6749  2.030    4  0.000  0.354     0.00     0.00     0.00     0.00     0.00 -1    -1e-30      0.00 7.039e-01 2.905e-01 5.829e-04 9.641e-04 2.189e-03 -1.000 5.654e-03 -1.408 -1.340 -0.831 -2.013
0.0055 -0.44261 8.68000 2.5838871002 2.5870640123    2.583  2.441  3.6774  2.071    4  0.000  0.354     0.00     0.00     0.00     0.00     0.00 -1    -1e-30      0.00 7.039e-01 2.905e-01 5.829e-04 9.641e-04 2.189e-03 -1.000 5.654e-03 -1.331 -1.271 -0.769 -1.938
0.0055 -0.44261 8.68000 2.5845508575 2.5870796612    2.583  2.409  3.6799  2.113    4  0.000  0.354     0.00     0.00     0.00     0.00     0.00 -1    -1e-30      0.00 7.039e-01 2.905e-01 5.829e-04 9.642e-04 2.189e-03 -1.000 5.654e-03 -1.251 -1.198 -0.704 -1.859
0.0055 -0.44261 8.68000 2.5852384567 2.5870958623    2.584  2.375  3.6826  2.158    4  0.000  0.354     0.00     0.00     0.00     0.00     0.00 -1    -1e-30      0.00 7.039e-01 2.905e-01 5.829e-04 9.642e-04 2.189e-03 -1.000 5.654e-03 -1.167 -1.122 -0.635 -1.776
0.0055 -0.44261 8.68000 2.5859656334 2.5871129853    2.585  2.340  3.6854  2.205    4  0.000  0.354     0.00     0.00     0.00     0.00     0.00 -1    -1e-30      0.00 7.039e-01 2.905e-01 5.828e-04 9.643e-04 2.189e-03 -1.000 5.654e-03 -1.079 -1.041 -0.562 -1.689
0.0055 -0.44261 8.68000 2.5867438316 2.5871312973    2.586  2.303  3.6883  2.253    4  0.000  0.354     0.00     0.00     0.00     0.00     0.00 -1    -1e-30      0.00 7.039e-01 2.905e-01 5.828e-04 9.643e-04 2.189e-03 -1.000 5.654e-03 -0.986 -0.957 -0.486 -1.598
0.0055 -0.44261 8.68000 2.5877194405 2.5871542368    2.587  2.259  3.6918  2.311    4  0.000  0.354     0.00     0.00     0.00     0.00     0.00 -1    -1e-30      0.00 7.039e-01 2.905e-01 5.828e-04 9.644e-04 2.189e-03 -1.000 5.654e-03 -0.878 -0.858 -0.396 -1.491
0.0055 -0.44261 8.68000 2.5890398026 2.5871852509    2.588  2.208  3.6961  2.379    4  0.000  0.354     0.00     0.00     0.00     0.00     0.00 -1    -1e-30      0.00 7.039e-01 2.905e-01 5.828e-04 9.645e-04 2.189e-03 -1.000 5.654e-03 -0.750 -0.740 -0.290 -1.363
0.0055 -0.44261 8.68000 2.5908091068 2.5872267532    2.590  2.157  3.7007  2.449    4  0.000  0.354     0.00     0.00     0.00     0.00     0.00 -1    -1e-30      0.00 7.039e-01 2.905e-01 5.828e-04 9.646e-04 2.189e-03 -1.000 5.654e-03 -0.622 -0.623 -0.184 -1.235
0.0055 -0.44261 8.68000 2.5934510231 2.5872886030    2.592  2.109  3.7061  2.520    4  0.000  0.355     0.00     0.00     0.00     0.00     0.00 -1    -1e-30      0.00 7.039e-01 2.905e-01 5.828e-04 9.647e-04 2.189e-03 -1.000 5.655e-03 -0.501 -0.513 -0.088 -1.113
0.0055 -0.44261 8.68000 2.5988852978 2.5874153700    2.598  2.070  3.7145  2.592    4  0.000  0.355     0.00     0.00     0.00     0.00     0.00 -1    -1e-30      0.00 7.039e-01 2.904e-01 5.828e-04 9.651e-04 2.188e-03 -1.000 5.655e-03 -0.406 -0.435 -0.029 -1.017
0.0055 -0.44261 8.68000 2.5999462605 2.5874400484    2.599  2.073  3.7155  2.594    4  0.000  0.355     0.00     0.00     0.00     0.00     0.00 -1    -1e-30      0.00 7.039e-01 2.904e-01 5.828e-04 9.651e-04 2.188e-03 -1.000 5.655e-03 -0.413 -0.444 -0.040 -1.023
0.0055 -0.44261 8.68000 2.6146395206 2.5877794514    2.614  2.115  3.7214  2.578    5  0.000  0.355     0.00     0.00     0.00     0.00     0.00 -1    -1e-30      0.00 7.039e-01 2.904e-01 5.828e-04 9.661e-04 2.187e-03 -1.000 5.655e-03 -0.518 -0.560 -0.169 -1.126
0.0055 -0.44261 8.68000 2.6301250458 2.5881324392    2.629  2.152  3.7221  2.546    5  0.000  0.355     0.00     0.00     0.00     0.00     0.00 -1    -1e-30      0.00 7.040e-01 2.904e-01 5.827e-04 9.670e-04 2.186e-03 -1.000 5.656e-03 -0.610 -0.653 -0.265 -1.218
0.0055 -0.44261 8.68000 2.6429193020 2.5884204944    2.642  2.184  3.7228  2.519    5  0.000  0.355     0.00     0.00     0.00     0.00     0.00 -1    -1e-30      0.00 7.041e-01 2.903e-01 5.827e-04 9.675e-04 2.186e-03 -1.000 5.650e-03 -0.690 -0.734 -0.347 -1.297
0.0055 -0.44261 8.68000 2.6673178673 2.5889610154    2.667  2.246  3.7236  2.464    5  0.000  0.355     0.00     0.00     0.00     0.00     0.00 -1    -1e-30      0.00 7.043e-01 2.901e-01 5.826e-04 9.683e-04 2.185e-03 -1.000 5.639e-03 -0.845 -0.892 -0.506 -1.453
0.0055 -0.44261 8.68000 2.6945862770 2.5895518133    2.694  2.312  3.7232  2.401    5  0.000  0.355     0.00     0.00     0.00     0.00     0.00 -1    -1e-30      0.00 7.045e-01 2.899e-01 5.825e-04 9.693e-04 2.184e-03 -1.000 5.627e-03 -1.011 -1.057 -0.670 -1.620
0.0055 -0.44261 8.68000 2.6974012852 2.5896120216    2.697  2.319  3.7231  2.394    5  0.000  0.355     0.00     0.00     0.00     0.00     0.00 -1    -1e-30      0.00 7.045e-01 2.899e-01 5.825e-04 9.694e-04 2.184e-03 -1.000 5.626e-03 -1.027 -1.074 -0.687 -1.637
0.0055 -0.44261 8.68000 2.7026276588 2.5897234225    2.702  2.328  3.7221  2.382    6  0.000  0.355     0.00     0.00     0.00     0.00     0.00 -1    -1e-30      0.00 7.045e-01 2.899e-01 5.825e-04 9.696e-04 2.184e-03 -1.000 5.624e-03 -1.050 -1.095 -0.705 -1.661
0.0055 -0.44261 8.68000 2.7268385887 2.5902330815    2.726  2.359  3.7143  2.323    6  0.000  0.355     0.00     0.00     0.00     0.00     0.00 -1    -1e-30      0.00 7.047e-01 2.897e-01 5.824e-04 9.704e-04 2.183e-03 -1.000 5.613e-03 -1.128 -1.159 -0.751 -1.743
0.0055 -0.44261 8.68000 2.7391004562 2.5904872543    2.738  2.366  3.7038  2.277    6  0.000  0.355     0.00     0.00     0.00     0.00     0.00 -1    -1e-30      0.00 7.048e-01 2.896e-01 5.824e-04 9.708e-04 2.183e-03 -1.000 5.608e-03 -1.144 -1.153 -0.720 -1.760
0.0055 -0.44261 8.68000 2.7413437366 2.5905334718    2.741  2.395  3.6944  2.210    6  0.000  0.355     0.00     0.00     0.00     0.00     0.00 -1    -1e-30      0.00 7.048e-01 2.896e-01 5.824e-04 9.709e-04 2.182e-03 -1.000 5.607e-03 -1.217 -1.205 -0.748 -1.833
0.0055 -0.44261 8.68000 2.7417356968 2.5905415383    2.741  2.433  3.6890  2.151    6  0.000  0.355     0.00     0.00     0.00     0.00     0.00 -1    -1e-30      0.00 7.048e-01 2.896e-01 5.824e-04 9.709e-04 2.182e-03 -1.000 5.607e-03 -1.312 -1.286 -0.815 -1.926
0.0055 -0.44261 8.68000 2.7418732643 2.5905443688    2.741  2.460  3.6857  2.111    6  0.000  0.355     0.00     0.00     0.00     0.00     0.00 -1    -1e-30      0.00 7.048e-01 2.896e-01 5.824e-04 9.709e-04 2.182e-03 -1.000 5.607e-03 -1.380 -1.344 -0.864 -1.992
0.0055 -0.44261 8.68000 2.7418751717 2.5905444080    2.741  2.461  3.6856  2.110    6  0.000  0.355     0.00     0.00     0.00     0.00     0.00 -1    -1e-30      0.00 7.048e-01 2.896e-01 5.824e-04 9.709e-04 2.182e-03 -1.000 5.607e-03 -1.381 -1.345 -0.865 -1.994
0.0055 -0.44261 8.68000 2.7419414520 2.5905457716    2.741  2.497  3.6821  2.059    7  0.000  0.355     0.00     0.00     0.00     0.00     0.00 -1    -1e-30      0.00 7.048e-01 2.896e-01 5.824e-04 9.709e-04 2.182e-03 -1.000 5.607e-03 -1.472 -1.426 -0.936 -2.083
0.0055 -0.44261 8.68000 2.7420125008 2.5905472333    2.741  2.534  3.6787  2.009    7  0.000  0.355     3.96     2.92     2.19     1.60     1.31  4    -1e-30      0.00 7.048e-01 2.896e-01 5.824e-04 9.709e-04 2.182e-03 -1.000 5.607e-03 -1.564 -1.508 -1.009 -2.173
0.0055 -0.44261 8.68000 2.7422382832 2.5905518776    2.742  2.543  3.6780  1.997    7  0.000  0.355     4.06     2.98     2.24     1.64     1.34  4    -1e-30      0.00 7.048e-01 2.896e-01 5.824e-04 9.709e-04 2.182e-03 -1.000 5.607e-03 -1.588 -1.530 -1.029 -2.196
0.0055 -0.44261 8.68000 2.7431592941 2.5905708134    2.743  2.529  3.6792  2.016    7  0.000  0.355     3.91     2.88     2.17     1.59     1.29  4    -1e-30      0.00 7.048e-01 2.896e-01 5.824e-04 9.710e-04 2.182e-03 -1.000 5.607e-03 -1.553 -1.499 -1.001 -2.162
0.0055 -0.44261 8.68000 2.7438027859 2.5905840348    2.743  2.540  3.6781  2.001    7  0.000  0.355     4.03     2.96     2.22     1.63     1.33  4    -1e-30      0.00 7.048e-01 2.896e-01 5.824e-04 9.710e-04 2.182e-03 -1.000 5.606e-03 -1.579 -1.521 -1.020 -2.187
0.0055 -0.44261 8.68000 2.7442016602 2.5905922267    2.744  2.567  3.6755  1.963    7  0.000  0.355     4.34     3.17     2.37     1.74     1.42  4    -1e-30      0.00 7.048e-01 2.896e-01 5.824e-04 9.710e-04 2.182e-03 -1.000 5.606e-03 -1.648 -1.583 -1.074 -2.255
0.0055 -0.44261 8.68000 2.7446408272 2.5906012429    2.744  2.604  3.6723  1.914    7  0.000  0.355     4.78     3.47     2.58     1.90     1.55  4    -1e-30      0.00 7.048e-01 2.896e-01 5.824e-04 9.710e-04 2.182e-03 -1.000 5.606e-03 -1.739 -1.665 -1.147 -2.346
0.0055 -0.44261 8.68000 2.7451477051 2.5906116450    2.745  2.642  3.6690  1.863    7  0.000  0.355     5.28     3.80     2.82     2.07     1.69  4 -3.94e-30      0.00 7.048e-01 2.896e-01 5.824e-04 9.710e-04 2.182e-03 -1.000 5.611e-03 -1.834 -1.750 -1.221 -2.439
0.0055 -0.44261 8.68000 2.7456750870 2.5906224633    2.745  2.680  3.6656  1.811    7  0.000  0.355     5.85     4.18     3.09     2.27     1.85  4 -6.87e-27      0.00 7.048e-01 2.895e-01 5.824e-04 9.711e-04 2.182e-03 -1.000 5.643e-03 -1.930 -1.835 -1.296 -2.532
0.0055 -0.44261 8.68000 2.7461793423 2.5906328027    2.746  2.719  3.6621  1.758    7  0.000  0.355     6.49     4.59     3.38     2.49     2.03  4 -8.09e-25      0.00 7.048e-01 2.895e-01 5.824e-04 9.711e-04 2.182e-03 -1.000 5.660e-03 -2.027 -1.920 -1.370 -2.625
0.0055 -0.44261 8.68000 2.7466545105 2.5906425417    2.746  2.758  3.6578  1.702    7  0.000  0.355     7.24     5.08     3.72     2.75     2.24  4 -1.15e-23      0.00 7.048e-01 2.895e-01 5.824e-04 9.711e-04 2.182e-03 -1.000 5.665e-03 -2.124 -2.002 -1.438 -2.717
0.0055 -0.44261 8.68000 2.7470982075 2.5906516322    2.746  2.797  3.6543  1.649    7  0.000  0.355     8.04     5.59     4.08     3.01     2.46  4 -1.12e-23      0.00 7.048e-01 2.895e-01 5.823e-04 9.711e-04 2.182e-03 -1.000 5.664e-03 -2.222 -2.085 -1.511 -2.809
0.0055 -0.44261 8.68000 2.7475056648 2.5906599772    2.747  2.836  3.6496  1.592    7  0.000  0.355     9.01     6.21     4.51     3.34     2.72  4  -4.3e-15      0.00 7.048e-01 2.894e-01 5.820e-04 9.713e-04 2.182e-03 -1.000 5.746e-03 -2.319 -2.164 -1.575 -2.898
0.0055 -0.44261 8.68000 2.7478785515 2.5906676117    2.747  2.875  3.6463  1.539    7  0.000  0.355     9.99     6.83     4.94     3.66     2.99  4 -3.12e-14      0.00 7.048e-01 2.894e-01 5.814e-04 9.718e-04 2.182e-03 -1.000 5.753e-03 -2.417 -2.246 -1.647 -2.988
0.0055 -0.44261 8.68000 2.7482173443 2.5906745461    2.747  2.914  3.6431  1.487    7  0.000  0.354    11.06     7.50     5.40     4.01     3.27  4 -3.53e-14      0.00 7.048e-01 2.894e-01 5.804e-04 9.728e-04 2.182e-03 -1.000 5.753e-03 -2.515 -2.329 -1.720 -3.079
0.0055 -0.44261 8.68000 2.7485225201 2.5906807907    2.747  2.953  3.6395  1.434    7  0.000  0.353    12.28     8.26     5.92     4.40     3.59  4 -5.79e-11      0.00 7.048e-01 2.894e-01 5.791e-04 9.744e-04 2.182e-03 -1.000 5.767e-03 -2.613 -2.410 -1.788 -3.169
0.0055 -0.44261 8.68000 2.7488000393 2.5906864680    2.747  2.992  3.6362  1.382    7  0.000  0.352    13.61     9.08     6.48     4.82     3.94  4 -7.81e-10      0.00 7.048e-01 2.894e-01 5.775e-04 9.761e-04 2.182e-03 -1.000 5.772e-03 -2.710 -2.489 -1.854 -3.257
0.0055 -0.44261 8.68000 2.7490551472 2.5906916857    2.747  3.031  3.6329  1.329    7  0.000  0.351    15.08     9.97     7.09     5.28     4.32  4  -2.4e-09      0.00 7.048e-01 2.894e-01 5.760e-04 9.779e-04 2.182e-03 -1.000 5.787e-03 -2.807 -2.569 -1.921 -3.346
0.0055 -0.44261 8.68000 2.7492909431 2.5906965074    2.747  3.070  3.6296  1.278    7  0.000  0.350    16.70    10.95     7.75     5.78     4.73  4 -2.89e-09      0.00 7.048e-01 2.894e-01 5.746e-04 9.797e-04 2.182e-03 -1.000 5.787e-03 -2.904 -2.649 -1.989 -3.435
0.0055 -0.44261 8.68000 2.7495098114 2.5907009822    2.747  3.109  3.6264  1.226    7  0.000  0.350    18.50    12.03     8.48     6.33     5.18  4 -3.48e-09      0.00 7.048e-01 2.894e-01 5.734e-04 9.812e-04 2.182e-03 -1.000 5.787e-03 -3.001 -2.728 -2.054 -3.523
0.0055 -0.44261 8.68000 2.7497119904 2.5907051149    2.747  3.147  3.6231  1.174    7  0.000  0.349    20.48    13.21     9.27     6.94     5.68  4 -4.17e-09      0.00 7.048e-01 2.894e-01 5.723e-04 9.827e-04 2.182e-03 -1.000 5.788e-03 -3.098 -2.806 -2.119 -3.610
0.0055 -0.44261 8.68000 2.7498986721 2.5907089303    2.747  3.186  3.6198  1.122    7  0.000  0.348    22.67    14.50    10.13     7.59     6.21  4 -4.99e-09      0.00 7.048e-01 2.894e-01 5.713e-04 9.841e-04 2.182e-03 -1.000 5.792e-03 -3.194 -2.883 -2.183 -3.696
0.0055 -0.44261 8.68000 2.7500710487 2.5907124528    2.746  3.224  3.6166  1.071    7  0.000  0.348    25.08    15.91    11.07     8.31     6.80  4 -5.99e-09      0.00 7.048e-01 2.894e-01 5.705e-04 9.852e-04 2.181e-03 -1.000 5.791e-03 -3.290 -2.958 -2.244 -3.781
0.0055 -0.44261 8.68000 2.7502307892 2.5907157166    2.746  3.262  3.6133  1.020    7  0.000  0.348    27.74    17.45    12.10     9.09     7.44  4 -7.13e-09      0.00 7.048e-01 2.894e-01 5.698e-04 9.864e-04 2.181e-03 -1.000 5.780e-03 -3.385 -3.033 -2.304 -3.865
0.0055 -0.44261 8.68000 2.7503802776 2.5907187705    2.746  3.300  3.6100  0.969    7  0.000  0.347    30.67    19.14    13.21     9.94     8.14  4 -8.46e-09      0.00 7.048e-01 2.894e-01 5.692e-04 9.878e-04 2.180e-03 -1.000 5.758e-03 -3.479 -3.107 -2.363 -3.948
0.0055 -0.44261 8.68000 2.7505195141 2.5907216147    2.745  3.337  3.6067  0.918    7  0.000  0.347    33.90    20.98    14.42    10.86     8.90  4    -1e-08      0.00 7.048e-01 2.895e-01 5.686e-04 9.890e-04 2.180e-03 -1.000 5.771e-03 -3.574 -3.178 -2.418 -4.030
0.0055 -0.44261 8.68000 2.7506499290 2.5907242784    2.745  3.375  3.6034  0.867    7  0.000  0.347    37.46    23.00    15.74    11.88     9.73  4 -1.19e-08      0.00 7.048e-01 2.895e-01 5.681e-04 9.905e-04 2.179e-03 -1.000 5.771e-03 -3.667 -3.249 -2.472 -4.112
0.0055 -0.44261 8.68000 2.7507719994 2.5907267713    2.744  3.412  3.6001  0.817    7  0.000  0.347    41.38    25.19    17.18    12.97    10.63  3 -1.41e-08      0.00 7.047e-01 2.895e-01 5.677e-04 9.916e-04 2.178e-03 -1.000 5.758e-03 -3.760 -3.319 -2.525 -4.192
0.0055 -0.44261 8.68000 2.7508873940 2.5907291277    2.743  3.449  3.5967  0.766    7  0.000  0.347    45.69    27.59    18.73    14.17    11.62  3 -1.68e-08      0.00 7.047e-01 2.895e-01 5.673e-04 9.931e-04 2.177e-03 -1.000 5.758e-03 -3.852 -3.386 -2.573 -4.270
0.0055 -0.44261 8.68000 2.7509973049 2.5907313719    2.742  3.485  3.5934  0.716    7  0.000  0.347    50.42    30.21    20.43    15.47    12.69  3 -1.98e-08      0.00 7.047e-01 2.896e-01 5.670e-04 9.941e-04 2.176e-03 -1.000 5.757e-03 -3.944 -3.452 -2.620 -4.347
0.0055 -0.44261 8.68000 2.7511022091 2.5907335137    2.741  3.522  3.5900  0.666    7  0.000  0.347    55.62    33.06    22.26    16.88    13.85  3 -2.33e-08      0.00 7.046e-01 2.896e-01 5.667e-04 9.954e-04 2.175e-03 -1.000 5.758e-03 -4.034 -3.517 -2.666 -4.423
0.0055 -0.44261 8.68000 2.7512028217 2.5907355677    2.740  3.557  3.5866  0.617    7  0.000  0.347    61.28    36.13    24.24    18.41    15.10  3 -2.73e-08      0.00 7.046e-01 2.897e-01 5.665e-04 9.964e-04 2.174e-03 -1.000 5.742e-03 -4.123 -3.577 -2.705 -4.496
0.0055 -0.44261 8.68000 2.7513005733 2.5907375631    2.739  3.592  3.5832  0.569    7  0.000  0.347    67.38    39.43    26.34    20.03    16.43  3 -3.19e-08      0.00 7.045e-01 2.897e-01 5.663e-04 9.972e-04 2.173e-03 -1.000 5.754e-03 -4.209 -3.635 -2.742 -4.566
0.0055 -0.44261 8.68000 2.7514085770 2.5907397676    2.737  3.629  3.5795  0.516    7  0.000  0.347    74.76    43.37    28.85    21.97    18.03  3 -3.96e-08      0.00 7.045e-01 2.897e-01 5.661e-04 9.978e-04 2.173e-03 -1.000 5.788e-03 -4.303 -3.697 -2.779 -4.641
0.0055 -0.44261 8.68000 2.7515144348 2.5907419282    2.735  3.663  3.5760  0.467    7  0.000  0.347    82.22    47.33    31.36    23.91    19.63  3 -4.88e-08      0.00 7.044e-01 2.898e-01 5.660e-04 9.983e-04 2.172e-03 -1.000 5.792e-03 -4.389 -3.748 -2.801 -4.707
0.0055 -0.44261 8.68000 2.7516272068 2.5907442296    2.731  3.696  3.5726  0.421    7  0.000  0.347    90.12    51.49    33.99    25.95    21.30  2 -5.95e-08      0.00 7.044e-01 2.898e-01 5.659e-04 9.987e-04 2.172e-03 -1.000 5.789e-03 -4.470 -3.796 -2.820 -4.769
0.0055 -0.44261 8.68000 2.7517910004 2.5907475718    2.725  3.741  3.5680  0.356    7  0.000  0.347   102.31    57.85    37.98    29.05    23.86  2 -7.48e-08      0.00 7.044e-01 2.898e-01 5.659e-04 9.987e-04 2.172e-03 -1.000 5.795e-03 -4.584 -3.859 -2.840 -4.854
0.0055 -0.44261 8.68000 2.7518091202 2.5907479415    2.724  3.745  3.5677  0.352    7  0.000  0.347   103.17    58.29    38.26    29.27    24.04  2 -7.36e-08      0.00 7.044e-01 2.898e-01 5.659e-04 9.987e-04 2.172e-03 -1.000 5.795e-03 -4.591 -3.864 -2.841 -4.860
0.0055 -0.44261 8.68000 2.7518203259 2.5907481702    2.724  3.745  3.5677  0.352    7  0.000  0.347   103.20    58.30    38.27    29.28    24.04  2 -7.14e-08      0.00 7.044e-01 2.898e-01 5.659e-04 9.987e-04 2.172e-03 -1.000 5.795e-03 -4.591 -3.863 -2.841 -4.860
0.0055 -0.44261 8.68000 2.7518324852 2.5907484183    2.723  3.744  3.5678  0.353    7  0.000  0.347   102.93    58.17    38.18    29.21    23.98  2 -6.89e-08      0.00 7.044e-01 2.898e-01 5.659e-04 9.987e-04 2.172e-03 -1.000 5.795e-03 -4.589 -3.862 -2.841 -4.858
0.0055 -0.44261 8.68000 2.7518432140 2.5907486372    2.723  3.749  3.5673  0.345    7  0.000  0.347   104.49    58.98    38.69    29.60    24.31  2 -7.23e-08      0.00 7.044e-01 2.898e-01 5.659e-04 9.987e-04 2.172e-03 -1.000 5.795e-03 -4.603 -3.869 -2.842 -4.868
0.0055 -0.44261 8.68000 2.7518575191 2.5907489290    2.722  3.755  3.5667  0.337    7  0.000  0.347   106.24    59.88    39.26    30.04    24.67  2 -7.64e-08      0.00 7.044e-01 2.898e-01 5.659e-04 9.987e-04 2.172e-03 -1.000 5.795e-03 -4.617 -3.877 -2.843 -4.879
0.0055 -0.44261 8.68000 2.7518799305 2.5907493863    2.721  3.760  3.5661  0.329    7  0.000  0.347   107.87    60.73    39.79    30.45    25.01  2 -8.02e-08      0.00 7.044e-01 2.898e-01 5.659e-04 9.987e-04 2.172e-03 -1.000 5.795e-03 -4.631 -3.884 -2.843 -4.888
0.0055 -0.44261 8.68000 2.7518925667 2.5907496441    2.721  3.760  3.5661  0.329    7  0.000  0.347   107.88    60.73    39.79    30.45    25.01  2 -7.99e-08      0.00 7.044e-01 2.898e-01 5.659e-04 9.987e-04 2.172e-03 -1.000 5.795e-03 -4.631 -3.884 -2.843 -4.888
0.0055 -0.44261 8.68000 2.7518930435 2.5907496538    2.721  3.755  3.5667  0.336    7  0.000  0.347   106.35    59.94    39.29    30.07    24.69  2 -7.58e-08      0.00 7.044e-01 2.898e-01 5.659e-04 9.987e-04 2.172e-03 -1.000 5.795e-03 -4.618 -3.877 -2.843 -4.879
0.0055 -0.44261 8.68000 2.7518932819 2.5907496587    2.721  3.749  3.5673  0.345    7  0.000  0.347   104.56    59.01    38.71    29.62    24.32  2 -7.14e-08      0.00 7.044e-01 2.898e-01 5.659e-04 9.987e-04 2.172e-03 -1.000 5.795e-03 -4.603 -3.870 -2.842 -4.868
0.0055 -0.44261 8.68000 2.7518935204 2.5907496636    2.721  3.748  3.5674  0.347    7  0.000  0.347   104.19    58.82    38.59    29.53    24.25  2 -7.04e-08      0.00 7.044e-01 2.898e-01 5.659e-04 9.987e-04 2.172e-03 -1.000 5.795e-03 -4.600 -3.868 -2.842 -4.866
0.0055 -0.44261 8.68000 2.7518968582 2.5907497317    2.721  3.752  3.5670  0.340    7  0.000  0.347   105.46    59.47    39.00    29.84    24.51  2 -7.35e-08      0.00 7.044e-01 2.898e-01 5.659e-04 9.987e-04 2.172e-03 -1.000 5.795e-03 -4.610 -3.874 -2.843 -4.874
0.0055 -0.44261 8.68000 2.7518994808 2.5907497852    2.720  3.757  3.5664  0.333    7  0.000  0.347   106.98    60.26    39.50    30.23    24.83  2 -7.75e-08      0.00 7.044e-01 2.898e-01 5.659e-04 9.987e-04 2.172e-03 -1.000 5.795e-03 -4.623 -3.880 -2.843 -4.883
0.0055 -0.44261 8.68000 2.7519030571 2.5907498581    2.720  3.762  3.5659  0.326    7  0.000  0.347   108.55    61.08    40.00    30.62    25.15  2 -8.16e-08      0.00 7.044e-01 2.898e-01 5.659e-04 9.987e-04 2.172e-03 -1.000 5.795e-03 -4.636 -3.886 -2.844 -4.892
0.0055 -0.44261 8.68000 2.7519090176 2.5907499797    2.720  3.765  3.5656  0.322    7  0.000  0.347   109.34    61.49    40.26    30.82    25.31  2 -8.45e-08      0.00 7.044e-01 2.898e-01 5.659e-04 9.987e-04 2.172e-03 -1.000 5.795e-03 -4.642 -3.889 -2.843 -4.896
0.0055 -0.44261 8.68000 2.7519228458 2.5907502619    2.719  3.764  3.5657  0.323    7  0.000  0.347   109.05    61.34    40.17    30.75    25.25  2 -8.58e-08      0.00 7.044e-01 2.898e-01 5.659e-04 9.987e-04 2.172e-03 -1.000 5.795e-03 -4.640 -3.887 -2.842 -4.894
0.0055 -0.44261 8.68000 2.7519366741 2.5907505440    2.718  3.761  3.5660  0.327    7  0.000  0.347   108.24    60.91    39.90    30.54    25.09  2 -8.25e-08      0.00 7.044e-01 2.898e-01 5.659e-04 9.987e-04 2.172e-03 -1.000 5.795e-03 -4.633 -3.884 -2.843 -4.889
0.0055 -0.44261 8.68000 2.7519369125 2.5907505488    2.718  3.771  3.5648  0.312    7  0.000  0.347   111.39    62.54    40.92    31.34    25.74  2 -9.13e-08      0.00 7.044e-01 2.898e-01 5.659e-04 9.987e-04 2.172e-03 -1.000 5.795e-03 -4.658 -3.896 -2.842 -4.907
0.0055 -0.44261 8.68000 2.7519373894 2.5907505586    2.718  3.772  3.5648  0.312    7  0.000  0.347   111.55    62.62    40.97    31.38    25.77  2 -9.13e-08      0.00 7.044e-01 2.898e-01 5.659e-04 9.987e-04 2.172e-03 -1.000 5.795e-03 -4.659 -3.896 -2.842 -4.908
0.0055 -0.44261 8.68000 2.7519376278 2.5907505634    2.718  3.768  3.5652  0.317    7  0.000  0.347   110.43    62.05    40.61    31.10    25.54  2 -8.81e-08      0.00 7.044e-01 2.898e-01 5.659e-04 9.987e-04 2.172e-03 -1.000 5.795e-03 -4.650 -3.892 -2.842 -4.902
0.0055 -0.44261 8.68000 2.7519385815 2.5907505829    2.718  3.763  3.5658  0.324    7  0.000  0.347   108.80    61.20    40.08    30.68    25.20  2 -8.31e-08      0.00 7.044e-01 2.898e-01 5.659e-04 9.987e-04 2.172e-03 -1.000 5.795e-03 -4.637 -3.887 -2.843 -4.893
0.0055 -0.44261 8.68000 2.7519392967 2.5907505975    2.718  3.758  3.5664  0.332    7  0.000  0.347   107.19    60.37    39.56    30.28    24.87  2 -7.85e-08      0.00 7.044e-01 2.898e-01 5.659e-04 9.987e-04 2.172e-03 -1.000 5.795e-03 -4.625 -3.881 -2.843 -4.884
0.0055 -0.44261 8.68000 2.7519400120 2.5907506121    2.718  3.753  3.5668  0.338    7  0.000  0.347   105.89    59.69    39.14    29.95    24.60  2 -7.47e-08      0.00 7.044e-01 2.898e-01 5.659e-04 9.987e-04 2.172e-03 -1.000 5.795e-03 -4.614 -3.875 -2.843 -4.876
0.0055 -0.44261 8.68000 2.7519412041 2.5907506364    2.718  3.748  3.5674  0.346    7  0.000  0.347   104.30    58.87    38.62    29.55    24.27  2 -7.03e-08      0.00 7.044e-01 2.898e-01 5.659e-04 9.987e-04 2.172e-03 -1.000 5.795e-03 -4.600 -3.869 -2.843 -4.867
0.0055 -0.44261 8.68000 2.7519450188 2.5907507142    2.718  3.749  3.5674  0.345    7  0.000  0.347   104.45    58.95    38.67    29.59    24.30  2 -6.95e-08      0.00 7.044e-01 2.898e-01 5.659e-04 9.987e-04 2.172e-03 -1.000 5.795e-03 -4.602 -3.870 -2.843 -4.868
0.0055 -0.44261 8.68000 2.7519476414 2.5907507677    2.718  3.755  3.5667  0.336    7  0.000  0.347   106.33    59.93    39.28    30.06    24.69  2 -7.32e-08      0.00 7.044e-01 2.898e-01 5.659e-04 9.987e-04 2.172e-03 -1.000 5.795e-03 -4.618 -3.878 -2.844 -4.879
0.0055 -0.44261 8.68000 2.7519505024 2.5907508261    2.718  3.761  3.5660  0.327    7  0.000  0.347   108.28    60.93    39.91    30.55    25.09  2 -7.75e-08      0.00 7.044e-01 2.898e-01 5.659e-04 9.987e-04 2.172e-03 -1.000 5.795e-03 -4.634 -3.886 -2.844 -4.891
0.0055 -0.44261 8.68000 2.7519543171 2.5907509039    2.718  3.766  3.5655  0.320    7  0.000  0.347   109.68    61.66    40.37    30.91    25.38  2 -8.15e-08      0.00 7.044e-01 2.898e-01 5.659e-04 9.987e-04 2.172e-03 -1.000 5.795e-03 -4.645 -3.891 -2.844 -4.898
0.0055 -0.44261 8.68000 2.7519605160 2.5907510304    2.717  3.771  3.5649  0.312    7  0.000  0.347   111.37    62.53    40.91    31.33    25.73  2 -8.67e-08      0.00 7.044e-01 2.898e-01 5.659e-04 9.987e-04 2.172e-03 -1.000 5.795e-03 -4.658 -3.897 -2.843 -4.907
0.0055 -0.44261 8.68000 2.7519762516 2.5907513514    2.716  3.807  3.5608  0.261    7  0.000  0.347   123.30    68.66    44.74    34.31    28.18  2 -1.28e-07      0.00 7.044e-01 2.898e-01 5.659e-04 9.987e-04 2.172e-03 -1.000 5.795e-03 -4.746 -3.937 -2.840 -4.968
0.0055 -0.44261 8.68000 2.7519929409 2.5907516919    2.715  3.832  3.5579  0.223    7  0.000  0.347   132.73    73.48    47.73    36.64    30.10  2 -1.53e-07      0.00 7.044e-01 2.898e-01 5.659e-04 9.988e-04 2.172e-03 -1.000 5.795e-03 -4.811 -3.963 -2.827 -5.010
0.0055 -0.44261 8.68000 2.7519931793 2.5907516967    2.715  3.830  3.5581  0.226    7  0.000  0.347   132.03    73.12    47.51    36.47    29.96  2  -1.5e-07      0.00 7.044e-01 2.898e-01 5.659e-04 9.988e-04 2.172e-03 -1.000 5.795e-03 -4.806 -3.961 -2.827 -5.006
0.0055 -0.44261 8.68000 2.7519934177 2.5907517016    2.715  3.811  3.5602  0.253    7  0.000  0.347   125.08    69.58    45.30    34.75    28.55  2 -1.26e-07      0.00 7.044e-01 2.898e-01 5.659e-04 9.988e-04 2.172e-03 -1.000 5.795e-03 -4.758 -3.942 -2.838 -4.975
0.0055 -0.44261 8.68000 2.7519936562 2.5907517065    2.715  3.768  3.5649  0.315    7  0.000  0.347   110.80    62.23    40.72    31.19    25.61  2 -9.67e-08      0.00 7.044e-01 2.898e-01 5.659e-04 9.988e-04 2.172e-03 -1.000 5.795e-03 -4.651 -3.889 -2.836 -4.900
0.0055 -0.44261 8.68000 2.7519938946 2.5907517113    2.714  3.824  3.5588  0.235    7  0.000  0.347   129.60    71.88    46.74    35.87    29.47  2 -1.46e-07      0.00 7.044e-01 2.898e-01 5.659e-04 9.988e-04 2.172e-03 -1.000 5.795e-03 -4.789 -3.954 -2.831 -4.996
0.0055 -0.44261 8.68000 2.7519946098 2.5907517259    2.714  3.793  3.5623  0.280    7  0.000  0.347   118.74    66.32    43.28    33.17    27.25  2 -1.06e-07      0.00 7.044e-01 2.898e-01 5.659e-04 9.988e-04 2.172e-03 -1.000 5.795e-03 -4.713 -3.922 -2.841 -4.945
0.0055 -0.44261 8.68000 2.7519953251 2.5907517405    2.714  3.773  3.5646  0.309    7  0.000  0.347   112.03    62.86    41.12    31.49    25.87  2 -9.02e-08      0.00 7.044e-01 2.898e-01 5.659e-04 9.988e-04 2.172e-03 -1.000 5.795e-03 -4.662 -3.897 -2.841 -4.909
0.0055 -0.44261 8.68000 2.7519960403 2.5907517551    2.714  3.759  3.5661  0.329    7  0.000  0.347   107.73    60.64    39.73    30.42    24.98  2 -8.24e-08      0.00 7.044e-01 2.898e-01 5.659e-04 9.988e-04 2.172e-03 -1.000 5.795e-03 -4.627 -3.880 -2.840 -4.885
0.0055 -0.44261 8.68000 2.7519969940 2.5907517746    2.714  3.754  3.5666  0.336    7  0.000  0.347   106.35    59.93    39.28    30.07    24.69  2 -7.82e-08      0.00 7.044e-01 2.898e-01 5.659e-04 9.988e-04 2.172e-03 -1.000 5.795e-03 -4.616 -3.875 -2.840 -4.877
0.0055 -0.44261 8.68000 2.7519979477 2.5907517940    2.714  3.752  3.5668  0.339    7  0.000  0.347   105.79    59.64    39.10    29.92    24.57  2 -7.56e-08      0.00 7.044e-01 2.898e-01 5.659e-04 9.988e-04 2.172e-03 -1.000 5.795e-03 -4.611 -3.873 -2.840 -4.874
0.0055 -0.44261 8.68000 2.7520012856 2.5907518621    2.714  3.765  3.5655  0.321    7  0.000  0.347   109.52    61.57    40.31    30.87    25.35  2    -8e-08      0.00 7.044e-01 2.898e-01 5.659e-04 9.988e-04 2.172e-03 -1.000 5.795e-03 -4.642 -3.889 -2.842 -4.896
0.0055 -0.44261 8.68000 2.7520036697 2.5907519107    2.714  3.788  3.5631  0.288    7  0.000  0.347   116.77    65.31    42.64    32.68    26.84  2 -9.11e-08      0.00 7.044e-01 2.898e-01 5.659e-04 9.988e-04 2.172e-03 -1.000 5.795e-03 -4.699 -3.917 -2.844 -4.936
0.0055 -0.44261 8.68000 2.7520058155 2.5907519545    2.714  3.808  3.5609  0.259    7  0.000  0.347   123.68    68.86    44.85    34.40    28.26  2 -1.07e-07      0.00 7.044e-01 2.898e-01 5.659e-04 9.988e-04 2.172e-03 -1.000 5.795e-03 -4.750 -3.942 -2.845 -4.972
0.0055 -0.44261 8.68000 2.7520091534 2.5907520226    2.714  3.833  3.5581  0.223    7  0.000  0.347   132.78    73.50    47.74    36.65    30.11  2 -1.34e-07      0.00 7.044e-01 2.898e-01 5.659e-04 9.988e-04 2.172e-03 -1.000 5.795e-03 -4.813 -3.968 -2.834 -5.013
0.0055 -0.44261 8.68000 2.7520158291 2.5907521588    2.713  3.865  3.5545  0.177    7  0.000  0.347   145.42    79.92    51.71    39.75    32.67  2 -1.86e-07      0.00 7.044e-01 2.898e-01 5.659e-04 9.988e-04 2.172e-03 -1.000 5.795e-03 -4.892 -3.996 -2.811 -5.063
0.0055 -0.44261 8.68000 2.7520351410 2.5907525528    2.710  3.910  3.5492  0.110    7  0.000  0.347   165.77    90.16    58.02    44.68    36.73  2 -2.97e-07      0.00 7.044e-01 2.898e-01 5.659e-04 9.988e-04 2.172e-03 -1.000 5.795e-03 -5.005 -4.033 -2.768 -5.131
0.0055 -0.44261 8.68000 2.7520484924 2.5907528251    2.708  3.923  3.5476  0.090    7  0.000  0.347   172.21    93.37    59.99    46.22    38.00  2  -3.4e-07      0.00 7.044e-01 2.898e-01 5.659e-04 9.988e-04 2.172e-03 -1.000 5.795e-03 -5.037 -4.039 -2.744 -5.148
