Zini MH logAge Mini int_IMF Mass logL logTe logg label McoreTP C_O period0 period1 period2 period3 period4 pmode Mloss tau1m X Y Xc Xn Xo Cexcess Z mbolmag Gmag G_BPmag G_RPmag
0.0055 -0.44261 7.78001 0.0900000036 1.0816895926    0.090 -2.534  3.4477  4.669    0  0.000  0.545     0.00     0.00     0.00     0.00     0.00 -1 -5.75e-16      0.00 7.360e-01 2.585e-01 1.002e-03 2.703e-04 2.451e-03 -1.000 5.571e-03 11.104 12.534 14.767 11.175
0.0055 -0.44261 7.78001 0.0920988545 1.1014961813    0.092 -2.518  3.4496  4.671    0  0.000  0.545     0.00     0.00     0.00     0.00     0.00 -1 -5.87e-16      0.00 7.360e-01 2.585e-01 1.002e-03 2.703e-04 2.451e-03 -1.000 5.571e-03 11.065 12.476 14.678 11.122
0.0055 -0.44261 7.78001 0.0992416888 1.1647405698    0.099 -2.465  3.4562  4.677    0  0.000  0.545     0.00     0.00     0.00     0.00     0.00 -1 -6.35e-16      0.00 7.360e-01 2.585e-01 1.002e-03 2.703e-04 2.451e-03 -1.000 5.571e-03 10.933 12.276 14.369 10.943
0.0055 -0.44261 7.78001 0.1000000015 1.1711064122    0.100 -2.459  3.4569  4.677    0  0.000  0.545     0.00     0.00     0.00     0.00     0.00 -1 -6.41e-16      0.00 7.360e-01 2.585e-01 1.002e-03 2.703e-04 2.451e-03 -1.000 5.571e-03 10.918 12.254 14.335 10.924
0.0055 -0.44261 7.78001 0.1103326827 1.2520450412    0.110 -2.392  3.4647  4.684    0  0.000  0.545     0.00     0.00     0.00     0.00     0.00 -1 -7.07e-16      0.00 7.360e-01 2.585e-01 1.002e-03 2.703e-04 2.451e-03 -1.000 5.571e-03 10.751 12.009 13.968 10.704
0.0055 -0.44261 7.78001 0.1199999973 1.3193154249    0.120 -2.333  3.4719  4.689    0  0.000  0.545     0.00     0.00     0.00     0.00     0.00 -1 -7.72e-16      0.00 7.360e-01 2.585e-01 1.002e-03 2.703e-04 2.451e-03 -1.000 5.571e-03 10.601 11.791 13.645 10.509
0.0055 -0.44261 7.78001 0.1330240220 1.3995585401    0.133 -2.263  3.4795  4.695    0  0.000  0.545     0.00     0.00     0.00     0.00     0.00 -1 -8.55e-16      0.00 7.360e-01 2.585e-01 1.002e-03 2.703e-04 2.451e-03 -1.000 5.571e-03 10.428 11.546 13.292 10.289
0.0055 -0.44261 7.78001 0.1400000006 1.4384526719    0.140 -2.229  3.4833  4.698    0  0.000  0.545     0.00     0.00     0.00     0.00     0.00 -1 -8.99e-16      0.00 7.360e-01 2.585e-01 1.002e-03 2.703e-04 2.451e-03 -1.000 5.571e-03 10.342 11.423 13.116 10.180
0.0055 -0.44261 7.78001 0.1401670575 1.4393530420    0.140 -2.228  3.4834  4.698    0  0.000  0.545     0.00     0.00     0.00     0.00     0.00 -1    -9e-16      0.00 7.360e-01 2.585e-01 1.002e-03 2.703e-04 2.451e-03 -1.000 5.571e-03 10.340 11.421 13.112 10.178
0.0055 -0.44261 7.78001 0.1599999964 1.5372931554    0.160 -2.139  3.4926  4.704    0  0.000  0.545     0.00     0.00     0.00     0.00     0.00 -1 -1.03e-15      0.00 7.360e-01 2.585e-01 1.002e-03 2.703e-04 2.451e-03 -1.000 5.571e-03 10.118 11.116 12.688 9.905
0.0055 -0.44261 7.78001 0.1999999881 1.6938790356    0.200 -1.991  3.5071  4.710    0  0.000  0.545     0.00     0.00     0.00     0.00     0.00 -1 -1.28e-15      0.00 7.360e-01 2.585e-01 1.002e-03 2.703e-04 2.451e-03 -1.000 5.571e-03 9.747 10.628 12.045 9.466
0.0055 -0.44261 7.78001 0.2500000000 1.8403257998    0.250 -1.844  3.5214  4.717    0  0.000  0.545     0.00     0.00     0.00     0.00     0.00 -1  -1.6e-15      0.00 7.360e-01 2.585e-01 1.002e-03 2.703e-04 2.451e-03 -1.000 5.571e-03 9.379 10.155 11.439 9.039
0.0055 -0.44261 7.78001 0.3000000119 1.9529139769    0.300 -1.725  3.5318  4.720    0  0.000  0.545     0.00     0.00     0.00     0.00     0.00 -1 -1.91e-15      0.00 7.360e-01 2.585e-01 1.002e-03 2.703e-04 2.451e-03 -1.000 5.571e-03 9.084 9.791 10.995 8.707
0.0055 -0.44261 7.78001 0.3499999642 2.0434174156    0.350 -1.617  3.5411  4.715    0  0.000  0.545     0.00     0.00     0.00     0.00     0.00 -1 -2.28e-15      0.00 7.360e-01 2.585e-01 1.002e-03 2.703e-04 2.451e-03 -1.000 5.571e-03 8.811 9.463 10.601 8.406
0.0055 -0.44261 7.78001 0.3999999762 2.1185023988    0.400 -1.509  3.5506  4.703    0  0.000  0.545     0.00     0.00     0.00     0.00     0.00 -1 -2.77e-15      0.00 7.360e-01 2.585e-01 1.002e-03 2.703e-04 2.451e-03 -1.000 5.571e-03 8.542 9.138 10.216 8.109
0.0055 -0.44261 7.78001 0.4499999881 2.1822809009    0.450 -1.394  3.5620  4.685    0  0.000  0.545     0.00     0.00     0.00     0.00     0.00 -1 -3.46e-15      0.00 7.360e-01 2.585e-01 1.002e-03 2.703e-04 2.451e-03 -1.000 5.571e-03 8.254 8.786 9.794 7.790
0.0055 -0.44261 7.78001 0.4999999702 2.2374541023    0.500 -1.258  3.5785  4.661    0  0.000  0.545     0.00     0.00     0.00     0.00     0.00 -1 -4.62e-15      0.00 7.360e-01 2.585e-01 1.002e-03 2.703e-04 2.451e-03 -1.000 5.571e-03 7.914 8.361 9.283 7.411
0.0055 -0.44261 7.78001 0.5141116381 2.2515433180    0.514 -1.211  3.5850  4.652    0  0.000  0.545     0.00     0.00     0.00     0.00     0.00 -1 -5.09e-15      0.00 7.360e-01 2.584e-01 1.002e-03 2.703e-04 2.451e-03 -1.000 5.571e-03 7.799 8.215 9.106 7.282
0.0055 -0.44261 7.78001 0.5500000119 2.2836582633    0.550 -1.075  3.6069  4.632    0  0.000  0.545     0.00     0.00     0.00     0.00     0.00 -1 -6.88e-15      0.00 7.361e-01 2.584e-01 1.002e-03 2.702e-04 2.451e-03 -1.000 5.571e-03 7.457 7.783 8.583 6.905
0.0055 -0.44261 7.78001 0.5639206767 2.2948572741    0.564 -1.014  3.6186  4.629    0  0.000  0.545     0.00     0.00     0.00     0.00     0.00 -1 -7.85e-15      0.00 7.361e-01 2.584e-01 1.002e-03 2.702e-04 2.451e-03 -1.000 5.571e-03 7.305 7.588 8.341 6.738
0.0055 -0.44261 7.78001 0.5904771090 2.3145470891    0.590 -0.898  3.6426  4.629    0  0.000  0.545     0.00     0.00     0.00     0.00     0.00 -1    -1e-14      0.00 7.361e-01 2.584e-01 1.002e-03 2.702e-04 2.450e-03 -1.000 5.571e-03 7.015 7.204 7.859 6.420
0.0055 -0.44261 7.78001 0.5999999642 2.3211212854    0.600 -0.859  3.6512  4.632    0  0.000  0.545     0.00     0.00     0.00     0.00     0.00 -1 -1.09e-14      0.00 7.361e-01 2.584e-01 1.002e-03 2.702e-04 2.450e-03 -1.000 5.571e-03 6.917 7.070 7.688 6.313
0.0055 -0.44261 7.78001 0.6123616099 2.3293055213    0.612 -0.809  3.6633  4.639    0  0.000  0.545     0.00     0.00     0.00     0.00     0.00 -1  -1.2e-14      0.00 7.361e-01 2.584e-01 1.002e-03 2.702e-04 2.450e-03 -1.000 5.571e-03 6.792 6.897 7.469 6.175
0.0055 -0.44261 7.78001 0.6197162271 2.3339970094    0.620 -0.784  3.6694  4.644    0  0.000  0.545     0.00     0.00     0.00     0.00     0.00 -1 -1.25e-14      0.00 7.361e-01 2.584e-01 1.002e-03 2.702e-04 2.450e-03 -1.000 5.571e-03 6.730 6.813 7.364 6.108
0.0055 -0.44261 7.78001 0.6499999762 2.3520353107    0.650 -0.707  3.6887  4.665    0  0.000  0.545     0.00     0.00     0.00     0.00     0.00 -1 -1.43e-14      0.00 7.361e-01 2.584e-01 1.002e-03 2.702e-04 2.450e-03 -1.000 5.571e-03 6.538 6.559 7.050 5.903
0.0055 -0.44261 7.78001 0.6644951701 2.3600032108    0.665 -0.686  3.6943  4.676    0  0.000  0.545     0.00     0.00     0.00     0.00     0.00 -1 -1.47e-14      0.00 7.361e-01 2.584e-01 1.002e-03 2.702e-04 2.450e-03 -1.000 5.571e-03 6.484 6.490 6.965 5.847
0.0055 -0.44261 7.78001 0.6837950945 2.3700116206    0.684 -0.671  3.6979  4.688    0  0.000  0.545     0.00     0.00     0.00     0.00     0.00 -1 -1.48e-14      0.00 7.362e-01 2.583e-01 1.001e-03 2.702e-04 2.450e-03 -1.000 5.571e-03 6.448 6.445 6.911 5.810
0.0055 -0.44261 7.78001 0.6999999881 2.3779266974    0.700 -0.651  3.7014  4.691    0  0.000  0.545     0.00     0.00     0.00     0.00     0.00 -1 -1.53e-14      0.00 7.362e-01 2.583e-01 1.001e-03 2.701e-04 2.450e-03 -1.000 5.571e-03 6.396 6.384 6.840 5.758
0.0055 -0.44261 7.78001 0.7094392180 2.3823459957    0.710 -0.638  3.7036  4.693    0  0.000  0.543     0.00     0.00     0.00     0.00     0.00 -1 -1.56e-14      0.00 7.362e-01 2.583e-01 9.984e-04 2.700e-04 2.450e-03 -1.000 5.571e-03 6.364 6.347 6.798 5.726
0.0055 -0.44261 7.78001 0.7283716202 2.3908140896    0.728 -0.595  3.7108  4.690    0  0.000  0.541     0.00     0.00     0.00     0.00     0.00 -1  -1.7e-14      0.00 7.362e-01 2.583e-01 9.934e-04 2.699e-04 2.450e-03 -1.000 5.571e-03 6.258 6.225 6.657 5.621
0.0055 -0.44261 7.78001 0.7495123148 2.3996909141    0.750 -0.536  3.7207  4.683    0  0.000  0.538     0.00     0.00     0.00     0.00     0.00 -1 -1.94e-14      0.00 7.362e-01 2.582e-01 9.879e-04 2.698e-04 2.450e-03 -1.000 5.571e-03 6.109 6.058 6.467 5.476
0.0055 -0.44261 7.78001 0.7990245819 2.4183828323    0.799 -0.406  3.7403  4.660    0  0.000  0.538     0.00     0.00     0.00     0.00     0.00 -1 -2.59e-14      0.00 7.362e-01 2.582e-01 9.877e-04 2.697e-04 2.450e-03 -1.000 5.571e-03 5.786 5.707 6.073 5.167
0.0055 -0.44261 7.78001 0.8485368490 2.4345886963    0.848 -0.286  3.7571  4.633    0  0.000  0.537     0.00     0.00     0.00     0.00     0.00 -1 -3.42e-14      0.00 7.363e-01 2.581e-01 9.873e-04 2.697e-04 2.449e-03 -1.000 5.571e-03 5.484 5.393 5.723 4.890
0.0055 -0.44261 7.78001 0.8980491161 2.4487569484    0.897 -0.173  3.7724  4.605    0  0.000  0.538     0.00     0.00     0.00     0.00     0.00 -1 -4.45e-14      0.00 7.363e-01 2.581e-01 9.873e-04 2.696e-04 2.449e-03 -1.000 5.571e-03 5.201 5.105 5.404 4.636
0.0055 -0.44261 7.78001 0.9395442605 2.4593178876    0.939 -0.079  3.7831  4.574    0  0.000  0.538     0.00     0.00     0.00     0.00     0.00 -1 -5.58e-14      0.00 7.366e-01 2.578e-01 9.868e-04 2.694e-04 2.447e-03 -1.000 5.571e-03 4.967 4.871 5.149 4.427
0.0055 -0.44261 7.78001 0.9475613832 2.4612360964    0.947 -0.063  3.7852  4.570    0  0.000  0.538     0.00     0.00     0.00     0.00     0.00 -1  -5.8e-14      0.00 7.365e-01 2.579e-01 9.873e-04 2.695e-04 2.448e-03 -1.000 5.567e-03 4.926 4.831 5.104 4.391
0.0055 -0.44261 7.78001 0.9970737100 2.4723008218    0.997  0.042  3.7969  4.535    0  0.000  0.538     0.00     0.00     0.00     0.00     0.00 -1 -7.49e-14      0.00 7.367e-01 2.578e-01 9.861e-04 2.693e-04 2.446e-03 -1.000 5.563e-03 4.666 4.573 4.824 4.160
0.0055 -0.44261 7.78001 1.0465859175 2.4821702926    1.046  0.142  3.8077  4.499    0  0.000  0.537     0.00     0.00     0.00     0.00     0.00 -1 -8.94e-14      0.00 7.368e-01 2.577e-01 9.858e-04 2.693e-04 2.446e-03 -1.000 5.571e-03 4.416 4.327 4.559 3.938
0.0055 -0.44261 7.78001 1.0960983038 2.4910214938    1.095  0.236  3.8180  4.465    0  0.000  0.538     0.00     0.00     0.00     0.00     0.00 -1 -1.04e-13      0.00 7.368e-01 2.577e-01 9.863e-04 2.693e-04 2.446e-03 -1.000 5.560e-03 4.180 4.094 4.308 3.729
0.0055 -0.44261 7.78001 1.1456104517 2.4989986192    1.145  0.327  3.8284  4.436    0  0.000  0.538     0.00     0.00     0.00     0.00     0.00 -1 -1.19e-13      0.00 7.369e-01 2.576e-01 9.863e-04 2.692e-04 2.446e-03 -1.000 5.557e-03 3.953 3.870 4.067 3.528
0.0055 -0.44261 7.78001 1.1951228380 2.5062204782    1.195  0.412  3.8389  4.411    0  0.000  0.538     0.00     0.00     0.00     0.00     0.00 -1 -1.33e-13      0.00 7.368e-01 2.576e-01 9.861e-04 2.693e-04 2.445e-03 -1.000 5.554e-03 3.741 3.661 3.842 3.342
0.0055 -0.44261 7.78001 1.2446351051 2.5127855629    1.244  0.492  3.8504  4.394    0  0.000  0.538     0.00     0.00     0.00     0.00     0.00 -1 -1.44e-13      0.00 7.369e-01 2.575e-01 9.860e-04 2.692e-04 2.446e-03 -1.000 5.569e-03 3.539 3.463 3.626 3.171
0.0055 -0.44261 7.78001 1.2941472530 2.5187763088    1.294  0.568  3.8637  4.389    1  0.000  0.538     0.00     0.00     0.00     0.00     0.00 -1 -1.52e-13      0.00 7.369e-01 2.575e-01 9.859e-04 2.692e-04 2.445e-03 -1.000 5.535e-03 3.350 3.279 3.422 3.017
0.0055 -0.44261 7.78001 1.3436598778 2.5242622264    1.344  0.641  3.8788  4.393    0  0.000  0.538     0.00     0.00     0.00     0.00     0.00 -1 -1.54e-13      0.00 7.370e-01 2.575e-01 9.856e-04 2.691e-04 2.445e-03 -1.000 5.533e-03 3.168 3.105 3.227 2.879
0.0055 -0.44261 7.78001 1.3931720257 2.5293020999    1.393  0.709  3.8945  4.403    0  0.000  0.538     0.00     0.00     0.00     0.00     0.00 -1  -1.5e-13      0.00 7.370e-01 2.575e-01 9.857e-04 2.691e-04 2.444e-03 -1.000 5.568e-03 2.997 2.944 3.044 2.756
0.0055 -0.44261 7.78001 1.4426841736 2.5339462294    1.443  0.776  3.9099  4.413    0  0.000  0.538     0.00     0.00     0.00     0.00     0.00 -1 -1.43e-13      0.00 7.370e-01 2.574e-01 9.853e-04 2.691e-04 2.444e-03 -1.000 5.541e-03 2.831 2.793 2.872 2.643
0.0055 -0.44261 7.78001 1.4921965599 2.5382377471    1.492  0.839  3.9244  4.422    0  0.000  0.538     0.00     0.00     0.00     0.00     0.00 -1  -1.3e-13      0.00 7.371e-01 2.574e-01 9.852e-04 2.691e-04 2.444e-03 -1.000 5.568e-03 2.672 2.655 2.715 2.541
0.0055 -0.44261 7.78001 1.5417087078 2.5422138004    1.542  0.900  3.9380  4.431    1  0.000  0.538     0.00     0.00     0.00     0.00     0.00 -1  -1.1e-13      0.00 7.371e-01 2.573e-01 9.852e-04 2.690e-04 2.444e-03 -1.000 5.529e-03 2.521 2.533 2.577 2.450
0.0055 -0.44261 7.78001 1.5912210941 2.5459066641    1.591  0.958  3.9509  4.438    1  0.000  0.538     0.00     0.00     0.00     0.00     0.00 -1 -8.39e-14      0.00 7.372e-01 2.573e-01 9.852e-04 2.690e-04 2.443e-03 -1.000 5.554e-03 2.376 2.424 2.454 2.367
0.0055 -0.44261 7.78001 1.6407332420 2.5493443758    1.640  1.014  3.9633  4.444    1  0.000  0.538     0.00     0.00     0.00     0.00     0.00 -1 -4.95e-14      0.00 7.372e-01 2.573e-01 9.850e-04 2.690e-04 2.443e-03 -1.000 5.543e-03 2.235 2.325 2.344 2.289
0.0055 -0.44261 7.78001 1.6902457476 2.5525515288    1.689  1.067  3.9747  4.449    1  0.000  0.537     0.00     0.00     0.00     0.00     0.00 -1 -1.78e-27      0.00 7.372e-01 2.572e-01 9.847e-04 2.689e-04 2.443e-03 -1.000 5.532e-03 2.102 2.235 2.245 2.216
0.0055 -0.44261 7.78001 1.7397580147 2.5555496449    1.739  1.119  3.9857  4.454    1  0.000  0.537     0.00     0.00     0.00     0.00     0.00 -1    -1e-30      0.00 7.373e-01 2.572e-01 9.845e-04 2.689e-04 2.443e-03 -1.000 5.562e-03 1.972 2.150 2.153 2.146
0.0055 -0.44261 7.78001 1.7892701626 2.5583577403    1.788  1.169  3.9959  4.457    1  0.000  0.537     0.00     0.00     0.00     0.00     0.00 -1    -1e-30      0.00 7.372e-01 2.572e-01 9.845e-04 2.689e-04 2.443e-03 -1.000 5.571e-03 1.847 2.069 2.066 2.077
0.0055 -0.44261 7.78001 1.8387321234 2.5609900490    1.838  1.217  4.0055  4.460    1  0.000  0.537     0.00     0.00     0.00     0.00     0.00 -1    -1e-30      0.00 7.373e-01 2.572e-01 9.845e-04 2.689e-04 2.442e-03 -1.000 5.551e-03 1.729 1.994 1.985 2.012
0.0055 -0.44261 7.78001 1.8881943226 2.5634644041    1.887  1.263  4.0145  4.461    1  0.000  0.537     0.00     0.00     0.00     0.00     0.00 -1    -1e-30      0.00 7.373e-01 2.572e-01 9.844e-04 2.688e-04 2.442e-03 -1.000 5.564e-03 1.613 1.921 1.908 1.948
0.0055 -0.44261 7.78001 1.9376561642 2.5657940315    1.937  1.307  4.0231  4.462    1  0.000  0.538     0.00     0.00     0.00     0.00     0.00 -1    -1e-30      0.00 7.373e-01 2.571e-01 9.844e-04 2.689e-04 2.442e-03 -1.000 5.570e-03 1.502 1.852 1.834 1.886
0.0055 -0.44261 7.78001 1.9871184826 2.5679908116    1.987  1.350  4.0311  4.462    1  0.000  0.537     0.00     0.00     0.00     0.00     0.00 -1    -1e-30      0.00 7.374e-01 2.571e-01 9.843e-04 2.688e-04 2.442e-03 -1.000 5.560e-03 1.395 1.783 1.762 1.825
0.0055 -0.44261 7.78001 2.0365805626 2.5700653215    2.036  1.392  4.0387  4.461    1  0.000  0.537     0.00     0.00     0.00     0.00     0.00 -1    -1e-30      0.00 7.374e-01 2.571e-01 9.843e-04 2.688e-04 2.442e-03 -1.000 5.571e-03 1.289 1.716 1.692 1.764
0.0055 -0.44261 7.78001 2.0860424042 2.5720270946    2.085  1.433  4.0461  4.460    1  0.000  0.537     0.00     0.00     0.00     0.00     0.00 -1    -1e-30      0.00 7.374e-01 2.570e-01 9.843e-04 2.688e-04 2.442e-03 -1.000 5.570e-03 1.187 1.652 1.624 1.705
0.0055 -0.44261 7.78001 2.1355042458 2.5738847270    2.134  1.473  4.0530  4.458    1  0.000  0.538     0.00     0.00     0.00     0.00     0.00 -1    -1e-30      0.00 7.374e-01 2.570e-01 9.843e-04 2.688e-04 2.442e-03 -1.000 5.563e-03 1.087 1.588 1.558 1.646
0.0055 -0.44261 7.78001 2.1849665642 2.5756459881    2.184  1.512  4.0598  4.456    1  0.000  0.538     0.00     0.00     0.00     0.00     0.00 -1    -1e-30      0.00 7.374e-01 2.570e-01 9.845e-04 2.688e-04 2.441e-03 -1.000 5.563e-03 0.990 1.526 1.493 1.589
0.0055 -0.44261 7.78001 2.2344286442 2.5773178692    2.233  1.550  4.0661  4.454    1  0.000  0.538     0.00     0.00     0.00     0.00     0.00 -1    -1e-30      0.00 7.374e-01 2.570e-01 9.844e-04 2.687e-04 2.441e-03 -1.000 5.533e-03 0.896 1.465 1.430 1.532
0.0055 -0.44261 7.78001 2.2364058495 2.5773829356    2.235  1.551  4.0663  4.453    1  0.000  0.538     0.00     0.00     0.00     0.00     0.00 -1    -1e-30      0.00 7.374e-01 2.570e-01 9.844e-04 2.687e-04 2.441e-03 -1.000 5.534e-03 0.892 1.463 1.427 1.530
0.0055 -0.44261 7.78001 2.2838907242 2.5789067453    2.282  1.587  4.0722  4.451    1  0.000  0.538     0.00     0.00     0.00     0.00     0.00 -1    -1e-30      0.00 7.375e-01 2.570e-01 9.844e-04 2.688e-04 2.441e-03 -1.000 5.564e-03 0.804 1.406 1.368 1.477
0.0055 -0.44261 7.78001 2.3333525658 2.5804183969    2.332  1.623  4.0782  4.448    1  0.000  0.538     0.00     0.00     0.00     0.00     0.00 -1    -1e-30      0.00 7.374e-01 2.570e-01 9.845e-04 2.688e-04 2.442e-03 -1.000 5.571e-03 0.713 1.347 1.307 1.422
0.0055 -0.44261 7.78001 2.3828148842 2.5818581182    2.382  1.658  4.0841  4.445    1  0.000  0.537     0.00     0.00     0.00     0.00     0.00 -1    -1e-30      0.00 7.375e-01 2.570e-01 9.841e-04 2.688e-04 2.441e-03 -1.000 5.571e-03 0.624 1.290 1.248 1.368
0.0055 -0.44261 7.78001 2.4322769642 2.5832307011    2.430  1.692  4.0896  4.442    1  0.000  0.537     0.00     0.00     0.00     0.00     0.00 -1    -1e-30      0.00 7.373e-01 2.572e-01 9.848e-04 2.689e-04 2.443e-03 -1.000 5.561e-03 0.539 1.235 1.191 1.317
0.0055 -0.44261 7.78001 2.6062507629 2.5875862166    2.605  1.809  4.1083  4.430    1  0.000  0.538     0.00     0.00     0.00     0.00     0.00 -1    -1e-30      0.00 7.362e-01 2.582e-01 9.882e-04 2.698e-04 2.451e-03 -1.000 5.571e-03 0.247 1.046 0.996 1.139
0.0055 -0.44261 7.78001 2.6301250458 2.5881324392    2.629  1.825  4.1107  4.428    1  0.000  0.538     0.00     0.00     0.00     0.00     0.00 -1    -1e-30      0.00 7.361e-01 2.584e-01 9.888e-04 2.699e-04 2.452e-03 -1.000 5.571e-03 0.209 1.021 0.970 1.115
0.0055 -0.44261 7.78001 2.8279733658 2.5922539678    2.827  1.948  4.1299  4.413    1  0.000  0.538     0.00     0.00     0.00     0.00     0.00 -1    -1e-30      0.00 7.361e-01 2.584e-01 9.888e-04 2.699e-04 2.452e-03 -1.000 5.571e-03 -0.101 0.820 0.763 0.926
0.0055 -0.44261 7.78001 2.8595876694 2.5928520617    2.859  1.967  4.1328  4.410    1  0.000  0.538     0.00     0.00     0.00     0.00     0.00 -1    -1e-30      0.00 7.361e-01 2.584e-01 9.888e-04 2.699e-04 2.452e-03 -1.000 5.571e-03 -0.148 0.789 0.732 0.896
0.0055 -0.44261 7.78001 3.0258216858 2.5957619127    3.025  2.064  4.1474  4.396    1  0.000  0.538     0.00     0.00     0.00     0.00     0.00 -1    -1e-30      0.00 7.361e-01 2.584e-01 9.888e-04 2.699e-04 2.452e-03 -1.000 5.571e-03 -0.390 0.630 0.568 0.746
0.0055 -0.44261 7.78001 3.0973370075 2.5969038154    3.096  2.104  4.1533  4.390    1  0.000  0.538     0.00     0.00     0.00     0.00     0.00 -1    -1e-30      0.00 7.361e-01 2.584e-01 9.888e-04 2.699e-04 2.452e-03 -1.000 5.571e-03 -0.490 0.564 0.500 0.683
0.0055 -0.44261 7.78001 3.2236697674 2.5987793532    3.222  2.173  4.1634  4.379    1  0.000  0.538     0.00     0.00     0.00     0.00     0.00 -1    -1e-30      0.00 7.361e-01 2.584e-01 9.888e-04 2.699e-04 2.452e-03 -1.000 5.571e-03 -0.662 0.451 0.384 0.575
0.0055 -0.44261 7.78001 3.4177567959 2.6013524936    3.415  2.275  4.1780  4.361    1  0.000  0.538     0.00     0.00     0.00     0.00     0.00 -1    -1e-30      0.00 7.361e-01 2.584e-01 9.888e-04 2.699e-04 2.452e-03 -1.000 5.571e-03 -0.916 0.281 0.210 0.414
0.0055 -0.44261 7.78001 3.4215180874 2.6013990536    3.419  2.276  4.1783  4.361    1  0.000  0.538     0.00     0.00     0.00     0.00     0.00 -1    -1e-30      0.00 7.361e-01 2.584e-01 9.888e-04 2.699e-04 2.452e-03 -1.000 5.571e-03 -0.921 0.278 0.207 0.411
0.0055 -0.44261 7.78001 3.5979592800 2.6034579996    3.595  2.365  4.1906  4.343    1  0.000  0.538     0.00     0.00     0.00     0.00     0.00 -1    -1e-30      0.00 7.361e-01 2.584e-01 9.888e-04 2.699e-04 2.452e-03 -1.000 5.571e-03 -1.142 0.130 0.055 0.270
0.0055 -0.44261 7.78001 3.6193659306 2.6036921456    3.617  2.375  4.1921  4.341    1  0.000  0.538     0.00     0.00     0.00     0.00     0.00 -1    -1e-30      0.00 7.361e-01 2.584e-01 9.888e-04 2.699e-04 2.452e-03 -1.000 5.571e-03 -1.168 0.112 0.036 0.253
0.0055 -0.44261 7.78001 3.7137715816 2.6046878288    3.711  2.421  4.1982  4.332    1  0.000  0.538     0.00     0.00     0.00     0.00     0.00 -1    -1e-30      0.00 7.361e-01 2.584e-01 9.888e-04 2.699e-04 2.452e-03 -1.000 5.571e-03 -1.282 0.035 -0.043 0.179
0.0055 -0.44261 7.78001 3.8172140121 2.6057140523    3.815  2.470  4.2047  4.321    1  0.000  0.538     0.00     0.00     0.00     0.00     0.00 -1    -1e-30      0.00 7.361e-01 2.584e-01 9.888e-04 2.699e-04 2.452e-03 -1.000 5.571e-03 -1.404 -0.050 -0.129 0.098
0.0055 -0.44261 7.78001 3.8672165871 2.6061875387    3.866  2.493  4.2077  4.315    1  0.000  0.538     0.00     0.00     0.00     0.00     0.00 -1    -1e-30      0.00 7.361e-01 2.584e-01 9.888e-04 2.699e-04 2.452e-03 -1.000 5.571e-03 -1.462 -0.090 -0.171 0.059
0.0055 -0.44261 7.78001 4.0150623322 2.6075085355    4.015  2.561  4.2161  4.297    1  0.000  0.538     0.00     0.00     0.00     0.00     0.00 -1    -1e-30      0.00 7.361e-01 2.584e-01 9.888e-04 2.699e-04 2.452e-03 -1.000 5.571e-03 -1.633 -0.211 -0.294 -0.057
0.0055 -0.44261 7.78001 4.0179605484 2.6075333158    4.018  2.563  4.2163  4.297    1  0.000  0.538     0.00     0.00     0.00     0.00     0.00 -1    -1e-30      0.00 7.361e-01 2.584e-01 9.888e-04 2.699e-04 2.452e-03 -1.000 5.571e-03 -1.636 -0.213 -0.296 -0.059
0.0055 -0.44261 7.78001 4.1494708061 2.6086160060    4.148  2.622  4.2234  4.279    1  0.000  0.538     0.00     0.00     0.00     0.00     0.00 -1    -1e-30      0.00 7.361e-01 2.584e-01 9.888e-04 2.699e-04 2.452e-03 -1.000 5.571e-03 -1.785 -0.320 -0.405 -0.162
0.0055 -0.44261 7.78001 4.2129106522 2.6091105826    4.211  2.650  4.2266  4.271    1  0.000  0.538     0.00     0.00     0.00     0.00     0.00 -1    -1e-30      0.00 7.361e-01 2.584e-01 9.888e-04 2.699e-04 2.452e-03 -1.000 5.571e-03 -1.855 -0.372 -0.458 -0.212
0.0055 -0.44261 7.78001 4.3491821289 2.6101170716    4.346  2.710  4.2332  4.251    1  0.000  0.538     0.00     0.00     0.00     0.00     0.00 -1    -1e-30      0.00 7.361e-01 2.584e-01 9.888e-04 2.699e-04 2.452e-03 -1.000 5.571e-03 -2.005 -0.482 -0.570 -0.319
0.0055 -0.44261 7.78001 4.4107589722 2.6105484820    4.408  2.737  4.2360  4.242    1  0.000  0.538     0.00     0.00     0.00     0.00     0.00 -1    -1e-30      0.00 7.361e-01 2.584e-01 9.888e-04 2.699e-04 2.452e-03 -1.000 5.571e-03 -2.071 -0.533 -0.621 -0.368
0.0055 -0.44261 7.78001 4.5757946968 2.6116391630    4.573  2.807  4.2430  4.215    1  0.000  0.538     0.00     0.00     0.00     0.00     0.00 -1    -1e-30      0.00 7.361e-01 2.584e-01 9.888e-04 2.699e-04 2.452e-03 -1.000 5.571e-03 -2.247 -0.667 -0.758 -0.498
0.0055 -0.44261 7.78001 4.6086072922 2.6118453348    4.606  2.821  4.2443  4.210    1  0.000  0.538     0.00     0.00     0.00     0.00     0.00 -1    -1e-30      0.00 7.361e-01 2.584e-01 9.888e-04 2.699e-04 2.452e-03 -1.000 5.571e-03 -2.281 -0.694 -0.785 -0.524
0.0055 -0.44261 7.78001 4.6174387932 2.6119002507    4.615  2.824  4.2447  4.209    1  0.000  0.538     0.00     0.00     0.00     0.00     0.00 -1    -1e-30      0.00 7.361e-01 2.584e-01 9.888e-04 2.699e-04 2.452e-03 -1.000 5.571e-03 -2.291 -0.701 -0.793 -0.531
0.0055 -0.44261 7.78001 4.7721099854 2.6128242559    4.770  2.890  4.2501  4.179    1  0.000  0.538     0.00     0.00     0.00     0.00     0.00 -1    -1e-30      0.00 7.361e-01 2.584e-01 9.888e-04 2.699e-04 2.452e-03 -1.000 5.571e-03 -2.455 -0.834 -0.927 -0.661
0.0055 -0.44261 7.78001 4.8064551353 2.6130201765    4.804  2.904  4.2512  4.172    1  0.000  0.538     0.00     0.00     0.00     0.00     0.00 -1    -1e-30      0.00 7.361e-01 2.584e-01 9.888e-04 2.699e-04 2.452e-03 -1.000 5.571e-03 -2.491 -0.864 -0.957 -0.690
0.0055 -0.44261 7.78001 4.8315267563 2.6131611758    4.830  2.915  4.2520  4.167    1  0.000  0.538     0.00     0.00     0.00     0.00     0.00 -1    -1e-30      0.00 7.361e-01 2.584e-01 9.888e-04 2.699e-04 2.452e-03 -1.000 5.571e-03 -2.518 -0.886 -0.979 -0.711
0.0055 -0.44261 7.78001 4.9663105011 2.6138912058    4.965  2.972  4.2559  4.138    1  0.000  0.538     0.00     0.00     0.00     0.00     0.00 -1    -1e-30      0.00 7.361e-01 2.584e-01 9.888e-04 2.699e-04 2.452e-03 -1.000 5.571e-03 -2.659 -1.005 -1.100 -0.828
0.0055 -0.44261 7.78001 5.0043039322 2.6140888367    5.003  2.988  4.2568  4.129    1  0.000  0.538     0.00     0.00     0.00     0.00     0.00 -1    -1e-30      0.00 7.361e-01 2.584e-01 9.888e-04 2.699e-04 2.452e-03 -1.000 5.571e-03 -2.699 -1.040 -1.135 -0.863
0.0055 -0.44261 7.78001 5.0896549225 2.6145204602    5.089  3.023  4.2588  4.109    1  0.000  0.538     0.00     0.00     0.00     0.00     0.00 -1    -1e-30      0.00 7.361e-01 2.584e-01 9.888e-04 2.699e-04 2.452e-03 -1.000 5.571e-03 -2.788 -1.117 -1.213 -0.939
0.0055 -0.44261 7.78001 5.2021517754 2.6150645543    5.202  3.070  4.2607  4.079    1  0.000  0.538     0.00     0.00     0.00     0.00     0.00 -1    -1e-30      0.00 7.361e-01 2.584e-01 9.888e-04 2.699e-04 2.452e-03 -1.000 5.571e-03 -2.906 -1.224 -1.321 -1.045
0.0055 -0.44261 7.78001 5.2272891998 2.6151824566    5.227  3.081  4.2611  4.072    1  0.000  0.538     0.00     0.00     0.00     0.00     0.00 -1    -1e-30      0.00 7.361e-01 2.584e-01 9.888e-04 2.699e-04 2.452e-03 -1.000 5.571e-03 -2.932 -1.248 -1.345 -1.069
0.0055 -0.44261 7.78001 5.3703689575 2.6158294418    5.371  3.142  4.2622  4.027    1  0.000  0.538     0.00     0.00     0.00     0.00     0.00 -1    -1e-30      0.00 7.361e-01 2.584e-01 9.888e-04 2.699e-04 2.452e-03 -1.000 5.571e-03 -3.084 -1.395 -1.492 -1.215
0.0055 -0.44261 7.78001 5.4000000954 2.6159585105    5.401  3.154  4.2622  4.017    1  0.000  0.538     0.00     0.00     0.00     0.00     0.00 -1    -1e-30      0.00 7.361e-01 2.584e-01 9.888e-04 2.699e-04 2.452e-03 -1.000 5.571e-03 -3.116 -1.427 -1.524 -1.247
0.0055 -0.44261 7.78001 5.4637155533 2.6162306002    5.464  3.181  4.2621  3.995    1  0.000  0.538     0.00     0.00     0.00     0.00     0.00 -1    -1e-30      0.00 7.361e-01 2.584e-01 9.888e-04 2.699e-04 2.452e-03 -1.000 5.571e-03 -3.183 -1.495 -1.592 -1.315
0.0055 -0.44261 7.78001 5.5662188530 2.6166533334    5.566  3.225  4.2611  3.955    1  0.000  0.538     0.00     0.00     0.00     0.00     0.00 -1    -1e-30      0.00 7.361e-01 2.584e-01 9.888e-04 2.699e-04 2.452e-03 -1.000 5.571e-03 -3.293 -1.613 -1.709 -1.433
0.0055 -0.44261 7.78001 5.5834355354 2.6167225879    5.584  3.233  4.2609  3.948    1  0.000  0.538     0.00     0.00     0.00     0.00     0.00 -1    -1e-30      0.00 7.361e-01 2.584e-01 9.888e-04 2.699e-04 2.452e-03 -1.000 5.571e-03 -3.312 -1.632 -1.729 -1.453
0.0055 -0.44261 7.78001 5.6832275391 2.6171145178    5.683  3.277  4.2584  3.902    1  0.000  0.538     0.00     0.00     0.00     0.00     0.00 -1    -1e-30      0.00 7.361e-01 2.584e-01 9.888e-04 2.699e-04 2.452e-03 -1.000 5.571e-03 -3.421 -1.758 -1.854 -1.579
0.0055 -0.44261 7.78001 5.7324385643 2.6173020252    5.732  3.298  4.2568  3.877    1  0.000  0.538     0.00     0.00     0.00     0.00     0.00 -1    -1e-30      0.00 7.361e-01 2.584e-01 9.888e-04 2.699e-04 2.452e-03 -1.000 5.571e-03 -3.476 -1.822 -1.918 -1.645
0.0055 -0.44261 7.78001 5.8335313797 2.6176758278    5.833  3.343  4.2525  3.823    1  0.000  0.538     0.00     0.00     0.00     0.00     0.00 -1    -1e-30      0.00 7.361e-01 2.584e-01 9.888e-04 2.699e-04 2.452e-03 -1.000 5.571e-03 -3.588 -1.961 -2.056 -1.786
0.0055 -0.44261 7.78001 5.8986577988 2.6179088520    5.898  3.374  4.2477  3.778    1  0.000  0.538     0.00     0.00     0.00     0.00     0.00 -1    -1e-30      0.00 7.361e-01 2.584e-01 9.888e-04 2.699e-04 2.452e-03 -1.000 5.571e-03 -3.664 -2.067 -2.160 -1.894
0.0055 -0.44261 7.78001 5.9189696312 2.6179803230    5.919  3.383  4.2461  3.763    1  0.000  0.538     0.00     0.00     0.00     0.00     0.00 -1    -1e-30      0.00 7.361e-01 2.584e-01 9.888e-04 2.699e-04 2.452e-03 -1.000 5.571e-03 -3.688 -2.100 -2.193 -1.928
0.0055 -0.44261 7.78001 5.9993295670 2.6182576362    5.999  3.422  4.2389  3.702    1  0.000  0.538     0.00     0.00     0.00     0.00     0.00 -1    -1e-30      0.00 7.361e-01 2.584e-01 9.888e-04 2.699e-04 2.452e-03 -1.000 5.571e-03 -3.784 -2.239 -2.330 -2.072
0.0055 -0.44261 7.78001 6.0648765564 2.6184775844    6.064  3.454  4.2319  3.646    1  0.000  0.538     0.00     0.00     0.00     0.00     0.00 -1    -1e-30      0.00 7.361e-01 2.584e-01 9.888e-04 2.699e-04 2.452e-03 -1.000 5.571e-03 -3.866 -2.363 -2.452 -2.199
0.0055 -0.44261 7.78001 6.0819578171 2.6185340072    6.081  3.463  4.2300  3.631    1  0.000  0.538     0.00     0.00     0.00     0.00     0.00 -1    -1e-30      0.00 7.361e-01 2.584e-01 9.888e-04 2.699e-04 2.452e-03 -1.000 5.571e-03 -3.887 -2.395 -2.484 -2.233
0.0055 -0.44261 7.78001 6.1459860802 2.6187422993    6.145  3.498  4.2242  3.577    1  0.000  0.538     0.00     0.00     0.00     0.00     0.00 -1    -1e-30      0.00 7.361e-01 2.584e-01 9.888e-04 2.699e-04 2.452e-03 -1.000 5.571e-03 -3.976 -2.519 -2.606 -2.360
0.0055 -0.44261 7.78001 6.1601033211 2.6187875550    6.159  3.506  4.2233  3.566    1  0.000  0.538     0.00     0.00     0.00     0.00     0.00 -1    -1e-30      0.00 7.361e-01 2.584e-01 9.888e-04 2.699e-04 2.452e-03 -1.000 5.571e-03 -3.996 -2.544 -2.631 -2.386
0.0055 -0.44261 7.78001 6.1926274300 2.6188909151    6.191  3.533  4.2345  3.587    1  0.000  0.538     0.00     0.00     0.00     0.00     0.00 -1    -1e-30      0.00 7.361e-01 2.584e-01 9.888e-04 2.699e-04 2.452e-03 -1.000 5.571e-03 -4.063 -2.546 -2.636 -2.381
0.0055 -0.44261 7.78001 6.1993989944 2.6189122780    6.198  3.546  4.2459  3.620    1  0.000  0.538     0.00     0.00     0.00     0.00     0.00 -1    -1e-30      0.00 7.361e-01 2.584e-01 9.888e-04 2.699e-04 2.452e-03 -1.000 5.571e-03 -4.095 -2.511 -2.604 -2.340
0.0055 -0.44261 7.78001 6.2021050453 2.6189208001    6.201  3.558  4.2566  3.651    1  0.000  0.538     0.00     0.00     0.00     0.00     0.00 -1    -1e-30      0.00 7.361e-01 2.584e-01 9.888e-04 2.699e-04 2.452e-03 -1.000 5.571e-03 -4.126 -2.480 -2.576 -2.302
0.0055 -0.44261 7.78001 6.2034859657 2.6189251456    6.202  3.574  4.2672  3.677    1  0.000  0.538     0.00     0.00     0.00     0.00     0.00 -1    -1e-30      0.00 7.361e-01 2.584e-01 9.888e-04 2.699e-04 2.452e-03 -1.000 5.571e-03 -4.165 -2.457 -2.556 -2.274
0.0055 -0.44261 7.78001 6.2043066025 2.6189277270    6.203  3.592  4.2768  3.698    1  0.000  0.538     0.00     0.00     0.00     0.00     0.00 -1    -1e-30      0.00 7.361e-01 2.584e-01 9.888e-04 2.699e-04 2.452e-03 -1.000 5.571e-03 -4.209 -2.446 -2.547 -2.257
0.0055 -0.44261 7.78001 6.2044558525 2.6189281964    6.203  3.593  4.2778  3.701    1  0.000  0.538     0.00     0.00     0.00     0.00     0.00 -1    -1e-30      0.00 7.361e-01 2.584e-01 9.888e-04 2.699e-04 2.452e-03 -1.000 5.571e-03 -4.212 -2.442 -2.545 -2.253
0.0055 -0.44261 7.78001 6.2045016289 2.6189283404    6.203  3.590  4.2769  3.700    1  0.000  0.538     0.00     0.00     0.00     0.00     0.00 -1    -1e-30      0.00 7.361e-01 2.584e-01 9.888e-04 2.699e-04 2.452e-03 -1.000 5.571e-03 -4.205 -2.440 -2.542 -2.251
0.0055 -0.44261 7.78001 6.2049026489 2.6189296014    6.204  3.563  4.2666  3.686    2  0.000  0.538     0.00     0.00     0.00     0.00     0.00 -1    -1e-30      0.00 7.361e-01 2.584e-01 9.888e-04 2.699e-04 2.452e-03 -1.000 5.571e-03 -4.136 -2.432 -2.531 -2.249
0.0055 -0.44261 7.78001 6.2051372528 2.6189303391    6.204  3.550  4.2572  3.662    2  0.000  0.538     0.00     0.00     0.00     0.00     0.00 -1    -1e-30      0.00 7.361e-01 2.584e-01 9.888e-04 2.699e-04 2.452e-03 -1.000 5.571e-03 -4.104 -2.454 -2.551 -2.276
0.0055 -0.44261 7.78001 6.2054095268 2.6189311951    6.204  3.547  4.2451  3.616    2  0.000  0.538     0.00     0.00     0.00     0.00     0.00 -1    -1e-30      0.00 7.361e-01 2.584e-01 9.888e-04 2.699e-04 2.452e-03 -1.000 5.571e-03 -4.096 -2.518 -2.611 -2.347
0.0055 -0.44261 7.78001 6.2056822777 2.6189320526    6.204  3.554  4.2331  3.561    2  0.000  0.538     0.00     0.00     0.00     0.00     0.00 -1    -1e-30      0.00 7.361e-01 2.584e-01 9.888e-04 2.699e-04 2.452e-03 -1.000 5.571e-03 -4.116 -2.608 -2.697 -2.443
0.0055 -0.44261 7.78001 6.2059659958 2.6189329444    6.205  3.567  4.2210  3.500    2  0.000  0.538     0.00     0.00     0.00     0.00     0.00 -1    -1e-30      0.00 7.361e-01 2.584e-01 9.888e-04 2.699e-04 2.452e-03 -1.000 5.571e-03 -4.147 -2.710 -2.797 -2.553
0.0055 -0.44261 7.78001 6.2062578201 2.6189338616    6.205  3.579  4.2089  3.439    2  0.000  0.538     0.00     0.00     0.00     0.00     0.00 -1    -1e-30      0.00 7.361e-01 2.584e-01 9.888e-04 2.699e-04 2.452e-03 -1.000 5.571e-03 -4.178 -2.813 -2.896 -2.663
0.0055 -0.44261 7.78001 6.2065520287 2.6189347862    6.205  3.589  4.1968  3.381    2  0.000  0.538     0.00     0.00     0.00     0.00     0.00 -1    -1e-30      0.00 7.361e-01 2.584e-01 9.888e-04 2.699e-04 2.452e-03 -1.000 5.571e-03 -4.204 -2.910 -2.989 -2.767
0.0055 -0.44261 7.78001 6.2068457603 2.6189357092    6.206  3.597  4.1848  3.325    2  0.000  0.538     0.00     0.00     0.00     0.00     0.00 -1    -1e-30      0.00 7.361e-01 2.584e-01 9.888e-04 2.699e-04 2.452e-03 -1.000 5.571e-03 -4.223 -3.000 -3.076 -2.864
0.0055 -0.44261 7.78001 6.2071371078 2.6189366246    6.206  3.603  4.1726  3.270    2  0.000  0.538     0.00     0.00     0.00     0.00     0.00 -1    -1e-30      0.00 7.361e-01 2.584e-01 9.888e-04 2.699e-04 2.452e-03 -1.000 5.571e-03 -4.238 -3.086 -3.158 -2.957
0.0055 -0.44261 7.78001 6.2074222565 2.6189375204    6.206  3.608  4.1605  3.217    2  0.000  0.538     0.00     0.00     0.00     0.00     0.00 -1    -1e-30      0.00 7.361e-01 2.584e-01 9.888e-04 2.699e-04 2.452e-03 -1.000 5.571e-03 -4.249 -3.167 -3.236 -3.046
0.0055 -0.44261 7.78001 6.2077007294 2.6189383952    6.206  3.611  4.1484  3.165    2  0.000  0.538     0.00     0.00     0.00     0.00     0.00 -1    -1e-30      0.00 7.361e-01 2.584e-01 9.888e-04 2.699e-04 2.452e-03 -1.000 5.571e-03 -4.258 -3.246 -3.310 -3.132
0.0055 -0.44261 7.78001 6.2079701424 2.6189392414    6.207  3.614  4.1363  3.114    2  0.000  0.538     0.00     0.00     0.00     0.00     0.00 -1    -1e-30      0.00 7.361e-01 2.584e-01 9.888e-04 2.699e-04 2.452e-03 -1.000 5.571e-03 -4.264 -3.321 -3.382 -3.215
0.0055 -0.44261 7.78001 6.2082300186 2.6189400576    6.207  3.615  4.1241  3.064    2  0.000  0.538     0.00     0.00     0.00     0.00     0.00 -1    -1e-30      0.00 7.361e-01 2.584e-01 9.888e-04 2.699e-04 2.452e-03 -1.000 5.571e-03 -4.268 -3.394 -3.451 -3.296
0.0055 -0.44261 7.78001 6.2084794044 2.6189408408    6.207  3.616  4.1120  3.015    2  0.000  0.538     0.00     0.00     0.00     0.00     0.00 -1    -1e-30      0.00 7.361e-01 2.584e-01 9.888e-04 2.699e-04 2.452e-03 -1.000 5.571e-03 -4.270 -3.465 -3.519 -3.374
0.0055 -0.44261 7.78001 6.2087178230 2.6189415894    6.208  3.616  4.0998  2.966    2  0.000  0.538     0.00     0.00     0.00     0.00     0.00 -1    -1e-30      0.00 7.361e-01 2.584e-01 9.888e-04 2.699e-04 2.452e-03 -1.000 5.571e-03 -4.271 -3.533 -3.583 -3.450
0.0055 -0.44261 7.78001 6.2089452744 2.6189423036    6.208  3.616  4.0877  2.918    2  0.000  0.538     0.00     0.00     0.00     0.00     0.00 -1    -1e-30      0.00 7.361e-01 2.584e-01 9.888e-04 2.699e-04 2.452e-03 -1.000 5.571e-03 -4.270 -3.599 -3.644 -3.524
0.0055 -0.44261 7.78001 6.2091608047 2.6189429803    6.208  3.615  4.0755  2.870    2  0.000  0.538     0.00     0.00     0.00     0.00     0.00 -1    -1e-30      0.00 7.361e-01 2.584e-01 9.888e-04 2.699e-04 2.452e-03 -1.000 5.571e-03 -4.268 -3.662 -3.703 -3.595
0.0055 -0.44261 7.78001 6.2093658447 2.6189436240    6.208  3.614  4.0633  2.822    2  0.000  0.538     0.00     0.00     0.00     0.00     0.00 -1    -1e-30      0.00 7.361e-01 2.584e-01 9.888e-04 2.699e-04 2.452e-03 -1.000 5.571e-03 -4.265 -3.723 -3.760 -3.664
0.0055 -0.44261 7.78001 6.2095599174 2.6189442332    6.208  3.613  4.0512  2.775    2  0.000  0.538     0.00     0.00     0.00     0.00     0.00 -1    -1e-30      0.00 7.361e-01 2.584e-01 9.888e-04 2.699e-04 2.452e-03 -1.000 5.571e-03 -4.261 -3.782 -3.815 -3.731
0.0055 -0.44261 7.78001 6.2097439766 2.6189448109    6.209  3.611  4.0390  2.728    2  0.000  0.538     0.00     0.00     0.00     0.00     0.00 -1    -1e-30      0.00 7.361e-01 2.584e-01 9.888e-04 2.699e-04 2.452e-03 -1.000 5.571e-03 -4.256 -3.839 -3.867 -3.795
0.0055 -0.44261 7.78001 6.2099175453 2.6189453557    6.209  3.608  4.0268  2.682    2  0.000  0.538     0.00     0.00     0.00     0.00     0.00 -1    -1e-30      0.00 7.361e-01 2.584e-01 9.888e-04 2.699e-04 2.452e-03 -1.000 5.571e-03 -4.251 -3.893 -3.917 -3.857
0.0055 -0.44261 7.78001 6.2100811005 2.6189458690    6.209  3.606  4.0147  2.636    2  0.000  0.538     0.00     0.00     0.00     0.00     0.00 -1    -1e-30      0.00 7.361e-01 2.584e-01 9.888e-04 2.699e-04 2.452e-03 -1.000 5.571e-03 -4.244 -3.944 -3.964 -3.917
0.0055 -0.44261 7.78001 6.2102360725 2.6189463554    6.209  3.603  4.0026  2.591    2  0.000  0.538     0.00     0.00     0.00     0.00     0.00 -1    -1e-30      0.00 7.361e-01 2.584e-01 9.888e-04 2.699e-04 2.452e-03 -1.000 5.571e-03 -4.237 -3.994 -4.009 -3.975
0.0055 -0.44261 7.78001 6.2103819847 2.6189468132    6.209  3.600  3.9905  2.546    2  0.000  0.538     0.00     0.00     0.00     0.00     0.00 -1    -1e-30      0.00 7.361e-01 2.584e-01 9.888e-04 2.699e-04 2.452e-03 -1.000 5.571e-03 -4.229 -4.041 -4.052 -4.031
0.0055 -0.44261 7.78001 6.2105197906 2.6189472457    6.209  3.596  3.9785  2.501    2  0.000  0.538     0.00     0.00     0.00     0.00     0.00 -1    -1e-30      0.00 7.361e-01 2.584e-01 9.888e-04 2.699e-04 2.452e-03 -1.000 5.571e-03 -4.220 -4.086 -4.092 -4.084
0.0055 -0.44261 7.78001 6.2106499672 2.6189476541    6.209  3.593  3.9664  2.456    2  0.000  0.538     0.00     0.00     0.00     0.00     0.00 -1    -1e-30      0.00 7.361e-01 2.584e-01 9.888e-04 2.699e-04 2.452e-03 -1.000 5.571e-03 -4.211 -4.126 -4.127 -4.135
0.0055 -0.44261 7.78001 6.2107734680 2.6189480416    6.210  3.589  3.9544  2.412    2  0.000  0.538     0.00     0.00     0.00     0.00     0.00 -1    -1e-30      0.00 7.361e-01 2.584e-01 9.888e-04 2.699e-04 2.452e-03 -1.000 5.571e-03 -4.202 -4.164 -4.159 -4.184
0.0055 -0.44261 7.78001 6.2108898163 2.6189484067    6.210  3.585  3.9424  2.368    2  0.000  0.538     0.00     0.00     0.00     0.00     0.00 -1    -1e-30      0.00 7.361e-01 2.584e-01 9.888e-04 2.699e-04 2.452e-03 -1.000 5.571e-03 -4.192 -4.198 -4.186 -4.231
0.0055 -0.44261 7.78001 6.2110004425 2.6189487538    6.210  3.581  3.9304  2.324    2  0.000  0.538     0.00     0.00     0.00     0.00     0.00 -1    -1e-30      0.00 7.361e-01 2.584e-01 9.888e-04 2.699e-04 2.452e-03 -1.000 5.571e-03 -4.181 -4.228 -4.208 -4.276
0.0055 -0.44261 7.78001 6.2111053467 2.6189490829    6.210  3.576  3.9184  2.281    2  0.000  0.538     0.00     0.00     0.00     0.00     0.00 -1    -1e-30      0.00 7.361e-01 2.584e-01 9.888e-04 2.699e-04 2.452e-03 -1.000 5.571e-03 -4.170 -4.250 -4.220 -4.317
0.0055 -0.44261 7.78001 6.2112050056 2.6189493955    6.210  3.572  3.9063  2.237    2  0.000  0.538     0.00     0.00     0.00     0.00     0.00 -1    -1e-30      0.00 7.361e-01 2.584e-01 9.888e-04 2.699e-04 2.452e-03 -1.000 5.571e-03 -4.159 -4.266 -4.224 -4.354
0.0055 -0.44261 7.78001 6.2112989426 2.6189496902    6.210  3.567  3.8943  2.193    2  0.000  0.538     0.00     0.00     0.00     0.00     0.00 -1    -1e-30      0.00 7.361e-01 2.584e-01 9.888e-04 2.699e-04 2.452e-03 -1.000 5.571e-03 -4.148 -4.276 -4.221 -4.389
0.0055 -0.44261 7.78001 6.2113876343 2.6189499684    6.210  3.562  3.8822  2.149    2  0.000  0.538     0.00     0.00     0.00     0.00     0.00 -1    -1e-30      0.00 7.361e-01 2.584e-01 9.888e-04 2.699e-04 2.452e-03 -1.000 5.571e-03 -4.136 -4.278 -4.208 -4.420
0.0055 -0.44261 7.78001 6.2114720345 2.6189502332    6.210  3.558  3.8701  2.106    2  0.000  0.538     0.00     0.00     0.00     0.00     0.00 -1    -1e-30      0.00 7.361e-01 2.584e-01 9.888e-04 2.699e-04 2.452e-03 -1.000 5.571e-03 -4.124 -4.277 -4.188 -4.448
0.0055 -0.44261 7.78001 6.2115516663 2.6189504830    6.210  3.553  3.8580  2.063    2  0.000  0.538     0.00     0.00     0.00     0.00     0.00 -1    -1e-30      0.00 7.361e-01 2.584e-01 9.888e-04 2.699e-04 2.452e-03 -1.000 5.571e-03 -4.111 -4.271 -4.163 -4.475
0.0055 -0.44261 7.78001 6.2116265297 2.6189507178    6.210  3.548  3.8460  2.020    2  0.000  0.538     0.00     0.00     0.00     0.00     0.00 -1    -1e-30      0.00 7.361e-01 2.584e-01 9.888e-04 2.699e-04 2.452e-03 -1.000 5.571e-03 -4.099 -4.262 -4.132 -4.501
0.0055 -0.44261 7.78001 6.2116975784 2.6189509406    6.211  3.542  3.8340  1.977    2  0.000  0.538     0.00     0.00     0.00     0.00     0.00 -1    -1e-30      0.00 7.361e-01 2.584e-01 9.888e-04 2.699e-04 2.452e-03 -1.000 5.571e-03 -4.086 -4.250 -4.097 -4.524
0.0055 -0.44261 7.78001 6.2117648125 2.6189511515    6.211  3.537  3.8220  1.934    2  0.000  0.538     0.00     0.00     0.00     0.00     0.00 -1    -1e-30      0.00 7.361e-01 2.584e-01 9.888e-04 2.699e-04 2.452e-03 -1.000 5.571e-03 -4.073 -4.235 -4.059 -4.543
0.0055 -0.44261 7.78001 6.2118282318 2.6189513504    6.211  3.532  3.8101  1.892    2  0.000  0.538     0.00     0.00     0.00     0.00     0.00 -1    -1e-30      0.00 7.361e-01 2.584e-01 9.888e-04 2.699e-04 2.452e-03 -1.000 5.571e-03 -4.060 -4.218 -4.019 -4.559
0.0055 -0.44261 7.78001 6.2118883133 2.6189515388    6.211  3.526  3.7983  1.850    2  0.000  0.538     0.00     0.00     0.00     0.00     0.00 -1    -1e-30      0.00 7.361e-01 2.584e-01 9.888e-04 2.699e-04 2.452e-03 -1.000 5.571e-03 -4.046 -4.197 -3.974 -4.572
0.0055 -0.44261 7.78001 6.2119455338 2.6189517183    6.211  3.521  3.7864  1.808    2  0.000  0.538     0.00     0.00     0.00     0.00     0.00 -1    -1e-30      0.00 7.361e-01 2.584e-01 9.888e-04 2.699e-04 2.452e-03 -1.000 5.571e-03 -4.032 -4.175 -3.926 -4.582
0.0055 -0.44261 7.78001 6.2120127678 2.6189519292    6.211  3.513  3.7717  1.757    2  0.000  0.538     0.00     0.00     0.00     0.00     0.00 -1    -1e-30      0.00 7.361e-01 2.584e-01 9.888e-04 2.699e-04 2.452e-03 -1.000 5.571e-03 -4.013 -4.144 -3.860 -4.592
0.0055 -0.44261 7.78001 6.2120642662 2.6189520907    6.211  3.507  3.7601  1.716    2  0.000  0.538     0.00     0.00     0.00     0.00     0.00 -1    -1e-30      0.00 7.361e-01 2.584e-01 9.888e-04 2.699e-04 2.452e-03 -1.000 5.571e-03 -3.998 -4.116 -3.806 -4.595
0.0055 -0.44261 7.78001 6.2121129036 2.6189522432    6.211  3.501  3.7487  1.677    2  0.000  0.538     0.00     0.00     0.00     0.00     0.00 -1    -1e-30      0.00 7.361e-01 2.584e-01 9.888e-04 2.699e-04 2.452e-03 -1.000 5.571e-03 -3.982 -4.085 -3.748 -4.593
0.0055 -0.44261 7.78001 6.2121601105 2.6189523912    6.211  3.494  3.7378  1.640    2  0.000  0.538     0.00     0.00     0.00     0.00     0.00 -1    -1e-30      0.00 7.361e-01 2.584e-01 9.888e-04 2.699e-04 2.452e-03 -1.000 5.571e-03 -3.965 -4.051 -3.688 -4.587
0.0055 -0.44261 7.78001 6.2122058868 2.6189525348    6.211  3.486  3.7278  1.608    2  0.000  0.538     0.00     0.00     0.00     0.00     0.00 -1    -1e-30      0.00 7.361e-01 2.584e-01 9.888e-04 2.699e-04 2.452e-03 -1.000 5.571e-03 -3.946 -4.016 -3.628 -4.576
0.0055 -0.44261 7.78001 6.2122526169 2.6189526813    6.211  3.478  3.7185  1.579    2  0.000  0.538     0.00     0.00     0.00     0.00     0.00 -1    -1e-30      0.00 7.361e-01 2.584e-01 9.888e-04 2.699e-04 2.452e-03 -1.000 5.571e-03 -3.926 -3.978 -3.568 -4.560
0.0055 -0.44261 7.78001 6.2123050690 2.6189528458    6.211  3.468  3.7095  1.553    2  0.000  0.538     0.00     0.00     0.00     0.00     0.00 -1    -1e-30      0.00 7.361e-01 2.584e-01 9.888e-04 2.699e-04 2.452e-03 -1.000 5.571e-03 -3.900 -3.933 -3.500 -4.536
0.0055 -0.44261 7.78001 6.2123670578 2.6189530402    6.211  3.455  3.7011  1.533    2  0.000  0.538     0.00     0.00     0.00     0.00     0.00 -1    -1e-30      0.00 7.361e-01 2.584e-01 9.888e-04 2.699e-04 2.452e-03 -1.000 5.571e-03 -3.868 -3.880 -3.426 -4.503
0.0055 -0.44261 7.78001 6.2124495506 2.6189532989    6.211  3.438  3.6928  1.517    2  0.000  0.538     0.00     0.00     0.00     0.00     0.00 -1    -1e-30      0.00 7.361e-01 2.584e-01 9.888e-04 2.699e-04 2.452e-03 -1.000 5.571e-03 -3.824 -3.815 -3.339 -4.457
0.0055 -0.44261 7.78001 6.2125439644 2.6189535949    6.211  3.418  3.6851  1.506    2  0.000  0.538     0.00     0.00     0.00     0.00     0.00 -1    -1e-30      0.00 7.361e-01 2.584e-01 9.888e-04 2.699e-04 2.452e-03 -1.000 5.571e-03 -3.775 -3.744 -3.249 -4.403
0.0055 -0.44261 7.78001 6.2126927376 2.6189540614    6.211  3.399  3.6743  1.482    2  0.000  0.538     0.00     0.00     0.00     0.00     0.00 -1    -1e-30      0.00 7.361e-01 2.584e-01 9.888e-04 2.699e-04 2.452e-03 -1.000 5.571e-03 -3.727 -3.667 -3.143 -4.349
0.0055 -0.44261 7.78001 6.2127327919 2.6189541869    6.211  3.402  3.6715  1.467    3  0.000  0.538    11.21     9.58     6.95     5.02     4.13  4    -1e-30      0.00 7.361e-01 2.584e-01 9.888e-04 2.699e-04 2.452e-03 -1.000 5.571e-03 -3.734 -3.665 -3.134 -4.354
0.0055 -0.44261 7.78001 6.2128534317 2.6189545652    6.212  3.429  3.6623  1.404    3  0.000  0.538    12.88    10.75     7.76     5.61     4.62  4    -1e-30      0.00 7.361e-01 2.584e-01 9.886e-04 2.699e-04 2.452e-03 -1.000 5.571e-03 -3.802 -3.702 -3.145 -4.411
0.0055 -0.44261 7.78001 6.2129254341 2.6189547909    6.212  3.462  3.6566  1.347    3  0.000  0.536    14.57    11.90     8.55     6.20     5.10  4    -1e-30      0.00 7.361e-01 2.584e-01 9.860e-04 2.706e-04 2.452e-03 -1.000 5.574e-03 -3.885 -3.763 -3.188 -4.485
0.0055 -0.44261 7.78001 6.2129955292 2.6189550107    6.212  3.502  3.6510  1.285    3  0.000  0.523    16.70    13.32     9.52     6.91     5.69  4    -1e-30      0.00 7.360e-01 2.584e-01 9.627e-04 2.825e-04 2.452e-03 -1.000 5.648e-03 -3.985 -3.838 -3.245 -4.574
0.0055 -0.44261 7.78001 6.2130608559 2.6189552155    6.212  3.541  3.6463  1.227    3  0.000  0.491    18.96    14.79    10.52     7.65     6.30  4    -1e-30      0.00 7.360e-01 2.585e-01 9.027e-04 3.415e-04 2.452e-03 -1.000 5.575e-03 -4.082 -3.912 -3.303 -4.660
0.0055 -0.44261 7.78001 6.2130770683 2.6189552663    6.212  3.550  3.6451  1.214    3  0.000  0.481    19.54    15.16    10.77     7.84     6.45  4    -1e-30      0.00 7.360e-01 2.585e-01 8.844e-04 3.625e-04 2.452e-03 -1.000 5.571e-03 -4.106 -3.930 -3.317 -4.681
0.0055 -0.44261 7.78001 6.2130942345 2.6189553201    6.212  3.559  3.6441  1.200    3  0.000  0.471    20.12    15.53    11.02     8.02     6.61  4    -1e-30      0.00 7.360e-01 2.585e-01 8.661e-04 3.847e-04 2.452e-03 -1.000 5.571e-03 -4.129 -3.948 -3.332 -4.702
0.0055 -0.44261 7.78001 6.2131118774 2.6189553754    6.212  3.569  3.6431  1.187    3  0.000  0.461    20.73    15.92    11.28     8.22     6.77  4    -1e-30      0.00 7.360e-01 2.585e-01 8.476e-04 4.074e-04 2.452e-03 -1.000 5.571e-03 -4.152 -3.967 -3.347 -4.723
0.0055 -0.44261 7.78001 6.2131290436 2.6189554292    6.212  3.577  3.6421  1.175    3  0.000  0.453    21.28    16.27    11.52     8.39     6.91  4    -1e-30      0.00 7.360e-01 2.585e-01 8.332e-04 4.251e-04 2.452e-03 -1.000 5.574e-03 -4.173 -3.983 -3.359 -4.741
0.0055 -0.44261 7.78001 6.2132420540 2.6189557835    6.212  3.619  3.6376  1.114    3  0.000  0.421    24.28    18.14    12.78     9.33     7.68  4    -1e-30      0.00 7.359e-01 2.585e-01 7.754e-04 4.964e-04 2.452e-03 -1.000 5.661e-03 -4.278 -4.065 -3.425 -4.836
0.0055 -0.44261 7.78001 6.2134628296 2.6189564755    6.212  3.658  3.6337  1.060    3  0.000  0.398    27.32    20.00    14.03    10.25     8.45  4    -1e-30      0.00 7.359e-01 2.586e-01 7.327e-04 5.493e-04 2.451e-03 -1.000 5.580e-03 -4.374 -4.140 -3.486 -4.921
0.0055 -0.44261 7.78001 6.2139353752 2.6189579566    6.213  3.698  3.6294  1.003    3  0.000  0.377    30.97    22.17    15.49    11.33     9.34  4    -1e-30      0.00 7.357e-01 2.586e-01 6.926e-04 6.012e-04 2.448e-03 -1.000 5.650e-03 -4.475 -4.218 -3.547 -5.010
0.0055 -0.44261 7.78001 6.2144756317 2.6189596495    6.213  3.735  3.6256  0.951    3  0.000  0.370    34.74    24.38    16.95    12.42    10.24  4    -1e-30      0.00 7.342e-01 2.602e-01 6.636e-04 6.908e-04 2.387e-03 -1.000 5.583e-03 -4.568 -4.288 -3.601 -5.092
0.0055 -0.44261 7.78001 6.2151508331 2.6189617649    6.214  3.778  3.6216  0.892    3  0.000  0.369    39.52    27.11    18.77    13.77    11.36  4    -1e-30      0.00 7.291e-01 2.653e-01 6.368e-04 8.049e-04 2.294e-03 -1.000 5.572e-03 -4.675 -4.372 -3.667 -5.187
0.0055 -0.44261 7.78001 6.2159609795 2.6189643023    6.215  3.816  3.6182  0.840    3  0.000  0.369    44.29    29.79    20.53    15.09    12.45  4    -1e-30      0.00 7.228e-01 2.715e-01 6.171e-04 8.903e-04 2.224e-03 -1.000 5.642e-03 -4.771 -4.447 -3.727 -5.272
0.0055 -0.44261 7.78001 6.2176475525 2.6189695822    6.216  3.833  3.6169  0.818    3  0.000  0.369    46.43    30.98    21.31    15.67    12.93  4    -1e-30      0.00 7.210e-01 2.734e-01 6.126e-04 9.101e-04 2.208e-03 -1.000 5.591e-03 -4.811 -4.479 -3.752 -5.308
0.0055 -0.44261 7.78001 6.2253069878 2.6189935193    6.224  3.821  3.6184  0.837    4  0.000  0.369     0.00     0.00     0.00     0.00     0.00 -1    -1e-30      0.00 7.210e-01 2.734e-01 6.126e-04 9.101e-04 2.208e-03 -1.000 5.592e-03 -4.782 -4.459 -3.739 -5.283
0.0055 -0.44261 7.78001 6.2310962677 2.6190115669    6.230  3.811  3.6196  0.852    4  0.000  0.369     0.00     0.00     0.00     0.00     0.00 -1    -1e-30      0.00 7.210e-01 2.734e-01 6.127e-04 9.101e-04 2.208e-03 -1.000 5.592e-03 -4.757 -4.441 -3.727 -5.262
0.0055 -0.44261 7.78001 6.2475643158 2.6190626946    6.246  3.784  3.6228  0.893    4  0.000  0.369     0.00     0.00     0.00     0.00     0.00 -1    -1e-30      0.00 7.210e-01 2.734e-01 6.127e-04 9.100e-04 2.208e-03 -1.000 5.593e-03 -4.691 -4.394 -3.694 -5.206
0.0055 -0.44261 7.78001 6.2684903145 2.6191272171    6.267  3.748  3.6271  0.947    4  0.000  0.369     0.00     0.00     0.00     0.00     0.00 -1    -1e-30      0.00 7.210e-01 2.734e-01 6.128e-04 9.099e-04 2.208e-03 -1.000 5.593e-03 -4.600 -4.329 -3.647 -5.129
0.0055 -0.44261 7.78001 6.2872033119 2.6191844980    6.285  3.715  3.6313  0.998    4  0.000  0.369     0.00     0.00     0.00     0.00     0.00 -1    -1e-30      0.00 7.210e-01 2.734e-01 6.128e-04 9.098e-04 2.208e-03 -1.000 5.594e-03 -4.518 -4.271 -3.606 -5.059
0.0055 -0.44261 7.78001 6.3081173897 2.6192480541    6.306  3.684  3.6360  1.050    4  0.000  0.370     0.00     0.00     0.00     0.00     0.00 -1    -1e-30      0.00 7.211e-01 2.734e-01 6.129e-04 9.097e-04 2.208e-03 -1.000 5.594e-03 -4.440 -4.219 -3.572 -4.995
0.0055 -0.44261 7.78001 6.3326964378 2.6193221311    6.330  3.664  3.6419  1.095    4  0.000  0.370     0.00     0.00     0.00     0.00     0.00 -1    -1e-30      0.00 7.211e-01 2.733e-01 6.130e-04 9.096e-04 2.208e-03 -1.000 5.595e-03 -4.391 -4.199 -3.572 -4.960
0.0055 -0.44261 7.78001 6.3459658623 2.6193618487    6.343  3.658  3.6451  1.115    4  0.000  0.370     0.00     0.00     0.00     0.00     0.00 -1    -1e-30      0.00 7.211e-01 2.733e-01 6.130e-04 9.095e-04 2.208e-03 -1.000 5.595e-03 -4.375 -4.200 -3.583 -4.953
0.0055 -0.44261 7.78001 6.3623399734 2.6194105966    6.359  3.679  3.6534  1.128    5  0.000  0.370     0.00     0.00     0.00     0.00     0.00 -1    -1e-30      0.00 7.211e-01 2.733e-01 6.131e-04 9.095e-04 2.208e-03 -1.000 5.596e-03 -4.427 -4.290 -3.699 -5.025
0.0055 -0.44261 7.78001 6.3666791916 2.6194234667    6.363  3.698  3.6594  1.134    5  0.000  0.370     0.00     0.00     0.00     0.00     0.00 -1    -1e-30      0.00 7.211e-01 2.733e-01 6.131e-04 9.094e-04 2.208e-03 -1.000 5.596e-03 -4.474 -4.365 -3.791 -5.086
0.0055 -0.44261 7.78001 6.3690910339 2.6194306115    6.366  3.714  3.6662  1.144    5  0.000  0.370     0.00     0.00     0.00     0.00     0.00 -1    -1e-30      0.00 7.211e-01 2.733e-01 6.131e-04 9.094e-04 2.208e-03 -1.000 5.596e-03 -4.516 -4.432 -3.877 -5.139
0.0055 -0.44261 7.78001 6.3706126213 2.6194351158    6.367  3.726  3.6737  1.163    5  0.000  0.370     0.00     0.00     0.00     0.00     0.00 -1    -1e-30      0.00 7.211e-01 2.733e-01 6.131e-04 9.094e-04 2.208e-03 -1.000 5.596e-03 -4.545 -4.487 -3.952 -5.176
0.0055 -0.44261 7.78001 6.3713374138 2.6194372605    6.368  3.732  3.6802  1.183    5  0.000  0.370     0.00     0.00     0.00     0.00     0.00 -1    -1e-30      0.00 7.211e-01 2.733e-01 6.131e-04 9.094e-04 2.208e-03 -1.000 5.596e-03 -4.559 -4.521 -4.005 -5.196
0.0055 -0.44261 7.78001 6.3720970154 2.6194395076    6.368  3.737  3.6879  1.209    5  0.000  0.370     0.00     0.00     0.00     0.00     0.00 -1    -1e-30      0.00 7.211e-01 2.733e-01 6.131e-04 9.094e-04 2.208e-03 -1.000 5.596e-03 -4.572 -4.555 -4.059 -5.212
0.0055 -0.44261 7.78001 6.3728232384 2.6194416554    6.369  3.741  3.6958  1.236    5  0.000  0.370     0.00     0.00     0.00     0.00     0.00 -1    -1e-30      0.00 7.211e-01 2.733e-01 6.131e-04 9.094e-04 2.208e-03 -1.000 5.596e-03 -4.584 -4.587 -4.113 -5.227
0.0055 -0.44261 7.78001 6.3735771179 2.6194438844    6.370  3.746  3.7042  1.265    5  0.000  0.370     0.00     0.00     0.00     0.00     0.00 -1    -1e-30      0.00 7.211e-01 2.733e-01 6.131e-04 9.094e-04 2.208e-03 -1.000 5.596e-03 -4.595 -4.620 -4.168 -5.240
0.0055 -0.44261 7.78001 6.3744444847 2.6194464482    6.371  3.751  3.7140  1.299    5  0.000  0.370     0.00     0.00     0.00     0.00     0.00 -1    -1e-30      0.00 7.211e-01 2.733e-01 6.131e-04 9.094e-04 2.208e-03 -1.000 5.596e-03 -4.607 -4.655 -4.229 -5.251
0.0055 -0.44261 7.78001 6.3754940033 2.6194495493    6.372  3.756  3.7273  1.348    5  0.000  0.370     0.00     0.00     0.00     0.00     0.00 -1    -1e-30      0.00 7.211e-01 2.733e-01 6.131e-04 9.094e-04 2.208e-03 -1.000 5.596e-03 -4.619 -4.694 -4.302 -5.258
0.0055 -0.44261 7.78001 6.3767452240 2.6194532449    6.373  3.760  3.7428  1.405    5  0.000  0.370     0.00     0.00     0.00     0.00     0.00 -1    -1e-30      0.00 7.211e-01 2.733e-01 6.131e-04 9.094e-04 2.208e-03 -1.000 5.596e-03 -4.630 -4.731 -4.377 -5.256
0.0055 -0.44261 7.78001 6.3781857491 2.6194574976    6.374  3.764  3.7576  1.461    5  0.000  0.370     0.00     0.00     0.00     0.00     0.00 -1    -1e-30      0.00 7.211e-01 2.733e-01 6.131e-04 9.094e-04 2.208e-03 -1.000 5.596e-03 -4.641 -4.762 -4.445 -5.248
0.0055 -0.44261 7.78001 6.3797965050 2.6194622502    6.376  3.769  3.7707  1.509    5  0.000  0.370     0.00     0.00     0.00     0.00     0.00 -1    -1e-30      0.00 7.211e-01 2.733e-01 6.131e-04 9.094e-04 2.208e-03 -1.000 5.596e-03 -4.652 -4.788 -4.501 -5.239
0.0055 -0.44261 7.78001 6.3815612793 2.6194674540    6.378  3.773  3.7838  1.557    5  0.000  0.370     0.00     0.00     0.00     0.00     0.00 -1    -1e-30      0.00 7.211e-01 2.733e-01 6.131e-04 9.094e-04 2.208e-03 -1.000 5.596e-03 -4.662 -4.810 -4.556 -5.222
0.0055 -0.44261 7.78001 6.3834829330 2.6194731167    6.380  3.777  3.7973  1.607    5  0.000  0.370     0.00     0.00     0.00     0.00     0.00 -1    -1e-30      0.00 7.211e-01 2.733e-01 6.131e-04 9.093e-04 2.208e-03 -1.000 5.596e-03 -4.673 -4.829 -4.606 -5.203
0.0055 -0.44261 7.78001 6.3855586052 2.6194792289    6.382  3.781  3.8100  1.654    5  0.000  0.370     0.00     0.00     0.00     0.00     0.00 -1    -1e-30      0.00 7.211e-01 2.733e-01 6.132e-04 9.093e-04 2.208e-03 -1.000 5.596e-03 -4.682 -4.847 -4.651 -5.184
0.0055 -0.44261 7.78001 6.3882331848 2.6194870978    6.384  3.785  3.8243  1.707    5  0.000  0.370     0.00     0.00     0.00     0.00     0.00 -1    -1e-30      0.00 7.211e-01 2.733e-01 6.132e-04 9.093e-04 2.208e-03 -1.000 5.596e-03 -4.694 -4.862 -4.695 -5.158
0.0055 -0.44261 7.78001 6.3908944130 2.6194949200    6.387  3.790  3.8363  1.751    5  0.000  0.370     0.00     0.00     0.00     0.00     0.00 -1    -1e-30      0.00 7.211e-01 2.733e-01 6.132e-04 9.093e-04 2.208e-03 -1.000 5.596e-03 -4.704 -4.874 -4.730 -5.135
0.0055 -0.44261 7.78001 6.3933677673 2.6195021833    6.389  3.793  3.8466  1.789    5  0.000  0.370     0.00     0.00     0.00     0.00     0.00 -1    -1e-30      0.00 7.211e-01 2.733e-01 6.132e-04 9.093e-04 2.208e-03 -1.000 5.596e-03 -4.714 -4.882 -4.758 -5.112
0.0055 -0.44261 7.78001 6.3967137337 2.6195119988    6.393  3.798  3.8592  1.834    5  0.000  0.370     0.00     0.00     0.00     0.00     0.00 -1    -1e-30      0.00 7.211e-01 2.733e-01 6.132e-04 9.093e-04 2.208e-03 -1.000 5.596e-03 -4.725 -4.890 -4.789 -5.084
0.0055 -0.44261 7.78001 6.4003782272 2.6195227351    6.396  3.803  3.8712  1.878    5  0.000  0.370     0.00     0.00     0.00     0.00     0.00 -1    -1e-30      0.00 7.211e-01 2.733e-01 6.132e-04 9.093e-04 2.208e-03 -1.000 5.597e-03 -4.737 -4.894 -4.812 -5.057
0.0055 -0.44261 7.78001 6.4043068886 2.6195342297    6.400  3.808  3.8825  1.918    5  0.000  0.370     0.00     0.00     0.00     0.00     0.00 -1    -1e-30      0.00 7.211e-01 2.733e-01 6.132e-04 9.092e-04 2.208e-03 -1.000 5.597e-03 -4.749 -4.896 -4.830 -5.031
0.0055 -0.44261 7.78001 6.4092431068 2.6195486493    6.405  3.813  3.8953  1.964    5  0.000  0.370     0.00     0.00     0.00     0.00     0.00 -1    -1e-30      0.00 7.211e-01 2.733e-01 6.132e-04 9.092e-04 2.208e-03 -1.000 5.597e-03 -4.763 -4.894 -4.843 -4.999
0.0055 -0.44261 7.78001 6.4149575233 2.6195653103    6.411  3.819  3.9064  2.003    5  0.000  0.370     0.00     0.00     0.00     0.00     0.00 -1    -1e-30      0.00 7.211e-01 2.733e-01 6.132e-04 9.092e-04 2.208e-03 -1.000 5.597e-03 -4.778 -4.888 -4.849 -4.972
0.0055 -0.44261 7.78001 6.4218516350 2.6195853655    6.417  3.827  3.9174  2.040    5  0.000  0.370     0.00     0.00     0.00     0.00     0.00 -1    -1e-30      0.00 7.211e-01 2.733e-01 6.133e-04 9.092e-04 2.208e-03 -1.000 5.597e-03 -4.797 -4.881 -4.852 -4.946
0.0055 -0.44261 7.78001 6.4257721901 2.6195967484    6.421  3.830  3.9253  2.069    5  0.000  0.370     0.00     0.00     0.00     0.00     0.00 -1    -1e-30      0.00 7.211e-01 2.733e-01 6.133e-04 9.091e-04 2.208e-03 -1.000 5.597e-03 -4.805 -4.867 -4.844 -4.921
0.0055 -0.44261 7.78001 6.4432182312 2.6196472081    6.438  3.845  3.9400  2.114    5  0.000  0.370     0.00     0.00     0.00     0.00     0.00 -1    -1e-30      0.00 7.212e-01 2.733e-01 6.133e-04 9.091e-04 2.208e-03 -1.000 5.598e-03 -4.843 -4.857 -4.844 -4.894
0.0055 -0.44261 7.78001 6.4463200569 2.6196561467    6.441  3.846  3.9406  2.115    5  0.000  0.370     0.00     0.00     0.00     0.00     0.00 -1    -1e-30      0.00 7.212e-01 2.732e-01 6.133e-04 9.090e-04 2.208e-03 -1.000 5.598e-03 -4.846 -4.858 -4.845 -4.894
0.0055 -0.44261 7.78001 6.4540205002 2.6196782946    6.449  3.849  3.9326  2.081    6  0.000  0.370     0.00     0.00     0.00     0.00     0.00 -1    -1e-30      0.00 7.212e-01 2.732e-01 6.134e-04 9.090e-04 2.208e-03 -1.000 5.598e-03 -4.852 -4.892 -4.874 -4.936
0.0055 -0.44261 7.78001 6.4578824043 2.6196893792    6.453  3.850  3.9255  2.052    6  0.000  0.370     0.00     0.00     0.00     0.00     0.00 -1    -1e-30      0.00 7.212e-01 2.732e-01 6.134e-04 9.090e-04 2.208e-03 -1.000 5.598e-03 -4.854 -4.916 -4.893 -4.969
0.0055 -0.44261 7.78001 6.4607591629 2.6196976264    6.456  3.850  3.9172  2.018    6  0.000  0.370     0.00     0.00     0.00     0.00     0.00 -1    -1e-30      0.00 7.212e-01 2.732e-01 6.134e-04 9.090e-04 2.208e-03 -1.000 5.598e-03 -4.855 -4.940 -4.911 -5.005
0.0055 -0.44261 7.78001 6.4637670517 2.6197062404    6.459  3.850  3.9055  1.972    6  0.000  0.370     0.00     0.00     0.00     0.00     0.00 -1    -1e-30      0.00 7.212e-01 2.732e-01 6.134e-04 9.090e-04 2.208e-03 -1.000 5.598e-03 -4.855 -4.966 -4.927 -5.052
0.0055 -0.44261 7.78001 6.4660677910 2.6197128231    6.461  3.849  3.8941  1.927    6  0.000  0.370     0.00     0.00     0.00     0.00     0.00 -1    -1e-30      0.00 7.212e-01 2.732e-01 6.134e-04 9.089e-04 2.208e-03 -1.000 5.598e-03 -4.853 -4.985 -4.934 -5.093
0.0055 -0.44261 7.78001 6.4678487778 2.6197179150    6.463  3.848  3.8827  1.883    6  0.000  0.370     0.00     0.00     0.00     0.00     0.00 -1    -1e-30      0.00 7.212e-01 2.732e-01 6.134e-04 9.089e-04 2.208e-03 -1.000 5.598e-03 -4.850 -4.997 -4.932 -5.131
0.0055 -0.44261 7.78001 6.4693636894 2.6197222437    6.464  3.847  3.8712  1.838    6  0.000  0.370     0.00     0.00     0.00     0.00     0.00 -1    -1e-30      0.00 7.212e-01 2.732e-01 6.134e-04 9.089e-04 2.208e-03 -1.000 5.598e-03 -4.847 -5.005 -4.923 -5.166
0.0055 -0.44261 7.78001 6.4706768990 2.6197259941    6.465  3.845  3.8590  1.792    6  0.000  0.370     0.00     0.00     0.00     0.00     0.00 -1    -1e-30      0.00 7.212e-01 2.732e-01 6.134e-04 9.089e-04 2.208e-03 -1.000 5.598e-03 -4.843 -5.008 -4.908 -5.202
0.0055 -0.44261 7.78001 6.4718155861 2.6197292447    6.466  3.843  3.8465  1.743    6  0.000  0.370     0.00     0.00     0.00     0.00     0.00 -1    -1e-30      0.00 7.212e-01 2.732e-01 6.134e-04 9.089e-04 2.208e-03 -1.000 5.598e-03 -4.838 -5.007 -4.884 -5.237
0.0055 -0.44261 7.78001 6.4728059769 2.6197320709    6.467  3.841  3.8335  1.694    6  0.000  0.370     0.00     0.00     0.00     0.00     0.00 -1    -1e-30      0.00 7.212e-01 2.732e-01 6.134e-04 9.089e-04 2.208e-03 -1.000 5.598e-03 -4.832 -5.003 -4.855 -5.271
0.0055 -0.44261 7.78001 6.4736676216 2.6197345288    6.468  3.838  3.8206  1.645    6  0.000  0.370     0.00     0.00     0.00     0.00     0.00 -1    -1e-30      0.00 7.212e-01 2.732e-01 6.134e-04 9.089e-04 2.208e-03 -1.000 5.598e-03 -4.825 -4.994 -4.821 -5.300
0.0055 -0.44261 7.78001 6.4744191170 2.6197366720    6.469  3.835  3.8080  1.598    6  0.000  0.370     0.00     0.00     0.00     0.00     0.00 -1    -1e-30      0.00 7.212e-01 2.732e-01 6.134e-04 9.089e-04 2.208e-03 -1.000 5.598e-03 -4.817 -4.982 -4.782 -5.324
0.0055 -0.44261 7.78001 6.4750723839 2.6197385345    6.470  3.831  3.7964  1.555    6  0.000  0.370     0.00     0.00     0.00     0.00     0.00 -1    -1e-30      0.00 7.212e-01 2.732e-01 6.134e-04 9.089e-04 2.208e-03 -1.000 5.598e-03 -4.808 -4.966 -4.741 -5.342
0.0055 -0.44261 7.78001 6.4756431580 2.6197401615    6.470  3.828  3.7850  1.513    6  0.000  0.370     0.00     0.00     0.00     0.00     0.00 -1    -1e-30      0.00 7.212e-01 2.732e-01 6.134e-04 9.089e-04 2.208e-03 -1.000 5.598e-03 -4.799 -4.949 -4.699 -5.357
0.0055 -0.44261 7.78001 6.4761433601 2.6197415871    6.471  3.824  3.7741  1.473    6  0.000  0.370     0.00     0.00     0.00     0.00     0.00 -1    -1e-30      0.00 7.212e-01 2.732e-01 6.134e-04 9.089e-04 2.208e-03 -1.000 5.598e-03 -4.790 -4.930 -4.653 -5.371
0.0055 -0.44261 7.78001 6.4765820503 2.6197428371    6.471  3.820  3.7639  1.437    6  0.000  0.370     0.00     0.00     0.00     0.00     0.00 -1    -1e-30      0.00 7.212e-01 2.732e-01 6.134e-04 9.089e-04 2.208e-03 -1.000 5.598e-03 -4.779 -4.909 -4.607 -5.378
0.0055 -0.44261 7.78001 6.4769678116 2.6197439362    6.472  3.816  3.7542  1.402    6  0.000  0.370     0.00     0.00     0.00     0.00     0.00 -1    -1e-30      0.00 7.212e-01 2.732e-01 6.134e-04 9.089e-04 2.208e-03 -1.000 5.598e-03 -4.770 -4.887 -4.562 -5.382
0.0055 -0.44261 7.78001 6.4773101807 2.6197449115    6.472  3.813  3.7450  1.368    6  0.000  0.370     0.00     0.00     0.00     0.00     0.00 -1    -1e-30      0.00 7.212e-01 2.732e-01 6.134e-04 9.089e-04 2.208e-03 -1.000 5.598e-03 -4.762 -4.867 -4.519 -5.387
0.0055 -0.44261 7.78001 6.4776206017 2.6197457957    6.472  3.811  3.7358  1.334    6  0.000  0.370     0.00     0.00     0.00     0.00     0.00 -1    -1e-30      0.00 7.212e-01 2.732e-01 6.134e-04 9.089e-04 2.208e-03 -1.000 5.598e-03 -4.756 -4.847 -4.476 -5.390
0.0055 -0.44261 7.78001 6.4779219627 2.6197466540    6.473  3.808  3.7263  1.298    6  0.000  0.370     0.00     0.00     0.00     0.00     0.00 -1    -1e-30      0.00 7.212e-01 2.732e-01 6.134e-04 9.089e-04 2.208e-03 -1.000 5.598e-03 -4.750 -4.824 -4.429 -5.391
0.0055 -0.44261 7.78001 6.4782414436 2.6197475638    6.473  3.805  3.7155  1.258    6  0.000  0.370     0.00     0.00     0.00     0.00     0.00 -1    -1e-30      0.00 7.212e-01 2.732e-01 6.134e-04 9.089e-04 2.208e-03 -1.000 5.598e-03 -4.742 -4.794 -4.371 -5.387
0.0055 -0.44261 7.78001 6.4785747528 2.6197485129    6.473  3.800  3.7036  1.215    6  0.000  0.370     0.00     0.00     0.00     0.00     0.00 -1    -1e-30      0.00 7.212e-01 2.732e-01 6.134e-04 9.089e-04 2.208e-03 -1.000 5.598e-03 -4.730 -4.754 -4.300 -5.377
0.0055 -0.44261 7.78001 6.4790158272 2.6197497686    6.474  3.791  3.6869  1.158    6  0.000  0.370     0.00     0.00     0.00     0.00     0.00 -1    -1e-30      0.00 7.212e-01 2.732e-01 6.134e-04 9.089e-04 2.208e-03 -1.000 5.598e-03 -4.707 -4.686 -4.187 -5.347
0.0055 -0.44261 7.78001 6.4794421196 2.6197509821    6.474  3.777  3.6719  1.111    6  0.000  0.370     0.00     0.00     0.00     0.00     0.00 -1    -1e-30      0.00 7.212e-01 2.732e-01 6.134e-04 9.089e-04 2.208e-03 -1.000 5.598e-03 -4.673 -4.610 -4.069 -5.304
0.0055 -0.44261 7.78001 6.4798836708 2.6197522388    6.474  3.757  3.6594  1.082    6  0.000  0.370     0.00     0.00     0.00     0.00     0.00 -1    -1e-30      0.00 7.212e-01 2.732e-01 6.134e-04 9.089e-04 2.208e-03 -1.000 5.598e-03 -4.622 -4.512 -3.936 -5.234
0.0055 -0.44261 7.78001 6.4804673195 2.6197538997    6.475  3.730  3.6472  1.059    6  0.000  0.370     0.00     0.00     0.00     0.00     0.00 -1    -1e-30      0.00 7.212e-01 2.732e-01 6.134e-04 9.089e-04 2.208e-03 -1.000 5.598e-03 -4.556 -4.391 -3.779 -5.141
0.0055 -0.44261 7.78001 6.4809756279 2.6197553459    6.475  3.747  3.6358  0.997    6  0.000  0.370     0.00     0.00     0.00     0.00     0.00 -1    -1e-30      0.00 7.212e-01 2.732e-01 6.134e-04 9.089e-04 2.208e-03 -1.000 5.598e-03 -4.598 -4.375 -3.725 -5.153
0.0055 -0.44261 7.78001 6.4809932709 2.6197553961    6.476  3.749  3.6353  0.994    6  0.000  0.370     0.00     0.00     0.00     0.00     0.00 -1    -1e-30      0.00 7.212e-01 2.732e-01 6.134e-04 9.089e-04 2.208e-03 -1.000 5.598e-03 -4.602 -4.377 -3.725 -5.155
0.0055 -0.44261 7.78001 6.4810872078 2.6197556633    6.476  3.763  3.6329  0.970    7  0.000  0.370    33.59    23.81    16.59    12.13    10.01  4    -1e-30      0.00 7.212e-01 2.732e-01 6.134e-04 9.089e-04 2.208e-03 -1.000 5.598e-03 -4.638 -4.400 -3.739 -5.185
0.0055 -0.44261 7.78001 6.4812769890 2.6197562032    6.476  3.796  3.6285  0.920    7  0.000  0.370    37.48    26.06    18.09    13.24    10.93  4    -1e-30      0.00 7.212e-01 2.732e-01 6.134e-04 9.089e-04 2.208e-03 -1.000 5.598e-03 -4.719 -4.456 -3.778 -5.253
0.0055 -0.44261 7.78001 6.4818634987 2.6197578713    6.476  3.809  3.6271  0.900    7  0.000  0.370    39.11    26.99    18.70    13.70    11.30  4    -1e-30      0.00 7.212e-01 2.732e-01 6.135e-04 9.089e-04 2.208e-03 -1.000 5.598e-03 -4.753 -4.482 -3.797 -5.283
0.0055 -0.44261 7.78001 6.4827589989 2.6197604177    6.477  3.827  3.6243  0.872    7  0.000  0.370    41.69    28.44    19.66    14.41    11.89  4    -1e-30      0.00 7.212e-01 2.732e-01 6.135e-04 9.089e-04 2.208e-03 -1.000 5.598e-03 -4.797 -4.509 -3.813 -5.318
0.0055 -0.44261 7.78001 6.4831018448 2.6197613923    6.478  3.857  3.6208  0.828    7  0.000  0.370    45.87    30.76    21.19    15.55    12.84  4    -1e-30      0.00 7.212e-01 2.732e-01 6.135e-04 9.089e-04 2.208e-03 -1.000 5.599e-03 -4.872 -4.564 -3.853 -5.382
0.0055 -0.44261 7.78001 6.4834733009 2.6197624482    6.478  3.890  3.6174  0.781    7  0.000  0.370    50.87    33.49    22.98    16.89    13.94  4    -1e-30      0.00 7.212e-01 2.732e-01 6.135e-04 9.089e-04 2.208e-03 -1.000 5.598e-03 -4.955 -4.625 -3.898 -5.454
0.0055 -0.44261 7.78001 6.4839539528 2.6197638143    6.478  3.926  3.6137  0.730    7  0.000  0.370    56.88    36.71    25.08    18.46    15.24  4    -1e-30      0.00 7.212e-01 2.732e-01 6.134e-04 9.089e-04 2.208e-03 -1.000 5.599e-03 -5.045 -4.691 -3.947 -5.531
0.0055 -0.44261 7.78001 6.4845557213 2.6197655242    6.479  3.963  3.6100  0.679    7  0.000  0.370    63.75    40.31    27.43    20.22    16.69  4    -1e-30      0.00 7.212e-01 2.732e-01 6.130e-04 9.090e-04 2.208e-03 -1.000 5.598e-03 -5.137 -4.760 -3.999 -5.611
0.0055 -0.44261 7.78001 6.4852690697 2.6197675507    6.480  4.000  3.6063  0.627    7  0.000  0.369    71.46    44.27    30.00    22.14    18.29  4    -1e-30      0.00 7.212e-01 2.732e-01 6.111e-04 9.106e-04 2.208e-03 -1.000 5.599e-03 -5.230 -4.828 -4.049 -5.690
0.0055 -0.44261 7.78001 6.4860906601 2.6197698841    6.481  4.037  3.6028  0.576    7  0.000  0.366    79.89    48.52    32.74    24.20    19.99  4    -1e-30      0.00 7.212e-01 2.732e-01 6.070e-04 9.153e-04 2.208e-03 -1.000 5.599e-03 -5.322 -4.896 -4.099 -5.769
0.0055 -0.44261 7.78001 6.4870085716 2.6197724903    6.481  4.074  3.5993  0.525    7  0.000  0.364    89.35    53.19    35.74    26.45    21.86  4    -1e-30      0.00 7.212e-01 2.732e-01 6.025e-04 9.206e-04 2.208e-03 -1.000 5.599e-03 -5.414 -4.963 -4.148 -5.847
0.0055 -0.44261 7.78001 6.4879703522 2.6197752200    6.482  4.109  3.5960  0.476    7  0.000  0.361    99.53    58.12    38.90    28.83    23.83  3    -1e-30      0.00 7.212e-01 2.732e-01 5.986e-04 9.257e-04 2.208e-03 -1.000 5.600e-03 -5.504 -5.026 -4.192 -5.922
0.0055 -0.44261 7.78001 6.4891037941 2.6197784359    6.484  4.151  3.5921  0.419    7  0.000  0.359   112.82    64.42    42.92    31.85    26.33  3    -1e-30      0.00 7.211e-01 2.733e-01 5.948e-04 9.308e-04 2.207e-03 -1.000 5.601e-03 -5.607 -5.099 -4.241 -6.008
0.0055 -0.44261 7.78001 6.4900913239 2.6197812366    6.484  4.189  3.5885  0.367    7  0.000  0.358   126.66    70.84    46.99    34.92    28.88  3    -1e-30      0.00 7.211e-01 2.733e-01 5.918e-04 9.359e-04 2.206e-03 -1.000 5.620e-03 -5.703 -5.165 -4.283 -6.087
0.0055 -0.44261 7.78001 6.4908881187 2.6197834958    6.485  4.223  3.5852  0.320    7  0.000  0.357   140.55    77.16    50.99    37.94    31.38  3    -1e-30      0.00 7.210e-01 2.734e-01 5.895e-04 9.411e-04 2.203e-03 -1.000 5.639e-03 -5.788 -5.223 -4.318 -6.157
0.0055 -0.44261 7.78001 6.4916081429 2.6197855367    6.486  4.257  3.5820  0.273    7  0.000  0.356   155.86    83.99    55.30    41.20    34.08  3    -1e-30      0.00 7.207e-01 2.737e-01 5.874e-04 9.491e-04 2.197e-03 -1.000 5.593e-03 -5.873 -5.280 -4.353 -6.226
0.0055 -0.44261 7.78001 6.4923715591 2.6197877000    6.487  4.295  3.5784  0.221    7  0.000  0.356   174.64    92.22    60.46    45.10    37.32  3    -1e-30      0.00 7.190e-01 2.754e-01 5.836e-04 9.654e-04 2.184e-03 -1.000 5.630e-03 -5.967 -5.340 -4.385 -6.301
0.0055 -0.44261 7.78001 6.4931344986 2.6197898614    6.487  4.324  3.5773  0.187    7  0.000  0.357   188.31    98.10    64.14    47.89    39.64  3    -1e-30      0.00 6.840e-01 3.104e-01 5.539e-04 1.104e-03 2.068e-03 -1.000 5.582e-03 -6.041 -5.401 -4.436 -6.368
0.0055 -0.44261 7.78001 6.4931621552 2.6197899397    6.488  4.326  3.5773  0.185    7  0.000  0.357   189.07    98.42    64.34    48.04    39.76  3    -1e-30      0.00 6.806e-01 3.138e-01 5.511e-04 1.117e-03 2.058e-03 -1.000 5.616e-03 -6.045 -5.406 -4.440 -6.373
