Zini MH logAge Mini int_IMF Mass logL logTe logg label McoreTP C_O period0 period1 period2 period3 period4 pmode Mloss tau1m X Y Xc Xn Xo Cexcess Z mbolmag Gmag G_BPmag G_RPmag
0.005 -0.48482 6.84001 0.0900000036 1.0816895926    0.090 -1.854  3.4414  3.964    0  0.000  0.545     0.00     0.00     0.00     0.00     0.00 -1 -6.18e-15      0.00 7.371e-01 2.578e-01 9.173e-04 2.474e-04 2.244e-03 -1.000 5.101e-03 9.405 10.880 13.067 9.524
0.005 -0.48482 6.84001 0.1000000015 1.1711064122    0.100 -1.795  3.4489  3.980    0  0.000  0.545     0.00     0.00     0.00     0.00     0.00 -1  -6.6e-15      0.00 7.371e-01 2.578e-01 9.173e-04 2.474e-04 2.244e-03 -1.000 5.101e-03 9.257 10.656 12.737 9.321
0.005 -0.48482 6.84001 0.1184495836 1.3090106163    0.118 -1.698  3.4604  4.003    0  0.000  0.545     0.00     0.00     0.00     0.00     0.00 -1 -7.39e-15      0.00 7.371e-01 2.578e-01 9.173e-04 2.474e-04 2.244e-03 -1.000 5.101e-03 9.014 10.297 12.211 8.997
0.005 -0.48482 6.84001 0.1207246035 1.3240723480    0.121 -1.687  3.4616  4.005    0  0.000  0.545     0.00     0.00     0.00     0.00     0.00 -1 -7.47e-15      0.00 7.371e-01 2.578e-01 9.173e-04 2.474e-04 2.244e-03 -1.000 5.101e-03 8.988 10.259 12.157 8.963
0.005 -0.48482 6.84001 0.1307912022 1.3865455202    0.131 -1.638  3.4671  4.012    0  0.000  0.545     0.00     0.00     0.00     0.00     0.00 -1 -7.94e-15      0.00 7.371e-01 2.578e-01 9.173e-04 2.474e-04 2.244e-03 -1.000 5.101e-03 8.864 10.084 11.913 8.804
0.005 -0.48482 6.84001 0.1337279975 1.4036026019    0.134 -1.624  3.4687  4.015    0  0.000  0.545     0.00     0.00     0.00     0.00     0.00 -1 -8.07e-15      0.00 7.371e-01 2.578e-01 9.173e-04 2.474e-04 2.244e-03 -1.000 5.101e-03 8.831 10.037 11.846 8.761
0.005 -0.48482 6.84001 0.1384560615 1.4300647984    0.138 -1.604  3.4708  4.018    0  0.000  0.545     0.00     0.00     0.00     0.00     0.00 -1 -8.31e-15      0.00 7.371e-01 2.578e-01 9.173e-04 2.474e-04 2.244e-03 -1.000 5.101e-03 8.780 9.966 11.749 8.697
0.005 -0.48482 6.84001 0.1400000006 1.4384526719    0.140 -1.598  3.4714  4.019    0  0.000  0.545     0.00     0.00     0.00     0.00     0.00 -1 -8.37e-15      0.00 7.371e-01 2.578e-01 9.173e-04 2.474e-04 2.244e-03 -1.000 5.101e-03 8.764 9.946 11.722 8.679
0.005 -0.48482 6.84001 0.1480923891 1.4805306589    0.148 -1.563  3.4751  4.024    0  0.000  0.545     0.00     0.00     0.00     0.00     0.00 -1 -8.78e-15      0.00 7.371e-01 2.578e-01 9.173e-04 2.474e-04 2.244e-03 -1.000 5.101e-03 8.679 9.828 11.561 8.572
0.005 -0.48482 6.84001 0.1693004221 1.5779378889    0.169 -1.483  3.4836  4.036    0  0.000  0.545     0.00     0.00     0.00     0.00     0.00 -1 -9.75e-15      0.00 7.371e-01 2.578e-01 9.173e-04 2.474e-04 2.244e-03 -1.000 5.101e-03 8.478 9.554 11.189 8.323
0.005 -0.48482 6.84001 0.1839839667 1.6365303874    0.184 -1.432  3.4892  4.043    0  0.000  0.545     0.00     0.00     0.00     0.00     0.00 -1 -1.04e-14      0.00 7.371e-01 2.578e-01 9.173e-04 2.474e-04 2.244e-03 -1.000 5.101e-03 8.349 9.379 10.953 8.166
0.005 -0.48482 6.84001 0.1999730766 1.6937877302    0.200 -1.384  3.4943  4.052    0  0.000  0.545     0.00     0.00     0.00     0.00     0.00 -1 -1.11e-14      0.00 7.371e-01 2.578e-01 9.173e-04 2.474e-04 2.244e-03 -1.000 5.101e-03 8.229 9.220 10.742 8.022
0.005 -0.48482 6.84001 0.2179235071 1.7513693373    0.218 -1.330  3.4998  4.057    0  0.000  0.545     0.00     0.00     0.00     0.00     0.00 -1 -1.19e-14      0.00 7.371e-01 2.578e-01 9.173e-04 2.474e-04 2.244e-03 -1.000 5.101e-03 8.095 9.042 10.510 7.861
0.005 -0.48482 6.84001 0.2361302227 1.8037944228    0.236 -1.280  3.5052  4.064    0  0.000  0.545     0.00     0.00     0.00     0.00     0.00 -1 -1.28e-14      0.00 7.371e-01 2.578e-01 9.173e-04 2.474e-04 2.244e-03 -1.000 5.101e-03 7.970 8.878 10.296 7.713
0.005 -0.48482 6.84001 0.2548350990 1.8524465511    0.255 -1.234  3.5103  4.071    0  0.000  0.545     0.00     0.00     0.00     0.00     0.00 -1 -1.36e-14      0.00 7.371e-01 2.578e-01 9.173e-04 2.474e-04 2.244e-03 -1.000 5.101e-03 7.854 8.726 10.098 7.577
0.005 -0.48482 6.84001 0.2883111238 1.9288942434    0.288 -1.157  3.5185  4.081    0  0.000  0.545     0.00     0.00     0.00     0.00     0.00 -1  -1.5e-14      0.00 7.371e-01 2.578e-01 9.173e-04 2.474e-04 2.244e-03 -1.000 5.101e-03 7.663 8.479 9.782 7.355
0.005 -0.48482 6.84001 0.3000000119 1.9529139769    0.300 -1.133  3.5212  4.084    0  0.000  0.545     0.00     0.00     0.00     0.00     0.00 -1 -1.55e-14      0.00 7.371e-01 2.578e-01 9.173e-04 2.474e-04 2.244e-03 -1.000 5.101e-03 7.602 8.399 9.680 7.284
0.005 -0.48482 6.84001 0.3284509778 2.0066155343    0.328 -1.079  3.5272  4.094    0  0.000  0.545     0.00     0.00     0.00     0.00     0.00 -1 -1.66e-14      0.00 7.371e-01 2.578e-01 9.173e-04 2.474e-04 2.244e-03 -1.000 5.101e-03 7.466 8.225 9.459 7.127
0.005 -0.48482 6.84001 0.3499999642 2.0434174156    0.350 -1.039  3.5315  4.099    0  0.000  0.545     0.00     0.00     0.00     0.00     0.00 -1 -1.75e-14      0.00 7.371e-01 2.578e-01 9.173e-04 2.474e-04 2.244e-03 -1.000 5.101e-03 7.368 8.099 9.300 7.014
0.005 -0.48482 6.84001 0.3807553947 2.0911264460    0.381 -0.989  3.5373  4.109    0  0.000  0.545     0.00     0.00     0.00     0.00     0.00 -1 -1.87e-14      0.00 7.371e-01 2.578e-01 9.173e-04 2.474e-04 2.244e-03 -1.000 5.101e-03 7.242 7.938 9.098 6.870
0.005 -0.48482 6.84001 0.3999999762 2.1185023988    0.400 -0.959  3.5407  4.114    0  0.000  0.545     0.00     0.00     0.00     0.00     0.00 -1 -1.94e-14      0.00 7.371e-01 2.578e-01 9.173e-04 2.474e-04 2.244e-03 -1.000 5.101e-03 7.167 7.841 8.978 6.784
0.005 -0.48482 6.84001 0.4430615902 2.1739952781    0.443 -0.897  3.5485  4.127    0  0.000  0.545     0.00     0.00     0.00     0.00     0.00 -1 -2.09e-14      0.00 7.371e-01 2.578e-01 9.173e-04 2.474e-04 2.244e-03 -1.000 5.101e-03 7.012 7.640 8.726 6.607
0.005 -0.48482 6.84001 0.4499999881 2.1822809009    0.450 -0.887  3.5497  4.129    0  0.000  0.545     0.00     0.00     0.00     0.00     0.00 -1 -2.12e-14      0.00 7.371e-01 2.578e-01 9.173e-04 2.474e-04 2.244e-03 -1.000 5.101e-03 6.988 7.609 8.687 6.579
0.005 -0.48482 6.84001 0.4858154356 2.2225562268    0.486 -0.841  3.5562  4.142    0  0.000  0.545     0.00     0.00     0.00     0.00     0.00 -1 -2.23e-14      0.00 7.371e-01 2.578e-01 9.173e-04 2.474e-04 2.244e-03 -1.000 5.101e-03 6.873 7.457 8.495 6.446
0.005 -0.48482 6.84001 0.4999999404 2.2374540715    0.500 -0.823  3.5587  4.147    0  0.000  0.545     0.00     0.00     0.00     0.00     0.00 -1 -2.28e-14      0.00 7.371e-01 2.578e-01 9.173e-04 2.474e-04 2.244e-03 -1.000 5.101e-03 6.827 7.397 8.418 6.393
0.005 -0.48482 6.84001 0.5046626329 2.2422096420    0.505 -0.817  3.5598  4.150    0  0.000  0.545     0.00     0.00     0.00     0.00     0.00 -1 -2.29e-14      0.00 7.371e-01 2.578e-01 9.173e-04 2.474e-04 2.244e-03 -1.000 5.101e-03 6.814 7.377 8.393 6.377
0.005 -0.48482 6.84001 0.5282018781 2.2647508372    0.528 -0.788  3.5643  4.158    0  0.000  0.545     0.00     0.00     0.00     0.00     0.00 -1 -2.37e-14      0.00 7.371e-01 2.578e-01 9.173e-04 2.474e-04 2.244e-03 -1.000 5.101e-03 6.741 7.279 8.269 6.293
0.005 -0.48482 6.84001 0.5500000119 2.2836582633    0.550 -0.763  3.5678  4.165    0  0.000  0.545     0.00     0.00     0.00     0.00     0.00 -1 -2.44e-14      0.00 7.371e-01 2.578e-01 9.173e-04 2.474e-04 2.244e-03 -1.000 5.101e-03 6.678 7.198 8.168 6.221
0.005 -0.48482 6.84001 0.5502542257 2.2838686236    0.550 -0.763  3.5679  4.165    0  0.000  0.545     0.00     0.00     0.00     0.00     0.00 -1 -2.45e-14      0.00 7.371e-01 2.578e-01 9.173e-04 2.474e-04 2.244e-03 -1.000 5.101e-03 6.677 7.197 8.166 6.220
0.005 -0.48482 6.84001 0.5887405276 2.3133218273    0.588 -0.716  3.5757  4.178    0  0.000  0.545     0.00     0.00     0.00     0.00     0.00 -1  -2.6e-14      0.00 7.371e-01 2.578e-01 9.173e-04 2.474e-04 2.244e-03 -1.000 5.101e-03 6.560 7.040 7.971 6.085
0.005 -0.48482 6.84001 0.5999999642 2.3211212854    0.600 -0.702  3.5777  4.181    0  0.000  0.545     0.00     0.00     0.00     0.00     0.00 -1 -2.65e-14      0.00 7.371e-01 2.578e-01 9.173e-04 2.474e-04 2.244e-03 -1.000 5.101e-03 6.524 6.995 7.916 6.046
0.005 -0.48482 6.84001 0.6188659072 2.3334611459    0.619 -0.677  3.5824  4.188    0  0.000  0.545     0.00     0.00     0.00     0.00     0.00 -1 -2.74e-14      0.00 7.371e-01 2.578e-01 9.173e-04 2.474e-04 2.244e-03 -1.000 5.101e-03 6.462 6.912 7.809 5.975
0.005 -0.48482 6.84001 0.6490433812 2.3514950633    0.649 -0.642  3.5882  4.197    0  0.000  0.545     0.00     0.00     0.00     0.00     0.00 -1 -2.86e-14      0.00 7.371e-01 2.578e-01 9.173e-04 2.474e-04 2.244e-03 -1.000 5.101e-03 6.376 6.798 7.668 5.877
0.005 -0.48482 6.84001 0.6499999166 2.3520352771    0.650 -0.641  3.5883  4.197    0  0.000  0.545     0.00     0.00     0.00     0.00     0.00 -1 -2.87e-14      0.00 7.371e-01 2.578e-01 9.173e-04 2.474e-04 2.244e-03 -1.000 5.101e-03 6.373 6.795 7.664 5.874
0.005 -0.48482 6.84001 0.6808536649 2.3685283797    0.681 -0.598  3.5963  4.207    0  0.000  0.545     0.00     0.00     0.00     0.00     0.00 -1 -3.06e-14      0.00 7.371e-01 2.578e-01 9.173e-04 2.474e-04 2.244e-03 -1.000 5.101e-03 6.266 6.654 7.488 5.754
0.005 -0.48482 6.84001 0.6999999881 2.3779266974    0.700 -0.572  3.6009  4.211    0  0.000  0.545     0.00     0.00     0.00     0.00     0.00 -1  -3.2e-14      0.00 7.371e-01 2.578e-01 9.173e-04 2.474e-04 2.244e-03 -1.000 5.101e-03 6.200 6.570 7.385 5.681
0.005 -0.48482 6.84001 0.7489780188 2.3994736557    0.749 -0.441  3.6415  4.271    0  0.000  0.538     0.00     0.00     0.00     0.00     0.00 -1  -3.9e-14      0.00 7.371e-01 2.578e-01 9.055e-04 2.471e-04 2.244e-03 -1.000 5.101e-03 5.872 6.070 6.713 5.293
0.005 -0.48482 6.84001 0.7528231144 2.4010292662    0.753 -0.437  3.6421  4.272    0  0.000  0.538     0.00     0.00     0.00     0.00     0.00 -1 -3.92e-14      0.00 7.371e-01 2.578e-01 9.055e-04 2.471e-04 2.244e-03 -1.000 5.101e-03 5.862 6.058 6.699 5.283
0.005 -0.48482 6.84001 0.7979561090 2.4180075369    0.798 -0.387  3.6483  4.272    0  0.000  0.538     0.00     0.00     0.00     0.00     0.00 -1 -4.28e-14      0.00 7.371e-01 2.578e-01 9.053e-04 2.471e-04 2.244e-03 -1.000 5.101e-03 5.737 5.904 6.518 5.149
0.005 -0.48482 6.84001 0.8107647896 2.4224317121    0.810 -0.372  3.6503  4.272    0  0.000  0.538     0.00     0.00     0.00     0.00     0.00 -1 -4.39e-14      0.00 7.371e-01 2.578e-01 9.053e-04 2.471e-04 2.244e-03 -1.000 5.101e-03 5.700 5.858 6.464 5.109
0.005 -0.48482 6.84001 0.8469341993 2.4340981614    0.846 -0.327  3.6563  4.270    0  0.000  0.538     0.00     0.00     0.00     0.00     0.00 -1 -4.77e-14      0.00 7.371e-01 2.578e-01 9.053e-04 2.471e-04 2.244e-03 -1.000 5.101e-03 5.587 5.721 6.304 4.989
0.005 -0.48482 6.84001 0.8499965072 2.4350336142    0.850 -0.323  3.6568  4.270    0  0.000  0.538     0.00     0.00     0.00     0.00     0.00 -1  -4.8e-14      0.00 7.371e-01 2.578e-01 9.053e-04 2.471e-04 2.244e-03 -1.000 5.101e-03 5.578 5.710 6.291 4.979
0.005 -0.48482 6.84001 0.8959121704 2.4481825371    0.895 -0.259  3.6662  4.265    0  0.000  0.538     0.00     0.00     0.00     0.00     0.00 -1 -5.46e-14      0.00 7.371e-01 2.578e-01 9.053e-04 2.471e-04 2.244e-03 -1.000 5.101e-03 5.417 5.513 6.061 4.808
0.005 -0.48482 6.84001 0.9448902607 2.4606011507    0.944 -0.197  3.6762  4.267    0  0.000  0.538     0.00     0.00     0.00     0.00     0.00 -1 -6.11e-14      0.00 7.371e-01 2.578e-01 9.053e-04 2.471e-04 2.244e-03 -1.000 5.101e-03 5.263 5.325 5.842 4.646
0.005 -0.48482 6.84001 0.9599251747 2.4641222009    0.959 -0.177  3.6794  4.266    0  0.000  0.538     0.00     0.00     0.00     0.00     0.00 -1 -6.34e-14      0.00 7.371e-01 2.578e-01 9.053e-04 2.471e-04 2.244e-03 -1.000 5.101e-03 5.212 5.264 5.771 4.593
0.005 -0.48482 6.84001 0.9938682914 2.4716227899    0.994 -0.127  3.6873  4.263    0  0.000  0.538     0.00     0.00     0.00     0.00     0.00 -1    -7e-14      0.00 7.371e-01 2.578e-01 9.053e-04 2.471e-04 2.244e-03 -1.000 5.101e-03 5.087 5.115 5.599 4.463
0.005 -0.48482 6.84001 1.0104467869 2.4750762913    1.010 -0.105  3.6908  4.263    0  0.000  0.538     0.00     0.00     0.00     0.00     0.00 -1 -7.14e-14      0.00 7.371e-01 2.578e-01 9.053e-04 2.471e-04 2.244e-03 -1.000 5.101e-03 5.032 5.050 5.524 4.406
0.005 -0.48482 6.84001 1.0422853231 2.4813557146    1.042 -0.054  3.6989  4.257    0  0.000  0.538     0.00     0.00     0.00     0.00     0.00 -1 -7.65e-14      0.00 7.371e-01 2.578e-01 9.053e-04 2.471e-04 2.244e-03 -1.000 5.101e-03 4.904 4.902 5.355 4.277
0.005 -0.48482 6.84001 1.0428463221 2.4814624120    1.042 -0.053  3.6990  4.257    0  0.000  0.538     0.00     0.00     0.00     0.00     0.00 -1 -7.65e-14      0.00 7.371e-01 2.578e-01 9.053e-04 2.471e-04 2.244e-03 -1.000 5.101e-03 4.902 4.899 5.352 4.275
0.005 -0.48482 6.84001 1.0804784298 2.4883298079    1.080  0.007  3.7082  4.249    0  0.000  0.538     0.00     0.00     0.00     0.00     0.00 -1 -8.16e-14      0.00 7.372e-01 2.577e-01 9.053e-04 2.471e-04 2.244e-03 -1.000 5.101e-03 4.753 4.730 5.161 4.127
0.005 -0.48482 6.84001 1.0918244123 2.4902937965    1.091  0.026  3.7111  4.246    0  0.000  0.538     0.00     0.00     0.00     0.00     0.00 -1 -8.35e-14      0.00 7.372e-01 2.577e-01 9.053e-04 2.471e-04 2.244e-03 -1.000 5.101e-03 4.706 4.677 5.100 4.081
0.005 -0.48482 6.84001 1.1254482269 2.4958475695    1.125  0.081  3.7194  4.237    0  0.000  0.538     0.00     0.00     0.00     0.00     0.00 -1  -8.9e-14      0.00 7.372e-01 2.577e-01 9.053e-04 2.471e-04 2.244e-03 -1.000 5.101e-03 4.567 4.523 4.927 3.945
0.005 -0.48482 6.84001 1.1408023834 2.4982588162    1.140  0.108  3.7234  4.232    0  0.000  0.538     0.00     0.00     0.00     0.00     0.00 -1 -9.21e-14      0.00 7.372e-01 2.577e-01 9.053e-04 2.471e-04 2.244e-03 -1.000 5.101e-03 4.500 4.450 4.845 3.880
0.005 -0.48482 6.84001 1.1579452753 2.5008642700    1.157  0.137  3.7276  4.227    0  0.000  0.538     0.00     0.00     0.00     0.00     0.00 -1 -9.52e-14      0.00 7.372e-01 2.577e-01 9.053e-04 2.471e-04 2.244e-03 -1.000 5.101e-03 4.427 4.371 4.757 3.810
0.005 -0.48482 6.84001 1.1897804737 2.5054744552    1.189  0.196  3.7358  4.213    0  0.000  0.538     0.00     0.00     0.00     0.00     0.00 -1 -1.03e-13      0.00 7.372e-01 2.577e-01 9.053e-04 2.471e-04 2.244e-03 -1.000 5.101e-03 4.281 4.214 4.583 3.671
0.005 -0.48482 6.84001 1.2187255621 2.5094266028    1.218  0.251  3.7432  4.198    0  0.000  0.538     0.00     0.00     0.00     0.00     0.00 -1  -1.1e-13      0.00 7.372e-01 2.577e-01 9.053e-04 2.471e-04 2.244e-03 -1.000 5.101e-03 4.143 4.068 4.420 3.540
0.005 -0.48482 6.84001 1.2387585640 2.5120378777    1.238  0.292  3.7485  4.185    0  0.000  0.538     0.00     0.00     0.00     0.00     0.00 -1 -1.17e-13      0.00 7.372e-01 2.577e-01 9.053e-04 2.471e-04 2.244e-03 -1.000 5.101e-03 4.041 3.962 4.303 3.445
0.005 -0.48482 6.84001 1.2392001152 2.5120943407    1.239  0.293  3.7486  4.185    0  0.000  0.538     0.00     0.00     0.00     0.00     0.00 -1 -1.17e-13      0.00 7.372e-01 2.577e-01 9.053e-04 2.471e-04 2.244e-03 -1.000 5.101e-03 4.039 3.959 4.301 3.443
0.005 -0.48482 6.84001 1.2710621357 2.5160498884    1.271  0.362  3.7570  4.160    0  0.000  0.538     0.00     0.00     0.00     0.00     0.00 -1  -1.3e-13      0.00 7.372e-01 2.577e-01 9.053e-04 2.471e-04 2.244e-03 -1.000 5.101e-03 3.864 3.779 4.103 3.281
0.005 -0.48482 6.84001 1.2877364159 2.5180304399    1.287  0.402  3.7615  4.144    0  0.000  0.538     0.00     0.00     0.00     0.00     0.00 -1 -1.38e-13      0.00 7.372e-01 2.577e-01 9.053e-04 2.471e-04 2.244e-03 -1.000 5.101e-03 3.766 3.678 3.993 3.190
0.005 -0.48482 6.84001 1.3092091084 2.5204956745    1.309  0.455  3.7672  4.121    0  0.000  0.538     0.00     0.00     0.00     0.00     0.00 -1 -1.51e-13      0.00 7.372e-01 2.577e-01 9.053e-04 2.471e-04 2.244e-03 -1.000 5.101e-03 3.632 3.542 3.846 3.067
0.005 -0.48482 6.84001 1.3367147446 2.5235208592    1.337  0.530  3.7749  4.086    0  0.000  0.538     0.00     0.00     0.00     0.00     0.00 -1 -1.72e-13      0.00 7.372e-01 2.577e-01 9.053e-04 2.471e-04 2.244e-03 -1.000 5.101e-03 3.445 3.352 3.641 2.895
0.005 -0.48482 6.84001 1.3581070900 2.5257765139    1.358  0.592  3.7811  4.056    0  0.000  0.538     0.00     0.00     0.00     0.00     0.00 -1 -1.91e-13      0.00 7.372e-01 2.577e-01 9.053e-04 2.471e-04 2.244e-03 -1.000 5.101e-03 3.291 3.197 3.473 2.753
0.005 -0.48482 6.84001 1.3813856840 2.5281400039    1.381  0.660  3.7881  4.023    0  0.000  0.538     0.00     0.00     0.00     0.00     0.00 -1 -2.15e-13      0.00 7.372e-01 2.577e-01 9.053e-04 2.471e-04 2.244e-03 -1.000 5.101e-03 3.120 3.025 3.288 2.597
0.005 -0.48482 6.84001 1.3856927156 2.5285672999    1.386  0.673  3.7894  4.017    0  0.000  0.538     0.00     0.00     0.00     0.00     0.00 -1 -2.19e-13      0.00 7.372e-01 2.577e-01 9.053e-04 2.471e-04 2.244e-03 -1.000 5.101e-03 3.088 2.993 3.254 2.569
0.005 -0.48482 6.84001 1.3933025599 2.5293148437    1.393  0.695  3.7918  4.006    0  0.000  0.538     0.00     0.00     0.00     0.00     0.00 -1 -2.27e-13      0.00 7.372e-01 2.577e-01 9.053e-04 2.471e-04 2.244e-03 -1.000 5.101e-03 3.033 2.938 3.194 2.518
0.005 -0.48482 6.84001 1.4174282551 2.5316239012    1.417  0.762  3.7999  3.979    0  0.000  0.538     0.00     0.00     0.00     0.00     0.00 -1  -2.5e-13      0.00 7.372e-01 2.577e-01 9.053e-04 2.471e-04 2.244e-03 -1.000 5.101e-03 2.864 2.768 3.009 2.368
0.005 -0.48482 6.84001 1.4346706867 2.5332195553    1.435  0.809  3.8062  3.962    0  0.000  0.538     0.00     0.00     0.00     0.00     0.00 -1 -2.65e-13      0.00 7.372e-01 2.577e-01 9.053e-04 2.471e-04 2.244e-03 -1.000 5.101e-03 2.747 2.651 2.881 2.266
0.005 -0.48482 6.84001 1.4569609165 2.5352181149    1.457  0.867  3.8154  3.948    0  0.000  0.538     0.00     0.00     0.00     0.00     0.00 -1 -2.79e-13      0.00 7.372e-01 2.577e-01 9.053e-04 2.471e-04 2.244e-03 -1.000 5.101e-03 2.602 2.507 2.720 2.143
0.005 -0.48482 6.84001 1.4778870344 2.5370314098    1.478  0.919  3.8261  3.945    0  0.000  0.538     0.00     0.00     0.00     0.00     0.00 -1 -2.87e-13      0.00 7.372e-01 2.577e-01 9.053e-04 2.471e-04 2.244e-03 -1.000 5.101e-03 2.472 2.377 2.573 2.038
0.005 -0.48482 6.84001 1.4836487770 2.5375203611    1.484  0.934  3.8293  3.945    0  0.000  0.538     0.00     0.00     0.00     0.00     0.00 -1 -2.89e-13      0.00 7.372e-01 2.577e-01 9.053e-04 2.471e-04 2.244e-03 -1.000 5.101e-03 2.436 2.342 2.532 2.010
0.005 -0.48482 6.84001 1.4849845171 2.5376330914    1.485  0.937  3.8301  3.945    0  0.000  0.538     0.00     0.00     0.00     0.00     0.00 -1 -2.89e-13      0.00 7.372e-01 2.577e-01 9.053e-04 2.471e-04 2.244e-03 -1.000 5.101e-03 2.428 2.334 2.523 2.004
0.005 -0.48482 6.84001 1.5007023811 2.5389422904    1.501  0.974  3.8413  3.958    0  0.000  0.538     0.00     0.00     0.00     0.00     0.00 -1 -2.84e-13      0.00 7.372e-01 2.577e-01 9.052e-04 2.471e-04 2.244e-03 -1.000 5.101e-03 2.336 2.244 2.415 1.940
0.005 -0.48482 6.84001 1.5134508610 2.5399812214    1.513  1.002  3.8522  3.977    0  0.000  0.538     0.00     0.00     0.00     0.00     0.00 -1 -2.76e-13      0.00 7.372e-01 2.577e-01 9.052e-04 2.471e-04 2.244e-03 -1.000 5.101e-03 2.265 2.176 2.330 1.897
0.005 -0.48482 6.84001 1.5286867619 2.5411967614    1.529  1.034  3.8667  4.008    0  0.000  0.538     0.00     0.00     0.00     0.00     0.00 -1 -2.64e-13      0.00 7.372e-01 2.577e-01 9.052e-04 2.471e-04 2.244e-03 -1.000 5.101e-03 2.186 2.102 2.236 1.859
0.005 -0.48482 6.84001 1.5326267481 2.5415065793    1.532  1.041  3.8706  4.017    0  0.000  0.538     0.00     0.00     0.00     0.00     0.00 -1  -2.6e-13      0.00 7.372e-01 2.577e-01 9.052e-04 2.471e-04 2.244e-03 -1.000 5.101e-03 2.167 2.085 2.213 1.851
0.005 -0.48482 6.84001 1.5375334024 2.5418898584    1.537  1.051  3.8755  4.028    0  0.000  0.538     0.00     0.00     0.00     0.00     0.00 -1 -2.52e-13      0.00 7.372e-01 2.577e-01 9.052e-04 2.471e-04 2.244e-03 -1.000 5.101e-03 2.143 2.064 2.184 1.841
0.005 -0.48482 6.84001 1.5521259308 2.5430132914    1.552  1.076  3.8896  4.064    0  0.000  0.538     0.00     0.00     0.00     0.00     0.00 -1  -2.3e-13      0.00 7.372e-01 2.577e-01 9.052e-04 2.471e-04 2.244e-03 -1.000 5.101e-03 2.081 2.011 2.111 1.822
0.005 -0.48482 6.84001 1.5679664612 2.5442056241    1.568  1.099  3.9042  4.103    0  0.000  0.538     0.00     0.00     0.00     0.00     0.00 -1 -2.05e-13      0.00 7.372e-01 2.577e-01 9.052e-04 2.471e-04 2.244e-03 -1.000 5.101e-03 2.023 1.968 2.048 1.816
0.005 -0.48482 6.84001 1.5722268820 2.5445215990    1.572  1.105  3.9081  4.114    0  0.000  0.538     0.00     0.00     0.00     0.00     0.00 -1 -1.99e-13      0.00 7.372e-01 2.577e-01 9.052e-04 2.471e-04 2.244e-03 -1.000 5.101e-03 2.009 1.958 2.033 1.815
0.005 -0.48482 6.84001 1.5816048384 2.5452102246    1.581  1.113  3.9153  4.137    0  0.000  0.538     0.00     0.00     0.00     0.00     0.00 -1 -1.84e-13      0.00 7.372e-01 2.577e-01 9.052e-04 2.471e-04 2.244e-03 -1.000 5.101e-03 1.988 1.948 2.014 1.823
0.005 -0.48482 6.84001 1.5916627645 2.5459384189    1.591  1.121  3.9229  4.162    0  0.000  0.538     0.00     0.00     0.00     0.00     0.00 -1 -1.61e-13      0.00 7.372e-01 2.577e-01 9.052e-04 2.471e-04 2.244e-03 -1.000 5.101e-03 1.968 1.941 1.997 1.833
0.005 -0.48482 6.84001 1.6144628525 2.5475505777    1.614  1.127  3.9360  4.214    0  0.000  0.538     0.00     0.00     0.00     0.00     0.00 -1 -1.18e-13      0.00 7.372e-01 2.577e-01 9.052e-04 2.471e-04 2.244e-03 -1.000 5.101e-03 1.951 1.954 1.996 1.874
0.005 -0.48482 6.84001 1.6305828094 2.5486591609    1.630  1.126  3.9428  4.247    0  0.000  0.538     0.00     0.00     0.00     0.00     0.00 -1 -9.35e-14      0.00 7.372e-01 2.577e-01 9.052e-04 2.471e-04 2.244e-03 -1.000 5.101e-03 1.954 1.976 2.011 1.909
0.005 -0.48482 6.84001 1.6454905272 2.5496621771    1.645  1.120  3.9472  4.275    0  0.000  0.538     0.00     0.00     0.00     0.00     0.00 -1 -7.23e-17      0.00 7.372e-01 2.577e-01 9.052e-04 2.471e-04 2.244e-03 -1.000 5.101e-03 1.971 2.006 2.037 1.946
0.005 -0.48482 6.84001 1.6795608997 2.5518778061    1.679  1.111  3.9557  4.327    0  0.000  0.538     0.00     0.00     0.00     0.00     0.00 -1 -7.43e-24      0.00 7.372e-01 2.577e-01 9.052e-04 2.471e-04 2.244e-03 -1.000 5.101e-03 1.993 2.056 2.080 2.010
0.005 -0.48482 6.84001 1.7135998011 2.5539905136    1.712  1.124  3.9655  4.362    0  0.000  0.538     0.00     0.00     0.00     0.00     0.00 -1 -1.17e-28      0.00 7.372e-01 2.577e-01 9.052e-04 2.471e-04 2.244e-03 -1.000 5.101e-03 1.961 2.058 2.075 2.027
0.005 -0.48482 6.84001 1.7285389900 2.5548875929    1.727  1.139  3.9715  4.374    0  0.000  0.538     0.00     0.00     0.00     0.00     0.00 -1    -1e-30      0.00 7.372e-01 2.577e-01 9.052e-04 2.471e-04 2.244e-03 -1.000 5.101e-03 1.921 2.042 2.054 2.020
0.005 -0.48482 6.84001 1.7494764328 2.5561152577    1.748  1.166  3.9810  4.391    0  0.000  0.538     0.00     0.00     0.00     0.00     0.00 -1    -1e-30      0.00 7.372e-01 2.577e-01 9.052e-04 2.471e-04 2.244e-03 -1.000 5.101e-03 1.856 2.014 2.020 2.005
0.005 -0.48482 6.84001 1.7775169611 2.5577074260    1.776  1.203  3.9938  4.411    0  0.000  0.538     0.00     0.00     0.00     0.00     0.00 -1    -1e-30      0.00 7.372e-01 2.577e-01 9.052e-04 2.471e-04 2.244e-03 -1.000 5.101e-03 1.762 1.975 1.973 1.981
0.005 -0.48482 6.84001 1.7875313759 2.5582621515    1.786  1.215  3.9980  4.419    0  0.000  0.538     0.00     0.00     0.00     0.00     0.00 -1    -1e-30      0.00 7.372e-01 2.577e-01 9.052e-04 2.471e-04 2.244e-03 -1.000 5.101e-03 1.733 1.965 1.960 1.975
0.005 -0.48482 6.84001 1.8271399736 2.5603878217    1.826  1.244  4.0089  4.443    0  0.000  0.538     0.00     0.00     0.00     0.00     0.00 -1    -1e-30      0.00 7.372e-01 2.577e-01 9.050e-04 2.471e-04 2.244e-03 -1.000 5.101e-03 1.659 1.941 1.931 1.963
0.005 -0.48482 6.84001 1.8767631054 2.5629058721    1.876  1.274  4.0211  4.474    0  0.000  0.537     0.00     0.00     0.00     0.00     0.00 -1    -1e-30      0.00 7.372e-01 2.577e-01 9.047e-04 2.471e-04 2.244e-03 -1.000 5.101e-03 1.585 1.926 1.910 1.959
0.005 -0.48482 6.84001 1.8789893389 2.5630152593    1.878  1.275  4.0216  4.475    0  0.000  0.537     0.00     0.00     0.00     0.00     0.00 -1    -1e-30      0.00 7.372e-01 2.577e-01 9.047e-04 2.471e-04 2.244e-03 -1.000 5.101e-03 1.582 1.926 1.909 1.959
0.005 -0.48482 6.84001 1.9004188776 2.5640531568    1.899  1.291  4.0252  4.478    0  0.000  0.537     0.00     0.00     0.00     0.00     0.00 -1    -1e-30      0.00 7.372e-01 2.577e-01 9.047e-04 2.471e-04 2.244e-03 -1.000 5.101e-03 1.542 1.904 1.885 1.940
0.005 -0.48482 6.84001 1.9263861179 2.5652753117    1.926  1.310  4.0295  4.483    0  0.000  0.537     0.00     0.00     0.00     0.00     0.00 -1    -1e-30      0.00 7.372e-01 2.577e-01 9.047e-04 2.471e-04 2.244e-03 -1.000 5.101e-03 1.496 1.879 1.858 1.918
0.005 -0.48482 6.84001 1.9760092497 2.5675084202    1.976  1.342  4.0370  4.492    0  0.000  0.537     0.00     0.00     0.00     0.00     0.00 -1    -1e-30      0.00 7.372e-01 2.577e-01 9.046e-04 2.471e-04 2.244e-03 -1.000 5.101e-03 1.415 1.836 1.812 1.882
0.005 -0.48482 6.84001 1.9850956202 2.5679034360    1.985  1.348  4.0383  4.493    0  0.000  0.537     0.00     0.00     0.00     0.00     0.00 -1    -1e-30      0.00 7.372e-01 2.577e-01 9.046e-04 2.471e-04 2.244e-03 -1.000 5.101e-03 1.400 1.828 1.803 1.874
0.005 -0.48482 6.84001 2.0256323814 2.5696161724    2.025  1.382  4.0451  4.495    0  0.000  0.537     0.00     0.00     0.00     0.00     0.00 -1    -1e-30      0.00 7.373e-01 2.576e-01 9.046e-04 2.471e-04 2.244e-03 -1.000 5.101e-03 1.316 1.778 1.751 1.830
0.005 -0.48482 6.84001 2.0752551556 2.5716084101    2.074  1.423  4.0531  4.497    0  0.000  0.537     0.00     0.00     0.00     0.00     0.00 -1    -1e-30      0.00 7.373e-01 2.576e-01 9.046e-04 2.471e-04 2.244e-03 -1.000 5.101e-03 1.214 1.717 1.687 1.775
0.005 -0.48482 6.84001 2.1248781681 2.5734940270    2.124  1.462  4.0609  4.498    0  0.000  0.537     0.00     0.00     0.00     0.00     0.00 -1    -1e-30      0.00 7.373e-01 2.576e-01 9.046e-04 2.471e-04 2.244e-03 -1.000 5.100e-03 1.114 1.659 1.625 1.722
0.005 -0.48482 6.84001 2.1745014191 2.5752810240    2.173  1.501  4.0685  4.500    0  0.000  0.538     0.00     0.00     0.00     0.00     0.00 -1    -1e-30      0.00 7.373e-01 2.576e-01 9.046e-04 2.471e-04 2.244e-03 -1.000 5.100e-03 1.017 1.602 1.566 1.670
0.005 -0.48482 6.84001 2.2241244316 2.5769766210    2.223  1.538  4.0755  4.501    0  0.000  0.538     0.00     0.00     0.00     0.00     0.00 -1    -1e-30      0.00 7.373e-01 2.576e-01 9.046e-04 2.471e-04 2.244e-03 -1.000 5.101e-03 0.925 1.547 1.509 1.620
0.005 -0.48482 6.84001 2.2737474442 2.5785873869    2.272  1.575  4.0825  4.501    0  0.000  0.538     0.00     0.00     0.00     0.00     0.00 -1    -1e-30      0.00 7.373e-01 2.576e-01 9.050e-04 2.471e-04 2.244e-03 -1.000 5.101e-03 0.832 1.493 1.452 1.570
0.005 -0.48482 6.84001 2.3233704567 2.5801192816    2.322  1.610  4.0890  4.502    0  0.000  0.538     0.00     0.00     0.00     0.00     0.00 -1    -1e-30      0.00 7.373e-01 2.576e-01 9.046e-04 2.471e-04 2.244e-03 -1.000 5.101e-03 0.745 1.440 1.397 1.522
0.005 -0.48482 6.84001 2.3729934692 2.5815777304    2.372  1.644  4.0954  4.502    0  0.000  0.538     0.00     0.00     0.00     0.00     0.00 -1    -1e-30      0.00 7.373e-01 2.576e-01 9.050e-04 2.471e-04 2.244e-03 -1.000 5.101e-03 0.659 1.389 1.344 1.474
0.005 -0.48482 6.84001 2.4226169586 2.5829676955    2.421  1.678  4.1015  4.502    0  0.000  0.538     0.00     0.00     0.00     0.00     0.00 -1    -1e-30      0.00 7.373e-01 2.576e-01 9.050e-04 2.471e-04 2.244e-03 -1.000 5.100e-03 0.575 1.340 1.292 1.428
0.005 -0.48482 6.84001 2.6211090088 2.5879275048    2.620  1.804  4.1241  4.501    0  0.000  0.538     0.00     0.00     0.00     0.00     0.00 -1    -1e-30      0.00 7.372e-01 2.577e-01 9.053e-04 2.471e-04 2.245e-03 -1.000 5.101e-03 0.259 1.150 1.096 1.252
0.005 -0.48482 6.84001 2.8196010590 2.5920929912    2.819  1.921  4.1440  4.495    1  0.000  0.538     0.00     0.00     0.00     0.00     0.00 -1    -1e-30      0.00 7.372e-01 2.577e-01 9.053e-04 2.471e-04 2.245e-03 -1.000 5.101e-03 -0.033 0.972 0.911 1.085
0.005 -0.48482 6.84001 3.0180935860 2.5956347850    3.018  2.029  4.1617  4.488    1  0.000  0.538     0.00     0.00     0.00     0.00     0.00 -1    -1e-30      0.00 7.372e-01 2.577e-01 9.053e-04 2.471e-04 2.245e-03 -1.000 5.101e-03 -0.302 0.804 0.738 0.928
0.005 -0.48482 6.84001 3.1010417938 2.5969613226    3.100  2.072  4.1693  4.487    1  0.000  0.538     0.00     0.00     0.00     0.00     0.00 -1    -1e-30      0.00 7.372e-01 2.577e-01 9.053e-04 2.471e-04 2.245e-03 -1.000 5.101e-03 -0.410 0.741 0.672 0.868
0.005 -0.48482 6.84001 3.2165856361 2.5986786580    3.215  2.130  4.1796  4.485    0  0.000  0.538     0.00     0.00     0.00     0.00     0.00 -1    -1e-30      0.00 7.372e-01 2.577e-01 9.053e-04 2.471e-04 2.245e-03 -1.000 5.101e-03 -0.555 0.655 0.584 0.788
0.005 -0.48482 6.84001 3.4150779247 2.6013192607    3.413  2.224  4.1949  4.479    0  0.000  0.538     0.00     0.00     0.00     0.00     0.00 -1    -1e-30      0.00 7.372e-01 2.577e-01 9.053e-04 2.471e-04 2.245e-03 -1.000 5.101e-03 -0.790 0.511 0.435 0.653
0.005 -0.48482 6.84001 3.6135697365 2.6036290617    3.611  2.312  4.2081  4.468    1  0.000  0.538     0.00     0.00     0.00     0.00     0.00 -1    -1e-30      0.00 7.372e-01 2.577e-01 9.053e-04 2.471e-04 2.245e-03 -1.000 5.101e-03 -1.010 0.369 0.289 0.518
0.005 -0.48482 6.84001 3.8120622635 2.6056644568    3.810  2.395  4.2206  4.459    1  0.000  0.538     0.00     0.00     0.00     0.00     0.00 -1    -1e-30      0.00 7.372e-01 2.577e-01 9.053e-04 2.471e-04 2.245e-03 -1.000 5.101e-03 -1.217 0.236 0.153 0.392
0.005 -0.48482 6.84001 4.0105543137 2.6074699090    4.011  2.474  4.2338  4.455    1  0.000  0.538     0.00     0.00     0.00     0.00     0.00 -1    -1e-30      0.00 7.372e-01 2.577e-01 9.053e-04 2.471e-04 2.245e-03 -1.000 5.101e-03 -1.414 0.117 0.030 0.281
0.005 -0.48482 6.84001 4.2090463638 2.6090809467    4.207  2.548  4.2450  4.446    1  0.000  0.538     0.00     0.00     0.00     0.00     0.00 -1    -1e-30      0.00 7.372e-01 2.577e-01 9.053e-04 2.471e-04 2.245e-03 -1.000 5.101e-03 -1.599 -0.001 -0.092 0.168
0.005 -0.48482 6.84001 4.4075388908 2.6105262652    4.405  2.618  4.2557  4.438    1  0.000  0.538     0.00     0.00     0.00     0.00     0.00 -1    -1e-30      0.00 7.372e-01 2.577e-01 9.053e-04 2.471e-04 2.245e-03 -1.000 5.101e-03 -1.776 -0.115 -0.209 0.060
0.005 -0.48482 6.84001 4.6060314178 2.6118292719    4.603  2.686  4.2659  4.431    1  0.000  0.538     0.00     0.00     0.00     0.00     0.00 -1    -1e-30      0.00 7.372e-01 2.577e-01 9.053e-04 2.471e-04 2.245e-03 -1.000 5.101e-03 -1.944 -0.223 -0.319 -0.042
0.005 -0.48482 6.84001 4.8045234680 2.6130092428    4.803  2.750  4.2761  4.425    1  0.000  0.538     0.00     0.00     0.00     0.00     0.00 -1    -1e-30      0.00 7.372e-01 2.577e-01 9.053e-04 2.471e-04 2.245e-03 -1.000 5.101e-03 -2.106 -0.325 -0.424 -0.138
0.005 -0.48482 6.84001 5.0030159950 2.6140821937    5.002  2.812  4.2850  4.417    1  0.000  0.538     0.00     0.00     0.00     0.00     0.00 -1    -1e-30      0.00 7.372e-01 2.577e-01 9.053e-04 2.471e-04 2.245e-03 -1.000 5.101e-03 -2.259 -0.427 -0.528 -0.235
0.005 -0.48482 6.84001 5.2015075684 2.6150615156    5.201  2.871  4.2939  4.411    1  0.000  0.538     0.00     0.00     0.00     0.00     0.00 -1    -1e-30      0.00 7.372e-01 2.577e-01 9.053e-04 2.471e-04 2.245e-03 -1.000 5.101e-03 -2.406 -0.522 -0.626 -0.325
0.005 -0.48482 6.84001 5.4000000954 2.6159585105    5.401  2.927  4.3024  4.405    1  0.000  0.538     0.00     0.00     0.00     0.00     0.00 -1    -1e-30      0.00 7.372e-01 2.577e-01 9.053e-04 2.471e-04 2.245e-03 -1.000 5.101e-03 -2.548 -0.614 -0.720 -0.412
0.005 -0.48482 6.84001 5.5763292313 2.6166940622    5.577  2.976  4.3097  4.400    1  0.000  0.538     0.00     0.00     0.00     0.00     0.00 -1    -1e-30      0.00 7.372e-01 2.577e-01 9.053e-04 2.471e-04 2.245e-03 -1.000 5.101e-03 -2.669 -0.692 -0.801 -0.487
0.005 -0.48482 6.84001 5.7526593208 2.6173780033    5.753  3.022  4.3167  4.394    1  0.000  0.538     0.00     0.00     0.00     0.00     0.00 -1    -1e-30      0.00 7.372e-01 2.577e-01 9.053e-04 2.471e-04 2.245e-03 -1.000 5.101e-03 -2.786 -0.769 -0.880 -0.560
0.005 -0.48482 6.84001 5.9289884567 2.6180153688    5.929  3.068  4.3235  4.389    1  0.000  0.538     0.00     0.00     0.00     0.00     0.00 -1    -1e-30      0.00 7.372e-01 2.577e-01 9.053e-04 2.471e-04 2.245e-03 -1.000 5.101e-03 -2.899 -0.844 -0.957 -0.632
0.005 -0.48482 6.84001 6.1053180695 2.6186105833    6.105  3.112  4.3300  4.384    1  0.000  0.538     0.00     0.00     0.00     0.00     0.00 -1    -1e-30      0.00 7.372e-01 2.577e-01 9.053e-04 2.471e-04 2.245e-03 -1.000 5.101e-03 -3.010 -0.917 -1.032 -0.701
0.005 -0.48482 6.84001 6.2816472054 2.6191675316    6.280  3.155  4.3363  4.379    1  0.000  0.538     0.00     0.00     0.00     0.00     0.00 -1    -1e-30      0.00 7.372e-01 2.577e-01 9.053e-04 2.471e-04 2.245e-03 -1.000 5.101e-03 -3.116 -0.988 -1.104 -0.768
0.005 -0.48482 6.84001 6.4718317986 2.6197292909    6.467  3.198  4.3428  4.373    1  0.000  0.538     0.00     0.00     0.00     0.00     0.00 -1    -1e-30      0.00 7.372e-01 2.577e-01 9.053e-04 2.471e-04 2.245e-03 -1.000 5.101e-03 -3.226 -1.062 -1.180 -0.838
0.005 -0.48482 6.84001 6.8106355667 2.6206412250    6.802  3.274  4.3538  4.364    1  0.000  0.538     0.00     0.00     0.00     0.00     0.00 -1    -1e-30      0.00 7.372e-01 2.577e-01 9.053e-04 2.471e-04 2.245e-03 -1.000 5.101e-03 -3.415 -1.189 -1.310 -0.960
0.005 -0.48482 6.84001 7.6317586899 2.6224702333    7.616  3.442  4.3781  4.342    1  0.000  0.538     0.00     0.00     0.00     0.00     0.00 -1    -1e-30      0.00 7.372e-01 2.577e-01 9.053e-04 2.471e-04 2.245e-03 -1.000 5.101e-03 -3.836 -1.476 -1.603 -1.234
0.005 -0.48482 6.84001 7.6922831535 2.6225873933    7.676  3.454  4.3798  4.340    1  0.000  0.538     0.00     0.00     0.00     0.00     0.00 -1    -1e-30      0.00 7.372e-01 2.577e-01 9.053e-04 2.471e-04 2.245e-03 -1.000 5.101e-03 -3.865 -1.496 -1.624 -1.253
0.005 -0.48482 6.84001 8.5739307404 2.6240807077    8.556  3.616  4.4025  4.316    1  0.000  0.538     0.00     0.00     0.00     0.00     0.00 -1    -1e-30      0.00 7.372e-01 2.577e-01 9.053e-04 2.471e-04 2.245e-03 -1.000 5.101e-03 -4.270 -1.784 -1.916 -1.546
0.005 -0.48482 6.84001 9.4325542450 2.6252308871    9.415  3.758  4.4219  4.293    1  0.000  0.538     0.00     0.00     0.00     0.00     0.00 -1    -1e-30      0.00 7.372e-01 2.577e-01 9.053e-04 2.471e-04 2.245e-03 -1.000 5.101e-03 -4.626 -2.008 -2.147 -1.757
0.005 -0.48482 6.84001 9.4555778503 2.6252584382    9.438  3.762  4.4224  4.293    1  0.000  0.538     0.00     0.00     0.00     0.00     0.00 -1    -1e-30      0.00 7.372e-01 2.577e-01 9.053e-04 2.471e-04 2.245e-03 -1.000 5.101e-03 -4.635 -2.014 -2.153 -1.763
0.005 -0.48482 6.84001 10.1949768066 2.6260677090   10.173  3.872  4.4370  4.273    1  0.000  0.538     0.00     0.00     0.00     0.00     0.00 -1    -1e-30      0.00 7.372e-01 2.577e-01 9.053e-04 2.471e-04 2.245e-03 -1.000 5.101e-03 -4.911 -2.240 -2.382 -1.980
0.005 -0.48482 6.84001 10.3372249603 2.6262082070   10.314  3.893  4.4396  4.269    1  0.000  0.538     0.00     0.00     0.00     0.00     0.00 -1    -1e-30      0.00 7.372e-01 2.577e-01 9.053e-04 2.471e-04 2.245e-03 -1.000 5.101e-03 -4.962 -2.283 -2.426 -2.021
0.005 -0.48482 6.84001 10.4866943359 2.6263511246   10.463  3.914  4.4424  4.265    1  0.000  0.538     0.00     0.00     0.00     0.00     0.00 -1    -1e-30      0.00 7.372e-01 2.577e-01 9.053e-04 2.471e-04 2.245e-03 -1.000 5.101e-03 -5.014 -2.328 -2.471 -2.064
0.005 -0.48482 6.84001 11.2188730240 2.6269884008   11.191  4.013  4.4550  4.245    1  0.000  0.538     0.00     0.00     0.00     0.00     0.00 -1    -1e-30      0.00 7.372e-01 2.577e-01 9.053e-04 2.471e-04 2.245e-03 -1.000 5.101e-03 -5.263 -2.524 -2.670 -2.252
0.005 -0.48482 6.84001 11.8325490952 2.6274532614   11.798  4.092  4.4644  4.227    1  0.000  0.539     0.00     0.00     0.00     0.00     0.00 -1 -6.57e-27      0.00 7.372e-01 2.577e-01 9.071e-04 2.472e-04 2.245e-03 -1.000 5.101e-03 -5.460 -2.663 -2.812 -2.386
0.005 -0.48482 6.84001 12.4653978348 2.6278779410   12.425  4.170  4.4734  4.208    1  0.000  0.540     0.00     0.00     0.00     0.00     0.00 -1 -3.63e-23      0.00 7.372e-01 2.577e-01 9.088e-04 2.472e-04 2.245e-03 -1.000 5.101e-03 -5.654 -2.803 -2.954 -2.521
0.005 -0.48482 6.84001 12.9821681976 2.6281896409   12.936  4.231  4.4802  4.191    1  0.000  0.541     0.00     0.00     0.00     0.00     0.00 -1 -3.04e-20      0.00 7.372e-01 2.577e-01 9.101e-04 2.472e-04 2.245e-03 -1.000 5.101e-03 -5.808 -2.920 -3.073 -2.634
0.005 -0.48482 6.84001 13.2032403946 2.6283144469   13.153  4.256  4.4829  4.185    1  0.000  0.542     0.00     0.00     0.00     0.00     0.00 -1 -5.43e-19      0.00 7.372e-01 2.577e-01 9.109e-04 2.473e-04 2.245e-03 -1.000 5.101e-03 -5.870 -2.969 -3.122 -2.680
0.005 -0.48482 6.84001 13.8056421280 2.6286313257   13.745  4.322  4.4898  4.166    1  0.000  0.543     0.00     0.00     0.00     0.00     0.00 -1 -1.12e-15      0.00 7.372e-01 2.577e-01 9.131e-04 2.473e-04 2.245e-03 -1.000 5.101e-03 -6.034 -3.099 -3.255 -2.806
0.005 -0.48482 6.84001 14.4151592255 2.6289211478   14.343  4.386  4.4962  4.145    1  0.000  0.544     0.00     0.00     0.00     0.00     0.00 -1 -1.84e-12      0.00 7.372e-01 2.577e-01 9.151e-04 2.474e-04 2.244e-03 -1.000 5.101e-03 -6.195 -3.230 -3.388 -2.931
0.005 -0.48482 6.84001 14.7454624176 2.6290667438   14.669  4.420  4.4994  4.134    1  0.000  0.544     0.00     0.00     0.00     0.00     0.00 -1 -8.98e-11      0.00 7.372e-01 2.577e-01 9.162e-04 2.474e-04 2.244e-03 -1.000 5.101e-03 -6.281 -3.301 -3.460 -2.999
0.005 -0.48482 6.84001 15.4069318771 2.6293368489   15.316  4.485  4.5051  4.110    1  0.000  0.545     0.00     0.00     0.00     0.00     0.00 -1 -5.19e-10      0.00 7.372e-01 2.577e-01 9.166e-04 2.474e-04 2.244e-03 -1.000 5.101e-03 -6.443 -3.435 -3.594 -3.130
0.005 -0.48482 6.84001 16.2019386292 2.6296281597   16.092  4.561  4.5109  4.080    1  0.000  0.545     0.00     0.00     0.00     0.00     0.00 -1 -3.91e-09      0.00 7.371e-01 2.577e-01 9.171e-04 2.474e-04 2.244e-03 -1.000 5.101e-03 -6.632 -3.594 -3.754 -3.289
0.005 -0.48482 6.84001 16.5087585449 2.6297319948   16.391  4.589  4.5130  4.067    1  0.000  0.545     0.00     0.00     0.00     0.00     0.00 -1 -8.32e-09      0.00 7.371e-01 2.578e-01 9.173e-04 2.474e-04 2.244e-03 -1.000 5.101e-03 -6.704 -3.655 -3.815 -3.349
0.005 -0.48482 6.84001 17.1970691681 2.6299495107   17.062  4.650  4.5168  4.039    1  0.000  0.545     0.00     0.00     0.00     0.00     0.00 -1  -1.1e-08      0.00 7.371e-01 2.578e-01 9.173e-04 2.474e-04 2.244e-03 -1.000 5.101e-03 -6.856 -3.787 -3.948 -3.482
0.005 -0.48482 6.84001 17.9457855225 2.6301644621   17.790  4.715  4.5201  4.006    1  0.000  0.545     0.00     0.00     0.00     0.00     0.00 -1 -1.47e-08      0.00 7.371e-01 2.578e-01 9.173e-04 2.474e-04 2.244e-03 -1.000 5.101e-03 -7.017 -3.932 -4.092 -3.627
0.005 -0.48482 6.84001 18.2720527649 2.6302518185   18.109  4.743  4.5211  3.990    1  0.000  0.545     0.00     0.00     0.00     0.00     0.00 -1 -1.67e-08      0.00 7.371e-01 2.578e-01 9.173e-04 2.474e-04 2.244e-03 -1.000 5.101e-03 -7.086 -3.997 -4.158 -3.693
0.005 -0.48482 6.84001 18.7691497803 2.6303782232   18.592  4.782  4.5222  3.966    1  0.000  0.545     0.00     0.00     0.00     0.00     0.00 -1 -1.99e-08      0.00 7.371e-01 2.578e-01 9.173e-04 2.474e-04 2.244e-03 -1.000 5.101e-03 -7.186 -4.095 -4.255 -3.791
0.005 -0.48482 6.84001 19.4829101562 2.6305468150   19.282  4.838  4.5229  3.928    1  0.000  0.545     0.00     0.00     0.00     0.00     0.00 -1 -2.51e-08      0.00 7.371e-01 2.578e-01 9.173e-04 2.474e-04 2.244e-03 -1.000 5.101e-03 -7.326 -4.236 -4.397 -3.933
0.005 -0.48482 6.84001 20.1597785950 2.6306940762   19.935  4.890  4.5227  3.890    1  0.000  0.545     0.00     0.00     0.00     0.00     0.00 -1 -3.12e-08      0.00 7.371e-01 2.578e-01 9.173e-04 2.474e-04 2.244e-03 -1.000 5.101e-03 -7.456 -4.374 -4.534 -4.071
0.005 -0.48482 6.84001 20.9742641449 2.6308568687   20.717  4.952  4.5205  3.837    1  0.000  0.545     0.00     0.00     0.00     0.00     0.00 -1 -4.03e-08      0.00 7.371e-01 2.578e-01 9.173e-04 2.474e-04 2.244e-03 -1.000 5.101e-03 -7.610 -4.549 -4.709 -4.248
0.005 -0.48482 6.84001 21.7130012512 2.6309924397   21.421  5.007  4.5166  3.780    1  0.000  0.545     0.00     0.00     0.00     0.00     0.00 -1 -4.94e-08      0.00 7.371e-01 2.578e-01 9.173e-04 2.474e-04 2.244e-03 -1.000 5.101e-03 -7.748 -4.721 -4.880 -4.420
