Zini MH logAge Mini int_IMF Mass logL logTe logg label McoreTP C_O period0 period1 period2 period3 period4 pmode Mloss tau1m X Y Xc Xn Xo Cexcess Z mbolmag Gmag G_BPmag G_RPmag
0.005 -0.48482 8.80000 0.0900000036 1.0816895926    0.090 -3.246  3.4133  5.244    0  0.000  0.545     0.00     0.00     0.00     0.00     0.00 -1 -5.73e-17      0.00 7.371e-01 2.578e-01 9.173e-04 2.474e-04 2.244e-03 -1.000 5.101e-03 12.886 14.625 17.618 13.156
0.005 -0.48482 8.80000 0.0953667834 1.1311949836    0.095 -3.159  3.4258  5.231    0  0.000  0.545     0.00     0.00     0.00     0.00     0.00 -1  -6.9e-17      0.00 7.371e-01 2.578e-01 9.173e-04 2.474e-04 2.244e-03 -1.000 5.101e-03 12.667 14.317 17.123 12.873
0.005 -0.48482 8.80000 0.1000000015 1.1711064122    0.100 -3.077  3.4375  5.217    0  0.000  0.545     0.00     0.00     0.00     0.00     0.00 -1 -8.26e-17      0.00 7.371e-01 2.578e-01 9.173e-04 2.474e-04 2.244e-03 -1.000 5.101e-03 12.464 13.994 16.567 12.583
0.005 -0.48482 8.80000 0.1158385873 1.2912541555    0.116 -2.895  3.4605  5.190    0  0.000  0.545     0.00     0.00     0.00     0.00     0.00 -1 -1.21e-16      0.00 7.371e-01 2.578e-01 9.173e-04 2.474e-04 2.244e-03 -1.000 5.101e-03 12.006 13.307 15.452 11.967
0.005 -0.48482 8.80000 0.1199999973 1.3193154249    0.120 -2.847  3.4664  5.181    0  0.000  0.545     0.00     0.00     0.00     0.00     0.00 -1 -1.34e-16      0.00 7.371e-01 2.578e-01 9.173e-04 2.474e-04 2.244e-03 -1.000 5.101e-03 11.887 13.131 15.175 11.811
0.005 -0.48482 8.80000 0.1400000006 1.4384526719    0.140 -2.661  3.4856  5.139    0  0.000  0.545     0.00     0.00     0.00     0.00     0.00 -1 -1.99e-16      0.00 7.370e-01 2.579e-01 9.173e-04 2.474e-04 2.244e-03 -1.000 5.101e-03 11.423 12.483 14.211 11.234
0.005 -0.48482 8.80000 0.1510497779 1.4951688486    0.151 -2.588  3.4929  5.129    0  0.000  0.545     0.00     0.00     0.00     0.00     0.00 -1 -2.29e-16      0.00 7.370e-01 2.579e-01 9.173e-04 2.474e-04 2.244e-03 -1.000 5.101e-03 11.240 12.234 13.856 11.012
0.005 -0.48482 8.80000 0.1599999964 1.5372931554    0.160 -2.527  3.4985  5.115    0  0.000  0.545     0.00     0.00     0.00     0.00     0.00 -1 -2.59e-16      0.00 7.370e-01 2.579e-01 9.173e-04 2.474e-04 2.244e-03 -1.000 5.101e-03 11.088 12.033 13.580 10.832
0.005 -0.48482 8.80000 0.1999999881 1.6938790356    0.200 -2.313  3.5164  5.069    0  0.000  0.545     0.00     0.00     0.00     0.00     0.00 -1    -4e-16      0.00 7.369e-01 2.580e-01 9.173e-04 2.474e-04 2.244e-03 -1.000 5.101e-03 10.552 11.352 12.695 10.217
0.005 -0.48482 8.80000 0.2097350806 1.7258979746    0.210 -2.271  3.5195  5.060    0  0.000  0.545     0.00     0.00     0.00     0.00     0.00 -1 -4.34e-16      0.00 7.369e-01 2.580e-01 9.173e-04 2.474e-04 2.244e-03 -1.000 5.101e-03 10.448 11.224 12.534 10.100
0.005 -0.48482 8.80000 0.2500000000 1.8403257998    0.250 -2.116  3.5308  5.027    0  0.000  0.545     0.00     0.00     0.00     0.00     0.00 -1 -5.91e-16      0.00 7.368e-01 2.581e-01 9.173e-04 2.474e-04 2.244e-03 -1.000 5.101e-03 10.060 10.759 11.972 9.672
0.005 -0.48482 8.80000 0.3111641109 1.9747457707    0.311 -1.925  3.5427  4.979    0  0.000  0.545     0.00     0.00     0.00     0.00     0.00 -1 -8.68e-16      0.00 7.369e-01 2.580e-01 9.173e-04 2.474e-04 2.244e-03 -1.000 5.101e-03 9.583 10.209 11.335 9.158
0.005 -0.48482 8.80000 0.3208720386 1.9929181514    0.321 -1.894  3.5444  4.967    0  0.000  0.545     0.00     0.00     0.00     0.00     0.00 -1 -9.31e-16      0.00 7.370e-01 2.579e-01 9.173e-04 2.474e-04 2.244e-03 -1.000 5.101e-03 9.504 10.120 11.235 9.074
0.005 -0.48482 8.80000 0.3499999642 2.0434174156    0.350 -1.813  3.5501  4.947    0  0.000  0.545     0.00     0.00     0.00     0.00     0.00 -1  -1.1e-15      0.00 7.371e-01 2.578e-01 9.173e-04 2.474e-04 2.244e-03 -1.000 5.101e-03 9.302 9.885 10.962 8.856
0.005 -0.48482 8.80000 0.3999999762 2.1185023988    0.400 -1.657  3.5615  4.895    0  0.000  0.545     0.00     0.00     0.00     0.00     0.00 -1 -1.56e-15      0.00 7.371e-01 2.578e-01 9.173e-04 2.474e-04 2.244e-03 -1.000 5.101e-03 8.913 9.433 10.441 8.438
0.005 -0.48482 8.80000 0.4499999881 2.1822809009    0.450 -1.492  3.5753  4.836    0  0.000  0.545     0.00     0.00     0.00     0.00     0.00 -1 -2.31e-15      0.00 7.371e-01 2.578e-01 9.173e-04 2.474e-04 2.244e-03 -1.000 5.101e-03 8.499 8.948 9.882 7.992
0.005 -0.48482 8.80000 0.4999999404 2.2374540715    0.500 -1.319  3.5931  4.780    0  0.000  0.545     0.00     0.00     0.00     0.00     0.00 -1 -3.47e-15      0.00 7.371e-01 2.578e-01 9.173e-04 2.474e-04 2.244e-03 -1.000 5.101e-03 8.067 8.437 9.289 7.526
0.005 -0.48482 8.80000 0.5496702194 2.2833850286    0.549 -1.144  3.6182  4.747    0  0.000  0.545     0.00     0.00     0.00     0.00     0.00 -1 -5.16e-15      0.00 7.389e-01 2.560e-01 9.116e-04 2.459e-04 2.230e-03 -1.000 5.100e-03 7.630 7.905 8.657 7.056
0.005 -0.48482 8.80000 0.5500000119 2.2836582633    0.550 -1.143  3.6184  4.747    0  0.000  0.545     0.00     0.00     0.00     0.00     0.00 -1 -5.17e-15      0.00 7.389e-01 2.560e-01 9.116e-04 2.459e-04 2.230e-03 -1.000 5.100e-03 7.627 7.902 8.653 7.053
0.005 -0.48482 8.80000 0.5999999642 2.3211212854    0.600 -0.968  3.6445  4.714    0  0.000  0.545     0.00     0.00     0.00     0.00     0.00 -1 -7.65e-15      0.00 7.392e-01 2.557e-01 9.103e-04 2.456e-04 2.228e-03 -1.000 5.046e-03 7.191 7.369 8.015 6.591
0.005 -0.48482 8.80000 0.6002699137 2.3213041542    0.600 -0.967  3.6447  4.714    0  0.000  0.545     0.00     0.00     0.00     0.00     0.00 -1 -7.67e-15      0.00 7.392e-01 2.557e-01 9.103e-04 2.456e-04 2.228e-03 -1.000 5.046e-03 7.188 7.366 8.011 6.588
0.005 -0.48482 8.80000 0.6499999166 2.3520352771    0.650 -0.803  3.6731  4.699    0  0.000  0.545     0.00     0.00     0.00     0.00     0.00 -1  -1.1e-14      0.00 7.395e-01 2.555e-01 9.097e-04 2.455e-04 2.226e-03 -1.000 5.076e-03 6.778 6.849 7.386 6.154
0.005 -0.48482 8.80000 0.6999999881 2.3779266974    0.700 -0.650  3.6997  4.684    0  0.000  0.545     0.00     0.00     0.00     0.00     0.00 -1 -1.53e-14      0.00 7.398e-01 2.551e-01 9.086e-04 2.452e-04 2.224e-03 -1.000 5.043e-03 6.396 6.388 6.847 5.760
0.005 -0.48482 8.80000 0.7489780188 2.3994736557    0.749 -0.510  3.7232  4.668    1  0.000  0.538     0.00     0.00     0.00     0.00     0.00 -1 -2.08e-14      0.00 7.402e-01 2.547e-01 8.957e-04 2.445e-04 2.221e-03 -1.000 5.071e-03 6.046 5.992 6.394 5.417
0.005 -0.48482 8.80000 0.7979561090 2.4180075369    0.798 -0.380  3.7429  4.643    1  0.000  0.538     0.00     0.00     0.00     0.00     0.00 -1 -2.79e-14      0.00 7.408e-01 2.542e-01 8.940e-04 2.441e-04 2.217e-03 -1.000 5.007e-03 5.720 5.641 5.999 5.108
0.005 -0.48482 8.80000 0.8469341993 2.4340981614    0.846 -0.257  3.7604  4.616    1  0.000  0.537     0.00     0.00     0.00     0.00     0.00 -1 -3.71e-14      0.00 7.416e-01 2.534e-01 8.916e-04 2.435e-04 2.212e-03 -1.000 4.979e-03 5.413 5.322 5.645 4.827
0.005 -0.48482 8.80000 0.8959121704 2.4481825371    0.895 -0.140  3.7754  4.584    1  0.000  0.537     0.00     0.00     0.00     0.00     0.00 -1  -4.9e-14      0.00 7.426e-01 2.524e-01 8.877e-04 2.425e-04 2.203e-03 -1.000 4.993e-03 5.120 5.027 5.319 4.566
0.005 -0.48482 8.80000 0.9448902607 2.4606011507    0.944 -0.029  3.7885  4.548    1  0.000  0.537     0.00     0.00     0.00     0.00     0.00 -1 -6.42e-14      0.00 7.447e-01 2.503e-01 8.825e-04 2.410e-04 2.190e-03 -1.000 4.972e-03 4.843 4.751 5.017 4.319
0.005 -0.48482 8.80000 0.9651054740 2.4653061989    0.965  0.016  3.7934  4.532    1  0.000  0.537     0.00     0.00     0.00     0.00     0.00 -1 -7.17e-14      0.00 7.455e-01 2.495e-01 8.800e-04 2.404e-04 2.184e-03 -1.000 4.952e-03 4.731 4.640 4.897 4.220
0.005 -0.48482 8.80000 0.9938682914 2.4716227899    0.994  0.078  3.8002  4.510    1  0.000  0.537     0.00     0.00     0.00     0.00     0.00 -1 -8.36e-14      0.00 7.468e-01 2.483e-01 8.764e-04 2.394e-04 2.175e-03 -1.000 4.921e-03 4.576 4.487 4.732 4.082
0.005 -0.48482 8.80000 1.0428463221 2.4814624120    1.042  0.180  3.8111  4.473    1  0.000  0.537     0.00     0.00     0.00     0.00     0.00 -1 -1.01e-13      0.00 7.472e-01 2.479e-01 8.770e-04 2.396e-04 2.178e-03 -1.000 4.936e-03 4.321 4.236 4.461 3.855
0.005 -0.48482 8.80000 1.0462012291 2.4820977421    1.046  0.186  3.8118  4.470    1  0.000  0.537     0.00     0.00     0.00     0.00     0.00 -1 -1.02e-13      0.00 7.472e-01 2.479e-01 8.770e-04 2.396e-04 2.178e-03 -1.000 4.937e-03 4.304 4.219 4.443 3.840
0.005 -0.48482 8.80000 1.0918244123 2.4902937965    1.091  0.277  3.8217  4.437    1  0.000  0.537     0.00     0.00     0.00     0.00     0.00 -1 -1.19e-13      0.00 7.473e-01 2.477e-01 8.769e-04 2.396e-04 2.178e-03 -1.000 4.953e-03 4.076 3.994 4.202 3.637
0.005 -0.48482 8.80000 1.1103459597 2.4934009144    1.109  0.313  3.8258  4.425    1  0.000  0.537     0.00     0.00     0.00     0.00     0.00 -1 -1.26e-13      0.00 7.474e-01 2.476e-01 8.766e-04 2.396e-04 2.177e-03 -1.000 4.967e-03 3.987 3.906 4.107 3.558
0.005 -0.48482 8.80000 1.1408023834 2.4982588162    1.140  0.370  3.8324  4.406    1  0.000  0.537     0.00     0.00     0.00     0.00     0.00 -1 -1.38e-13      0.00 7.474e-01 2.476e-01 8.768e-04 2.396e-04 2.177e-03 -1.000 4.969e-03 3.844 3.764 3.955 3.431
0.005 -0.48482 8.80000 1.1897804737 2.5054744552    1.189  0.458  3.8436  4.381    1  0.000  0.537     0.00     0.00     0.00     0.00     0.00 -1 -1.55e-13      0.00 7.472e-01 2.479e-01 8.770e-04 2.397e-04 2.178e-03 -1.000 4.928e-03 3.624 3.548 3.721 3.240
0.005 -0.48482 8.80000 1.2387585640 2.5120378777    1.238  0.542  3.8560  4.365    1  0.000  0.537     0.00     0.00     0.00     0.00     0.00 -1  -1.7e-13      0.00 7.475e-01 2.475e-01 8.761e-04 2.394e-04 2.176e-03 -1.000 4.931e-03 3.415 3.342 3.497 3.063
0.005 -0.48482 8.80000 1.2877364159 2.5180304399    1.287  0.622  3.8703  4.359    1  0.000  0.537     0.00     0.00     0.00     0.00     0.00 -1  -1.8e-13      0.00 7.478e-01 2.472e-01 8.754e-04 2.392e-04 2.174e-03 -1.000 4.961e-03 3.215 3.148 3.282 2.903
0.005 -0.48482 8.80000 1.3367147446 2.5235208592    1.337  0.699  3.8861  4.361    1  0.000  0.537     0.00     0.00     0.00     0.00     0.00 -1 -1.86e-13      0.00 7.482e-01 2.469e-01 8.745e-04 2.390e-04 2.172e-03 -1.000 4.934e-03 3.022 2.964 3.075 2.757
0.005 -0.48482 8.80000 1.3856927156 2.5285672999    1.386  0.773  3.9017  4.365    1  0.000  0.537     0.00     0.00     0.00     0.00     0.00 -1 -1.86e-13      0.00 7.484e-01 2.466e-01 8.736e-04 2.388e-04 2.170e-03 -1.000 4.945e-03 2.837 2.791 2.880 2.622
0.005 -0.48482 8.80000 1.4077572823 2.5307092252    1.408  0.806  3.9084  4.366    1  0.000  0.537     0.00     0.00     0.00     0.00     0.00 -1 -1.84e-13      0.00 7.486e-01 2.465e-01 8.734e-04 2.387e-04 2.169e-03 -1.000 4.934e-03 2.756 2.716 2.796 2.564
0.005 -0.48482 8.80000 1.4346706867 2.5332195553    1.435  0.845  3.9163  4.367    1  0.000  0.537     0.00     0.00     0.00     0.00     0.00 -1 -1.82e-13      0.00 7.487e-01 2.464e-01 8.732e-04 2.386e-04 2.169e-03 -1.000 4.931e-03 2.658 2.628 2.698 2.496
0.005 -0.48482 8.80000 1.4836487770 2.5375203611    1.483  0.914  3.9294  4.365    1  0.000  0.537     0.00     0.00     0.00     0.00     0.00 -1 -1.71e-13      0.00 7.490e-01 2.461e-01 8.724e-04 2.384e-04 2.167e-03 -1.000 4.944e-03 2.485 2.477 2.529 2.377
0.005 -0.48482 8.80000 1.5285483599 2.5411858449    1.528  0.975  3.9401  4.360    1  0.000  0.537     0.00     0.00     0.00     0.00     0.00 -1 -1.53e-13      0.00 7.492e-01 2.459e-01 8.718e-04 2.383e-04 2.166e-03 -1.000 4.943e-03 2.333 2.350 2.389 2.273
0.005 -0.48482 8.80000 1.5326267481 2.5415065793    1.532  0.980  3.9410  4.359    1  0.000  0.537     0.00     0.00     0.00     0.00     0.00 -1 -1.52e-13      0.00 7.492e-01 2.459e-01 8.718e-04 2.383e-04 2.166e-03 -1.000 4.944e-03 2.319 2.338 2.377 2.264
0.005 -0.48482 8.80000 1.5505454540 2.5428927893    1.550  1.004  3.9448  4.356    1  0.000  0.537     0.00     0.00     0.00     0.00     0.00 -1  -1.4e-13      0.00 7.493e-01 2.458e-01 8.715e-04 2.382e-04 2.165e-03 -1.000 4.937e-03 2.260 2.290 2.325 2.223
0.005 -0.48482 8.80000 1.5816048384 2.5452102246    1.581  1.045  3.9511  4.349    1  0.000  0.537     0.00     0.00     0.00     0.00     0.00 -1 -1.23e-13      0.00 7.494e-01 2.457e-01 8.712e-04 2.381e-04 2.165e-03 -1.000 4.891e-03 2.158 2.207 2.235 2.152
0.005 -0.48482 8.80000 1.6227376461 2.5481228061    1.622  1.098  3.9587  4.337    1  0.000  0.537     0.00     0.00     0.00     0.00     0.00 -1 -8.56e-14      0.00 7.495e-01 2.456e-01 8.710e-04 2.381e-04 2.164e-03 -1.000 4.930e-03 2.026 2.099 2.121 2.058
0.005 -0.48482 8.80000 1.6305828094 2.5486591609    1.630  1.108  3.9601  4.335    1  0.000  0.537     0.00     0.00     0.00     0.00     0.00 -1    -8e-14      0.00 7.495e-01 2.456e-01 8.710e-04 2.381e-04 2.164e-03 -1.000 4.943e-03 2.001 2.079 2.099 2.040
0.005 -0.48482 8.80000 1.6562069654 2.5503703825    1.655  1.140  3.9645  4.327    1  0.000  0.537     0.00     0.00     0.00     0.00     0.00 -1 -4.22e-19      0.00 7.495e-01 2.455e-01 8.708e-04 2.380e-04 2.164e-03 -1.000 4.944e-03 1.921 2.014 2.031 1.983
0.005 -0.48482 8.80000 1.6795608997 2.5518778061    1.679  1.169  3.9684  4.319    1  0.000  0.537     0.00     0.00     0.00     0.00     0.00 -1 -7.59e-24      0.00 7.496e-01 2.455e-01 8.708e-04 2.380e-04 2.164e-03 -1.000 4.932e-03 1.847 1.955 1.969 1.930
0.005 -0.48482 8.80000 1.7208565474 2.5544285092    1.720  1.220  3.9747  4.304    1  0.000  0.537     0.00     0.00     0.00     0.00     0.00 -1 -1.17e-29      0.00 7.496e-01 2.454e-01 8.707e-04 2.380e-04 2.164e-03 -1.000 4.938e-03 1.720 1.852 1.861 1.836
0.005 -0.48482 8.80000 1.7285389900 2.5548875929    1.727  1.229  3.9759  4.301    1  0.000  0.537     0.00     0.00     0.00     0.00     0.00 -1    -1e-30      0.00 7.496e-01 2.454e-01 8.707e-04 2.380e-04 2.164e-03 -1.000 4.939e-03 1.697 1.833 1.841 1.819
0.005 -0.48482 8.80000 1.7714096308 2.5573655814    1.770  1.281  3.9818  4.284    1  0.000  0.537     0.00     0.00     0.00     0.00     0.00 -1    -1e-30      0.00 7.497e-01 2.454e-01 8.707e-04 2.380e-04 2.163e-03 -1.000 4.921e-03 1.566 1.727 1.730 1.720
0.005 -0.48482 8.80000 1.7775169611 2.5577074260    1.776  1.289  3.9825  4.281    1  0.000  0.537     0.00     0.00     0.00     0.00     0.00 -1    -1e-30      0.00 7.497e-01 2.454e-01 8.707e-04 2.380e-04 2.163e-03 -1.000 4.929e-03 1.548 1.711 1.714 1.706
0.005 -0.48482 8.80000 1.8090049028 2.5594278533    1.808  1.327  3.9864  4.266    1  0.000  0.537     0.00     0.00     0.00     0.00     0.00 -1    -1e-30      0.00 7.497e-01 2.454e-01 8.706e-04 2.380e-04 2.163e-03 -1.000 4.938e-03 1.452 1.632 1.632 1.632
0.005 -0.48482 8.80000 1.8271399736 2.5603878217    1.826  1.349  3.9885  4.256    1  0.000  0.537     0.00     0.00     0.00     0.00     0.00 -1    -1e-30      0.00 7.497e-01 2.454e-01 8.704e-04 2.379e-04 2.163e-03 -1.000 4.949e-03 1.397 1.585 1.584 1.588
0.005 -0.48482 8.80000 1.8336580992 2.5607275244    1.832  1.357  3.9892  4.253    1  0.000  0.537     0.00     0.00     0.00     0.00     0.00 -1    -1e-30      0.00 7.497e-01 2.454e-01 8.704e-04 2.379e-04 2.163e-03 -1.000 4.946e-03 1.377 1.569 1.567 1.572
0.005 -0.48482 8.80000 1.8754222393 2.5628398437    1.874  1.408  3.9932  4.228    1  0.000  0.537     0.00     0.00     0.00     0.00     0.00 -1    -1e-30      0.00 7.497e-01 2.454e-01 8.708e-04 2.380e-04 2.163e-03 -1.000 4.946e-03 1.250 1.459 1.455 1.467
0.005 -0.48482 8.80000 1.8767631054 2.5629058721    1.876  1.410  3.9933  4.227    1  0.000  0.537     0.00     0.00     0.00     0.00     0.00 -1    -1e-30      0.00 7.497e-01 2.454e-01 8.708e-04 2.380e-04 2.163e-03 -1.000 4.944e-03 1.246 1.455 1.451 1.464
0.005 -0.48482 8.80000 1.9129587412 2.5646481129    1.912  1.453  3.9962  4.203    1  0.000  0.537     0.00     0.00     0.00     0.00     0.00 -1    -1e-30      0.00 7.497e-01 2.454e-01 8.709e-04 2.380e-04 2.163e-03 -1.000 4.913e-03 1.137 1.359 1.353 1.371
0.005 -0.48482 8.80000 1.9263861179 2.5652753117    1.926  1.470  3.9971  4.193    1  0.000  0.537     0.00     0.00     0.00     0.00     0.00 -1    -1e-30      0.00 7.496e-01 2.455e-01 8.709e-04 2.380e-04 2.164e-03 -1.000 4.916e-03 1.096 1.322 1.315 1.335
0.005 -0.48482 8.80000 1.9641824961 2.5669879699    1.964  1.515  3.9993  4.165    1  0.000  0.537     0.00     0.00     0.00     0.00     0.00 -1    -1e-30      0.00 7.496e-01 2.455e-01 8.709e-04 2.381e-04 2.164e-03 -1.000 4.900e-03 0.983 1.218 1.210 1.234
0.005 -0.48482 8.80000 1.9760092497 2.5675084202    1.976  1.529  3.9997  4.155    1  0.000  0.537     0.00     0.00     0.00     0.00     0.00 -1    -1e-30      0.00 7.496e-01 2.455e-01 8.710e-04 2.381e-04 2.164e-03 -1.000 4.901e-03 0.947 1.184 1.175 1.200
0.005 -0.48482 8.80000 2.0029706955 2.5686685114    2.003  1.562  4.0003  4.131    1  0.000  0.537     0.00     0.00     0.00     0.00     0.00 -1    -1e-30      0.00 7.495e-01 2.456e-01 8.712e-04 2.381e-04 2.165e-03 -1.000 4.908e-03 0.865 1.104 1.095 1.121
0.005 -0.48482 8.80000 2.0256323814 2.5696161724    2.025  1.590  4.0002  4.108    1  0.000  0.537     0.00     0.00     0.00     0.00     0.00 -1    -1e-30      0.00 7.494e-01 2.457e-01 8.713e-04 2.381e-04 2.165e-03 -1.000 4.905e-03 0.796 1.035 1.026 1.052
0.005 -0.48482 8.80000 2.0498073101 2.5706005959    2.049  1.619  3.9998  4.082    1  0.000  0.537     0.00     0.00     0.00     0.00     0.00 -1    -1e-30      0.00 7.494e-01 2.457e-01 8.716e-04 2.382e-04 2.165e-03 -1.000 4.908e-03 0.723 0.960 0.951 0.977
0.005 -0.48482 8.80000 2.0752551556 2.5716084101    2.074  1.650  3.9987  4.052    1  0.000  0.537     0.00     0.00     0.00     0.00     0.00 -1    -1e-30      0.00 7.493e-01 2.458e-01 8.718e-04 2.383e-04 2.166e-03 -1.000 4.901e-03 0.646 0.877 0.868 0.894
0.005 -0.48482 8.80000 2.1026260853 2.5726611300    2.101  1.683  3.9966  4.016    1  0.000  0.537     0.00     0.00     0.00     0.00     0.00 -1    -1e-30      0.00 7.492e-01 2.458e-01 8.721e-04 2.383e-04 2.166e-03 -1.000 4.921e-03 0.562 0.784 0.775 0.798
0.005 -0.48482 8.80000 2.1248781681 2.5734940270    2.124  1.711  3.9938  3.982    1  0.000  0.537     0.00     0.00     0.00     0.00     0.00 -1    -1e-30      0.00 7.491e-01 2.459e-01 8.724e-04 2.384e-04 2.167e-03 -1.000 4.922e-03 0.493 0.702 0.695 0.715
0.005 -0.48482 8.80000 2.1267218590 2.5735621379    2.125  1.713  3.9936  3.979    1  0.000  0.537     0.00     0.00     0.00     0.00     0.00 -1    -1e-30      0.00 7.491e-01 2.460e-01 8.724e-04 2.384e-04 2.167e-03 -1.000 4.920e-03 0.487 0.696 0.689 0.708
0.005 -0.48482 8.80000 2.1578166485 2.5746907273    2.156  1.751  3.9884  3.926    1  0.000  0.537     0.00     0.00     0.00     0.00     0.00 -1    -1e-30      0.00 7.490e-01 2.461e-01 8.727e-04 2.385e-04 2.168e-03 -1.000 4.906e-03 0.391 0.576 0.572 0.584
0.005 -0.48482 8.80000 2.1745014191 2.5752810240    2.173  1.772  3.9848  3.894    1  0.000  0.537     0.00     0.00     0.00     0.00     0.00 -1    -1e-30      0.00 7.489e-01 2.461e-01 8.729e-04 2.385e-04 2.168e-03 -1.000 4.927e-03 0.340 0.509 0.506 0.512
0.005 -0.48482 8.80000 2.1811823845 2.5755144825    2.180  1.780  3.9833  3.881    1  0.000  0.537     0.00     0.00     0.00     0.00     0.00 -1    -1e-30      0.00 7.489e-01 2.462e-01 8.729e-04 2.385e-04 2.168e-03 -1.000 4.933e-03 0.319 0.482 0.480 0.484
0.005 -0.48482 8.80000 2.2038757801 2.5762953361    2.202  1.808  3.9764  3.830    1  0.000  0.537     0.00     0.00     0.00     0.00     0.00 -1    -1e-30      0.00 7.488e-01 2.463e-01 8.731e-04 2.387e-04 2.169e-03 -1.000 4.932e-03 0.249 0.382 0.384 0.377
0.005 -0.48482 8.80000 2.2238805294 2.5769684995    2.222  1.833  3.9692  3.780    1  0.000  0.537     0.00     0.00     0.00     0.00     0.00 -1    -1e-30      0.00 7.487e-01 2.464e-01 8.735e-04 2.388e-04 2.170e-03 -1.000 4.934e-03 0.187 0.290 0.296 0.277
0.005 -0.48482 8.80000 2.2241244316 2.5769766210    2.223  1.834  3.9691  3.780    1  0.000  0.537     0.00     0.00     0.00     0.00     0.00 -1    -1e-30      0.00 7.487e-01 2.464e-01 8.735e-04 2.388e-04 2.170e-03 -1.000 4.934e-03 0.186 0.289 0.295 0.275
0.005 -0.48482 8.80000 2.2332427502 2.5772787799    2.232  1.845  3.9656  3.756    1  0.000  0.537     0.00     0.00     0.00     0.00     0.00 -1    -1e-30      0.00 7.486e-01 2.464e-01 8.737e-04 2.388e-04 2.171e-03 -1.000 4.946e-03 0.158 0.247 0.255 0.229
0.005 -0.48482 8.80000 2.2513315678 2.5778698773    2.250  1.868  3.9573  3.704    1  0.000  0.537     0.00     0.00     0.00     0.00     0.00 -1    -1e-30      0.00 7.485e-01 2.465e-01 8.739e-04 2.388e-04 2.171e-03 -1.000 4.946e-03 0.101 0.159 0.172 0.130
0.005 -0.48482 8.80000 2.2680885792 2.5784077910    2.266  1.891  3.9494  3.652    1  0.000  0.537     0.00     0.00     0.00     0.00     0.00 -1    -1e-30      0.00 7.484e-01 2.466e-01 8.741e-04 2.389e-04 2.171e-03 -1.000 4.946e-03 0.043 0.072 0.091 0.033
0.005 -0.48482 8.80000 2.2737474442 2.5785873869    2.272  1.900  3.9482  3.639    1  0.000  0.537     0.00     0.00     0.00     0.00     0.00 -1    -1e-30      0.00 7.484e-01 2.467e-01 8.742e-04 2.389e-04 2.172e-03 -1.000 4.920e-03 0.019 0.044 0.064 0.003
0.005 -0.48482 8.80000 2.2780747414 2.5787240307    2.277  1.908  3.9472  3.629    1  0.000  0.537     0.00     0.00     0.00     0.00     0.00 -1    -1e-30      0.00 7.484e-01 2.467e-01 8.744e-04 2.389e-04 2.172e-03 -1.000 4.905e-03 0.001 0.023 0.043 -0.020
0.005 -0.48482 8.80000 2.2863669395 2.5789842135    2.285  1.932  3.9557  3.639    1  0.000  0.537     0.00     0.00     0.00     0.00     0.00 -1    -1e-30      0.00 7.483e-01 2.467e-01 8.746e-04 2.390e-04 2.172e-03 -1.000 4.941e-03 -0.061 -0.010 0.004 -0.040
0.005 -0.48482 8.80000 2.2889566422 2.5790650260    2.287  1.948  3.9649  3.661    1  0.000  0.537     0.00     0.00     0.00     0.00     0.00 -1    -1e-30      0.00 7.483e-01 2.467e-01 8.747e-04 2.390e-04 2.173e-03 -1.000 4.946e-03 -0.099 -0.014 -0.006 -0.031
0.005 -0.48482 8.80000 2.2901189327 2.5791012274    2.289  1.962  3.9743  3.685    1  0.000  0.537     0.00     0.00     0.00     0.00     0.00 -1    -1e-30      0.00 7.483e-01 2.468e-01 8.747e-04 2.390e-04 2.173e-03 -1.000 4.946e-03 -0.134 -0.011 -0.009 -0.017
0.005 -0.48482 8.80000 2.2907402515 2.5791205620    2.289  1.976  3.9836  3.708    1  0.000  0.537     0.00     0.00     0.00     0.00     0.00 -1    -1e-30      0.00 7.483e-01 2.468e-01 8.747e-04 2.390e-04 2.173e-03 -1.000 4.946e-03 -0.170 -0.008 -0.012 -0.004
0.005 -0.48482 8.80000 2.2911159992 2.5791322489    2.290  1.992  3.9928  3.729    1  0.000  0.537     0.00     0.00     0.00     0.00     0.00 -1    -1e-30      0.00 7.483e-01 2.468e-01 8.747e-04 2.390e-04 2.173e-03 -1.000 4.946e-03 -0.211 -0.008 -0.016 0.006
0.005 -0.48482 8.80000 2.2913484573 2.5791394768    2.290  2.010  4.0016  3.746    1  0.000  0.537     0.00     0.00     0.00     0.00     0.00 -1    -1e-30      0.00 7.483e-01 2.468e-01 8.747e-04 2.390e-04 2.173e-03 -1.000 4.946e-03 -0.254 -0.012 -0.024 0.010
0.005 -0.48482 8.80000 2.2915380001 2.5791453691    2.290  2.027  4.0100  3.763    1  0.000  0.537     0.00     0.00     0.00     0.00     0.00 -1    -1e-30      0.00 7.483e-01 2.468e-01 8.748e-04 2.390e-04 2.173e-03 -1.000 4.946e-03 -0.298 -0.016 -0.032 0.013
0.005 -0.48482 8.80000 2.2915723324 2.5791464363    2.290  2.028  4.0110  3.765    1  0.000  0.537     0.00     0.00     0.00     0.00     0.00 -1    -1e-30      0.00 7.483e-01 2.468e-01 8.748e-04 2.390e-04 2.173e-03 -1.000 4.946e-03 -0.301 -0.014 -0.031 0.016
0.005 -0.48482 8.80000 2.2916734219 2.5791495783    2.290  1.998  4.0034  3.765    2  0.000  0.537     0.00     0.00     0.00     0.00     0.00 -1    -1e-30      0.00 7.483e-01 2.468e-01 8.748e-04 2.390e-04 2.173e-03 -1.000 4.946e-03 -0.226 0.025 0.012 0.049
0.005 -0.48482 8.80000 2.2917420864 2.5791517123    2.290  1.978  3.9945  3.750    2  0.000  0.537     0.00     0.00     0.00     0.00     0.00 -1    -1e-30      0.00 7.483e-01 2.468e-01 8.748e-04 2.390e-04 2.173e-03 -1.000 4.946e-03 -0.175 0.035 0.026 0.050
0.005 -0.48482 8.80000 2.2918288708 2.5791544093    2.290  1.971  3.9831  3.711    2  0.000  0.537     0.00     0.00     0.00     0.00     0.00 -1    -1e-30      0.00 7.483e-01 2.468e-01 8.748e-04 2.390e-04 2.173e-03 -1.000 4.946e-03 -0.158 0.002 -0.002 0.006
0.005 -0.48482 8.80000 2.2919335365 2.5791576616    2.290  1.982  3.9715  3.654    2  0.000  0.537     0.00     0.00     0.00     0.00     0.00 -1    -1e-30      0.00 7.483e-01 2.468e-01 8.748e-04 2.390e-04 2.173e-03 -1.000 4.946e-03 -0.185 -0.074 -0.071 -0.082
0.005 -0.48482 8.80000 2.2920613289 2.5791616320    2.291  1.997  3.9597  3.592    2  0.000  0.537     0.00     0.00     0.00     0.00     0.00 -1    -1e-30      0.00 7.483e-01 2.468e-01 8.748e-04 2.390e-04 2.173e-03 -1.000 4.946e-03 -0.222 -0.158 -0.147 -0.181
0.005 -0.48482 8.80000 2.2922074795 2.5791661723    2.291  2.008  3.9478  3.533    2  0.000  0.537     0.00     0.00     0.00     0.00     0.00 -1    -1e-30      0.00 7.483e-01 2.468e-01 8.748e-04 2.390e-04 2.173e-03 -1.000 4.946e-03 -0.249 -0.227 -0.208 -0.266
0.005 -0.48482 8.80000 2.2923705578 2.5791712376    2.291  2.014  3.9359  3.479    2  0.000  0.537     0.00     0.00     0.00     0.00     0.00 -1    -1e-30      0.00 7.483e-01 2.468e-01 8.748e-04 2.390e-04 2.173e-03 -1.000 4.946e-03 -0.265 -0.281 -0.253 -0.339
0.005 -0.48482 8.80000 2.2925491333 2.5791767833    2.291  2.018  3.9238  3.428    2  0.000  0.537     0.00     0.00     0.00     0.00     0.00 -1    -1e-30      0.00 7.483e-01 2.468e-01 8.748e-04 2.390e-04 2.173e-03 -1.000 4.946e-03 -0.274 -0.321 -0.281 -0.401
0.005 -0.48482 8.80000 2.2927389145 2.5791826759    2.291  2.019  3.9117  3.378    2  0.000  0.537     0.00     0.00     0.00     0.00     0.00 -1    -1e-30      0.00 7.483e-01 2.468e-01 8.748e-04 2.391e-04 2.173e-03 -1.000 4.946e-03 -0.277 -0.349 -0.295 -0.454
0.005 -0.48482 8.80000 2.2929358482 2.5791887895    2.291  2.018  3.8996  3.330    2  0.000  0.537     0.00     0.00     0.00     0.00     0.00 -1    -1e-30      0.00 7.483e-01 2.468e-01 8.748e-04 2.391e-04 2.173e-03 -1.000 4.946e-03 -0.276 -0.367 -0.298 -0.500
0.005 -0.48482 8.80000 2.2931346893 2.5791949610    2.292  2.017  3.8874  3.283    2  0.000  0.537     0.00     0.00     0.00     0.00     0.00 -1    -1e-30      0.00 7.483e-01 2.468e-01 8.748e-04 2.391e-04 2.173e-03 -1.000 4.946e-03 -0.272 -0.376 -0.290 -0.541
0.005 -0.48482 8.80000 2.2933311462 2.5792010573    2.292  2.014  3.8751  3.237    2  0.000  0.537     0.00     0.00     0.00     0.00     0.00 -1    -1e-30      0.00 7.483e-01 2.468e-01 8.748e-04 2.391e-04 2.173e-03 -1.000 4.946e-03 -0.264 -0.378 -0.273 -0.574
0.005 -0.48482 8.80000 2.2935216427 2.5792069675    2.292  2.010  3.8629  3.192    2  0.000  0.537     0.00     0.00     0.00     0.00     0.00 -1    -1e-30      0.00 7.483e-01 2.468e-01 8.748e-04 2.391e-04 2.173e-03 -1.000 4.946e-03 -0.255 -0.374 -0.250 -0.603
0.005 -0.48482 8.80000 2.2937037945 2.5792126177    2.292  2.005  3.8506  3.148    2  0.000  0.537     0.00     0.00     0.00     0.00     0.00 -1    -1e-30      0.00 7.483e-01 2.468e-01 8.748e-04 2.391e-04 2.173e-03 -1.000 4.946e-03 -0.243 -0.366 -0.222 -0.626
0.005 -0.48482 8.80000 2.2938761711 2.5792179638    2.292  2.000  3.8384  3.104    2  0.000  0.537     0.00     0.00     0.00     0.00     0.00 -1    -1e-30      0.00 7.483e-01 2.468e-01 8.748e-04 2.391e-04 2.173e-03 -1.000 4.946e-03 -0.229 -0.354 -0.190 -0.645
0.005 -0.48482 8.80000 2.2940385342 2.5792229984    2.293  1.993  3.8264  3.062    2  0.000  0.537     0.00     0.00     0.00     0.00     0.00 -1    -1e-30      0.00 7.483e-01 2.468e-01 8.748e-04 2.391e-04 2.173e-03 -1.000 4.946e-03 -0.214 -0.338 -0.155 -0.659
0.005 -0.48482 8.80000 2.2941901684 2.5792276997    2.293  1.987  3.8148  3.023    2  0.000  0.537     0.00     0.00     0.00     0.00     0.00 -1    -1e-30      0.00 7.483e-01 2.468e-01 8.748e-04 2.391e-04 2.173e-03 -1.000 4.946e-03 -0.197 -0.320 -0.116 -0.669
0.005 -0.48482 8.80000 2.2943322659 2.5792321046    2.293  1.979  3.8040  2.987    2  0.000  0.537     0.00     0.00     0.00     0.00     0.00 -1    -1e-30      0.00 7.482e-01 2.468e-01 8.748e-04 2.391e-04 2.173e-03 -1.000 4.946e-03 -0.178 -0.298 -0.075 -0.675
0.005 -0.48482 8.80000 2.2944664955 2.5792362650    2.293  1.971  3.7945  2.958    2  0.000  0.537     0.00     0.00     0.00     0.00     0.00 -1    -1e-30      0.00 7.482e-01 2.468e-01 8.748e-04 2.391e-04 2.173e-03 -1.000 4.946e-03 -0.157 -0.274 -0.032 -0.673
0.005 -0.48482 8.80000 2.2946007252 2.5792404249    2.293  1.961  3.7859  2.933    2  0.000  0.537     0.00     0.00     0.00     0.00     0.00 -1    -1e-30      0.00 7.482e-01 2.468e-01 8.749e-04 2.391e-04 2.173e-03 -1.000 4.946e-03 -0.133 -0.245 0.013 -0.666
0.005 -0.48482 8.80000 2.2947504520 2.5792450644    2.293  1.949  3.7776  2.912    2  0.000  0.537     0.00     0.00     0.00     0.00     0.00 -1    -1e-30      0.00 7.482e-01 2.468e-01 8.749e-04 2.391e-04 2.173e-03 -1.000 4.946e-03 -0.101 -0.209 0.066 -0.649
0.005 -0.48482 8.80000 2.2949423790 2.5792510105    2.293  1.929  3.7688  2.897    2  0.000  0.537     0.00     0.00     0.00     0.00     0.00 -1    -1e-30      0.00 7.482e-01 2.469e-01 8.750e-04 2.391e-04 2.173e-03 -1.000 4.946e-03 -0.052 -0.152 0.141 -0.614
0.005 -0.48482 8.80000 2.2951254845 2.5792566822    2.294  1.906  3.7613  2.890    2  0.000  0.537     0.00     0.00     0.00     0.00     0.00 -1    -1e-30      0.00 7.475e-01 2.475e-01 8.770e-04 2.397e-04 2.178e-03 -1.000 4.958e-03 0.004 -0.089 0.218 -0.568
0.005 -0.48482 8.80000 2.2953300476 2.5792630174    2.294  1.876  3.7538  2.889    2  0.000  0.537     0.00     0.00     0.00     0.00     0.00 -1    -1e-30      0.00 7.454e-01 2.496e-01 8.832e-04 2.413e-04 2.193e-03 -1.000 4.989e-03 0.079 -0.006 0.316 -0.502
0.005 -0.48482 8.80000 2.2955119610 2.5792686500    2.294  1.848  3.7473  2.892    2  0.000  0.537     0.00     0.00     0.00     0.00     0.00 -1    -1e-30      0.00 7.425e-01 2.524e-01 8.906e-04 2.434e-04 2.211e-03 -1.000 5.032e-03 0.150 0.073 0.408 -0.437
0.005 -0.48482 8.80000 2.2957417965 2.5792757650    2.294  1.816  3.7393  2.892    2  0.000  0.537     0.00     0.00     0.00     0.00     0.00 -1    -1e-30      0.00 7.405e-01 2.544e-01 8.959e-04 2.448e-04 2.224e-03 -1.000 5.044e-03 0.230 0.163 0.514 -0.364
0.005 -0.48482 8.80000 2.2959718704 2.5792828857    2.294  1.801  3.7315  2.876    2  0.000  0.537     0.00     0.00     0.00     0.00     0.00 -1    -1e-30      0.00 7.394e-01 2.555e-01 8.988e-04 2.455e-04 2.230e-03 -1.000 5.101e-03 0.268 0.213 0.581 -0.331
0.005 -0.48482 8.80000 2.2960290909 2.5792846564    2.294  1.802  3.7297  2.867    3  0.000  0.538     0.00     0.00     0.00     0.00     0.00 -1    -1e-30      0.00 7.393e-01 2.557e-01 8.994e-04 2.456e-04 2.231e-03 -1.000 5.099e-03 0.264 0.211 0.583 -0.337
0.005 -0.48482 8.80000 2.2963156700 2.5792935232    2.295  1.831  3.7216  2.806    3  0.000  0.537     0.00     0.00     0.00     0.00     0.00 -1    -1e-30      0.00 7.385e-01 2.564e-01 9.003e-04 2.461e-04 2.235e-03 -1.000 5.082e-03 0.193 0.153 0.542 -0.413
0.005 -0.48482 8.80000 2.2965445518 2.5793006029    2.295  1.866  3.7166  2.752    3  0.000  0.533     0.00     0.00     0.00     0.00     0.00 -1    -1e-30      0.00 7.380e-01 2.570e-01 8.938e-04 2.485e-04 2.236e-03 -1.000 5.080e-03 0.106 0.075 0.475 -0.502
0.005 -0.48482 8.80000 2.2967734337 2.5793076811    2.295  1.901  3.7127  2.701    3  0.000  0.510     0.00     0.00     0.00     0.00     0.00 -1    -1e-30      0.00 7.374e-01 2.575e-01 8.569e-04 2.795e-04 2.237e-03 -1.000 5.090e-03 0.019 -0.005 0.404 -0.590
0.005 -0.48482 8.80000 2.2970592976 2.5793165191    2.296  1.941  3.7088  2.645    3  0.000  0.464     0.00     0.00     0.00     0.00     0.00 -1    -1e-30      0.00 7.366e-01 2.583e-01 7.780e-04 3.679e-04 2.238e-03 -1.000 5.101e-03 -0.083 -0.099 0.319 -0.692
0.005 -0.48482 8.80000 2.2973446846 2.5793253399    2.296  1.979  3.7054  2.593    3  0.000  0.424     0.00     0.00     0.00     0.00     0.00 -1    -1e-30      0.00 7.359e-01 2.590e-01 7.108e-04 4.509e-04 2.239e-03 -1.000 5.106e-03 -0.178 -0.187 0.238 -0.788
0.005 -0.48482 8.80000 2.2976300716 2.5793341581    2.296  2.017  3.7023  2.543    3  0.000  0.397     0.00     0.00     0.00     0.00     0.00 -1    -1e-30      0.00 7.351e-01 2.598e-01 6.661e-04 5.065e-04 2.239e-03 -1.000 5.124e-03 -0.273 -0.275 0.157 -0.882
0.005 -0.48482 8.80000 2.2979152203 2.5793429665    2.296  2.055  3.6994  2.493    3  0.000  0.378     0.00     0.00     0.00     0.00     0.00 -1    -1e-30      0.00 7.343e-01 2.606e-01 6.340e-04 5.463e-04 2.239e-03 -1.000 5.130e-03 -0.369 -0.364 0.075 -0.977
0.005 -0.48482 8.80000 2.2979722023 2.5793447263    2.296  2.063  3.6988  2.483    3  0.000  0.375     0.00     0.00     0.00     0.00     0.00 -1    -1e-30      0.00 7.342e-01 2.607e-01 6.293e-04 5.522e-04 2.239e-03 -1.000 5.101e-03 -0.388 -0.382 0.059 -0.997
0.005 -0.48482 8.80000 2.2980930805 2.5793484594    2.297  2.079  3.6975  2.462    3  0.000  0.369     0.00     0.00     0.00     0.00     0.00 -1    -1e-30      0.00 7.338e-01 2.610e-01 6.195e-04 5.646e-04 2.240e-03 -1.000 5.169e-03 -0.429 -0.420 0.024 -1.037
0.005 -0.48482 8.80000 2.2982125282 2.5793521477    2.297  2.096  3.6963  2.441    3  0.000  0.364     0.00     0.00     0.00     0.00     0.00 -1    -1e-30      0.00 7.335e-01 2.614e-01 6.115e-04 5.753e-04 2.240e-03 -1.000 5.125e-03 -0.469 -0.458 -0.010 -1.078
0.005 -0.48482 8.80000 2.2985115051 2.5793613778    2.297  2.137  3.6933  2.388    3  0.000  0.355     0.00     0.00     0.00     0.00     0.00 -1    -1e-30      0.00 7.322e-01 2.626e-01 5.952e-04 6.059e-04 2.232e-03 -1.000 5.172e-03 -0.571 -0.553 -0.098 -1.180
0.005 -0.48482 8.80000 2.2988102436 2.5793705978    2.297  2.177  3.6904  2.336    3  0.000  0.353     0.00     0.00     0.00     0.00     0.00 -1    -1e-30      0.00 7.298e-01 2.651e-01 5.822e-04 6.544e-04 2.196e-03 -1.000 5.132e-03 -0.673 -0.648 -0.185 -1.282
0.005 -0.48482 8.80000 2.2991085052 2.5793798002    2.298  2.217  3.6876  2.284    3  0.000  0.352     0.00     0.00     0.00     0.00     0.00 -1    -1e-30      0.00 7.263e-01 2.686e-01 5.710e-04 7.025e-04 2.157e-03 -1.000 5.128e-03 -0.774 -0.741 -0.270 -1.382
0.005 -0.48482 8.80000 2.2994661331 2.5793908308    2.298  2.265  3.6843  2.223    3  0.000  0.352     0.00     0.00     0.00     0.00     0.00 -1    -1e-30      0.00 7.215e-01 2.734e-01 5.603e-04 7.495e-04 2.118e-03 -1.000 5.135e-03 -0.894 -0.852 -0.372 -1.501
0.005 -0.48482 8.80000 2.2997641563 2.5794000199    2.298  2.306  3.6815  2.171    3  0.000  0.352     0.00     0.00     0.00     0.00     0.00 -1    -1e-30      0.00 7.178e-01 2.770e-01 5.536e-04 7.794e-04 2.094e-03 -1.000 5.146e-03 -0.995 -0.945 -0.457 -1.600
0.005 -0.48482 8.80000 2.3001210690 2.5794110211    2.299  2.355  3.6779  2.109    3  0.000  0.352     0.00     0.00     0.00     0.00     0.00 -1    -1e-30      0.00 7.141e-01 2.808e-01 5.476e-04 8.062e-04 2.071e-03 -1.000 5.138e-03 -1.117 -1.056 -0.558 -1.720
0.005 -0.48482 8.80000 2.3004183769 2.5794201822    2.299  2.396  3.6750  2.056    3  0.000  0.352     0.00     0.00     0.00     0.00     0.00 -1    -1e-30      0.00 7.115e-01 2.834e-01 5.437e-04 8.233e-04 2.058e-03 -1.000 5.128e-03 -1.220 -1.150 -0.644 -1.821
0.005 -0.48482 8.80000 2.3007307053 2.5794298031    2.299  2.440  3.6718  1.999    3  0.000  0.352     0.00     0.00     0.00     0.00     0.00 -1    -1e-30      0.00 7.093e-01 2.855e-01 5.407e-04 8.367e-04 2.047e-03 -1.000 5.148e-03 -1.329 -1.250 -0.734 -1.929
0.005 -0.48482 8.80000 2.3010039330 2.5794382172    2.299  2.478  3.6689  1.949    3  0.000  0.352     0.00     0.00     0.00     0.00     0.00 -1    -1e-30      0.00 7.078e-01 2.871e-01 5.386e-04 8.459e-04 2.039e-03 -1.000 5.123e-03 -1.426 -1.338 -0.813 -2.025
0.005 -0.48482 8.80000 2.3012909889 2.5794470546    2.300  2.519  3.6659  1.896    3  0.000  0.352     4.70     3.42     2.54     1.88     1.53  4    -1e-30      0.00 7.065e-01 2.884e-01 5.370e-04 8.533e-04 2.033e-03 -1.000 5.140e-03 -1.527 -1.430 -0.895 -2.124
0.005 -0.48482 8.80000 2.3016133308 2.5794569752    2.300  2.562  3.6626  1.841    3  0.000  0.352     5.24     3.78     2.80     2.07     1.68  4    -1e-30      0.00 7.054e-01 2.894e-01 5.357e-04 8.590e-04 2.028e-03 -1.000 5.133e-03 -1.634 -1.526 -0.981 -2.229
0.005 -0.48482 8.80000 2.3017094135 2.5794599318    2.300  2.571  3.6619  1.828    3  0.000  0.352     5.37     3.87     2.86     2.11     1.72  4    -1e-30      0.00 7.052e-01 2.896e-01 5.355e-04 8.599e-04 2.027e-03 -1.000 5.126e-03 -1.658 -1.548 -1.000 -2.252
0.005 -0.48482 8.80000 2.3018682003 2.5794648171    2.300  2.543  3.6640  1.864    4  0.000  0.352     0.00     0.00     0.00     0.00     0.00 -1    -1e-30      0.00 7.052e-01 2.896e-01 5.355e-04 8.600e-04 2.027e-03 -1.000 5.126e-03 -1.588 -1.485 -0.944 -2.184
0.005 -0.48482 8.80000 2.3020372391 2.5794700170    2.301  2.512  3.6665  1.906    4  0.000  0.352     0.00     0.00     0.00     0.00     0.00 -1    -1e-30      0.00 7.052e-01 2.896e-01 5.355e-04 8.600e-04 2.027e-03 -1.000 5.126e-03 -1.510 -1.415 -0.882 -2.108
0.005 -0.48482 8.80000 2.3022997379 2.5794780901    2.301  2.475  3.6694  1.954    4  0.000  0.352     0.00     0.00     0.00     0.00     0.00 -1    -1e-30      0.00 7.052e-01 2.896e-01 5.354e-04 8.600e-04 2.027e-03 -1.000 5.125e-03 -1.419 -1.333 -0.809 -2.018
0.005 -0.48482 8.80000 2.3026285172 2.5794881987    2.301  2.444  3.6719  1.996    4  0.000  0.352     0.00     0.00     0.00     0.00     0.00 -1    -1e-30      0.00 7.052e-01 2.896e-01 5.354e-04 8.601e-04 2.027e-03 -1.000 5.125e-03 -1.339 -1.260 -0.745 -1.939
0.005 -0.48482 8.80000 2.3031895161 2.5795054394    2.302  2.405  3.6748  2.046    4  0.000  0.352     0.00     0.00     0.00     0.00     0.00 -1    -1e-30      0.00 7.052e-01 2.897e-01 5.354e-04 8.602e-04 2.027e-03 -1.000 5.125e-03 -1.243 -1.172 -0.666 -1.844
0.005 -0.48482 8.80000 2.3038473129 2.5795256426    2.302  2.366  3.6779  2.098    4  0.000  0.352     0.00     0.00     0.00     0.00     0.00 -1    -1e-30      0.00 7.052e-01 2.897e-01 5.354e-04 8.603e-04 2.027e-03 -1.000 5.124e-03 -1.144 -1.083 -0.586 -1.748
0.005 -0.48482 8.80000 2.3043971062 2.5795425185    2.303  2.330  3.6807  2.145    4  0.000  0.352     0.00     0.00     0.00     0.00     0.00 -1    -1e-30      0.00 7.052e-01 2.897e-01 5.354e-04 8.603e-04 2.027e-03 -1.000 5.124e-03 -1.054 -1.002 -0.512 -1.660
0.005 -0.48482 8.80000 2.3048532009 2.5795565113    2.303  2.298  3.6831  2.187    4  0.000  0.352     0.00     0.00     0.00     0.00     0.00 -1    -1e-30      0.00 7.052e-01 2.897e-01 5.354e-04 8.604e-04 2.027e-03 -1.000 5.123e-03 -0.974 -0.929 -0.445 -1.581
0.005 -0.48482 8.80000 2.3053081036 2.5795704612    2.304  2.265  3.6856  2.230    4  0.000  0.352     0.00     0.00     0.00     0.00     0.00 -1    -1e-30      0.00 7.052e-01 2.897e-01 5.354e-04 8.605e-04 2.027e-03 -1.000 5.123e-03 -0.891 -0.853 -0.377 -1.499
0.005 -0.48482 8.80000 2.3057734966 2.5795847262    2.304  2.230  3.6882  2.275    4  0.000  0.352     0.00     0.00     0.00     0.00     0.00 -1    -1e-30      0.00 7.052e-01 2.897e-01 5.354e-04 8.605e-04 2.027e-03 -1.000 5.123e-03 -0.805 -0.774 -0.305 -1.414
0.005 -0.48482 8.80000 2.3062624931 2.5795997075    2.305  2.194  3.6909  2.322    4  0.000  0.352     0.00     0.00     0.00     0.00     0.00 -1    -1e-30      0.00 7.052e-01 2.897e-01 5.353e-04 8.606e-04 2.027e-03 -1.000 5.122e-03 -0.715 -0.691 -0.229 -1.325
0.005 -0.48482 8.80000 2.3067731857 2.5796153458    2.305  2.158  3.6936  2.369    4  0.000  0.352     0.00     0.00     0.00     0.00     0.00 -1    -1e-30      0.00 7.052e-01 2.897e-01 5.353e-04 8.607e-04 2.027e-03 -1.000 5.122e-03 -0.625 -0.607 -0.152 -1.234
0.005 -0.48482 8.80000 2.3073365688 2.5796325883    2.306  2.120  3.6964  2.418    4  0.000  0.352     0.00     0.00     0.00     0.00     0.00 -1    -1e-30      0.00 7.052e-01 2.897e-01 5.353e-04 8.608e-04 2.027e-03 -1.000 5.122e-03 -0.530 -0.519 -0.072 -1.140
0.005 -0.48482 8.80000 2.3079702854 2.5796519718    2.306  2.082  3.6993  2.468    4  0.000  0.352     0.00     0.00     0.00     0.00     0.00 -1    -1e-30      0.00 7.052e-01 2.897e-01 5.353e-04 8.609e-04 2.027e-03 -1.000 5.121e-03 -0.434 -0.430 0.010 -1.044
0.005 -0.48482 8.80000 2.3088486195 2.5796788172    2.307  2.036  3.7029  2.529    4  0.000  0.352     0.00     0.00     0.00     0.00     0.00 -1    -1e-30      0.00 7.052e-01 2.897e-01 5.353e-04 8.610e-04 2.026e-03 -1.000 5.120e-03 -0.319 -0.323 0.108 -0.928
0.005 -0.48482 8.80000 2.3100194931 2.5797145673    2.308  1.988  3.7068  2.592    4  0.000  0.352     0.00     0.00     0.00     0.00     0.00 -1    -1e-30      0.00 7.052e-01 2.897e-01 5.353e-04 8.612e-04 2.026e-03 -1.000 5.119e-03 -0.200 -0.212 0.210 -0.810
0.005 -0.48482 8.80000 2.3118693829 2.5797709648    2.310  1.939  3.7117  2.662    4  0.000  0.352     0.00     0.00     0.00     0.00     0.00 -1    -1e-30      0.00 7.052e-01 2.897e-01 5.352e-04 8.614e-04 2.026e-03 -1.000 5.118e-03 -0.076 -0.098 0.313 -0.685
0.005 -0.48482 8.80000 2.3152179718 2.5798727895    2.314  1.899  3.7181  2.728    4  0.000  0.352     0.00     0.00     0.00     0.00     0.00 -1    -1e-30      0.00 7.052e-01 2.897e-01 5.351e-04 8.619e-04 2.026e-03 -1.000 5.115e-03 0.023 -0.011 0.385 -0.584
0.005 -0.48482 8.80000 2.3172101974 2.5799332090    2.316  1.889  3.7211  2.750    4  0.000  0.352     0.00     0.00     0.00     0.00     0.00 -1    -1e-30      0.00 7.052e-01 2.897e-01 5.351e-04 8.622e-04 2.025e-03 -1.000 5.114e-03 0.048 0.009 0.399 -0.558
0.005 -0.48482 8.80000 2.3209698200 2.5800469047    2.319  1.897  3.7224  2.748    4  0.000  0.352     0.00     0.00     0.00     0.00     0.00 -1    -1e-30      0.00 7.052e-01 2.897e-01 5.350e-04 8.628e-04 2.025e-03 -1.000 5.111e-03 0.027 -0.014 0.373 -0.578
0.005 -0.48482 8.80000 2.3233704567 2.5801192816    2.322  1.902  3.7225  2.744    4  0.000  0.352     0.00     0.00     0.00     0.00     0.00 -1    -1e-30      0.00 7.052e-01 2.897e-01 5.349e-04 8.631e-04 2.025e-03 -1.000 5.109e-03 0.014 -0.028 0.359 -0.591
0.005 -0.48482 8.80000 2.3400514126 2.5806174841    2.339  1.940  3.7236  2.714    5  0.000  0.352     0.00     0.00     0.00     0.00     0.00 -1    -1e-30      0.00 7.051e-01 2.897e-01 5.342e-04 8.660e-04 2.022e-03 -1.000 5.137e-03 -0.079 -0.123 0.262 -0.684
0.005 -0.48482 8.80000 2.3615722656 2.5812482956    2.360  1.992  3.7242  2.667    5  0.000  0.352     0.00     0.00     0.00     0.00     0.00 -1    -1e-30      0.00 7.051e-01 2.898e-01 5.333e-04 8.696e-04 2.019e-03 -1.000 5.173e-03 -0.211 -0.256 0.127 -0.815
0.005 -0.48482 8.80000 2.3729934692 2.5815777304    2.372  2.022  3.7244  2.641    5  0.000  0.351     0.00     0.00     0.00     0.00     0.00 -1    -1e-30      0.00 7.050e-01 2.898e-01 5.329e-04 8.716e-04 2.018e-03 -1.000 5.192e-03 -0.285 -0.330 0.053 -0.889
0.005 -0.48482 8.80000 2.3797147274 2.5817699005    2.378  2.039  3.7245  2.625    5  0.000  0.351     0.00     0.00     0.00     0.00     0.00 -1    -1e-30      0.00 7.051e-01 2.898e-01 5.328e-04 8.719e-04 2.018e-03 -1.000 5.187e-03 -0.328 -0.373 0.010 -0.932
0.005 -0.48482 8.80000 2.4012296200 2.5823767312    2.400  2.094  3.7245  2.574    5  0.000  0.351     0.00     0.00     0.00     0.00     0.00 -1    -1e-30      0.00 7.051e-01 2.897e-01 5.326e-04 8.730e-04 2.017e-03 -1.000 5.171e-03 -0.466 -0.511 -0.129 -1.070
0.005 -0.48482 8.80000 2.4226169586 2.5829676955    2.421  2.146  3.7237  2.522    5  0.000  0.351     0.00     0.00     0.00     0.00     0.00 -1    -1e-30      0.00 7.052e-01 2.897e-01 5.324e-04 8.742e-04 2.016e-03 -1.000 5.156e-03 -0.596 -0.640 -0.256 -1.200
0.005 -0.48482 8.80000 2.4233369827 2.5829873823    2.422  2.148  3.7237  2.521    5  0.000  0.351     0.00     0.00     0.00     0.00     0.00 -1    -1e-30      0.00 7.052e-01 2.896e-01 5.324e-04 8.742e-04 2.015e-03 -1.000 5.156e-03 -0.601 -0.645 -0.261 -1.205
0.005 -0.48482 8.80000 2.4265697002 2.5830756049    2.425  2.156  3.7235  2.512    5  0.000  0.352     0.00     0.00     0.00     0.00     0.00 -1    -1e-30      0.00 7.052e-01 2.896e-01 5.324e-04 8.744e-04 2.015e-03 -1.000 5.156e-03 -0.621 -0.664 -0.280 -1.225
0.005 -0.48482 8.80000 2.4343996048 2.5832881710    2.433  2.172  3.7219  2.492    5  0.000  0.352     0.00     0.00     0.00     0.00     0.00 -1    -1e-30      0.00 7.052e-01 2.896e-01 5.323e-04 8.748e-04 2.015e-03 -1.000 5.158e-03 -0.659 -0.701 -0.313 -1.265
0.005 -0.48482 8.80000 2.4572756290 2.5839002941    2.456  2.212  3.7122  2.417    6  0.000  0.352     0.00     0.00     0.00     0.00     0.00 -1    -1e-30      0.00 7.053e-01 2.895e-01 5.323e-04 8.760e-04 2.014e-03 -1.000 5.162e-03 -0.759 -0.783 -0.372 -1.369
0.005 -0.48482 8.80000 2.4630475044 2.5840526752    2.462  2.237  3.7036  2.358    6  0.000  0.352     0.00     0.00     0.00     0.00     0.00 -1    -1e-30      0.00 7.053e-01 2.895e-01 5.322e-04 8.763e-04 2.013e-03 -1.000 5.163e-03 -0.823 -0.830 -0.399 -1.435
0.005 -0.48482 8.80000 2.4639596939 2.5840766824    2.462  2.274  3.6974  2.297    6  0.000  0.352     0.00     0.00     0.00     0.00     0.00 -1    -1e-30      0.00 7.053e-01 2.895e-01 5.322e-04 8.763e-04 2.013e-03 -1.000 5.163e-03 -0.914 -0.907 -0.460 -1.526
0.005 -0.48482 8.80000 2.4641933441 2.5840828284    2.463  2.312  3.6929  2.241    6  0.000  0.352     0.00     0.00     0.00     0.00     0.00 -1    -1e-30      0.00 7.053e-01 2.895e-01 5.322e-04 8.763e-04 2.013e-03 -1.000 5.163e-03 -1.009 -0.991 -0.533 -1.621
0.005 -0.48482 8.80000 2.4642527103 2.5840843898    2.463  2.331  3.6909  2.214    6  0.000  0.352     0.00     0.00     0.00     0.00     0.00 -1    -1e-30      0.00 7.053e-01 2.895e-01 5.322e-04 8.764e-04 2.013e-03 -1.000 5.163e-03 -1.058 -1.035 -0.571 -1.669
0.005 -0.48482 8.80000 2.4643182755 2.5840861141    2.463  2.373  3.6871  2.157    7  0.000  0.352     0.00     0.00     0.00     0.00     0.00 -1    -1e-30      0.00 7.053e-01 2.895e-01 5.322e-04 8.764e-04 2.013e-03 -1.000 5.163e-03 -1.163 -1.129 -0.656 -1.773
0.005 -0.48482 8.80000 2.4643778801 2.5840876815    2.463  2.406  3.6842  2.112    7  0.000  0.352     0.00     0.00     0.00     0.00     0.00 -1    -1e-30      0.00 7.053e-01 2.895e-01 5.322e-04 8.764e-04 2.013e-03 -1.000 5.163e-03 -1.246 -1.204 -0.723 -1.854
0.005 -0.48482 8.80000 2.4646427631 2.5840946463    2.463  2.414  3.6837  2.102    7  0.000  0.352     0.00     0.00     0.00     0.00     0.00 -1    -1e-30      0.00 7.053e-01 2.895e-01 5.322e-04 8.764e-04 2.013e-03 -1.000 5.163e-03 -1.265 -1.222 -0.739 -1.874
0.005 -0.48482 8.80000 2.4662351608 2.5841364798    2.465  2.396  3.6851  2.126    7  0.000  0.352     0.00     0.00     0.00     0.00     0.00 -1    -1e-30      0.00 7.053e-01 2.895e-01 5.322e-04 8.765e-04 2.013e-03 -1.000 5.163e-03 -1.220 -1.181 -0.701 -1.829
0.005 -0.48482 8.80000 2.4668593407 2.5841528605    2.465  2.422  3.6828  2.091    7  0.000  0.352     0.00     0.00     0.00     0.00     0.00 -1 -2.32e-29      0.00 7.053e-01 2.895e-01 5.322e-04 8.765e-04 2.013e-03 -1.000 5.177e-03 -1.285 -1.240 -0.755 -1.893
0.005 -0.48482 8.80000 2.4674139023 2.5841674063    2.466  2.459  3.6796  2.041    7  0.000  0.352     0.00     0.00     0.00     0.00     0.00 -1  -1.5e-24      0.00 7.054e-01 2.894e-01 5.322e-04 8.765e-04 2.013e-03 -1.000 5.225e-03 -1.377 -1.322 -0.828 -1.983
0.005 -0.48482 8.80000 2.4680354595 2.5841837003    2.467  2.498  3.6763  1.989    7  0.000  0.352     0.00     0.00     0.00     0.00     0.00 -1  -2.2e-14      0.00 7.054e-01 2.893e-01 5.322e-04 8.765e-04 2.013e-03 -1.000 5.324e-03 -1.476 -1.411 -0.907 -2.080
0.005 -0.48482 8.80000 2.4686324596 2.5841993417    2.467  2.539  3.6727  1.934    7  0.000  0.352     4.52     3.25     2.43     1.79     1.45  4 -2.93e-12      0.00 7.054e-01 2.893e-01 5.322e-04 8.766e-04 2.013e-03 -1.000 5.341e-03 -1.578 -1.503 -0.988 -2.181
0.005 -0.48482 8.80000 2.4691691399 2.5842133953    2.467  2.580  3.6685  1.877    7  0.000  0.352     5.06     3.61     2.68     1.97     1.61  4 -1.12e-10      0.00 7.054e-01 2.893e-01 5.322e-04 8.766e-04 2.013e-03 -1.000 5.348e-03 -1.679 -1.592 -1.064 -2.280
0.005 -0.48482 8.80000 2.4695374966 2.5842230370    2.468  2.610  3.6645  1.831    7  0.000  0.352     5.54     3.92     2.90     2.14     1.74  4 -1.29e-10      0.00 7.054e-01 2.893e-01 5.322e-04 8.766e-04 2.013e-03 -1.000 5.348e-03 -1.754 -1.654 -1.113 -2.352
0.005 -0.48482 8.80000 2.4699897766 2.5842348710    2.468  2.650  3.6612  1.777    7  0.000  0.352     6.15     4.32     3.18     2.35     1.91  4 -4.69e-10      0.00 7.054e-01 2.893e-01 5.322e-04 8.767e-04 2.013e-03 -1.000 5.353e-03 -1.854 -1.743 -1.193 -2.449
0.005 -0.48482 8.80000 2.4703981876 2.5842455528    2.468  2.690  3.6579  1.724    7  0.000  0.352     6.82     4.75     3.48     2.58     2.10  4 -6.51e-10      0.00 7.054e-01 2.893e-01 5.321e-04 8.767e-04 2.013e-03 -1.000 5.353e-03 -1.954 -1.831 -1.270 -2.545
0.005 -0.48482 8.80000 2.4707641602 2.5842551212    2.468  2.730  3.6535  1.666    7  0.000  0.352     7.65     5.28     3.85     2.85     2.33  4 -7.99e-10      0.00 7.054e-01 2.893e-01 5.319e-04 8.769e-04 2.013e-03 -1.000 5.353e-03 -2.056 -1.915 -1.340 -2.639
0.005 -0.48482 8.80000 2.4710943699 2.5842637518    2.469  2.771  3.6504  1.613    7  0.000  0.351     8.48     5.81     4.22     3.13     2.56  4 -9.77e-10      0.00 7.054e-01 2.893e-01 5.314e-04 8.773e-04 2.013e-03 -1.000 5.353e-03 -2.157 -2.004 -1.419 -2.735
0.005 -0.48482 8.80000 2.4713916779 2.5842715202    2.469  2.811  3.6472  1.560    7  0.000  0.350     9.41     6.39     4.62     3.44     2.80  4 -1.19e-09      0.00 7.054e-01 2.893e-01 5.304e-04 8.783e-04 2.013e-03 -1.000 5.353e-03 -2.257 -2.090 -1.496 -2.829
0.005 -0.48482 8.80000 2.4716627598 2.5842786015    2.469  2.851  3.6439  1.507    7  0.000  0.350    10.44     7.04     5.07     3.77     3.08  4 -1.44e-09      0.00 7.054e-01 2.893e-01 5.293e-04 8.795e-04 2.013e-03 -1.000 5.353e-03 -2.357 -2.176 -1.570 -2.922
0.005 -0.48482 8.80000 2.4719109535 2.5842850833    2.469  2.891  3.6407  1.454    7  0.000  0.349    11.59     7.74     5.55     4.14     3.38  4 -1.75e-09      0.00 7.054e-01 2.893e-01 5.280e-04 8.809e-04 2.013e-03 -1.000 5.353e-03 -2.457 -2.259 -1.643 -3.014
0.005 -0.48482 8.80000 2.4721405506 2.5842910781    2.469  2.931  3.6374  1.402    7  0.000  0.348    12.85     8.52     6.08     4.54     3.71  4 -2.13e-09      0.00 7.054e-01 2.893e-01 5.268e-04 8.826e-04 2.013e-03 -1.000 5.353e-03 -2.556 -2.342 -1.713 -3.106
0.005 -0.48482 8.80000 2.4723539352 2.5842966484    2.468  2.970  3.6341  1.349    7  0.000  0.347    14.25     9.37     6.66     4.98     4.07  4 -2.56e-09      0.00 7.054e-01 2.893e-01 5.256e-04 8.841e-04 2.013e-03 -1.000 5.353e-03 -2.655 -2.424 -1.783 -3.197
0.005 -0.48482 8.80000 2.4725518227 2.5843018132    2.468  3.010  3.6309  1.296    7  0.000  0.346    15.80    10.31     7.30     5.46     4.46  4 -3.11e-09      0.00 7.054e-01 2.893e-01 5.246e-04 8.855e-04 2.013e-03 -1.000 5.352e-03 -2.754 -2.506 -1.852 -3.288
0.005 -0.48482 8.80000 2.4727358818 2.5843066162    2.468  3.049  3.6276  1.243    7  0.000  0.346    17.52    11.34     7.99     5.99     4.90  4 -3.74e-09      0.00 7.053e-01 2.893e-01 5.237e-04 8.866e-04 2.013e-03 -1.000 5.376e-03 -2.853 -2.586 -1.919 -3.377
0.005 -0.48482 8.80000 2.4729082584 2.5843111137    2.468  3.089  3.6243  1.191    7  0.000  0.345    19.41    12.46     8.75     6.57     5.37  4 -4.52e-09      0.00 7.053e-01 2.893e-01 5.230e-04 8.875e-04 2.013e-03 -1.000 5.367e-03 -2.951 -2.666 -1.985 -3.466
0.005 -0.48482 8.80000 2.4730710983 2.5843153616    2.467  3.128  3.6210  1.139    7  0.000  0.345    21.51    13.70     9.58     7.20     5.89  4 -5.42e-09      0.00 7.053e-01 2.893e-01 5.223e-04 8.884e-04 2.012e-03 -1.000 5.366e-03 -3.049 -2.745 -2.050 -3.554
0.005 -0.48482 8.80000 2.4732265472 2.5843194161    2.467  3.167  3.6176  1.086    7  0.000  0.345    23.86    15.08    10.49     7.90     6.46  4 -6.49e-09      0.00 7.053e-01 2.893e-01 5.217e-04 8.894e-04 2.012e-03 -1.000 5.366e-03 -3.147 -2.822 -2.113 -3.641
0.005 -0.48482 8.80000 2.4733772278 2.5843233458    2.466  3.206  3.6142  1.032    7  0.000  0.344    26.48    16.60    11.50     8.67     7.09  4 -7.86e-09      0.00 7.053e-01 2.893e-01 5.212e-04 8.904e-04 2.011e-03 -1.000 5.366e-03 -3.246 -2.900 -2.176 -3.729
0.005 -0.48482 8.80000 2.4735262394 2.5843272313    2.465  3.246  3.6107  0.979    7  0.000  0.344    29.41    18.29    12.62     9.52     7.79  4 -9.45e-09      0.00 7.053e-01 2.893e-01 5.207e-04 8.914e-04 2.011e-03 -1.000 5.366e-03 -3.345 -2.977 -2.237 -3.816
0.005 -0.48482 8.80000 2.4736781120 2.5843311909    2.464  3.286  3.6072  0.924    7  0.000  0.344    32.72    20.17    13.86    10.47     8.57  4 -1.13e-08      0.00 7.053e-01 2.893e-01 5.204e-04 8.924e-04 2.010e-03 -1.000 5.366e-03 -3.445 -3.053 -2.296 -3.903
0.005 -0.48482 8.80000 2.4738733768 2.5843362810    2.463  3.334  3.6029  0.859    7  0.000  0.344    37.21    22.72    15.52    11.75     9.62  3 -1.42e-08      0.00 7.053e-01 2.894e-01 5.200e-04 8.934e-04 2.010e-03 -1.000 5.337e-03 -3.566 -3.144 -2.365 -4.008
0.005 -0.48482 8.80000 2.4740552902 2.5843410222    2.461  3.379  3.5989  0.798    7  0.000  0.344    41.90    25.34    17.23    13.07    10.70  3 -1.73e-08      0.00 7.053e-01 2.894e-01 5.198e-04 8.941e-04 2.009e-03 -1.000 5.351e-03 -3.677 -3.227 -2.427 -4.103
0.005 -0.48482 8.80000 2.4741251469 2.5843428427    2.460  3.408  3.5963  0.758    7  0.000  0.344    45.27    27.22    18.45    14.01    11.47  3 -1.98e-08      0.00 7.053e-01 2.894e-01 5.196e-04 8.943e-04 2.009e-03 -1.000 5.353e-03 -3.750 -3.280 -2.466 -4.165
0.005 -0.48482 8.80000 2.4741861820 2.5843444331    2.459  3.437  3.5937  0.719    7  0.000  0.344    48.94    29.25    19.76    15.02    12.30  3 -2.28e-08      0.00 7.053e-01 2.894e-01 5.196e-04 8.943e-04 2.009e-03 -1.000 5.353e-03 -3.822 -3.334 -2.505 -4.227
0.005 -0.48482 8.80000 2.4742507935 2.5843461167    2.458  3.472  3.5905  0.671    7  0.000  0.344    53.70    31.86    21.44    16.32    13.37  3 -2.66e-08      0.00 7.053e-01 2.894e-01 5.195e-04 8.943e-04 2.009e-03 -1.000 5.353e-03 -3.909 -3.396 -2.550 -4.300
0.005 -0.48482 8.80000 2.4743251801 2.5843480549    2.456  3.511  3.5869  0.617    7  0.000  0.344    59.67    35.11    23.53    17.93    14.69  3 -3.15e-08      0.00 7.053e-01 2.894e-01 5.195e-04 8.943e-04 2.009e-03 -1.000 5.353e-03 -4.007 -3.464 -2.595 -4.381
0.005 -0.48482 8.80000 2.4744176865 2.5843504650    2.454  3.555  3.5827  0.556    7  0.000  0.344    67.27    39.22    26.15    19.96    16.36  3 -3.86e-08      0.00 7.053e-01 2.894e-01 5.195e-04 8.943e-04 2.009e-03 -1.000 5.353e-03 -4.116 -3.538 -2.643 -4.470
0.005 -0.48482 8.80000 2.4744527340 2.5843513780    2.453  3.569  3.5813  0.536    7  0.000  0.344    69.89    40.63    27.04    20.65    16.93  3 -4.12e-08      0.00 7.053e-01 2.894e-01 5.195e-04 8.944e-04 2.009e-03 -1.000 5.353e-03 -4.151 -3.562 -2.658 -4.499
0.005 -0.48482 8.80000 2.4744610786 2.5843515954    2.453  3.583  3.5800  0.517    7  0.000  0.344    72.66    42.11    27.98    21.38    17.53  3 -4.39e-08      0.00 7.053e-01 2.894e-01 5.195e-04 8.944e-04 2.009e-03 -1.000 5.353e-03 -4.187 -3.587 -2.673 -4.528
0.005 -0.48482 8.80000 2.4744708538 2.5843518500    2.453  3.598  3.5785  0.496    7  0.000  0.344    75.69    43.73    29.01    22.18    18.19  2 -4.71e-08      0.00 7.053e-01 2.894e-01 5.195e-04 8.944e-04 2.009e-03 -1.000 5.353e-03 -4.225 -3.610 -2.685 -4.557
0.005 -0.48482 8.80000 2.4744820595 2.5843521419    2.452  3.613  3.5769  0.474    7  0.000  0.344    79.02    45.50    30.13    23.05    18.90  2 -5.04e-08      0.00 7.053e-01 2.894e-01 5.195e-04 8.944e-04 2.009e-03 -1.000 5.353e-03 -4.264 -3.633 -2.695 -4.587
0.005 -0.48482 8.80000 2.4745025635 2.5843526761    2.451  3.631  3.5751  0.449    7  0.000  0.344    82.92    47.57    31.43    24.07    19.74  2 -5.42e-08      0.00 7.053e-01 2.894e-01 5.195e-04 8.944e-04 2.009e-03 -1.000 5.353e-03 -4.307 -3.659 -2.706 -4.620
0.005 -0.48482 8.80000 2.4745216370 2.5843531729    2.450  3.631  3.5751  0.448    7  0.000  0.344    83.05    47.63    31.48    24.10    19.76  2 -5.45e-08      0.00 7.053e-01 2.894e-01 5.195e-04 8.944e-04 2.009e-03 -1.000 5.353e-03 -4.308 -3.660 -2.707 -4.622
0.005 -0.48482 8.80000 2.4745218754 2.5843531792    2.450  3.674  3.5705  0.387    7  0.000  0.344    93.63    53.20    34.98    26.83    22.01  2 -7.55e-08      0.00 7.053e-01 2.894e-01 5.195e-04 8.944e-04 2.009e-03 -1.000 5.353e-03 -4.415 -3.720 -2.729 -4.702
0.005 -0.48482 8.80000 2.4745221138 2.5843531854    2.450  3.698  3.5676  0.352    7  0.000  0.344   100.40    56.74    37.20    28.55    23.43  2 -9.69e-08      0.00 7.053e-01 2.894e-01 5.195e-04 8.944e-04 2.009e-03 -1.000 5.353e-03 -4.476 -3.749 -2.729 -4.744
0.005 -0.48482 8.80000 2.4745223522 2.5843531916    2.450  3.691  3.5686  0.363    7  0.000  0.344    98.24    55.61    36.49    28.00    22.98  2 -8.92e-08      0.00 7.053e-01 2.894e-01 5.195e-04 8.944e-04 2.009e-03 -1.000 5.353e-03 -4.457 -3.741 -2.731 -4.731
0.005 -0.48482 8.80000 2.4745225906 2.5843531978    2.450  3.666  3.5713  0.398    7  0.000  0.344    91.65    52.16    34.33    26.32    21.59  2 -6.95e-08      0.00 7.053e-01 2.894e-01 5.195e-04 8.944e-04 2.009e-03 -1.000 5.353e-03 -4.396 -3.709 -2.725 -4.687
0.005 -0.48482 8.80000 2.4745228291 2.5843532040    2.450  3.654  3.5727  0.416    7  0.000  0.344    88.49    50.50    33.29    25.51    20.92  2 -6.11e-08      0.00 7.053e-01 2.894e-01 5.195e-04 8.944e-04 2.009e-03 -1.000 5.353e-03 -4.365 -3.692 -2.719 -4.664
0.005 -0.48482 8.80000 2.4745233059 2.5843532164    2.450  3.653  3.5728  0.417    7  0.000  0.344    88.27    50.39    33.21    25.45    20.88  2 -6.07e-08      0.00 7.053e-01 2.894e-01 5.195e-04 8.944e-04 2.009e-03 -1.000 5.353e-03 -4.363 -3.691 -2.719 -4.663
0.005 -0.48482 8.80000 2.4745237827 2.5843532288    2.450  3.639  3.5743  0.438    7  0.000  0.344    84.80    48.56    32.06    24.55    20.14  2 -5.63e-08      0.00 7.053e-01 2.894e-01 5.195e-04 8.944e-04 2.009e-03 -1.000 5.353e-03 -4.327 -3.670 -2.711 -4.636
0.005 -0.48482 8.80000 2.4745247364 2.5843532537    2.450  3.624  3.5758  0.458    7  0.000  0.344    81.47    46.80    30.95    23.69    19.43  2  -5.3e-08      0.00 7.053e-01 2.894e-01 5.195e-04 8.944e-04 2.009e-03 -1.000 5.353e-03 -4.291 -3.650 -2.703 -4.608
0.005 -0.48482 8.80000 2.4745256901 2.5843532785    2.450  3.612  3.5772  0.476    7  0.000  0.344    78.62    45.29    29.99    22.95    18.82  2 -4.99e-08      0.00 7.053e-01 2.894e-01 5.195e-04 8.944e-04 2.009e-03 -1.000 5.353e-03 -4.259 -3.631 -2.695 -4.584
0.005 -0.48482 8.80000 2.4745266438 2.5843533034    2.450  3.599  3.5784  0.494    7  0.000  0.344    75.93    43.86    29.09    22.24    18.24  2 -4.73e-08      0.00 7.053e-01 2.894e-01 5.195e-04 8.944e-04 2.009e-03 -1.000 5.353e-03 -4.227 -3.611 -2.685 -4.559
0.005 -0.48482 8.80000 2.4745283127 2.5843533468    2.450  3.586  3.5796  0.512    7  0.000  0.344    73.34    42.48    28.22    21.57    17.68  2 -4.48e-08      0.00 7.053e-01 2.894e-01 5.195e-04 8.944e-04 2.009e-03 -1.000 5.353e-03 -4.195 -3.591 -2.675 -4.534
0.005 -0.48482 8.80000 2.4745297432 2.5843533841    2.450  3.573  3.5808  0.529    7  0.000  0.344    70.85    41.15    27.37    20.91    17.14  3 -4.22e-08      0.00 7.053e-01 2.894e-01 5.195e-04 8.944e-04 2.009e-03 -1.000 5.353e-03 -4.163 -3.570 -2.662 -4.508
0.005 -0.48482 8.80000 2.4745316505 2.5843534338    2.450  3.560  3.5820  0.547    7  0.000  0.344    68.44    39.86    26.55    20.27    16.62  3 -3.99e-08      0.00 7.053e-01 2.894e-01 5.195e-04 8.944e-04 2.009e-03 -1.000 5.353e-03 -4.131 -3.547 -2.647 -4.481
0.005 -0.48482 8.80000 2.4745349884 2.5843535207    2.450  3.545  3.5834  0.568    7  0.000  0.344    65.71    38.39    25.61    19.55    16.02  3 -3.75e-08      0.00 7.053e-01 2.894e-01 5.195e-04 8.944e-04 2.009e-03 -1.000 5.353e-03 -4.093 -3.521 -2.630 -4.450
0.005 -0.48482 8.80000 2.4745430946 2.5843537319    2.450  3.523  3.5855  0.598    7  0.000  0.344    61.87    36.31    24.29    18.52    15.18  3 -3.39e-08      0.00 7.053e-01 2.894e-01 5.195e-04 8.944e-04 2.009e-03 -1.000 5.353e-03 -4.037 -3.483 -2.605 -4.404
0.005 -0.48482 8.80000 2.4745471478 2.5843538375    2.450  3.531  3.5848  0.587    7  0.000  0.344    63.25    37.06    24.77    18.89    15.49  3 -3.52e-08      0.00 7.053e-01 2.894e-01 5.195e-04 8.944e-04 2.009e-03 -1.000 5.353e-03 -4.058 -3.497 -2.614 -4.421
0.005 -0.48482 8.80000 2.4745509624 2.5843539368    2.450  3.554  3.5826  0.555    7  0.000  0.344    67.30    39.24    26.16    19.97    16.37  3 -3.92e-08      0.00 7.053e-01 2.894e-01 5.195e-04 8.944e-04 2.009e-03 -1.000 5.353e-03 -4.115 -3.537 -2.640 -4.468
0.005 -0.48482 8.80000 2.4745552540 2.5843540486    2.449  3.581  3.5802  0.519    7  0.000  0.344    72.27    41.90    27.85    21.28    17.45  3 -4.44e-08      0.00 7.053e-01 2.894e-01 5.195e-04 8.944e-04 2.009e-03 -1.000 5.353e-03 -4.181 -3.582 -2.670 -4.523
0.005 -0.48482 8.80000 2.4745604992 2.5843541853    2.449  3.607  3.5776  0.482    7  0.000  0.344    77.73    44.82    29.70    22.72    18.63  2 -4.96e-08      0.00 7.053e-01 2.894e-01 5.195e-04 8.944e-04 2.009e-03 -1.000 5.353e-03 -4.248 -3.624 -2.692 -4.575
0.005 -0.48482 8.80000 2.4745659828 2.5843543281    2.449  3.639  3.5744  0.438    7  0.000  0.344    84.70    48.51    32.03    24.53    20.12  2 -5.69e-08      0.00 7.053e-01 2.894e-01 5.195e-04 8.944e-04 2.009e-03 -1.000 5.353e-03 -4.326 -3.671 -2.712 -4.636
0.005 -0.48482 8.80000 2.4745733738 2.5843545206    2.449  3.665  3.5717  0.401    7  0.000  0.344    91.09    51.87    34.14    26.18    21.47  2 -6.39e-08      0.00 7.053e-01 2.894e-01 5.195e-04 8.944e-04 2.009e-03 -1.000 5.353e-03 -4.392 -3.710 -2.729 -4.686
0.005 -0.48482 8.80000 2.4745852947 2.5843548311    2.448  3.714  3.5665  0.331    7  0.000  0.344   104.55    58.89    38.55    29.61    24.29  2 -7.93e-08      0.00 7.053e-01 2.894e-01 5.195e-04 8.944e-04 2.009e-03 -1.000 5.353e-03 -4.515 -3.776 -2.744 -4.776
0.005 -0.48482 8.80000 2.4746074677 2.5843554087    2.447  3.760  3.5615  0.265    7  0.000  0.344   119.01    66.37    43.20    33.24    27.29  2 -1.07e-07      0.00 7.053e-01 2.894e-01 5.195e-04 8.944e-04 2.009e-03 -1.000 5.353e-03 -4.630 -3.832 -2.747 -4.857
0.005 -0.48482 8.80000 2.4746289253 2.5843559676    2.445  3.780  3.5593  0.236    7  0.000  0.344   125.86    69.88    45.38    34.95    28.69  2 -1.27e-07      0.00 7.053e-01 2.894e-01 5.195e-04 8.944e-04 2.009e-03 -1.000 5.353e-03 -4.679 -3.854 -2.743 -4.890
