Zini MH logAge Mini int_IMF Mass logL logTe logg label McoreTP C_O period0 period1 period2 period3 period4 pmode Mloss tau1m X Y Xc Xn Xo Cexcess Z mbolmag Gmag G_BPmag G_RPmag
0.0045 -0.53140 7.55001 0.0900000036 1.0816895926    0.090 -2.357  3.4568  4.528    0  0.000  0.545     0.00     0.00     0.00     0.00     0.00 -1 -1.02e-15      0.00 7.384e-01 2.570e-01 8.238e-04 2.222e-04 2.016e-03 -1.000 4.581e-03 10.662 11.970 14.021 10.646
0.0045 -0.53140 7.55001 0.0942335948 1.1210484499    0.094 -2.326  3.4604  4.532    0  0.000  0.545     0.00     0.00     0.00     0.00     0.00 -1 -1.06e-15      0.00 7.384e-01 2.570e-01 8.238e-04 2.222e-04 2.016e-03 -1.000 4.581e-03 10.585 11.859 13.852 10.546
0.0045 -0.53140 7.55001 0.1000000089 1.1711064744    0.100 -2.285  3.4652  4.536    0  0.000  0.545     0.00     0.00     0.00     0.00     0.00 -1 -1.13e-15      0.00 7.384e-01 2.570e-01 8.238e-04 2.222e-04 2.016e-03 -1.000 4.581e-03 10.483 11.711 13.633 10.413
0.0045 -0.53140 7.55001 0.1084873006 1.2383303080    0.108 -2.232  3.4710  4.541    0  0.000  0.545     0.00     0.00     0.00     0.00     0.00 -1 -1.21e-15      0.00 7.384e-01 2.570e-01 8.238e-04 2.222e-04 2.016e-03 -1.000 4.581e-03 10.350 11.524 13.362 10.245
0.0045 -0.53140 7.55001 0.1199999973 1.3193154249    0.120 -2.164  3.4785  4.547    0  0.000  0.545     0.00     0.00     0.00     0.00     0.00 -1 -1.34e-15      0.00 7.384e-01 2.570e-01 8.238e-04 2.222e-04 2.016e-03 -1.000 4.581e-03 10.180 11.285 13.018 10.031
0.0045 -0.53140 7.55001 0.1400000006 1.4384526719    0.140 -2.064  3.4887  4.554    0  0.000  0.545     0.00     0.00     0.00     0.00     0.00 -1 -1.55e-15      0.00 7.384e-01 2.570e-01 8.238e-04 2.222e-04 2.016e-03 -1.000 4.581e-03 9.930 10.939 12.531 9.723
0.0045 -0.53140 7.55001 0.1412917376 1.4453785255    0.141 -2.058  3.4892  4.555    0  0.000  0.545     0.00     0.00     0.00     0.00     0.00 -1 -1.56e-15      0.00 7.384e-01 2.570e-01 8.238e-04 2.222e-04 2.016e-03 -1.000 4.581e-03 9.915 10.919 12.502 9.705
0.0045 -0.53140 7.55001 0.1599999964 1.5372931554    0.160 -1.977  3.4972  4.560    0  0.000  0.545     0.00     0.00     0.00     0.00     0.00 -1 -1.76e-15      0.00 7.384e-01 2.570e-01 8.238e-04 2.222e-04 2.016e-03 -1.000 4.581e-03 9.713 10.652 12.147 9.464
0.0045 -0.53140 7.55001 0.2033972591 1.7052786842    0.203 -1.820  3.5127  4.569    0  0.000  0.545     0.00     0.00     0.00     0.00     0.00 -1 -2.22e-15      0.00 7.384e-01 2.570e-01 8.238e-04 2.222e-04 2.016e-03 -1.000 4.581e-03 9.320 10.142 11.485 9.005
0.0045 -0.53140 7.55001 0.2455777824 1.8289701840    0.246 -1.700  3.5238  4.575    0  0.000  0.545     0.00     0.00     0.00     0.00     0.00 -1 -2.64e-15      0.00 7.384e-01 2.570e-01 8.238e-04 2.222e-04 2.016e-03 -1.000 4.581e-03 9.020 9.765 11.013 8.663
0.0045 -0.53140 7.55001 0.2500000000 1.8403257998    0.250 -1.688  3.5248  4.576    0  0.000  0.545     0.00     0.00     0.00     0.00     0.00 -1 -2.69e-15      0.00 7.384e-01 2.570e-01 8.238e-04 2.222e-04 2.016e-03 -1.000 4.581e-03 8.991 9.729 10.969 8.631
0.0045 -0.53140 7.55001 0.2770895660 1.9046128331    0.277 -1.623  3.5306  4.578    0  0.000  0.545     0.00     0.00     0.00     0.00     0.00 -1 -2.95e-15      0.00 7.384e-01 2.570e-01 8.238e-04 2.222e-04 2.016e-03 -1.000 4.581e-03 8.829 9.530 10.727 8.449
0.0045 -0.53140 7.55001 0.3018255234 1.9565554196    0.302 -1.570  3.5354  4.581    0  0.000  0.545     0.00     0.00     0.00     0.00     0.00 -1 -3.18e-15      0.00 7.384e-01 2.570e-01 8.238e-04 2.222e-04 2.016e-03 -1.000 4.581e-03 8.695 9.367 10.531 8.300
0.0045 -0.53140 7.55001 0.3271444142 2.0042836688    0.327 -1.518  3.5399  4.582    0  0.000  0.545     0.00     0.00     0.00     0.00     0.00 -1 -3.43e-15      0.00 7.384e-01 2.570e-01 8.238e-04 2.222e-04 2.016e-03 -1.000 4.581e-03 8.564 9.209 10.341 8.155
0.0045 -0.53140 7.55001 0.3499999642 2.0434174156    0.350 -1.474  3.5437  4.583    0  0.000  0.545     0.00     0.00     0.00     0.00     0.00 -1 -3.69e-15      0.00 7.384e-01 2.570e-01 8.238e-04 2.222e-04 2.016e-03 -1.000 4.581e-03 8.454 9.078 10.185 8.035
0.0045 -0.53140 7.55001 0.3558301628 2.0528707840    0.356 -1.462  3.5447  4.582    0  0.000  0.545     0.00     0.00     0.00     0.00     0.00 -1 -3.77e-15      0.00 7.384e-01 2.570e-01 8.238e-04 2.222e-04 2.016e-03 -1.000 4.581e-03 8.425 9.042 10.143 8.002
0.0045 -0.53140 7.55001 0.3999999762 2.1185023988    0.400 -1.381  3.5520  4.581    0  0.000  0.545     0.00     0.00     0.00     0.00     0.00 -1 -4.29e-15      0.00 7.384e-01 2.570e-01 8.238e-04 2.222e-04 2.016e-03 -1.000 4.581e-03 8.222 8.799 9.854 7.779
0.0045 -0.53140 7.55001 0.4499999881 2.1822809009    0.450 -1.285  3.5612  4.573    0  0.000  0.545     0.00     0.00     0.00     0.00     0.00 -1 -5.09e-15      0.00 7.384e-01 2.570e-01 8.238e-04 2.222e-04 2.016e-03 -1.000 4.581e-03 7.982 8.507 9.508 7.515
0.0045 -0.53140 7.55001 0.4999999404 2.2374540715    0.500 -1.187  3.5723  4.565    0  0.000  0.545     0.00     0.00     0.00     0.00     0.00 -1  -6.1e-15      0.00 7.384e-01 2.570e-01 8.238e-04 2.222e-04 2.016e-03 -1.000 4.581e-03 7.738 8.205 9.147 7.244
0.0045 -0.53140 7.55001 0.5279574394 2.2645286132    0.528 -1.127  3.5802  4.560    0  0.000  0.545     0.00     0.00     0.00     0.00     0.00 -1 -6.84e-15      0.00 7.384e-01 2.570e-01 8.238e-04 2.222e-04 2.016e-03 -1.000 4.581e-03 7.588 8.019 8.923 7.078
0.0045 -0.53140 7.55001 0.5500000119 2.2836582633    0.550 -1.073  3.5875  4.553    0  0.000  0.545     0.00     0.00     0.00     0.00     0.00 -1 -7.63e-15      0.00 7.385e-01 2.570e-01 8.238e-04 2.222e-04 2.016e-03 -1.000 4.581e-03 7.452 7.850 8.721 6.928
0.0045 -0.53140 7.55001 0.5625463128 2.2937799441    0.562 -1.042  3.5924  4.552    0  0.000  0.545     0.00     0.00     0.00     0.00     0.00 -1 -8.08e-15      0.00 7.385e-01 2.569e-01 8.238e-04 2.222e-04 2.016e-03 -1.000 4.581e-03 7.376 7.754 8.604 6.844
0.0045 -0.53140 7.55001 0.5770592093 2.3048590945    0.577 -0.999  3.5992  4.547    0  0.000  0.545     0.00     0.00     0.00     0.00     0.00 -1 -8.84e-15      0.00 7.385e-01 2.569e-01 8.238e-04 2.222e-04 2.016e-03 -1.000 4.581e-03 7.269 7.620 8.444 6.727
0.0045 -0.53140 7.55001 0.5999999642 2.3211212854    0.600 -0.924  3.6120  4.540    0  0.000  0.545     0.00     0.00     0.00     0.00     0.00 -1 -1.04e-14      0.00 7.385e-01 2.569e-01 8.237e-04 2.222e-04 2.016e-03 -1.000 4.581e-03 7.079 7.385 8.156 6.522
0.0045 -0.53140 7.55001 0.6101474762 2.3278676351    0.610 -0.888  3.6188  4.539    0  0.000  0.545     0.00     0.00     0.00     0.00     0.00 -1 -1.12e-14      0.00 7.385e-01 2.569e-01 8.237e-04 2.222e-04 2.016e-03 -1.000 4.581e-03 6.991 7.273 8.017 6.427
0.0045 -0.53140 7.55001 0.6353181005 2.3435370995    0.635 -0.791  3.6385  4.538    0  0.000  0.545     0.00     0.00     0.00     0.00     0.00 -1 -1.37e-14      0.00 7.385e-01 2.569e-01 8.237e-04 2.222e-04 2.016e-03 -1.000 4.581e-03 6.747 6.953 7.618 6.162
0.0045 -0.53140 7.55001 0.6499999166 2.3520352771    0.650 -0.730  3.6514  4.539    0  0.000  0.545     0.00     0.00     0.00     0.00     0.00 -1 -1.56e-14      0.00 7.385e-01 2.569e-01 8.237e-04 2.222e-04 2.016e-03 -1.000 4.581e-03 6.596 6.748 7.356 5.997
0.0045 -0.53140 7.55001 0.6653487682 2.3604599947    0.665 -0.668  3.6657  4.544    0  0.000  0.545     0.00     0.00     0.00     0.00     0.00 -1 -1.77e-14      0.00 7.385e-01 2.569e-01 8.237e-04 2.222e-04 2.016e-03 -1.000 4.581e-03 6.439 6.537 7.091 5.827
0.0045 -0.53140 7.55001 0.6826111674 2.3694163829    0.683 -0.601  3.6811  4.549    0  0.000  0.545     0.00     0.00     0.00     0.00     0.00 -1 -2.02e-14      0.00 7.385e-01 2.569e-01 8.237e-04 2.222e-04 2.016e-03 -1.000 4.581e-03 6.272 6.318 6.823 5.648
0.0045 -0.53140 7.55001 0.6999999881 2.3779266974    0.700 -0.534  3.6962  4.555    0  0.000  0.545     0.00     0.00     0.00     0.00     0.00 -1 -2.32e-14      0.00 7.385e-01 2.569e-01 8.237e-04 2.222e-04 2.016e-03 -1.000 4.581e-03 6.106 6.109 6.573 5.476
0.0045 -0.53140 7.55001 0.7129482627 2.3839546019    0.713 -0.481  3.7098  4.563    0  0.000  0.543     0.00     0.00     0.00     0.00     0.00 -1 -2.57e-14      0.00 7.385e-01 2.569e-01 8.208e-04 2.221e-04 2.016e-03 -1.000 4.581e-03 5.972 5.944 6.373 5.342
0.0045 -0.53140 7.55001 0.7320577502 2.3924043475    0.732 -0.410  3.7279  4.576    0  0.000  0.540     0.00     0.00     0.00     0.00     0.00 -1 -2.94e-14      0.00 7.385e-01 2.569e-01 8.165e-04 2.220e-04 2.016e-03 -1.000 4.581e-03 5.795 5.737 6.125 5.174
0.0045 -0.53140 7.55001 0.7369004488 2.3944657862    0.737 -0.394  3.7320  4.579    0  0.000  0.539     0.00     0.00     0.00     0.00     0.00 -1 -3.04e-14      0.00 7.385e-01 2.569e-01 8.154e-04 2.220e-04 2.016e-03 -1.000 4.581e-03 5.755 5.691 6.070 5.137
0.0045 -0.53140 7.55001 0.7483875155 2.3992331269    0.748 -0.372  3.7387  4.591    0  0.000  0.538     0.00     0.00     0.00     0.00     0.00 -1 -3.14e-14      0.00 7.385e-01 2.569e-01 8.129e-04 2.219e-04 2.016e-03 -1.000 4.581e-03 5.699 5.628 5.993 5.088
0.0045 -0.53140 7.55001 0.7862086296 2.4138038262    0.786 -0.312  3.7533  4.610    0  0.000  0.538     0.00     0.00     0.00     0.00     0.00 -1 -3.46e-14      0.00 7.385e-01 2.569e-01 8.126e-04 2.219e-04 2.016e-03 -1.000 4.581e-03 5.549 5.466 5.801 4.957
0.0045 -0.53140 7.55001 0.7967749834 2.4175913256    0.797 -0.303  3.7559  4.617    0  0.000  0.538     0.00     0.00     0.00     0.00     0.00 -1 -3.48e-14      0.00 7.385e-01 2.569e-01 8.126e-04 2.219e-04 2.016e-03 -1.000 4.581e-03 5.526 5.441 5.771 4.937
0.0045 -0.53140 7.55001 0.8068774343 2.4211060696    0.807 -0.294  3.7580  4.623    0  0.000  0.538     0.00     0.00     0.00     0.00     0.00 -1 -3.51e-14      0.00 7.386e-01 2.569e-01 8.125e-04 2.219e-04 2.016e-03 -1.000 4.580e-03 5.505 5.419 5.744 4.919
0.0045 -0.53140 7.55001 0.8355744481 2.4305590781    0.835 -0.254  3.7645  4.624    0  0.000  0.538     0.00     0.00     0.00     0.00     0.00 -1 -3.77e-14      0.00 7.386e-01 2.568e-01 8.125e-04 2.218e-04 2.015e-03 -1.000 4.565e-03 5.406 5.317 5.630 4.832
0.0045 -0.53140 7.55001 0.8451624513 2.4335533786    0.845 -0.236  3.7672  4.621    0  0.000  0.538     0.00     0.00     0.00     0.00     0.00 -1 -3.92e-14      0.00 7.386e-01 2.568e-01 8.125e-04 2.218e-04 2.015e-03 -1.000 4.576e-03 5.359 5.270 5.577 4.791
0.0045 -0.53140 7.55001 0.8682098389 2.4404408662    0.868 -0.199  3.7724  4.617    0  0.000  0.538     0.00     0.00     0.00     0.00     0.00 -1 -4.23e-14      0.00 7.386e-01 2.568e-01 8.124e-04 2.218e-04 2.015e-03 -1.000 4.578e-03 5.268 5.178 5.476 4.710
0.0045 -0.53140 7.55001 0.8935499191 2.4475438855    0.893 -0.148  3.7789  4.604    0  0.000  0.538     0.00     0.00     0.00     0.00     0.00 -1 -4.75e-14      0.00 7.386e-01 2.568e-01 8.124e-04 2.218e-04 2.015e-03 -1.000 4.581e-03 5.140 5.050 5.335 4.597
0.0045 -0.53140 7.55001 0.9175620675 2.4538600308    0.917 -0.103  3.7841  4.592    0  0.000  0.538     0.00     0.00     0.00     0.00     0.00 -1 -5.26e-14      0.00 7.386e-01 2.568e-01 8.123e-04 2.218e-04 2.015e-03 -1.000 4.581e-03 5.027 4.938 5.212 4.496
0.0045 -0.53140 7.55001 0.9419373274 2.4598943945    0.941 -0.050  3.7903  4.575    0  0.000  0.538     0.00     0.00     0.00     0.00     0.00 -1 -5.99e-14      0.00 7.387e-01 2.567e-01 8.123e-04 2.218e-04 2.014e-03 -1.000 4.581e-03 4.894 4.806 5.069 4.378
0.0045 -0.53140 7.55001 0.9903249145 2.4708673939    0.990  0.053  3.8014  4.539    0  0.000  0.538     0.00     0.00     0.00     0.00     0.00 -1 -7.69e-14      0.00 7.388e-01 2.567e-01 8.120e-04 2.217e-04 2.014e-03 -1.000 4.581e-03 4.638 4.553 4.795 4.150
0.0045 -0.53140 7.55001 1.0254051685 2.4780823451    1.025  0.125  3.8092  4.512    0  0.000  0.538     0.00     0.00     0.00     0.00     0.00 -1  -8.8e-14      0.00 7.388e-01 2.566e-01 8.119e-04 2.217e-04 2.014e-03 -1.000 4.581e-03 4.457 4.375 4.604 3.990
0.0045 -0.53140 7.55001 1.0387122631 2.4806730364    1.038  0.151  3.8121  4.503    0  0.000  0.538     0.00     0.00     0.00     0.00     0.00 -1 -9.24e-14      0.00 7.388e-01 2.566e-01 8.118e-04 2.217e-04 2.014e-03 -1.000 4.581e-03 4.392 4.311 4.535 3.932
0.0045 -0.53140 7.55001 1.0870997906 2.4894816928    1.086  0.244  3.8223  4.471    0  0.000  0.538     0.00     0.00     0.00     0.00     0.00 -1 -1.08e-13      0.00 7.389e-01 2.565e-01 8.120e-04 2.217e-04 2.014e-03 -1.000 4.579e-03 4.160 4.082 4.289 3.726
0.0045 -0.53140 7.55001 1.1354873180 2.4974326128    1.135  0.332  3.8329  4.444    0  0.000  0.538     0.00     0.00     0.00     0.00     0.00 -1 -1.23e-13      0.00 7.389e-01 2.565e-01 8.120e-04 2.217e-04 2.013e-03 -1.000 4.577e-03 3.939 3.864 4.054 3.531
0.0045 -0.53140 7.55001 1.1838748455 2.5046407594    1.183  0.416  3.8439  4.423    0  0.000  0.538     0.00     0.00     0.00     0.00     0.00 -1 -1.36e-13      0.00 7.389e-01 2.565e-01 8.119e-04 2.217e-04 2.013e-03 -1.000 4.576e-03 3.730 3.658 3.832 3.351
0.0045 -0.53140 7.55001 1.2322621346 2.5112017713    1.232  0.495  3.8560  4.410    0  0.000  0.538     0.00     0.00     0.00     0.00     0.00 -1 -1.47e-13      0.00 7.390e-01 2.565e-01 8.118e-04 2.217e-04 2.013e-03 -1.000 4.579e-03 3.533 3.465 3.620 3.185
0.0045 -0.53140 7.55001 1.2806496620 2.5171959299    1.280  0.569  3.8698  4.407    0  0.000  0.538     0.00     0.00     0.00     0.00     0.00 -1 -1.55e-13      0.00 7.390e-01 2.565e-01 8.117e-04 2.216e-04 2.013e-03 -1.000 4.573e-03 3.346 3.284 3.419 3.036
0.0045 -0.53140 7.55001 1.3290373087 2.5226909434    1.329  0.641  3.8851  4.413    0  0.000  0.538     0.00     0.00     0.00     0.00     0.00 -1 -1.57e-13      0.00 7.390e-01 2.564e-01 8.116e-04 2.216e-04 2.013e-03 -1.000 4.571e-03 3.168 3.114 3.227 2.903
0.0045 -0.53140 7.55001 1.3774247169 2.5277443269    1.377  0.709  3.9007  4.423    0  0.000  0.538     0.00     0.00     0.00     0.00     0.00 -1 -1.55e-13      0.00 7.390e-01 2.564e-01 8.116e-04 2.216e-04 2.013e-03 -1.000 4.577e-03 2.998 2.956 3.048 2.782
0.0045 -0.53140 7.55001 1.4258121252 2.5324053073    1.426  0.774  3.9157  4.433    0  0.000  0.538     0.00     0.00     0.00     0.00     0.00 -1 -1.48e-13      0.00 7.390e-01 2.564e-01 8.114e-04 2.216e-04 2.012e-03 -1.000 4.569e-03 2.835 2.810 2.882 2.674
0.0045 -0.53140 7.55001 1.4741996527 2.5367161847    1.474  0.836  3.9301  4.443    0  0.000  0.538     0.00     0.00     0.00     0.00     0.00 -1 -1.37e-13      0.00 7.391e-01 2.564e-01 8.114e-04 2.216e-04 2.012e-03 -1.000 4.578e-03 2.680 2.678 2.731 2.576
0.0045 -0.53140 7.55001 1.5225870609 2.5407134771    1.522  0.895  3.9437  4.452    0  0.000  0.537     0.00     0.00     0.00     0.00     0.00 -1  -1.2e-13      0.00 7.391e-01 2.563e-01 8.114e-04 2.216e-04 2.013e-03 -1.000 4.560e-03 2.532 2.564 2.602 2.491
0.0045 -0.53140 7.55001 1.5709745884 2.5444289269    1.571  0.952  3.9564  4.460    0  0.000  0.538     0.00     0.00     0.00     0.00     0.00 -1  -9.6e-14      0.00 7.391e-01 2.563e-01 8.113e-04 2.215e-04 2.012e-03 -1.000 4.553e-03 2.390 2.460 2.486 2.411
0.0045 -0.53140 7.55001 1.6193619967 2.5478901813    1.619  1.007  3.9686  4.467    0  0.000  0.538     0.00     0.00     0.00     0.00     0.00 -1 -6.43e-14      0.00 7.392e-01 2.563e-01 8.112e-04 2.215e-04 2.012e-03 -1.000 4.558e-03 2.252 2.365 2.381 2.336
0.0045 -0.53140 7.55001 1.6677495241 2.5511214867    1.667  1.059  3.9800  4.473    1  0.000  0.538     0.00     0.00     0.00     0.00     0.00 -1 -5.53e-20      0.00 7.392e-01 2.563e-01 8.111e-04 2.215e-04 2.012e-03 -1.000 4.569e-03 2.122 2.279 2.286 2.266
0.0045 -0.53140 7.55001 1.7161370516 2.5541441388    1.715  1.111  3.9912  4.478    0  0.000  0.537     0.00     0.00     0.00     0.00     0.00 -1    -1e-30      0.00 7.392e-01 2.563e-01 8.111e-04 2.215e-04 2.012e-03 -1.000 4.533e-03 1.992 2.196 2.196 2.198
0.0045 -0.53140 7.55001 1.7645244598 2.5569769339    1.763  1.160  4.0016  4.482    0  0.000  0.538     0.00     0.00     0.00     0.00     0.00 -1    -1e-30      0.00 7.391e-01 2.563e-01 8.111e-04 2.215e-04 2.012e-03 -1.000 4.581e-03 1.869 2.119 2.113 2.133
0.0045 -0.53140 7.55001 1.8143253326 2.5597117749    1.813  1.209  4.0116  4.486    1  0.000  0.538     0.00     0.00     0.00     0.00     0.00 -1    -1e-30      0.00 7.392e-01 2.562e-01 8.110e-04 2.215e-04 2.012e-03 -1.000 4.581e-03 1.748 2.046 2.034 2.069
0.0045 -0.53140 7.55001 1.8641264439 2.5622792652    1.863  1.255  4.0212  4.490    1  0.000  0.537     0.00     0.00     0.00     0.00     0.00 -1    -1e-30      0.00 7.392e-01 2.562e-01 8.110e-04 2.215e-04 2.012e-03 -1.000 4.581e-03 1.632 1.975 1.959 2.008
0.0045 -0.53140 7.55001 1.9139275551 2.5646937055    1.913  1.301  4.0302  4.492    1  0.000  0.538     0.00     0.00     0.00     0.00     0.00 -1    -1e-30      0.00 7.392e-01 2.562e-01 8.109e-04 2.215e-04 2.011e-03 -1.000 4.581e-03 1.518 1.906 1.885 1.946
0.0045 -0.53140 7.55001 1.9637286663 2.5669678549    1.963  1.344  4.0387  4.494    1  0.000  0.538     0.00     0.00     0.00     0.00     0.00 -1    -1e-30      0.00 7.393e-01 2.562e-01 8.109e-04 2.214e-04 2.011e-03 -1.000 4.528e-03 1.409 1.840 1.816 1.887
0.0045 -0.53140 7.55001 2.0135295391 2.5691131108    2.013  1.387  4.0468  4.494    0  0.000  0.538     0.00     0.00     0.00     0.00     0.00 -1    -1e-30      0.00 7.392e-01 2.562e-01 8.109e-04 2.214e-04 2.011e-03 -1.000 4.581e-03 1.303 1.775 1.748 1.828
0.0045 -0.53140 7.55001 2.0633306503 2.5711397217    2.063  1.427  4.0543  4.494    1  0.000  0.538     0.00     0.00     0.00     0.00     0.00 -1    -1e-30      0.00 7.393e-01 2.561e-01 8.108e-04 2.214e-04 2.011e-03 -1.000 4.581e-03 1.202 1.714 1.683 1.772
0.0045 -0.53140 7.55001 2.0965785980 2.5724312556    2.095  1.454  4.0592  4.494    1  0.000  0.538     0.00     0.00     0.00     0.00     0.00 -1    -1e-30      0.00 7.393e-01 2.561e-01 8.109e-04 2.214e-04 2.011e-03 -1.000 4.539e-03 1.135 1.672 1.640 1.734
0.0045 -0.53140 7.55001 2.1131315231 2.5730568631    2.112  1.467  4.0617  4.494    1  0.000  0.537     0.00     0.00     0.00     0.00     0.00 -1    -1e-30      0.00 7.393e-01 2.562e-01 8.109e-04 2.214e-04 2.011e-03 -1.000 4.519e-03 1.102 1.652 1.619 1.715
0.0045 -0.53140 7.55001 2.1629328728 2.5748728496    2.162  1.506  4.0687  4.493    1  0.000  0.538     0.00     0.00     0.00     0.00     0.00 -1    -1e-30      0.00 7.393e-01 2.561e-01 8.110e-04 2.214e-04 2.011e-03 -1.000 4.567e-03 1.004 1.592 1.556 1.660
0.0045 -0.53140 7.55001 2.2107474804 2.5765281499    2.209  1.543  4.0754  4.492    1  0.000  0.538     0.00     0.00     0.00     0.00     0.00 -1    -1e-30      0.00 7.393e-01 2.561e-01 8.109e-04 2.214e-04 2.011e-03 -1.000 4.576e-03 0.911 1.535 1.497 1.608
0.0045 -0.53140 7.55001 2.2127337456 2.5765951351    2.211  1.545  4.0757  4.492    1  0.000  0.538     0.00     0.00     0.00     0.00     0.00 -1    -1e-30      0.00 7.393e-01 2.561e-01 8.109e-04 2.214e-04 2.011e-03 -1.000 4.576e-03 0.908 1.533 1.495 1.606
0.0045 -0.53140 7.55001 2.2625348568 2.5782305270    2.261  1.581  4.0819  4.491    1  0.000  0.538     0.00     0.00     0.00     0.00     0.00 -1    -1e-30      0.00 7.393e-01 2.561e-01 8.108e-04 2.214e-04 2.011e-03 -1.000 4.580e-03 0.817 1.476 1.435 1.552
0.0045 -0.53140 7.55001 2.3123357296 2.5797851659    2.311  1.618  4.0884  4.489    1  0.000  0.538     0.00     0.00     0.00     0.00     0.00 -1    -1e-30      0.00 7.393e-01 2.561e-01 8.109e-04 2.214e-04 2.011e-03 -1.000 4.581e-03 0.725 1.420 1.377 1.500
0.0045 -0.53140 7.55001 2.3621368408 2.5812646664    2.361  1.653  4.0943  4.487    1  0.000  0.537     0.00     0.00     0.00     0.00     0.00 -1    -1e-30      0.00 7.393e-01 2.561e-01 8.108e-04 2.214e-04 2.011e-03 -1.000 4.581e-03 0.638 1.364 1.320 1.448
0.0045 -0.53140 7.55001 2.4119379520 2.5826741251    2.411  1.687  4.0999  4.485    1  0.000  0.538     0.00     0.00     0.00     0.00     0.00 -1    -1e-30      0.00 7.393e-01 2.561e-01 8.110e-04 2.215e-04 2.011e-03 -1.000 4.541e-03 0.553 1.310 1.264 1.398
0.0045 -0.53140 7.55001 2.6111419201 2.5876990578    2.611  1.817  4.1211  4.474    1  0.000  0.538     0.00     0.00     0.00     0.00     0.00 -1    -1e-30      0.00 7.385e-01 2.569e-01 8.131e-04 2.219e-04 2.017e-03 -1.000 4.581e-03 0.227 1.104 1.050 1.203
0.0045 -0.53140 7.55001 2.7487475872 2.5906853951    2.749  1.902  4.1348  4.467    1  0.000  0.538     0.00     0.00     0.00     0.00     0.00 -1    -1e-30      0.00 7.385e-01 2.569e-01 8.131e-04 2.219e-04 2.017e-03 -1.000 4.581e-03 0.016 0.970 0.912 1.078
0.0045 -0.53140 7.55001 2.8103461266 2.5919137601    2.810  1.938  4.1407  4.463    1  0.000  0.538     0.00     0.00     0.00     0.00     0.00 -1    -1e-30      0.00 7.385e-01 2.569e-01 8.131e-04 2.219e-04 2.017e-03 -1.000 4.581e-03 -0.076 0.912 0.852 1.023
0.0045 -0.53140 7.55001 2.8626785278 2.5929097213    2.863  1.968  4.1454  4.460    1  0.000  0.538     0.00     0.00     0.00     0.00     0.00 -1    -1e-30      0.00 7.385e-01 2.569e-01 8.131e-04 2.219e-04 2.017e-03 -1.000 4.581e-03 -0.151 0.863 0.802 0.977
0.0045 -0.53140 7.55001 3.0095503330 2.5954933738    3.009  2.051  4.1583  4.451    1  0.000  0.538     0.00     0.00     0.00     0.00     0.00 -1    -1e-30      0.00 7.385e-01 2.569e-01 8.131e-04 2.219e-04 2.017e-03 -1.000 4.581e-03 -0.357 0.732 0.667 0.853
0.0045 -0.53140 7.55001 3.2049241066 2.5985117832    3.204  2.154  4.1743  4.439    1  0.000  0.538     0.00     0.00     0.00     0.00     0.00 -1    -1e-30      0.00 7.385e-01 2.569e-01 8.131e-04 2.219e-04 2.017e-03 -1.000 4.581e-03 -0.616 0.566 0.497 0.696
0.0045 -0.53140 7.55001 3.2087545395 2.5985667500    3.208  2.156  4.1746  4.439    1  0.000  0.538     0.00     0.00     0.00     0.00     0.00 -1    -1e-30      0.00 7.385e-01 2.569e-01 8.131e-04 2.219e-04 2.017e-03 -1.000 4.581e-03 -0.621 0.563 0.493 0.693
0.0045 -0.53140 7.55001 3.4079587460 2.6012306511    3.406  2.256  4.1897  4.426    1  0.000  0.538     0.00     0.00     0.00     0.00     0.00 -1    -1e-30      0.00 7.385e-01 2.569e-01 8.131e-04 2.219e-04 2.017e-03 -1.000 4.581e-03 -0.869 0.403 0.329 0.542
0.0045 -0.53140 7.55001 3.4667415619 2.6019497782    3.465  2.284  4.1940  4.422    1  0.000  0.538     0.00     0.00     0.00     0.00     0.00 -1    -1e-30      0.00 7.385e-01 2.569e-01 8.131e-04 2.219e-04 2.017e-03 -1.000 4.581e-03 -0.940 0.358 0.282 0.499
0.0045 -0.53140 7.55001 3.6071624756 2.6035590558    3.605  2.350  4.2038  4.412    1  0.000  0.538     0.00     0.00     0.00     0.00     0.00 -1    -1e-30      0.00 7.385e-01 2.569e-01 8.131e-04 2.219e-04 2.017e-03 -1.000 4.581e-03 -1.104 0.251 0.173 0.398
0.0045 -0.53140 7.55001 3.6915814877 2.6044590544    3.689  2.388  4.2095  4.407    1  0.000  0.538     0.00     0.00     0.00     0.00     0.00 -1    -1e-30      0.00 7.385e-01 2.569e-01 8.131e-04 2.219e-04 2.017e-03 -1.000 4.581e-03 -1.200 0.189 0.109 0.339
0.0045 -0.53140 7.55001 3.8063669205 2.6056094485    3.804  2.439  4.2171  4.399    1  0.000  0.538     0.00     0.00     0.00     0.00     0.00 -1    -1e-30      0.00 7.385e-01 2.569e-01 8.131e-04 2.219e-04 2.017e-03 -1.000 4.581e-03 -1.328 0.106 0.024 0.260
0.0045 -0.53140 7.55001 3.9350297451 2.6068076205    3.935  2.494  4.2251  4.391    1  0.000  0.538     0.00     0.00     0.00     0.00     0.00 -1    -1e-30      0.00 7.385e-01 2.569e-01 8.131e-04 2.219e-04 2.017e-03 -1.000 4.581e-03 -1.466 0.015 -0.070 0.174
0.0045 -0.53140 7.55001 4.0055708885 2.6074270928    4.006  2.524  4.2294  4.386    1  0.000  0.538     0.00     0.00     0.00     0.00     0.00 -1    -1e-30      0.00 7.385e-01 2.569e-01 8.131e-04 2.219e-04 2.017e-03 -1.000 4.581e-03 -1.540 -0.034 -0.120 0.127
0.0045 -0.53140 7.55001 4.0399355888 2.6077198776    4.040  2.538  4.2314  4.384    1  0.000  0.538     0.00     0.00     0.00     0.00     0.00 -1    -1e-30      0.00 7.385e-01 2.569e-01 8.131e-04 2.219e-04 2.017e-03 -1.000 4.581e-03 -1.576 -0.057 -0.144 0.104
0.0045 -0.53140 7.55001 4.2047748566 2.6090481148    4.203  2.606  4.2409  4.371    1  0.000  0.538     0.00     0.00     0.00     0.00     0.00 -1    -1e-30      0.00 7.385e-01 2.569e-01 8.131e-04 2.219e-04 2.017e-03 -1.000 4.581e-03 -1.744 -0.170 -0.259 -0.002
0.0045 -0.53140 7.55001 4.2949604988 2.6097253906    4.292  2.641  4.2458  4.365    1  0.000  0.538     0.00     0.00     0.00     0.00     0.00 -1    -1e-30      0.00 7.385e-01 2.569e-01 8.131e-04 2.219e-04 2.017e-03 -1.000 4.581e-03 -1.833 -0.230 -0.320 -0.060
0.0045 -0.53140 7.55001 4.4039793015 2.6105016626    4.401  2.684  4.2517  4.357    1  0.000  0.538     0.00     0.00     0.00     0.00     0.00 -1    -1e-30      0.00 7.385e-01 2.569e-01 8.131e-04 2.219e-04 2.017e-03 -1.000 4.581e-03 -1.940 -0.301 -0.394 -0.128
0.0045 -0.53140 7.55001 4.4061350822 2.6105165681    4.403  2.685  4.2518  4.356    1  0.000  0.538     0.00     0.00     0.00     0.00     0.00 -1    -1e-30      0.00 7.385e-01 2.569e-01 8.131e-04 2.219e-04 2.017e-03 -1.000 4.581e-03 -1.942 -0.303 -0.395 -0.129
0.0045 -0.53140 7.55001 4.5927925110 2.6117463885    4.590  2.755  4.2613  4.342    1  0.000  0.538     0.00     0.00     0.00     0.00     0.00 -1    -1e-30      0.00 7.385e-01 2.569e-01 8.131e-04 2.219e-04 2.017e-03 -1.000 4.581e-03 -2.118 -0.424 -0.519 -0.245
0.0045 -0.53140 7.55001 4.6031832695 2.6118114871    4.601  2.759  4.2618  4.341    1  0.000  0.538     0.00     0.00     0.00     0.00     0.00 -1    -1e-30      0.00 7.385e-01 2.569e-01 8.131e-04 2.219e-04 2.017e-03 -1.000 4.581e-03 -2.128 -0.431 -0.526 -0.252
0.0045 -0.53140 7.55001 4.7187361717 2.6125132683    4.716  2.802  4.2673  4.331    1  0.000  0.538     0.00     0.00     0.00     0.00     0.00 -1    -1e-30      0.00 7.385e-01 2.569e-01 8.131e-04 2.219e-04 2.017e-03 -1.000 4.581e-03 -2.234 -0.504 -0.601 -0.322
0.0045 -0.53140 7.55001 4.8023877144 2.6129971422    4.800  2.832  4.2712  4.324    1  0.000  0.538     0.00     0.00     0.00     0.00     0.00 -1    -1e-30      0.00 7.385e-01 2.569e-01 8.131e-04 2.219e-04 2.017e-03 -1.000 4.581e-03 -2.310 -0.557 -0.655 -0.373
0.0045 -0.53140 7.55001 4.8634819984 2.6133384665    4.862  2.854  4.2740  4.319    1  0.000  0.538     0.00     0.00     0.00     0.00     0.00 -1    -1e-30      0.00 7.385e-01 2.569e-01 8.131e-04 2.219e-04 2.017e-03 -1.000 4.581e-03 -2.364 -0.595 -0.694 -0.410
0.0045 -0.53140 7.55001 5.0015921593 2.6140748452    5.001  2.903  4.2799  4.306    1  0.000  0.538     0.00     0.00     0.00     0.00     0.00 -1    -1e-30      0.00 7.385e-01 2.569e-01 8.131e-04 2.219e-04 2.017e-03 -1.000 4.581e-03 -2.486 -0.683 -0.783 -0.494
0.0045 -0.53140 7.55001 5.1682324409 2.6149033696    5.168  2.960  4.2868  4.290    1  0.000  0.538     0.00     0.00     0.00     0.00     0.00 -1    -1e-30      0.00 7.385e-01 2.569e-01 8.131e-04 2.219e-04 2.017e-03 -1.000 4.581e-03 -2.631 -0.788 -0.891 -0.596
0.0045 -0.53140 7.55001 5.2007956505 2.6150581564    5.201  2.972  4.2881  4.287    1  0.000  0.538     0.00     0.00     0.00     0.00     0.00 -1    -1e-30      0.00 7.385e-01 2.569e-01 8.131e-04 2.219e-04 2.017e-03 -1.000 4.581e-03 -2.659 -0.809 -0.912 -0.615
0.0045 -0.53140 7.55001 5.2538328171 2.6153055471    5.254  2.990  4.2901  4.281    1  0.000  0.538     0.00     0.00     0.00     0.00     0.00 -1    -1e-30      0.00 7.385e-01 2.569e-01 8.131e-04 2.219e-04 2.017e-03 -1.000 4.581e-03 -2.704 -0.842 -0.945 -0.647
0.0045 -0.53140 7.55001 5.4000000954 2.6159585105    5.401  3.039  4.2956  4.266    1  0.000  0.538     0.00     0.00     0.00     0.00     0.00 -1    -1e-30      0.00 7.385e-01 2.569e-01 8.131e-04 2.219e-04 2.017e-03 -1.000 4.581e-03 -2.827 -0.934 -1.039 -0.736
0.0045 -0.53140 7.55001 5.5206589699 2.6164676687    5.521  3.079  4.2999  4.253    1  0.000  0.538     0.00     0.00     0.00     0.00     0.00 -1    -1e-30      0.00 7.385e-01 2.569e-01 8.131e-04 2.219e-04 2.017e-03 -1.000 4.581e-03 -2.927 -1.009 -1.115 -0.809
0.0045 -0.53140 7.55001 5.5875058174 2.6167388890    5.588  3.101  4.3022  4.245    1  0.000  0.538     0.00     0.00     0.00     0.00     0.00 -1    -1e-30      0.00 7.385e-01 2.569e-01 8.131e-04 2.219e-04 2.017e-03 -1.000 4.581e-03 -2.982 -1.051 -1.158 -0.849
0.0045 -0.53140 7.55001 5.7622079849 2.6174136686    5.763  3.157  4.3078  4.225    1  0.000  0.538     0.00     0.00     0.00     0.00     0.00 -1    -1e-30      0.00 7.385e-01 2.569e-01 8.131e-04 2.219e-04 2.017e-03 -1.000 4.581e-03 -3.123 -1.160 -1.268 -0.955
0.0045 -0.53140 7.55001 5.7750120163 2.6174612803    5.775  3.161  4.3082  4.223    1  0.000  0.538     0.00     0.00     0.00     0.00     0.00 -1    -1e-30      0.00 7.385e-01 2.569e-01 8.131e-04 2.219e-04 2.017e-03 -1.000 4.581e-03 -3.133 -1.168 -1.277 -0.963
0.0045 -0.53140 7.55001 5.8189296722 2.6176227586    5.819  3.175  4.3096  4.218    1  0.000  0.538     0.00     0.00     0.00     0.00     0.00 -1    -1e-30      0.00 7.385e-01 2.569e-01 8.131e-04 2.219e-04 2.017e-03 -1.000 4.581e-03 -3.168 -1.195 -1.304 -0.990
0.0045 -0.53140 7.55001 5.9625177383 2.6181316696    5.962  3.221  4.3136  4.199    1  0.000  0.538     0.00     0.00     0.00     0.00     0.00 -1    -1e-30      0.00 7.385e-01 2.569e-01 8.131e-04 2.219e-04 2.017e-03 -1.000 4.581e-03 -3.283 -1.288 -1.398 -1.080
0.0045 -0.53140 7.55001 6.0150508881 2.6183108930    6.015  3.238  4.3151  4.191    1  0.000  0.538     0.00     0.00     0.00     0.00     0.00 -1    -1e-30      0.00 7.385e-01 2.569e-01 8.131e-04 2.219e-04 2.017e-03 -1.000 4.581e-03 -3.325 -1.322 -1.433 -1.113
0.0045 -0.53140 7.55001 6.1500234604 2.6187552663    6.149  3.281  4.3184  4.171    1  0.000  0.538     0.00     0.00     0.00     0.00     0.00 -1    -1e-30      0.00 7.385e-01 2.569e-01 8.131e-04 2.219e-04 2.017e-03 -1.000 4.581e-03 -3.433 -1.411 -1.523 -1.200
0.0045 -0.53140 7.55001 6.2865900993 2.6191826271    6.285  3.324  4.3215  4.150    1  0.000  0.538     0.00     0.00     0.00     0.00     0.00 -1    -1e-30      0.00 7.385e-01 2.569e-01 8.131e-04 2.219e-04 2.017e-03 -1.000 4.581e-03 -3.540 -1.502 -1.615 -1.290
0.0045 -0.53140 7.55001 6.3375296593 2.6193366199    6.336  3.340  4.3225  4.142    1  0.000  0.538     0.00     0.00     0.00     0.00     0.00 -1    -1e-30      0.00 7.385e-01 2.569e-01 8.131e-04 2.219e-04 2.017e-03 -1.000 4.581e-03 -3.581 -1.536 -1.649 -1.323
0.0045 -0.53140 7.55001 6.4059500694 2.6195390326    6.404  3.361  4.3238  4.130    1  0.000  0.538     0.00     0.00     0.00     0.00     0.00 -1    -1e-30      0.00 7.385e-01 2.569e-01 8.131e-04 2.219e-04 2.017e-03 -1.000 4.581e-03 -3.633 -1.582 -1.695 -1.368
0.0045 -0.53140 7.55001 6.6094822884 2.6201127678    6.605  3.424  4.3271  4.094    1  0.000  0.538     0.00     0.00     0.00     0.00     0.00 -1    -1e-30      0.00 7.385e-01 2.569e-01 8.131e-04 2.219e-04 2.017e-03 -1.000 4.581e-03 -3.790 -1.721 -1.835 -1.505
0.0045 -0.53140 7.55001 6.7785372734 2.6205593144    6.772  3.477  4.3289  4.060    1  0.000  0.538     0.00     0.00     0.00     0.00     0.00 -1    -1e-30      0.00 7.385e-01 2.569e-01 8.131e-04 2.219e-04 2.017e-03 -1.000 4.581e-03 -3.922 -1.844 -1.959 -1.627
0.0045 -0.53140 7.55001 6.9000468254 2.6208647769    6.893  3.515  4.3297  4.032    1  0.000  0.538     0.00     0.00     0.00     0.00     0.00 -1    -1e-30      0.00 7.385e-01 2.569e-01 8.131e-04 2.219e-04 2.017e-03 -1.000 4.581e-03 -4.017 -1.936 -2.051 -1.719
0.0045 -0.53140 7.55001 7.0298895836 2.6211778035    7.022  3.555  4.3300  4.002    1  0.000  0.538     0.00     0.00     0.00     0.00     0.00 -1    -1e-30      0.00 7.385e-01 2.569e-01 8.131e-04 2.219e-04 2.017e-03 -1.000 4.581e-03 -4.117 -2.035 -2.150 -1.817
0.0045 -0.53140 7.55001 7.1818475723 2.6215276654    7.174  3.602  4.3295  3.962    1  0.000  0.538     0.00     0.00     0.00     0.00     0.00 -1    -1e-30      0.00 7.385e-01 2.569e-01 8.131e-04 2.219e-04 2.017e-03 -1.000 4.581e-03 -4.235 -2.158 -2.273 -1.940
0.0045 -0.53140 7.55001 7.3528265953 2.6219015051    7.344  3.657  4.3272  3.908    1  0.000  0.538     0.00     0.00     0.00     0.00     0.00 -1    -1e-30      0.00 7.385e-01 2.569e-01 8.131e-04 2.219e-04 2.017e-03 -1.000 4.581e-03 -4.372 -2.310 -2.425 -2.093
0.0045 -0.53140 7.55001 7.5025243759 2.6222127765    7.493  3.705  4.3238  3.855    1  0.000  0.538     0.00     0.00     0.00     0.00     0.00 -1    -1e-30      0.00 7.385e-01 2.569e-01 8.131e-04 2.219e-04 2.017e-03 -1.000 4.581e-03 -4.493 -2.452 -2.567 -2.238
0.0045 -0.53140 7.55001 7.6427335739 2.6224916363    7.633  3.752  4.3187  3.796    1  0.000  0.538     0.00     0.00     0.00     0.00     0.00 -1    -1e-30      0.00 7.385e-01 2.569e-01 8.131e-04 2.219e-04 2.017e-03 -1.000 4.581e-03 -4.609 -2.600 -2.713 -2.389
0.0045 -0.53140 7.55001 7.7563152313 2.6227090570    7.747  3.791  4.3127  3.739    1  0.000  0.538     0.00     0.00     0.00     0.00     0.00 -1    -1e-30      0.00 7.385e-01 2.569e-01 8.131e-04 2.219e-04 2.017e-03 -1.000 4.581e-03 -4.707 -2.734 -2.846 -2.526
0.0045 -0.53140 7.55001 7.8375759125 2.6228601690    7.828  3.819  4.3075  3.694    1  0.000  0.538     0.00     0.00     0.00     0.00     0.00 -1    -1e-30      0.00 7.385e-01 2.569e-01 8.131e-04 2.219e-04 2.017e-03 -1.000 4.581e-03 -4.779 -2.836 -2.947 -2.631
0.0045 -0.53140 7.55001 7.8587369919 2.6228989307    7.849  3.827  4.3062  3.683    1  0.000  0.538     0.00     0.00     0.00     0.00     0.00 -1    -1e-30      0.00 7.385e-01 2.569e-01 8.131e-04 2.219e-04 2.017e-03 -1.000 4.581e-03 -4.797 -2.862 -2.972 -2.657
0.0045 -0.53140 7.55001 7.9529781342 2.6230686796    7.943  3.861  4.2991  3.625    1  0.000  0.538     0.00     0.00     0.00     0.00     0.00 -1    -1e-30      0.00 7.385e-01 2.569e-01 8.131e-04 2.219e-04 2.017e-03 -1.000 4.581e-03 -4.882 -2.990 -3.098 -2.789
0.0045 -0.53140 7.55001 8.0460577011 2.6232318555    8.035  3.897  4.2932  3.571    1  0.000  0.538     0.00     0.00     0.00     0.00     0.00 -1    -1e-30      0.00 7.385e-01 2.569e-01 8.131e-04 2.219e-04 2.017e-03 -1.000 4.581e-03 -4.973 -3.116 -3.222 -2.918
0.0045 -0.53140 7.55001 8.0691576004 2.6232716815    8.058  3.907  4.2923  3.559    1  0.000  0.538     0.00     0.00     0.00     0.00     0.00 -1    -1e-30      0.00 7.385e-01 2.569e-01 8.131e-04 2.219e-04 2.017e-03 -1.000 4.581e-03 -4.996 -3.144 -3.251 -2.947
0.0045 -0.53140 7.55001 8.1157999039 2.6233513024    8.104  3.933  4.3045  3.584    1  0.000  0.538     0.00     0.00     0.00     0.00     0.00 -1    -1e-30      0.00 7.385e-01 2.569e-01 8.131e-04 2.219e-04 2.017e-03 -1.000 4.581e-03 -5.062 -3.140 -3.250 -2.936
0.0045 -0.53140 7.55001 8.1263055801 2.6233690911    8.115  3.944  4.3151  3.615    1  0.000  0.538     0.00     0.00     0.00     0.00     0.00 -1    -1e-30      0.00 7.385e-01 2.569e-01 8.131e-04 2.219e-04 2.017e-03 -1.000 4.581e-03 -5.091 -3.109 -3.222 -2.900
0.0045 -0.53140 7.55001 8.1303577423 2.6233759383    8.119  3.956  4.3256  3.646    1  0.000  0.538     0.00     0.00     0.00     0.00     0.00 -1    -1e-30      0.00 7.385e-01 2.569e-01 8.131e-04 2.219e-04 2.017e-03 -1.000 4.581e-03 -5.120 -3.079 -3.195 -2.864
0.0045 -0.53140 7.55001 8.1322355270 2.6233791087    8.121  3.970  4.3354  3.671    1  0.000  0.538     0.00     0.00     0.00     0.00     0.00 -1    -1e-30      0.00 7.385e-01 2.569e-01 8.131e-04 2.219e-04 2.017e-03 -1.000 4.581e-03 -5.156 -3.060 -3.178 -2.839
0.0045 -0.53140 7.55001 8.1333684921 2.6233810207    8.122  3.985  4.3440  3.690    1  0.000  0.538     0.00     0.00     0.00     0.00     0.00 -1    -1e-30      0.00 7.385e-01 2.569e-01 8.131e-04 2.219e-04 2.017e-03 -1.000 4.581e-03 -5.193 -3.050 -3.170 -2.825
0.0045 -0.53140 7.55001 8.1334981918 2.6233812396    8.122  3.987  4.3450  3.693    1  0.000  0.538     0.00     0.00     0.00     0.00     0.00 -1    -1e-30      0.00 7.385e-01 2.569e-01 8.131e-04 2.219e-04 2.017e-03 -1.000 4.581e-03 -5.198 -3.049 -3.169 -2.823
0.0045 -0.53140 7.55001 8.1336793900 2.6233815453    8.122  3.981  4.3427  3.690    1  0.000  0.538     0.00     0.00     0.00     0.00     0.00 -1    -1e-30      0.00 7.385e-01 2.569e-01 8.131e-04 2.219e-04 2.017e-03 -1.000 4.581e-03 -5.182 -3.045 -3.165 -2.821
0.0045 -0.53140 7.55001 8.1342735291 2.6233825476    8.123  3.959  4.3336  3.675    2  0.000  0.538     0.00     0.00     0.00     0.00     0.00 -1    -1e-30      0.00 7.385e-01 2.569e-01 8.131e-04 2.219e-04 2.017e-03 -1.000 4.581e-03 -5.127 -3.041 -3.159 -2.821
0.0045 -0.53140 7.55001 8.1346616745 2.6233832024    8.123  3.946  4.3228  3.645    2  0.000  0.538     0.00     0.00     0.00     0.00     0.00 -1    -1e-30      0.00 7.385e-01 2.569e-01 8.131e-04 2.219e-04 2.017e-03 -1.000 4.581e-03 -5.095 -3.069 -3.184 -2.855
0.0045 -0.53140 7.55001 8.1351785660 2.6233840742    8.124  3.945  4.3061  3.580    2  0.000  0.538     0.00     0.00     0.00     0.00     0.00 -1    -1e-30      0.00 7.385e-01 2.569e-01 8.131e-04 2.219e-04 2.017e-03 -1.000 4.581e-03 -5.092 -3.162 -3.272 -2.957
0.0045 -0.53140 7.55001 8.1355524063 2.6233847046    8.124  3.953  4.2936  3.522    2  0.000  0.538     0.00     0.00     0.00     0.00     0.00 -1    -1e-30      0.00 7.385e-01 2.569e-01 8.131e-04 2.219e-04 2.017e-03 -1.000 4.581e-03 -5.112 -3.254 -3.361 -3.056
0.0045 -0.53140 7.55001 8.1359128952 2.6233853125    8.125  3.963  4.2814  3.463    2  0.000  0.538     0.00     0.00     0.00     0.00     0.00 -1    -1e-30      0.00 7.385e-01 2.569e-01 8.131e-04 2.219e-04 2.017e-03 -1.000 4.581e-03 -5.137 -3.350 -3.454 -3.159
0.0045 -0.53140 7.55001 8.1362638474 2.6233859042    8.125  3.973  4.2693  3.404    2  0.000  0.538     0.00     0.00     0.00     0.00     0.00 -1    -1e-30      0.00 7.385e-01 2.569e-01 8.131e-04 2.219e-04 2.017e-03 -1.000 4.581e-03 -5.162 -3.446 -3.546 -3.261
0.0045 -0.53140 7.55001 8.1366062164 2.6233864814    8.125  3.981  4.2573  3.348    2  0.000  0.538     0.00     0.00     0.00     0.00     0.00 -1    -1e-30      0.00 7.385e-01 2.569e-01 8.131e-04 2.219e-04 2.017e-03 -1.000 4.581e-03 -5.183 -3.537 -3.634 -3.360
0.0045 -0.53140 7.55001 8.1369409561 2.6233870457    8.125  3.988  4.2453  3.293    2  0.000  0.538     0.00     0.00     0.00     0.00     0.00 -1    -1e-30      0.00 7.385e-01 2.569e-01 8.131e-04 2.219e-04 2.017e-03 -1.000 4.581e-03 -5.201 -3.625 -3.718 -3.455
0.0045 -0.53140 7.55001 8.1372652054 2.6233875923    8.126  3.994  4.2333  3.239    2  0.000  0.538     0.00     0.00     0.00     0.00     0.00 -1    -1e-30      0.00 7.385e-01 2.569e-01 8.131e-04 2.219e-04 2.017e-03 -1.000 4.581e-03 -5.215 -3.709 -3.799 -3.546
0.0045 -0.53140 7.55001 8.1375799179 2.6233881227    8.126  3.999  4.2214  3.187    2  0.000  0.538     0.00     0.00     0.00     0.00     0.00 -1    -1e-30      0.00 7.385e-01 2.569e-01 8.131e-04 2.219e-04 2.017e-03 -1.000 4.581e-03 -5.227 -3.790 -3.877 -3.634
0.0045 -0.53140 7.55001 8.1378822327 2.6233886322    8.126  4.003  4.2095  3.135    2  0.000  0.538     0.00     0.00     0.00     0.00     0.00 -1    -1e-30      0.00 7.385e-01 2.569e-01 8.131e-04 2.219e-04 2.017e-03 -1.000 4.581e-03 -5.236 -3.869 -3.952 -3.720
0.0045 -0.53140 7.55001 8.1381731033 2.6233891223    8.127  4.005  4.1975  3.085    2  0.000  0.538     0.00     0.00     0.00     0.00     0.00 -1    -1e-30      0.00 7.385e-01 2.569e-01 8.131e-04 2.219e-04 2.017e-03 -1.000 4.581e-03 -5.244 -3.946 -4.025 -3.804
0.0045 -0.53140 7.55001 8.1384525299 2.6233895932    8.127  4.008  4.1856  3.035    2  0.000  0.538     0.00     0.00     0.00     0.00     0.00 -1    -1e-30      0.00 7.385e-01 2.569e-01 8.131e-04 2.219e-04 2.017e-03 -1.000 4.581e-03 -5.249 -4.020 -4.096 -3.886
0.0045 -0.53140 7.55001 8.1387195587 2.6233900431    8.127  4.009  4.1737  2.985    2  0.000  0.538     0.00     0.00     0.00     0.00     0.00 -1    -1e-30      0.00 7.385e-01 2.569e-01 8.131e-04 2.219e-04 2.017e-03 -1.000 4.581e-03 -5.254 -4.093 -4.166 -3.967
0.0045 -0.53140 7.55001 8.1389741898 2.6233904721    8.128  4.011  4.1619  2.937    2  0.000  0.538     0.00     0.00     0.00     0.00     0.00 -1    -1e-30      0.00 7.385e-01 2.569e-01 8.131e-04 2.219e-04 2.017e-03 -1.000 4.581e-03 -5.257 -4.164 -4.233 -4.045
0.0045 -0.53140 7.55001 8.1392173767 2.6233908817    8.128  4.011  4.1500  2.888    2  0.000  0.538     0.00     0.00     0.00     0.00     0.00 -1    -1e-30      0.00 7.385e-01 2.569e-01 8.131e-04 2.219e-04 2.017e-03 -1.000 4.581e-03 -5.259 -4.234 -4.299 -4.123
0.0045 -0.53140 7.55001 8.1394491196 2.6233912721    8.128  4.012  4.1381  2.841    2  0.000  0.538     0.00     0.00     0.00     0.00     0.00 -1    -1e-30      0.00 7.385e-01 2.569e-01 8.131e-04 2.219e-04 2.017e-03 -1.000 4.581e-03 -5.260 -4.303 -4.363 -4.199
0.0045 -0.53140 7.55001 8.1397228241 2.6233917331    8.128  4.012  4.1233  2.781    2  0.000  0.538     0.00     0.00     0.00     0.00     0.00 -1    -1e-30      0.00 7.385e-01 2.569e-01 8.131e-04 2.219e-04 2.017e-03 -1.000 4.581e-03 -5.260 -4.386 -4.442 -4.292
0.0045 -0.53140 7.55001 8.1399297714 2.6233920817    8.128  4.011  4.1114  2.734    2  0.000  0.538     0.00     0.00     0.00     0.00     0.00 -1    -1e-30      0.00 7.385e-01 2.569e-01 8.131e-04 2.219e-04 2.017e-03 -1.000 4.581e-03 -5.259 -4.451 -4.503 -4.365
0.0045 -0.53140 7.55001 8.1401271820 2.6233924142    8.129  4.011  4.0995  2.687    2  0.000  0.538     0.00     0.00     0.00     0.00     0.00 -1    -1e-30      0.00 7.385e-01 2.569e-01 8.131e-04 2.219e-04 2.017e-03 -1.000 4.581e-03 -5.257 -4.515 -4.563 -4.437
0.0045 -0.53140 7.55001 8.1403141022 2.6233927290    8.129  4.010  4.0877  2.641    2  0.000  0.538     0.00     0.00     0.00     0.00     0.00 -1    -1e-30      0.00 7.385e-01 2.569e-01 8.131e-04 2.219e-04 2.017e-03 -1.000 4.581e-03 -5.255 -4.577 -4.621 -4.507
0.0045 -0.53140 7.55001 8.1404924393 2.6233930293    8.129  4.009  4.0758  2.595    2  0.000  0.538     0.00     0.00     0.00     0.00     0.00 -1    -1e-30      0.00 7.385e-01 2.569e-01 8.131e-04 2.219e-04 2.017e-03 -1.000 4.581e-03 -5.252 -4.638 -4.678 -4.576
0.0045 -0.53140 7.55001 8.1406612396 2.6233933135    8.129  4.007  4.0639  2.549    2  0.000  0.538     0.00     0.00     0.00     0.00     0.00 -1    -1e-30      0.00 7.385e-01 2.569e-01 8.131e-04 2.219e-04 2.017e-03 -1.000 4.581e-03 -5.248 -4.697 -4.733 -4.642
0.0045 -0.53140 7.55001 8.1408214569 2.6233935833    8.129  4.006  4.0521  2.503    2  0.000  0.538     0.00     0.00     0.00     0.00     0.00 -1    -1e-30      0.00 7.385e-01 2.569e-01 8.131e-04 2.219e-04 2.017e-03 -1.000 4.581e-03 -5.244 -4.754 -4.786 -4.707
0.0045 -0.53140 7.55001 8.1409740448 2.6233938402    8.129  4.004  4.0402  2.457    2  0.000  0.538     0.00     0.00     0.00     0.00     0.00 -1    -1e-30      0.00 7.385e-01 2.569e-01 8.131e-04 2.219e-04 2.017e-03 -1.000 4.581e-03 -5.239 -4.809 -4.836 -4.770
0.0045 -0.53140 7.55001 8.1411180496 2.6233940827    8.130  4.002  4.0284  2.412    2  0.000  0.538     0.00     0.00     0.00     0.00     0.00 -1    -1e-30      0.00 7.385e-01 2.569e-01 8.131e-04 2.219e-04 2.017e-03 -1.000 4.581e-03 -5.234 -4.862 -4.884 -4.831
0.0045 -0.53140 7.55001 8.1412878036 2.6233943685    8.130  3.999  4.0135  2.355    2  0.000  0.538     0.00     0.00     0.00     0.00     0.00 -1    -1e-30      0.00 7.385e-01 2.569e-01 8.131e-04 2.219e-04 2.017e-03 -1.000 4.581e-03 -5.227 -4.926 -4.942 -4.906
0.0045 -0.53140 7.55001 8.1414155960 2.6233945836    8.130  3.996  4.0017  2.310    2  0.000  0.538     0.00     0.00     0.00     0.00     0.00 -1    -1e-30      0.00 7.385e-01 2.569e-01 8.131e-04 2.219e-04 2.017e-03 -1.000 4.581e-03 -5.221 -4.975 -4.987 -4.963
0.0045 -0.53140 7.55001 8.1415376663 2.6233947892    8.130  3.994  3.9898  2.266    2  0.000  0.538     0.00     0.00     0.00     0.00     0.00 -1    -1e-30      0.00 7.385e-01 2.569e-01 8.131e-04 2.219e-04 2.017e-03 -1.000 4.581e-03 -5.215 -5.022 -5.030 -5.020
0.0045 -0.53140 7.55001 8.1416530609 2.6233949834    8.130  3.991  3.9780  2.221    2  0.000  0.538     0.00     0.00     0.00     0.00     0.00 -1    -1e-30      0.00 7.385e-01 2.569e-01 8.131e-04 2.219e-04 2.017e-03 -1.000 4.581e-03 -5.208 -5.068 -5.071 -5.074
0.0045 -0.53140 7.55001 8.1417627335 2.6233951680    8.130  3.989  3.9662  2.177    2  0.000  0.538     0.00     0.00     0.00     0.00     0.00 -1    -1e-30      0.00 7.385e-01 2.569e-01 8.131e-04 2.219e-04 2.017e-03 -1.000 4.581e-03 -5.201 -5.111 -5.109 -5.125
0.0045 -0.53140 7.55001 8.1418676376 2.6233953446    8.130  3.986  3.9545  2.132    2  0.000  0.538     0.00     0.00     0.00     0.00     0.00 -1    -1e-30      0.00 7.385e-01 2.569e-01 8.131e-04 2.219e-04 2.017e-03 -1.000 4.581e-03 -5.194 -5.151 -5.144 -5.175
0.0045 -0.53140 7.55001 8.1419668198 2.6233955116    8.130  3.983  3.9427  2.088    2  0.000  0.538     0.00     0.00     0.00     0.00     0.00 -1    -1e-30      0.00 7.385e-01 2.569e-01 8.131e-04 2.219e-04 2.017e-03 -1.000 4.581e-03 -5.187 -5.188 -5.176 -5.223
0.0045 -0.53140 7.55001 8.1420621872 2.6233956721    8.131  3.980  3.9309  2.044    2  0.000  0.538     0.00     0.00     0.00     0.00     0.00 -1    -1e-30      0.00 7.385e-01 2.569e-01 8.131e-04 2.219e-04 2.017e-03 -1.000 4.581e-03 -5.179 -5.221 -5.203 -5.268
0.0045 -0.53140 7.55001 8.1421518326 2.6233958230    8.131  3.977  3.9192  2.000    2  0.000  0.538     0.00     0.00     0.00     0.00     0.00 -1    -1e-30      0.00 7.385e-01 2.569e-01 8.131e-04 2.219e-04 2.017e-03 -1.000 4.581e-03 -5.171 -5.248 -5.221 -5.310
0.0045 -0.53140 7.55001 8.1422386169 2.6233959691    8.131  3.973  3.9074  1.956    2  0.000  0.538     0.00     0.00     0.00     0.00     0.00 -1    -1e-30      0.00 7.385e-01 2.569e-01 8.131e-04 2.219e-04 2.017e-03 -1.000 4.581e-03 -5.163 -5.268 -5.231 -5.350
0.0045 -0.53140 7.55001 8.1423215866 2.6233961087    8.131  3.970  3.8955  1.912    2  0.000  0.538     0.00     0.00     0.00     0.00     0.00 -1    -1e-30      0.00 7.385e-01 2.569e-01 8.131e-04 2.219e-04 2.017e-03 -1.000 4.581e-03 -5.155 -5.282 -5.233 -5.387
0.0045 -0.53140 7.55001 8.1423997879 2.6233962403    8.131  3.966  3.8836  1.868    2  0.000  0.538     0.00     0.00     0.00     0.00     0.00 -1    -1e-30      0.00 7.385e-01 2.569e-01 8.131e-04 2.219e-04 2.017e-03 -1.000 4.581e-03 -5.146 -5.290 -5.225 -5.420
0.0045 -0.53140 7.55001 8.1424741745 2.6233963655    8.131  3.963  3.8718  1.825    2  0.000  0.538     0.00     0.00     0.00     0.00     0.00 -1    -1e-30      0.00 7.385e-01 2.569e-01 8.131e-04 2.219e-04 2.017e-03 -1.000 4.581e-03 -5.137 -5.292 -5.211 -5.451
0.0045 -0.53140 7.55001 8.1425457001 2.6233964859    8.131  3.959  3.8599  1.781    2  0.000  0.538     0.00     0.00     0.00     0.00     0.00 -1    -1e-30      0.00 7.385e-01 2.569e-01 8.131e-04 2.219e-04 2.017e-03 -1.000 4.581e-03 -5.127 -5.290 -5.192 -5.480
0.0045 -0.53140 7.55001 8.1426134109 2.6233965999    8.131  3.955  3.8480  1.737    2  0.000  0.538     0.00     0.00     0.00     0.00     0.00 -1    -1e-30      0.00 7.385e-01 2.569e-01 8.131e-04 2.219e-04 2.017e-03 -1.000 4.581e-03 -5.117 -5.284 -5.164 -5.508
0.0045 -0.53140 7.55001 8.1426773071 2.6233967074    8.131  3.951  3.8361  1.694    2  0.000  0.538     0.00     0.00     0.00     0.00     0.00 -1    -1e-30      0.00 7.385e-01 2.569e-01 8.131e-04 2.219e-04 2.017e-03 -1.000 4.581e-03 -5.107 -5.275 -5.133 -5.534
0.0045 -0.53140 7.55001 8.1427373886 2.6233968085    8.131  3.947  3.8243  1.651    2  0.000  0.538     0.00     0.00     0.00     0.00     0.00 -1    -1e-30      0.00 7.385e-01 2.569e-01 8.131e-04 2.219e-04 2.017e-03 -1.000 4.581e-03 -5.096 -5.263 -5.098 -5.557
0.0045 -0.53140 7.55001 8.1427965164 2.6233969080    8.131  3.942  3.8124  1.608    2  0.000  0.538     0.00     0.00     0.00     0.00     0.00 -1    -1e-30      0.00 7.385e-01 2.569e-01 8.131e-04 2.219e-04 2.017e-03 -1.000 4.581e-03 -5.085 -5.249 -5.059 -5.577
0.0045 -0.53140 7.55001 8.1428508759 2.6233969995    8.131  3.937  3.8007  1.565    2  0.000  0.538     0.00     0.00     0.00     0.00     0.00 -1    -1e-30      0.00 7.385e-01 2.569e-01 8.131e-04 2.219e-04 2.017e-03 -1.000 4.581e-03 -5.074 -5.231 -5.017 -5.593
0.0045 -0.53140 7.55001 8.1429023743 2.6233970862    8.131  3.933  3.7889  1.523    2  0.000  0.538     0.00     0.00     0.00     0.00     0.00 -1    -1e-30      0.00 7.385e-01 2.569e-01 8.131e-04 2.219e-04 2.017e-03 -1.000 4.581e-03 -5.061 -5.210 -4.970 -5.606
0.0045 -0.53140 7.55001 8.1429529190 2.6233971712    8.131  3.927  3.7771  1.481    2  0.000  0.538     0.00     0.00     0.00     0.00     0.00 -1    -1e-30      0.00 7.385e-01 2.569e-01 8.131e-04 2.219e-04 2.017e-03 -1.000 4.581e-03 -5.048 -5.188 -4.921 -5.617
0.0045 -0.53140 7.55001 8.1430006027 2.6233972515    8.131  3.922  3.7655  1.440    2  0.000  0.538     0.00     0.00     0.00     0.00     0.00 -1    -1e-30      0.00 7.385e-01 2.569e-01 8.131e-04 2.219e-04 2.017e-03 -1.000 4.581e-03 -5.035 -5.162 -4.867 -5.624
0.0045 -0.53140 7.55001 8.1430463791 2.6233973285    8.132  3.916  3.7540  1.400    2  0.000  0.538     0.00     0.00     0.00     0.00     0.00 -1    -1e-30      0.00 7.385e-01 2.569e-01 8.131e-04 2.219e-04 2.017e-03 -1.000 4.581e-03 -5.020 -5.133 -4.810 -5.626
0.0045 -0.53140 7.55001 8.1430912018 2.6233974039    8.132  3.910  3.7425  1.360    2  0.000  0.538     0.00     0.00     0.00     0.00     0.00 -1    -1e-30      0.00 7.385e-01 2.569e-01 8.131e-04 2.219e-04 2.017e-03 -1.000 4.581e-03 -5.004 -5.101 -4.750 -5.623
0.0045 -0.53140 7.55001 8.1431427002 2.6233974906    8.132  3.901  3.7289  1.314    2  0.000  0.538     0.00     0.00     0.00     0.00     0.00 -1    -1e-30      0.00 7.385e-01 2.569e-01 8.131e-04 2.219e-04 2.017e-03 -1.000 4.581e-03 -4.983 -5.057 -4.673 -5.614
0.0045 -0.53140 7.55001 8.1431837082 2.6233975596    8.132  3.894  3.7185  1.280    2  0.000  0.538     0.00     0.00     0.00     0.00     0.00 -1    -1e-30      0.00 7.385e-01 2.569e-01 8.131e-04 2.219e-04 2.017e-03 -1.000 4.581e-03 -4.964 -5.018 -4.608 -5.600
0.0045 -0.53140 7.55001 8.1432237625 2.6233976270    8.132  3.886  3.7091  1.251    2  0.000  0.538     0.00     0.00     0.00     0.00     0.00 -1    -1e-30      0.00 7.385e-01 2.569e-01 8.131e-04 2.219e-04 2.017e-03 -1.000 4.581e-03 -4.944 -4.977 -4.543 -5.582
0.0045 -0.53140 7.55001 8.1432657242 2.6233976976    8.132  3.876  3.7002  1.225    2  0.000  0.538     0.00     0.00     0.00     0.00     0.00 -1    -1e-30      0.00 7.385e-01 2.569e-01 8.131e-04 2.219e-04 2.017e-03 -1.000 4.581e-03 -4.920 -4.932 -4.474 -5.558
0.0045 -0.53140 7.55001 8.1433124542 2.6233977762    8.132  3.864  3.6916  1.202    2  0.000  0.538     0.00     0.00     0.00     0.00     0.00 -1    -1e-30      0.00 7.385e-01 2.569e-01 8.131e-04 2.219e-04 2.017e-03 -1.000 4.581e-03 -4.890 -4.879 -4.399 -5.525
0.0045 -0.53140 7.55001 8.1433696747 2.6233978725    8.132  3.849  3.6837  1.186    2  0.000  0.538     0.00     0.00     0.00     0.00     0.00 -1    -1e-30      0.00 7.385e-01 2.569e-01 8.131e-04 2.219e-04 2.017e-03 -1.000 4.581e-03 -4.852 -4.819 -4.318 -5.484
0.0045 -0.53140 7.55001 8.1434450150 2.6233979992    8.132  3.831  3.6760  1.174    2  0.000  0.538     0.00     0.00     0.00     0.00     0.00 -1    -1e-30      0.00 7.385e-01 2.569e-01 8.131e-04 2.219e-04 2.017e-03 -1.000 4.581e-03 -4.806 -4.752 -4.229 -5.435
0.0045 -0.53140 7.55001 8.1435747147 2.6233982175    8.132  3.807  3.6656  1.155    2  0.000  0.538     0.00     0.00     0.00     0.00     0.00 -1    -1e-30      0.00 7.385e-01 2.569e-01 8.131e-04 2.219e-04 2.017e-03 -1.000 4.581e-03 -4.748 -4.661 -4.107 -5.367
0.0045 -0.53140 7.55001 8.1436500549 2.6233983442    8.132  3.799  3.6601  1.142    2  0.000  0.538     0.00     0.00     0.00     0.00     0.00 -1    -1e-30      0.00 7.385e-01 2.569e-01 8.131e-04 2.219e-04 2.017e-03 -1.000 4.581e-03 -4.728 -4.621 -4.050 -5.339
0.0045 -0.53140 7.55001 8.1437292099 2.6233984774    8.132  3.816  3.6538  1.099    3  0.000  0.537    26.26    19.97    14.10    10.20     8.42  4    -1e-30      0.00 7.385e-01 2.569e-01 8.127e-04 2.220e-04 2.017e-03 -1.000 4.581e-03 -4.770 -4.635 -4.045 -5.369
0.0045 -0.53140 7.55001 8.1438131332 2.6233986186    8.132  3.850  3.6465  1.036    3  0.000  0.533    30.30    22.40    15.73    11.40     9.41  4    -1e-30      0.00 7.385e-01 2.569e-01 8.066e-04 2.243e-04 2.017e-03 -1.000 4.581e-03 -4.855 -4.686 -4.072 -5.438
0.0045 -0.53140 7.55001 8.1438741684 2.6233987213    8.132  3.890  3.6407  0.973    3  0.000  0.509    34.92    25.09    17.53    12.72    10.51  4    -1e-30      0.00 7.385e-01 2.569e-01 7.716e-04 2.512e-04 2.017e-03 -1.000 4.588e-03 -4.955 -4.757 -4.122 -5.524
0.0045 -0.53140 7.55001 8.1439247131 2.6233988063    8.132  3.928  3.6360  0.916    3  0.000  0.468    39.77    27.83    19.35    14.07    11.63  4    -1e-30      0.00 7.385e-01 2.569e-01 7.092e-04 3.199e-04 2.017e-03 -1.000 4.620e-03 -5.051 -4.827 -4.174 -5.607
0.0045 -0.53140 7.55001 8.1439361572 2.6233988256    8.132  3.938  3.6348  0.902    3  0.000  0.457    41.03    28.53    19.82    14.41    11.91  4    -1e-30      0.00 7.384e-01 2.569e-01 6.927e-04 3.393e-04 2.017e-03 -1.000 4.607e-03 -5.074 -4.845 -4.186 -5.627
0.0045 -0.53140 7.55001 8.1439485550 2.6233988464    8.132  3.947  3.6338  0.888    3  0.000  0.447    42.35    29.26    20.31    14.77    12.21  4    -1e-30      0.00 7.384e-01 2.570e-01 6.777e-04 3.577e-04 2.017e-03 -1.000 4.596e-03 -5.098 -4.863 -4.200 -5.649
0.0045 -0.53140 7.55001 8.1439619064 2.6233988689    8.132  3.958  3.6326  0.873    3  0.000  0.437    43.80    30.06    20.83    15.16    12.53  4    -1e-30      0.00 7.384e-01 2.570e-01 6.628e-04 3.762e-04 2.017e-03 -1.000 4.583e-03 -5.124 -4.882 -4.215 -5.671
0.0045 -0.53140 7.55001 8.1439733505 2.6233988881    8.132  3.966  3.6317  0.861    3  0.000  0.431    45.05    30.74    21.28    15.49    12.81  4    -1e-30      0.00 7.384e-01 2.570e-01 6.528e-04 3.886e-04 2.016e-03 -1.000 4.581e-03 -5.145 -4.898 -4.227 -5.690
0.0045 -0.53140 7.55001 8.1440219879 2.6233989700    8.133  4.000  3.6279  0.812    3  0.000  0.409    50.35    33.60    23.17    16.89    13.96  4    -1e-30      0.00 7.384e-01 2.570e-01 6.197e-04 4.295e-04 2.016e-03 -1.000 4.583e-03 -5.231 -4.962 -4.275 -5.765
0.0045 -0.53140 7.55001 8.1441030502 2.6233991063    8.133  4.041  3.6237  0.755    3  0.000  0.390    57.29    37.25    25.57    18.67    15.44  4    -1e-30      0.00 7.384e-01 2.570e-01 5.909e-04 4.656e-04 2.015e-03 -1.000 4.613e-03 -5.332 -5.038 -4.333 -5.852
0.0045 -0.53140 7.55001 8.1442518234 2.6233993566    8.133  4.080  3.6198  0.700    3  0.000  0.376    64.85    41.13    28.10    20.55    17.00  4    -1e-30      0.00 7.382e-01 2.571e-01 5.680e-04 4.995e-04 2.009e-03 -1.000 4.659e-03 -5.429 -5.112 -4.390 -5.938
0.0045 -0.53140 7.55001 8.1447629929 2.6234002164    8.133  4.124  3.6154  0.638    3  0.000  0.367    74.54    45.97    31.25    22.89    18.94  4    -1e-30      0.00 7.369e-01 2.585e-01 5.429e-04 5.660e-04 1.968e-03 -1.000 4.593e-03 -5.539 -5.194 -4.451 -6.033
0.0045 -0.53140 7.55001 8.1455793381 2.6234015893    8.134  4.156  3.6123  0.593    3  0.000  0.366    82.49    49.84    33.76    24.76    20.49  4    -1e-30      0.00 7.335e-01 2.619e-01 5.245e-04 6.442e-04 1.905e-03 -1.000 4.595e-03 -5.620 -5.254 -4.496 -6.102
0.0045 -0.53140 7.55001 8.1470146179 2.6234040023    8.135  4.184  3.6097  0.555    3  0.000  0.366    90.01    53.44    36.09    26.49    21.93  4    -1e-30      0.00 7.296e-01 2.658e-01 5.109e-04 7.035e-04 1.856e-03 -1.000 4.592e-03 -5.690 -5.307 -4.537 -6.164
0.0045 -0.53140 7.55001 8.1484174728 2.6234063598    8.137  4.200  3.6083  0.534    3  0.000  0.366    94.43    55.52    37.43    27.49    22.76  4    -1e-30      0.00 7.273e-01 2.681e-01 5.047e-04 7.307e-04 1.834e-03 -1.000 4.592e-03 -5.729 -5.337 -4.559 -6.197
0.0045 -0.53140 7.55001 8.1799182892 2.6234590532    8.168  4.170  3.6124  0.582    4  0.000  0.366     0.00     0.00     0.00     0.00     0.00 -1    -1e-30      0.00 7.274e-01 2.681e-01 5.047e-04 7.307e-04 1.834e-03 -1.000 4.591e-03 -5.654 -5.289 -4.531 -6.137
0.0045 -0.53140 7.55001 8.2075195312 2.6235048414    8.196  4.144  3.6158  0.623    4  0.000  0.366     0.00     0.00     0.00     0.00     0.00 -1    -1e-30      0.00 7.274e-01 2.681e-01 5.047e-04 7.307e-04 1.834e-03 -1.000 4.591e-03 -5.590 -5.247 -4.505 -6.086
0.0045 -0.53140 7.55001 8.2338447571 2.6235481841    8.222  4.122  3.6191  0.659    4  0.000  0.366     0.00     0.00     0.00     0.00     0.00 -1    -1e-30      0.00 7.274e-01 2.680e-01 5.047e-04 7.307e-04 1.834e-03 -1.000 4.590e-03 -5.535 -5.212 -4.484 -6.041
0.0045 -0.53140 7.55001 8.2612800598 2.6235930165    8.249  4.105  3.6224  0.691    4  0.000  0.366     0.00     0.00     0.00     0.00     0.00 -1    -1e-30      0.00 7.274e-01 2.680e-01 5.047e-04 7.307e-04 1.834e-03 -1.000 4.590e-03 -5.492 -5.190 -4.477 -6.010
0.0045 -0.53140 7.55001 8.3020048141 2.6236589375    8.289  4.088  3.6275  0.731    4  0.000  0.366     0.00     0.00     0.00     0.00     0.00 -1    -1e-30      0.00 7.274e-01 2.680e-01 5.046e-04 7.307e-04 1.834e-03 -1.000 4.589e-03 -5.449 -5.177 -4.484 -5.983
0.0045 -0.53140 7.55001 8.3267278671 2.6236985950    8.314  4.083  3.6307  0.749    4  0.000  0.366     0.00     0.00     0.00     0.00     0.00 -1    -1e-30      0.00 7.274e-01 2.680e-01 5.046e-04 7.307e-04 1.834e-03 -1.000 4.589e-03 -5.438 -5.185 -4.504 -5.983
0.0045 -0.53140 7.55001 8.3463315964 2.6237298488    8.333  4.095  3.6356  0.759    5  0.000  0.366     0.00     0.00     0.00     0.00     0.00 -1    -1e-30      0.00 7.274e-01 2.680e-01 5.046e-04 7.307e-04 1.834e-03 -1.000 4.588e-03 -5.467 -5.240 -4.575 -6.026
0.0045 -0.53140 7.55001 8.3529596329 2.6237403776    8.340  4.109  3.6405  0.764    5  0.000  0.366     0.00     0.00     0.00     0.00     0.00 -1    -1e-30      0.00 7.274e-01 2.680e-01 5.046e-04 7.307e-04 1.834e-03 -1.000 4.588e-03 -5.503 -5.302 -4.654 -6.077
0.0045 -0.53140 7.55001 8.3547468185 2.6237432133    8.342  4.119  3.6442  0.769    5  0.000  0.366     0.00     0.00     0.00     0.00     0.00 -1    -1e-30      0.00 7.274e-01 2.680e-01 5.046e-04 7.307e-04 1.834e-03 -1.000 4.588e-03 -5.526 -5.344 -4.707 -6.110
0.0045 -0.53140 7.55001 8.3553981781 2.6237442465    8.342  4.124  3.6477  0.779    5  0.000  0.366     0.00     0.00     0.00     0.00     0.00 -1    -1e-30      0.00 7.274e-01 2.680e-01 5.046e-04 7.307e-04 1.834e-03 -1.000 4.588e-03 -5.539 -5.374 -4.749 -6.132
0.0045 -0.53140 7.55001 8.3557252884 2.6237447652    8.343  4.127  3.6516  0.791    5  0.000  0.366     0.00     0.00     0.00     0.00     0.00 -1    -1e-30      0.00 7.274e-01 2.680e-01 5.046e-04 7.307e-04 1.834e-03 -1.000 4.588e-03 -5.547 -5.400 -4.787 -6.149
0.0045 -0.53140 7.55001 8.3560104370 2.6237452174    8.343  4.129  3.6560  0.807    5  0.000  0.366     0.00     0.00     0.00     0.00     0.00 -1    -1e-30      0.00 7.274e-01 2.680e-01 5.046e-04 7.307e-04 1.834e-03 -1.000 4.588e-03 -5.552 -5.426 -4.826 -6.164
0.0045 -0.53140 7.55001 8.3562307358 2.6237455668    8.343  4.130  3.6602  0.822    5  0.000  0.366     0.00     0.00     0.00     0.00     0.00 -1    -1e-30      0.00 7.274e-01 2.680e-01 5.046e-04 7.307e-04 1.834e-03 -1.000 4.588e-03 -5.555 -5.448 -4.862 -6.176
0.0045 -0.53140 7.55001 8.3564243317 2.6237458737    8.344  4.131  3.6642  0.837    5  0.000  0.366     0.00     0.00     0.00     0.00     0.00 -1    -1e-30      0.00 7.274e-01 2.680e-01 5.046e-04 7.307e-04 1.834e-03 -1.000 4.588e-03 -5.558 -5.466 -4.895 -6.184
0.0045 -0.53140 7.55001 8.3566093445 2.6237461671    8.344  4.132  3.6680  0.851    5  0.000  0.366     0.00     0.00     0.00     0.00     0.00 -1    -1e-30      0.00 7.274e-01 2.680e-01 5.046e-04 7.307e-04 1.834e-03 -1.000 4.588e-03 -5.560 -5.482 -4.924 -6.191
0.0045 -0.53140 7.55001 8.3568096161 2.6237464846    8.344  4.133  3.6720  0.866    5  0.000  0.366     0.00     0.00     0.00     0.00     0.00 -1    -1e-30      0.00 7.274e-01 2.680e-01 5.046e-04 7.307e-04 1.834e-03 -1.000 4.588e-03 -5.563 -5.498 -4.953 -6.196
0.0045 -0.53140 7.55001 8.3570270538 2.6237468293    8.344  4.134  3.6759  0.881    5  0.000  0.366     0.00     0.00     0.00     0.00     0.00 -1    -1e-30      0.00 7.274e-01 2.680e-01 5.046e-04 7.307e-04 1.834e-03 -1.000 4.588e-03 -5.565 -5.512 -4.980 -6.200
0.0045 -0.53140 7.55001 8.3572673798 2.6237472103    8.344  4.135  3.6798  0.896    5  0.000  0.366     0.00     0.00     0.00     0.00     0.00 -1    -1e-30      0.00 7.274e-01 2.680e-01 5.046e-04 7.307e-04 1.834e-03 -1.000 4.588e-03 -5.567 -5.526 -5.007 -6.204
0.0045 -0.53140 7.55001 8.3575420380 2.6237476456    8.344  4.136  3.6838  0.911    5  0.000  0.366     0.00     0.00     0.00     0.00     0.00 -1    -1e-30      0.00 7.274e-01 2.680e-01 5.046e-04 7.307e-04 1.834e-03 -1.000 4.588e-03 -5.569 -5.539 -5.032 -6.207
0.0045 -0.53140 7.55001 8.3578634262 2.6237481550    8.345  4.137  3.6877  0.926    5  0.000  0.366     0.00     0.00     0.00     0.00     0.00 -1    -1e-30      0.00 7.274e-01 2.680e-01 5.046e-04 7.307e-04 1.834e-03 -1.000 4.588e-03 -5.572 -5.553 -5.058 -6.211
0.0045 -0.53140 7.55001 8.3582553864 2.6237487762    8.345  4.138  3.6927  0.944    5  0.000  0.366     0.00     0.00     0.00     0.00     0.00 -1    -1e-30      0.00 7.274e-01 2.680e-01 5.046e-04 7.307e-04 1.834e-03 -1.000 4.588e-03 -5.576 -5.571 -5.089 -6.218
0.0045 -0.53140 7.55001 8.3587656021 2.6237495848    8.346  4.140  3.6980  0.963    5  0.000  0.366     0.00     0.00     0.00     0.00     0.00 -1    -1e-30      0.00 7.274e-01 2.680e-01 5.046e-04 7.307e-04 1.834e-03 -1.000 4.588e-03 -5.581 -5.591 -5.123 -6.226
0.0045 -0.53140 7.55001 8.3597297668 2.6237511123    8.347  4.144  3.7080  0.999    5  0.000  0.366     0.00     0.00     0.00     0.00     0.00 -1    -1e-30      0.00 7.274e-01 2.680e-01 5.046e-04 7.306e-04 1.834e-03 -1.000 4.588e-03 -5.591 -5.626 -5.185 -6.237
0.0045 -0.53140 7.55001 8.3610897064 2.6237532662    8.348  4.147  3.7264  1.070    5  0.000  0.366     0.00     0.00     0.00     0.00     0.00 -1    -1e-30      0.00 7.274e-01 2.680e-01 5.046e-04 7.306e-04 1.834e-03 -1.000 4.588e-03 -5.598 -5.672 -5.281 -6.236
0.0045 -0.53140 7.55001 8.3646049500 2.6237588300    8.351  4.150  3.7463  1.147    5  0.000  0.366     0.00     0.00     0.00     0.00     0.00 -1    -1e-30      0.00 7.274e-01 2.680e-01 5.046e-04 7.306e-04 1.834e-03 -1.000 4.588e-03 -5.606 -5.712 -5.370 -6.225
0.0045 -0.53140 7.55001 8.3682203293 2.6237645467    8.355  4.153  3.7541  1.175    5  0.000  0.366     0.00     0.00     0.00     0.00     0.00 -1    -1e-30      0.00 7.274e-01 2.680e-01 5.046e-04 7.306e-04 1.834e-03 -1.000 4.588e-03 -5.614 -5.731 -5.409 -6.223
0.0045 -0.53140 7.55001 8.3722915649 2.6237709774    8.359  4.157  3.7607  1.198    5  0.000  0.366     0.00     0.00     0.00     0.00     0.00 -1    -1e-30      0.00 7.274e-01 2.680e-01 5.046e-04 7.306e-04 1.834e-03 -1.000 4.588e-03 -5.623 -5.749 -5.443 -6.224
0.0045 -0.53140 7.55001 8.3773021698 2.6237788819    8.364  4.168  3.7704  1.226    5  0.000  0.366     0.00     0.00     0.00     0.00     0.00 -1    -1e-30      0.00 7.274e-01 2.680e-01 5.046e-04 7.306e-04 1.834e-03 -1.000 4.588e-03 -5.650 -5.788 -5.505 -6.235
0.0045 -0.53140 7.55001 8.3831310272 2.6237880637    8.370  4.185  3.8209  1.411    5  0.000  0.366     0.00     0.00     0.00     0.00     0.00 -1    -1e-30      0.00 7.274e-01 2.680e-01 5.046e-04 7.306e-04 1.834e-03 -1.000 4.588e-03 -5.692 -5.864 -5.696 -6.162
0.0045 -0.53140 7.55001 8.3966512680 2.6238093047    8.383  4.198  3.8905  1.677    5  0.000  0.366     0.00     0.00     0.00     0.00     0.00 -1    -1e-30      0.00 7.274e-01 2.680e-01 5.046e-04 7.306e-04 1.834e-03 -1.000 4.587e-03 -5.726 -5.864 -5.811 -5.976
0.0045 -0.53140 7.55001 8.4154586792 2.6238387216    8.402  4.207  3.9018  1.715    5  0.000  0.366     0.00     0.00     0.00     0.00     0.00 -1    -1e-30      0.00 7.274e-01 2.680e-01 5.046e-04 7.306e-04 1.834e-03 -1.000 4.587e-03 -5.747 -5.865 -5.824 -5.956
0.0045 -0.53140 7.55001 8.4198198318 2.6238455214    8.406  4.208  3.9005  1.708    5  0.000  0.366     0.00     0.00     0.00     0.00     0.00 -1    -1e-30      0.00 7.274e-01 2.680e-01 5.046e-04 7.306e-04 1.834e-03 -1.000 4.587e-03 -5.751 -5.872 -5.829 -5.964
0.0045 -0.53140 7.55001 8.4233856201 2.6238510750    8.410  4.210  3.8986  1.699    5  0.000  0.366     0.00     0.00     0.00     0.00     0.00 -1    -1e-30      0.00 7.274e-01 2.680e-01 5.046e-04 7.306e-04 1.834e-03 -1.000 4.587e-03 -5.754 -5.878 -5.834 -5.974
0.0045 -0.53140 7.55001 8.4278202057 2.6238579743    8.414  4.211  3.8965  1.690    5  0.000  0.366     0.00     0.00     0.00     0.00     0.00 -1    -1e-30      0.00 7.274e-01 2.680e-01 5.046e-04 7.306e-04 1.834e-03 -1.000 4.587e-03 -5.758 -5.886 -5.839 -5.986
0.0045 -0.53140 7.55001 8.4305267334 2.6238621809    8.417  4.217  3.9041  1.715    5  0.000  0.366     0.00     0.00     0.00     0.00     0.00 -1    -1e-30      0.00 7.274e-01 2.680e-01 5.046e-04 7.306e-04 1.834e-03 -1.000 4.587e-03 -5.771 -5.884 -5.845 -5.971
0.0045 -0.53140 7.55001 8.4308099747 2.6238626210    8.417  4.217  3.9072  1.726    5  0.000  0.366     0.00     0.00     0.00     0.00     0.00 -1    -1e-30      0.00 7.274e-01 2.680e-01 5.046e-04 7.306e-04 1.834e-03 -1.000 4.587e-03 -5.774 -5.879 -5.843 -5.961
0.0045 -0.53140 7.55001 8.4310722351 2.6238630284    8.418  4.217  3.9100  1.739    5  0.000  0.366     0.00     0.00     0.00     0.00     0.00 -1    -1e-30      0.00 7.274e-01 2.680e-01 5.046e-04 7.306e-04 1.834e-03 -1.000 4.587e-03 -5.771 -5.871 -5.837 -5.948
0.0045 -0.53140 7.55001 8.4316835403 2.6238639780    8.418  4.215  3.9123  1.750    5  0.000  0.366     0.00     0.00     0.00     0.00     0.00 -1    -1e-30      0.00 7.274e-01 2.680e-01 5.046e-04 7.306e-04 1.834e-03 -1.000 4.587e-03 -5.766 -5.860 -5.827 -5.934
0.0045 -0.53140 7.55001 8.4330425262 2.6238660883    8.420  4.218  3.9172  1.766    5  0.000  0.366     0.00     0.00     0.00     0.00     0.00 -1    -1e-30      0.00 7.274e-01 2.680e-01 5.046e-04 7.306e-04 1.834e-03 -1.000 4.587e-03 -5.776 -5.856 -5.827 -5.923
0.0045 -0.53140 7.55001 8.4334306717 2.6238666909    8.420  4.219  3.9190  1.772    5  0.000  0.366     0.00     0.00     0.00     0.00     0.00 -1    -1e-30      0.00 7.274e-01 2.680e-01 5.046e-04 7.306e-04 1.834e-03 -1.000 4.587e-03 -5.777 -5.853 -5.825 -5.918
0.0045 -0.53140 7.55001 8.4338369370 2.6238673216    8.420  4.218  3.9208  1.781    5  0.000  0.366     0.00     0.00     0.00     0.00     0.00 -1    -1e-30      0.00 7.274e-01 2.680e-01 5.046e-04 7.306e-04 1.834e-03 -1.000 4.587e-03 -5.775 -5.845 -5.819 -5.907
0.0045 -0.53140 7.55001 8.4384098053 2.6238744156    8.425  4.217  3.9164  1.764    6  0.000  0.366     0.00     0.00     0.00     0.00     0.00 -1    -1e-30      0.00 7.274e-01 2.680e-01 5.046e-04 7.306e-04 1.834e-03 -1.000 4.587e-03 -5.773 -5.855 -5.826 -5.924
0.0045 -0.53140 7.55001 8.4508819580 2.6238937190    8.437  4.219  3.8949  1.676    6  0.000  0.366     0.00     0.00     0.00     0.00     0.00 -1    -1e-30      0.00 7.274e-01 2.680e-01 5.046e-04 7.306e-04 1.834e-03 -1.000 4.586e-03 -5.778 -5.909 -5.861 -6.012
0.0045 -0.53140 7.55001 8.4580278397 2.6239047494    8.444  4.219  3.8719  1.585    6  0.000  0.366     0.00     0.00     0.00     0.00     0.00 -1    -1e-30      0.00 7.274e-01 2.680e-01 5.046e-04 7.306e-04 1.834e-03 -1.000 4.586e-03 -5.778 -5.938 -5.861 -6.091
0.0045 -0.53140 7.55001 8.4624605179 2.6239115808    8.449  4.218  3.8519  1.506    6  0.000  0.366     0.00     0.00     0.00     0.00     0.00 -1    -1e-30      0.00 7.274e-01 2.680e-01 5.046e-04 7.306e-04 1.834e-03 -1.000 4.586e-03 -5.776 -5.946 -5.839 -6.152
0.0045 -0.53140 7.55001 8.4669408798 2.6239184775    8.453  4.215  3.8178  1.373    6  0.000  0.366     0.00     0.00     0.00     0.00     0.00 -1    -1e-30      0.00 7.274e-01 2.680e-01 5.046e-04 7.306e-04 1.834e-03 -1.000 4.586e-03 -5.768 -5.939 -5.765 -6.246
0.0045 -0.53140 7.55001 8.4701414108 2.6239233989    8.456  4.209  3.7781  1.220    6  0.000  0.366     0.00     0.00     0.00     0.00     0.00 -1    -1e-30      0.00 7.274e-01 2.680e-01 5.046e-04 7.306e-04 1.834e-03 -1.000 4.586e-03 -5.753 -5.901 -5.638 -6.325
0.0045 -0.53140 7.55001 8.4723863602 2.6239268484    8.459  4.195  3.7354  1.064    6  0.000  0.366     0.00     0.00     0.00     0.00     0.00 -1    -1e-30      0.00 7.274e-01 2.680e-01 5.045e-04 7.306e-04 1.834e-03 -1.000 4.586e-03 -5.718 -5.810 -5.440 -6.351
0.0045 -0.53140 7.55001 8.4747810364 2.6239305256    8.461  4.164  3.7018  0.961    6  0.000  0.366     0.00     0.00     0.00     0.00     0.00 -1    -1e-30      0.00 7.274e-01 2.680e-01 5.045e-04 7.306e-04 1.834e-03 -1.000 4.586e-03 -5.640 -5.660 -5.202 -6.286
0.0045 -0.53140 7.55001 8.4763240814 2.6239328939    8.463  4.164  3.6904  0.915    6  0.000  0.366     0.00     0.00     0.00     0.00     0.00 -1    -1e-30      0.00 7.274e-01 2.680e-01 5.045e-04 7.306e-04 1.834e-03 -1.000 4.586e-03 -5.640 -5.629 -5.141 -6.282
0.0045 -0.53140 7.55001 8.4776086807 2.6239348647    8.464  4.168  3.6813  0.875    6  0.000  0.366     0.00     0.00     0.00     0.00     0.00 -1    -1e-30      0.00 7.274e-01 2.680e-01 5.045e-04 7.306e-04 1.834e-03 -1.000 4.586e-03 -5.649 -5.613 -5.097 -6.287
0.0045 -0.53140 7.55001 8.4789266586 2.6239368860    8.465  4.170  3.6752  0.849    6  0.000  0.366     0.00     0.00     0.00     0.00     0.00 -1    -1e-30      0.00 7.274e-01 2.680e-01 5.045e-04 7.306e-04 1.834e-03 -1.000 4.586e-03 -5.654 -5.599 -5.064 -6.290
0.0045 -0.53140 7.55001 8.4798030853 2.6239382297    8.466  4.173  3.6711  0.829    6  0.000  0.366     0.00     0.00     0.00     0.00     0.00 -1    -1e-30      0.00 7.274e-01 2.680e-01 5.045e-04 7.306e-04 1.834e-03 -1.000 4.586e-03 -5.663 -5.596 -5.047 -6.297
0.0045 -0.53140 7.55001 8.4805526733 2.6239393787    8.467  4.176  3.6675  0.812    6  0.000  0.366     0.00     0.00     0.00     0.00     0.00 -1    -1e-30      0.00 7.274e-01 2.680e-01 5.045e-04 7.306e-04 1.834e-03 -1.000 4.586e-03 -5.670 -5.590 -5.029 -6.301
0.0045 -0.53140 7.55001 8.4811983109 2.6239403682    8.467  4.178  3.6640  0.796    6  0.000  0.366     0.00     0.00     0.00     0.00     0.00 -1    -1e-30      0.00 7.274e-01 2.680e-01 5.045e-04 7.306e-04 1.834e-03 -1.000 4.586e-03 -5.675 -5.582 -5.009 -6.302
0.0045 -0.53140 7.55001 8.4817562103 2.6239412230    8.468  4.180  3.6606  0.780    6  0.000  0.366     0.00     0.00     0.00     0.00     0.00 -1    -1e-30      0.00 7.274e-01 2.680e-01 5.045e-04 7.306e-04 1.834e-03 -1.000 4.586e-03 -5.680 -5.574 -4.988 -6.303
0.0045 -0.53140 7.55001 8.4822435379 2.6239419697    8.468  4.181  3.6574  0.766    6  0.000  0.366     0.00     0.00     0.00     0.00     0.00 -1    -1e-30      0.00 7.274e-01 2.680e-01 5.045e-04 7.306e-04 1.834e-03 -1.000 4.586e-03 -5.683 -5.563 -4.965 -6.301
0.0045 -0.53140 7.55001 8.4826707840 2.6239426242    8.469  4.183  3.6542  0.752    6  0.000  0.366     0.00     0.00     0.00     0.00     0.00 -1    -1e-30      0.00 7.274e-01 2.680e-01 5.045e-04 7.306e-04 1.834e-03 -1.000 4.586e-03 -5.686 -5.551 -4.944 -6.296
0.0045 -0.53140 7.55001 8.4830474854 2.6239432012    8.469  4.183  3.6510  0.739    6  0.000  0.366     0.00     0.00     0.00     0.00     0.00 -1    -1e-30      0.00 7.274e-01 2.680e-01 5.045e-04 7.306e-04 1.834e-03 -1.000 4.586e-03 -5.688 -5.539 -4.921 -6.291
0.0045 -0.53140 7.55001 8.4833793640 2.6239437095    8.469  4.184  3.6479  0.726    6  0.000  0.366     0.00     0.00     0.00     0.00     0.00 -1    -1e-30      0.00 7.274e-01 2.680e-01 5.045e-04 7.306e-04 1.834e-03 -1.000 4.586e-03 -5.690 -5.526 -4.898 -6.285
0.0045 -0.53140 7.55001 8.4836750031 2.6239441622    8.470  4.184  3.6449  0.713    6  0.000  0.366     0.00     0.00     0.00     0.00     0.00 -1    -1e-30      0.00 7.274e-01 2.680e-01 5.045e-04 7.306e-04 1.834e-03 -1.000 4.586e-03 -5.691 -5.511 -4.874 -6.279
0.0045 -0.53140 7.55001 8.4839439392 2.6239445741    8.470  4.185  3.6419  0.701    6  0.000  0.366     0.00     0.00     0.00     0.00     0.00 -1    -1e-30      0.00 7.274e-01 2.680e-01 5.045e-04 7.306e-04 1.834e-03 -1.000 4.586e-03 -5.692 -5.497 -4.850 -6.271
0.0045 -0.53140 7.55001 8.4842033386 2.6239449713    8.470  4.185  3.6389  0.689    6  0.000  0.366     0.00     0.00     0.00     0.00     0.00 -1    -1e-30      0.00 7.274e-01 2.680e-01 5.045e-04 7.306e-04 1.834e-03 -1.000 4.586e-03 -5.692 -5.482 -4.824 -6.263
0.0045 -0.53140 7.55001 8.4844722748 2.6239453830    8.471  4.184  3.6359  0.677    6  0.000  0.366     0.00     0.00     0.00     0.00     0.00 -1    -1e-30      0.00 7.274e-01 2.680e-01 5.045e-04 7.306e-04 1.834e-03 -1.000 4.586e-03 -5.691 -5.465 -4.796 -6.253
0.0045 -0.53140 7.55001 8.4847679138 2.6239458357    8.471  4.183  3.6328  0.666    6  0.000  0.366     0.00     0.00     0.00     0.00     0.00 -1    -1e-30      0.00 7.274e-01 2.680e-01 5.045e-04 7.306e-04 1.834e-03 -1.000 4.586e-03 -5.688 -5.445 -4.766 -6.241
0.0045 -0.53140 7.55001 8.4850978851 2.6239463408    8.471  4.182  3.6298  0.655    6  0.000  0.366     0.00     0.00     0.00     0.00     0.00 -1    -1e-30      0.00 7.274e-01 2.680e-01 5.045e-04 7.306e-04 1.834e-03 -1.000 4.586e-03 -5.684 -5.424 -4.735 -6.228
0.0045 -0.53140 7.55001 8.4856710434 2.6239472181    8.472  4.178  3.6261  0.644    6  0.000  0.366     0.00     0.00     0.00     0.00     0.00 -1    -1e-30      0.00 7.274e-01 2.680e-01 5.045e-04 7.306e-04 1.834e-03 -1.000 4.586e-03 -5.676 -5.395 -4.692 -6.208
0.0045 -0.53140 7.55001 8.4861326218 2.6239479246    8.472  4.178  3.6231  0.633    6  0.000  0.366     0.00     0.00     0.00     0.00     0.00 -1    -1e-30      0.00 7.274e-01 2.680e-01 5.045e-04 7.306e-04 1.834e-03 -1.000 4.586e-03 -5.674 -5.375 -4.661 -6.196
0.0045 -0.53140 7.55001 8.4867238998 2.6239488294    8.473  4.185  3.6194  0.611    6  0.000  0.366     0.00     0.00     0.00     0.00     0.00 -1    -1e-30      0.00 7.274e-01 2.680e-01 5.045e-04 7.306e-04 1.834e-03 -1.000 4.586e-03 -5.691 -5.370 -4.641 -6.200
0.0045 -0.53140 7.55001 8.4871759415 2.6239495210    8.473  4.198  3.6167  0.587    6  0.000  0.366     0.00     0.00     0.00     0.00     0.00 -1    -1e-30      0.00 7.274e-01 2.680e-01 5.045e-04 7.306e-04 1.834e-03 -1.000 4.586e-03 -5.725 -5.386 -4.645 -6.224
0.0045 -0.53140 7.55001 8.4878292084 2.6239505204    8.474  4.226  3.6125  0.542    6  0.000  0.366     0.00     0.00     0.00     0.00     0.00 -1    -1e-30      0.00 7.274e-01 2.680e-01 5.045e-04 7.306e-04 1.834e-03 -1.000 4.586e-03 -5.795 -5.429 -4.669 -6.279
0.0045 -0.53140 7.55001 8.4879922867 2.6239507698    8.474  4.235  3.6112  0.528    6  0.000  0.366     0.00     0.00     0.00     0.00     0.00 -1    -1e-30      0.00 7.274e-01 2.680e-01 5.045e-04 7.306e-04 1.834e-03 -1.000 4.586e-03 -5.819 -5.445 -4.680 -6.299
0.0045 -0.53140 7.55001 8.4883365631 2.6239512964    8.474  4.255  3.6090  0.499    7  0.000  0.366   103.70    59.76    40.19    29.50    24.44  4    -1e-30      0.00 7.274e-01 2.680e-01 5.045e-04 7.306e-04 1.834e-03 -1.000 4.586e-03 -5.868 -5.479 -4.703 -6.339
0.0045 -0.53140 7.55001 8.4897851944 2.6239535116    8.476  4.258  3.6086  0.494    7  0.000  0.366   104.81    60.27    40.52    29.75    24.64  4    -1e-30      0.00 7.274e-01 2.680e-01 5.045e-04 7.306e-04 1.834e-03 -1.000 4.586e-03 -5.876 -5.485 -4.706 -6.346
0.0045 -0.53140 7.55001 8.4908027649 2.6239550671    8.477  4.270  3.6072  0.477    7  0.000  0.366   108.92    62.14    41.72    30.64    25.38  4    -1e-30      0.00 7.274e-01 2.680e-01 5.045e-04 7.306e-04 1.834e-03 -1.000 4.586e-03 -5.904 -5.503 -4.717 -6.369
0.0045 -0.53140 7.55001 8.4913482666 2.6239559008    8.478  4.295  3.6046  0.442    7  0.000  0.366   118.11    66.27    44.36    32.61    27.02  4    -1e-30      0.00 7.274e-01 2.680e-01 5.045e-04 7.306e-04 1.834e-03 -1.000 4.586e-03 -5.967 -5.547 -4.746 -6.421
0.0045 -0.53140 7.55001 8.4919748306 2.6239568582    8.478  4.324  3.6016  0.400    7  0.000  0.366   129.78    71.42    47.65    35.07    29.06  4    -1e-30      0.00 7.274e-01 2.680e-01 5.045e-04 7.306e-04 1.834e-03 -1.000 4.586e-03 -6.041 -5.599 -4.782 -6.483
0.0045 -0.53140 7.55001 8.4929523468 2.6239583516    8.479  4.366  3.5975  0.343    7  0.000  0.366   147.98    79.28    52.65    38.80    32.16  3    -1e-30      0.00 7.274e-01 2.680e-01 5.039e-04 7.310e-04 1.834e-03 -1.000 4.586e-03 -6.144 -5.671 -4.830 -6.569
0.0045 -0.53140 7.55001 8.4939098358 2.6239598141    8.480  4.400  3.5941  0.295    7  0.000  0.365   165.00    86.44    57.18    42.20    34.99  3    -1e-30      0.00 7.274e-01 2.680e-01 5.024e-04 7.326e-04 1.834e-03 -1.000 4.586e-03 -6.230 -5.731 -4.869 -6.641
0.0045 -0.53140 7.55001 8.4952135086 2.6239618046    8.481  4.441  3.5902  0.238    7  0.000  0.363   187.60    95.72    63.03    46.59    38.63  3    -1e-30      0.00 7.271e-01 2.683e-01 4.992e-04 7.385e-04 1.831e-03 -1.000 4.611e-03 -6.332 -5.802 -4.915 -6.725
0.0045 -0.53140 7.55001 8.4968957901 2.6239643722    8.483  4.487  3.5858  0.175    7  0.000  0.361   216.86   107.41    70.36    52.09    43.21  3    -1e-30      0.00 7.249e-01 2.704e-01 4.930e-04 7.587e-04 1.817e-03 -1.000 4.613e-03 -6.447 -5.879 -4.962 -6.819
0.0045 -0.53140 7.55001 8.4984397888 2.6239667277    8.485  4.533  3.5813  0.111    7  0.000  0.361   250.59   120.49    78.52    58.23    48.32  3    -1e-30      0.00 7.224e-01 2.730e-01 4.879e-04 7.790e-04 1.801e-03 -1.000 4.595e-03 -6.562 -5.955 -5.007 -6.911
0.0045 -0.53140 7.55001 8.5001001358 2.6239692597    8.486  4.567  3.5780  0.063    7  0.000  0.361   279.44   131.38    85.29    63.33    52.56  3    -1e-30      0.00 7.209e-01 2.745e-01 4.853e-04 7.901e-04 1.792e-03 -1.000 4.617e-03 -6.649 -6.010 -5.036 -6.980
0.0045 -0.53140 7.55001 8.5010585785 2.6239707207    8.487  4.587  3.5762  0.036    7  0.000  0.361   297.12   137.94    89.35    66.40    55.11  3    -1e-30      0.00 7.201e-01 2.753e-01 4.842e-04 7.950e-04 1.788e-03 -1.000 4.633e-03 -6.698 -6.041 -5.052 -7.018
0.0045 -0.53140 7.55001 8.5051870346 2.6239770098    8.491  4.620  3.5731 -0.009    7  0.000  0.361   326.87   149.72    96.62    71.89    59.68  2    -1e-30      0.00 7.184e-01 2.769e-01 4.827e-04 8.020e-04 1.782e-03 -1.000 4.657e-03 -6.780 -6.093 -5.077 -7.083
0.0045 -0.53140 7.55001 8.5130939484 2.6239890352    8.499  4.662  3.5694 -0.065    7  0.000  0.361   355.66   165.64   106.41    79.29    65.83  2    -1e-30      0.00 7.157e-01 2.797e-01 4.805e-04 8.117e-04 1.775e-03 -1.000 4.624e-03 -6.884 -6.158 -5.107 -7.165
0.0045 -0.53140 7.55001 8.5240697861 2.6240056855    8.510  4.700  3.5659 -0.117    7  0.000  0.361   385.00   182.12   116.51    86.92    72.19  2    -1e-30      0.00 7.139e-01 2.815e-01 4.788e-04 8.178e-04 1.770e-03 -1.000 4.620e-03 -6.981 -6.214 -5.122 -7.238
0.0045 -0.53140 7.55001 8.5446805954 2.6240368192    8.531  4.710  3.5652 -0.129    7  0.000  0.360   392.09   186.12   118.96    88.77    73.74  2    -1e-30      0.00 7.124e-01 2.830e-01 4.774e-04 8.230e-04 1.766e-03 -1.000 4.635e-03 -7.006 -6.230 -5.131 -7.258
0.0045 -0.53140 7.55001 8.5496606827 2.6240443160    8.536  4.680  3.5682 -0.086    7  0.000  0.360   367.71   172.35   110.54    82.39    68.42  2    -1e-30      0.00 7.121e-01 2.833e-01 4.770e-04 8.248e-04 1.764e-03 -1.000 4.636e-03 -6.930 -6.190 -5.125 -7.203
