Zini MH logAge Mini int_IMF Mass logL logTe logg label McoreTP C_O period0 period1 period2 period3 period4 pmode Mloss tau1m X Y Xc Xn Xo Cexcess Z mbolmag Gmag G_BPmag G_RPmag
0.004 -0.58336 8.82001 0.0900000036 1.0816895926    0.090 -3.235  3.4210  5.263    0  0.000  0.545     0.00     0.00     0.00     0.00     0.00 -1 -5.76e-17      0.00 7.399e-01 2.561e-01 7.193e-04 1.940e-04 1.760e-03 -1.000 4.000e-03 12.857 14.506 17.435 13.049
0.004 -0.58336 8.82001 0.0931112915 1.1108418206    0.093 -3.184  3.4278  5.255    0  0.000  0.545     0.00     0.00     0.00     0.00     0.00 -1 -6.41e-17      0.00 7.399e-01 2.561e-01 7.193e-04 1.940e-04 1.760e-03 -1.000 4.000e-03 12.731 14.312 17.089 12.875
0.004 -0.58336 8.82001 0.1000000015 1.1711064122    0.100 -3.063  3.4447  5.232    0  0.000  0.545     0.00     0.00     0.00     0.00     0.00 -1  -8.4e-17      0.00 7.399e-01 2.561e-01 7.193e-04 1.940e-04 1.760e-03 -1.000 4.000e-03 12.427 13.848 16.300 12.458
0.004 -0.58336 8.82001 0.1069783494 1.2268885416    0.107 -2.977  3.4557  5.219    0  0.000  0.545     0.00     0.00     0.00     0.00     0.00 -1    -1e-16      0.00 7.398e-01 2.562e-01 7.193e-04 1.940e-04 1.760e-03 -1.000 4.000e-03 12.212 13.529 15.774 12.173
0.004 -0.58336 8.82001 0.1199999973 1.3193154249    0.120 -2.820  3.4751  5.190    0  0.000  0.545     0.00     0.00     0.00     0.00     0.00 -1  -1.4e-16      0.00 7.398e-01 2.562e-01 7.193e-04 1.940e-04 1.760e-03 -1.000 4.000e-03 11.821 12.957 14.856 11.668
0.004 -0.58336 8.82001 0.1400000006 1.4384526719    0.140 -2.639  3.4940  5.151    0  0.000  0.545     0.00     0.00     0.00     0.00     0.00 -1 -2.06e-16      0.00 7.397e-01 2.563e-01 7.193e-04 1.940e-04 1.760e-03 -1.000 4.000e-03 11.368 12.333 13.939 11.116
0.004 -0.58336 8.82001 0.1517126560 1.4983988365    0.152 -2.558  3.5017  5.136    0  0.000  0.545     0.00     0.00     0.00     0.00     0.00 -1 -2.42e-16      0.00 7.397e-01 2.563e-01 7.193e-04 1.940e-04 1.760e-03 -1.000 4.000e-03 11.166 12.067 13.572 10.879
0.004 -0.58336 8.82001 0.1599999964 1.5372931554    0.160 -2.502  3.5069  5.124    0  0.000  0.545     0.00     0.00     0.00     0.00     0.00 -1 -2.72e-16      0.00 7.397e-01 2.563e-01 7.193e-04 1.940e-04 1.760e-03 -1.000 4.000e-03 11.025 11.884 13.327 10.716
0.004 -0.58336 8.82001 0.1886186302 1.6537741000    0.189 -2.344  3.5200  5.089    0  0.000  0.545     0.00     0.00     0.00     0.00     0.00 -1 -3.75e-16      0.00 7.396e-01 2.564e-01 7.193e-04 1.940e-04 1.760e-03 -1.000 4.000e-03 10.629 11.386 12.686 10.267
0.004 -0.58336 8.82001 0.1999999881 1.6938790356    0.200 -2.287  3.5246  5.077    0  0.000  0.545     0.00     0.00     0.00     0.00     0.00 -1  -4.2e-16      0.00 7.396e-01 2.564e-01 7.193e-04 1.940e-04 1.760e-03 -1.000 4.000e-03 10.488 11.213 12.472 10.110
0.004 -0.58336 8.82001 0.2500000000 1.8403257998    0.250 -2.092  3.5382  5.033    0  0.000  0.545     0.00     0.00     0.00     0.00     0.00 -1  -6.2e-16      0.00 7.395e-01 2.565e-01 7.193e-04 1.940e-04 1.760e-03 -1.000 4.000e-03 10.001 10.637 11.786 9.577
0.004 -0.58336 8.82001 0.3140967488 1.9803122720    0.314 -1.893  3.5501  4.980    0  0.000  0.545     0.00     0.00     0.00     0.00     0.00 -1 -9.29e-16      0.00 7.397e-01 2.563e-01 7.193e-04 1.940e-04 1.760e-03 -1.000 4.000e-03 9.503 10.069 11.135 9.045
0.004 -0.58336 8.82001 0.3245217204 1.9995661123    0.324 -1.860  3.5519  4.968    0  0.000  0.545     0.00     0.00     0.00     0.00     0.00 -1 -9.99e-16      0.00 7.398e-01 2.562e-01 7.193e-04 1.940e-04 1.760e-03 -1.000 4.000e-03 9.419 9.976 11.032 8.958
0.004 -0.58336 8.82001 0.3499999642 2.0434174156    0.350 -1.791  3.5567  4.952    0  0.000  0.545     0.00     0.00     0.00     0.00     0.00 -1 -1.15e-15      0.00 7.399e-01 2.561e-01 7.193e-04 1.940e-04 1.760e-03 -1.000 4.000e-03 9.247 9.777 10.803 8.773
0.004 -0.58336 8.82001 0.3999999762 2.1185023988    0.400 -1.634  3.5684  4.900    0  0.000  0.545     0.00     0.00     0.00     0.00     0.00 -1 -1.64e-15      0.00 7.399e-01 2.561e-01 7.193e-04 1.940e-04 1.760e-03 -1.000 4.000e-03 8.855 9.323 10.282 8.354
0.004 -0.58336 8.82001 0.4379606247 2.1677955100    0.438 -1.505  3.5789  4.852    0  0.000  0.545     0.00     0.00     0.00     0.00     0.00 -1 -2.23e-15      0.00 7.399e-01 2.561e-01 7.193e-04 1.940e-04 1.760e-03 -1.000 4.000e-03 8.533 8.951 9.858 8.009
0.004 -0.58336 8.82001 0.4499999881 2.1822809009    0.450 -1.467  3.5820  4.838    0  0.000  0.545     0.00     0.00     0.00     0.00     0.00 -1 -2.44e-15      0.00 7.399e-01 2.561e-01 7.193e-04 1.940e-04 1.760e-03 -1.000 4.000e-03 8.437 8.842 9.735 7.909
0.004 -0.58336 8.82001 0.4999999702 2.2374541023    0.500 -1.291  3.6009  4.784    0  0.000  0.545     0.00     0.00     0.00     0.00     0.00 -1 -3.69e-15      0.00 7.399e-01 2.561e-01 7.193e-04 1.940e-04 1.760e-03 -1.000 4.000e-03 7.998 8.326 9.137 7.439
0.004 -0.58336 8.82001 0.5500000119 2.2836582633    0.550 -1.112  3.6272  4.751    0  0.000  0.545     0.00     0.00     0.00     0.00     0.00 -1 -5.51e-15      0.00 7.418e-01 2.542e-01 7.145e-04 1.927e-04 1.748e-03 -1.000 4.000e-03 7.550 7.786 8.495 6.964
0.004 -0.58336 8.82001 0.5743383169 2.3028309683    0.574 -1.023  3.6402  4.732    0  0.000  0.545     0.00     0.00     0.00     0.00     0.00 -1 -6.76e-15      0.00 7.422e-01 2.538e-01 7.135e-04 1.925e-04 1.746e-03 -1.000 4.000e-03 7.326 7.517 8.174 6.730
0.004 -0.58336 8.82001 0.5999999642 2.3211212854    0.600 -0.935  3.6546  4.722    0  0.000  0.545     0.00     0.00     0.00     0.00     0.00 -1 -8.19e-15      0.00 7.421e-01 2.539e-01 7.136e-04 1.926e-04 1.746e-03 -1.000 3.963e-03 7.108 7.243 7.841 6.500
0.004 -0.58336 8.82001 0.6499999166 2.3520352771    0.650 -0.770  3.6829  4.705    1  0.000  0.545     0.00     0.00     0.00     0.00     0.00 -1 -1.18e-14      0.00 7.424e-01 2.536e-01 7.128e-04 1.923e-04 1.744e-03 -1.000 4.000e-03 6.696 6.736 7.236 6.070
0.004 -0.58336 8.82001 0.6999999881 2.3779266974    0.700 -0.617  3.7091  4.689    1  0.000  0.545     0.00     0.00     0.00     0.00     0.00 -1 -1.64e-14      0.00 7.429e-01 2.532e-01 7.118e-04 1.921e-04 1.742e-03 -1.000 3.935e-03 6.314 6.288 6.719 5.684
0.004 -0.58336 8.82001 0.7477272749 2.3989636747    0.748 -0.481  3.7317  4.671    1  0.000  0.538     0.00     0.00     0.00     0.00     0.00 -1 -2.21e-14      0.00 7.433e-01 2.527e-01 7.017e-04 1.915e-04 1.740e-03 -1.000 3.991e-03 5.972 5.910 6.289 5.356
0.004 -0.58336 8.82001 0.7954545617 2.4171243451    0.795 -0.353  3.7508  4.647    1  0.000  0.538     0.00     0.00     0.00     0.00     0.00 -1 -2.96e-14      0.00 7.440e-01 2.521e-01 6.997e-04 1.911e-04 1.736e-03 -1.000 3.912e-03 5.653 5.574 5.913 5.060
0.004 -0.58336 8.82001 0.8431818485 2.4329412586    0.843 -0.233  3.7674  4.619    1  0.000  0.537     0.00     0.00     0.00     0.00     0.00 -1 -3.91e-14      0.00 7.449e-01 2.511e-01 6.975e-04 1.905e-04 1.730e-03 -1.000 3.910e-03 5.353 5.268 5.574 4.790
0.004 -0.58336 8.82001 0.8909090757 2.4468253017    0.890 -0.118  3.7816  4.584    1  0.000  0.537     0.00     0.00     0.00     0.00     0.00 -1 -5.16e-14      0.00 7.464e-01 2.497e-01 6.939e-04 1.895e-04 1.722e-03 -1.000 3.901e-03 5.066 4.980 5.258 4.533
0.004 -0.58336 8.82001 0.9222677350 2.4550535652    0.921 -0.046  3.7898  4.560    1  0.000  0.537     0.00     0.00     0.00     0.00     0.00 -1 -6.16e-14      0.00 7.481e-01 2.480e-01 6.900e-04 1.885e-04 1.712e-03 -1.000 3.900e-03 4.886 4.801 5.064 4.373
0.004 -0.58336 8.82001 0.9386363626 2.4590982838    0.938 -0.009  3.7940  4.548    1  0.000  0.537     0.00     0.00     0.00     0.00     0.00 -1 -6.75e-14      0.00 7.490e-01 2.471e-01 6.876e-04 1.878e-04 1.707e-03 -1.000 3.900e-03 4.794 4.710 4.965 4.291
0.004 -0.58336 8.82001 0.9400089383 2.4594300960    0.939 -0.006  3.7943  4.547    1  0.000  0.537     0.00     0.00     0.00     0.00     0.00 -1  -6.8e-14      0.00 7.491e-01 2.470e-01 6.876e-04 1.878e-04 1.707e-03 -1.000 3.900e-03 4.786 4.703 4.957 4.284
0.004 -0.58336 8.82001 0.9863637090 2.4700155298    0.986  0.095  3.8053  4.510    1  0.000  0.537     0.00     0.00     0.00     0.00     0.00 -1 -8.74e-14      0.00 7.502e-01 2.460e-01 6.863e-04 1.875e-04 1.704e-03 -1.000 3.853e-03 4.533 4.453 4.688 4.059
0.004 -0.58336 8.82001 1.0336652994 2.4796994966    1.033  0.194  3.8160  4.474    1  0.000  0.537     0.00     0.00     0.00     0.00     0.00 -1 -1.06e-13      0.00 7.504e-01 2.458e-01 6.867e-04 1.876e-04 1.705e-03 -1.000 3.874e-03 4.284 4.208 4.425 3.838
0.004 -0.58336 8.82001 1.0340908766 2.4797820107    1.033  0.195  3.8161  4.474    1  0.000  0.537     0.00     0.00     0.00     0.00     0.00 -1 -1.07e-13      0.00 7.504e-01 2.458e-01 6.867e-04 1.876e-04 1.705e-03 -1.000 3.875e-03 4.282 4.206 4.422 3.836
0.004 -0.58336 8.82001 1.0818182230 2.4885641938    1.081  0.291  3.8268  4.440    1  0.000  0.537     0.00     0.00     0.00     0.00     0.00 -1 -1.25e-13      0.00 7.506e-01 2.455e-01 6.863e-04 1.876e-04 1.704e-03 -1.000 3.900e-03 4.043 3.969 4.168 3.623
0.004 -0.58336 8.82001 1.0879271030 2.4896244835    1.087  0.303  3.8282  4.436    1  0.000  0.537     0.00     0.00     0.00     0.00     0.00 -1 -1.28e-13      0.00 7.506e-01 2.455e-01 6.863e-04 1.876e-04 1.704e-03 -1.000 3.900e-03 4.013 3.939 4.136 3.597
0.004 -0.58336 8.82001 1.1295454502 2.4964983821    1.129  0.382  3.8378  4.411    1  0.000  0.537     0.00     0.00     0.00     0.00     0.00 -1 -1.44e-13      0.00 7.505e-01 2.456e-01 6.865e-04 1.876e-04 1.705e-03 -1.000 3.873e-03 3.814 3.743 3.925 3.422
0.004 -0.58336 8.82001 1.1608493328 2.5012968850    1.160  0.440  3.8456  4.397    1  0.000  0.537     0.00     0.00     0.00     0.00     0.00 -1 -1.56e-13      0.00 7.505e-01 2.456e-01 6.864e-04 1.876e-04 1.705e-03 -1.000 3.865e-03 3.671 3.602 3.772 3.299
0.004 -0.58336 8.82001 1.1772727966 2.5036973537    1.176  0.469  3.8496  4.390    1  0.000  0.537     0.00     0.00     0.00     0.00     0.00 -1 -1.62e-13      0.00 7.505e-01 2.456e-01 6.864e-04 1.876e-04 1.705e-03 -1.000 3.872e-03 3.597 3.529 3.693 3.235
0.004 -0.58336 8.82001 1.2250000238 2.5102550374    1.224  0.551  3.8630  4.378    1  0.000  0.537     0.00     0.00     0.00     0.00     0.00 -1 -1.77e-13      0.00 7.508e-01 2.453e-01 6.857e-04 1.874e-04 1.703e-03 -1.000 3.860e-03 3.392 3.328 3.473 3.065
0.004 -0.58336 8.82001 1.2727272511 2.5162503525    1.272  0.630  3.8782  4.377    1  0.000  0.537     0.00     0.00     0.00     0.00     0.00 -1 -1.88e-13      0.00 7.512e-01 2.450e-01 6.851e-04 1.872e-04 1.702e-03 -1.000 3.859e-03 3.194 3.138 3.260 2.911
0.004 -0.58336 8.82001 1.3204547167 2.5217500316    1.320  0.706  3.8941  4.381    1  0.000  0.537     0.00     0.00     0.00     0.00     0.00 -1 -1.94e-13      0.00 7.515e-01 2.447e-01 6.843e-04 1.870e-04 1.700e-03 -1.000 3.839e-03 3.004 2.957 3.057 2.769
0.004 -0.58336 8.82001 1.3440965414 2.5243085443    1.344  0.743  3.9019  4.383    1  0.000  0.537     0.00     0.00     0.00     0.00     0.00 -1 -1.95e-13      0.00 7.517e-01 2.445e-01 6.840e-04 1.870e-04 1.699e-03 -1.000 3.837e-03 2.913 2.872 2.962 2.703
0.004 -0.58336 8.82001 1.3681819439 2.5268107737    1.368  0.780  3.9096  4.385    1  0.000  0.537     0.00     0.00     0.00     0.00     0.00 -1 -1.96e-13      0.00 7.518e-01 2.443e-01 6.837e-04 1.869e-04 1.698e-03 -1.000 3.859e-03 2.821 2.788 2.867 2.638
0.004 -0.58336 8.82001 1.4159091711 2.5314811780    1.416  0.851  3.9240  4.386    1  0.000  0.537     0.00     0.00     0.00     0.00     0.00 -1 -1.94e-13      0.00 7.520e-01 2.441e-01 6.832e-04 1.867e-04 1.697e-03 -1.000 3.881e-03 2.644 2.631 2.691 2.516
0.004 -0.58336 8.82001 1.4526405334 2.5348362541    1.453  0.904  3.9342  4.385    1  0.000  0.537     0.00     0.00     0.00     0.00     0.00 -1 -1.88e-13      0.00 7.523e-01 2.439e-01 6.827e-04 1.866e-04 1.696e-03 -1.000 3.872e-03 2.511 2.518 2.566 2.428
0.004 -0.58336 8.82001 1.4636363983 2.5358030388    1.464  0.919  3.9371  4.384    1  0.000  0.537     0.00     0.00     0.00     0.00     0.00 -1 -1.86e-13      0.00 7.523e-01 2.438e-01 6.826e-04 1.866e-04 1.696e-03 -1.000 3.865e-03 2.472 2.486 2.530 2.402
0.004 -0.58336 8.82001 1.4796574116 2.5371821131    1.480  0.942  3.9411  4.383    1  0.000  0.537     0.00     0.00     0.00     0.00     0.00 -1 -1.81e-13      0.00 7.524e-01 2.437e-01 6.824e-04 1.865e-04 1.696e-03 -1.000 3.877e-03 2.416 2.440 2.480 2.365
0.004 -0.58336 8.82001 1.5113636255 2.5398125027    1.511  0.985  3.9486  4.378    1  0.000  0.537     0.00     0.00     0.00     0.00     0.00 -1 -1.71e-13      0.00 7.525e-01 2.436e-01 6.822e-04 1.865e-04 1.695e-03 -1.000 3.884e-03 2.306 2.352 2.384 2.291
0.004 -0.58336 8.82001 1.5590909719 2.5435409894    1.559  1.050  3.9587  4.368    1  0.000  0.537     0.00     0.00     0.00     0.00     0.00 -1 -1.47e-13      0.00 7.528e-01 2.434e-01 6.817e-04 1.863e-04 1.693e-03 -1.000 3.810e-03 2.146 2.223 2.246 2.181
0.004 -0.58336 8.82001 1.5703037977 2.5443792172    1.570  1.065  3.9609  4.365    1  0.000  0.537     0.00     0.00     0.00     0.00     0.00 -1 -1.37e-13      0.00 7.528e-01 2.434e-01 6.816e-04 1.863e-04 1.693e-03 -1.000 3.822e-03 2.108 2.194 2.214 2.155
0.004 -0.58336 8.82001 1.6068181992 2.5470158979    1.606  1.113  3.9678  4.354    1  0.000  0.537     0.00     0.00     0.00     0.00     0.00 -1 -1.11e-13      0.00 7.529e-01 2.432e-01 6.815e-04 1.863e-04 1.693e-03 -1.000 3.884e-03 1.988 2.098 2.113 2.070
0.004 -0.58336 8.82001 1.6545455456 2.5502612770    1.654  1.175  3.9761  4.338    1  0.000  0.537     0.00     0.00     0.00     0.00     0.00 -1 -2.05e-15      0.00 7.530e-01 2.432e-01 6.813e-04 1.863e-04 1.693e-03 -1.000 3.825e-03 1.834 1.975 1.984 1.960
0.004 -0.58336 8.82001 1.6649124622 2.5509379816    1.664  1.188  3.9778  4.335    1  0.000  0.537     0.00     0.00     0.00     0.00     0.00 -1 -8.97e-19      0.00 7.530e-01 2.432e-01 6.813e-04 1.862e-04 1.693e-03 -1.000 3.828e-03 1.801 1.949 1.956 1.936
0.004 -0.58336 8.82001 1.7022727728 2.5532982573    1.701  1.235  3.9836  4.320    1  0.000  0.537     0.00     0.00     0.00     0.00     0.00 -1    -1e-30      0.00 7.530e-01 2.431e-01 6.812e-04 1.862e-04 1.693e-03 -1.000 3.838e-03 1.682 1.854 1.857 1.848
0.004 -0.58336 8.82001 1.7131311893 2.5539620829    1.712  1.249  3.9852  4.315    1  0.000  0.537     0.00     0.00     0.00     0.00     0.00 -1    -1e-30      0.00 7.531e-01 2.431e-01 6.812e-04 1.862e-04 1.692e-03 -1.000 3.828e-03 1.648 1.826 1.828 1.823
0.004 -0.58336 8.82001 1.7500000000 2.5561455243    1.749  1.295  3.9902  4.299    1  0.000  0.537     0.00     0.00     0.00     0.00     0.00 -1    -1e-30      0.00 7.531e-01 2.431e-01 6.812e-04 1.862e-04 1.692e-03 -1.000 3.800e-03 1.532 1.732 1.731 1.735
0.004 -0.58336 8.82001 1.7919242382 2.5585032354    1.791  1.348  3.9952  4.276    1  0.000  0.537     0.00     0.00     0.00     0.00     0.00 -1    -1e-30      0.00 7.531e-01 2.430e-01 6.810e-04 1.861e-04 1.692e-03 -1.000 3.884e-03 1.399 1.621 1.617 1.630
0.004 -0.58336 8.82001 1.7999999523 2.5589429085    1.799  1.358  3.9961  4.271    1  0.000  0.537     0.00     0.00     0.00     0.00     0.00 -1    -1e-30      0.00 7.531e-01 2.430e-01 6.810e-04 1.861e-04 1.692e-03 -1.000 3.900e-03 1.374 1.599 1.594 1.609
0.004 -0.58336 8.82001 1.8139660358 2.5596926616    1.813  1.376  3.9975  4.262    1  0.000  0.537     0.00     0.00     0.00     0.00     0.00 -1    -1e-30      0.00 7.531e-01 2.430e-01 6.810e-04 1.862e-04 1.692e-03 -1.000 3.900e-03 1.330 1.562 1.556 1.574
0.004 -0.58336 8.82001 1.8500000238 2.5615671203    1.849  1.421  4.0009  4.239    1  0.000  0.537     0.00     0.00     0.00     0.00     0.00 -1    -1e-30      0.00 7.531e-01 2.431e-01 6.811e-04 1.862e-04 1.692e-03 -1.000 3.801e-03 1.217 1.464 1.456 1.479
0.004 -0.58336 8.82001 1.8501697779 2.5615757522    1.849  1.421  4.0009  4.239    1  0.000  0.537     0.00     0.00     0.00     0.00     0.00 -1    -1e-30      0.00 7.531e-01 2.431e-01 6.811e-04 1.862e-04 1.692e-03 -1.000 3.800e-03 1.216 1.463 1.455 1.479
0.004 -0.58336 8.82001 1.8974553347 2.5639112292    1.896  1.481  4.0040  4.203    1  0.000  0.537     0.00     0.00     0.00     0.00     0.00 -1    -1e-30      0.00 7.531e-01 2.431e-01 6.812e-04 1.862e-04 1.693e-03 -1.000 3.807e-03 1.068 1.329 1.319 1.348
0.004 -0.58336 8.82001 1.8999999762 2.5640331260    1.899  1.484  4.0041  4.201    1  0.000  0.537     0.00     0.00     0.00     0.00     0.00 -1    -1e-30      0.00 7.531e-01 2.431e-01 6.812e-04 1.862e-04 1.693e-03 -1.000 3.801e-03 1.060 1.322 1.312 1.341
0.004 -0.58336 8.82001 1.9370790720 2.5657676386    1.936  1.531  4.0056  4.169    1  0.000  0.537     0.00     0.00     0.00     0.00     0.00 -1    -1e-30      0.00 7.530e-01 2.432e-01 6.814e-04 1.863e-04 1.693e-03 -1.000 3.815e-03 0.943 1.211 1.200 1.232
0.004 -0.58336 8.82001 1.9500000477 2.5663542714    1.950  1.547  4.0057  4.156    1  0.000  0.537     0.00     0.00     0.00     0.00     0.00 -1    -1e-30      0.00 7.530e-01 2.432e-01 6.814e-04 1.863e-04 1.693e-03 -1.000 3.800e-03 0.902 1.171 1.159 1.192
0.004 -0.58336 8.82001 1.9699037075 2.5672406360    1.970  1.572  4.0057  4.135    1  0.000  0.537     0.00     0.00     0.00     0.00     0.00 -1    -1e-30      0.00 7.529e-01 2.433e-01 6.816e-04 1.863e-04 1.694e-03 -1.000 3.803e-03 0.839 1.107 1.096 1.129
0.004 -0.58336 8.82001 2.0000000000 2.5685424513    2.000  1.610  4.0047  4.100    1  0.000  0.537     0.00     0.00     0.00     0.00     0.00 -1    -1e-30      0.00 7.528e-01 2.434e-01 6.818e-04 1.862e-04 1.694e-03 -1.000 3.819e-03 0.744 1.007 0.996 1.028
0.004 -0.58336 8.82001 2.0166141987 2.5692419860    2.017  1.631  4.0040  4.079    1  0.000  0.537     0.00     0.00     0.00     0.00     0.00 -1    -1e-30      0.00 7.527e-01 2.434e-01 6.819e-04 1.863e-04 1.694e-03 -1.000 3.825e-03 0.691 0.951 0.940 0.972
0.004 -0.58336 8.82001 2.0481560230 2.5705342041    2.048  1.672  4.0011  4.034    1  0.000  0.537     0.00     0.00     0.00     0.00     0.00 -1    -1e-30      0.00 7.527e-01 2.435e-01 6.821e-04 1.865e-04 1.695e-03 -1.000 3.802e-03 0.591 0.836 0.826 0.855
0.004 -0.58336 8.82001 2.0499999523 2.5706083333    2.050  1.674  4.0008  4.031    1  0.000  0.537     0.00     0.00     0.00     0.00     0.00 -1    -1e-30      0.00 7.527e-01 2.435e-01 6.821e-04 1.865e-04 1.695e-03 -1.000 3.800e-03 0.585 0.829 0.819 0.847
0.004 -0.58336 8.82001 2.0661096573 2.5712495057    2.065  1.695  3.9987  4.005    1  0.000  0.537     0.00     0.00     0.00     0.00     0.00 -1    -1e-30      0.00 7.526e-01 2.436e-01 6.823e-04 1.865e-04 1.695e-03 -1.000 3.810e-03 0.532 0.767 0.758 0.783
0.004 -0.58336 8.82001 2.0953009129 2.5723824935    2.094  1.733  3.9932  3.951    1  0.000  0.537     0.00     0.00     0.00     0.00     0.00 -1    -1e-30      0.00 7.525e-01 2.437e-01 6.826e-04 1.866e-04 1.696e-03 -1.000 3.800e-03 0.438 0.648 0.641 0.659
0.004 -0.58336 8.82001 2.0999999046 2.5725614918    2.099  1.739  3.9921  3.941    1  0.000  0.537     0.00     0.00     0.00     0.00     0.00 -1    -1e-30      0.00 7.525e-01 2.437e-01 6.826e-04 1.866e-04 1.696e-03 -1.000 3.800e-03 0.423 0.627 0.621 0.637
0.004 -0.58336 8.82001 2.1177167892 2.5732281723    2.117  1.762  3.9879  3.905    1  0.000  0.537     0.00     0.00     0.00     0.00     0.00 -1    -1e-30      0.00 7.524e-01 2.438e-01 6.828e-04 1.866e-04 1.697e-03 -1.000 3.830e-03 0.365 0.551 0.547 0.557
0.004 -0.58336 8.82001 2.1415514946 2.5741050827    2.140  1.793  3.9801  3.848    1  0.000  0.537     0.00     0.00     0.00     0.00     0.00 -1    -1e-30      0.00 7.522e-01 2.439e-01 6.831e-04 1.867e-04 1.697e-03 -1.000 3.865e-03 0.287 0.438 0.438 0.437
0.004 -0.58336 8.82001 2.1500000954 2.5744105556    2.149  1.804  3.9770  3.826    1  0.000  0.537     0.00     0.00     0.00     0.00     0.00 -1    -1e-30      0.00 7.522e-01 2.440e-01 6.832e-04 1.868e-04 1.698e-03 -1.000 3.859e-03 0.259 0.398 0.399 0.393
0.004 -0.58336 8.82001 2.1512963772 2.5744571807    2.150  1.806  3.9766  3.823    1  0.000  0.537     0.00     0.00     0.00     0.00     0.00 -1    -1e-30      0.00 7.522e-01 2.440e-01 6.832e-04 1.868e-04 1.698e-03 -1.000 3.856e-03 0.255 0.392 0.394 0.386
0.004 -0.58336 8.82001 2.1701314449 2.5751274258    2.169  1.831  3.9687  3.770    1  0.000  0.537     0.00     0.00     0.00     0.00     0.00 -1    -1e-30      0.00 7.520e-01 2.441e-01 6.835e-04 1.868e-04 1.698e-03 -1.000 3.840e-03 0.192 0.297 0.303 0.282
0.004 -0.58336 8.82001 2.1856443882 2.5756694881    2.184  1.853  3.9619  3.724    1  0.000  0.537     0.00     0.00     0.00     0.00     0.00 -1    -1e-30      0.00 7.519e-01 2.442e-01 6.837e-04 1.869e-04 1.699e-03 -1.000 3.877e-03 0.137 0.215 0.226 0.192
0.004 -0.58336 8.82001 2.2000000477 2.5761632879    2.199  1.876  3.9566  3.682    1  0.000  0.537     0.00     0.00     0.00     0.00     0.00 -1    -1e-30      0.00 7.518e-01 2.443e-01 6.839e-04 1.869e-04 1.699e-03 -1.000 3.900e-03 0.080 0.138 0.152 0.109
0.004 -0.58336 8.82001 2.2041480541 2.5763045925    2.203  1.883  3.9552  3.671    1  0.000  0.537     0.00     0.00     0.00     0.00     0.00 -1    -1e-30      0.00 7.518e-01 2.444e-01 6.840e-04 1.869e-04 1.699e-03 -1.000 3.892e-03 0.063 0.116 0.131 0.085
0.004 -0.58336 8.82001 2.2112474442 2.5765450238    2.210  1.905  3.9629  3.682    1  0.000  0.537     0.00     0.00     0.00     0.00     0.00 -1    -1e-30      0.00 7.518e-01 2.444e-01 6.841e-04 1.870e-04 1.700e-03 -1.000 3.867e-03 0.008 0.090 0.100 0.069
0.004 -0.58336 8.82001 2.2143507004 2.5766495635    2.213  1.920  3.9713  3.700    1  0.000  0.537     0.00     0.00     0.00     0.00     0.00 -1    -1e-30      0.00 7.517e-01 2.444e-01 6.841e-04 1.870e-04 1.700e-03 -1.000 3.899e-03 -0.029 0.085 0.089 0.075
0.004 -0.58336 8.82001 2.2156331539 2.5766926673    2.214  1.933  3.9803  3.723    1  0.000  0.537     0.00     0.00     0.00     0.00     0.00 -1    -1e-30      0.00 7.517e-01 2.444e-01 6.842e-04 1.870e-04 1.700e-03 -1.000 3.900e-03 -0.062 0.089 0.088 0.089
0.004 -0.58336 8.82001 2.2163255215 2.5767159142    2.215  1.947  3.9895  3.747    1  0.000  0.537     0.00     0.00     0.00     0.00     0.00 -1    -1e-30      0.00 7.517e-01 2.444e-01 6.842e-04 1.870e-04 1.700e-03 -1.000 3.900e-03 -0.096 0.095 0.089 0.104
0.004 -0.58336 8.82001 2.2167241573 2.5767292912    2.215  1.962  3.9985  3.768    1  0.000  0.537     0.00     0.00     0.00     0.00     0.00 -1    -1e-30      0.00 7.517e-01 2.444e-01 6.842e-04 1.870e-04 1.700e-03 -1.000 3.900e-03 -0.134 0.098 0.087 0.116
0.004 -0.58336 8.82001 2.2169694901 2.5767375211    2.216  1.978  4.0071  3.786    1  0.000  0.537     0.00     0.00     0.00     0.00     0.00 -1    -1e-30      0.00 7.517e-01 2.444e-01 6.842e-04 1.870e-04 1.700e-03 -1.000 3.900e-03 -0.175 0.097 0.083 0.123
0.004 -0.58336 8.82001 2.2171483040 2.5767435182    2.216  1.995  4.0152  3.802    1  0.000  0.537     0.00     0.00     0.00     0.00     0.00 -1    -1e-30      0.00 7.517e-01 2.444e-01 6.842e-04 1.870e-04 1.700e-03 -1.000 3.900e-03 -0.217 0.095 0.076 0.127
0.004 -0.58336 8.82001 2.2172234058 2.5767460367    2.216  1.999  4.0179  3.808    1  0.000  0.537     0.00     0.00     0.00     0.00     0.00 -1    -1e-30      0.00 7.517e-01 2.444e-01 6.842e-04 1.870e-04 1.700e-03 -1.000 3.900e-03 -0.228 0.096 0.077 0.131
0.004 -0.58336 8.82001 2.2172837257 2.5767480593    2.216  1.982  4.0138  3.808    2  0.000  0.537     0.00     0.00     0.00     0.00     0.00 -1    -1e-30      0.00 7.517e-01 2.444e-01 6.842e-04 1.870e-04 1.700e-03 -1.000 3.900e-03 -0.186 0.119 0.101 0.150
0.004 -0.58336 8.82001 2.2173504829 2.5767502976    2.216  1.962  4.0067  3.801    2  0.000  0.537     0.00     0.00     0.00     0.00     0.00 -1    -1e-30      0.00 7.517e-01 2.444e-01 6.842e-04 1.870e-04 1.700e-03 -1.000 3.900e-03 -0.134 0.136 0.122 0.162
0.004 -0.58336 8.82001 2.2174370289 2.5767531992    2.216  1.947  3.9951  3.769    2  0.000  0.537     0.00     0.00     0.00     0.00     0.00 -1    -1e-30      0.00 7.517e-01 2.444e-01 6.842e-04 1.870e-04 1.700e-03 -1.000 3.900e-03 -0.098 0.119 0.110 0.134
0.004 -0.58336 8.82001 2.2175323963 2.5767563963    2.216  1.953  3.9839  3.719    2  0.000  0.537     0.00     0.00     0.00     0.00     0.00 -1    -1e-30      0.00 7.517e-01 2.444e-01 6.842e-04 1.870e-04 1.700e-03 -1.000 3.900e-03 -0.111 0.055 0.052 0.059
0.004 -0.58336 8.82001 2.2176506519 2.5767603602    2.216  1.967  3.9724  3.658    2  0.000  0.537     0.00     0.00     0.00     0.00     0.00 -1    -1e-30      0.00 7.517e-01 2.444e-01 6.842e-04 1.870e-04 1.700e-03 -1.000 3.900e-03 -0.149 -0.030 -0.028 -0.039
0.004 -0.58336 8.82001 2.2177901268 2.5767650348    2.216  1.981  3.9608  3.598    2  0.000  0.537     0.00     0.00     0.00     0.00     0.00 -1    -1e-30      0.00 7.517e-01 2.444e-01 6.842e-04 1.870e-04 1.700e-03 -1.000 3.900e-03 -0.182 -0.109 -0.099 -0.131
0.004 -0.58336 8.82001 2.2179481983 2.5767703318    2.216  1.989  3.9492  3.543    2  0.000  0.537     0.00     0.00     0.00     0.00     0.00 -1    -1e-30      0.00 7.517e-01 2.444e-01 6.842e-04 1.870e-04 1.700e-03 -1.000 3.900e-03 -0.203 -0.173 -0.155 -0.211
0.004 -0.58336 8.82001 2.2181231976 2.5767761950    2.217  1.995  3.9375  3.491    2  0.000  0.537     0.00     0.00     0.00     0.00     0.00 -1    -1e-30      0.00 7.517e-01 2.444e-01 6.842e-04 1.870e-04 1.700e-03 -1.000 3.900e-03 -0.217 -0.224 -0.197 -0.280
0.004 -0.58336 8.82001 2.2183125019 2.5767825364    2.217  1.997  3.9257  3.441    2  0.000  0.537     0.00     0.00     0.00     0.00     0.00 -1    -1e-30      0.00 7.517e-01 2.444e-01 6.842e-04 1.870e-04 1.700e-03 -1.000 3.900e-03 -0.224 -0.263 -0.224 -0.339
0.004 -0.58336 8.82001 2.2185115814 2.5767892038    2.217  1.999  3.9139  3.393    2  0.000  0.537     0.00     0.00     0.00     0.00     0.00 -1    -1e-30      0.00 7.517e-01 2.444e-01 6.842e-04 1.870e-04 1.700e-03 -1.000 3.900e-03 -0.226 -0.290 -0.239 -0.391
0.004 -0.58336 8.82001 2.2187156677 2.5767960375    2.217  1.998  3.9020  3.346    2  0.000  0.537     0.00     0.00     0.00     0.00     0.00 -1    -1e-30      0.00 7.517e-01 2.444e-01 6.843e-04 1.870e-04 1.700e-03 -1.000 3.900e-03 -0.225 -0.309 -0.243 -0.437
0.004 -0.58336 8.82001 2.2189192772 2.5768028538    2.217  1.997  3.8901  3.300    2  0.000  0.537     0.00     0.00     0.00     0.00     0.00 -1    -1e-30      0.00 7.517e-01 2.444e-01 6.843e-04 1.870e-04 1.700e-03 -1.000 3.900e-03 -0.221 -0.320 -0.237 -0.478
0.004 -0.58336 8.82001 2.2191185951 2.5768095250    2.218  1.994  3.8781  3.254    2  0.000  0.537     0.00     0.00     0.00     0.00     0.00 -1    -1e-30      0.00 7.517e-01 2.444e-01 6.843e-04 1.870e-04 1.700e-03 -1.000 3.900e-03 -0.215 -0.322 -0.222 -0.511
0.004 -0.58336 8.82001 2.2193100452 2.5768159316    2.218  1.991  3.8662  3.210    2  0.000  0.537     0.00     0.00     0.00     0.00     0.00 -1    -1e-30      0.00 7.517e-01 2.444e-01 6.843e-04 1.870e-04 1.700e-03 -1.000 3.900e-03 -0.206 -0.320 -0.201 -0.541
0.004 -0.58336 8.82001 2.2194921970 2.5768220259    2.218  1.986  3.8542  3.166    2  0.000  0.537     0.00     0.00     0.00     0.00     0.00 -1    -1e-30      0.00 7.517e-01 2.444e-01 6.843e-04 1.870e-04 1.700e-03 -1.000 3.900e-03 -0.196 -0.313 -0.176 -0.565
0.004 -0.58336 8.82001 2.2196638584 2.5768277681    2.218  1.981  3.8422  3.123    2  0.000  0.537     0.00     0.00     0.00     0.00     0.00 -1    -1e-30      0.00 7.517e-01 2.444e-01 6.843e-04 1.870e-04 1.700e-03 -1.000 3.900e-03 -0.184 -0.303 -0.146 -0.585
0.004 -0.58336 8.82001 2.2198250294 2.5768331585    2.218  1.976  3.8302  3.081    2  0.000  0.537     0.00     0.00     0.00     0.00     0.00 -1    -1e-30      0.00 7.517e-01 2.444e-01 6.843e-04 1.870e-04 1.700e-03 -1.000 3.900e-03 -0.170 -0.290 -0.113 -0.601
0.004 -0.58336 8.82001 2.2199761868 2.5768382131    2.219  1.970  3.8184  3.040    2  0.000  0.537     0.00     0.00     0.00     0.00     0.00 -1    -1e-30      0.00 7.517e-01 2.444e-01 6.843e-04 1.870e-04 1.700e-03 -1.000 3.900e-03 -0.154 -0.273 -0.076 -0.613
0.004 -0.58336 8.82001 2.2201192379 2.5768429960    2.219  1.963  3.8070  3.001    2  0.000  0.537     0.00     0.00     0.00     0.00     0.00 -1    -1e-30      0.00 7.517e-01 2.444e-01 6.843e-04 1.870e-04 1.700e-03 -1.000 3.900e-03 -0.137 -0.253 -0.035 -0.621
0.004 -0.58336 8.82001 2.2202649117 2.5768478658    2.219  1.954  3.7960  2.966    2  0.000  0.537     0.00     0.00     0.00     0.00     0.00 -1    -1e-30      0.00 7.517e-01 2.444e-01 6.843e-04 1.870e-04 1.700e-03 -1.000 3.900e-03 -0.116 -0.227 0.010 -0.622
0.004 -0.58336 8.82001 2.2204284668 2.5768533325    2.219  1.943  3.7855  2.935    2  0.000  0.537     0.00     0.00     0.00     0.00     0.00 -1    -1e-30      0.00 7.517e-01 2.444e-01 6.843e-04 1.870e-04 1.700e-03 -1.000 3.900e-03 -0.088 -0.194 0.064 -0.614
0.004 -0.58336 8.82001 2.2206428051 2.5768604952    2.219  1.925  3.7746  2.910    2  0.000  0.537     0.00     0.00     0.00     0.00     0.00 -1    -1e-30      0.00 7.517e-01 2.444e-01 6.843e-04 1.870e-04 1.700e-03 -1.000 3.900e-03 -0.042 -0.140 0.138 -0.587
0.004 -0.58336 8.82001 2.2208423615 2.5768671625    2.219  1.903  3.7662  2.898    2  0.000  0.537     0.00     0.00     0.00     0.00     0.00 -1    -1e-30      0.00 7.516e-01 2.445e-01 6.845e-04 1.871e-04 1.701e-03 -1.000 3.900e-03 0.013 -0.079 0.217 -0.545
0.004 -0.58336 8.82001 2.2210586071 2.5768743859    2.220  1.873  3.7580  2.895    2  0.000  0.537     0.00     0.00     0.00     0.00     0.00 -1    -1e-30      0.00 7.503e-01 2.458e-01 6.873e-04 1.878e-04 1.707e-03 -1.000 3.902e-03 0.087 0.003 0.315 -0.481
0.004 -0.58336 8.82001 2.2212469578 2.5768806761    2.220  1.843  3.7514  2.898    2  0.000  0.537     0.00     0.00     0.00     0.00     0.00 -1    -1e-30      0.00 7.461e-01 2.499e-01 6.963e-04 1.903e-04 1.728e-03 -1.000 3.943e-03 0.161 0.085 0.409 -0.414
0.004 -0.58336 8.82001 2.2214870453 2.5768886924    2.220  1.808  3.7430  2.901    2  0.000  0.537     0.00     0.00     0.00     0.00     0.00 -1    -1e-30      0.00 7.436e-01 2.524e-01 7.018e-04 1.917e-04 1.741e-03 -1.000 3.958e-03 0.250 0.184 0.525 -0.333
0.004 -0.58336 8.82001 2.2217271328 2.5768967066    2.220  1.791  3.7349  2.885    2  0.000  0.537     0.00     0.00     0.00     0.00     0.00 -1    -1e-30      0.00 7.424e-01 2.536e-01 7.044e-04 1.924e-04 1.747e-03 -1.000 4.000e-03 0.292 0.237 0.595 -0.298
0.004 -0.58336 8.82001 2.2218394279 2.5769004544    2.220  1.798  3.7315  2.865    3  0.000  0.537     0.00     0.00     0.00     0.00     0.00 -1    -1e-30      0.00 7.420e-01 2.540e-01 7.050e-04 1.926e-04 1.749e-03 -1.000 3.952e-03 0.276 0.226 0.590 -0.316
0.004 -0.58336 8.82001 2.2221202850 2.5769098260    2.221  1.828  3.7238  2.804    3  0.000  0.536     0.00     0.00     0.00     0.00     0.00 -1    -1e-30      0.00 7.412e-01 2.548e-01 7.046e-04 1.935e-04 1.752e-03 -1.000 3.992e-03 0.200 0.160 0.541 -0.398
0.004 -0.58336 8.82001 2.2223448753 2.5769173181    2.221  1.863  3.7192  2.751    3  0.000  0.527     0.00     0.00     0.00     0.00     0.00 -1    -1e-30      0.00 7.406e-01 2.555e-01 6.932e-04 2.014e-04 1.753e-03 -1.000 3.955e-03 0.113 0.081 0.472 -0.487
0.004 -0.58336 8.82001 2.2226247787 2.5769266530    2.221  1.904  3.7150  2.692    3  0.000  0.490     0.00     0.00     0.00     0.00     0.00 -1    -1e-30      0.00 7.398e-01 2.562e-01 6.445e-04 2.497e-04 1.754e-03 -1.000 3.992e-03 0.010 -0.015 0.385 -0.592
0.004 -0.58336 8.82001 2.2229046822 2.5769359852    2.221  1.943  3.7115  2.640    3  0.000  0.446     0.00     0.00     0.00     0.00     0.00 -1    -1e-30      0.00 7.389e-01 2.571e-01 5.871e-04 3.167e-04 1.755e-03 -1.000 4.000e-03 -0.087 -0.105 0.303 -0.690
0.004 -0.58336 8.82001 2.2231841087 2.5769452988    2.222  1.980  3.7084  2.590    3  0.000  0.411     0.00     0.00     0.00     0.00     0.00 -1    -1e-30      0.00 7.381e-01 2.579e-01 5.410e-04 3.737e-04 1.755e-03 -1.000 4.000e-03 -0.180 -0.192 0.223 -0.783
0.004 -0.58336 8.82001 2.2235188484 2.5769564525    2.222  2.025  3.7049  2.532    3  0.000  0.383     0.00     0.00     0.00     0.00     0.00 -1    -1e-30      0.00 7.370e-01 2.590e-01 5.042e-04 4.195e-04 1.756e-03 -1.000 4.000e-03 -0.292 -0.296 0.127 -0.895
0.004 -0.58336 8.82001 2.2236857414 2.5769620120    2.222  2.047  3.7032  2.503    3  0.000  0.372     0.00     0.00     0.00     0.00     0.00 -1    -1e-30      0.00 7.365e-01 2.595e-01 4.899e-04 4.372e-04 1.756e-03 -1.000 4.000e-03 -0.347 -0.348 0.079 -0.950
0.004 -0.58336 8.82001 2.2238073349 2.5769660619    2.222  2.063  3.7021  2.482    3  0.000  0.366     0.00     0.00     0.00     0.00     0.00 -1    -1e-30      0.00 7.361e-01 2.598e-01 4.823e-04 4.466e-04 1.756e-03 -1.000 4.048e-03 -0.388 -0.387 0.043 -0.992
0.004 -0.58336 8.82001 2.2241058350 2.5769760018    2.223  2.104  3.6991  2.430    3  0.000  0.356     0.00     0.00     0.00     0.00     0.00 -1    -1e-30      0.00 7.351e-01 2.609e-01 4.681e-04 4.674e-04 1.755e-03 -1.000 4.067e-03 -0.489 -0.481 -0.044 -1.093
0.004 -0.58336 8.82001 2.2244040966 2.5769859307    2.223  2.144  3.6963  2.378    3  0.000  0.350     0.00     0.00     0.00     0.00     0.00 -1    -1e-30      0.00 7.334e-01 2.626e-01 4.566e-04 4.958e-04 1.741e-03 -1.000 4.060e-03 -0.590 -0.576 -0.131 -1.194
0.004 -0.58336 8.82001 2.2247021198 2.5769958487    2.223  2.184  3.6935  2.327    3  0.000  0.348     0.00     0.00     0.00     0.00     0.00 -1    -1e-30      0.00 7.307e-01 2.653e-01 4.474e-04 5.313e-04 1.714e-03 -1.000 4.014e-03 -0.690 -0.669 -0.218 -1.294
0.004 -0.58336 8.82001 2.2249996662 2.5770057477    2.224  2.223  3.6909  2.277    3  0.000  0.348     0.00     0.00     0.00     0.00     0.00 -1    -1e-30      0.00 7.271e-01 2.689e-01 4.398e-04 5.650e-04 1.686e-03 -1.000 4.000e-03 -0.789 -0.762 -0.303 -1.393
0.004 -0.58336 8.82001 2.2252969742 2.5770156358    2.224  2.263  3.6882  2.227    3  0.000  0.348     0.00     0.00     0.00     0.00     0.00 -1    -1e-30      0.00 7.235e-01 2.725e-01 4.335e-04 5.932e-04 1.663e-03 -1.000 4.000e-03 -0.887 -0.853 -0.388 -1.491
0.004 -0.58336 8.82001 2.2255942822 2.5770255208    2.224  2.302  3.6855  2.177    3  0.000  0.347     0.00     0.00     0.00     0.00     0.00 -1    -1e-30      0.00 7.201e-01 2.759e-01 4.286e-04 6.150e-04 1.645e-03 -1.000 4.000e-03 -0.986 -0.944 -0.472 -1.588
0.004 -0.58336 8.82001 2.2258913517 2.5770353948    2.224  2.342  3.6827  2.126    3  0.000  0.347     0.00     0.00     0.00     0.00     0.00 -1    -1e-30      0.00 7.171e-01 2.789e-01 4.248e-04 6.322e-04 1.631e-03 -1.000 4.000e-03 -1.085 -1.036 -0.555 -1.686
0.004 -0.58336 8.82001 2.2261960506 2.5770455193    2.225  2.383  3.6797  2.073    3  0.000  0.347     0.00     0.00     0.00     0.00     0.00 -1    -1e-30      0.00 7.147e-01 2.813e-01 4.219e-04 6.452e-04 1.620e-03 -1.000 4.003e-03 -1.189 -1.131 -0.643 -1.788
0.004 -0.58336 8.82001 2.2264840603 2.5770550863    2.225  2.423  3.6769  2.022    3  0.000  0.347     0.00     0.00     0.00     0.00     0.00 -1    -1e-30      0.00 7.128e-01 2.832e-01 4.198e-04 6.549e-04 1.612e-03 -1.000 4.019e-03 -1.288 -1.221 -0.725 -1.886
0.004 -0.58336 8.82001 2.2267758846 2.5770647771    2.225  2.463  3.6739  1.970    3  0.000  0.347     0.00     0.00     0.00     0.00     0.00 -1    -1e-30      0.00 7.112e-01 2.848e-01 4.181e-04 6.626e-04 1.606e-03 -1.000 4.039e-03 -1.389 -1.314 -0.808 -1.986
0.004 -0.58336 8.82001 2.2270326614 2.5770733017    2.226  2.499  3.6714  1.924    3  0.000  0.347     0.00     0.00     0.00     0.00     0.00 -1    -1e-30      0.00 7.101e-01 2.859e-01 4.168e-04 6.679e-04 1.601e-03 -1.000 4.000e-03 -1.477 -1.396 -0.882 -2.074
0.004 -0.58336 8.82001 2.2273192406 2.5770828130    2.226  2.537  3.6685  1.875    3  0.000  0.347     4.82     3.53     2.61     1.93     1.57  4    -1e-30      0.00 7.092e-01 2.868e-01 4.160e-04 6.719e-04 1.598e-03 -1.000 4.000e-03 -1.572 -1.483 -0.959 -2.169
0.004 -0.58336 8.82001 2.2274420261 2.5770868873    2.226  2.550  3.6675  1.858    3  0.000  0.347     4.98     3.64     2.69     1.99     1.62  4    -1e-30      0.00 7.089e-01 2.871e-01 4.157e-04 6.731e-04 1.597e-03 -1.000 4.000e-03 -1.605 -1.513 -0.987 -2.202
0.004 -0.58336 8.82001 2.2274675369 2.5770877337    2.226  2.546  3.6679  1.863    3  0.000  0.347     4.93     3.60     2.67     1.97     1.61  4    -1e-30      0.00 7.089e-01 2.871e-01 4.157e-04 6.731e-04 1.597e-03 -1.000 4.000e-03 -1.594 -1.503 -0.978 -2.191
0.004 -0.58336 8.82001 2.2275817394 2.5770915226    2.226  2.525  3.6694  1.890    4  0.000  0.347     0.00     0.00     0.00     0.00     0.00 -1    -1e-30      0.00 7.089e-01 2.871e-01 4.157e-04 6.731e-04 1.597e-03 -1.000 4.000e-03 -1.542 -1.456 -0.936 -2.140
0.004 -0.58336 8.82001 2.2277173996 2.5770960228    2.226  2.493  3.6719  1.932    4  0.000  0.347     0.00     0.00     0.00     0.00     0.00 -1    -1e-30      0.00 7.089e-01 2.871e-01 4.157e-04 6.732e-04 1.597e-03 -1.000 4.000e-03 -1.463 -1.384 -0.871 -2.061
0.004 -0.58336 8.82001 2.2279276848 2.5771029973    2.226  2.457  3.6747  1.979    4  0.000  0.347     0.00     0.00     0.00     0.00     0.00 -1    -1e-30      0.00 7.089e-01 2.871e-01 4.157e-04 6.732e-04 1.597e-03 -1.000 4.000e-03 -1.372 -1.300 -0.796 -1.970
0.004 -0.58336 8.82001 2.2282309532 2.5771130531    2.227  2.421  3.6774  2.026    4  0.000  0.347     0.00     0.00     0.00     0.00     0.00 -1    -1e-30      0.00 7.089e-01 2.871e-01 4.157e-04 6.732e-04 1.597e-03 -1.000 4.000e-03 -1.283 -1.218 -0.723 -1.881
0.004 -0.58336 8.82001 2.2286865711 2.5771281546    2.227  2.389  3.6799  2.069    4  0.000  0.347     0.00     0.00     0.00     0.00     0.00 -1    -1e-30      0.00 7.089e-01 2.871e-01 4.157e-04 6.733e-04 1.597e-03 -1.000 4.000e-03 -1.201 -1.144 -0.656 -1.801
0.004 -0.58336 8.82001 2.2293255329 2.5771493211    2.228  2.351  3.6827  2.118    4  0.000  0.347     0.00     0.00     0.00     0.00     0.00 -1    -1e-30      0.00 7.089e-01 2.871e-01 4.157e-04 6.734e-04 1.596e-03 -1.000 4.000e-03 -1.108 -1.059 -0.578 -1.709
0.004 -0.58336 8.82001 2.2298419476 2.5771664178    2.228  2.322  3.6849  2.155    4  0.000  0.347     0.00     0.00     0.00     0.00     0.00 -1    -1e-30      0.00 7.089e-01 2.871e-01 4.157e-04 6.734e-04 1.596e-03 -1.000 4.000e-03 -1.035 -0.992 -0.517 -1.637
0.004 -0.58336 8.82001 2.2302637100 2.5771803742    2.229  2.295  3.6869  2.191    4  0.000  0.347     0.00     0.00     0.00     0.00     0.00 -1    -1e-30      0.00 7.089e-01 2.871e-01 4.157e-04 6.735e-04 1.596e-03 -1.000 4.000e-03 -0.967 -0.930 -0.461 -1.571
0.004 -0.58336 8.82001 2.2306838036 2.5771942694    2.229  2.266  3.6891  2.229    4  0.000  0.347     0.00     0.00     0.00     0.00     0.00 -1    -1e-30      0.00 7.089e-01 2.871e-01 4.156e-04 6.735e-04 1.596e-03 -1.000 4.000e-03 -0.895 -0.864 -0.401 -1.499
0.004 -0.58336 8.82001 2.2311229706 2.5772087889    2.230  2.235  3.6914  2.269    4  0.000  0.347     0.00     0.00     0.00     0.00     0.00 -1    -1e-30      0.00 7.089e-01 2.871e-01 4.156e-04 6.736e-04 1.596e-03 -1.000 4.000e-03 -0.816 -0.791 -0.334 -1.421
0.004 -0.58336 8.82001 2.2315895557 2.5772242078    2.230  2.200  3.6939  2.313    4  0.000  0.347     0.00     0.00     0.00     0.00     0.00 -1    -1e-30      0.00 7.089e-01 2.871e-01 4.156e-04 6.737e-04 1.596e-03 -1.000 4.000e-03 -0.731 -0.712 -0.261 -1.336
0.004 -0.58336 8.82001 2.2320773602 2.5772403199    2.231  2.165  3.6965  2.359    4  0.000  0.347     0.00     0.00     0.00     0.00     0.00 -1    -1e-30      0.00 7.089e-01 2.871e-01 4.156e-04 6.737e-04 1.596e-03 -1.000 4.000e-03 -0.643 -0.630 -0.186 -1.248
0.004 -0.58336 8.82001 2.2326109409 2.5772579348    2.231  2.128  3.6992  2.407    4  0.000  0.347     0.00     0.00     0.00     0.00     0.00 -1    -1e-30      0.00 7.089e-01 2.871e-01 4.156e-04 6.738e-04 1.596e-03 -1.000 4.000e-03 -0.551 -0.543 -0.106 -1.155
0.004 -0.58336 8.82001 2.2332117558 2.5772777576    2.232  2.090  3.7020  2.457    4  0.000  0.347     0.00     0.00     0.00     0.00     0.00 -1    -1e-30      0.00 7.089e-01 2.871e-01 4.156e-04 6.739e-04 1.596e-03 -1.000 4.000e-03 -0.454 -0.452 -0.023 -1.058
0.004 -0.58336 8.82001 2.2341196537 2.5773076889    2.233  2.039  3.7058  2.523    4  0.000  0.347     0.00     0.00     0.00     0.00     0.00 -1    -1e-30      0.00 7.089e-01 2.871e-01 4.156e-04 6.740e-04 1.596e-03 -1.000 4.000e-03 -0.327 -0.333 0.087 -0.930
0.004 -0.58336 8.82001 2.2350957394 2.5773398369    2.234  1.996  3.7092  2.580    4  0.000  0.347     0.00     0.00     0.00     0.00     0.00 -1    -1e-30      0.00 7.089e-01 2.871e-01 4.156e-04 6.741e-04 1.596e-03 -1.000 4.000e-03 -0.220 -0.233 0.179 -0.823
0.004 -0.58336 8.82001 2.2367827892 2.5773953250    2.235  1.943  3.7140  2.652    4  0.000  0.347     0.00     0.00     0.00     0.00     0.00 -1    -1e-30      0.00 7.089e-01 2.871e-01 4.155e-04 6.743e-04 1.596e-03 -1.000 4.000e-03 -0.089 -0.111 0.291 -0.690
0.004 -0.58336 8.82001 2.2400026321 2.5775009609    2.238  1.894  3.7207  2.729    4  0.000  0.347     0.00     0.00     0.00     0.00     0.00 -1    -1e-30      0.00 7.088e-01 2.872e-01 4.155e-04 6.747e-04 1.595e-03 -1.000 4.000e-03 0.035 -0.000 0.387 -0.565
0.004 -0.58336 8.82001 2.2420423031 2.5775676974    2.240  1.881  3.7243  2.756    4  0.000  0.347     0.00     0.00     0.00     0.00     0.00 -1    -1e-30      0.00 7.088e-01 2.872e-01 4.154e-04 6.750e-04 1.595e-03 -1.000 4.000e-03 0.067 0.027 0.407 -0.530
0.004 -0.58336 8.82001 2.2454721928 2.5776796066    2.244  1.889  3.7278  2.763    5  0.000  0.347     0.00     0.00     0.00     0.00     0.00 -1    -1e-30      0.00 7.088e-01 2.872e-01 4.154e-04 6.754e-04 1.595e-03 -1.000 4.000e-03 0.048 0.002 0.375 -0.547
0.004 -0.58336 8.82001 2.2500000000 2.5778267375    2.249  1.900  3.7283  2.755    5  0.000  0.347     0.00     0.00     0.00     0.00     0.00 -1    -1e-30      0.00 7.088e-01 2.872e-01 4.153e-04 6.760e-04 1.594e-03 -1.000 4.000e-03 0.021 -0.026 0.346 -0.574
0.004 -0.58336 8.82001 2.2687928677 2.5784301992    2.267  1.947  3.7286  2.712    5  0.000  0.348     0.00     0.00     0.00     0.00     0.00 -1    -1e-30      0.00 7.088e-01 2.872e-01 4.151e-04 6.781e-04 1.592e-03 -1.000 4.000e-03 -0.098 -0.145 0.225 -0.693
0.004 -0.58336 8.82001 2.2895822525 2.5790845169    2.288  2.005  3.7290  2.660    5  0.000  0.348     0.00     0.00     0.00     0.00     0.00 -1    -1e-30      0.00 7.088e-01 2.872e-01 4.148e-04 6.804e-04 1.590e-03 -1.000 4.000e-03 -0.243 -0.291 0.079 -0.837
0.004 -0.58336 8.82001 2.2999999523 2.5794072884    2.299  2.036  3.7293  2.633    5  0.000  0.348     0.00     0.00     0.00     0.00     0.00 -1    -1e-30      0.00 7.088e-01 2.872e-01 4.147e-04 6.815e-04 1.589e-03 -1.000 4.000e-03 -0.320 -0.368 0.001 -0.914
0.004 -0.58336 8.82001 2.3050377369 2.5795621710    2.304  2.051  3.7294  2.619    5  0.000  0.348     0.00     0.00     0.00     0.00     0.00 -1    -1e-30      0.00 7.088e-01 2.872e-01 4.146e-04 6.821e-04 1.588e-03 -1.000 4.010e-03 -0.358 -0.406 -0.038 -0.952
0.004 -0.58336 8.82001 2.3237705231 2.5801313265    2.322  2.108  3.7296  2.566    5  0.000  0.348     0.00     0.00     0.00     0.00     0.00 -1    -1e-30      0.00 7.088e-01 2.872e-01 4.141e-04 6.842e-04 1.587e-03 -1.000 4.048e-03 -0.501 -0.549 -0.181 -1.094
0.004 -0.58336 8.82001 2.3436164856 2.5807229032    2.342  2.165  3.7287  2.510    5  0.000  0.348     0.00     0.00     0.00     0.00     0.00 -1    -1e-30      0.00 7.088e-01 2.871e-01 4.137e-04 6.865e-04 1.585e-03 -1.000 4.087e-03 -0.641 -0.688 -0.319 -1.235
0.004 -0.58336 8.82001 2.3472013474 2.5808285362    2.346  2.174  3.7283  2.500    5  0.000  0.348     0.00     0.00     0.00     0.00     0.00 -1    -1e-30      0.00 7.088e-01 2.871e-01 4.136e-04 6.869e-04 1.584e-03 -1.000 4.094e-03 -0.664 -0.711 -0.340 -1.259
0.004 -0.58336 8.82001 2.3499999046 2.5809107422    2.349  2.179  3.7273  2.491    5  0.000  0.348     0.00     0.00     0.00     0.00     0.00 -1    -1e-30      0.00 7.088e-01 2.871e-01 4.135e-04 6.872e-04 1.584e-03 -1.000 4.100e-03 -0.677 -0.723 -0.350 -1.273
0.004 -0.58336 8.82001 2.3667297363 2.5813975112    2.366  2.208  3.7212  2.440    6  0.000  0.348     0.00     0.00     0.00     0.00     0.00 -1    -1e-30      0.00 7.089e-01 2.870e-01 4.134e-04 6.870e-04 1.584e-03 -1.000 4.066e-03 -0.751 -0.787 -0.400 -1.351
0.004 -0.58336 8.82001 2.3787324429 2.5817418935    2.378  2.238  3.7088  2.363    6  0.000  0.348     0.00     0.00     0.00     0.00     0.00 -1    -1e-30      0.00 7.090e-01 2.869e-01 4.133e-04 6.868e-04 1.585e-03 -1.000 4.042e-03 -0.826 -0.839 -0.424 -1.431
0.004 -0.58336 8.82001 2.3798887730 2.5817748601    2.379  2.260  3.7037  2.321    6  0.000  0.348     0.00     0.00     0.00     0.00     0.00 -1    -1e-30      0.00 7.090e-01 2.869e-01 4.133e-04 6.868e-04 1.585e-03 -1.000 4.040e-03 -0.880 -0.884 -0.456 -1.487
0.004 -0.58336 8.82001 2.3802492619 2.5817851300    2.379  2.292  3.6992  2.271    6  0.000  0.348     0.00     0.00     0.00     0.00     0.00 -1    -1e-30      0.00 7.090e-01 2.869e-01 4.133e-04 6.868e-04 1.585e-03 -1.000 4.039e-03 -0.960 -0.953 -0.515 -1.567
0.004 -0.58336 8.82001 2.3803730011 2.5817886544    2.379  2.325  3.6955  2.223    6  0.000  0.348     0.00     0.00     0.00     0.00     0.00 -1    -1e-30      0.00 7.090e-01 2.869e-01 4.133e-04 6.868e-04 1.585e-03 -1.000 4.039e-03 -1.042 -1.027 -0.579 -1.649
0.004 -0.58336 8.82001 2.3803775311 2.5817887834    2.379  2.327  3.6953  2.221    6  0.000  0.348     0.00     0.00     0.00     0.00     0.00 -1    -1e-30      0.00 7.090e-01 2.869e-01 4.133e-04 6.868e-04 1.585e-03 -1.000 4.039e-03 -1.046 -1.031 -0.583 -1.653
0.004 -0.58336 8.82001 2.3803987503 2.5817893877    2.379  2.342  3.6939  2.200    6  0.000  0.348     0.00     0.00     0.00     0.00     0.00 -1    -1e-30      0.00 7.090e-01 2.869e-01 4.133e-04 6.868e-04 1.585e-03 -1.000 4.039e-03 -1.084 -1.066 -0.614 -1.691
0.004 -0.58336 8.82001 2.3804430962 2.5817906506    2.379  2.374  3.6910  2.157    7  0.000  0.348     0.00     0.00     0.00     0.00     0.00 -1    -1e-30      0.00 7.090e-01 2.869e-01 4.133e-04 6.868e-04 1.585e-03 -1.000 4.039e-03 -1.164 -1.139 -0.679 -1.771
0.004 -0.58336 8.82001 2.3805482388 2.5817936448    2.379  2.408  3.6881  2.111    7  0.000  0.348     0.00     0.00     0.00     0.00     0.00 -1    -1e-30      0.00 7.090e-01 2.869e-01 4.133e-04 6.868e-04 1.585e-03 -1.000 4.039e-03 -1.250 -1.217 -0.750 -1.856
0.004 -0.58336 8.82001 2.3808152676 2.5818012476    2.380  2.410  3.6881  2.108    7  0.000  0.348     0.00     0.00     0.00     0.00     0.00 -1    -1e-30      0.00 7.090e-01 2.869e-01 4.133e-04 6.868e-04 1.585e-03 -1.000 4.038e-03 -1.256 -1.223 -0.755 -1.861
0.004 -0.58336 8.82001 2.3827314377 2.5818557471    2.382  2.426  3.6865  2.087    7  0.000  0.348     0.00     0.00     0.00     0.00     0.00 -1 -9.75e-30      0.00 7.091e-01 2.869e-01 4.132e-04 6.867e-04 1.585e-03 -1.000 4.044e-03 -1.295 -1.258 -0.786 -1.900
0.004 -0.58336 8.82001 2.3834440708 2.5818759901    2.382  2.481  3.6818  2.013    7  0.000  0.348     0.00     0.00     0.00     0.00     0.00 -1 -1.08e-16      0.00 7.091e-01 2.868e-01 4.132e-04 6.867e-04 1.585e-03 -1.000 4.170e-03 -1.432 -1.380 -0.896 -2.034
0.004 -0.58336 8.82001 2.3840944767 2.5818944533    2.383  2.530  3.6777  1.948    7  0.000  0.348     4.32     3.14     2.35     1.73     1.41  4 -3.34e-10      0.00 7.091e-01 2.867e-01 4.132e-04 6.867e-04 1.585e-03 -1.000 4.232e-03 -1.556 -1.495 -0.998 -2.158
0.004 -0.58336 8.82001 2.3846392632 2.5819099093    2.383  2.577  3.6739  1.886    7  0.000  0.348     4.88     3.52     2.61     1.93     1.57  4 -4.21e-10      0.00 7.091e-01 2.867e-01 4.132e-04 6.867e-04 1.585e-03 -1.000 4.230e-03 -1.672 -1.600 -1.092 -2.274
0.004 -0.58336 8.82001 2.3851163387 2.5819234376    2.383  2.622  3.6665  1.811    7  0.000  0.348     5.66     4.03     2.97     2.20     1.79  4 -5.36e-10      0.00 7.091e-01 2.867e-01 4.132e-04 6.867e-04 1.585e-03 -1.000 4.230e-03 -1.786 -1.692 -1.161 -2.383
0.004 -0.58336 8.82001 2.3855404854 2.5819354599    2.384  2.668  3.6625  1.750    7  0.000  0.348     6.38     4.50     3.30     2.45     1.99  4 -6.71e-10      0.00 7.091e-01 2.867e-01 4.132e-04 6.867e-04 1.585e-03 -1.000 4.229e-03 -1.900 -1.793 -1.249 -2.494
0.004 -0.58336 8.82001 2.3859155178 2.5819460859    2.384  2.713  3.6591  1.691    7  0.000  0.348     7.16     5.00     3.66     2.71     2.21  4 -8.32e-10      0.00 7.091e-01 2.867e-01 4.131e-04 6.868e-04 1.585e-03 -1.000 4.228e-03 -2.012 -1.894 -1.339 -2.603
0.004 -0.58336 8.82001 2.3862507343 2.5819555805    2.384  2.758  3.6557  1.632    7  0.000  0.347     8.04     5.56     4.05     3.01     2.45  4 -1.04e-09      0.00 7.091e-01 2.867e-01 4.128e-04 6.869e-04 1.585e-03 -1.000 4.227e-03 -2.125 -1.993 -1.427 -2.711
0.004 -0.58336 8.82001 2.3864705563 2.5819618051    2.384  2.790  3.6532  1.590    7  0.000  0.347     8.74     6.01     4.35     3.24     2.64  4 -1.23e-09      0.00 7.091e-01 2.867e-01 4.122e-04 6.875e-04 1.585e-03 -1.000 4.227e-03 -2.206 -2.065 -1.491 -2.789
0.004 -0.58336 8.82001 2.3867390156 2.5819694051    2.384  2.834  3.6498  1.533    7  0.000  0.346     9.78     6.66     4.81     3.58     2.92  4 -1.51e-09      0.00 7.091e-01 2.867e-01 4.109e-04 6.889e-04 1.585e-03 -1.000 4.226e-03 -2.315 -2.160 -1.574 -2.892
0.004 -0.58336 8.82001 2.3869845867 2.5819763554    2.384  2.877  3.6462  1.474    7  0.000  0.345    10.96     7.40     5.31     3.96     3.23  4 -1.87e-09      0.00 7.091e-01 2.867e-01 4.095e-04 6.907e-04 1.585e-03 -1.000 4.226e-03 -2.424 -2.252 -1.654 -2.994
0.004 -0.58336 8.82001 2.3872117996 2.5819827846    2.384  2.922  3.6425  1.416    7  0.000  0.343    12.30     8.23     5.88     4.39     3.59  4 -2.33e-09      0.00 7.091e-01 2.867e-01 4.082e-04 6.923e-04 1.585e-03 -1.000 4.225e-03 -2.534 -2.345 -1.733 -3.096
0.004 -0.58336 8.82001 2.3874232769 2.5819887674    2.384  2.966  3.6388  1.357    7  0.000  0.342    13.82     9.16     6.51     4.87     3.98  4 -2.88e-09      0.00 7.091e-01 2.867e-01 4.070e-04 6.937e-04 1.585e-03 -1.000 4.225e-03 -2.645 -2.438 -1.813 -3.199
0.004 -0.58336 8.82001 2.3876204491 2.5819943443    2.383  3.011  3.6352  1.297    7  0.000  0.342    15.53    10.20     7.22     5.41     4.42  4 -3.59e-09      0.00 7.091e-01 2.867e-01 4.060e-04 6.949e-04 1.585e-03 -1.000 4.225e-03 -2.757 -2.531 -1.891 -3.302
0.004 -0.58336 8.82001 2.3878054619 2.5819995764    2.383  3.056  3.6315  1.237    7  0.000  0.341    17.49    11.38     8.01     6.01     4.91  4 -4.44e-09      0.00 7.090e-01 2.867e-01 4.051e-04 6.960e-04 1.585e-03 -1.000 4.291e-03 -2.871 -2.625 -1.971 -3.407
0.004 -0.58336 8.82001 2.3879804611 2.5820045244    2.382  3.103  3.6277  1.175    7  0.000  0.340    19.73    12.71     8.91     6.70     5.47  4 -5.59e-09      0.00 7.090e-01 2.867e-01 4.044e-04 6.969e-04 1.585e-03 -1.000 4.300e-03 -2.987 -2.719 -2.050 -3.512
0.004 -0.58336 8.82001 2.3881487846 2.5820092829    2.382  3.150  3.6236  1.111    7  0.000  0.340    22.38    14.27     9.95     7.49     6.12  4 -6.94e-09      0.00 7.090e-01 2.867e-01 4.038e-04 6.978e-04 1.585e-03 -1.000 4.300e-03 -3.105 -2.815 -2.129 -3.619
0.004 -0.58336 8.82001 2.3883137703 2.5820139463    2.381  3.199  3.6193  1.045    7  0.000  0.339    25.47    16.08    11.15     8.41     6.88  4 -8.76e-09      0.00 7.090e-01 2.867e-01 4.032e-04 6.987e-04 1.584e-03 -1.000 4.298e-03 -3.227 -2.911 -2.207 -3.727
0.004 -0.58336 8.82001 2.3884804249 2.5820186561    2.380  3.249  3.6149  0.977    7  0.000  0.339    29.10    18.17    12.53     9.47     7.75  4 -1.12e-08      0.00 7.090e-01 2.867e-01 4.027e-04 6.997e-04 1.584e-03 -1.000 4.283e-03 -3.352 -3.009 -2.285 -3.838
0.004 -0.58336 8.82001 2.3886537552 2.5820235537    2.378  3.300  3.6104  0.908    7  0.000  0.339    33.32    20.59    14.12    10.69     8.75  3 -1.41e-08      0.00 7.090e-01 2.867e-01 4.023e-04 7.008e-04 1.583e-03 -1.000 4.277e-03 -3.479 -3.107 -2.362 -3.950
0.004 -0.58336 8.82001 2.3888268471 2.5820284438    2.376  3.344  3.6066  0.848    7  0.000  0.339    37.47    22.93    15.65    11.87     9.71  3 -1.74e-08      0.00 7.090e-01 2.868e-01 4.021e-04 7.017e-04 1.582e-03 -1.000 4.200e-03 -3.590 -3.191 -2.427 -4.046
0.004 -0.58336 8.82001 2.3889377117 2.5820315755    2.375  3.372  3.6042  0.811    7  0.000  0.339    40.34    24.55    16.70    12.68    10.38  3 -1.96e-08      0.00 7.090e-01 2.868e-01 4.020e-04 7.019e-04 1.582e-03 -1.000 4.200e-03 -3.659 -3.244 -2.466 -4.106
0.004 -0.58336 8.82001 2.3889997005 2.5820333264    2.374  3.391  3.6024  0.784    7  0.000  0.339    42.52    25.77    17.49    13.29    10.88  3 -2.14e-08      0.00 7.090e-01 2.868e-01 4.020e-04 7.021e-04 1.582e-03 -1.000 4.200e-03 -3.709 -3.281 -2.495 -4.149
0.004 -0.58336 8.82001 2.3890557289 2.5820349088    2.373  3.427  3.5993  0.736    7  0.000  0.339    46.71    28.09    18.99    14.45    11.83  3 -2.53e-08      0.00 7.090e-01 2.868e-01 4.019e-04 7.023e-04 1.582e-03 -1.000 4.200e-03 -3.796 -3.347 -2.544 -4.225
0.004 -0.58336 8.82001 2.3891098499 2.5820364373    2.371  3.465  3.5958  0.684    7  0.000  0.339    51.74    30.86    20.78    15.83    12.97  3 -3.02e-08      0.00 7.090e-01 2.868e-01 4.019e-04 7.024e-04 1.582e-03 -1.000 4.200e-03 -3.892 -3.416 -2.593 -4.305
0.004 -0.58336 8.82001 2.3891634941 2.5820379523    2.370  3.500  3.5926  0.635    7  0.000  0.339    56.97    33.72    22.62    17.25    14.13  3 -3.53e-08      0.00 7.090e-01 2.868e-01 4.019e-04 7.024e-04 1.582e-03 -1.000 4.200e-03 -3.981 -3.480 -2.640 -4.380
0.004 -0.58336 8.82001 2.3892207146 2.5820395681    2.368  3.533  3.5896  0.590    7  0.000  0.339    62.19    36.55    24.43    18.65    15.28  3 -4.07e-08      0.00 7.090e-01 2.868e-01 4.019e-04 7.024e-04 1.582e-03 -1.000 4.200e-03 -4.062 -3.539 -2.681 -4.449
0.004 -0.58336 8.82001 2.3892827034 2.5820413185    2.366  3.561  3.5870  0.551    7  0.000  0.339    67.05    39.18    26.10    19.95    16.35  3 -4.62e-08      0.00 7.090e-01 2.868e-01 4.019e-04 7.024e-04 1.582e-03 -1.000 4.200e-03 -4.131 -3.586 -2.712 -4.505
0.004 -0.58336 8.82001 2.3893480301 2.5820431631    2.364  3.629  3.5804  0.456    7  0.000  0.339    80.91    46.56    30.78    23.59    19.34  2 -6.33e-08      0.00 7.090e-01 2.868e-01 4.019e-04 7.024e-04 1.582e-03 -1.000 4.200e-03 -4.303 -3.703 -2.785 -4.645
0.004 -0.58336 8.82001 2.3893587589 2.5820434660    2.363  3.675  3.5759  0.393    7  0.000  0.339    91.59    52.19    34.32    26.34    21.60  2 -7.77e-08      0.00 7.090e-01 2.868e-01 4.019e-04 7.024e-04 1.582e-03 -1.000 4.200e-03 -4.416 -3.772 -2.818 -4.734
0.004 -0.58336 8.82001 2.3893668652 2.5820436949    2.363  3.701  3.5732  0.355    7  0.000  0.339    98.60    55.85    36.61    28.13    23.08  2 -8.71e-08      0.00 7.090e-01 2.868e-01 4.019e-04 7.024e-04 1.582e-03 -1.000 4.200e-03 -4.483 -3.812 -2.836 -4.785
0.004 -0.58336 8.82001 2.3893766403 2.5820439709    2.362  3.720  3.5712  0.328    7  0.000  0.339   103.99    58.65    38.37    29.50    24.20  2 -9.41e-08      0.00 7.090e-01 2.868e-01 4.019e-04 7.024e-04 1.582e-03 -1.000 4.200e-03 -4.530 -3.840 -2.848 -4.821
0.004 -0.58336 8.82001 2.3893959522 2.5820445161    2.360  3.720  3.5713  0.328    7  0.000  0.339   103.93    58.62    38.34    29.49    24.19  2 -9.38e-08      0.00 7.090e-01 2.868e-01 4.019e-04 7.024e-04 1.582e-03 -1.000 4.200e-03 -4.529 -3.839 -2.847 -4.820
0.004 -0.58336 8.82001 2.3893976212 2.5820445633    2.360  3.718  3.5715  0.331    7  0.000  0.339   103.40    58.34    38.17    29.35    24.08  2 -9.31e-08      0.00 7.090e-01 2.868e-01 4.019e-04 7.024e-04 1.582e-03 -1.000 4.200e-03 -4.525 -3.837 -2.846 -4.817
0.004 -0.58336 8.82001 2.3893978596 2.5820445700    2.360  3.718  3.5715  0.331    7  0.000  0.339   103.33    58.31    38.15    29.34    24.06  2  -9.3e-08      0.00 7.090e-01 2.868e-01 4.019e-04 7.024e-04 1.582e-03 -1.000 4.200e-03 -4.524 -3.836 -2.846 -4.816
0.004 -0.58336 8.82001 2.3893980980 2.5820445767    2.360  3.717  3.5715  0.331    7  0.000  0.339   103.26    58.27    38.13    29.32    24.05  2 -9.29e-08      0.00 7.090e-01 2.868e-01 4.019e-04 7.024e-04 1.582e-03 -1.000 4.200e-03 -4.524 -3.836 -2.846 -4.816
0.004 -0.58336 8.82001 2.3893983364 2.5820445834    2.360  3.717  3.5715  0.332    7  0.000  0.339   103.21    58.25    38.11    29.31    24.04  2 -9.29e-08      0.00 7.090e-01 2.868e-01 4.019e-04 7.024e-04 1.582e-03 -1.000 4.200e-03 -4.523 -3.836 -2.846 -4.816
0.004 -0.58336 8.82001 2.3893985748 2.5820445902    2.360  3.717  3.5715  0.332    7  0.000  0.339   103.14    58.21    38.09    29.29    24.03  2 -9.28e-08      0.00 7.090e-01 2.868e-01 4.019e-04 7.024e-04 1.582e-03 -1.000 4.200e-03 -4.523 -3.835 -2.846 -4.815
0.004 -0.58336 8.82001 2.3893988132 2.5820445969    2.360  3.717  3.5716  0.332    7  0.000  0.339   103.08    58.18    38.07    29.27    24.01  2 -9.27e-08      0.00 7.090e-01 2.868e-01 4.019e-04 7.024e-04 1.582e-03 -1.000 4.200e-03 -4.522 -3.835 -2.845 -4.815
0.004 -0.58336 8.82001 2.3893990517 2.5820446036    2.360  3.717  3.5716  0.333    7  0.000  0.339   103.03    58.15    38.05    29.26    24.00  2 -9.26e-08      0.00 7.090e-01 2.868e-01 4.019e-04 7.024e-04 1.582e-03 -1.000 4.200e-03 -4.522 -3.835 -2.845 -4.814
0.004 -0.58336 8.82001 2.3893992901 2.5820446104    2.360  3.716  3.5716  0.333    7  0.000  0.339   102.98    58.13    38.04    29.25    23.99  2 -9.26e-08      0.00 7.090e-01 2.868e-01 4.019e-04 7.024e-04 1.582e-03 -1.000 4.200e-03 -4.521 -3.835 -2.845 -4.814
0.004 -0.58336 8.82001 2.3893997669 2.5820446238    2.360  3.716  3.5717  0.334    7  0.000  0.339   102.80    58.03    37.98    29.20    23.96  2 -9.23e-08      0.00 7.090e-01 2.868e-01 4.019e-04 7.024e-04 1.582e-03 -1.000 4.200e-03 -4.520 -3.834 -2.845 -4.813
0.004 -0.58336 8.82001 2.3894000053 2.5820446306    2.360  3.597  3.5834  0.500    7  0.000  0.339    74.18    43.00    28.52    21.83    17.90  2 -5.51e-08      0.00 7.090e-01 2.868e-01 4.019e-04 7.024e-04 1.582e-03 -1.000 4.200e-03 -4.222 -3.648 -2.751 -4.579
0.004 -0.58336 8.82001 2.3894004822 2.5820446440    2.360  3.865  3.5550  0.118    7  0.000  0.339   157.06    85.68    55.10    42.61    34.99  2 -3.36e-07      0.00 7.090e-01 2.868e-01 4.018e-04 7.024e-04 1.582e-03 -1.000 4.200e-03 -4.892 -4.009 -2.837 -5.070
0.004 -0.58336 8.82001 2.3894019127 2.5820446844    2.360  3.702  3.5729  0.353    7  0.000  0.339    99.04    56.08    36.76    28.25    23.17  2 -8.74e-08      0.00 7.090e-01 2.868e-01 4.018e-04 7.024e-04 1.582e-03 -1.000 4.200e-03 -4.485 -3.811 -2.833 -4.785
0.004 -0.58336 8.82001 2.3894033432 2.5820447248    2.360  3.637  3.5796  0.444    7  0.000  0.339    82.68    47.50    31.37    24.05    19.72  2 -6.51e-08      0.00 7.090e-01 2.868e-01 4.018e-04 7.024e-04 1.582e-03 -1.000 4.200e-03 -4.322 -3.714 -2.791 -4.660
0.004 -0.58336 8.82001 2.3894057274 2.5820447921    2.360  3.560  3.5870  0.551    7  0.000  0.339    67.11    39.21    26.12    19.97    16.36  2 -4.68e-08      0.00 7.090e-01 2.868e-01 4.018e-04 7.024e-04 1.582e-03 -1.000 4.200e-03 -4.130 -3.585 -2.711 -4.504
0.004 -0.58336 8.82001 2.3894121647 2.5820449739    2.359  3.461  3.5962  0.687    7  0.000  0.339    51.35    30.66    20.65    15.73    12.88  3 -3.03e-08      0.00 7.090e-01 2.868e-01 4.018e-04 7.024e-04 1.582e-03 -1.000 4.200e-03 -3.882 -3.409 -2.588 -4.297
0.004 -0.58336 8.82001 2.3894159794 2.5820450816    2.359  3.472  3.5951  0.671    7  0.000  0.339    52.92    31.52    21.20    16.16    13.23  3 -3.18e-08      0.00 7.090e-01 2.868e-01 4.018e-04 7.024e-04 1.582e-03 -1.000 4.200e-03 -3.910 -3.429 -2.602 -4.320
0.004 -0.58336 8.82001 2.3894190788 2.5820451691    2.359  3.484  3.5940  0.654    7  0.000  0.339    54.71    32.50    21.83    16.64    13.63  3 -3.34e-08      0.00 7.090e-01 2.868e-01 4.018e-04 7.024e-04 1.582e-03 -1.000 4.200e-03 -3.941 -3.451 -2.618 -4.346
0.004 -0.58336 8.82001 2.3894231319 2.5820452835    2.359  3.532  3.5896  0.590    7  0.000  0.339    62.14    36.53    24.41    18.64    15.28  3 -4.13e-08      0.00 7.090e-01 2.868e-01 4.018e-04 7.024e-04 1.582e-03 -1.000 4.200e-03 -4.059 -3.536 -2.678 -4.445
0.004 -0.58336 8.82001 2.3894281387 2.5820454249    2.359  3.586  3.5845  0.514    7  0.000  0.339    72.06    41.86    27.80    21.28    17.44  2  -5.3e-08      0.00 7.090e-01 2.868e-01 4.018e-04 7.024e-04 1.582e-03 -1.000 4.200e-03 -4.196 -3.630 -2.739 -4.557
0.004 -0.58336 8.82001 2.3894333839 2.5820455729    2.359  3.635  3.5799  0.448    7  0.000  0.339    82.16    47.23    31.20    23.92    19.61  2  -6.5e-08      0.00 7.090e-01 2.868e-01 4.018e-04 7.024e-04 1.582e-03 -1.000 4.200e-03 -4.316 -3.711 -2.789 -4.656
0.004 -0.58336 8.82001 2.3894393444 2.5820457412    2.358  3.678  3.5755  0.386    7  0.000  0.339    92.75    52.80    34.70    26.64    21.85  2 -7.86e-08      0.00 7.090e-01 2.868e-01 4.018e-04 7.024e-04 1.582e-03 -1.000 4.200e-03 -4.426 -3.777 -2.819 -4.741
0.004 -0.58336 8.82001 2.3894464970 2.5820459432    2.358  3.717  3.5715  0.332    7  0.000  0.339   103.21    58.25    38.11    29.31    24.04  2 -9.43e-08      0.00 7.090e-01 2.868e-01 4.018e-04 7.024e-04 1.582e-03 -1.000 4.200e-03 -4.522 -3.835 -2.845 -4.815
0.004 -0.58336 8.82001 2.3894565105 2.5820462259    2.357  3.751  3.5679  0.283    7  0.000  0.339   113.47    63.55    41.42    31.89    26.17  2 -1.09e-07      0.00 7.090e-01 2.868e-01 4.018e-04 7.024e-04 1.582e-03 -1.000 4.200e-03 -4.607 -3.881 -2.856 -4.877
0.004 -0.58336 8.82001 2.3894720078 2.5820466634    2.355  3.777  3.5650  0.245    7  0.000  0.339   122.24    68.05    44.21    34.08    27.97  2 -1.24e-07      0.00 7.090e-01 2.868e-01 4.018e-04 7.024e-04 1.582e-03 -1.000 4.200e-03 -4.672 -3.914 -2.860 -4.924
0.004 -0.58336 8.82001 2.3894946575 2.5820473028    2.353  3.796  3.5630  0.218    7  0.000  0.339   129.06    71.54    46.37    35.77    29.36  2 -1.45e-07      0.00 7.090e-01 2.868e-01 4.018e-04 7.024e-04 1.582e-03 -1.000 4.200e-03 -4.720 -3.938 -2.862 -4.957
