Zini MH logAge Mini int_IMF Mass logL logTe logg label McoreTP C_O period0 period1 period2 period3 period4 pmode Mloss tau1m X Y Xc Xn Xo Cexcess Z mbolmag Gmag G_BPmag G_RPmag
0.0065 -0.36842 8.57001 0.0900000036 1.0816895926    0.090 -3.133  3.4161  5.142    0  0.000  0.545     0.00     0.00     0.00     0.00     0.00 -1 -8.37e-17      0.00 7.332e-01 2.602e-01 1.179e-03 3.181e-04 2.885e-03 -1.000 6.556e-03 12.603 14.401 17.333 12.934
0.0065 -0.36842 8.57001 0.0950491205 1.1283665127    0.095 -3.077  3.4247  5.144    0  0.000  0.545     0.00     0.00     0.00     0.00     0.00 -1 -9.24e-17      0.00 7.332e-01 2.602e-01 1.179e-03 3.181e-04 2.885e-03 -1.000 6.557e-03 12.463 14.183 16.969 12.736
0.0065 -0.36842 8.57001 0.0994532034 1.1665225238    0.099 -3.027  3.4328  5.146    0  0.000  0.545     0.00     0.00     0.00     0.00     0.00 -1 -1.01e-16      0.00 7.332e-01 2.602e-01 1.179e-03 3.181e-04 2.885e-03 -1.000 6.556e-03 12.339 13.967 16.589 12.544
0.0065 -0.36842 8.57001 0.0998424962 1.1697893698    0.100 -3.024  3.4332  5.146    0  0.000  0.545     0.00     0.00     0.00     0.00     0.00 -1 -1.01e-16      0.00 7.332e-01 2.602e-01 1.179e-03 3.181e-04 2.885e-03 -1.000 6.556e-03 12.330 13.953 16.567 12.531
0.0065 -0.36842 8.57001 0.1051646769 1.2128553639    0.105 -2.974  3.4397  5.144    0  0.000  0.545     0.00     0.00     0.00     0.00     0.00 -1 -1.11e-16      0.00 7.332e-01 2.602e-01 1.179e-03 3.181e-04 2.885e-03 -1.000 6.556e-03 12.205 13.759 16.259 12.356
0.0065 -0.36842 8.57001 0.1171617508 1.3003168159    0.117 -2.859  3.4546  5.135    0  0.000  0.545     0.00     0.00     0.00     0.00     0.00 -1 -1.39e-16      0.00 7.332e-01 2.602e-01 1.179e-03 3.181e-04 2.885e-03 -1.000 6.556e-03 11.917 13.315 15.551 11.956
0.0065 -0.36842 8.57001 0.1183596253 1.3084073322    0.118 -2.848  3.4561  5.135    0  0.000  0.545     0.00     0.00     0.00     0.00     0.00 -1 -1.42e-16      0.00 7.332e-01 2.602e-01 1.179e-03 3.181e-04 2.885e-03 -1.000 6.556e-03 11.890 13.272 15.481 11.918
0.0065 -0.36842 8.57001 0.1254879683 1.3544455303    0.125 -2.790  3.4628  5.129    0  0.000  0.545     0.00     0.00     0.00     0.00     0.00 -1 -1.59e-16      0.00 7.332e-01 2.602e-01 1.179e-03 3.181e-04 2.885e-03 -1.000 6.556e-03 11.745 13.057 15.148 11.726
0.0065 -0.36842 8.57001 0.1372660398 1.4235162573    0.137 -2.688  3.4737  5.110    0  0.000  0.545     0.00     0.00     0.00     0.00     0.00 -1 -1.96e-16      0.00 7.332e-01 2.602e-01 1.179e-03 3.181e-04 2.885e-03 -1.000 6.557e-03 11.490 12.693 14.604 11.400
0.0065 -0.36842 8.57001 0.1561724544 1.5196632823    0.156 -2.560  3.4864  5.089    0  0.000  0.545     0.00     0.00     0.00     0.00     0.00 -1 -2.53e-16      0.00 7.332e-01 2.602e-01 1.179e-03 3.181e-04 2.885e-03 -1.000 6.556e-03 11.170 12.246 13.956 11.000
0.0065 -0.36842 8.57001 0.1939852685 1.6730657523    0.193 -2.358  3.5039  5.050    0  0.000  0.545     0.00     0.00     0.00     0.00     0.00 -1 -3.77e-16      0.00 7.332e-01 2.603e-01 1.179e-03 3.181e-04 2.885e-03 -1.000 6.556e-03 10.664 11.585 13.068 10.403
0.0065 -0.36842 8.57001 0.2412513196 1.8176002146    0.240 -2.174  3.5190  5.020    0  0.000  0.545     0.00     0.00     0.00     0.00     0.00 -1 -5.34e-16      0.00 7.331e-01 2.603e-01 1.179e-03 3.181e-04 2.885e-03 -1.000 6.556e-03 10.204 11.003 12.326 9.874
0.0065 -0.36842 8.57001 0.2566234171 1.8568540541    0.256 -2.125  3.5228  5.014    0  0.000  0.545     0.00     0.00     0.00     0.00     0.00 -1 -5.83e-16      0.00 7.331e-01 2.603e-01 1.179e-03 3.181e-04 2.885e-03 -1.000 6.556e-03 10.083 10.855 12.145 9.739
0.0065 -0.36842 8.57001 0.2885173559 1.9293289480    0.288 -2.025  3.5298  4.993    0  0.000  0.545     0.00     0.00     0.00     0.00     0.00 -1 -7.07e-16      0.00 7.331e-01 2.603e-01 1.179e-03 3.181e-04 2.885e-03 -1.000 6.556e-03 9.833 10.559 11.790 9.464
0.0065 -0.36842 8.57001 0.3357833922 2.0194818543    0.335 -1.885  3.5395  4.958    0  0.000  0.545     0.00     0.00     0.00     0.00     0.00 -1 -9.43e-16      0.00 7.332e-01 2.602e-01 1.179e-03 3.181e-04 2.885e-03 -1.000 6.557e-03 9.482 10.147 11.308 9.081
0.0065 -0.36842 8.57001 0.3830494285 2.0944832298    0.382 -1.740  3.5499  4.912    0  0.000  0.545     0.00     0.00     0.00     0.00     0.00 -1  -1.3e-15      0.00 7.332e-01 2.602e-01 1.179e-03 3.181e-04 2.885e-03 -1.000 6.557e-03 9.120 9.724 10.816 8.689
0.0065 -0.36842 8.57001 0.4303154945 2.1583256149    0.429 -1.588  3.5622  4.859    0  0.000  0.545     0.00     0.00     0.00     0.00     0.00 -1 -1.85e-15      0.00 7.332e-01 2.602e-01 1.179e-03 3.181e-04 2.885e-03 -1.000 6.556e-03 8.739 9.274 10.292 8.274
0.0065 -0.36842 8.57001 0.4775815010 2.2136462801    0.477 -1.430  3.5772  4.807    0  0.000  0.545     0.00     0.00     0.00     0.00     0.00 -1 -2.68e-15      0.00 7.332e-01 2.602e-01 1.179e-03 3.181e-04 2.885e-03 -1.000 6.556e-03 8.344 8.800 9.736 7.842
0.0065 -0.36842 8.57001 0.5248475671 2.2616805751    0.524 -1.268  3.5963  4.763    0  0.000  0.545     0.00     0.00     0.00     0.00     0.00 -1  -3.9e-15      0.00 7.338e-01 2.597e-01 1.177e-03 3.174e-04 2.879e-03 -1.000 6.551e-03 7.940 8.310 9.159 7.401
0.0065 -0.36842 8.57001 0.5721135736 2.3011561709    0.571 -1.106  3.6195  4.731    0  0.000  0.545     0.00     0.00     0.00     0.00     0.00 -1 -5.62e-15      0.00 7.342e-01 2.592e-01 1.175e-03 3.170e-04 2.875e-03 -1.000 6.549e-03 7.535 7.815 8.572 6.963
0.0065 -0.36842 8.57001 0.6193795800 2.3337850600    0.619 -0.948  3.6448  4.709    0  0.000  0.545     0.00     0.00     0.00     0.00     0.00 -1 -7.96e-15      0.00 7.344e-01 2.591e-01 1.174e-03 3.169e-04 2.874e-03 -1.000 6.513e-03 7.140 7.321 7.975 6.539
0.0065 -0.36842 8.57001 0.6481812596 2.3510065993    0.648 -0.853  3.6602  4.695    0  0.000  0.545     0.00     0.00     0.00     0.00     0.00 -1 -9.84e-15      0.00 7.346e-01 2.589e-01 1.173e-03 3.167e-04 2.872e-03 -1.000 6.505e-03 6.901 7.019 7.609 6.284
0.0065 -0.36842 8.57001 0.6666456461 2.3611514161    0.666 -0.795  3.6705  4.690    0  0.000  0.545     0.00     0.00     0.00     0.00     0.00 -1 -1.11e-14      0.00 7.346e-01 2.589e-01 1.174e-03 3.167e-04 2.872e-03 -1.000 6.520e-03 6.757 6.836 7.389 6.130
0.0065 -0.36842 8.57001 0.7139116526 2.3843930558    0.714 -0.654  3.6952  4.678    0  0.000  0.543     0.00     0.00     0.00     0.00     0.00 -1 -1.51e-14      0.00 7.347e-01 2.587e-01 1.168e-03 3.163e-04 2.871e-03 -1.000 6.536e-03 6.405 6.407 6.884 5.763
0.0065 -0.36842 8.57001 0.7632793188 2.4051685315    0.763 -0.517  3.7183  4.663    0  0.000  0.538     0.00     0.00     0.00     0.00     0.00 -1 -2.04e-14      0.00 7.350e-01 2.585e-01 1.157e-03 3.159e-04 2.869e-03 -1.000 6.522e-03 6.063 6.013 6.431 5.424
0.0065 -0.36842 8.57001 0.8126469851 2.4230683291    0.812 -0.389  3.7376  4.639    1  0.000  0.538     0.00     0.00     0.00     0.00     0.00 -1 -2.73e-14      0.00 7.353e-01 2.582e-01 1.156e-03 3.155e-04 2.866e-03 -1.000 6.491e-03 5.742 5.663 6.037 5.116
0.0065 -0.36842 8.57001 0.8620146513 2.4386310913    0.861 -0.268  3.7550  4.613    0  0.000  0.538     0.00     0.00     0.00     0.00     0.00 -1 -3.61e-14      0.00 7.357e-01 2.578e-01 1.154e-03 3.151e-04 2.862e-03 -1.000 6.480e-03 5.439 5.345 5.682 4.836
0.0065 -0.36842 8.57001 0.9113822579 2.4522710488    0.911 -0.152  3.7700  4.581    1  0.000  0.537     0.00     0.00     0.00     0.00     0.00 -1 -4.75e-14      0.00 7.362e-01 2.572e-01 1.152e-03 3.146e-04 2.857e-03 -1.000 6.542e-03 5.150 5.050 5.355 4.574
0.0065 -0.36842 8.57001 0.9607499242 2.4643116868    0.960 -0.044  3.7833  4.550    1  0.000  0.538     0.00     0.00     0.00     0.00     0.00 -1 -6.14e-14      0.00 7.371e-01 2.564e-01 1.148e-03 3.135e-04 2.848e-03 -1.000 6.482e-03 4.880 4.779 5.057 4.334
0.0065 -0.36842 8.57001 1.0101175308 2.4750089711    1.010  0.061  3.7951  4.514    0  0.000  0.537     0.00     0.00     0.00     0.00     0.00 -1 -7.83e-14      0.00 7.388e-01 2.548e-01 1.141e-03 3.117e-04 2.832e-03 -1.000 6.395e-03 4.619 4.520 4.775 4.102
0.0065 -0.36842 8.57001 1.0594851971 2.4845680035    1.059  0.161  3.8059  4.477    1  0.000  0.537     0.00     0.00     0.00     0.00     0.00 -1 -9.34e-14      0.00 7.392e-01 2.544e-01 1.141e-03 3.118e-04 2.833e-03 -1.000 6.389e-03 4.367 4.271 4.507 3.878
0.0065 -0.36842 8.57001 1.0862729549 2.4893387346    1.085  0.214  3.8115  4.458    1  0.000  0.537     0.00     0.00     0.00     0.00     0.00 -1 -1.02e-13      0.00 7.393e-01 2.543e-01 1.142e-03 3.119e-04 2.834e-03 -1.000 6.402e-03 4.235 4.141 4.367 3.761
0.0065 -0.36842 8.57001 1.1088528633 2.4931548576    1.108  0.257  3.8162  4.442    1  0.000  0.537     0.00     0.00     0.00     0.00     0.00 -1 -1.09e-13      0.00 7.392e-01 2.543e-01 1.142e-03 3.121e-04 2.836e-03 -1.000 6.435e-03 4.127 4.035 4.252 3.665
0.0065 -0.36842 8.57001 1.1541492939 2.5002950090    1.153  0.341  3.8255  4.413    1  0.000  0.537     0.00     0.00     0.00     0.00     0.00 -1 -1.24e-13      0.00 7.394e-01 2.542e-01 1.142e-03 3.119e-04 2.834e-03 -1.000 6.439e-03 3.918 3.828 4.030 3.479
0.0065 -0.36842 8.57001 1.1582205296 2.5009053814    1.157  0.348  3.8263  4.411    1  0.000  0.537     0.00     0.00     0.00     0.00     0.00 -1 -1.25e-13      0.00 7.394e-01 2.542e-01 1.142e-03 3.119e-04 2.834e-03 -1.000 6.439e-03 3.900 3.810 4.011 3.463
0.0065 -0.36842 8.57001 1.2054989338 2.5076477226    1.205  0.430  3.8362  4.386    1  0.000  0.537     0.00     0.00     0.00     0.00     0.00 -1 -1.39e-13      0.00 7.393e-01 2.543e-01 1.142e-03 3.121e-04 2.836e-03 -1.000 6.421e-03 3.695 3.607 3.792 3.282
0.0065 -0.36842 8.57001 1.2075881958 2.5079316937    1.207  0.434  3.8367  4.385    1  0.000  0.537     0.00     0.00     0.00     0.00     0.00 -1  -1.4e-13      0.00 7.392e-01 2.543e-01 1.142e-03 3.121e-04 2.836e-03 -1.000 6.420e-03 3.686 3.598 3.783 3.275
0.0065 -0.36842 8.57001 1.2569558620 2.5143270928    1.257  0.515  3.8478  4.365    1  0.000  0.537     0.00     0.00     0.00     0.00     0.00 -1 -1.52e-13      0.00 7.393e-01 2.542e-01 1.142e-03 3.119e-04 2.834e-03 -1.000 6.494e-03 3.482 3.398 3.566 3.100
0.0065 -0.36842 8.57001 1.3063235283 2.5201698046    1.306  0.593  3.8605  4.355    1  0.000  0.537     0.00     0.00     0.00     0.00     0.00 -1  -1.6e-13      0.00 7.395e-01 2.540e-01 1.141e-03 3.118e-04 2.833e-03 -1.000 6.445e-03 3.289 3.209 3.357 2.941
0.0065 -0.36842 8.57001 1.3556913137 2.5255258872    1.356  0.667  3.8753  4.356    1  0.000  0.537     0.00     0.00     0.00     0.00     0.00 -1 -1.63e-13      0.00 7.398e-01 2.538e-01 1.141e-03 3.115e-04 2.831e-03 -1.000 6.428e-03 3.103 3.031 3.158 2.798
0.0065 -0.36842 8.57001 1.4050588608 2.5304514246    1.405  0.738  3.8907  4.363    1  0.000  0.537     0.00     0.00     0.00     0.00     0.00 -1 -1.61e-13      0.00 7.399e-01 2.536e-01 1.140e-03 3.114e-04 2.829e-03 -1.000 6.430e-03 2.925 2.863 2.968 2.667
0.0065 -0.36842 8.57001 1.4544265270 2.5349944270    1.454  0.807  3.9056  4.368    1  0.000  0.537     0.00     0.00     0.00     0.00     0.00 -1 -1.53e-13      0.00 7.401e-01 2.534e-01 1.139e-03 3.112e-04 2.828e-03 -1.000 6.442e-03 2.753 2.704 2.788 2.546
0.0065 -0.36842 8.57001 1.4863833189 2.5377508941    1.486  0.850  3.9148  4.371    1  0.000  0.537     0.00     0.00     0.00     0.00     0.00 -1 -1.44e-13      0.00 7.402e-01 2.533e-01 1.139e-03 3.111e-04 2.827e-03 -1.000 6.449e-03 2.645 2.608 2.680 2.472
0.0065 -0.36842 8.57001 1.5037940741 2.5391961074    1.504  0.873  3.9196  4.373    1  0.000  0.537     0.00     0.00     0.00     0.00     0.00 -1 -1.39e-13      0.00 7.403e-01 2.532e-01 1.138e-03 3.110e-04 2.826e-03 -1.000 6.451e-03 2.588 2.557 2.622 2.433
0.0065 -0.36842 8.57001 1.5531616211 2.5430921038    1.553  0.936  3.9325  4.375    1  0.000  0.537     0.00     0.00     0.00     0.00     0.00 -1 -1.18e-13      0.00 7.405e-01 2.531e-01 1.138e-03 3.109e-04 2.825e-03 -1.000 6.421e-03 2.429 2.422 2.471 2.329
0.0065 -0.36842 8.57001 1.5870053768 2.5456025434    1.587  0.978  3.9406  4.375    1  0.000  0.537     0.00     0.00     0.00     0.00     0.00 -1 -9.67e-14      0.00 7.406e-01 2.530e-01 1.138e-03 3.108e-04 2.824e-03 -1.000 6.433e-03 2.324 2.337 2.376 2.262
0.0065 -0.36842 8.57001 1.6025295258 2.5467133709    1.602  0.997  3.9442  4.374    1  0.000  0.537     0.00     0.00     0.00     0.00     0.00 -1 -8.84e-14      0.00 7.406e-01 2.529e-01 1.137e-03 3.107e-04 2.824e-03 -1.000 6.444e-03 2.277 2.300 2.335 2.232
0.0065 -0.36842 8.57001 1.6483731270 2.5498537176    1.648  1.052  3.9540  4.371    1  0.000  0.537     0.00     0.00     0.00     0.00     0.00 -1 -1.38e-14      0.00 7.407e-01 2.528e-01 1.137e-03 3.107e-04 2.822e-03 -1.000 6.427e-03 2.141 2.194 2.220 2.144
0.0065 -0.36842 8.57001 1.6518969536 2.5500868218    1.651  1.056  3.9548  4.371    1  0.000  0.537     0.00     0.00     0.00     0.00     0.00 -1  -1.2e-14      0.00 7.407e-01 2.528e-01 1.137e-03 3.107e-04 2.822e-03 -1.000 6.426e-03 2.131 2.186 2.211 2.138
0.0065 -0.36842 8.57001 1.6533484459 2.5501825070    1.653  1.057  3.9551  4.371    1  0.000  0.537     0.00     0.00     0.00     0.00     0.00 -1 -3.97e-15      0.00 7.407e-01 2.528e-01 1.137e-03 3.106e-04 2.822e-03 -1.000 6.426e-03 2.127 2.183 2.208 2.135
0.0065 -0.36842 8.57001 1.7012647390 2.5532361370    1.700  1.112  3.9643  4.366    1  0.000  0.537     0.00     0.00     0.00     0.00     0.00 -1    -1e-30      0.00 7.408e-01 2.527e-01 1.137e-03 3.106e-04 2.822e-03 -1.000 6.404e-03 1.990 2.078 2.095 2.046
0.0065 -0.36842 8.57001 1.7057453394 2.5535116087    1.705  1.117  3.9651  4.365    1  0.000  0.537     0.00     0.00     0.00     0.00     0.00 -1    -1e-30      0.00 7.409e-01 2.527e-01 1.137e-03 3.106e-04 2.822e-03 -1.000 6.404e-03 1.978 2.068 2.085 2.037
0.0065 -0.36842 8.57001 1.7506322861 2.5561820481    1.750  1.167  3.9731  4.359    1  0.000  0.537     0.00     0.00     0.00     0.00     0.00 -1    -1e-30      0.00 7.409e-01 2.527e-01 1.137e-03 3.105e-04 2.821e-03 -1.000 6.399e-03 1.854 1.974 1.984 1.955
0.0065 -0.36842 8.57001 1.7712191343 2.5573548752    1.770  1.189  3.9766  4.355    1  0.000  0.537     0.00     0.00     0.00     0.00     0.00 -1    -1e-30      0.00 7.410e-01 2.527e-01 1.136e-03 3.104e-04 2.821e-03 -1.000 6.384e-03 1.798 1.932 1.940 1.918
0.0065 -0.36842 8.57001 1.7999999523 2.5589429085    1.799  1.220  3.9813  4.350    1  0.000  0.537     0.00     0.00     0.00     0.00     0.00 -1    -1e-30      0.00 7.410e-01 2.526e-01 1.136e-03 3.104e-04 2.821e-03 -1.000 6.369e-03 1.720 1.874 1.878 1.867
0.0065 -0.36842 8.57001 1.8229691982 2.5601689887    1.822  1.244  3.9849  4.346    1  0.000  0.537     0.00     0.00     0.00     0.00     0.00 -1    -1e-30      0.00 7.410e-01 2.526e-01 1.136e-03 3.104e-04 2.821e-03 -1.000 6.385e-03 1.660 1.829 1.831 1.826
0.0065 -0.36842 8.57001 1.8481006622 2.5614704138    1.847  1.271  3.9888  4.341    1  0.000  0.537     0.00     0.00     0.00     0.00     0.00 -1    -1e-30      0.00 7.411e-01 2.525e-01 1.136e-03 3.104e-04 2.820e-03 -1.000 6.403e-03 1.594 1.779 1.778 1.781
0.0065 -0.36842 8.57001 1.8962011337 2.5638510103    1.895  1.320  3.9958  4.330    1  0.000  0.537     0.00     0.00     0.00     0.00     0.00 -1    -1e-30      0.00 7.411e-01 2.525e-01 1.136e-03 3.104e-04 2.820e-03 -1.000 6.426e-03 1.469 1.685 1.680 1.695
0.0065 -0.36842 8.57001 1.9443018436 2.5660966690    1.944  1.370  4.0025  4.319    1  0.000  0.537     0.00     0.00     0.00     0.00     0.00 -1    -1e-30      0.00 7.411e-01 2.525e-01 1.136e-03 3.103e-04 2.820e-03 -1.000 6.397e-03 1.346 1.592 1.583 1.610
0.0065 -0.36842 8.57001 1.9838584661 2.5678498974    1.984  1.410  4.0077  4.309    1  0.000  0.537     0.00     0.00     0.00     0.00     0.00 -1    -1e-30      0.00 7.411e-01 2.525e-01 1.136e-03 3.103e-04 2.820e-03 -1.000 6.388e-03 1.246 1.516 1.504 1.539
0.0065 -0.36842 8.57001 1.9924024343 2.5682180846    1.992  1.418  4.0088  4.306    1  0.000  0.537     0.00     0.00     0.00     0.00     0.00 -1    -1e-30      0.00 7.411e-01 2.525e-01 1.136e-03 3.103e-04 2.820e-03 -1.000 6.395e-03 1.224 1.500 1.487 1.524
0.0065 -0.36842 8.57001 2.0405030251 2.5702248925    2.040  1.466  4.0148  4.292    1  0.000  0.537     0.00     0.00     0.00     0.00     0.00 -1    -1e-30      0.00 7.411e-01 2.525e-01 1.136e-03 3.103e-04 2.820e-03 -1.000 6.400e-03 1.104 1.408 1.392 1.438
0.0065 -0.36842 8.57001 2.0427174568 2.5703146673    2.042  1.469  4.0151  4.292    1  0.000  0.537     0.00     0.00     0.00     0.00     0.00 -1    -1e-30      0.00 7.411e-01 2.525e-01 1.136e-03 3.103e-04 2.820e-03 -1.000 6.401e-03 1.099 1.404 1.388 1.434
0.0065 -0.36842 8.57001 2.0886034966 2.5721257678    2.088  1.514  4.0204  4.277    1  0.000  0.537     0.00     0.00     0.00     0.00     0.00 -1    -1e-30      0.00 7.411e-01 2.525e-01 1.136e-03 3.103e-04 2.820e-03 -1.000 6.419e-03 0.985 1.316 1.298 1.351
0.0065 -0.36842 8.57001 2.1367044449 2.5739285752    2.135  1.561  4.0256  4.261    1  0.000  0.537     0.00     0.00     0.00     0.00     0.00 -1    -1e-30      0.00 7.411e-01 2.524e-01 1.136e-03 3.103e-04 2.820e-03 -1.000 6.426e-03 0.868 1.224 1.203 1.264
0.0065 -0.36842 8.57001 2.1848049164 2.5756403813    2.183  1.607  4.0304  4.244    1  0.000  0.537     0.00     0.00     0.00     0.00     0.00 -1    -1e-30      0.00 7.411e-01 2.525e-01 1.136e-03 3.104e-04 2.820e-03 -1.000 6.424e-03 0.753 1.132 1.109 1.176
0.0065 -0.36842 8.57001 2.1945436001 2.5759764746    2.193  1.616  4.0313  4.240    1  0.000  0.537     0.00     0.00     0.00     0.00     0.00 -1    -1e-30      0.00 7.411e-01 2.525e-01 1.136e-03 3.104e-04 2.820e-03 -1.000 6.423e-03 0.729 1.113 1.090 1.158
0.0065 -0.36842 8.57001 2.2329053879 2.5772676511    2.231  1.653  4.0347  4.224    1  0.000  0.537     0.00     0.00     0.00     0.00     0.00 -1    -1e-30      0.00 7.411e-01 2.525e-01 1.136e-03 3.104e-04 2.820e-03 -1.000 6.403e-03 0.637 1.038 1.013 1.085
0.0065 -0.36842 8.57001 2.2553384304 2.5779993372    2.254  1.675  4.0365  4.214    1  0.000  0.537     0.00     0.00     0.00     0.00     0.00 -1    -1e-30      0.00 7.411e-01 2.525e-01 1.136e-03 3.104e-04 2.820e-03 -1.000 6.417e-03 0.583 0.993 0.968 1.042
0.0065 -0.36842 8.57001 2.2810058594 2.5788162485    2.280  1.699  4.0385  4.202    1  0.000  0.537     0.00     0.00     0.00     0.00     0.00 -1    -1e-30      0.00 7.411e-01 2.525e-01 1.136e-03 3.104e-04 2.820e-03 -1.000 6.429e-03 0.521 0.941 0.914 0.991
0.0065 -0.36842 8.57001 2.2913842201 2.5791405887    2.290  1.709  4.0392  4.197    1  0.000  0.537     0.00     0.00     0.00     0.00     0.00 -1    -1e-30      0.00 7.411e-01 2.525e-01 1.136e-03 3.104e-04 2.820e-03 -1.000 6.423e-03 0.497 0.920 0.893 0.970
0.0065 -0.36842 8.57001 2.3291068077 2.5802915325    2.328  1.746  4.0416  4.178    1  0.000  0.537     0.00     0.00     0.00     0.00     0.00 -1    -1e-30      0.00 7.411e-01 2.525e-01 1.136e-03 3.104e-04 2.821e-03 -1.000 6.406e-03 0.406 0.841 0.813 0.894
0.0065 -0.36842 8.57001 2.3550517559 2.5810585685    2.354  1.770  4.0432  4.164    1  0.000  0.537     0.00     0.00     0.00     0.00     0.00 -1    -1e-30      0.00 7.410e-01 2.526e-01 1.136e-03 3.105e-04 2.821e-03 -1.000 6.414e-03 0.344 0.787 0.758 0.841
0.0065 -0.36842 8.57001 2.3772072792 2.5816983552    2.376  1.792  4.0443  4.152    1  0.000  0.537     0.00     0.00     0.00     0.00     0.00 -1    -1e-30      0.00 7.410e-01 2.526e-01 1.136e-03 3.105e-04 2.821e-03 -1.000 6.414e-03 0.291 0.740 0.711 0.794
0.0065 -0.36842 8.57001 2.3869147301 2.5819743784    2.386  1.801  4.0449  4.146    1  0.000  0.537     0.00     0.00     0.00     0.00     0.00 -1    -1e-30      0.00 7.407e-01 2.529e-01 1.137e-03 3.108e-04 2.824e-03 -1.000 6.419e-03 0.268 0.720 0.691 0.775
0.0065 -0.36842 8.57001 2.4328310490 2.5832457139    2.432  1.844  4.0469  4.120    1  0.000  0.537     0.00     0.00     0.00     0.00     0.00 -1    -1e-30      0.00 7.393e-01 2.543e-01 1.143e-03 3.121e-04 2.835e-03 -1.000 6.435e-03 0.161 0.623 0.592 0.679
0.0065 -0.36842 8.57001 2.4884724617 2.5847142437    2.487  1.896  4.0481  4.082    1  0.000  0.537     0.00     0.00     0.00     0.00     0.00 -1    -1e-30      0.00 7.375e-01 2.560e-01 1.149e-03 3.138e-04 2.851e-03 -1.000 6.474e-03 0.029 0.497 0.466 0.554
0.0065 -0.36842 8.57001 2.5385913849 2.5859738417    2.537  1.944  4.0482  4.043    1  0.000  0.537     0.00     0.00     0.00     0.00     0.00 -1    -1e-30      0.00 7.358e-01 2.577e-01 1.155e-03 3.155e-04 2.866e-03 -1.000 6.505e-03 -0.090 0.378 0.346 0.435
0.0065 -0.36842 8.57001 2.5696098804 2.5867251589    2.568  1.974  4.0476  4.017    1  0.000  0.538     0.00     0.00     0.00     0.00     0.00 -1    -1e-30      0.00 7.346e-01 2.588e-01 1.159e-03 3.165e-04 2.876e-03 -1.000 6.528e-03 -0.164 0.301 0.269 0.358
0.0065 -0.36842 8.57001 2.6019632816 2.5874869011    2.601  2.005  4.0463  3.986    1  0.000  0.538     0.00     0.00     0.00     0.00     0.00 -1    -1e-30      0.00 7.344e-01 2.590e-01 1.160e-03 3.167e-04 2.877e-03 -1.000 6.538e-03 -0.242 0.216 0.185 0.272
0.0065 -0.36842 8.57001 2.6440949440 2.5884468025    2.643  2.046  4.0431  3.939    1  0.000  0.538     0.00     0.00     0.00     0.00     0.00 -1    -1e-30      0.00 7.342e-01 2.593e-01 1.161e-03 3.169e-04 2.879e-03 -1.000 6.544e-03 -0.345 0.096 0.066 0.150
0.0065 -0.36842 8.57001 2.6817750931 2.5892759667    2.681  2.083  4.0388  3.891    1  0.000  0.538     0.00     0.00     0.00     0.00     0.00 -1    -1e-30      0.00 7.339e-01 2.596e-01 1.162e-03 3.172e-04 2.881e-03 -1.000 6.544e-03 -0.437 -0.019 -0.047 0.032
0.0065 -0.36842 8.57001 2.7230365276 2.5901537348    2.722  2.124  4.0320  3.829    1  0.000  0.538     0.00     0.00     0.00     0.00     0.00 -1    -1e-30      0.00 7.336e-01 2.598e-01 1.163e-03 3.174e-04 2.884e-03 -1.000 6.551e-03 -0.539 -0.155 -0.181 -0.108
0.0065 -0.36842 8.57001 2.7546129227 2.5908050824    2.754  2.155  4.0248  3.774    1  0.000  0.538     0.00     0.00     0.00     0.00     0.00 -1    -1e-30      0.00 7.334e-01 2.601e-01 1.164e-03 3.176e-04 2.885e-03 -1.000 6.556e-03 -0.618 -0.270 -0.293 -0.229
0.0065 -0.36842 8.57001 2.7620122433 2.5909552383    2.761  2.163  4.0228  3.760    1  0.000  0.538     0.00     0.00     0.00     0.00     0.00 -1    -1e-30      0.00 7.333e-01 2.601e-01 1.164e-03 3.177e-04 2.886e-03 -1.000 6.556e-03 -0.637 -0.298 -0.321 -0.258
0.0065 -0.36842 8.57001 2.7904534340 2.5915238862    2.790  2.191  4.0144  3.702    1  0.000  0.538     0.00     0.00     0.00     0.00     0.00 -1    -1e-30      0.00 7.333e-01 2.601e-01 1.164e-03 3.177e-04 2.886e-03 -1.000 6.556e-03 -0.707 -0.410 -0.429 -0.376
0.0065 -0.36842 8.57001 2.8151841164 2.5920076217    2.814  2.216  4.0060  3.647    1  0.000  0.538     0.00     0.00     0.00     0.00     0.00 -1    -1e-30      0.00 7.333e-01 2.601e-01 1.164e-03 3.177e-04 2.886e-03 -1.000 6.557e-03 -0.771 -0.514 -0.530 -0.487
0.0065 -0.36842 8.57001 2.8352823257 2.5923936056    2.834  2.239  3.9989  3.599    1  0.000  0.538     0.00     0.00     0.00     0.00     0.00 -1    -1e-30      0.00 7.333e-01 2.601e-01 1.164e-03 3.177e-04 2.886e-03 -1.000 6.556e-03 -0.828 -0.605 -0.618 -0.583
0.0065 -0.36842 8.57001 2.8488109112 2.5926498967    2.848  2.257  3.9962  3.572    1  0.000  0.538     0.00     0.00     0.00     0.00     0.00 -1    -1e-30      0.00 7.333e-01 2.601e-01 1.164e-03 3.177e-04 2.886e-03 -1.000 6.556e-03 -0.873 -0.662 -0.674 -0.642
0.0065 -0.36842 8.57001 2.8591542244 2.5928439643    2.858  2.283  4.0060  3.587    1  0.000  0.538     0.00     0.00     0.00     0.00     0.00 -1    -1e-30      0.00 7.333e-01 2.601e-01 1.164e-03 3.177e-04 2.886e-03 -1.000 6.556e-03 -0.938 -0.681 -0.697 -0.654
0.0065 -0.36842 8.57001 2.8627505302 2.5929110627    2.862  2.300  4.0163  3.612    1  0.000  0.538     0.00     0.00     0.00     0.00     0.00 -1    -1e-30      0.00 7.333e-01 2.601e-01 1.164e-03 3.177e-04 2.886e-03 -1.000 6.556e-03 -0.980 -0.674 -0.695 -0.639
0.0065 -0.36842 8.57001 2.8641955853 2.5929379694    2.863  2.317  4.0279  3.642    1  0.000  0.538     0.00     0.00     0.00     0.00     0.00 -1    -1e-30      0.00 7.333e-01 2.601e-01 1.164e-03 3.177e-04 2.886e-03 -1.000 6.556e-03 -1.022 -0.660 -0.685 -0.616
0.0065 -0.36842 8.57001 2.8648777008 2.5929506594    2.864  2.334  4.0385  3.667    1  0.000  0.538     0.00     0.00     0.00     0.00     0.00 -1    -1e-30      0.00 7.333e-01 2.601e-01 1.164e-03 3.177e-04 2.886e-03 -1.000 6.556e-03 -1.064 -0.649 -0.678 -0.598
0.0065 -0.36842 8.57001 2.8652248383 2.5929571149    2.864  2.350  4.0475  3.686    1  0.000  0.538     0.00     0.00     0.00     0.00     0.00 -1    -1e-30      0.00 7.333e-01 2.601e-01 1.164e-03 3.177e-04 2.886e-03 -1.000 6.556e-03 -1.106 -0.646 -0.678 -0.589
0.0065 -0.36842 8.57001 2.8654651642 2.5929615830    2.865  2.367  4.0555  3.702    1  0.000  0.538     0.00     0.00     0.00     0.00     0.00 -1    -1e-30      0.00 7.333e-01 2.601e-01 1.164e-03 3.177e-04 2.886e-03 -1.000 6.556e-03 -1.146 -0.645 -0.680 -0.583
0.0065 -0.36842 8.57001 2.8655998707 2.5929640871    2.865  2.374  4.0595  3.711    1  0.000  0.538     0.00     0.00     0.00     0.00     0.00 -1    -1e-30      0.00 7.333e-01 2.601e-01 1.164e-03 3.177e-04 2.886e-03 -1.000 6.556e-03 -1.164 -0.642 -0.678 -0.577
0.0065 -0.36842 8.57001 2.8657064438 2.5929660680    2.865  2.349  4.0533  3.711    2  0.000  0.538     0.00     0.00     0.00     0.00     0.00 -1    -1e-30      0.00 7.333e-01 2.601e-01 1.164e-03 3.177e-04 2.886e-03 -1.000 6.556e-03 -1.102 -0.612 -0.646 -0.551
0.0065 -0.36842 8.57001 2.8657960892 2.5929677341    2.865  2.326  4.0447  3.700    2  0.000  0.538     0.00     0.00     0.00     0.00     0.00 -1    -1e-30      0.00 7.333e-01 2.601e-01 1.164e-03 3.177e-04 2.886e-03 -1.000 6.556e-03 -1.046 -0.600 -0.631 -0.544
0.0065 -0.36842 8.57001 2.8659017086 2.5929696970    2.865  2.314  4.0329  3.664    2  0.000  0.538     0.00     0.00     0.00     0.00     0.00 -1    -1e-30      0.00 7.333e-01 2.601e-01 1.164e-03 3.177e-04 2.886e-03 -1.000 6.556e-03 -1.016 -0.629 -0.656 -0.582
0.0065 -0.36842 8.57001 2.8660156727 2.5929718147    2.865  2.320  4.0216  3.613    2  0.000  0.538     0.00     0.00     0.00     0.00     0.00 -1    -1e-30      0.00 7.333e-01 2.601e-01 1.164e-03 3.177e-04 2.886e-03 -1.000 6.556e-03 -1.030 -0.700 -0.722 -0.660
0.0065 -0.36842 8.57001 2.8661501408 2.5929743133    2.865  2.334  4.0101  3.554    2  0.000  0.538     0.00     0.00     0.00     0.00     0.00 -1    -1e-30      0.00 7.333e-01 2.601e-01 1.164e-03 3.177e-04 2.886e-03 -1.000 6.556e-03 -1.065 -0.790 -0.808 -0.758
0.0065 -0.36842 8.57001 2.8663022518 2.5929771393    2.865  2.346  3.9985  3.495    2  0.000  0.538     0.00     0.00     0.00     0.00     0.00 -1    -1e-30      0.00 7.333e-01 2.601e-01 1.164e-03 3.177e-04 2.886e-03 -1.000 6.556e-03 -1.096 -0.874 -0.888 -0.852
0.0065 -0.36842 8.57001 2.8664681911 2.5929802218    2.866  2.354  3.9869  3.441    2  0.000  0.538     0.00     0.00     0.00     0.00     0.00 -1    -1e-30      0.00 7.333e-01 2.601e-01 1.164e-03 3.177e-04 2.886e-03 -1.000 6.556e-03 -1.116 -0.947 -0.955 -0.935
0.0065 -0.36842 8.57001 2.8666458130 2.5929835210    2.866  2.359  3.9753  3.389    2  0.000  0.538     0.00     0.00     0.00     0.00     0.00 -1    -1e-30      0.00 7.333e-01 2.601e-01 1.164e-03 3.177e-04 2.886e-03 -1.000 6.556e-03 -1.129 -1.009 -1.011 -1.009
0.0065 -0.36842 8.57001 2.8668324947 2.5929869878    2.866  2.362  3.9637  3.340    2  0.000  0.538     0.00     0.00     0.00     0.00     0.00 -1    -1e-30      0.00 7.333e-01 2.601e-01 1.164e-03 3.177e-04 2.886e-03 -1.000 6.556e-03 -1.135 -1.063 -1.058 -1.076
0.0065 -0.36842 8.57001 2.8670251369 2.5929905649    2.866  2.363  3.9520  3.292    2  0.000  0.538     0.00     0.00     0.00     0.00     0.00 -1    -1e-30      0.00 7.333e-01 2.601e-01 1.164e-03 3.177e-04 2.886e-03 -1.000 6.556e-03 -1.137 -1.109 -1.097 -1.138
0.0065 -0.36842 8.57001 2.8672196865 2.5929941767    2.866  2.362  3.9403  3.246    2  0.000  0.538     0.00     0.00     0.00     0.00     0.00 -1    -1e-30      0.00 7.333e-01 2.601e-01 1.164e-03 3.177e-04 2.886e-03 -1.000 6.556e-03 -1.136 -1.148 -1.127 -1.193
0.0065 -0.36842 8.57001 2.8674130440 2.5929977659    2.867  2.361  3.9285  3.201    2  0.000  0.538     0.00     0.00     0.00     0.00     0.00 -1    -1e-30      0.00 7.333e-01 2.601e-01 1.164e-03 3.177e-04 2.886e-03 -1.000 6.556e-03 -1.132 -1.178 -1.147 -1.243
0.0065 -0.36842 8.57001 2.8676021099 2.5930012749    2.867  2.358  3.9167  3.156    2  0.000  0.538     0.00     0.00     0.00     0.00     0.00 -1    -1e-30      0.00 7.333e-01 2.601e-01 1.164e-03 3.177e-04 2.886e-03 -1.000 6.556e-03 -1.125 -1.198 -1.155 -1.286
0.0065 -0.36842 8.57001 2.8677849770 2.5930046684    2.867  2.354  3.9048  3.112    2  0.000  0.538     0.00     0.00     0.00     0.00     0.00 -1    -1e-30      0.00 7.333e-01 2.601e-01 1.164e-03 3.177e-04 2.886e-03 -1.000 6.556e-03 -1.116 -1.211 -1.154 -1.324
0.0065 -0.36842 8.57001 2.8679599762 2.5930079153    2.867  2.350  3.8930  3.069    2  0.000  0.538     0.00     0.00     0.00     0.00     0.00 -1    -1e-30      0.00 7.333e-01 2.601e-01 1.164e-03 3.177e-04 2.886e-03 -1.000 6.556e-03 -1.105 -1.217 -1.144 -1.358
0.0065 -0.36842 8.57001 2.8681263924 2.5930110026    2.867  2.345  3.8811  3.027    2  0.000  0.538     0.00     0.00     0.00     0.00     0.00 -1    -1e-30      0.00 7.333e-01 2.601e-01 1.164e-03 3.177e-04 2.886e-03 -1.000 6.556e-03 -1.093 -1.216 -1.126 -1.389
0.0065 -0.36842 8.57001 2.8682835102 2.5930139170    2.867  2.339  3.8692  2.985    2  0.000  0.538     0.00     0.00     0.00     0.00     0.00 -1    -1e-30      0.00 7.333e-01 2.601e-01 1.164e-03 3.177e-04 2.886e-03 -1.000 6.556e-03 -1.079 -1.210 -1.101 -1.415
0.0065 -0.36842 8.57001 2.8684315681 2.5930166631    2.868  2.333  3.8573  2.943    2  0.000  0.538     0.00     0.00     0.00     0.00     0.00 -1    -1e-30      0.00 7.333e-01 2.601e-01 1.164e-03 3.177e-04 2.886e-03 -1.000 6.556e-03 -1.063 -1.200 -1.071 -1.437
0.0065 -0.36842 8.57001 2.8685705662 2.5930192408    2.868  2.327  3.8454  2.903    2  0.000  0.538     0.00     0.00     0.00     0.00     0.00 -1    -1e-30      0.00 7.333e-01 2.601e-01 1.164e-03 3.177e-04 2.886e-03 -1.000 6.556e-03 -1.046 -1.185 -1.036 -1.453
0.0065 -0.36842 8.57001 2.8687014580 2.5930216679    2.868  2.319  3.8335  2.862    2  0.000  0.538     0.00     0.00     0.00     0.00     0.00 -1    -1e-30      0.00 7.333e-01 2.601e-01 1.164e-03 3.177e-04 2.886e-03 -1.000 6.556e-03 -1.028 -1.168 -0.998 -1.467
0.0065 -0.36842 8.57001 2.8688244820 2.5930239489    2.868  2.312  3.8217  2.823    2  0.000  0.538     0.00     0.00     0.00     0.00     0.00 -1    -1e-30      0.00 7.333e-01 2.601e-01 1.164e-03 3.177e-04 2.886e-03 -1.000 6.556e-03 -1.009 -1.147 -0.957 -1.476
0.0065 -0.36842 8.57001 2.8689405918 2.5930261014    2.868  2.303  3.8100  2.784    2  0.000  0.538     0.00     0.00     0.00     0.00     0.00 -1    -1e-30      0.00 7.333e-01 2.601e-01 1.164e-03 3.177e-04 2.886e-03 -1.000 6.556e-03 -0.989 -1.124 -0.913 -1.483
0.0065 -0.36842 8.57001 2.8690512180 2.5930281522    2.868  2.295  3.7986  2.748    2  0.000  0.538     0.00     0.00     0.00     0.00     0.00 -1    -1e-30      0.00 7.333e-01 2.601e-01 1.164e-03 3.177e-04 2.886e-03 -1.000 6.556e-03 -0.966 -1.098 -0.864 -1.486
0.0065 -0.36842 8.57001 2.8691632748 2.5930302292    2.868  2.285  3.7873  2.712    2  0.000  0.538     0.00     0.00     0.00     0.00     0.00 -1    -1e-30      0.00 7.333e-01 2.601e-01 1.164e-03 3.177e-04 2.886e-03 -1.000 6.556e-03 -0.941 -1.067 -0.811 -1.483
0.0065 -0.36842 8.57001 2.8692870140 2.5930325226    2.868  2.272  3.7759  2.679    2  0.000  0.538     0.00     0.00     0.00     0.00     0.00 -1    -1e-30      0.00 7.333e-01 2.601e-01 1.164e-03 3.177e-04 2.886e-03 -1.000 6.556e-03 -0.909 -1.027 -0.747 -1.471
0.0065 -0.36842 8.57001 2.8694386482 2.5930353327    2.869  2.253  3.7643  2.652    2  0.000  0.538     0.00     0.00     0.00     0.00     0.00 -1    -1e-30      0.00 7.333e-01 2.601e-01 1.164e-03 3.177e-04 2.886e-03 -1.000 6.556e-03 -0.863 -0.970 -0.666 -1.443
0.0065 -0.36842 8.57001 2.8695867062 2.5930380762    2.869  2.232  3.7554  2.637    2  0.000  0.538     0.00     0.00     0.00     0.00     0.00 -1    -1e-30      0.00 7.333e-01 2.601e-01 1.164e-03 3.177e-04 2.886e-03 -1.000 6.556e-03 -0.811 -0.907 -0.585 -1.401
0.0065 -0.36842 8.57001 2.8697519302 2.5930411374    2.869  2.206  3.7467  2.629    2  0.000  0.538     0.00     0.00     0.00     0.00     0.00 -1    -1e-30      0.00 7.333e-01 2.601e-01 1.164e-03 3.177e-04 2.886e-03 -1.000 6.556e-03 -0.744 -0.829 -0.489 -1.342
0.0065 -0.36842 8.57001 2.8699169159 2.5930441938    2.869  2.177  3.7391  2.628    2  0.000  0.538     0.00     0.00     0.00     0.00     0.00 -1    -1e-30      0.00 7.333e-01 2.601e-01 1.164e-03 3.177e-04 2.886e-03 -1.000 6.556e-03 -0.671 -0.745 -0.390 -1.274
0.0065 -0.36842 8.57001 2.8700842857 2.5930472939    2.869  2.149  3.7318  2.626    2  0.000  0.538     0.00     0.00     0.00     0.00     0.00 -1    -1e-30      0.00 7.333e-01 2.601e-01 1.164e-03 3.177e-04 2.886e-03 -1.000 6.556e-03 -0.603 -0.666 -0.295 -1.211
0.0065 -0.36842 8.57001 2.8702836037 2.5930509852    2.869  2.129  3.7233  2.613    2  0.000  0.538     0.00     0.00     0.00     0.00     0.00 -1    -1e-30      0.00 7.333e-01 2.601e-01 1.164e-03 3.177e-04 2.886e-03 -1.000 6.556e-03 -0.551 -0.600 -0.211 -1.164
0.0065 -0.36842 8.57001 2.8703546524 2.5930523009    2.869  2.124  3.7204  2.605    2  0.000  0.538     0.00     0.00     0.00     0.00     0.00 -1    -1e-30      0.00 7.333e-01 2.601e-01 1.164e-03 3.177e-04 2.886e-03 -1.000 6.556e-03 -0.540 -0.584 -0.188 -1.155
0.0065 -0.36842 8.57001 2.8705618382 2.5930561371    2.870  2.144  3.7125  2.554    3  0.000  0.538     0.00     0.00     0.00     0.00     0.00 -1    -1e-30      0.00 7.333e-01 2.602e-01 1.164e-03 3.177e-04 2.886e-03 -1.000 6.557e-03 -0.591 -0.619 -0.206 -1.207
0.0065 -0.36842 8.57001 2.8707408905 2.5930594519    2.870  2.174  3.7064  2.499    3  0.000  0.537     0.00     0.00     0.00     0.00     0.00 -1    -1e-30      0.00 7.332e-01 2.602e-01 1.162e-03 3.181e-04 2.886e-03 -1.000 6.556e-03 -0.666 -0.681 -0.254 -1.282
0.0065 -0.36842 8.57001 2.8709194660 2.5930627573    2.870  2.211  3.7013  2.442    3  0.000  0.533     0.00     0.00     0.00     0.00     0.00 -1    -1e-30      0.00 7.331e-01 2.604e-01 1.154e-03 3.220e-04 2.886e-03 -1.000 6.556e-03 -0.758 -0.763 -0.323 -1.375
0.0065 -0.36842 8.57001 2.8711369038 2.5930667815    2.870  2.251  3.6969  2.385    3  0.000  0.513     0.00     0.00     0.00     0.00     0.00 -1    -1e-30      0.00 7.329e-01 2.606e-01 1.110e-03 3.565e-04 2.886e-03 -1.000 6.557e-03 -0.856 -0.851 -0.399 -1.474
0.0065 -0.36842 8.57001 2.8714413643 2.5930724151    2.871  2.296  3.6921  2.320    3  0.000  0.467     0.00     0.00     0.00     0.00     0.00 -1    -1e-30      0.00 7.325e-01 2.609e-01 1.010e-03 4.678e-04 2.886e-03 -1.000 6.580e-03 -0.970 -0.953 -0.489 -1.587
0.0065 -0.36842 8.57001 2.8717453480 2.5930780385    2.871  2.337  3.6881  2.264    3  0.000  0.426     0.00     0.00     0.00     0.00     0.00 -1    -1e-30      0.00 7.322e-01 2.612e-01 9.227e-04 5.732e-04 2.886e-03 -1.000 6.608e-03 -1.072 -1.045 -0.570 -1.688
0.0065 -0.36842 8.57001 2.8718321323 2.5930796437    2.871  2.348  3.6871  2.248    3  0.000  0.416     0.00     0.00     0.00     0.00     0.00 -1    -1e-30      0.00 7.321e-01 2.613e-01 9.013e-04 5.996e-04 2.886e-03 -1.000 6.629e-03 -1.101 -1.070 -0.592 -1.716
0.0065 -0.36842 8.57001 2.8719267845 2.5930813942    2.871  2.361  3.6859  2.231    3  0.000  0.408     0.00     0.00     0.00     0.00     0.00 -1    -1e-30      0.00 7.320e-01 2.614e-01 8.823e-04 6.230e-04 2.886e-03 -1.000 6.603e-03 -1.131 -1.098 -0.617 -1.746
0.0065 -0.36842 8.57001 2.8719739914 2.5930822672    2.871  2.367  3.6854  2.223    3  0.000  0.404     0.00     0.00     0.00     0.00     0.00 -1    -1e-30      0.00 7.319e-01 2.615e-01 8.728e-04 6.347e-04 2.886e-03 -1.000 6.573e-03 -1.147 -1.111 -0.629 -1.762
0.0065 -0.36842 8.57001 2.8720655441 2.5930839603    2.871  2.379  3.6843  2.207    3  0.000  0.397     0.00     0.00     0.00     0.00     0.00 -1    -1e-30      0.00 7.318e-01 2.616e-01 8.587e-04 6.520e-04 2.886e-03 -1.000 6.593e-03 -1.177 -1.138 -0.653 -1.791
0.0065 -0.36842 8.57001 2.8723869324 2.5930899026    2.871  2.421  3.6807  2.150    3  0.000  0.378     0.00     0.00     0.00     0.00     0.00 -1    -1e-30      0.00 7.314e-01 2.620e-01 8.178e-04 7.031e-04 2.884e-03 -1.000 6.625e-03 -1.282 -1.233 -0.737 -1.894
0.0065 -0.36842 8.57001 2.8727536201 2.5930966807    2.872  2.469  3.6766  2.086    3  0.000  0.365     0.00     0.00     0.00     0.00     0.00 -1    -1e-30      0.00 7.303e-01 2.631e-01 7.831e-04 7.670e-04 2.860e-03 -1.000 6.584e-03 -1.402 -1.341 -0.834 -2.012
0.0065 -0.36842 8.57001 2.8730742931 2.5931026065    2.872  2.511  3.6732  2.030    3  0.000  0.361     3.76     2.85     2.14     1.56     1.28  4    -1e-30      0.00 7.279e-01 2.655e-01 7.608e-04 8.391e-04 2.808e-03 -1.000 6.594e-03 -1.508 -1.436 -0.919 -2.116
0.0065 -0.36842 8.57001 2.8733949661 2.5931085308    2.873  2.554  3.6698  1.974    3  0.000  0.360     4.20     3.15     2.36     1.72     1.41  4    -1e-30      0.00 7.238e-01 2.696e-01 7.421e-04 9.177e-04 2.745e-03 -1.000 6.643e-03 -1.614 -1.532 -1.005 -2.220
0.0065 -0.36842 8.57001 2.8737614155 2.5931152990    2.873  2.603  3.6661  1.910    3  0.000  0.360     4.76     3.53     2.63     1.93     1.57  4    -1e-30      0.00 7.182e-01 2.752e-01 7.249e-04 9.933e-04 2.683e-03 -1.000 6.599e-03 -1.736 -1.642 -1.102 -2.339
0.0065 -0.36842 8.57001 2.8740813732 2.5931212068    2.873  2.645  3.6628  1.854    3  0.000  0.360     5.32     3.91     2.90     2.13     1.74  4    -1e-30      0.00 7.134e-01 2.800e-01 7.132e-04 1.044e-03 2.641e-03 -1.000 6.606e-03 -1.844 -1.738 -1.188 -2.443
0.0065 -0.36842 8.57001 2.8744473457 2.5931279625    2.874  2.695  3.6589  1.789    3  0.000  0.360     6.05     4.40     3.25     2.39     1.95  4    -1e-30      0.00 7.085e-01 2.849e-01 7.032e-04 1.089e-03 2.605e-03 -1.000 6.590e-03 -1.968 -1.849 -1.287 -2.563
0.0065 -0.36842 8.57001 2.8748128414 2.5931347074    2.874  2.745  3.6550  1.723    3  0.000  0.359     6.90     4.95     3.64     2.68     2.19  4    -1e-30      0.00 7.047e-01 2.887e-01 6.962e-04 1.119e-03 2.580e-03 -1.000 6.603e-03 -2.093 -1.958 -1.383 -2.682
0.0065 -0.36842 8.57001 2.8751771450 2.5931414283    2.874  2.782  3.6521  1.675    3  0.000  0.359     7.59     5.41     3.95     2.91     2.38  4    -1e-30      0.00 7.020e-01 2.914e-01 6.915e-04 1.140e-03 2.563e-03 -1.000 6.587e-03 -2.185 -2.039 -1.455 -2.770
0.0065 -0.36842 8.57001 2.8752419949 2.5931426245    2.874  2.787  3.6517  1.669    3  0.000  0.359     7.68     5.46     3.99     2.94     2.41  4    -1e-30      0.00 7.017e-01 2.918e-01 6.909e-04 1.143e-03 2.561e-03 -1.000 6.584e-03 -2.197 -2.049 -1.464 -2.780
0.0065 -0.36842 8.57001 2.8754584789 2.5931466172    2.875  2.779  3.6523  1.679    3  0.000  0.359     7.53     5.37     3.93     2.89     2.36  4    -1e-30      0.00 7.017e-01 2.918e-01 6.909e-04 1.143e-03 2.561e-03 -1.000 6.586e-03 -2.178 -2.033 -1.450 -2.763
0.0065 -0.36842 8.57001 2.8764033318 2.5931640354    2.876  2.752  3.6548  1.716    3  0.000  0.359     6.99     5.02     3.68     2.71     2.21  4    -1e-30      0.00 7.017e-01 2.918e-01 6.909e-04 1.143e-03 2.561e-03 -1.000 6.583e-03 -2.109 -1.974 -1.399 -2.698
0.0065 -0.36842 8.57001 2.8778123856 2.5931899866    2.877  2.718  3.6576  1.761    4  0.000  0.359     0.00     0.00     0.00     0.00     0.00 -1    -1e-30      0.00 7.017e-01 2.918e-01 6.909e-04 1.143e-03 2.561e-03 -1.000 6.575e-03 -2.026 -1.902 -1.336 -2.620
0.0065 -0.36842 8.57001 2.8791458607 2.5932145190    2.878  2.687  3.6603  1.803    4  0.000  0.359     0.00     0.00     0.00     0.00     0.00 -1    -1e-30      0.00 7.017e-01 2.918e-01 6.909e-04 1.143e-03 2.561e-03 -1.000 6.574e-03 -1.948 -1.835 -1.277 -2.546
0.0065 -0.36842 8.57001 2.8802461624 2.5932347419    2.879  2.659  3.6628  1.841    4  0.000  0.359     0.00     0.00     0.00     0.00     0.00 -1    -1e-30      0.00 7.017e-01 2.917e-01 6.909e-04 1.143e-03 2.561e-03 -1.000 6.574e-03 -1.877 -1.772 -1.222 -2.477
0.0065 -0.36842 8.57001 2.8813786507 2.5932555379    2.880  2.626  3.6655  1.885    4  0.000  0.359     0.00     0.00     0.00     0.00     0.00 -1    -1e-30      0.00 7.017e-01 2.917e-01 6.910e-04 1.143e-03 2.561e-03 -1.000 6.574e-03 -1.795 -1.700 -1.158 -2.398
0.0065 -0.36842 8.57001 2.8824508190 2.5932752089    2.882  2.591  3.6685  1.933    4  0.000  0.359     0.00     0.00     0.00     0.00     0.00 -1    -1e-30      0.00 7.017e-01 2.917e-01 6.910e-04 1.143e-03 2.561e-03 -1.000 6.574e-03 -1.707 -1.621 -1.089 -2.313
0.0065 -0.36842 8.57001 2.8834867477 2.5932941990    2.883  2.555  3.6715  1.981    4  0.000  0.359     0.00     0.00     0.00     0.00     0.00 -1    -1e-30      0.00 7.017e-01 2.917e-01 6.910e-04 1.143e-03 2.561e-03 -1.000 6.573e-03 -1.617 -1.540 -1.017 -2.224
0.0065 -0.36842 8.57001 2.8843772411 2.5933105105    2.884  2.522  3.6742  2.025    4  0.000  0.359     0.00     0.00     0.00     0.00     0.00 -1    -1e-30      0.00 7.017e-01 2.917e-01 6.910e-04 1.143e-03 2.561e-03 -1.000 6.573e-03 -1.535 -1.466 -0.951 -2.143
0.0065 -0.36842 8.57001 2.8853187561 2.5933277441    2.884  2.487  3.6771  2.071    4  0.000  0.359     0.00     0.00     0.00     0.00     0.00 -1    -1e-30      0.00 7.017e-01 2.917e-01 6.910e-04 1.143e-03 2.561e-03 -1.000 6.573e-03 -1.448 -1.388 -0.882 -2.058
0.0065 -0.36842 8.57001 2.8863389492 2.5933464031    2.885  2.450  3.6802  2.121    4  0.000  0.359     0.00     0.00     0.00     0.00     0.00 -1    -1e-30      0.00 7.017e-01 2.917e-01 6.910e-04 1.143e-03 2.561e-03 -1.000 6.573e-03 -1.356 -1.306 -0.809 -1.969
0.0065 -0.36842 8.57001 2.8874621391 2.5933669284    2.887  2.413  3.6835  2.171    4  0.000  0.359     0.00     0.00     0.00     0.00     0.00 -1    -1e-30      0.00 7.017e-01 2.917e-01 6.910e-04 1.143e-03 2.561e-03 -1.000 6.572e-03 -1.262 -1.221 -0.733 -1.876
0.0065 -0.36842 8.57001 2.8887579441 2.5933905853    2.888  2.374  3.6868  2.224    4  0.000  0.359     0.00     0.00     0.00     0.00     0.00 -1    -1e-30      0.00 7.017e-01 2.917e-01 6.910e-04 1.143e-03 2.561e-03 -1.000 6.572e-03 -1.166 -1.135 -0.656 -1.782
0.0065 -0.36842 8.57001 2.8903548717 2.5934197061    2.889  2.336  3.6905  2.277    4  0.000  0.360     0.00     0.00     0.00     0.00     0.00 -1    -1e-30      0.00 7.018e-01 2.917e-01 6.910e-04 1.143e-03 2.561e-03 -1.000 6.572e-03 -1.069 -1.049 -0.580 -1.687
0.0065 -0.36842 8.57001 2.8928973675 2.5934659936    2.892  2.292  3.6954  2.341    4  0.000  0.360     0.00     0.00     0.00     0.00     0.00 -1    -1e-30      0.00 7.018e-01 2.917e-01 6.911e-04 1.143e-03 2.561e-03 -1.000 6.571e-03 -0.960 -0.951 -0.495 -1.578
0.0065 -0.36842 8.57001 2.8971760273 2.5935436779    2.896  2.252  3.7017  2.406    4  0.000  0.360     0.00     0.00     0.00     0.00     0.00 -1    -1e-30      0.00 7.018e-01 2.916e-01 6.911e-04 1.143e-03 2.560e-03 -1.000 6.570e-03 -0.861 -0.867 -0.427 -1.479
0.0065 -0.36842 8.57001 2.9007062912 2.5936075758    2.900  2.238  3.7062  2.439    4  0.000  0.360     0.00     0.00     0.00     0.00     0.00 -1    -1e-30      0.00 7.018e-01 2.916e-01 6.911e-04 1.143e-03 2.560e-03 -1.000 6.569e-03 -0.824 -0.840 -0.411 -1.442
0.0065 -0.36842 8.57001 2.9041903019 2.5936704614    2.903  2.248  3.7097  2.443    5  0.000  0.360     0.00     0.00     0.00     0.00     0.00 -1    -1e-30      0.00 7.018e-01 2.916e-01 6.912e-04 1.143e-03 2.560e-03 -1.000 6.568e-03 -0.851 -0.875 -0.454 -1.469
0.0065 -0.36842 8.57001 2.9274747372 2.5940863244    2.927  2.318  3.7174  2.407    5  0.000  0.360     0.00     0.00     0.00     0.00     0.00 -1    -1e-30      0.00 7.020e-01 2.914e-01 6.914e-04 1.143e-03 2.560e-03 -1.000 6.563e-03 -1.026 -1.065 -0.662 -1.643
0.0065 -0.36842 8.57001 2.9540038109 2.5945509606    2.953  2.384  3.7195  2.354    5  0.000  0.360     0.00     0.00     0.00     0.00     0.00 -1    -1e-30      0.00 7.022e-01 2.913e-01 6.916e-04 1.143e-03 2.559e-03 -1.000 6.557e-03 -1.190 -1.234 -0.835 -1.808
0.0065 -0.36842 8.57001 2.9544148445 2.5945580841    2.953  2.385  3.7195  2.353    5  0.000  0.360     0.00     0.00     0.00     0.00     0.00 -1    -1e-30      0.00 7.022e-01 2.913e-01 6.916e-04 1.143e-03 2.559e-03 -1.000 6.556e-03 -1.192 -1.237 -0.837 -1.810
0.0065 -0.36842 8.57001 2.9588737488 2.5946352135    2.958  2.396  3.7198  2.344    5  0.000  0.360     0.00     0.00     0.00     0.00     0.00 -1    -1e-30      0.00 7.022e-01 2.912e-01 6.917e-04 1.143e-03 2.559e-03 -1.000 6.558e-03 -1.219 -1.264 -0.866 -1.837
0.0065 -0.36842 8.57001 2.9901483059 2.5951687698    2.989  2.465  3.7201  2.281    5  0.000  0.360     0.00     0.00     0.00     0.00     0.00 -1    -1e-30      0.00 7.024e-01 2.910e-01 6.920e-04 1.143e-03 2.559e-03 -1.000 6.565e-03 -1.393 -1.439 -1.041 -2.012
0.0065 -0.36842 8.57001 2.9917895794 2.5951964165    2.991  2.469  3.7201  2.277    5  0.000  0.360     0.00     0.00     0.00     0.00     0.00 -1    -1e-30      0.00 7.024e-01 2.910e-01 6.920e-04 1.143e-03 2.559e-03 -1.000 6.566e-03 -1.401 -1.448 -1.050 -2.021
0.0065 -0.36842 8.57001 3.0173273087 2.5956221389    3.016  2.495  3.7124  2.224    6  0.000  0.360     0.00     0.00     0.00     0.00     0.00 -1    -1e-30      0.00 7.026e-01 2.908e-01 6.922e-04 1.143e-03 2.559e-03 -1.000 6.572e-03 -1.468 -1.500 -1.084 -2.090
0.0065 -0.36842 8.57001 3.0265681744 2.5957741529    3.025  2.501  3.7081  2.202    6  0.000  0.360     0.00     0.00     0.00     0.00     0.00 -1    -1e-30      0.00 7.027e-01 2.907e-01 6.923e-04 1.143e-03 2.559e-03 -1.000 6.574e-03 -1.483 -1.506 -1.079 -2.105
0.0065 -0.36842 8.57001 3.0364487171 2.5959355133    3.035  2.496  3.6968  2.163    6  0.000  0.360     0.00     0.00     0.00     0.00     0.00 -1    -1e-30      0.00 7.027e-01 2.907e-01 6.924e-04 1.143e-03 2.558e-03 -1.000 6.576e-03 -1.470 -1.467 -1.012 -2.092
0.0065 -0.36842 8.57001 3.0395417213 2.5959857776    3.038  2.522  3.6869  2.098    6  0.000  0.361     0.00     0.00     0.00     0.00     0.00 -1    -1e-30      0.00 7.028e-01 2.907e-01 6.924e-04 1.143e-03 2.558e-03 -1.000 6.577e-03 -1.535 -1.505 -1.025 -2.153
0.0065 -0.36842 8.57001 3.0400331020 2.5959937522    3.039  2.551  3.6821  2.050    6  0.000  0.361     0.00     0.00     0.00     0.00     0.00 -1    -1e-30      0.00 7.028e-01 2.907e-01 6.924e-04 1.143e-03 2.558e-03 -1.000 6.577e-03 -1.607 -1.564 -1.071 -2.223
0.0065 -0.36842 8.57001 3.0401942730 2.5959963672    3.039  2.580  3.6785  2.007    6  0.000  0.361     0.00     0.00     0.00     0.00     0.00 -1    -1e-30      0.00 7.028e-01 2.907e-01 6.924e-04 1.143e-03 2.558e-03 -1.000 6.577e-03 -1.680 -1.625 -1.122 -2.293
0.0065 -0.36842 8.57001 3.0401947498 2.5959963749    3.039  2.580  3.6785  2.007    6  0.000  0.361     0.00     0.00     0.00     0.00     0.00 -1    -1e-30      0.00 7.028e-01 2.907e-01 6.924e-04 1.143e-03 2.558e-03 -1.000 6.577e-03 -1.680 -1.625 -1.122 -2.293
0.0065 -0.36842 8.57001 3.0402812958 2.5959977790    3.039  2.620  3.6743  1.949    7  0.000  0.361     4.35     3.34     2.50     1.82     1.49  4    -1e-30      0.00 7.028e-01 2.907e-01 6.924e-04 1.143e-03 2.558e-03 -1.000 6.577e-03 -1.781 -1.714 -1.198 -2.392
0.0065 -0.36842 8.57001 3.0403518677 2.5959989238    3.039  2.654  3.6711  1.904    7  0.000  0.361     4.77     3.63     2.70     1.98     1.61  4    -1e-30      0.00 7.028e-01 2.906e-01 6.924e-04 1.143e-03 2.558e-03 -1.000 6.577e-03 -1.864 -1.788 -1.262 -2.474
0.0065 -0.36842 8.57001 3.0406410694 2.5960036148    3.039  2.664  3.6703  1.889    7  0.000  0.361     4.91     3.72     2.77     2.03     1.65  4    -1e-30      0.00 7.028e-01 2.906e-01 6.924e-04 1.143e-03 2.558e-03 -1.000 6.577e-03 -1.891 -1.813 -1.285 -2.500
0.0065 -0.36842 8.57001 3.0420033932 2.5960256982    3.041  2.672  3.6693  1.878    7  0.000  0.361     5.01     3.79     2.82     2.07     1.69  4    -1e-30      0.00 7.028e-01 2.906e-01 6.924e-04 1.143e-03 2.558e-03 -1.000 6.578e-03 -1.910 -1.828 -1.297 -2.518
0.0065 -0.36842 8.57001 3.0425107479 2.5960339167    3.041  2.713  3.6654  1.821    7  0.000  0.361     5.62     4.21     3.12     2.28     1.87  4    -1e-30      0.00 7.028e-01 2.906e-01 6.925e-04 1.143e-03 2.558e-03 -1.000 6.578e-03 -2.014 -1.919 -1.375 -2.618
0.0065 -0.36842 8.57001 3.0429723263 2.5960413909    3.042  2.752  3.6619  1.768    7  0.000  0.361     6.25     4.63     3.42     2.51     2.05  4    -1e-30      0.00 7.028e-01 2.906e-01 6.925e-04 1.143e-03 2.558e-03 -1.000 6.578e-03 -2.111 -2.004 -1.450 -2.712
0.0065 -0.36842 8.57001 3.0435063839 2.5960500355    3.042  2.793  3.6582  1.713    7  0.000  0.361     6.97     5.11     3.76     2.76     2.25  4    -1e-30      0.00 7.028e-01 2.906e-01 6.925e-04 1.143e-03 2.558e-03 -1.000 6.578e-03 -2.212 -2.092 -1.526 -2.808
0.0065 -0.36842 8.57001 3.0440826416 2.5960593592    3.043  2.835  3.6545  1.656    7  0.000  0.361     7.81     5.67     4.14     3.05     2.49  4    -1e-30      0.00 7.028e-01 2.906e-01 6.925e-04 1.143e-03 2.558e-03 -1.000 6.578e-03 -2.318 -2.183 -1.606 -2.907
0.0065 -0.36842 8.57001 3.0446369648 2.5960683243    3.043  2.877  3.6508  1.599    7  0.000  0.361     8.75     6.29     4.57     3.37     2.76  4    -1e-30      0.00 7.028e-01 2.906e-01 6.925e-04 1.143e-03 2.558e-03 -1.000 6.578e-03 -2.423 -2.273 -1.685 -3.006
0.0065 -0.36842 8.57001 3.0451583862 2.5960767538    3.044  2.920  3.6471  1.542    7  0.000  0.360     9.80     6.97     5.05     3.73     3.05  4    -1e-30      0.00 7.028e-01 2.906e-01 6.924e-04 1.143e-03 2.558e-03 -1.000 6.578e-03 -2.529 -2.363 -1.763 -3.104
0.0065 -0.36842 8.57001 3.0456466675 2.5960846445    3.044  2.962  3.6434  1.485    7  0.000  0.360    11.00     7.73     5.57     4.12     3.37  4    -1e-30      0.00 7.028e-01 2.906e-01 6.919e-04 1.143e-03 2.558e-03 -1.000 6.578e-03 -2.636 -2.452 -1.841 -3.202
0.0065 -0.36842 8.57001 3.0460948944 2.5960918854    3.045  3.005  3.6392  1.425    7  0.000  0.360    12.39     8.61     6.18     4.58     3.74  4 -6.32e-28      0.00 7.028e-01 2.906e-01 6.907e-04 1.144e-03 2.558e-03 -1.000 6.605e-03 -2.743 -2.538 -1.911 -3.300
0.0065 -0.36842 8.57001 3.0465016365 2.5960984540    3.045  3.048  3.6351  1.366    7  0.000  0.359    13.93     9.58     6.84     5.07     4.15  4 -2.47e-25      0.00 7.028e-01 2.906e-01 6.887e-04 1.147e-03 2.558e-03 -1.000 6.630e-03 -2.850 -2.624 -1.982 -3.396
0.0065 -0.36842 8.57001 3.0468678474 2.5961043663    3.045  3.091  3.6314  1.309    7  0.000  0.357    15.62    10.63     7.55     5.61     4.59  4 -3.32e-25      0.00 7.028e-01 2.906e-01 6.864e-04 1.150e-03 2.558e-03 -1.000 6.631e-03 -2.956 -2.711 -2.055 -3.493
0.0065 -0.36842 8.57001 3.0471963882 2.5961096690    3.046  3.133  3.6275  1.251    7  0.000  0.356    17.54    11.80     8.35     6.21     5.08  4 -3.96e-23      0.00 7.028e-01 2.905e-01 6.843e-04 1.152e-03 2.558e-03 -1.000 6.640e-03 -3.062 -2.795 -2.124 -3.589
0.0065 -0.36842 8.57001 3.0474956036 2.5961144973    3.046  3.175  3.6231  1.191    7  0.000  0.355    19.76    13.15     9.25     6.90     5.65  4 -1.28e-16      0.00 7.028e-01 2.905e-01 6.825e-04 1.154e-03 2.558e-03 -1.000 6.672e-03 -3.168 -2.875 -2.186 -3.681
0.0065 -0.36842 8.57001 3.0477693081 2.5961189130    3.046  3.217  3.6191  1.133    7  0.000  0.355    22.18    14.60    10.23     7.63     6.25  4 -9.44e-13      0.00 7.028e-01 2.905e-01 6.809e-04 1.156e-03 2.558e-03 -1.000 6.702e-03 -3.272 -2.957 -2.252 -3.773
0.0065 -0.36842 8.57001 3.0480215549 2.5961229817    3.046  3.259  3.6152  1.076    7  0.000  0.354    24.89    16.20    11.30     8.44     6.92  4 -4.94e-09      0.00 7.028e-01 2.905e-01 6.796e-04 1.158e-03 2.558e-03 -1.000 6.718e-03 -3.377 -3.037 -2.315 -3.865
0.0065 -0.36842 8.57001 3.0482540131 2.5961267305    3.046  3.301  3.6116  1.019    7  0.000  0.353    27.84    17.94    12.45     9.32     7.64  4 -5.97e-09      0.00 7.028e-01 2.905e-01 6.784e-04 1.160e-03 2.558e-03 -1.000 6.715e-03 -3.482 -3.119 -2.381 -3.957
0.0065 -0.36842 8.57001 3.0484683514 2.5961301866    3.045  3.342  3.6080  0.963    7  0.000  0.353    31.15    19.86    13.72    10.29     8.43  4 -7.21e-09      0.00 7.028e-01 2.905e-01 6.774e-04 1.161e-03 2.557e-03 -1.000 6.706e-03 -3.586 -3.200 -2.444 -4.049
0.0065 -0.36842 8.57001 3.0486664772 2.5961333807    3.045  3.384  3.6043  0.907    7  0.000  0.352    34.87    21.99    15.12    11.36     9.31  4 -8.73e-09      0.00 7.028e-01 2.905e-01 6.765e-04 1.163e-03 2.556e-03 -1.000 6.714e-03 -3.690 -3.278 -2.504 -4.139
0.0065 -0.36842 8.57001 3.0488502979 2.5961363437    3.045  3.426  3.6005  0.850    7  0.000  0.352    39.06    24.37    16.68    12.55    10.29  4 -1.06e-08      0.00 7.028e-01 2.905e-01 6.757e-04 1.165e-03 2.555e-03 -1.000 6.744e-03 -3.795 -3.357 -2.564 -4.230
0.0065 -0.36842 8.57001 3.0490205288 2.5961390874    3.044  3.468  3.5968  0.793    7  0.000  0.352    43.74    27.00    18.39    13.86    11.37  4 -1.28e-08      0.00 7.027e-01 2.905e-01 6.750e-04 1.167e-03 2.554e-03 -1.000 6.756e-03 -3.899 -3.433 -2.619 -4.318
0.0065 -0.36842 8.57001 3.0491783619 2.5961416309    3.044  3.509  3.5930  0.736    7  0.000  0.352    48.99    29.92    20.29    15.31    12.56  3 -1.54e-08      0.00 7.027e-01 2.906e-01 6.743e-04 1.169e-03 2.552e-03 -1.000 6.750e-03 -4.003 -3.508 -2.672 -4.406
0.0065 -0.36842 8.57001 3.0493259430 2.5961440089    3.043  3.551  3.5891  0.679    7  0.000  0.352    54.90    33.18    22.39    16.92    13.88  3 -1.85e-08      0.00 7.026e-01 2.907e-01 6.738e-04 1.172e-03 2.550e-03 -1.000 6.726e-03 -4.107 -3.581 -2.722 -4.492
0.0065 -0.36842 8.57001 3.0494644642 2.5961462407    3.042  3.592  3.5852  0.622    7  0.000  0.352    61.55    36.79    24.72    18.70    15.35  3 -2.22e-08      0.00 7.025e-01 2.907e-01 6.733e-04 1.174e-03 2.548e-03 -1.000 6.714e-03 -4.210 -3.651 -2.766 -4.577
0.0065 -0.36842 8.57001 3.0495951176 2.5961483455    3.041  3.633  3.5811  0.564    7  0.000  0.352    69.06    40.84    27.30    20.69    16.99  3 -2.69e-08      0.00 7.024e-01 2.909e-01 6.728e-04 1.176e-03 2.547e-03 -1.000 6.734e-03 -4.314 -3.720 -2.809 -4.661
0.0065 -0.36842 8.57001 3.0497190952 2.5961503426    3.040  3.675  3.5770  0.506    7  0.000  0.352    77.56    45.36    30.19    22.91    18.82  3 -3.35e-08      0.00 7.023e-01 2.910e-01 6.724e-04 1.177e-03 2.545e-03 -1.000 6.737e-03 -4.417 -3.784 -2.841 -4.741
0.0065 -0.36842 8.57001 3.0498375893 2.5961522512    3.039  3.716  3.5728  0.448    7  0.000  0.352    87.15    50.41    33.39    25.38    20.85  3 -4.33e-08      0.00 7.021e-01 2.912e-01 6.721e-04 1.179e-03 2.544e-03 -1.000 6.721e-03 -4.521 -3.845 -2.865 -4.821
0.0065 -0.36842 8.57001 3.0499515533 2.5961540866    3.037  3.758  3.5685  0.389    7  0.000  0.352    98.02    56.07    36.96    28.14    23.13  2 -5.68e-08      0.00 7.019e-01 2.914e-01 6.717e-04 1.181e-03 2.543e-03 -1.000 6.711e-03 -4.625 -3.902 -2.881 -4.898
0.0065 -0.36842 8.57001 3.0500636101 2.5961558912    3.035  3.800  3.5640  0.328    7  0.000  0.352   110.54    62.52    41.01    31.28    25.71  2 -7.72e-08      0.00 7.016e-01 2.917e-01 6.713e-04 1.183e-03 2.541e-03 -1.000 6.739e-03 -4.730 -3.952 -2.880 -4.971
0.0065 -0.36842 8.57001 3.0501737595 2.5961576649    3.031  3.842  3.5593  0.267    7  0.000  0.352   124.90    69.84    45.58    34.82    28.63  2 -1.12e-07      0.00 7.012e-01 2.920e-01 6.710e-04 1.184e-03 2.540e-03 -1.000 6.733e-03 -4.835 -3.999 -2.871 -5.042
0.0065 -0.36842 8.57001 3.0503129959 2.5961599068    3.023  3.894  3.5532  0.190    7  0.000  0.352   145.60    80.24    52.04    39.84    32.77  2 -1.85e-07      0.00 7.008e-01 2.925e-01 6.705e-04 1.186e-03 2.538e-03 -1.000 6.707e-03 -4.965 -4.043 -2.826 -5.122
0.0065 -0.36842 8.57001 3.0505020618 2.5961629506    3.002  3.950  3.5462  0.102    7  0.000  0.352   172.92    93.78    60.39    46.35    38.14  2 -3.34e-07      0.00 7.004e-01 2.928e-01 6.702e-04 1.188e-03 2.537e-03 -1.000 6.749e-03 -5.105 -4.072 -2.732 -5.196
0.0065 -0.36842 8.57001 3.0505628586 2.5961639293    2.993  3.956  3.5454  0.092    7  0.000  0.352   176.50    95.55    61.47    47.20    38.83  2  -3.5e-07      0.00 7.004e-01 2.929e-01 6.701e-04 1.188e-03 2.537e-03 -1.000 6.745e-03 -5.120 -4.072 -2.715 -5.202
0.0065 -0.36842 8.57001 3.0506405830 2.5961651805    2.979  3.946  3.5463  0.104    7  0.000  0.352   172.06    93.36    60.11    46.15    37.97  2  -3.2e-07      0.00 7.003e-01 2.930e-01 6.701e-04 1.189e-03 2.536e-03 -1.000 6.734e-03 -5.094 -4.063 -2.724 -5.186
0.0065 -0.36842 8.57001 3.0506694317 2.5961656448    2.975  3.903  3.5511  0.164    7  0.000  0.352   152.44    83.63    54.12    41.48    34.12  2 -2.12e-07      0.00 7.003e-01 2.930e-01 6.700e-04 1.189e-03 2.536e-03 -1.000 6.733e-03 -4.989 -4.036 -2.787 -5.128
0.0065 -0.36842 8.57001 3.0506887436 2.5961659557    2.973  3.873  3.5546  0.209    7  0.000  0.352   139.55    77.18    50.12    38.38    31.56  2 -1.52e-07      0.00 7.003e-01 2.930e-01 6.700e-04 1.189e-03 2.536e-03 -1.000 6.733e-03 -4.912 -4.009 -2.813 -5.081
0.0065 -0.36842 8.57001 3.0506999493 2.5961661360    2.972  3.881  3.5537  0.197    7  0.000  0.352   142.82    78.82    51.14    39.17    32.21  2 -1.66e-07      0.00 7.003e-01 2.930e-01 6.700e-04 1.189e-03 2.536e-03 -1.000 6.733e-03 -4.932 -4.017 -2.807 -5.094
0.0065 -0.36842 8.57001 3.0507063866 2.5961662396    2.971  3.893  3.5523  0.179    7  0.000  0.352   148.01    81.42    52.75    40.42    33.24  2 -1.88e-07      0.00 7.003e-01 2.930e-01 6.700e-04 1.189e-03 2.536e-03 -1.000 6.733e-03 -4.963 -4.028 -2.798 -5.113
0.0065 -0.36842 8.57001 3.0507142544 2.5961663663    2.971  3.900  3.5516  0.169    7  0.000  0.352   150.95    82.89    53.66    41.13    33.82  2 -2.01e-07      0.00 7.003e-01 2.930e-01 6.700e-04 1.189e-03 2.536e-03 -1.000 6.733e-03 -4.980 -4.034 -2.793 -5.124
0.0065 -0.36842 8.57001 3.0507326126 2.5961666618    2.969  3.913  3.5501  0.150    7  0.000  0.352   156.89    85.85    55.48    42.55    35.00  2 -2.31e-07      0.00 7.003e-01 2.930e-01 6.700e-04 1.189e-03 2.536e-03 -1.000 6.733e-03 -5.013 -4.045 -2.781 -5.144
0.0065 -0.36842 8.57001 3.0507345200 2.5961666925    2.969  3.898  3.5518  0.172    7  0.000  0.352   150.09    82.46    53.39    40.92    33.65  2 -2.06e-07      0.00 7.003e-01 2.930e-01 6.700e-04 1.189e-03 2.536e-03 -1.000 6.733e-03 -4.974 -4.031 -2.792 -5.119
0.0065 -0.36842 8.57001 3.0507347584 2.5961666963    2.969  3.917  3.5496  0.144    7  0.000  0.352   158.68    86.73    56.03    42.98    35.35  2  -2.4e-07      0.00 7.003e-01 2.930e-01 6.700e-04 1.189e-03 2.536e-03 -1.000 6.733e-03 -5.023 -4.047 -2.774 -5.149
0.0065 -0.36842 8.57001 3.0507354736 2.5961667078    2.969  3.914  3.5499  0.148    7  0.000  0.352   157.50    86.15    55.67    42.70    35.12  2 -2.34e-07      0.00 7.003e-01 2.930e-01 6.700e-04 1.189e-03 2.536e-03 -1.000 6.733e-03 -5.016 -4.046 -2.779 -5.145
0.0065 -0.36842 8.57001 3.0507357121 2.5961667116    2.969  3.910  3.5504  0.154    7  0.000  0.352   155.69    85.25    55.11    42.26    34.76  2 -2.24e-07      0.00 7.003e-01 2.930e-01 6.700e-04 1.189e-03 2.536e-03 -1.000 6.733e-03 -5.006 -4.043 -2.783 -5.139
0.0065 -0.36842 8.57001 3.0507361889 2.5961667193    2.969  3.906  3.5508  0.160    7  0.000  0.352   153.83    84.32    54.54    41.82    34.39  2 -2.17e-07      0.00 7.003e-01 2.930e-01 6.700e-04 1.189e-03 2.536e-03 -1.000 6.733e-03 -4.996 -4.039 -2.786 -5.133
0.0065 -0.36842 8.57001 3.0507373810 2.5961667385    2.969  3.904  3.5511  0.163    7  0.000  0.352   152.71    83.77    54.20    41.55    34.17  2 -2.17e-07      0.00 7.003e-01 2.930e-01 6.700e-04 1.189e-03 2.536e-03 -1.000 6.733e-03 -4.989 -4.036 -2.787 -5.128
0.0065 -0.36842 8.57001 3.0507426262 2.5961668229    2.969  3.911  3.5502  0.152    7  0.000  0.352   156.11    85.46    55.24    42.36    34.84  2 -2.34e-07      0.00 7.003e-01 2.930e-01 6.700e-04 1.189e-03 2.536e-03 -1.000 6.733e-03 -5.008 -4.042 -2.780 -5.140
0.0065 -0.36842 8.57001 3.0507457256 2.5961668728    2.968  3.919  3.5493  0.140    7  0.000  0.352   159.87    87.32    56.39    43.26    35.58  2 -2.48e-07      0.00 7.003e-01 2.930e-01 6.700e-04 1.189e-03 2.536e-03 -1.000 6.733e-03 -5.028 -4.048 -2.768 -5.151
0.0065 -0.36842 8.57001 3.0507493019 2.5961669304    2.968  3.927  3.5484  0.129    7  0.000  0.352   163.53    89.14    57.51    44.13    36.30  2 -2.67e-07      0.00 7.003e-01 2.930e-01 6.700e-04 1.189e-03 2.536e-03 -1.000 6.733e-03 -5.048 -4.052 -2.755 -5.162
0.0065 -0.36842 8.57001 3.0507540703 2.5961670071    2.967  3.932  3.5478  0.122    7  0.000  0.352   165.87    90.30    58.23    44.69    36.76  2 -2.81e-07      0.00 7.003e-01 2.930e-01 6.700e-04 1.189e-03 2.536e-03 -1.000 6.733e-03 -5.060 -4.055 -2.747 -5.168
0.0065 -0.36842 8.57001 3.0507612228 2.5961671222    2.967  3.930  3.5481  0.125    7  0.000  0.352   164.85    89.80    57.92    44.45    36.56  2 -2.75e-07      0.00 7.003e-01 2.930e-01 6.700e-04 1.189e-03 2.536e-03 -1.000 6.733e-03 -5.055 -4.054 -2.751 -5.165
0.0065 -0.36842 8.57001 3.0507743359 2.5961673333    2.965  3.989  3.5410  0.038    7  0.000  0.352   196.03   105.11    67.31    51.78    42.61  2 -5.05e-07      0.00 7.003e-01 2.930e-01 6.700e-04 1.189e-03 2.536e-03 -1.000 6.733e-03 -5.201 -4.080 -2.637 -5.238
0.0065 -0.36842 8.57001 3.0507917404 2.5961676134    2.961  4.024  3.5366 -0.016    7  0.000  0.352   217.90   115.72    73.79    56.84    46.79  2 -7.28e-07      0.00 7.003e-01 2.930e-01 6.700e-04 1.189e-03 2.536e-03 -1.000 6.733e-03 -5.290 -4.082 -2.536 -5.271
