Zini MH logAge Mini int_IMF Mass logL logTe logg label McoreTP C_O period0 period1 period2 period3 period4 pmode Mloss tau1m X Y Xc Xn Xo Cexcess Z mbolmag Gmag G_BPmag G_RPmag
0.0055 -0.44261 6.77000 0.0900000036 1.0816895926    0.090 -1.797  3.4380  3.894    0  0.000  0.545     0.00     0.00     0.00     0.00     0.00 -1 -7.63e-15      0.00 7.360e-01 2.585e-01 1.002e-03 2.703e-04 2.451e-03 -1.000 5.571e-03 9.264 10.791 13.019 9.425
0.0055 -0.44261 6.77000 0.0970551074 1.1460249559    0.097 -1.759  3.4429  3.908    0  0.000  0.545     0.00     0.00     0.00     0.00     0.00 -1  -7.9e-15      0.00 7.360e-01 2.585e-01 1.002e-03 2.703e-04 2.451e-03 -1.000 5.571e-03 9.168 10.644 12.805 9.291
0.0055 -0.44261 6.77000 0.1025975719 1.1924455627    0.103 -1.729  3.4466  3.917    0  0.000  0.545     0.00     0.00     0.00     0.00     0.00 -1 -8.15e-15      0.00 7.360e-01 2.585e-01 1.002e-03 2.703e-04 2.451e-03 -1.000 5.571e-03 9.093 10.531 12.640 9.188
0.0055 -0.44261 6.77000 0.1140675023 1.2789107400    0.114 -1.670  3.4538  3.932    0  0.000  0.545     0.00     0.00     0.00     0.00     0.00 -1 -8.68e-15      0.00 7.360e-01 2.585e-01 1.002e-03 2.703e-04 2.451e-03 -1.000 5.571e-03 8.944 10.309 12.318 8.987
0.0055 -0.44261 6.77000 0.1212904453 1.3277612732    0.121 -1.639  3.4574  3.942    0  0.000  0.545     0.00     0.00     0.00     0.00     0.00 -1 -8.93e-15      0.00 7.360e-01 2.585e-01 1.002e-03 2.703e-04 2.451e-03 -1.000 5.571e-03 8.866 10.195 12.152 8.884
0.0055 -0.44261 6.77000 0.1255891472 1.3550743692    0.126 -1.615  3.4601  3.944    0  0.000  0.545     0.00     0.00     0.00     0.00     0.00 -1 -9.27e-15      0.00 7.360e-01 2.585e-01 1.002e-03 2.703e-04 2.451e-03 -1.000 5.571e-03 8.808 10.108 12.026 8.806
0.0055 -0.44261 6.77000 0.1364982873 1.4192521142    0.136 -1.567  3.4654  3.954    0  0.000  0.545     0.00     0.00     0.00     0.00     0.00 -1 -9.82e-15      0.00 7.360e-01 2.585e-01 1.002e-03 2.703e-04 2.451e-03 -1.000 5.571e-03 8.688 9.940 11.793 8.653
0.0055 -0.44261 6.77000 0.1470245421 1.4751514522    0.147 -1.525  3.4700  3.962    0  0.000  0.545     0.00     0.00     0.00     0.00     0.00 -1 -1.03e-14      0.00 7.360e-01 2.585e-01 1.002e-03 2.703e-04 2.451e-03 -1.000 5.571e-03 8.583 9.791 11.587 8.518
0.0055 -0.44261 6.77000 0.1590069532 1.5327722151    0.159 -1.480  3.4748  3.971    0  0.000  0.545     0.00     0.00     0.00     0.00     0.00 -1 -1.09e-14      0.00 7.360e-01 2.585e-01 1.002e-03 2.703e-04 2.451e-03 -1.000 5.571e-03 8.470 9.636 11.377 8.377
0.0055 -0.44261 6.77000 0.1684676260 1.5744179544    0.168 -1.445  3.4788  3.977    0  0.000  0.545     0.00     0.00     0.00     0.00     0.00 -1 -1.14e-14      0.00 7.360e-01 2.585e-01 1.002e-03 2.703e-04 2.451e-03 -1.000 5.571e-03 8.382 9.513 11.208 8.266
0.0055 -0.44261 6.77000 0.1831137538 1.6332296629    0.183 -1.392  3.4849  3.984    0  0.000  0.545     0.00     0.00     0.00     0.00     0.00 -1 -1.23e-14      0.00 7.360e-01 2.585e-01 1.002e-03 2.703e-04 2.451e-03 -1.000 5.571e-03 8.249 9.330 10.958 8.100
0.0055 -0.44261 6.77000 0.1988895237 1.6900981232    0.199 -1.347  3.4894  3.994    0  0.000  0.545     0.00     0.00     0.00     0.00     0.00 -1 -1.29e-14      0.00 7.360e-01 2.585e-01 1.002e-03 2.703e-04 2.451e-03 -1.000 5.571e-03 8.139 9.181 10.759 7.965
0.0055 -0.44261 6.77000 0.2153824866 1.7436000491    0.215 -1.298  3.4946  4.000    0  0.000  0.545     0.00     0.00     0.00     0.00     0.00 -1 -1.38e-14      0.00 7.360e-01 2.585e-01 1.002e-03 2.703e-04 2.451e-03 -1.000 5.571e-03 8.015 9.017 10.544 7.817
0.0055 -0.44261 6.77000 0.2316481769 1.7913881117    0.232 -1.252  3.4997  4.006    0  0.000  0.545     0.00     0.00     0.00     0.00     0.00 -1 -1.47e-14      0.00 7.360e-01 2.585e-01 1.002e-03 2.703e-04 2.451e-03 -1.000 5.571e-03 7.901 8.864 10.342 7.679
0.0055 -0.44261 6.77000 0.2477230877 1.8345119281    0.248 -1.212  3.5038  4.011    0  0.000  0.545     0.00     0.00     0.00     0.00     0.00 -1 -1.55e-14      0.00 7.360e-01 2.585e-01 1.002e-03 2.703e-04 2.451e-03 -1.000 5.571e-03 7.800 8.733 10.173 7.561
0.0055 -0.44261 6.77000 0.2588181794 1.8622090214    0.259 -1.187  3.5068  4.017    0  0.000  0.545     0.00     0.00     0.00     0.00     0.00 -1 -1.59e-14      0.00 7.360e-01 2.585e-01 1.002e-03 2.703e-04 2.451e-03 -1.000 5.571e-03 7.737 8.648 10.062 7.485
0.0055 -0.44261 6.77000 0.2860116065 1.9240196759    0.286 -1.124  3.5139  4.026    0  0.000  0.545     0.00     0.00     0.00     0.00     0.00 -1 -1.73e-14      0.00 7.360e-01 2.585e-01 1.002e-03 2.703e-04 2.451e-03 -1.000 5.571e-03 7.581 8.442 9.793 7.300
0.0055 -0.44261 6.77000 0.3000000119 1.9529139769    0.300 -1.095  3.5173  4.031    0  0.000  0.545     0.00     0.00     0.00     0.00     0.00 -1  -1.8e-14      0.00 7.360e-01 2.585e-01 1.002e-03 2.703e-04 2.451e-03 -1.000 5.571e-03 7.507 8.345 9.668 7.214
0.0055 -0.44261 6.77000 0.3242343664 1.9990462239    0.324 -1.048  3.5227  4.040    0  0.000  0.545     0.00     0.00     0.00     0.00     0.00 -1 -1.91e-14      0.00 7.360e-01 2.585e-01 1.002e-03 2.703e-04 2.451e-03 -1.000 5.571e-03 7.391 8.193 9.472 7.078
0.0055 -0.44261 6.77000 0.3499999642 2.0434174156    0.350 -1.001  3.5281  4.048    0  0.000  0.545     0.00     0.00     0.00     0.00     0.00 -1 -2.03e-14      0.00 7.360e-01 2.585e-01 1.002e-03 2.703e-04 2.451e-03 -1.000 5.571e-03 7.272 8.038 9.275 6.940
0.0055 -0.44261 6.77000 0.3737104535 2.0806512176    0.374 -0.962  3.5328  4.056    0  0.000  0.545     0.00     0.00     0.00     0.00     0.00 -1 -2.13e-14      0.00 7.360e-01 2.585e-01 1.002e-03 2.703e-04 2.451e-03 -1.000 5.571e-03 7.175 7.912 9.114 6.827
0.0055 -0.44261 6.77000 0.3999999762 2.1185023988    0.400 -0.921  3.5377  4.063    0  0.000  0.545     0.00     0.00     0.00     0.00     0.00 -1 -2.24e-14      0.00 7.360e-01 2.585e-01 1.002e-03 2.703e-04 2.451e-03 -1.000 5.571e-03 7.072 7.778 8.945 6.708
0.0055 -0.44261 6.77000 0.4327249825 2.1613336621    0.432 -0.873  3.5438  4.074    0  0.000  0.545     0.00     0.00     0.00     0.00     0.00 -1 -2.38e-14      0.00 7.360e-01 2.585e-01 1.002e-03 2.703e-04 2.451e-03 -1.000 5.571e-03 6.953 7.622 8.747 6.570
0.0055 -0.44261 6.77000 0.4499999881 2.1822809009    0.450 -0.849  3.5470  4.079    0  0.000  0.545     0.00     0.00     0.00     0.00     0.00 -1 -2.45e-14      0.00 7.360e-01 2.585e-01 1.002e-03 2.703e-04 2.451e-03 -1.000 5.571e-03 6.892 7.542 8.646 6.500
0.0055 -0.44261 6.77000 0.4772533774 2.2132870858    0.477 -0.814  3.5520  4.091    0  0.000  0.545     0.00     0.00     0.00     0.00     0.00 -1 -2.54e-14      0.00 7.360e-01 2.585e-01 1.002e-03 2.703e-04 2.451e-03 -1.000 5.571e-03 6.806 7.426 8.497 6.399
0.0055 -0.44261 6.77000 0.4999999702 2.2374541023    0.500 -0.785  3.5562  4.099    0  0.000  0.545     0.00     0.00     0.00     0.00     0.00 -1 -2.63e-14      0.00 7.360e-01 2.585e-01 1.002e-03 2.703e-04 2.451e-03 -1.000 5.571e-03 6.733 7.329 8.374 6.314
0.0055 -0.44261 6.77000 0.5080218315 2.2455735948    0.508 -0.775  3.5582  4.103    0  0.000  0.545     0.00     0.00     0.00     0.00     0.00 -1 -2.66e-14      0.00 7.360e-01 2.585e-01 1.002e-03 2.703e-04 2.451e-03 -1.000 5.571e-03 6.706 7.290 8.323 6.282
0.0055 -0.44261 6.77000 0.5314850807 2.2677128928    0.531 -0.746  3.5628  4.113    0  0.000  0.545     0.00     0.00     0.00     0.00     0.00 -1 -2.75e-14      0.00 7.360e-01 2.585e-01 1.002e-03 2.703e-04 2.451e-03 -1.000 5.571e-03 6.635 7.193 8.199 6.199
0.0055 -0.44261 6.77000 0.5500000119 2.2836582633    0.550 -0.725  3.5657  4.118    0  0.000  0.545     0.00     0.00     0.00     0.00     0.00 -1 -2.82e-14      0.00 7.360e-01 2.585e-01 1.002e-03 2.703e-04 2.451e-03 -1.000 5.571e-03 6.582 7.124 8.112 6.138
0.0055 -0.44261 6.77000 0.5554665327 2.2881330079    0.555 -0.718  3.5671  4.121    0  0.000  0.545     0.00     0.00     0.00     0.00     0.00 -1 -2.84e-14      0.00 7.360e-01 2.585e-01 1.002e-03 2.703e-04 2.451e-03 -1.000 5.571e-03 6.564 7.098 8.078 6.117
0.0055 -0.44261 6.77000 0.5865005851 2.3117290849    0.586 -0.678  3.5739  4.132    0  0.000  0.545     0.00     0.00     0.00     0.00     0.00 -1 -2.99e-14      0.00 7.360e-01 2.585e-01 1.002e-03 2.703e-04 2.451e-03 -1.000 5.571e-03 6.466 6.965 7.910 6.003
0.0055 -0.44261 6.77000 0.5999999642 2.3211212854    0.600 -0.662  3.5765  4.135    0  0.000  0.545     0.00     0.00     0.00     0.00     0.00 -1 -3.06e-14      0.00 7.360e-01 2.585e-01 1.002e-03 2.703e-04 2.451e-03 -1.000 5.571e-03 6.424 6.911 7.844 5.956
0.0055 -0.44261 6.77000 0.6213896871 2.3350466840    0.621 -0.634  3.5818  4.145    0  0.000  0.545     0.00     0.00     0.00     0.00     0.00 -1 -3.17e-14      0.00 7.360e-01 2.585e-01 1.002e-03 2.703e-04 2.451e-03 -1.000 5.571e-03 6.355 6.818 7.724 5.876
0.0055 -0.44261 6.77000 0.6499999762 2.3520353107    0.650 -0.601  3.5876  4.154    0  0.000  0.545     0.00     0.00     0.00     0.00     0.00 -1  -3.3e-14      0.00 7.360e-01 2.585e-01 1.002e-03 2.703e-04 2.451e-03 -1.000 5.571e-03 6.273 6.708 7.585 5.783
0.0055 -0.44261 6.77000 0.6540023088 2.3542759754    0.654 -0.596  3.5885  4.156    0  0.000  0.545     0.00     0.00     0.00     0.00     0.00 -1 -3.32e-14      0.00 7.360e-01 2.585e-01 1.002e-03 2.703e-04 2.451e-03 -1.000 5.571e-03 6.261 6.691 7.564 5.769
0.0055 -0.44261 6.77000 0.6866570711 2.3714407786    0.687 -0.554  3.5965  4.166    0  0.000  0.545     0.00     0.00     0.00     0.00     0.00 -1 -3.54e-14      0.00 7.360e-01 2.585e-01 1.002e-03 2.703e-04 2.451e-03 -1.000 5.571e-03 6.154 6.550 7.388 5.649
0.0055 -0.44261 6.77000 0.6999999881 2.3779266974    0.700 -0.535  3.5997  4.169    0  0.000  0.545     0.00     0.00     0.00     0.00     0.00 -1 -3.65e-14      0.00 7.360e-01 2.585e-01 1.002e-03 2.703e-04 2.451e-03 -1.000 5.571e-03 6.107 6.490 7.313 5.597
0.0055 -0.44261 6.77000 0.7495123148 2.3996909141    0.750 -0.406  3.6393  4.228    0  0.000  0.538     0.00     0.00     0.00     0.00     0.00 -1 -4.44e-14      0.00 7.360e-01 2.585e-01 9.889e-04 2.699e-04 2.451e-03 -1.000 5.571e-03 5.785 5.994 6.647 5.211
0.0055 -0.44261 6.77000 0.7534701824 2.4012892563    0.753 -0.402  3.6399  4.229    0  0.000  0.538     0.00     0.00     0.00     0.00     0.00 -1 -4.46e-14      0.00 7.360e-01 2.585e-01 9.889e-04 2.699e-04 2.451e-03 -1.000 5.571e-03 5.776 5.982 6.633 5.200
0.0055 -0.44261 6.77000 0.7962670922 2.4174119155    0.796 -0.358  3.6454  4.230    0  0.000  0.538     0.00     0.00     0.00     0.00     0.00 -1 -4.81e-14      0.00 7.360e-01 2.585e-01 9.888e-04 2.699e-04 2.451e-03 -1.000 5.571e-03 5.664 5.846 6.473 5.081
0.0055 -0.44261 6.77000 0.7990245819 2.4183828323    0.799 -0.355  3.6456  4.230    0  0.000  0.538     0.00     0.00     0.00     0.00     0.00 -1 -4.82e-14      0.00 7.360e-01 2.585e-01 9.888e-04 2.699e-04 2.451e-03 -1.000 5.571e-03 5.658 5.838 6.465 5.074
0.0055 -0.44261 6.77000 0.8081372976 2.4215373072    0.808 -0.346  3.6469  4.231    0  0.000  0.538     0.00     0.00     0.00     0.00     0.00 -1  -4.9e-14      0.00 7.360e-01 2.585e-01 9.888e-04 2.699e-04 2.451e-03 -1.000 5.571e-03 5.635 5.809 6.431 5.049
0.0055 -0.44261 6.77000 0.8485368490 2.4345886963    0.848 -0.302  3.6528  4.231    0  0.000  0.538     0.00     0.00     0.00     0.00     0.00 -1 -5.29e-14      0.00 7.360e-01 2.585e-01 9.888e-04 2.699e-04 2.451e-03 -1.000 5.571e-03 5.524 5.673 6.271 4.930
0.0055 -0.44261 6.77000 0.8980491161 2.4487569484    0.897 -0.240  3.6611  4.228    0  0.000  0.538     0.00     0.00     0.00     0.00     0.00 -1 -5.94e-14      0.00 7.360e-01 2.585e-01 9.888e-04 2.699e-04 2.451e-03 -1.000 5.571e-03 5.371 5.486 6.053 4.767
0.0055 -0.44261 6.77000 0.9323352575 2.4575605997    0.932 -0.206  3.6667  4.232    0  0.000  0.538     0.00     0.00     0.00     0.00     0.00 -1 -6.29e-14      0.00 7.360e-01 2.585e-01 9.888e-04 2.699e-04 2.451e-03 -1.000 5.571e-03 5.284 5.379 5.927 4.674
0.0055 -0.44261 6.77000 0.9475613832 2.4612360964    0.947 -0.186  3.6696  4.231    0  0.000  0.538     0.00     0.00     0.00     0.00     0.00 -1 -6.54e-14      0.00 7.360e-01 2.585e-01 9.888e-04 2.699e-04 2.451e-03 -1.000 5.571e-03 5.235 5.319 5.858 4.622
0.0055 -0.44261 6.77000 0.9970737100 2.4723008218    0.997 -0.124  3.6789  4.229    0  0.000  0.538     0.00     0.00     0.00     0.00     0.00 -1 -7.35e-14      0.00 7.360e-01 2.585e-01 9.888e-04 2.699e-04 2.451e-03 -1.000 5.571e-03 5.081 5.134 5.644 4.461
0.0055 -0.44261 6.77000 1.0087573528 2.4747303314    1.009 -0.110  3.6811  4.228    0  0.000  0.538     0.00     0.00     0.00     0.00     0.00 -1 -7.44e-14      0.00 7.360e-01 2.585e-01 9.888e-04 2.699e-04 2.451e-03 -1.000 5.571e-03 5.044 5.090 5.593 4.422
0.0055 -0.44261 6.77000 1.0465859175 2.4821702926    1.046 -0.057  3.6890  4.223    0  0.000  0.538     0.00     0.00     0.00     0.00     0.00 -1 -7.85e-14      0.00 7.360e-01 2.585e-01 9.888e-04 2.699e-04 2.451e-03 -1.000 5.571e-03 4.913 4.936 5.417 4.287
0.0055 -0.44261 6.77000 1.0842202902 2.4889827486    1.083 -0.013  3.6960  4.221    0  0.000  0.538     0.00     0.00     0.00     0.00     0.00 -1 -8.04e-14      0.00 7.360e-01 2.585e-01 9.888e-04 2.699e-04 2.451e-03 -1.000 5.571e-03 4.801 4.805 5.268 4.173
0.0055 -0.44261 6.77000 1.0960983038 2.4910214938    1.095  0.002  3.6984  4.221    0  0.000  0.538     0.00     0.00     0.00     0.00     0.00 -1 -8.11e-14      0.00 7.360e-01 2.585e-01 9.888e-04 2.699e-04 2.451e-03 -1.000 5.571e-03 4.764 4.763 5.219 4.136
0.0055 -0.44261 6.77000 1.1051936150 2.4925485924    1.104  0.013  3.7001  4.220    0  0.000  0.538     0.00     0.00     0.00     0.00     0.00 -1 -8.15e-14      0.00 7.360e-01 2.585e-01 9.888e-04 2.699e-04 2.451e-03 -1.000 5.571e-03 4.737 4.731 5.183 4.109
0.0055 -0.44261 6.77000 1.1456104517 2.4989986192    1.145  0.073  3.7088  4.211    0  0.000  0.538     0.00     0.00     0.00     0.00     0.00 -1 -8.64e-14      0.00 7.360e-01 2.584e-01 9.888e-04 2.699e-04 2.451e-03 -1.000 5.571e-03 4.588 4.564 4.993 3.961
0.0055 -0.44261 6.77000 1.1939178705 2.5060528836    1.193  0.142  3.7188  4.200    0  0.000  0.538     0.00     0.00     0.00     0.00     0.00 -1 -9.17e-14      0.00 7.360e-01 2.584e-01 9.888e-04 2.699e-04 2.451e-03 -1.000 5.571e-03 4.415 4.371 4.778 3.791
0.0055 -0.44261 6.77000 1.1951228380 2.5062204782    1.195  0.144  3.7191  4.200    0  0.000  0.538     0.00     0.00     0.00     0.00     0.00 -1 -9.18e-14      0.00 7.360e-01 2.584e-01 9.888e-04 2.699e-04 2.451e-03 -1.000 5.571e-03 4.411 4.366 4.772 3.787
0.0055 -0.44261 6.77000 1.2114188671 2.5084494311    1.211  0.167  3.7224  4.195    0  0.000  0.538     0.00     0.00     0.00     0.00     0.00 -1 -9.34e-14      0.00 7.360e-01 2.584e-01 9.888e-04 2.699e-04 2.451e-03 -1.000 5.571e-03 4.352 4.302 4.700 3.729
0.0055 -0.44261 6.77000 1.2446351051 2.5127855629    1.244  0.218  3.7295  4.185    0  0.000  0.538     0.00     0.00     0.00     0.00     0.00 -1 -9.78e-14      0.00 7.360e-01 2.584e-01 9.888e-04 2.699e-04 2.451e-03 -1.000 5.571e-03 4.224 4.164 4.547 3.606
0.0055 -0.44261 6.77000 1.2941472530 2.5187763088    1.294  0.300  3.7402  4.163    0  0.000  0.538     0.00     0.00     0.00     0.00     0.00 -1 -1.05e-13      0.00 7.360e-01 2.584e-01 9.888e-04 2.699e-04 2.451e-03 -1.000 5.571e-03 4.021 3.947 4.307 3.412
0.0055 -0.44261 6.77000 1.3085944653 2.5204264011    1.309  0.324  3.7433  4.156    0  0.000  0.538     0.00     0.00     0.00     0.00     0.00 -1 -1.08e-13      0.00 7.360e-01 2.584e-01 9.888e-04 2.699e-04 2.451e-03 -1.000 5.571e-03 3.960 3.883 4.236 3.355
0.0055 -0.44261 6.77000 1.3436598778 2.5242622264    1.344  0.390  3.7511  4.133    0  0.000  0.538     0.00     0.00     0.00     0.00     0.00 -1 -1.16e-13      0.00 7.361e-01 2.584e-01 9.888e-04 2.699e-04 2.451e-03 -1.000 5.571e-03 3.796 3.712 4.049 3.201
0.0055 -0.44261 6.77000 1.3553991318 2.5254955048    1.355  0.412  3.7537  4.124    0  0.000  0.538     0.00     0.00     0.00     0.00     0.00 -1 -1.18e-13      0.00 7.361e-01 2.584e-01 9.888e-04 2.699e-04 2.451e-03 -1.000 5.571e-03 3.739 3.654 3.985 3.148
0.0055 -0.44261 6.77000 1.3931720257 2.5293020999    1.393  0.493  3.7624  4.090    0  0.000  0.538     0.00     0.00     0.00     0.00     0.00 -1  -1.3e-13      0.00 7.361e-01 2.584e-01 9.888e-04 2.699e-04 2.451e-03 -1.000 5.571e-03 3.537 3.446 3.760 2.960
0.0055 -0.44261 6.77000 1.4180445671 2.5316817056    1.418  0.551  3.7682  4.063    0  0.000  0.538     0.00     0.00     0.00     0.00     0.00 -1 -1.39e-13      0.00 7.361e-01 2.584e-01 9.888e-04 2.699e-04 2.451e-03 -1.000 5.571e-03 3.391 3.298 3.600 2.825
0.0055 -0.44261 6.77000 1.4426841736 2.5339462294    1.443  0.614  3.7743  4.032    0  0.000  0.538     0.00     0.00     0.00     0.00     0.00 -1 -1.51e-13      0.00 7.361e-01 2.584e-01 9.888e-04 2.699e-04 2.451e-03 -1.000 5.571e-03 3.234 3.139 3.429 2.680
0.0055 -0.44261 6.77000 1.4637781382 2.5358153919    1.464  0.672  3.7796  4.002    0  0.000  0.538     0.00     0.00     0.00     0.00     0.00 -1 -1.62e-13      0.00 7.361e-01 2.584e-01 9.888e-04 2.699e-04 2.451e-03 -1.000 5.571e-03 3.091 2.994 3.273 2.547
0.0055 -0.44261 6.77000 1.4873183966 2.5378295013    1.487  0.737  3.7860  3.969    0  0.000  0.538     0.00     0.00     0.00     0.00     0.00 -1 -1.75e-13      0.00 7.361e-01 2.584e-01 9.888e-04 2.699e-04 2.451e-03 -1.000 5.571e-03 2.926 2.828 3.095 2.396
0.0055 -0.44261 6.77000 1.4921965599 2.5382377471    1.492  0.751  3.7873  3.962    0  0.000  0.538     0.00     0.00     0.00     0.00     0.00 -1 -1.78e-13      0.00 7.361e-01 2.584e-01 9.888e-04 2.699e-04 2.451e-03 -1.000 5.571e-03 2.893 2.794 3.059 2.365
0.0055 -0.44261 6.77000 1.5061031580 2.5393848935    1.506  0.789  3.7913  3.944    0  0.000  0.538     0.00     0.00     0.00     0.00     0.00 -1 -1.83e-13      0.00 7.361e-01 2.584e-01 9.888e-04 2.699e-04 2.451e-03 -1.000 5.571e-03 2.797 2.698 2.955 2.278
0.0055 -0.44261 6.77000 1.5325914621 2.5415038127    1.532  0.860  3.7994  3.913    0  0.000  0.538     0.00     0.00     0.00     0.00     0.00 -1 -1.91e-13      0.00 7.361e-01 2.584e-01 9.888e-04 2.699e-04 2.451e-03 -1.000 5.571e-03 2.621 2.521 2.763 2.120
0.0055 -0.44261 6.77000 1.5417087078 2.5422138004    1.542  0.883  3.8024  3.904    0  0.000  0.538     0.00     0.00     0.00     0.00     0.00 -1 -1.93e-13      0.00 7.361e-01 2.584e-01 9.888e-04 2.699e-04 2.451e-03 -1.000 5.571e-03 2.562 2.462 2.699 2.069
0.0055 -0.44261 6.77000 1.5506061316 2.5428974208    1.550  0.906  3.8054  3.896    0  0.000  0.538     0.00     0.00     0.00     0.00     0.00 -1 -1.91e-13      0.00 7.361e-01 2.584e-01 9.888e-04 2.699e-04 2.451e-03 -1.000 5.571e-03 2.505 2.405 2.636 2.018
0.0055 -0.44261 6.77000 1.5771980286 2.5448878044    1.577  0.972  3.8160  3.880    0  0.000  0.538     0.00     0.00     0.00     0.00     0.00 -1 -1.83e-13      0.00 7.361e-01 2.584e-01 9.888e-04 2.699e-04 2.451e-03 -1.000 5.571e-03 2.340 2.240 2.452 1.879
0.0055 -0.44261 6.77000 1.5912210941 2.5459066641    1.591  1.006  3.8227  3.876    0  0.000  0.538     0.00     0.00     0.00     0.00     0.00 -1 -1.78e-13      0.00 7.361e-01 2.584e-01 9.888e-04 2.699e-04 2.451e-03 -1.000 5.571e-03 2.254 2.155 2.355 1.809
0.0055 -0.44261 6.77000 1.5921107531 2.5459706073    1.592  1.008  3.8231  3.876    0  0.000  0.538     0.00     0.00     0.00     0.00     0.00 -1 -1.77e-13      0.00 7.361e-01 2.584e-01 9.888e-04 2.699e-04 2.451e-03 -1.000 5.571e-03 2.249 2.149 2.349 1.805
0.0055 -0.44261 6.77000 1.6107808352 2.5472937798    1.610  1.053  3.8347  3.883    0  0.000  0.538     0.00     0.00     0.00     0.00     0.00 -1 -1.52e-13      0.00 7.361e-01 2.584e-01 9.888e-04 2.699e-04 2.451e-03 -1.000 5.571e-03 2.139 2.040 2.221 1.722
0.0055 -0.44261 6.77000 1.6253304482 2.5483007285    1.625  1.086  3.8460  3.899    0  0.000  0.538     0.00     0.00     0.00     0.00     0.00 -1 -1.33e-13      0.00 7.361e-01 2.584e-01 9.888e-04 2.699e-04 2.451e-03 -1.000 5.571e-03 2.055 1.959 2.122 1.667
0.0055 -0.44261 6.77000 1.6407332420 2.5493443758    1.640  1.120  3.8600  3.925    0  0.000  0.538     0.00     0.00     0.00     0.00     0.00 -1 -1.15e-13      0.00 7.361e-01 2.584e-01 9.888e-04 2.699e-04 2.451e-03 -1.000 5.571e-03 1.969 1.877 2.019 1.619
0.0055 -0.44261 6.77000 1.6505984068 2.5500010549    1.650  1.142  3.8697  3.944    0  0.000  0.538     0.00     0.00     0.00     0.00     0.00 -1 -1.95e-16      0.00 7.361e-01 2.584e-01 9.888e-04 2.699e-04 2.451e-03 -1.000 5.571e-03 1.916 1.828 1.955 1.593
0.0055 -0.44261 6.77000 1.6662985086 2.5510277228    1.665  1.174  3.8854  3.979    0  0.000  0.538     0.00     0.00     0.00     0.00     0.00 -1 -8.23e-21      0.00 7.361e-01 2.584e-01 9.888e-04 2.699e-04 2.451e-03 -1.000 5.571e-03 1.836 1.757 1.862 1.561
0.0055 -0.44261 6.77000 1.6825996637 2.5520704139    1.682  1.204  3.9013  4.017    0  0.000  0.538     0.00     0.00     0.00     0.00     0.00 -1  -2.6e-25      0.00 7.361e-01 2.584e-01 9.888e-04 2.699e-04 2.451e-03 -1.000 5.571e-03 1.761 1.696 1.778 1.540
0.0055 -0.44261 6.77000 1.6902457476 2.5525515288    1.689  1.217  3.9087  4.036    0  0.000  0.538     0.00     0.00     0.00     0.00     0.00 -1 -2.09e-27      0.00 7.361e-01 2.584e-01 9.888e-04 2.699e-04 2.451e-03 -1.000 5.571e-03 1.727 1.672 1.744 1.535
0.0055 -0.44261 6.77000 1.6902545691 2.5525520809    1.689  1.217  3.9088  4.036    0  0.000  0.538     0.00     0.00     0.00     0.00     0.00 -1 -2.09e-27      0.00 7.361e-01 2.584e-01 9.888e-04 2.699e-04 2.451e-03 -1.000 5.571e-03 1.727 1.672 1.744 1.535
0.0055 -0.44261 6.77000 1.7047411203 2.5534500131    1.704  1.239  3.9222  4.071    0  0.000  0.538     0.00     0.00     0.00     0.00     0.00 -1 -2.17e-28      0.00 7.361e-01 2.584e-01 9.888e-04 2.699e-04 2.451e-03 -1.000 5.571e-03 1.673 1.640 1.695 1.534
0.0055 -0.44261 6.77000 1.7206213474 2.5544143798    1.720  1.258  3.9359  4.111    0  0.000  0.538     0.00     0.00     0.00     0.00     0.00 -1 -1.86e-29      0.00 7.361e-01 2.584e-01 9.888e-04 2.699e-04 2.451e-03 -1.000 5.571e-03 1.624 1.622 1.661 1.546
0.0055 -0.44261 6.77000 1.7389239073 2.5555007609    1.738  1.272  3.9494  4.155    0  0.000  0.538     0.00     0.00     0.00     0.00     0.00 -1 -1.13e-30      0.00 7.361e-01 2.584e-01 9.888e-04 2.699e-04 2.451e-03 -1.000 5.571e-03 1.590 1.627 1.653 1.575
0.0055 -0.44261 6.77000 1.7397580147 2.5555496449    1.739  1.273  3.9500  4.157    0  0.000  0.538     0.00     0.00     0.00     0.00     0.00 -1    -1e-30      0.00 7.361e-01 2.584e-01 9.888e-04 2.699e-04 2.451e-03 -1.000 5.571e-03 1.588 1.627 1.653 1.576
0.0055 -0.44261 6.77000 1.7407968044 2.5556104493    1.740  1.273  3.9508  4.160    0  0.000  0.538     0.00     0.00     0.00     0.00     0.00 -1    -1e-30      0.00 7.361e-01 2.584e-01 9.888e-04 2.699e-04 2.451e-03 -1.000 5.571e-03 1.586 1.628 1.653 1.578
0.0055 -0.44261 6.77000 1.7713093758 2.5573599473    1.770  1.272  3.9659  4.229    0  0.000  0.538     0.00     0.00     0.00     0.00     0.00 -1    -1e-30      0.00 7.361e-01 2.584e-01 9.888e-04 2.699e-04 2.451e-03 -1.000 5.571e-03 1.589 1.685 1.699 1.658
0.0055 -0.44261 6.77000 1.7892701626 2.5583577403    1.788  1.259  3.9702  4.264    0  0.000  0.538     0.00     0.00     0.00     0.00     0.00 -1    -1e-30      0.00 7.361e-01 2.584e-01 9.888e-04 2.699e-04 2.451e-03 -1.000 5.571e-03 1.622 1.733 1.745 1.712
0.0055 -0.44261 6.77000 1.7952647209 2.5586856559    1.794  1.255  3.9716  4.275    0  0.000  0.538     0.00     0.00     0.00     0.00     0.00 -1    -1e-30      0.00 7.361e-01 2.584e-01 9.888e-04 2.699e-04 2.451e-03 -1.000 5.571e-03 1.632 1.750 1.761 1.731
0.0055 -0.44261 6.77000 1.8233894110 2.5601910887    1.822  1.239  3.9765  4.317    0  0.000  0.538     0.00     0.00     0.00     0.00     0.00 -1    -1e-30      0.00 7.361e-01 2.584e-01 9.888e-04 2.699e-04 2.451e-03 -1.000 5.571e-03 1.672 1.810 1.817 1.796
0.0055 -0.44261 6.77000 1.8387321234 2.5609900490    1.838  1.250  3.9816  4.331    0  0.000  0.538     0.00     0.00     0.00     0.00     0.00 -1    -1e-30      0.00 7.361e-01 2.584e-01 9.888e-04 2.699e-04 2.451e-03 -1.000 5.571e-03 1.646 1.805 1.809 1.797
0.0055 -0.44261 6.77000 1.8840392828 2.5632622895    1.883  1.289  3.9992  4.372    0  0.000  0.538     0.00     0.00     0.00     0.00     0.00 -1    -1e-30      0.00 7.361e-01 2.584e-01 9.888e-04 2.699e-04 2.451e-03 -1.000 5.571e-03 1.547 1.783 1.777 1.795
0.0055 -0.44261 6.77000 1.8881943226 2.5634644041    1.887  1.295  4.0012  4.376    0  0.000  0.538     0.00     0.00     0.00     0.00     0.00 -1    -1e-30      0.00 7.361e-01 2.584e-01 9.888e-04 2.699e-04 2.451e-03 -1.000 5.571e-03 1.532 1.777 1.770 1.792
0.0055 -0.44261 6.77000 1.9185662270 2.5649112689    1.918  1.337  4.0159  4.399    0  0.000  0.538     0.00     0.00     0.00     0.00     0.00 -1    -1e-30      0.00 7.361e-01 2.584e-01 9.888e-04 2.699e-04 2.451e-03 -1.000 5.571e-03 1.426 1.740 1.726 1.769
0.0055 -0.44261 6.77000 1.9376561642 2.5657940315    1.937  1.356  4.0230  4.413    0  0.000  0.538     0.00     0.00     0.00     0.00     0.00 -1    -1e-30      0.00 7.361e-01 2.584e-01 9.887e-04 2.699e-04 2.451e-03 -1.000 5.571e-03 1.379 1.728 1.710 1.763
0.0055 -0.44261 6.77000 1.9871184826 2.5679908116    1.987  1.384  4.0356  4.447    0  0.000  0.538     0.00     0.00     0.00     0.00     0.00 -1    -1e-30      0.00 7.361e-01 2.584e-01 9.887e-04 2.699e-04 2.451e-03 -1.000 5.571e-03 1.311 1.722 1.699 1.767
0.0055 -0.44261 6.77000 2.0201961994 2.5693910719    2.020  1.398  4.0428  4.469    0  0.000  0.538     0.00     0.00     0.00     0.00     0.00 -1    -1e-30      0.00 7.361e-01 2.584e-01 9.885e-04 2.699e-04 2.451e-03 -1.000 5.571e-03 1.275 1.724 1.697 1.774
0.0055 -0.44261 6.77000 2.0365805626 2.5700653215    2.036  1.403  4.0450  4.476    0  0.000  0.537     0.00     0.00     0.00     0.00     0.00 -1    -1e-30      0.00 7.361e-01 2.584e-01 9.881e-04 2.699e-04 2.451e-03 -1.000 5.571e-03 1.262 1.722 1.694 1.774
0.0055 -0.44261 6.77000 2.0496029854 2.5705923875    2.049  1.409  4.0466  4.479    0  0.000  0.537     0.00     0.00     0.00     0.00     0.00 -1    -1e-30      0.00 7.361e-01 2.584e-01 9.880e-04 2.699e-04 2.451e-03 -1.000 5.571e-03 1.248 1.716 1.688 1.769
0.0055 -0.44261 6.77000 2.0860424042 2.5720270946    2.085  1.430  4.0513  4.484    0  0.000  0.537     0.00     0.00     0.00     0.00     0.00 -1    -1e-30      0.00 7.361e-01 2.584e-01 9.880e-04 2.699e-04 2.451e-03 -1.000 5.571e-03 1.196 1.688 1.658 1.744
0.0055 -0.44261 6.77000 2.1355042458 2.5738847270    2.134  1.466  4.0585  4.487    0  0.000  0.537     0.00     0.00     0.00     0.00     0.00 -1    -1e-30      0.00 7.361e-01 2.584e-01 9.880e-04 2.699e-04 2.451e-03 -1.000 5.571e-03 1.104 1.634 1.601 1.696
0.0055 -0.44261 6.77000 2.1408805847 2.5740807060    2.140  1.471  4.0593  4.487    0  0.000  0.537     0.00     0.00     0.00     0.00     0.00 -1    -1e-30      0.00 7.361e-01 2.584e-01 9.880e-04 2.699e-04 2.451e-03 -1.000 5.571e-03 1.093 1.627 1.594 1.690
0.0055 -0.44261 6.77000 2.1708550453 2.5751529084    2.169  1.489  4.0631  4.489    0  0.000  0.537     0.00     0.00     0.00     0.00     0.00 -1    -1e-30      0.00 7.361e-01 2.584e-01 9.880e-04 2.699e-04 2.451e-03 -1.000 5.571e-03 1.047 1.601 1.567 1.666
0.0055 -0.44261 6.77000 2.1849665642 2.5756459881    2.184  1.500  4.0652  4.490    0  0.000  0.537     0.00     0.00     0.00     0.00     0.00 -1    -1e-30      0.00 7.361e-01 2.583e-01 9.880e-04 2.699e-04 2.451e-03 -1.000 5.571e-03 1.020 1.585 1.550 1.651
0.0055 -0.44261 6.77000 2.2344286442 2.5773178692    2.233  1.537  4.0722  4.491    0  0.000  0.537     0.00     0.00     0.00     0.00     0.00 -1    -1e-30      0.00 7.361e-01 2.583e-01 9.879e-04 2.699e-04 2.451e-03 -1.000 5.571e-03 0.927 1.530 1.492 1.601
0.0055 -0.44261 6.77000 2.2838907242 2.5789067453    2.282  1.574  4.0792  4.491    0  0.000  0.538     0.00     0.00     0.00     0.00     0.00 -1    -1e-30      0.00 7.361e-01 2.583e-01 9.886e-04 2.699e-04 2.451e-03 -1.000 5.571e-03 0.835 1.475 1.435 1.551
0.0055 -0.44261 6.77000 2.3333525658 2.5804183969    2.332  1.609  4.0857  4.492    0  0.000  0.538     0.00     0.00     0.00     0.00     0.00 -1    -1e-30      0.00 7.361e-01 2.583e-01 9.880e-04 2.699e-04 2.451e-03 -1.000 5.571e-03 0.748 1.423 1.381 1.503
0.0055 -0.44261 6.77000 2.3828148842 2.5818581182    2.382  1.643  4.0921  4.492    0  0.000  0.538     0.00     0.00     0.00     0.00     0.00 -1    -1e-30      0.00 7.361e-01 2.583e-01 9.885e-04 2.699e-04 2.451e-03 -1.000 5.571e-03 0.662 1.372 1.328 1.456
0.0055 -0.44261 6.77000 2.4322769642 2.5832307011    2.430  1.676  4.0981  4.492    0  0.000  0.538     0.00     0.00     0.00     0.00     0.00 -1    -1e-30      0.00 7.361e-01 2.583e-01 9.886e-04 2.699e-04 2.451e-03 -1.000 5.571e-03 0.580 1.324 1.277 1.411
0.0055 -0.44261 6.77000 2.4387333393 2.5834051485    2.437  1.680  4.0989  4.492    0  0.000  0.538     0.00     0.00     0.00     0.00     0.00 -1    -1e-30      0.00 7.361e-01 2.583e-01 9.886e-04 2.699e-04 2.451e-03 -1.000 5.571e-03 0.570 1.317 1.271 1.405
0.0055 -0.44261 6.77000 2.6301250458 2.5881324392    2.629  1.802  4.1208  4.491    0  0.000  0.538     0.00     0.00     0.00     0.00     0.00 -1    -1e-30      0.00 7.361e-01 2.584e-01 9.888e-04 2.699e-04 2.452e-03 -1.000 5.571e-03 0.265 1.135 1.082 1.236
0.0055 -0.44261 6.77000 2.8279733658 2.5922539678    2.827  1.918  4.1410  4.487    1  0.000  0.538     0.00     0.00     0.00     0.00     0.00 -1    -1e-30      0.00 7.361e-01 2.584e-01 9.888e-04 2.699e-04 2.452e-03 -1.000 5.571e-03 -0.026 0.958 0.899 1.070
0.0055 -0.44261 6.77000 3.0258216858 2.5957619127    3.025  2.026  4.1589  4.481    1  0.000  0.538     0.00     0.00     0.00     0.00     0.00 -1    -1e-30      0.00 7.361e-01 2.584e-01 9.888e-04 2.699e-04 2.452e-03 -1.000 5.571e-03 -0.295 0.793 0.728 0.915
0.0055 -0.44261 6.77000 3.2236697674 2.5987793532    3.222  2.126  4.1764  4.477    0  0.000  0.538     0.00     0.00     0.00     0.00     0.00 -1    -1e-30      0.00 7.361e-01 2.584e-01 9.888e-04 2.699e-04 2.452e-03 -1.000 5.571e-03 -0.546 0.644 0.573 0.775
0.0055 -0.44261 6.77000 3.4215180874 2.6013990536    3.419  2.220  4.1918  4.471    0  0.000  0.538     0.00     0.00     0.00     0.00     0.00 -1    -1e-30      0.00 7.361e-01 2.584e-01 9.888e-04 2.699e-04 2.452e-03 -1.000 5.571e-03 -0.780 0.500 0.425 0.640
0.0055 -0.44261 6.77000 3.6193659306 2.6036921456    3.617  2.308  4.2054  4.462    1  0.000  0.538     0.00     0.00     0.00     0.00     0.00 -1    -1e-30      0.00 7.361e-01 2.584e-01 9.888e-04 2.699e-04 2.452e-03 -1.000 5.571e-03 -1.000 0.361 0.282 0.509
0.0055 -0.44261 6.77000 3.8172140121 2.6057140523    3.815  2.390  4.2181  4.454    1  0.000  0.538     0.00     0.00     0.00     0.00     0.00 -1    -1e-30      0.00 7.361e-01 2.584e-01 9.888e-04 2.699e-04 2.452e-03 -1.000 5.571e-03 -1.205 0.230 0.147 0.385
0.0055 -0.44261 6.77000 4.0150623322 2.6075085355    4.015  2.469  4.2313  4.450    1  0.000  0.538     0.00     0.00     0.00     0.00     0.00 -1    -1e-30      0.00 7.361e-01 2.584e-01 9.888e-04 2.699e-04 2.452e-03 -1.000 5.571e-03 -1.402 0.112 0.026 0.274
0.0055 -0.44261 6.77000 4.2129106522 2.6091105826    4.211  2.542  4.2419  4.440    1  0.000  0.538     0.00     0.00     0.00     0.00     0.00 -1    -1e-30      0.00 7.361e-01 2.584e-01 9.888e-04 2.699e-04 2.452e-03 -1.000 5.571e-03 -1.585 -0.008 -0.098 0.159
0.0055 -0.44261 6.77000 4.2854733467 2.6096556856    4.283  2.568  4.2459  4.437    1  0.000  0.538     0.00     0.00     0.00     0.00     0.00 -1    -1e-30      0.00 7.361e-01 2.584e-01 9.888e-04 2.699e-04 2.452e-03 -1.000 5.571e-03 -1.651 -0.050 -0.141 0.120
0.0055 -0.44261 6.77000 4.4107589722 2.6105484820    4.408  2.613  4.2530  4.434    1  0.000  0.538     0.00     0.00     0.00     0.00     0.00 -1    -1e-30      0.00 7.361e-01 2.584e-01 9.888e-04 2.699e-04 2.452e-03 -1.000 5.571e-03 -1.762 -0.119 -0.212 0.055
0.0055 -0.44261 6.77000 4.6086072922 2.6118453348    4.606  2.680  4.2632  4.427    1  0.000  0.538     0.00     0.00     0.00     0.00     0.00 -1    -1e-30      0.00 7.361e-01 2.584e-01 9.888e-04 2.699e-04 2.452e-03 -1.000 5.571e-03 -1.929 -0.226 -0.322 -0.046
0.0055 -0.44261 6.77000 4.6837291718 2.6123048647    4.681  2.704  4.2671  4.424    1  0.000  0.538     0.00     0.00     0.00     0.00     0.00 -1    -1e-30      0.00 7.361e-01 2.584e-01 9.888e-04 2.699e-04 2.452e-03 -1.000 5.571e-03 -1.991 -0.265 -0.362 -0.083
0.0055 -0.44261 6.77000 4.8064551353 2.6130201765    4.804  2.744  4.2735  4.422    1  0.000  0.538     0.00     0.00     0.00     0.00     0.00 -1    -1e-30      0.00 7.361e-01 2.584e-01 9.888e-04 2.699e-04 2.452e-03 -1.000 5.571e-03 -2.090 -0.326 -0.425 -0.141
0.0055 -0.44261 6.77000 5.0043039322 2.6140888367    5.003  2.805  4.2823  4.413    1  0.000  0.538     0.00     0.00     0.00     0.00     0.00 -1    -1e-30      0.00 7.361e-01 2.584e-01 9.888e-04 2.699e-04 2.452e-03 -1.000 5.571e-03 -2.243 -0.428 -0.529 -0.237
0.0055 -0.44261 6.77000 5.2021517754 2.6150645543    5.202  2.863  4.2912  4.407    1  0.000  0.538     0.00     0.00     0.00     0.00     0.00 -1    -1e-30      0.00 7.361e-01 2.584e-01 9.888e-04 2.699e-04 2.452e-03 -1.000 5.571e-03 -2.389 -0.522 -0.626 -0.327
0.0055 -0.44261 6.77000 5.2860937119 2.6154532381    5.286  2.888  4.2947  4.404    1  0.000  0.538     0.00     0.00     0.00     0.00     0.00 -1    -1e-30      0.00 7.361e-01 2.584e-01 9.888e-04 2.699e-04 2.452e-03 -1.000 5.571e-03 -2.449 -0.562 -0.666 -0.365
0.0055 -0.44261 6.77000 5.4000000954 2.6159585105    5.401  2.920  4.2996  4.401    1  0.000  0.538     0.00     0.00     0.00     0.00     0.00 -1    -1e-30      0.00 7.361e-01 2.584e-01 9.888e-04 2.699e-04 2.452e-03 -1.000 5.571e-03 -2.529 -0.614 -0.720 -0.414
0.0055 -0.44261 6.77000 5.5662188530 2.6166533334    5.566  2.965  4.3066  4.397    1  0.000  0.538     0.00     0.00     0.00     0.00     0.00 -1    -1e-30      0.00 7.361e-01 2.584e-01 9.888e-04 2.699e-04 2.452e-03 -1.000 5.571e-03 -2.643 -0.687 -0.795 -0.483
0.0055 -0.44261 6.77000 5.7324385643 2.6173020252    5.732  3.009  4.3132  4.392    1  0.000  0.538     0.00     0.00     0.00     0.00     0.00 -1    -1e-30      0.00 7.361e-01 2.584e-01 9.888e-04 2.699e-04 2.452e-03 -1.000 5.571e-03 -2.753 -0.759 -0.869 -0.552
0.0055 -0.44261 6.77000 5.8677687645 2.6177990717    5.868  3.044  4.3184  4.388    1  0.000  0.538     0.00     0.00     0.00     0.00     0.00 -1    -1e-30      0.00 7.361e-01 2.584e-01 9.888e-04 2.699e-04 2.452e-03 -1.000 5.571e-03 -2.840 -0.817 -0.928 -0.607
0.0055 -0.44261 6.77000 5.8986577988 2.6179088520    5.898  3.052  4.3195  4.387    1  0.000  0.538     0.00     0.00     0.00     0.00     0.00 -1    -1e-30      0.00 7.361e-01 2.584e-01 9.888e-04 2.699e-04 2.452e-03 -1.000 5.571e-03 -2.860 -0.830 -0.941 -0.619
0.0055 -0.44261 6.77000 6.0648765564 2.6184775844    6.064  3.094  4.3259  4.382    1  0.000  0.538     0.00     0.00     0.00     0.00     0.00 -1    -1e-30      0.00 7.361e-01 2.584e-01 9.888e-04 2.699e-04 2.452e-03 -1.000 5.571e-03 -2.964 -0.898 -1.011 -0.684
0.0055 -0.44261 6.77000 6.2310962677 2.6190115669    6.230  3.134  4.3321  4.378    1  0.000  0.538     0.00     0.00     0.00     0.00     0.00 -1    -1e-30      0.00 7.361e-01 2.584e-01 9.888e-04 2.699e-04 2.452e-03 -1.000 5.571e-03 -3.066 -0.965 -1.079 -0.747
0.0055 -0.44261 6.77000 6.7297534943 2.6204331025    6.720  3.247  4.3487  4.365    1  0.000  0.538     0.00     0.00     0.00     0.00     0.00 -1    -1e-30      0.00 7.361e-01 2.584e-01 9.888e-04 2.699e-04 2.452e-03 -1.000 5.571e-03 -3.348 -1.153 -1.273 -0.926
0.0055 -0.44261 6.77000 7.0980820656 2.6213369380    7.084  3.325  4.3600  4.356    1  0.000  0.538     0.00     0.00     0.00     0.00     0.00 -1    -1e-30      0.00 7.361e-01 2.584e-01 9.888e-04 2.699e-04 2.452e-03 -1.000 5.571e-03 -3.542 -1.284 -1.407 -1.051
0.0055 -0.44261 6.77000 7.5608496666 2.6223302237    7.542  3.418  4.3736  4.344    1  0.000  0.538     0.00     0.00     0.00     0.00     0.00 -1    -1e-30      0.00 7.361e-01 2.584e-01 9.888e-04 2.699e-04 2.452e-03 -1.000 5.571e-03 -3.774 -1.442 -1.568 -1.201
0.0055 -0.44261 6.77000 8.3173608780 2.6236836016    8.300  3.559  4.3939  4.325    1  0.000  0.538     0.00     0.00     0.00     0.00     0.00 -1    -1e-30      0.00 7.361e-01 2.584e-01 9.888e-04 2.699e-04 2.452e-03 -1.000 5.571e-03 -4.128 -1.686 -1.818 -1.435
0.0055 -0.44261 6.77000 8.3919458389 2.6238019212    8.375  3.573  4.3958  4.324    1  0.000  0.538     0.00     0.00     0.00     0.00     0.00 -1    -1e-30      0.00 7.361e-01 2.584e-01 9.888e-04 2.699e-04 2.452e-03 -1.000 5.571e-03 -4.162 -1.709 -1.841 -1.458
0.0055 -0.44261 6.77000 9.2230415344 2.6249728885    9.209  3.713  4.4154  4.303    1  0.000  0.538     0.00     0.00     0.00     0.00     0.00 -1    -1e-30      0.00 7.361e-01 2.584e-01 9.888e-04 2.699e-04 2.452e-03 -1.000 5.571e-03 -4.512 -1.937 -2.075 -1.687
0.0055 -0.44261 6.77000 10.0541372299 2.6259240886   10.033  3.837  4.4326  4.284    1  0.000  0.538     0.00     0.00     0.00     0.00     0.00 -1    -1e-30      0.00 7.361e-01 2.584e-01 9.888e-04 2.699e-04 2.452e-03 -1.000 5.571e-03 -4.824 -2.166 -2.308 -1.906
0.0055 -0.44261 6.77000 10.6658601761 2.6265163812   10.643  3.923  4.4440  4.270    1  0.000  0.538     0.00     0.00     0.00     0.00     0.00 -1    -1e-30      0.00 7.361e-01 2.584e-01 9.888e-04 2.699e-04 2.452e-03 -1.000 5.571e-03 -5.037 -2.348 -2.492 -2.084
0.0055 -0.44261 6.77000 10.8852338791 2.6267102290   10.861  3.953  4.4479  4.265    1  0.000  0.538     0.00     0.00     0.00     0.00     0.00 -1    -1e-30      0.00 7.361e-01 2.584e-01 9.888e-04 2.699e-04 2.452e-03 -1.000 5.571e-03 -5.111 -2.411 -2.555 -2.145
0.0055 -0.44261 6.77000 11.5813503265 2.6272698231   11.554  4.042  4.4595  4.249    1  0.000  0.539     0.00     0.00     0.00     0.00     0.00 -1 -3.47e-28      0.00 7.361e-01 2.584e-01 9.900e-04 2.699e-04 2.452e-03 -1.000 5.571e-03 -5.335 -2.570 -2.718 -2.296
0.0055 -0.44261 6.77000 12.4103546143 2.6278429771   12.377  4.143  4.4722  4.228    1  0.000  0.540     0.00     0.00     0.00     0.00     0.00 -1  -2.4e-25      0.00 7.360e-01 2.584e-01 9.914e-04 2.700e-04 2.452e-03 -1.000 5.571e-03 -5.588 -2.745 -2.897 -2.461
0.0055 -0.44261 6.77000 12.5474262238 2.6279293921   12.514  4.159  4.4742  4.225    1  0.000  0.540     0.00     0.00     0.00     0.00     0.00 -1 -6.79e-25      0.00 7.360e-01 2.584e-01 9.916e-04 2.700e-04 2.452e-03 -1.000 5.571e-03 -5.628 -2.773 -2.926 -2.488
0.0055 -0.44261 6.77000 12.5993747711 2.6279615779   12.565  4.165  4.4749  4.224    1  0.000  0.540     0.00     0.00     0.00     0.00     0.00 -1 -1.87e-24      0.00 7.360e-01 2.584e-01 9.919e-04 2.700e-04 2.452e-03 -1.000 5.571e-03 -5.643 -2.784 -2.936 -2.498
0.0055 -0.44261 6.77000 13.3768692017 2.6284091498   13.329  4.251  4.4850  4.204    1  0.000  0.542     0.00     0.00     0.00     0.00     0.00 -1 -4.66e-18      0.00 7.360e-01 2.584e-01 9.961e-04 2.701e-04 2.452e-03 -1.000 5.571e-03 -5.858 -2.945 -3.099 -2.654
0.0055 -0.44261 6.77000 14.0690279007 2.6287601084   14.008  4.324  4.4934  4.185    1  0.000  0.544     0.00     0.00     0.00     0.00     0.00 -1 -1.17e-12      0.00 7.360e-01 2.584e-01 9.996e-04 2.702e-04 2.451e-03 -1.000 5.571e-03 -6.041 -3.086 -3.243 -2.789
0.0055 -0.44261 6.77000 14.2096176147 2.6288266068   14.147  4.339  4.4950  4.182    1  0.000  0.544     0.00     0.00     0.00     0.00     0.00 -1 -1.36e-11      0.00 7.360e-01 2.584e-01 1.000e-03 2.702e-04 2.451e-03 -1.000 5.571e-03 -6.077 -3.114 -3.271 -2.816
0.0055 -0.44261 6.77000 14.3384752274 2.6288862406   14.274  4.352  4.4964  4.178    1  0.000  0.544     0.00     0.00     0.00     0.00     0.00 -1 -2.23e-11      0.00 7.360e-01 2.584e-01 1.000e-03 2.702e-04 2.451e-03 -1.000 5.571e-03 -6.109 -3.139 -3.297 -2.840
0.0055 -0.44261 6.77000 15.0655097961 2.6292008384   14.988  4.422  4.5040  4.159    1  0.000  0.545     0.00     0.00     0.00     0.00     0.00 -1 -3.37e-10      0.00 7.360e-01 2.585e-01 1.001e-03 2.702e-04 2.451e-03 -1.000 5.571e-03 -6.286 -3.277 -3.436 -2.974
0.0055 -0.44261 6.77000 15.7592439651 2.6294701165   15.669  4.487  4.5106  4.140    1  0.000  0.545     0.00     0.00     0.00     0.00     0.00 -1 -4.01e-09      0.00 7.360e-01 2.585e-01 1.002e-03 2.703e-04 2.451e-03 -1.000 5.571e-03 -6.448 -3.403 -3.562 -3.099
0.0055 -0.44261 6.77000 15.8718109131 2.6295112651   15.780  4.498  4.5116  4.137    1  0.000  0.545     0.00     0.00     0.00     0.00     0.00 -1 -5.93e-09      0.00 7.360e-01 2.585e-01 1.002e-03 2.703e-04 2.451e-03 -1.000 5.571e-03 -6.474 -3.423 -3.583 -3.119
0.0055 -0.44261 6.77000 16.7701053619 2.6298170033   16.662  4.576  4.5189  4.111    1  0.000  0.545     0.00     0.00     0.00     0.00     0.00 -1 -8.55e-09      0.00 7.360e-01 2.585e-01 1.002e-03 2.703e-04 2.451e-03 -1.000 5.571e-03 -6.671 -3.579 -3.740 -3.276
0.0055 -0.44261 6.77000 17.5340042114 2.6300488554   17.412  4.642  4.5243  4.086    1  0.000  0.545     0.00     0.00     0.00     0.00     0.00 -1 -1.17e-08      0.00 7.360e-01 2.585e-01 1.002e-03 2.703e-04 2.451e-03 -1.000 5.571e-03 -6.834 -3.712 -3.873 -3.410
0.0055 -0.44261 6.77000 17.8540935516 2.6301392502   17.726  4.667  4.5263  4.076    1  0.000  0.545     0.00     0.00     0.00     0.00     0.00 -1 -1.31e-08      0.00 7.360e-01 2.585e-01 1.002e-03 2.703e-04 2.451e-03 -1.000 5.571e-03 -6.898 -3.768 -3.928 -3.465
0.0055 -0.44261 6.77000 18.8400154114 2.6303956197   18.694  4.744  4.5316  4.044    1  0.000  0.545     0.00     0.00     0.00     0.00     0.00 -1 -1.86e-08      0.00 7.360e-01 2.585e-01 1.002e-03 2.703e-04 2.451e-03 -1.000 5.571e-03 -7.090 -3.938 -4.098 -3.635
0.0055 -0.44261 6.77000 19.7694683075 2.6306105751   19.603  4.814  4.5356  4.011    1  0.000  0.545     0.00     0.00     0.00     0.00     0.00 -1 -2.53e-08      0.00 7.360e-01 2.585e-01 1.002e-03 2.703e-04 2.451e-03 -1.000 5.571e-03 -7.264 -4.092 -4.252 -3.788
0.0055 -0.44261 6.77000 20.6485252380 2.6307935342   20.459  4.878  4.5383  3.976    1  0.000  0.545     0.00     0.00     0.00     0.00     0.00 -1 -3.36e-08      0.00 7.360e-01 2.585e-01 1.002e-03 2.703e-04 2.451e-03 -1.000 5.571e-03 -7.425 -4.241 -4.402 -3.938
