Zini MH logAge Mini int_IMF Mass logL logTe logg label McoreTP C_O period0 period1 period2 period3 period4 pmode Mloss tau1m X Y Xc Xn Xo Cexcess Z mbolmag Gmag G_BPmag G_RPmag
0.004 -0.58336 8.22001 0.0900000036 1.0816895926    0.090 -2.851  3.4500  4.996    0  0.000  0.545     0.00     0.00     0.00     0.00     0.00 -1  -1.9e-16      0.00 7.399e-01 2.561e-01 7.193e-04 1.940e-04 1.760e-03 -1.000 4.000e-03 11.899 13.265 15.544 11.902
0.004 -0.58336 8.22001 0.0903833359 1.0853516054    0.090 -2.848  3.4504  4.996    0  0.000  0.545     0.00     0.00     0.00     0.00     0.00 -1  -1.9e-16      0.00 7.399e-01 2.561e-01 7.193e-04 1.940e-04 1.760e-03 -1.000 4.000e-03 11.891 13.253 15.524 11.891
0.004 -0.58336 8.22001 0.0962846205 1.1392990624    0.096 -2.797  3.4579  5.002    0  0.000  0.545     0.00     0.00     0.00     0.00     0.00 -1 -2.06e-16      0.00 7.399e-01 2.561e-01 7.193e-04 1.940e-04 1.760e-03 -1.000 4.000e-03 11.762 13.051 15.187 11.714
0.004 -0.58336 8.22001 0.1000000015 1.1711064122    0.100 -2.765  3.4628  5.006    0  0.000  0.545     0.00     0.00     0.00     0.00     0.00 -1 -2.17e-16      0.00 7.399e-01 2.561e-01 7.193e-04 1.940e-04 1.760e-03 -1.000 4.000e-03 11.682 12.925 14.977 11.604
0.004 -0.58336 8.22001 0.1063449681 1.2220231696    0.106 -2.718  3.4688  5.010    0  0.000  0.545     0.00     0.00     0.00     0.00     0.00 -1 -2.33e-16      0.00 7.399e-01 2.561e-01 7.193e-04 1.940e-04 1.760e-03 -1.000 4.000e-03 11.566 12.753 14.707 11.452
0.004 -0.58336 8.22001 0.1165253967 1.2959749751    0.116 -2.645  3.4787  5.016    0  0.000  0.545     0.00     0.00     0.00     0.00     0.00 -1 -2.62e-16      0.00 7.399e-01 2.561e-01 7.193e-04 1.940e-04 1.760e-03 -1.000 4.000e-03 11.382 12.479 14.276 11.212
0.004 -0.58336 8.22001 0.1199999973 1.3193154249    0.120 -2.619  3.4822  5.017    0  0.000  0.545     0.00     0.00     0.00     0.00     0.00 -1 -2.73e-16      0.00 7.399e-01 2.561e-01 7.193e-04 1.940e-04 1.760e-03 -1.000 4.000e-03 11.318 12.383 14.128 11.129
0.004 -0.58336 8.22001 0.1326885074 1.3976213387    0.133 -2.543  3.4912  5.021    0  0.000  0.545     0.00     0.00     0.00     0.00     0.00 -1 -3.09e-16      0.00 7.399e-01 2.561e-01 7.193e-04 1.940e-04 1.760e-03 -1.000 4.000e-03 11.128 12.110 13.721 10.890
0.004 -0.58336 8.22001 0.1400000006 1.4384526719    0.140 -2.500  3.4963  5.021    0  0.000  0.545     0.00     0.00     0.00     0.00     0.00 -1 -3.32e-16      0.00 7.399e-01 2.561e-01 7.193e-04 1.940e-04 1.760e-03 -1.000 4.000e-03 11.019 11.959 13.507 10.758
0.004 -0.58336 8.22001 0.1536607295 1.5077859557    0.154 -2.429  3.5040  5.021    0  0.000  0.545     0.00     0.00     0.00     0.00     0.00 -1 -3.73e-16      0.00 7.399e-01 2.561e-01 7.193e-04 1.940e-04 1.760e-03 -1.000 4.000e-03 10.842 11.720 13.178 10.546
0.004 -0.58336 8.22001 0.1599999964 1.5372931554    0.160 -2.396  3.5075  5.020    0  0.000  0.545     0.00     0.00     0.00     0.00     0.00 -1 -3.94e-16      0.00 7.399e-01 2.561e-01 7.193e-04 1.940e-04 1.760e-03 -1.000 4.000e-03 10.761 11.611 13.031 10.450
0.004 -0.58336 8.22001 0.1737215072 1.5962544992    0.174 -2.336  3.5135  5.019    0  0.000  0.545     0.00     0.00     0.00     0.00     0.00 -1 -4.34e-16      0.00 7.399e-01 2.561e-01 7.193e-04 1.940e-04 1.760e-03 -1.000 4.000e-03 10.609 11.413 12.768 10.273
0.004 -0.58336 8.22001 0.1815080941 1.6270855252    0.181 -2.301  3.5167  5.017    0  0.000  0.545     0.00     0.00     0.00     0.00     0.00 -1 -4.59e-16      0.00 7.399e-01 2.561e-01 7.193e-04 1.940e-04 1.760e-03 -1.000 4.000e-03 10.523 11.302 12.625 10.174
0.004 -0.58336 8.22001 0.1999999881 1.6938790356    0.200 -2.222  3.5240  5.009    0  0.000  0.545     0.00     0.00     0.00     0.00     0.00 -1  -5.3e-16      0.00 7.399e-01 2.561e-01 7.193e-04 1.940e-04 1.760e-03 -1.000 4.000e-03 10.326 11.053 12.310 9.950
0.004 -0.58336 8.22001 0.2217337042 1.7628011201    0.222 -2.143  3.5302  4.999    0  0.000  0.545     0.00     0.00     0.00     0.00     0.00 -1 -6.14e-16      0.00 7.399e-01 2.561e-01 7.193e-04 1.940e-04 1.760e-03 -1.000 4.000e-03 10.127 10.814 12.018 9.730
0.004 -0.58336 8.22001 0.2500000000 1.8403257998    0.250 -2.042  3.5373  4.980    0  0.000  0.545     0.00     0.00     0.00     0.00     0.00 -1 -7.46e-16      0.00 7.399e-01 2.561e-01 7.193e-04 1.940e-04 1.760e-03 -1.000 4.000e-03 9.876 10.518 11.670 9.457
0.004 -0.58336 8.22001 0.3000000119 1.9529139769    0.300 -1.905  3.5474  4.962    0  0.000  0.545     0.00     0.00     0.00     0.00     0.00 -1 -9.52e-16      0.00 7.399e-01 2.561e-01 7.193e-04 1.940e-04 1.760e-03 -1.000 4.000e-03 9.533 10.115 11.198 9.084
0.004 -0.58336 8.22001 0.3499999642 2.0434174156    0.350 -1.764  3.5580  4.930    0  0.000  0.545     0.00     0.00     0.00     0.00     0.00 -1 -1.26e-15      0.00 7.399e-01 2.561e-01 7.193e-04 1.940e-04 1.760e-03 -1.000 4.000e-03 9.181 9.704 10.722 8.704
0.004 -0.58336 8.22001 0.3999999762 2.1185023988    0.400 -1.604  3.5710  4.880    0  0.000  0.545     0.00     0.00     0.00     0.00     0.00 -1 -1.81e-15      0.00 7.399e-01 2.561e-01 7.193e-04 1.940e-04 1.760e-03 -1.000 4.000e-03 8.780 9.236 10.181 8.273
0.004 -0.58336 8.22001 0.4499999881 2.1822809009    0.450 -1.445  3.5872  4.837    0  0.000  0.545     0.00     0.00     0.00     0.00     0.00 -1 -2.59e-15      0.00 7.399e-01 2.561e-01 7.193e-04 1.940e-04 1.760e-03 -1.000 4.000e-03 8.382 8.764 9.633 7.844
0.004 -0.58336 8.22001 0.4831803441 2.2197262845    0.483 -1.342  3.5988  4.811    0  0.000  0.545     0.00     0.00     0.00     0.00     0.00 -1 -3.26e-15      0.00 7.399e-01 2.561e-01 7.193e-04 1.940e-04 1.760e-03 -1.000 4.000e-03 8.125 8.459 9.279 7.568
0.004 -0.58336 8.22001 0.4999999702 2.2374541023    0.500 -1.294  3.6034  4.797    0  0.000  0.545     0.00     0.00     0.00     0.00     0.00 -1 -3.62e-15      0.00 7.399e-01 2.561e-01 7.193e-04 1.940e-04 1.760e-03 -1.000 4.000e-03 8.006 8.324 9.126 7.444
0.004 -0.58336 8.22001 0.5005515814 2.2380220344    0.501 -1.293  3.6036  4.797    0  0.000  0.545     0.00     0.00     0.00     0.00     0.00 -1 -3.64e-15      0.00 7.399e-01 2.561e-01 7.193e-04 1.940e-04 1.760e-03 -1.000 4.000e-03 8.002 8.320 9.120 7.439
0.004 -0.58336 8.22001 0.5500000119 2.2836582633    0.550 -1.118  3.6288  4.763    0  0.000  0.545     0.00     0.00     0.00     0.00     0.00 -1 -5.37e-15      0.00 7.403e-01 2.557e-01 7.183e-04 1.938e-04 1.757e-03 -1.000 4.000e-03 7.565 7.796 8.498 6.978
0.004 -0.58336 8.22001 0.5999999642 2.3211212854    0.600 -0.946  3.6561  4.738    0  0.000  0.545     0.00     0.00     0.00     0.00     0.00 -1 -7.88e-15      0.00 7.404e-01 2.556e-01 7.181e-04 1.937e-04 1.757e-03 -1.000 4.000e-03 7.134 7.263 7.856 6.524
0.004 -0.58336 8.22001 0.6499999166 2.3520352771    0.650 -0.780  3.6834  4.716    0  0.000  0.545     0.00     0.00     0.00     0.00     0.00 -1 -1.13e-14      0.00 7.405e-01 2.555e-01 7.178e-04 1.936e-04 1.756e-03 -1.000 4.000e-03 6.720 6.759 7.258 6.094
0.004 -0.58336 8.22001 0.6776705980 2.3669065977    0.678 -0.692  3.6975  4.704    0  0.000  0.545     0.00     0.00     0.00     0.00     0.00 -1 -1.38e-14      0.00 7.406e-01 2.555e-01 7.177e-04 1.936e-04 1.756e-03 -1.000 3.944e-03 6.501 6.501 6.960 5.870
0.004 -0.58336 8.22001 0.6999999881 2.3779266974    0.700 -0.626  3.7088  4.697    0  0.000  0.545     0.00     0.00     0.00     0.00     0.00 -1 -1.59e-14      0.00 7.406e-01 2.555e-01 7.176e-04 1.936e-04 1.756e-03 -1.000 3.902e-03 6.336 6.311 6.742 5.706
0.004 -0.58336 8.22001 0.7477272749 2.3989636747    0.748 -0.492  3.7316  4.682    0  0.000  0.538     0.00     0.00     0.00     0.00     0.00 -1 -2.13e-14      0.00 7.407e-01 2.553e-01 7.083e-04 1.933e-04 1.756e-03 -1.000 3.996e-03 6.001 5.939 6.318 5.384
0.004 -0.58336 8.22001 0.7954545617 2.4171243451    0.795 -0.368  3.7505  4.660    0  0.000  0.538     0.00     0.00     0.00     0.00     0.00 -1 -2.83e-14      0.00 7.409e-01 2.551e-01 7.075e-04 1.932e-04 1.754e-03 -1.000 3.984e-03 5.689 5.610 5.950 5.095
0.004 -0.58336 8.22001 0.8431818485 2.4329412586    0.843 -0.250  3.7668  4.633    0  0.000  0.538     0.00     0.00     0.00     0.00     0.00 -1 -3.71e-14      0.00 7.411e-01 2.549e-01 7.069e-04 1.931e-04 1.753e-03 -1.000 3.979e-03 5.395 5.310 5.617 4.830
0.004 -0.58336 8.22001 0.8909090757 2.4468253017    0.890 -0.138  3.7809  4.601    0  0.000  0.538     0.00     0.00     0.00     0.00     0.00 -1 -4.85e-14      0.00 7.414e-01 2.546e-01 7.061e-04 1.928e-04 1.751e-03 -1.000 3.970e-03 5.115 5.028 5.308 4.580
0.004 -0.58336 8.22001 0.9386363626 2.4590982838    0.938 -0.031  3.7932  4.566    0  0.000  0.538     0.00     0.00     0.00     0.00     0.00 -1 -6.28e-14      0.00 7.421e-01 2.540e-01 7.047e-04 1.925e-04 1.748e-03 -1.000 3.961e-03 4.849 4.765 5.022 4.344
0.004 -0.58336 8.22001 0.9863637090 2.4700155298    0.986  0.071  3.8044  4.531    0  0.000  0.538     0.00     0.00     0.00     0.00     0.00 -1 -8.08e-14      0.00 7.423e-01 2.537e-01 7.042e-04 1.923e-04 1.747e-03 -1.000 3.983e-03 4.593 4.514 4.750 4.118
0.004 -0.58336 8.22001 1.0340908766 2.4797820107    1.034  0.167  3.8149  4.497    1  0.000  0.537     0.00     0.00     0.00     0.00     0.00 -1 -9.74e-14      0.00 7.424e-01 2.536e-01 7.042e-04 1.923e-04 1.747e-03 -1.000 3.997e-03 4.351 4.275 4.494 3.903
0.004 -0.58336 8.22001 1.0818182230 2.4885641938    1.081  0.259  3.8254  4.466    1  0.000  0.537     0.00     0.00     0.00     0.00     0.00 -1 -1.13e-13      0.00 7.425e-01 2.535e-01 7.041e-04 1.923e-04 1.747e-03 -1.000 3.959e-03 4.122 4.048 4.250 3.699
0.004 -0.58336 8.22001 1.1295454502 2.4964983821    1.129  0.347  3.8361  4.440    1  0.000  0.537     0.00     0.00     0.00     0.00     0.00 -1 -1.29e-13      0.00 7.426e-01 2.535e-01 7.041e-04 1.923e-04 1.747e-03 -1.000 3.941e-03 3.902 3.831 4.016 3.505
0.004 -0.58336 8.22001 1.1772727966 2.5036973537    1.176  0.430  3.8474  4.420    1  0.000  0.537     0.00     0.00     0.00     0.00     0.00 -1 -1.43e-13      0.00 7.426e-01 2.535e-01 7.040e-04 1.923e-04 1.747e-03 -1.000 3.936e-03 3.694 3.627 3.795 3.327
0.004 -0.58336 8.22001 1.2250000238 2.5102550374    1.224  0.509  3.8600  4.409    0  0.000  0.537     0.00     0.00     0.00     0.00     0.00 -1 -1.55e-13      0.00 7.427e-01 2.534e-01 7.038e-04 1.922e-04 1.746e-03 -1.000 3.967e-03 3.499 3.435 3.584 3.164
0.004 -0.58336 8.22001 1.2727272511 2.5162503525    1.272  0.583  3.8744  4.409    1  0.000  0.537     0.00     0.00     0.00     0.00     0.00 -1 -1.62e-13      0.00 7.428e-01 2.533e-01 7.036e-04 1.922e-04 1.746e-03 -1.000 3.960e-03 3.313 3.256 3.384 3.019
0.004 -0.58336 8.22001 1.3204547167 2.5217500316    1.320  0.654  3.8899  4.416    1  0.000  0.537     0.00     0.00     0.00     0.00     0.00 -1 -1.65e-13      0.00 7.429e-01 2.532e-01 7.034e-04 1.921e-04 1.745e-03 -1.000 3.948e-03 3.135 3.086 3.193 2.886
0.004 -0.58336 8.22001 1.3681819439 2.5268107737    1.368  0.722  3.9054  4.426    1  0.000  0.537     0.00     0.00     0.00     0.00     0.00 -1 -1.64e-13      0.00 7.429e-01 2.531e-01 7.032e-04 1.921e-04 1.745e-03 -1.000 3.980e-03 2.965 2.930 3.015 2.768
0.004 -0.58336 8.22001 1.4159091711 2.5314811780    1.416  0.787  3.9202  4.435    1  0.000  0.537     0.00     0.00     0.00     0.00     0.00 -1 -1.59e-13      0.00 7.430e-01 2.530e-01 7.030e-04 1.920e-04 1.744e-03 -1.000 3.961e-03 2.802 2.785 2.851 2.659
0.004 -0.58336 8.22001 1.4636363983 2.5358030388    1.464  0.850  3.9344  4.443    1  0.000  0.537     0.00     0.00     0.00     0.00     0.00 -1 -1.49e-13      0.00 7.431e-01 2.529e-01 7.028e-04 1.920e-04 1.743e-03 -1.000 3.973e-03 2.644 2.654 2.702 2.561
0.004 -0.58336 8.22001 1.5113636255 2.5398125027    1.511  0.911  3.9478  4.450    1  0.000  0.537     0.00     0.00     0.00     0.00     0.00 -1 -1.33e-13      0.00 7.432e-01 2.529e-01 7.026e-04 1.919e-04 1.743e-03 -1.000 3.931e-03 2.492 2.538 2.571 2.473
0.004 -0.58336 8.22001 1.5590909719 2.5435409894    1.559  0.969  3.9606  4.456    1  0.000  0.537     0.00     0.00     0.00     0.00     0.00 -1  -1.1e-13      0.00 7.433e-01 2.527e-01 7.024e-04 1.918e-04 1.743e-03 -1.000 3.990e-03 2.347 2.432 2.454 2.391
0.004 -0.58336 8.22001 1.6068181992 2.5470158979    1.606  1.026  3.9725  4.460    1  0.000  0.537     0.00     0.00     0.00     0.00     0.00 -1 -8.04e-14      0.00 7.434e-01 2.527e-01 7.023e-04 1.918e-04 1.742e-03 -1.000 3.947e-03 2.206 2.335 2.348 2.312
0.004 -0.58336 8.22001 1.6545455456 2.5502612770    1.654  1.079  3.9836  4.464    1  0.000  0.537     0.00     0.00     0.00     0.00     0.00 -1 -1.48e-15      0.00 7.434e-01 2.526e-01 7.022e-04 1.918e-04 1.742e-03 -1.000 4.000e-03 2.071 2.245 2.250 2.237
0.004 -0.58336 8.22001 1.7022727728 2.5532982573    1.701  1.131  3.9939  4.465    1  0.000  0.537     0.00     0.00     0.00     0.00     0.00 -1    -1e-30      0.00 7.435e-01 2.525e-01 7.020e-04 1.918e-04 1.742e-03 -1.000 3.998e-03 1.942 2.160 2.158 2.164
0.004 -0.58336 8.22001 1.7500000000 2.5561455243    1.749  1.181  4.0034  4.465    1  0.000  0.537     0.00     0.00     0.00     0.00     0.00 -1    -1e-30      0.00 7.435e-01 2.525e-01 7.019e-04 1.917e-04 1.741e-03 -1.000 3.991e-03 1.817 2.077 2.070 2.092
0.004 -0.58336 8.22001 1.7643076181 2.5569646371    1.763  1.196  4.0061  4.465    1  0.000  0.537     0.00     0.00     0.00     0.00     0.00 -1    -1e-30      0.00 7.436e-01 2.525e-01 7.018e-04 1.917e-04 1.741e-03 -1.000 3.983e-03 1.780 2.053 2.045 2.071
0.004 -0.58336 8.22001 1.7999999523 2.5589429085    1.799  1.232  4.0127  4.464    1  0.000  0.537     0.00     0.00     0.00     0.00     0.00 -1    -1e-30      0.00 7.436e-01 2.524e-01 7.017e-04 1.916e-04 1.741e-03 -1.000 3.954e-03 1.690 1.994 1.982 2.018
0.004 -0.58336 8.22001 1.8070143461 2.5593211341    1.806  1.239  4.0139  4.463    1  0.000  0.537     0.00     0.00     0.00     0.00     0.00 -1    -1e-30      0.00 7.436e-01 2.524e-01 7.017e-04 1.916e-04 1.741e-03 -1.000 3.963e-03 1.673 1.983 1.970 2.008
0.004 -0.58336 8.22001 1.8500000238 2.5615671203    1.849  1.281  4.0213  4.461    1  0.000  0.537     0.00     0.00     0.00     0.00     0.00 -1    -1e-30      0.00 7.436e-01 2.524e-01 7.016e-04 1.917e-04 1.741e-03 -1.000 4.000e-03 1.568 1.913 1.897 1.946
0.004 -0.58336 8.22001 1.8999999762 2.5640331260    1.899  1.328  4.0295  4.458    1  0.000  0.537     0.00     0.00     0.00     0.00     0.00 -1    -1e-30      0.00 7.437e-01 2.524e-01 7.016e-04 1.916e-04 1.741e-03 -1.000 3.900e-03 1.449 1.835 1.815 1.874
0.004 -0.58336 8.22001 1.9500000477 2.5663542714    1.950  1.375  4.0374  4.455    1  0.000  0.537     0.00     0.00     0.00     0.00     0.00 -1    -1e-30      0.00 7.438e-01 2.523e-01 7.015e-04 1.916e-04 1.740e-03 -1.000 3.906e-03 1.333 1.759 1.736 1.805
0.004 -0.58336 8.22001 1.9582318068 2.5667233672    1.958  1.382  4.0387  4.454    1  0.000  0.537     0.00     0.00     0.00     0.00     0.00 -1    -1e-30      0.00 7.438e-01 2.523e-01 7.015e-04 1.916e-04 1.740e-03 -1.000 3.910e-03 1.314 1.747 1.723 1.793
0.004 -0.58336 8.22001 2.0000000000 2.5685424513    2.000  1.420  4.0449  4.451    1  0.000  0.537     0.00     0.00     0.00     0.00     0.00 -1    -1e-30      0.00 7.438e-01 2.523e-01 7.014e-04 1.916e-04 1.741e-03 -1.000 3.962e-03 1.220 1.684 1.658 1.736
0.004 -0.58336 8.22001 2.0133252144 2.5691045583    2.013  1.432  4.0468  4.449    1  0.000  0.537     0.00     0.00     0.00     0.00     0.00 -1    -1e-30      0.00 7.438e-01 2.523e-01 7.014e-04 1.916e-04 1.740e-03 -1.000 3.973e-03 1.190 1.665 1.637 1.717
0.004 -0.58336 8.22001 2.0499999523 2.5706083333    2.050  1.464  4.0520  4.445    1  0.000  0.537     0.00     0.00     0.00     0.00     0.00 -1    -1e-30      0.00 7.438e-01 2.522e-01 7.014e-04 1.916e-04 1.740e-03 -1.000 4.000e-03 1.110 1.611 1.581 1.667
0.004 -0.58336 8.22001 2.0553355217 2.5708219713    2.055  1.469  4.0527  4.445    1  0.000  0.537     0.00     0.00     0.00     0.00     0.00 -1    -1e-30      0.00 7.438e-01 2.522e-01 7.013e-04 1.916e-04 1.740e-03 -1.000 4.000e-03 1.098 1.603 1.573 1.660
0.004 -0.58336 8.22001 2.0999999046 2.5725614918    2.099  1.508  4.0589  4.440    1  0.000  0.537     0.00     0.00     0.00     0.00     0.00 -1    -1e-30      0.00 7.438e-01 2.522e-01 7.013e-04 1.915e-04 1.740e-03 -1.000 4.000e-03 1.001 1.538 1.506 1.599
0.004 -0.58336 8.22001 2.1201317310 2.5733180540    2.119  1.525  4.0616  4.438    1  0.000  0.537     0.00     0.00     0.00     0.00     0.00 -1    -1e-30      0.00 7.438e-01 2.522e-01 7.013e-04 1.915e-04 1.740e-03 -1.000 3.959e-03 0.958 1.510 1.476 1.573
0.004 -0.58336 8.22001 2.1500000954 2.5744105556    2.149  1.550  4.0655  4.434    1  0.000  0.537     0.00     0.00     0.00     0.00     0.00 -1    -1e-30      0.00 7.438e-01 2.523e-01 7.013e-04 1.915e-04 1.740e-03 -1.000 3.900e-03 0.894 1.467 1.432 1.533
0.004 -0.58336 8.22001 2.2000000477 2.5761632879    2.199  1.592  4.0719  4.428    1  0.000  0.537     0.00     0.00     0.00     0.00     0.00 -1    -1e-30      0.00 7.439e-01 2.522e-01 7.013e-04 1.915e-04 1.740e-03 -1.000 3.900e-03 0.790 1.397 1.360 1.467
0.004 -0.58336 8.22001 2.2414910793 2.5775496755    2.240  1.626  4.0771  4.423    1  0.000  0.537     0.00     0.00     0.00     0.00     0.00 -1    -1e-30      0.00 7.438e-01 2.522e-01 7.012e-04 1.916e-04 1.740e-03 -1.000 3.983e-03 0.705 1.340 1.301 1.413
0.004 -0.58336 8.22001 2.2500000000 2.5778267375    2.249  1.633  4.0781  4.422    1  0.000  0.537     0.00     0.00     0.00     0.00     0.00 -1    -1e-30      0.00 7.438e-01 2.522e-01 7.012e-04 1.916e-04 1.740e-03 -1.000 3.992e-03 0.688 1.328 1.289 1.402
0.004 -0.58336 8.22001 2.2999999523 2.5794072884    2.299  1.673  4.0841  4.415    1  0.000  0.537     0.00     0.00     0.00     0.00     0.00 -1    -1e-30      0.00 7.439e-01 2.522e-01 7.012e-04 1.915e-04 1.740e-03 -1.000 3.939e-03 0.587 1.260 1.218 1.337
0.004 -0.58336 8.22001 2.3499999046 2.5809107422    2.349  1.712  4.0898  4.408    1  0.000  0.537     0.00     0.00     0.00     0.00     0.00 -1    -1e-30      0.00 7.439e-01 2.522e-01 7.012e-04 1.915e-04 1.740e-03 -1.000 3.936e-03 0.489 1.193 1.149 1.274
0.004 -0.58336 8.22001 2.4000000954 2.5823423892    2.399  1.751  4.0953  4.400    1  0.000  0.537     0.00     0.00     0.00     0.00     0.00 -1    -1e-30      0.00 7.439e-01 2.521e-01 7.012e-04 1.916e-04 1.740e-03 -1.000 3.991e-03 0.392 1.126 1.081 1.210
0.004 -0.58336 8.22001 2.4779946804 2.5844434983    2.477  1.810  4.1035  4.388    1  0.000  0.537     0.00     0.00     0.00     0.00     0.00 -1    -1e-30      0.00 7.425e-01 2.535e-01 7.043e-04 1.923e-04 1.747e-03 -1.000 3.972e-03 0.244 1.024 0.976 1.113
0.004 -0.58336 8.22001 2.5659863949 2.5866384694    2.566  1.876  4.1124  4.373    1  0.000  0.537     0.00     0.00     0.00     0.00     0.00 -1    -1e-30      0.00 7.407e-01 2.553e-01 7.082e-04 1.934e-04 1.757e-03 -1.000 3.983e-03 0.080 0.908 0.858 1.003
0.004 -0.58336 8.22001 2.5999999046 2.5874412955    2.600  1.901  4.1156  4.366    1  0.000  0.537     0.00     0.00     0.00     0.00     0.00 -1    -1e-30      0.00 7.400e-01 2.560e-01 7.099e-04 1.938e-04 1.761e-03 -1.000 4.000e-03 0.017 0.864 0.812 0.960
0.004 -0.58336 8.22001 2.7099635601 2.5898789550    2.710  1.981  4.1253  4.343    1  0.000  0.537     0.00     0.00     0.00     0.00     0.00 -1    -1e-30      0.00 7.400e-01 2.560e-01 7.099e-04 1.938e-04 1.761e-03 -1.000 4.000e-03 -0.183 0.718 0.664 0.820
0.004 -0.58336 8.22001 2.7999999523 2.5917117820    2.800  2.045  4.1325  4.322    1  0.000  0.537     0.00     0.00     0.00     0.00     0.00 -1    -1e-30      0.00 7.400e-01 2.560e-01 7.099e-04 1.938e-04 1.761e-03 -1.000 4.000e-03 -0.344 0.599 0.541 0.705
0.004 -0.58336 8.22001 2.8328917027 2.5923480239    2.833  2.068  4.1350  4.314    1  0.000  0.537     0.00     0.00     0.00     0.00     0.00 -1    -1e-30      0.00 7.400e-01 2.560e-01 7.099e-04 1.938e-04 1.761e-03 -1.000 4.000e-03 -0.401 0.555 0.497 0.663
0.004 -0.58336 8.22001 2.9552049637 2.5945717709    2.955  2.153  4.1435  4.281    1  0.000  0.537     0.00     0.00     0.00     0.00     0.00 -1    -1e-30      0.00 7.400e-01 2.560e-01 7.099e-04 1.938e-04 1.761e-03 -1.000 4.000e-03 -0.613 0.391 0.330 0.503
0.004 -0.58336 8.22001 3.0000000000 2.5953341962    3.000  2.185  4.1462  4.267    1  0.000  0.537     0.00     0.00     0.00     0.00     0.00 -1    -1e-30      0.00 7.400e-01 2.560e-01 7.099e-04 1.938e-04 1.761e-03 -1.000 4.000e-03 -0.691 0.328 0.266 0.442
0.004 -0.58336 8.22001 3.0463960171 2.5960967485    3.046  2.216  4.1489  4.253    1  0.000  0.537     0.00     0.00     0.00     0.00     0.00 -1    -1e-30      0.00 7.400e-01 2.560e-01 7.099e-04 1.938e-04 1.761e-03 -1.000 4.000e-03 -0.771 0.264 0.201 0.379
0.004 -0.58336 8.22001 3.1290149689 2.5973904833    3.129  2.274  4.1530  4.224    1  0.000  0.537     0.00     0.00     0.00     0.00     0.00 -1    -1e-30      0.00 7.400e-01 2.560e-01 7.099e-04 1.938e-04 1.761e-03 -1.000 4.000e-03 -0.914 0.144 0.080 0.262
0.004 -0.58336 8.22001 3.2000000477 2.5984409005    3.199  2.323  4.1559  4.196    1  0.000  0.537     0.00     0.00     0.00     0.00     0.00 -1    -1e-30      0.00 7.400e-01 2.560e-01 7.099e-04 1.938e-04 1.761e-03 -1.000 4.000e-03 -1.037 0.038 -0.027 0.158
0.004 -0.58336 8.22001 3.2036972046 2.5984941452    3.203  2.325  4.1561  4.195    1  0.000  0.537     0.00     0.00     0.00     0.00     0.00 -1    -1e-30      0.00 7.400e-01 2.560e-01 7.099e-04 1.938e-04 1.761e-03 -1.000 4.000e-03 -1.043 0.033 -0.032 0.152
0.004 -0.58336 8.22001 3.2807190418 2.5995720666    3.280  2.378  4.1585  4.162    1  0.000  0.537     0.00     0.00     0.00     0.00     0.00 -1    -1e-30      0.00 7.400e-01 2.560e-01 7.099e-04 1.938e-04 1.761e-03 -1.000 4.000e-03 -1.175 -0.085 -0.151 0.036
0.004 -0.58336 8.22001 3.3382711411 2.6003402775    3.337  2.418  4.1596  4.134    1  0.000  0.537     0.00     0.00     0.00     0.00     0.00 -1    -1e-30      0.00 7.400e-01 2.560e-01 7.099e-04 1.938e-04 1.761e-03 -1.000 4.000e-03 -1.275 -0.179 -0.245 -0.057
0.004 -0.58336 8.22001 3.4000000954 2.6011310876    3.398  2.461  4.1599  4.099    1  0.000  0.537     0.00     0.00     0.00     0.00     0.00 -1    -1e-30      0.00 7.400e-01 2.560e-01 7.099e-04 1.938e-04 1.761e-03 -1.000 4.000e-03 -1.384 -0.286 -0.353 -0.165
0.004 -0.58336 8.22001 3.4206607342 2.6013884510    3.419  2.476  4.1599  4.088    1  0.000  0.537     0.00     0.00     0.00     0.00     0.00 -1    -1e-30      0.00 7.400e-01 2.560e-01 7.099e-04 1.938e-04 1.761e-03 -1.000 4.000e-03 -1.420 -0.323 -0.389 -0.201
0.004 -0.58336 8.22001 3.4873740673 2.6021955879    3.485  2.523  4.1591  4.045    1  0.000  0.537     0.00     0.00     0.00     0.00     0.00 -1    -1e-30      0.00 7.400e-01 2.560e-01 7.099e-04 1.938e-04 1.761e-03 -1.000 4.000e-03 -1.538 -0.446 -0.512 -0.325
0.004 -0.58336 8.22001 3.5472154617 2.6028899581    3.545  2.566  4.1570  4.001    1  0.000  0.537     0.00     0.00     0.00     0.00     0.00 -1    -1e-30      0.00 7.400e-01 2.560e-01 7.099e-04 1.938e-04 1.761e-03 -1.000 4.000e-03 -1.646 -0.566 -0.632 -0.446
0.004 -0.58336 8.22001 3.5999999046 2.6034804580    3.598  2.605  4.1537  3.955    1  0.000  0.537     0.00     0.00     0.00     0.00     0.00 -1    -1e-30      0.00 7.400e-01 2.560e-01 7.099e-04 1.938e-04 1.761e-03 -1.000 4.000e-03 -1.743 -0.684 -0.749 -0.566
0.004 -0.58336 8.22001 3.6481018066 2.6040014960    3.646  2.641  4.1500  3.911    1  0.000  0.537     0.00     0.00     0.00     0.00     0.00 -1    -1e-30      0.00 7.400e-01 2.560e-01 7.099e-04 1.938e-04 1.761e-03 -1.000 4.000e-03 -1.831 -0.794 -0.858 -0.678
0.004 -0.58336 8.22001 3.6998834610 2.6045450152    3.698  2.680  4.1439  3.854    1  0.000  0.537     0.00     0.00     0.00     0.00     0.00 -1    -1e-30      0.00 7.400e-01 2.560e-01 7.099e-04 1.938e-04 1.761e-03 -1.000 4.000e-03 -1.929 -0.927 -0.989 -0.815
0.004 -0.58336 8.22001 3.7436537743 2.6049909844    3.741  2.714  4.1368  3.797    1  0.000  0.537     0.00     0.00     0.00     0.00     0.00 -1    -1e-30      0.00 7.400e-01 2.560e-01 7.099e-04 1.938e-04 1.761e-03 -1.000 4.000e-03 -2.014 -1.053 -1.113 -0.945
0.004 -0.58336 8.22001 3.7836523056 2.6053881643    3.781  2.745  4.1295  3.740    1  0.000  0.537     0.00     0.00     0.00     0.00     0.00 -1    -1e-30      0.00 7.400e-01 2.560e-01 7.099e-04 1.938e-04 1.761e-03 -1.000 4.000e-03 -2.093 -1.174 -1.232 -1.070
0.004 -0.58336 8.22001 3.7999999523 2.6055477288    3.798  2.759  4.1257  3.713    1  0.000  0.537     0.00     0.00     0.00     0.00     0.00 -1    -1e-30      0.00 7.400e-01 2.560e-01 7.099e-04 1.938e-04 1.761e-03 -1.000 4.000e-03 -2.128 -1.231 -1.288 -1.129
0.004 -0.58336 8.22001 3.8167386055 2.6057094821    3.815  2.773  4.1219  3.686    1  0.000  0.537     0.00     0.00     0.00     0.00     0.00 -1    -1e-30      0.00 7.400e-01 2.560e-01 7.099e-04 1.938e-04 1.761e-03 -1.000 4.000e-03 -2.164 -1.289 -1.344 -1.189
0.004 -0.58336 8.22001 3.8487534523 2.6060143542    3.848  2.804  4.1173  3.641    1  0.000  0.537     0.00     0.00     0.00     0.00     0.00 -1    -1e-30      0.00 7.400e-01 2.560e-01 7.099e-04 1.938e-04 1.761e-03 -1.000 4.000e-03 -2.240 -1.391 -1.445 -1.294
0.004 -0.58336 8.22001 3.8605446815 2.6061251759    3.859  2.820  4.1226  3.647    1  0.000  0.537     0.00     0.00     0.00     0.00     0.00 -1    -1e-30      0.00 7.400e-01 2.560e-01 7.099e-04 1.938e-04 1.761e-03 -1.000 4.000e-03 -2.281 -1.402 -1.458 -1.303
0.004 -0.58336 8.22001 3.8684020042 2.6061985930    3.867  2.836  4.1319  3.669    1  0.000  0.537     0.00     0.00     0.00     0.00     0.00 -1    -1e-30      0.00 7.400e-01 2.560e-01 7.099e-04 1.938e-04 1.761e-03 -1.000 4.000e-03 -2.320 -1.389 -1.447 -1.284
0.004 -0.58336 8.22001 3.8712098598 2.6062247459    3.870  2.848  4.1416  3.696    1  0.000  0.537     0.00     0.00     0.00     0.00     0.00 -1    -1e-30      0.00 7.400e-01 2.560e-01 7.099e-04 1.938e-04 1.761e-03 -1.000 4.000e-03 -2.350 -1.363 -1.425 -1.253
0.004 -0.58336 8.22001 3.8725793362 2.6062374856    3.872  2.861  4.1514  3.723    1  0.000  0.537     0.00     0.00     0.00     0.00     0.00 -1    -1e-30      0.00 7.400e-01 2.560e-01 7.099e-04 1.938e-04 1.761e-03 -1.000 4.000e-03 -2.382 -1.339 -1.403 -1.222
0.004 -0.58336 8.22001 3.8733689785 2.6062448266    3.872  2.876  4.1612  3.747    1  0.000  0.537     0.00     0.00     0.00     0.00     0.00 -1    -1e-30      0.00 7.400e-01 2.560e-01 7.099e-04 1.938e-04 1.761e-03 -1.000 4.000e-03 -2.420 -1.319 -1.386 -1.197
0.004 -0.58336 8.22001 3.8738355637 2.6062491627    3.873  2.892  4.1703  3.767    1  0.000  0.537     0.00     0.00     0.00     0.00     0.00 -1    -1e-30      0.00 7.400e-01 2.560e-01 7.099e-04 1.938e-04 1.761e-03 -1.000 4.000e-03 -2.461 -1.307 -1.377 -1.180
0.004 -0.58336 8.22001 3.8740639687 2.6062512849    3.873  2.899  4.1744  3.777    1  0.000  0.537     0.00     0.00     0.00     0.00     0.00 -1    -1e-30      0.00 7.400e-01 2.560e-01 7.099e-04 1.938e-04 1.761e-03 -1.000 4.000e-03 -2.478 -1.300 -1.372 -1.170
0.004 -0.58336 8.22001 3.8741152287 2.6062517611    3.873  2.893  4.1728  3.776    1  0.000  0.537     0.00     0.00     0.00     0.00     0.00 -1    -1e-30      0.00 7.400e-01 2.560e-01 7.099e-04 1.938e-04 1.761e-03 -1.000 4.000e-03 -2.463 -1.295 -1.366 -1.166
0.004 -0.58336 8.22001 3.8743000031 2.6062534776    3.873  2.870  4.1650  3.768    2  0.000  0.537     0.00     0.00     0.00     0.00     0.00 -1    -1e-30      0.00 7.400e-01 2.560e-01 7.099e-04 1.938e-04 1.761e-03 -1.000 4.000e-03 -2.404 -1.281 -1.350 -1.157
0.004 -0.58336 8.22001 3.8744332790 2.6062547156    3.874  2.855  4.1558  3.746    2  0.000  0.537     0.00     0.00     0.00     0.00     0.00 -1    -1e-30      0.00 7.400e-01 2.560e-01 7.099e-04 1.938e-04 1.761e-03 -1.000 4.000e-03 -2.368 -1.298 -1.364 -1.179
0.004 -0.58336 8.22001 3.8745982647 2.6062562480    3.874  2.853  4.1443  3.703    2  0.000  0.537     0.00     0.00     0.00     0.00     0.00 -1    -1e-30      0.00 7.400e-01 2.560e-01 7.099e-04 1.938e-04 1.761e-03 -1.000 4.000e-03 -2.362 -1.359 -1.422 -1.247
0.004 -0.58336 8.22001 3.8747835159 2.6062579685    3.874  2.865  4.1328  3.644    2  0.000  0.537     0.00     0.00     0.00     0.00     0.00 -1    -1e-30      0.00 7.400e-01 2.560e-01 7.099e-04 1.938e-04 1.761e-03 -1.000 4.000e-03 -2.392 -1.456 -1.515 -1.350
0.004 -0.58336 8.22001 3.8749949932 2.6062599323    3.874  2.881  4.1210  3.581    2  0.000  0.537     0.00     0.00     0.00     0.00     0.00 -1    -1e-30      0.00 7.400e-01 2.560e-01 7.099e-04 1.938e-04 1.761e-03 -1.000 4.000e-03 -2.433 -1.564 -1.620 -1.466
0.004 -0.58336 8.22001 3.8752248287 2.6062620663    3.874  2.895  4.1092  3.520    2  0.000  0.537     0.00     0.00     0.00     0.00     0.00 -1    -1e-30      0.00 7.400e-01 2.560e-01 7.099e-04 1.938e-04 1.761e-03 -1.000 4.000e-03 -2.467 -1.665 -1.717 -1.573
0.004 -0.58336 8.22001 3.8754675388 2.6062643195    3.875  2.904  4.0974  3.464    2  0.000  0.537     0.00     0.00     0.00     0.00     0.00 -1    -1e-30      0.00 7.400e-01 2.560e-01 7.099e-04 1.938e-04 1.761e-03 -1.000 4.000e-03 -2.490 -1.755 -1.803 -1.670
0.004 -0.58336 8.22001 3.8757193089 2.6062666565    3.875  2.911  4.0855  3.410    2  0.000  0.537     0.00     0.00     0.00     0.00     0.00 -1    -1e-30      0.00 7.400e-01 2.560e-01 7.099e-04 1.938e-04 1.761e-03 -1.000 4.000e-03 -2.507 -1.837 -1.881 -1.759
0.004 -0.58336 8.22001 3.8759763241 2.6062690418    3.875  2.916  4.0737  3.357    2  0.000  0.537     0.00     0.00     0.00     0.00     0.00 -1    -1e-30      0.00 7.400e-01 2.560e-01 7.099e-04 1.938e-04 1.761e-03 -1.000 4.000e-03 -2.519 -1.912 -1.953 -1.843
0.004 -0.58336 8.22001 3.8762340546 2.6062714334    3.875  2.919  4.0618  3.307    2  0.000  0.537     0.00     0.00     0.00     0.00     0.00 -1    -1e-30      0.00 7.400e-01 2.560e-01 7.099e-04 1.938e-04 1.761e-03 -1.000 4.000e-03 -2.527 -1.984 -2.020 -1.921
0.004 -0.58336 8.22001 3.8764889240 2.6062737981    3.876  2.921  4.0498  3.257    2  0.000  0.537     0.00     0.00     0.00     0.00     0.00 -1    -1e-30      0.00 7.400e-01 2.560e-01 7.099e-04 1.938e-04 1.761e-03 -1.000 4.000e-03 -2.532 -2.051 -2.083 -1.996
0.004 -0.58336 8.22001 3.8767378330 2.6062761071    3.876  2.922  4.0378  3.208    2  0.000  0.537     0.00     0.00     0.00     0.00     0.00 -1    -1e-30      0.00 7.400e-01 2.560e-01 7.099e-04 1.938e-04 1.761e-03 -1.000 4.000e-03 -2.534 -2.114 -2.142 -2.067
0.004 -0.58336 8.22001 3.8769776821 2.6062783318    3.876  2.922  4.0259  3.160    2  0.000  0.537     0.00     0.00     0.00     0.00     0.00 -1    -1e-30      0.00 7.400e-01 2.560e-01 7.099e-04 1.938e-04 1.761e-03 -1.000 4.000e-03 -2.534 -2.174 -2.198 -2.135
0.004 -0.58336 8.22001 3.8772077560 2.6062804655    3.876  2.921  4.0139  3.113    2  0.000  0.537     0.00     0.00     0.00     0.00     0.00 -1    -1e-30      0.00 7.400e-01 2.560e-01 7.099e-04 1.938e-04 1.761e-03 -1.000 4.000e-03 -2.532 -2.231 -2.251 -2.200
0.004 -0.58336 8.22001 3.8774261475 2.6062824906    3.877  2.919  4.0019  3.066    2  0.000  0.537     0.00     0.00     0.00     0.00     0.00 -1    -1e-30      0.00 7.400e-01 2.560e-01 7.099e-04 1.938e-04 1.761e-03 -1.000 4.000e-03 -2.529 -2.284 -2.300 -2.262
0.004 -0.58336 8.22001 3.8776328564 2.6062844071    3.877  2.918  3.9899  3.020    2  0.000  0.537     0.00     0.00     0.00     0.00     0.00 -1    -1e-30      0.00 7.400e-01 2.560e-01 7.099e-04 1.938e-04 1.761e-03 -1.000 4.000e-03 -2.524 -2.335 -2.345 -2.321
0.004 -0.58336 8.22001 3.8778276443 2.6062862129    3.877  2.915  3.9779  2.975    2  0.000  0.537     0.00     0.00     0.00     0.00     0.00 -1    -1e-30      0.00 7.400e-01 2.560e-01 7.099e-04 1.938e-04 1.761e-03 -1.000 4.000e-03 -2.518 -2.381 -2.386 -2.378
0.004 -0.58336 8.22001 3.8780112267 2.6062879146    3.877  2.912  3.9659  2.930    2  0.000  0.537     0.00     0.00     0.00     0.00     0.00 -1    -1e-30      0.00 7.400e-01 2.560e-01 7.099e-04 1.938e-04 1.761e-03 -1.000 4.000e-03 -2.510 -2.423 -2.422 -2.432
0.004 -0.58336 8.22001 3.8781838417 2.6062895144    3.877  2.909  3.9539  2.885    2  0.000  0.537     0.00     0.00     0.00     0.00     0.00 -1    -1e-30      0.00 7.400e-01 2.560e-01 7.099e-04 1.938e-04 1.761e-03 -1.000 4.000e-03 -2.502 -2.461 -2.453 -2.483
0.004 -0.58336 8.22001 3.8783454895 2.6062910125    3.877  2.905  3.9419  2.841    2  0.000  0.537     0.00     0.00     0.00     0.00     0.00 -1    -1e-30      0.00 7.400e-01 2.560e-01 7.099e-04 1.938e-04 1.761e-03 -1.000 4.000e-03 -2.492 -2.494 -2.479 -2.532
0.004 -0.58336 8.22001 3.8784968853 2.6062924154    3.878  2.901  3.9299  2.797    2  0.000  0.537     0.00     0.00     0.00     0.00     0.00 -1    -1e-30      0.00 7.400e-01 2.560e-01 7.099e-04 1.938e-04 1.761e-03 -1.000 4.000e-03 -2.482 -2.522 -2.497 -2.577
0.004 -0.58336 8.22001 3.8786385059 2.6062937277    3.878  2.896  3.9179  2.754    2  0.000  0.537     0.00     0.00     0.00     0.00     0.00 -1    -1e-30      0.00 7.400e-01 2.560e-01 7.099e-04 1.938e-04 1.761e-03 -1.000 4.000e-03 -2.470 -2.541 -2.505 -2.617
0.004 -0.58336 8.22001 3.8787708282 2.6062949537    3.878  2.891  3.9058  2.711    2  0.000  0.537     0.00     0.00     0.00     0.00     0.00 -1    -1e-30      0.00 7.400e-01 2.560e-01 7.099e-04 1.938e-04 1.761e-03 -1.000 4.000e-03 -2.458 -2.553 -2.504 -2.652
0.004 -0.58336 8.22001 3.8788945675 2.6062961000    3.878  2.886  3.8939  2.668    2  0.000  0.537     0.00     0.00     0.00     0.00     0.00 -1    -1e-30      0.00 7.400e-01 2.560e-01 7.099e-04 1.938e-04 1.761e-03 -1.000 4.000e-03 -2.445 -2.559 -2.496 -2.685
0.004 -0.58336 8.22001 3.8790099621 2.6062971690    3.878  2.881  3.8819  2.625    2  0.000  0.537     0.00     0.00     0.00     0.00     0.00 -1    -1e-30      0.00 7.400e-01 2.560e-01 7.099e-04 1.938e-04 1.761e-03 -1.000 4.000e-03 -2.432 -2.558 -2.478 -2.714
0.004 -0.58336 8.22001 3.8791179657 2.6062981695    3.878  2.875  3.8699  2.583    2  0.000  0.537     0.00     0.00     0.00     0.00     0.00 -1    -1e-30      0.00 7.400e-01 2.560e-01 7.099e-04 1.938e-04 1.761e-03 -1.000 4.000e-03 -2.417 -2.553 -2.454 -2.740
0.004 -0.58336 8.22001 3.8792192936 2.6062991080    3.878  2.869  3.8579  2.541    2  0.000  0.537     0.00     0.00     0.00     0.00     0.00 -1    -1e-30      0.00 7.400e-01 2.560e-01 7.099e-04 1.938e-04 1.761e-03 -1.000 4.000e-03 -2.402 -2.544 -2.425 -2.765
0.004 -0.58336 8.22001 3.8793141842 2.6062999869    3.878  2.863  3.8460  2.500    2  0.000  0.537     0.00     0.00     0.00     0.00     0.00 -1    -1e-30      0.00 7.400e-01 2.560e-01 7.099e-04 1.938e-04 1.761e-03 -1.000 4.000e-03 -2.387 -2.530 -2.391 -2.784
0.004 -0.58336 8.22001 3.8794031143 2.6063008105    3.879  2.856  3.8341  2.459    2  0.000  0.537     0.00     0.00     0.00     0.00     0.00 -1    -1e-30      0.00 7.400e-01 2.560e-01 7.099e-04 1.938e-04 1.761e-03 -1.000 4.000e-03 -2.371 -2.514 -2.354 -2.800
0.004 -0.58336 8.22001 3.8794867992 2.6063015855    3.879  2.850  3.8222  2.418    2  0.000  0.537     0.00     0.00     0.00     0.00     0.00 -1    -1e-30      0.00 7.400e-01 2.560e-01 7.099e-04 1.938e-04 1.761e-03 -1.000 4.000e-03 -2.354 -2.496 -2.314 -2.813
0.004 -0.58336 8.22001 3.8795657158 2.6063023163    3.879  2.843  3.8103  2.377    2  0.000  0.537     0.00     0.00     0.00     0.00     0.00 -1    -1e-30      0.00 7.400e-01 2.560e-01 7.099e-04 1.938e-04 1.761e-03 -1.000 4.000e-03 -2.337 -2.475 -2.271 -2.824
0.004 -0.58336 8.22001 3.8796401024 2.6063030052    3.879  2.836  3.7985  2.337    2  0.000  0.537     0.00     0.00     0.00     0.00     0.00 -1    -1e-30      0.00 7.400e-01 2.560e-01 7.099e-04 1.938e-04 1.761e-03 -1.000 4.000e-03 -2.320 -2.451 -2.224 -2.830
0.004 -0.58336 8.22001 3.8797106743 2.6063036587    3.879  2.829  3.7868  2.297    2  0.000  0.537     0.00     0.00     0.00     0.00     0.00 -1    -1e-30      0.00 7.400e-01 2.560e-01 7.099e-04 1.938e-04 1.761e-03 -1.000 4.000e-03 -2.302 -2.425 -2.175 -2.834
0.004 -0.58336 8.22001 3.8797781467 2.6063042834    3.879  2.821  3.7754  2.259    2  0.000  0.537     0.00     0.00     0.00     0.00     0.00 -1    -1e-30      0.00 7.400e-01 2.560e-01 7.099e-04 1.938e-04 1.761e-03 -1.000 4.000e-03 -2.283 -2.396 -2.123 -2.835
0.004 -0.58336 8.22001 3.8798446655 2.6063048993    3.879  2.813  3.7647  2.225    2  0.000  0.537     0.00     0.00     0.00     0.00     0.00 -1    -1e-30      0.00 7.400e-01 2.560e-01 7.099e-04 1.938e-04 1.761e-03 -1.000 4.000e-03 -2.263 -2.365 -2.070 -2.831
0.004 -0.58336 8.22001 3.8799183369 2.6063055814    3.879  2.803  3.7543  2.193    2  0.000  0.537     0.00     0.00     0.00     0.00     0.00 -1    -1e-30      0.00 7.400e-01 2.560e-01 7.099e-04 1.938e-04 1.761e-03 -1.000 4.000e-03 -2.238 -2.329 -2.012 -2.819
0.004 -0.58336 8.22001 3.8800060749 2.6063063937    3.879  2.790  3.7441  2.165    2  0.000  0.537     0.00     0.00     0.00     0.00     0.00 -1    -1e-30      0.00 7.400e-01 2.560e-01 7.099e-04 1.938e-04 1.761e-03 -1.000 4.000e-03 -2.206 -2.283 -1.944 -2.796
0.004 -0.58336 8.22001 3.8801274300 2.6063075172    3.879  2.770  3.7343  2.146    2  0.000  0.537     0.00     0.00     0.00     0.00     0.00 -1    -1e-30      0.00 7.400e-01 2.560e-01 7.099e-04 1.938e-04 1.761e-03 -1.000 4.000e-03 -2.155 -2.217 -1.858 -2.753
0.004 -0.58336 8.22001 3.8802514076 2.6063086648    3.879  2.748  3.7260  2.135    2  0.000  0.537     0.00     0.00     0.00     0.00     0.00 -1    -1e-30      0.00 7.400e-01 2.560e-01 7.099e-04 1.938e-04 1.761e-03 -1.000 4.000e-03 -2.100 -2.149 -1.771 -2.704
0.004 -0.58336 8.22001 3.8803911209 2.6063099580    3.880  2.727  3.7176  2.122    2  0.000  0.537     0.00     0.00     0.00     0.00     0.00 -1    -1e-30      0.00 7.400e-01 2.560e-01 7.099e-04 1.938e-04 1.761e-03 -1.000 4.000e-03 -2.048 -2.082 -1.685 -2.656
0.004 -0.58336 8.22001 3.8805410862 2.6063113460    3.880  2.714  3.7091  2.101    2  0.000  0.537     0.00     0.00     0.00     0.00     0.00 -1    -1e-30      0.00 7.400e-01 2.560e-01 7.099e-04 1.938e-04 1.761e-03 -1.000 4.000e-03 -2.014 -2.031 -1.614 -2.624
0.004 -0.58336 8.22001 3.8805916309 2.6063118138    3.880  2.718  3.7063  2.085    3  0.000  0.537     3.13     2.78     2.11     1.52     1.24  4    -1e-30      0.00 7.400e-01 2.560e-01 7.099e-04 1.938e-04 1.761e-03 -1.000 4.000e-03 -2.026 -2.038 -1.614 -2.637
0.004 -0.58336 8.22001 3.8807337284 2.6063131288    3.880  2.744  3.6986  2.029    3  0.000  0.537     3.52     3.08     2.32     1.68     1.37  4    -1e-30      0.00 7.400e-01 2.560e-01 7.098e-04 1.938e-04 1.761e-03 -1.000 4.000e-03 -2.091 -2.086 -1.643 -2.702
0.004 -0.58336 8.22001 3.8808555603 2.6063142562    3.880  2.777  3.6925  1.971    3  0.000  0.536     3.97     3.42     2.57     1.86     1.52  4    -1e-30      0.00 7.399e-01 2.561e-01 7.085e-04 1.942e-04 1.761e-03 -1.000 4.000e-03 -2.174 -2.154 -1.695 -2.784
0.004 -0.58336 8.22001 3.8809642792 2.6063152622    3.880  2.811  3.6878  1.919    3  0.000  0.532     4.42     3.75     2.81     2.04     1.67  4    -1e-30      0.00 7.399e-01 2.561e-01 7.024e-04 1.971e-04 1.761e-03 -1.000 4.000e-03 -2.257 -2.225 -1.753 -2.867
0.004 -0.58336 8.22001 3.8811028004 2.6063165438    3.880  2.848  3.6832  1.864    3  0.000  0.513     4.95     4.15     3.09     2.25     1.84  4    -1e-30      0.00 7.398e-01 2.562e-01 6.771e-04 2.183e-04 1.761e-03 -1.000 4.000e-03 -2.351 -2.307 -1.823 -2.960
0.004 -0.58336 8.22001 3.8812069893 2.6063175078    3.880  2.873  3.6804  1.827    3  0.000  0.493     5.34     4.43     3.29     2.39     1.96  4    -1e-30      0.00 7.397e-01 2.563e-01 6.505e-04 2.428e-04 1.761e-03 -1.000 4.000e-03 -2.413 -2.363 -1.871 -3.023
0.004 -0.58336 8.22001 3.8812770844 2.6063181562    3.880  2.885  3.6790  1.810    3  0.000  0.477     5.53     4.57     3.39     2.47     2.02  4    -1e-30      0.00 7.397e-01 2.563e-01 6.300e-04 2.673e-04 1.761e-03 -1.000 4.000e-03 -2.443 -2.390 -1.893 -3.053
0.004 -0.58336 8.22001 3.8813135624 2.6063184937    3.880  2.890  3.6785  1.803    3  0.000  0.471     5.62     4.63     3.44     2.50     2.04  4    -1e-30      0.00 7.397e-01 2.563e-01 6.216e-04 2.776e-04 1.761e-03 -1.000 4.000e-03 -2.456 -2.401 -1.902 -3.065
0.004 -0.58336 8.22001 3.8816409111 2.6063215216    3.881  2.931  3.6742  1.745    3  0.000  0.424     6.33     5.14     3.80     2.77     2.26  4    -1e-30      0.00 7.395e-01 2.565e-01 5.597e-04 3.538e-04 1.761e-03 -1.000 4.001e-03 -2.558 -2.492 -1.980 -3.167
0.004 -0.58336 8.22001 3.8819684982 2.6063245512    3.881  2.967  3.6705  1.694    3  0.000  0.394     7.02     5.64     4.14     3.02     2.47  4    -1e-30      0.00 7.393e-01 2.566e-01 5.197e-04 4.031e-04 1.760e-03 -1.000 4.010e-03 -2.647 -2.571 -2.048 -3.255
0.004 -0.58336 8.22001 3.8822958469 2.6063275779    3.881  3.001  3.6672  1.647    3  0.000  0.375     7.74     6.14     4.50     3.28     2.69  4    -1e-30      0.00 7.392e-01 2.568e-01 4.942e-04 4.357e-04 1.759e-03 -1.000 4.032e-03 -2.732 -2.646 -2.112 -3.338
0.004 -0.58336 8.22001 3.8826229572 2.6063306019    3.882  3.035  3.6640  1.600    3  0.000  0.361     8.52     6.68     4.87     3.56     2.92  4    -1e-30      0.00 7.388e-01 2.572e-01 4.750e-04 4.643e-04 1.753e-03 -1.000 4.070e-03 -2.817 -2.721 -2.177 -3.420
0.004 -0.58336 8.22001 3.8830227852 2.6063342973    3.882  3.076  3.6604  1.545    3  0.000  0.357     9.55     7.38     5.36     3.93     3.22  4    -1e-30      0.00 7.366e-01 2.593e-01 4.576e-04 5.251e-04 1.708e-03 -1.000 4.065e-03 -2.920 -2.812 -2.257 -3.520
0.004 -0.58336 8.22001 3.8834223747 2.6063379897    3.883  3.116  3.6570  1.491    3  0.000  0.357    10.67     8.13     5.88     4.31     3.53  4    -1e-30      0.00 7.323e-01 2.637e-01 4.433e-04 5.864e-04 1.658e-03 -1.000 4.032e-03 -3.020 -2.898 -2.332 -3.615
0.004 -0.58336 8.22001 3.8837857246 2.6063413464    3.883  3.149  3.6543  1.448    3  0.000  0.356    11.68     8.80     6.34     4.66     3.82  4    -1e-30      0.00 7.278e-01 2.681e-01 4.334e-04 6.300e-04 1.622e-03 -1.000 4.037e-03 -3.102 -2.968 -2.393 -3.692
0.004 -0.58336 8.22001 3.8843741417 2.6063467808    3.884  3.176  3.6522  1.412    3  0.000  0.356    12.56     9.39     6.74     4.96     4.06  4    -1e-30      0.00 7.240e-01 2.719e-01 4.268e-04 6.594e-04 1.598e-03 -1.000 4.043e-03 -3.170 -3.026 -2.444 -3.756
0.004 -0.58336 8.22001 3.8847496510 2.6063502479    3.884  3.189  3.6511  1.395    3  0.000  0.356    13.02     9.69     6.95     5.11     4.19  4    -1e-30      0.00 7.222e-01 2.738e-01 4.239e-04 6.725e-04 1.587e-03 -1.000 4.043e-03 -3.203 -3.055 -2.469 -3.787
0.004 -0.58336 8.22001 3.8868260384 2.6063694053    3.886  3.181  3.6520  1.406    4  0.000  0.356     0.00     0.00     0.00     0.00     0.00 -1    -1e-30      0.00 7.222e-01 2.738e-01 4.239e-04 6.724e-04 1.587e-03 -1.000 4.044e-03 -3.183 -3.039 -2.456 -3.769
0.004 -0.58336 8.22001 3.8978586197 2.6064708017    3.897  3.141  3.6564  1.465    4  0.000  0.356     0.00     0.00     0.00     0.00     0.00 -1    -1e-30      0.00 7.223e-01 2.737e-01 4.241e-04 6.718e-04 1.587e-03 -1.000 4.050e-03 -3.083 -2.958 -2.390 -3.677
0.004 -0.58336 8.22001 3.9040024281 2.6065269816    3.903  3.114  3.6592  1.504    4  0.000  0.356     0.00     0.00     0.00     0.00     0.00 -1    -1e-30      0.00 7.223e-01 2.736e-01 4.243e-04 6.715e-04 1.588e-03 -1.000 4.053e-03 -3.015 -2.903 -2.343 -3.614
0.004 -0.58336 8.22001 3.9100935459 2.6065824793    3.910  3.084  3.6623  1.547    4  0.000  0.356     0.00     0.00     0.00     0.00     0.00 -1    -1e-30      0.00 7.224e-01 2.736e-01 4.244e-04 6.712e-04 1.588e-03 -1.000 4.056e-03 -2.941 -2.839 -2.289 -3.543
0.004 -0.58336 8.22001 3.9158985615 2.6066351855    3.915  3.054  3.6655  1.590    4  0.000  0.356     0.00     0.00     0.00     0.00     0.00 -1    -1e-30      0.00 7.224e-01 2.735e-01 4.245e-04 6.709e-04 1.588e-03 -1.000 4.059e-03 -2.866 -2.774 -2.234 -3.471
0.004 -0.58336 8.22001 3.9214999676 2.6066858729    3.921  3.025  3.6686  1.633    4  0.000  0.356     0.00     0.00     0.00     0.00     0.00 -1    -1e-30      0.00 7.225e-01 2.735e-01 4.246e-04 6.706e-04 1.588e-03 -1.000 4.061e-03 -2.792 -2.711 -2.181 -3.400
0.004 -0.58336 8.22001 3.9280140400 2.6067446102    3.928  2.993  3.6724  1.681    4  0.000  0.356     0.00     0.00     0.00     0.00     0.00 -1    -1e-30      0.00 7.225e-01 2.734e-01 4.247e-04 6.703e-04 1.589e-03 -1.000 4.065e-03 -2.712 -2.642 -2.123 -3.321
0.004 -0.58336 8.22001 3.9361858368 2.6068179790    3.936  2.964  3.6771  1.730    4  0.000  0.357     0.00     0.00     0.00     0.00     0.00 -1    -1e-30      0.00 7.226e-01 2.733e-01 4.249e-04 6.699e-04 1.589e-03 -1.000 4.069e-03 -2.640 -2.582 -2.078 -3.251
0.004 -0.58336 8.22001 3.9466695786 2.6069115936    3.947  2.943  3.6831  1.776    4  0.000  0.357     0.00     0.00     0.00     0.00     0.00 -1    -1e-30      0.00 7.227e-01 2.732e-01 4.251e-04 6.693e-04 1.589e-03 -1.000 4.074e-03 -2.587 -2.544 -2.057 -3.198
0.004 -0.58336 8.22001 3.9508934021 2.6069491489    3.951  2.937  3.6856  1.792    4  0.000  0.357     0.00     0.00     0.00     0.00     0.00 -1    -1e-30      0.00 7.227e-01 2.732e-01 4.252e-04 6.691e-04 1.589e-03 -1.000 4.076e-03 -2.572 -2.535 -2.055 -3.184
0.004 -0.58336 8.22001 3.9613406658 2.6070416430    3.961  2.962  3.6950  1.805    5  0.000  0.357     0.00     0.00     0.00     0.00     0.00 -1    -1e-30      0.00 7.228e-01 2.731e-01 4.254e-04 6.686e-04 1.590e-03 -1.000 4.081e-03 -2.636 -2.624 -2.168 -3.252
0.004 -0.58336 8.22001 3.9664149284 2.6070863655    3.967  2.995  3.7043  1.811    5  0.000  0.357     0.00     0.00     0.00     0.00     0.00 -1    -1e-30      0.00 7.228e-01 2.731e-01 4.255e-04 6.684e-04 1.590e-03 -1.000 4.084e-03 -2.717 -2.727 -2.294 -3.334
0.004 -0.58336 8.22001 3.9695796967 2.6071141920    3.970  3.019  3.7130  1.822    5  0.000  0.357     0.00     0.00     0.00     0.00     0.00 -1    -1e-30      0.00 7.229e-01 2.731e-01 4.255e-04 6.682e-04 1.590e-03 -1.000 4.085e-03 -2.777 -2.807 -2.394 -3.394
0.004 -0.58336 8.22001 3.9722449780 2.6071375871    3.973  3.038  3.7226  1.841    5  0.000  0.357     0.00     0.00     0.00     0.00     0.00 -1    -1e-30      0.00 7.229e-01 2.730e-01 4.256e-04 6.681e-04 1.590e-03 -1.000 4.086e-03 -2.825 -2.874 -2.485 -3.439
0.004 -0.58336 8.22001 3.9743299484 2.6071558632    3.975  3.051  3.7334  1.872    5  0.000  0.357     0.00     0.00     0.00     0.00     0.00 -1    -1e-30      0.00 7.229e-01 2.730e-01 4.256e-04 6.680e-04 1.590e-03 -1.000 4.087e-03 -2.859 -2.926 -2.562 -3.465
0.004 -0.58336 8.22001 3.9760489464 2.6071709148    3.976  3.061  3.7449  1.907    5  0.000  0.357     0.00     0.00     0.00     0.00     0.00 -1    -1e-30      0.00 7.229e-01 2.730e-01 4.256e-04 6.679e-04 1.590e-03 -1.000 4.088e-03 -2.884 -2.967 -2.629 -3.480
0.004 -0.58336 8.22001 3.9775476456 2.6071840253    3.978  3.069  3.7569  1.948    5  0.000  0.357     0.00     0.00     0.00     0.00     0.00 -1    -1e-30      0.00 7.229e-01 2.730e-01 4.257e-04 6.678e-04 1.590e-03 -1.000 4.089e-03 -2.903 -3.003 -2.691 -3.485
0.004 -0.58336 8.22001 3.9789218903 2.6071960370    3.979  3.076  3.7687  1.989    5  0.000  0.357     0.00     0.00     0.00     0.00     0.00 -1    -1e-30      0.00 7.229e-01 2.730e-01 4.257e-04 6.677e-04 1.590e-03 -1.000 4.090e-03 -2.920 -3.033 -2.746 -3.487
0.004 -0.58336 8.22001 3.9802899361 2.6072079851    3.981  3.082  3.7803  2.029    5  0.000  0.357     0.00     0.00     0.00     0.00     0.00 -1    -1e-30      0.00 7.229e-01 2.730e-01 4.257e-04 6.677e-04 1.590e-03 -1.000 4.090e-03 -2.935 -3.060 -2.799 -3.484
0.004 -0.58336 8.22001 3.9817581177 2.6072207972    3.982  3.089  3.7924  2.071    5  0.000  0.357     0.00     0.00     0.00     0.00     0.00 -1    -1e-30      0.00 7.230e-01 2.730e-01 4.258e-04 6.676e-04 1.590e-03 -1.000 4.091e-03 -2.951 -3.085 -2.849 -3.477
0.004 -0.58336 8.22001 3.9832637310 2.6072339247    3.984  3.095  3.8042  2.112    5  0.000  0.357     0.00     0.00     0.00     0.00     0.00 -1    -1e-30      0.00 7.230e-01 2.729e-01 4.258e-04 6.675e-04 1.590e-03 -1.000 4.092e-03 -2.967 -3.109 -2.896 -3.469
0.004 -0.58336 8.22001 3.9848151207 2.6072474394    3.985  3.101  3.8156  2.152    5  0.000  0.357     0.00     0.00     0.00     0.00     0.00 -1    -1e-30      0.00 7.230e-01 2.729e-01 4.258e-04 6.674e-04 1.590e-03 -1.000 4.093e-03 -2.982 -3.129 -2.939 -3.459
0.004 -0.58336 8.22001 3.9862864017 2.6072602451    3.987  3.106  3.8257  2.187    5  0.000  0.357     0.00     0.00     0.00     0.00     0.00 -1    -1e-30      0.00 7.230e-01 2.729e-01 4.258e-04 6.674e-04 1.591e-03 -1.000 4.093e-03 -2.995 -3.145 -2.974 -3.448
0.004 -0.58336 8.22001 3.9881744385 2.6072766622    3.989  3.113  3.8377  2.229    5  0.000  0.357     0.00     0.00     0.00     0.00     0.00 -1    -1e-30      0.00 7.230e-01 2.729e-01 4.259e-04 6.673e-04 1.591e-03 -1.000 4.094e-03 -3.012 -3.163 -3.014 -3.433
0.004 -0.58336 8.22001 3.9902820587 2.6072949675    3.991  3.119  3.8497  2.270    5  0.000  0.357     0.00     0.00     0.00     0.00     0.00 -1    -1e-30      0.00 7.230e-01 2.729e-01 4.259e-04 6.672e-04 1.591e-03 -1.000 4.095e-03 -3.028 -3.179 -3.051 -3.415
0.004 -0.58336 8.22001 3.9924266338 2.6073135710    3.993  3.125  3.8599  2.306    5  0.000  0.357     0.00     0.00     0.00     0.00     0.00 -1    -1e-30      0.00 7.230e-01 2.729e-01 4.260e-04 6.671e-04 1.591e-03 -1.000 4.096e-03 -3.044 -3.192 -3.082 -3.398
0.004 -0.58336 8.22001 3.9955322742 2.6073404707    3.996  3.133  3.8720  2.346    5  0.000  0.357     0.00     0.00     0.00     0.00     0.00 -1    -1e-30      0.00 7.231e-01 2.728e-01 4.260e-04 6.669e-04 1.591e-03 -1.000 4.098e-03 -3.063 -3.204 -3.115 -3.378
0.004 -0.58336 8.22001 3.9994320869 2.6073741812    4.000  3.141  3.8811  2.375    5  0.000  0.357     0.00     0.00     0.00     0.00     0.00 -1    -1e-30      0.00 7.231e-01 2.728e-01 4.261e-04 6.667e-04 1.591e-03 -1.000 4.100e-03 -3.083 -3.217 -3.141 -3.367
0.004 -0.58336 8.22001 4.0000000000 2.6073790840    4.001  3.142  3.8822  2.378    5  0.000  0.357     0.00     0.00     0.00     0.00     0.00 -1    -1e-30      0.00 7.231e-01 2.728e-01 4.261e-04 6.667e-04 1.591e-03 -1.000 4.100e-03 -3.086 -3.219 -3.144 -3.366
0.004 -0.58336 8.22001 4.0036387444 2.6074104594    4.004  3.149  3.8885  2.398    5  0.000  0.357     0.00     0.00     0.00     0.00     0.00 -1    -1e-30      0.00 7.231e-01 2.728e-01 4.261e-04 6.666e-04 1.591e-03 -1.000 4.098e-03 -3.102 -3.229 -3.163 -3.360
0.004 -0.58336 8.22001 4.0071792603 2.6074409249    4.008  3.152  3.8856  2.383    5  0.000  0.357     0.00     0.00     0.00     0.00     0.00 -1    -1e-30      0.00 7.231e-01 2.728e-01 4.262e-04 6.664e-04 1.591e-03 -1.000 4.096e-03 -3.111 -3.241 -3.171 -3.379
0.004 -0.58336 8.22001 4.0149641037 2.6075076949    4.015  3.160  3.8770  2.342    6  0.000  0.357     0.00     0.00     0.00     0.00     0.00 -1    -1e-30      0.00 7.232e-01 2.727e-01 4.263e-04 6.661e-04 1.591e-03 -1.000 4.092e-03 -3.129 -3.267 -3.185 -3.427
0.004 -0.58336 8.22001 4.0210886002 2.6075600153    4.021  3.165  3.8680  2.301    6  0.000  0.357     0.00     0.00     0.00     0.00     0.00 -1    -1e-30      0.00 7.232e-01 2.727e-01 4.263e-04 6.659e-04 1.592e-03 -1.000 4.089e-03 -3.143 -3.287 -3.192 -3.471
0.004 -0.58336 8.22001 4.0267724991 2.6076084080    4.027  3.170  3.8588  2.260    6  0.000  0.357     0.00     0.00     0.00     0.00     0.00 -1    -1e-30      0.00 7.233e-01 2.726e-01 4.264e-04 6.657e-04 1.592e-03 -1.000 4.086e-03 -3.155 -3.305 -3.194 -3.513
0.004 -0.58336 8.22001 4.0318679810 2.6076516576    4.032  3.174  3.8481  2.214    6  0.000  0.357     0.00     0.00     0.00     0.00     0.00 -1    -1e-30      0.00 7.233e-01 2.726e-01 4.264e-04 6.655e-04 1.592e-03 -1.000 4.084e-03 -3.165 -3.317 -3.187 -3.556
0.004 -0.58336 8.22001 4.0352921486 2.6076806508    4.035  3.176  3.8385  2.174    6  0.000  0.357     0.00     0.00     0.00     0.00     0.00 -1    -1e-30      0.00 7.233e-01 2.726e-01 4.265e-04 6.654e-04 1.592e-03 -1.000 4.082e-03 -3.169 -3.322 -3.176 -3.588
0.004 -0.58336 8.22001 4.0378165245 2.6077019891    4.038  3.176  3.8287  2.135    6  0.000  0.357     0.00     0.00     0.00     0.00     0.00 -1    -1e-30      0.00 7.233e-01 2.726e-01 4.265e-04 6.653e-04 1.592e-03 -1.000 4.081e-03 -3.171 -3.324 -3.159 -3.617
0.004 -0.58336 8.22001 4.0403981209 2.6077237793    4.040  3.176  3.8154  2.082    6  0.000  0.357     0.00     0.00     0.00     0.00     0.00 -1    -1e-30      0.00 7.233e-01 2.726e-01 4.265e-04 6.652e-04 1.592e-03 -1.000 4.079e-03 -3.170 -3.320 -3.130 -3.648
0.004 -0.58336 8.22001 4.0423941612 2.6077406051    4.042  3.175  3.8028  2.033    6  0.000  0.357     0.00     0.00     0.00     0.00     0.00 -1    -1e-30      0.00 7.234e-01 2.726e-01 4.266e-04 6.651e-04 1.592e-03 -1.000 4.078e-03 -3.168 -3.312 -3.097 -3.675
0.004 -0.58336 8.22001 4.0440759659 2.6077547673    4.044  3.174  3.7904  1.985    6  0.000  0.357     0.00     0.00     0.00     0.00     0.00 -1    -1e-30      0.00 7.234e-01 2.726e-01 4.266e-04 6.651e-04 1.592e-03 -1.000 4.078e-03 -3.165 -3.300 -3.060 -3.696
0.004 -0.58336 8.22001 4.0452923775 2.6077650020    4.045  3.172  3.7798  1.944    6  0.000  0.357     0.00     0.00     0.00     0.00     0.00 -1    -1e-30      0.00 7.234e-01 2.725e-01 4.266e-04 6.650e-04 1.592e-03 -1.000 4.077e-03 -3.161 -3.288 -3.026 -3.712
0.004 -0.58336 8.22001 4.0462427139 2.6077729931    4.046  3.170  3.7694  1.904    6  0.000  0.357     0.00     0.00     0.00     0.00     0.00 -1    -1e-30      0.00 7.234e-01 2.725e-01 4.266e-04 6.650e-04 1.592e-03 -1.000 4.076e-03 -3.156 -3.272 -2.987 -3.724
0.004 -0.58336 8.22001 4.0470585823 2.6077798500    4.047  3.167  3.7583  1.863    6  0.000  0.357     0.00     0.00     0.00     0.00     0.00 -1    -1e-30      0.00 7.234e-01 2.725e-01 4.266e-04 6.650e-04 1.592e-03 -1.000 4.076e-03 -3.149 -3.253 -2.944 -3.732
0.004 -0.58336 8.22001 4.0477900505 2.6077859949    4.048  3.164  3.7468  1.820    6  0.000  0.357     0.00     0.00     0.00     0.00     0.00 -1    -1e-30      0.00 7.234e-01 2.725e-01 4.266e-04 6.649e-04 1.592e-03 -1.000 4.076e-03 -3.140 -3.229 -2.895 -3.737
0.004 -0.58336 8.22001 4.0485053062 2.6077920011    4.048  3.160  3.7357  1.780    6  0.000  0.357     0.00     0.00     0.00     0.00     0.00 -1    -1e-30      0.00 7.234e-01 2.725e-01 4.266e-04 6.649e-04 1.592e-03 -1.000 4.075e-03 -3.130 -3.202 -2.842 -3.737
0.004 -0.58336 8.22001 4.0491695404 2.6077975767    4.049  3.155  3.7260  1.746    6  0.000  0.357     0.00     0.00     0.00     0.00     0.00 -1    -1e-30      0.00 7.234e-01 2.725e-01 4.266e-04 6.649e-04 1.592e-03 -1.000 4.075e-03 -3.117 -3.174 -2.791 -3.732
0.004 -0.58336 8.22001 4.0500192642 2.6078047062    4.050  3.145  3.7151  1.713    6  0.000  0.357     0.00     0.00     0.00     0.00     0.00 -1    -1e-30      0.00 7.234e-01 2.725e-01 4.266e-04 6.649e-04 1.592e-03 -1.000 4.075e-03 -3.093 -3.129 -2.720 -3.713
0.004 -0.58336 8.22001 4.0509843826 2.6078127998    4.051  3.129  3.7044  1.686    6  0.000  0.357     0.00     0.00     0.00     0.00     0.00 -1    -1e-30      0.00 7.234e-01 2.725e-01 4.266e-04 6.648e-04 1.592e-03 -1.000 4.074e-03 -3.053 -3.066 -2.631 -3.674
0.004 -0.58336 8.22001 4.0520176888 2.6078214603    4.052  3.104  3.6925  1.664    6  0.000  0.357     0.00     0.00     0.00     0.00     0.00 -1    -1e-30      0.00 7.234e-01 2.725e-01 4.267e-04 6.648e-04 1.592e-03 -1.000 4.074e-03 -2.990 -2.973 -2.508 -3.609
0.004 -0.58336 8.22001 4.0528173447 2.6078281590    4.053  3.089  3.6829  1.640    6  0.000  0.357     0.00     0.00     0.00     0.00     0.00 -1    -1e-30      0.00 7.234e-01 2.725e-01 4.267e-04 6.648e-04 1.592e-03 -1.000 4.073e-03 -2.952 -2.910 -2.420 -3.567
0.004 -0.58336 8.22001 4.0535655022 2.6078344235    4.053  3.096  3.6719  1.589    6  0.000  0.357     0.00     0.00     0.00     0.00     0.00 -1    -1e-30      0.00 7.234e-01 2.725e-01 4.267e-04 6.647e-04 1.592e-03 -1.000 4.073e-03 -2.971 -2.900 -2.378 -3.583
0.004 -0.58336 8.22001 4.0536022186 2.6078347309    4.053  3.098  3.6713  1.585    6  0.000  0.357     0.00     0.00     0.00     0.00     0.00 -1    -1e-30      0.00 7.234e-01 2.725e-01 4.267e-04 6.647e-04 1.592e-03 -1.000 4.073e-03 -2.974 -2.901 -2.377 -3.585
0.004 -0.58336 8.22001 4.0536761284 2.6078353496    4.053  3.114  3.6684  1.557    7  0.000  0.357     9.29     7.30     5.31     3.88     3.18  4    -1e-30      0.00 7.234e-01 2.725e-01 4.267e-04 6.647e-04 1.592e-03 -1.000 4.073e-03 -3.016 -2.935 -2.402 -3.626
0.004 -0.58336 8.22001 4.0537691116 2.6078361279    4.054  3.144  3.6642  1.511    7  0.000  0.357    10.23     7.94     5.75     4.21     3.45  4    -1e-30      0.00 7.234e-01 2.725e-01 4.267e-04 6.647e-04 1.592e-03 -1.000 4.073e-03 -3.090 -2.995 -2.450 -3.696
0.004 -0.58336 8.22001 4.0540113449 2.6078381554    4.054  3.182  3.6603  1.457    7  0.000  0.357    11.44     8.75     6.31     4.63     3.79  4    -1e-30      0.00 7.234e-01 2.725e-01 4.267e-04 6.647e-04 1.592e-03 -1.000 4.072e-03 -3.186 -3.078 -2.520 -3.788
0.004 -0.58336 8.22001 4.0545682907 2.6078428160    4.054  3.174  3.6607  1.466    7  0.000  0.357    11.21     8.60     6.21     4.55     3.73  4    -1e-30      0.00 7.234e-01 2.725e-01 4.267e-04 6.647e-04 1.592e-03 -1.000 4.072e-03 -3.166 -3.059 -2.503 -3.768
0.004 -0.58336 8.22001 4.0548453331 2.6078451338    4.055  3.217  3.6559  1.405    7  0.000  0.357    12.74     9.62     6.91     5.07     4.16  4    -1e-30      0.00 7.234e-01 2.725e-01 4.267e-04 6.647e-04 1.592e-03 -1.000 4.072e-03 -3.272 -3.145 -2.572 -3.866
0.004 -0.58336 8.22001 4.0550923347 2.6078471999    4.055  3.256  3.6519  1.350    7  0.000  0.357    14.28    10.62     7.59     5.58     4.58  4    -1e-30      0.00 7.234e-01 2.725e-01 4.267e-04 6.647e-04 1.592e-03 -1.000 4.072e-03 -3.370 -3.226 -2.639 -3.957
0.004 -0.58336 8.22001 4.0554041862 2.6078498081    4.055  3.295  3.6481  1.295    7  0.000  0.357    16.00    11.73     8.35     6.15     5.04  4    -1e-30      0.00 7.234e-01 2.725e-01 4.267e-04 6.647e-04 1.592e-03 -1.000 4.072e-03 -3.468 -3.307 -2.707 -4.048
0.004 -0.58336 8.22001 4.0557999611 2.6078531175    4.056  3.335  3.6443  1.240    7  0.000  0.357    17.92    12.95     9.18     6.77     5.55  4    -1e-30      0.00 7.234e-01 2.725e-01 4.267e-04 6.647e-04 1.592e-03 -1.000 4.072e-03 -3.568 -3.387 -2.774 -4.139
0.004 -0.58336 8.22001 4.0562925339 2.6078572353    4.056  3.375  3.6405  1.185    7  0.000  0.357    20.10    14.31    10.10     7.46     6.12  4    -1e-30      0.00 7.234e-01 2.725e-01 4.265e-04 6.647e-04 1.592e-03 -1.000 4.071e-03 -3.668 -3.469 -2.842 -4.230
0.004 -0.58336 8.22001 4.0568685532 2.6078620492    4.057  3.415  3.6368  1.130    7  0.000  0.356    22.53    15.81    11.10     8.21     6.74  4    -1e-30      0.00 7.234e-01 2.725e-01 4.255e-04 6.653e-04 1.592e-03 -1.000 4.071e-03 -3.768 -3.550 -2.909 -4.322
0.004 -0.58336 8.22001 4.0574741364 2.6078671085    4.057  3.455  3.6331  1.076    7  0.000  0.354    25.21    17.44    12.19     9.03     7.42  4    -1e-30      0.00 7.235e-01 2.725e-01 4.233e-04 6.676e-04 1.592e-03 -1.000 4.071e-03 -3.868 -3.630 -2.975 -4.412
0.004 -0.58336 8.22001 4.0580601692 2.6078720028    4.058  3.495  3.6295  1.021    7  0.000  0.352    28.21    19.24    13.39     9.93     8.16  4 -1.41e-30      0.00 7.235e-01 2.725e-01 4.200e-04 6.714e-04 1.592e-03 -1.000 4.072e-03 -3.967 -3.710 -3.041 -4.501
0.004 -0.58336 8.22001 4.0585985184 2.6078764974    4.058  3.534  3.6260  0.968    7  0.000  0.349    31.52    21.19    14.68    10.91     8.96  4 -2.67e-27      0.00 7.234e-01 2.725e-01 4.169e-04 6.752e-04 1.592e-03 -1.000 4.101e-03 -4.066 -3.788 -3.104 -4.589
0.004 -0.58336 8.22001 4.0590853691 2.6078805609    4.059  3.574  3.6226  0.915    7  0.000  0.347    35.19    23.32    16.10    11.97     9.84  4 -1.92e-24      0.00 7.234e-01 2.724e-01 4.145e-04 6.782e-04 1.592e-03 -1.000 4.127e-03 -4.164 -3.866 -3.166 -4.678
0.004 -0.58336 8.22001 4.0595231056 2.6078842136    4.059  3.613  3.6194  0.863    7  0.000  0.346    39.21    25.63    17.61    13.12    10.78  4 -1.85e-16      0.00 7.234e-01 2.724e-01 4.127e-04 6.805e-04 1.592e-03 -1.000 4.119e-03 -4.263 -3.944 -3.230 -4.766
0.004 -0.58336 8.22001 4.0599198341 2.6078875232    4.059  3.652  3.6162  0.811    7  0.000  0.344    43.63    28.13    19.25    14.36    11.81  4 -1.28e-08      0.00 7.234e-01 2.725e-01 4.111e-04 6.826e-04 1.592e-03 -1.000 4.104e-03 -4.360 -4.021 -3.292 -4.853
0.004 -0.58336 8.22001 4.0602850914 2.6078905696    4.059  3.691  3.6128  0.759    7  0.000  0.343    48.64    30.92    21.07    15.74    12.94  4 -1.53e-08      0.00 7.234e-01 2.725e-01 4.096e-04 6.849e-04 1.591e-03 -1.000 4.100e-03 -4.457 -4.097 -3.351 -4.938
0.004 -0.58336 8.22001 4.0606255531 2.6078934087    4.059  3.730  3.6094  0.707    7  0.000  0.342    54.21    33.99    23.06    17.25    14.19  3 -1.83e-08      0.00 7.234e-01 2.725e-01 4.083e-04 6.875e-04 1.590e-03 -1.000 4.100e-03 -4.554 -4.171 -3.409 -5.024
0.004 -0.58336 8.22001 4.0609421730 2.6078960485    4.058  3.768  3.6060  0.654    7  0.000  0.342    60.40    37.35    25.23    18.90    15.55  3  -2.2e-08      0.00 7.234e-01 2.725e-01 4.073e-04 6.903e-04 1.588e-03 -1.000 4.100e-03 -4.650 -4.244 -3.464 -5.107
0.004 -0.58336 8.22001 4.0612363815 2.6078985010    4.058  3.806  3.6026  0.603    7  0.000  0.342    67.24    41.01    27.59    20.69    17.03  3 -2.71e-08      0.00 7.234e-01 2.725e-01 4.063e-04 6.937e-04 1.585e-03 -1.000 4.100e-03 -4.745 -4.315 -3.518 -5.189
0.004 -0.58336 8.22001 4.0615119934 2.6079007981    4.058  3.844  3.5992  0.551    7  0.000  0.342    74.88    45.04    30.18    22.66    18.66  3 -3.56e-08      0.00 7.233e-01 2.726e-01 4.055e-04 6.973e-04 1.583e-03 -1.000 4.118e-03 -4.841 -4.386 -3.570 -5.271
0.004 -0.58336 8.22001 4.0617685318 2.6079029359    4.057  3.882  3.5958  0.499    7  0.000  0.342    83.32    49.43    32.98    24.80    20.42  3 -5.23e-08      0.00 7.231e-01 2.728e-01 4.047e-04 7.010e-04 1.580e-03 -1.000 4.154e-03 -4.935 -4.455 -3.620 -5.350
0.004 -0.58336 8.22001 4.0620088577 2.6079049383    4.056  3.920  3.5922  0.447    7  0.000  0.342    92.82    54.31    36.08    27.17    22.38  3 -7.67e-08      0.00 7.227e-01 2.732e-01 4.038e-04 7.052e-04 1.576e-03 -1.000 4.100e-03 -5.029 -4.520 -3.663 -5.428
0.004 -0.58336 8.22001 4.0622363091 2.6079068332    4.054  3.957  3.5887  0.396    7  0.000  0.342   103.22    59.58    39.42    29.73    24.49  3 -1.12e-07      0.00 7.216e-01 2.743e-01 4.027e-04 7.104e-04 1.572e-03 -1.000 4.100e-03 -5.122 -4.584 -3.704 -5.505
0.004 -0.58336 8.22001 4.0624570847 2.6079086723    4.051  3.994  3.5852  0.344    7  0.000  0.342   114.88    65.41    43.09    32.54    26.81  3 -1.65e-07      0.00 7.190e-01 2.769e-01 4.010e-04 7.181e-04 1.565e-03 -1.000 4.100e-03 -5.215 -4.648 -3.743 -5.582
0.004 -0.58336 8.22001 4.0626678467 2.6079104277    4.048  4.032  3.5814  0.291    7  0.000  0.342   128.33    72.03    47.25    35.74    29.45  2 -2.45e-07      0.00 7.119e-01 2.840e-01 3.972e-04 7.364e-04 1.550e-03 -1.000 4.100e-03 -5.310 -4.710 -3.780 -5.658
0.004 -0.58336 8.22001 4.0628671646 2.6079120876    4.042  4.073  3.5770  0.232    7  0.000  0.342   144.99    80.12    52.30    39.62    32.66  2 -3.74e-07      0.00 6.936e-01 3.023e-01 3.877e-04 7.823e-04 1.511e-03 -1.000 4.100e-03 -5.412 -4.769 -3.804 -5.735
0.004 -0.58336 8.22001 4.0630402565 2.6079135289    4.035  4.114  3.5723  0.171    7  0.000  0.342   164.21    89.31    58.02    44.02    36.30  2 -5.75e-07      0.00 6.776e-01 3.183e-01 3.793e-04 8.226e-04 1.477e-03 -1.000 4.100e-03 -5.514 -4.824 -3.819 -5.809
0.004 -0.58336 8.22001 4.0632100105 2.6079149424    4.024  4.157  3.5673  0.107    7  0.000  0.342   187.49   100.27    64.80    49.25    40.62  2 -9.08e-07      0.00 6.689e-01 3.270e-01 3.747e-04 8.445e-04 1.459e-03 -1.000 4.100e-03 -5.622 -4.877 -3.824 -5.884
0.004 -0.58336 8.22001 4.0633654594 2.6079162366    4.008  4.198  3.5624  0.045    7  0.000  0.342   213.02   112.11    72.07    54.89    45.27  2 -1.39e-06      0.01 6.648e-01 3.311e-01 3.725e-04 8.548e-04 1.450e-03 -1.000 4.100e-03 -5.725 -4.919 -3.814 -5.950
0.004 -0.58336 8.22001 4.0635066032 2.6079174116    3.985  4.235  3.5579 -0.013    7  0.000  0.343   239.59   124.27    79.51    60.65    50.04  2 -2.09e-06      0.01 6.630e-01 3.329e-01 3.716e-04 8.595e-04 1.446e-03 -1.000 4.100e-03 -5.818 -4.945 -3.782 -6.001
0.004 -0.58336 8.22001 4.0636491776 2.6079185984    3.950  4.269  3.5535 -0.068    7  0.000  0.342   267.75   137.03    87.28    66.70    55.04  2 -3.03e-06      0.02 6.622e-01 3.337e-01 3.711e-04 8.615e-04 1.445e-03 -1.000 4.092e-03 -5.902 -4.953 -3.719 -6.037
0.004 -0.58336 8.22001 4.0638780594 2.6079205034    3.866  4.282  3.5503 -0.104    7  0.000  0.343   285.64   145.26    92.23    70.60    58.25  2 -3.75e-06      0.03 6.616e-01 3.343e-01 3.708e-04 8.630e-04 1.443e-03 -1.000 4.094e-03 -5.936 -4.928 -3.642 -6.032
0.004 -0.58336 8.22001 4.0639333725 2.6079209638    3.847  4.247  3.5541 -0.055    7  0.000  0.343   257.87   132.84    84.68    64.74    53.41  2 -2.63e-06      0.02 6.615e-01 3.344e-01 3.708e-04 8.632e-04 1.443e-03 -1.000 4.098e-03 -5.847 -4.915 -3.695 -5.993
0.004 -0.58336 8.22001 4.0639548302 2.6079211423    3.841  4.204  3.5588  0.006    7  0.000  0.343   227.34   118.94    76.19    58.16    47.97  2 -1.72e-06      0.01 6.615e-01 3.344e-01 3.708e-04 8.633e-04 1.443e-03 -1.000 4.100e-03 -5.739 -4.886 -3.738 -5.935
0.004 -0.58336 8.22001 4.0639653206 2.6079212296    3.839  4.157  3.5639  0.073    7  0.000  0.343   198.01   105.36    67.86    51.71    42.63  2 -1.06e-06      0.00 6.615e-01 3.344e-01 3.708e-04 8.633e-04 1.443e-03 -1.000 4.100e-03 -5.622 -4.837 -3.751 -5.861
0.004 -0.58336 8.22001 4.0639729500 2.6079212931    3.839  4.120  3.5678  0.126    7  0.000  0.343   177.58    95.75    61.94    47.13    38.85  2 -7.22e-07      0.00 6.615e-01 3.344e-01 3.708e-04 8.633e-04 1.443e-03 -1.000 4.100e-03 -5.530 -4.793 -3.748 -5.797
0.004 -0.58336 8.22001 4.0639853477 2.6079213963    3.838  4.112  3.5686  0.136    7  0.000  0.343   173.82    93.97    60.83    46.28    38.15  2  -6.7e-07      0.00 6.615e-01 3.344e-01 3.708e-04 8.633e-04 1.443e-03 -1.000 4.100e-03 -5.511 -4.784 -3.747 -5.784
0.004 -0.58336 8.22001 4.0639929771 2.6079214598    3.837  4.134  3.5663  0.105    7  0.000  0.343   185.39    99.44    64.21    48.89    40.30  2 -8.41e-07      0.00 6.615e-01 3.344e-01 3.708e-04 8.633e-04 1.443e-03 -1.000 4.100e-03 -5.566 -4.810 -3.749 -5.822
0.004 -0.58336 8.22001 4.0640048981 2.6079215590    3.836  4.164  3.5630  0.062    7  0.000  0.343   202.44   107.43    69.13    52.69    43.45  2 -1.13e-06      0.00 6.615e-01 3.344e-01 3.708e-04 8.633e-04 1.443e-03 -1.000 4.100e-03 -5.640 -4.845 -3.749 -5.872
0.004 -0.58336 8.22001 4.0640292168 2.6079217614    3.833  4.189  3.5604  0.026    7  0.000  0.343   217.83   114.57    73.51    56.09    46.25  2 -1.47e-06      0.01 6.615e-01 3.344e-01 3.708e-04 8.633e-04 1.443e-03 -1.000 4.100e-03 -5.702 -4.872 -3.746 -5.912
0.004 -0.58336 8.22001 4.0640425682 2.6079218725    3.831  4.193  3.5599  0.020    7  0.000  0.343   220.65   115.88    74.31    56.71    46.77  2 -1.55e-06      0.01 6.615e-01 3.344e-01 3.708e-04 8.633e-04 1.443e-03 -1.000 4.100e-03 -5.712 -4.875 -3.743 -5.918
0.004 -0.58336 8.22001 4.0640578270 2.6079219995    3.828  4.222  3.5566 -0.022    7  0.000  0.343   240.73   125.10    79.95    61.08    50.38  2 -2.09e-06      0.01 6.615e-01 3.344e-01 3.708e-04 8.633e-04 1.443e-03 -1.000 4.100e-03 -5.785 -4.895 -3.714 -5.958
0.004 -0.58336 8.22001 4.0640645027 2.6079220550    3.827  4.228  3.5559 -0.031    7  0.000  0.343   245.02   127.05    81.14    62.01    51.15  2 -2.22e-06      0.01 6.615e-01 3.344e-01 3.708e-04 8.633e-04 1.443e-03 -1.000 4.100e-03 -5.799 -4.898 -3.707 -5.965
