Zini MH logAge Mini int_IMF Mass logL logTe logg label McoreTP C_O period0 period1 period2 period3 period4 pmode Mloss tau1m X Y Xc Xn Xo Cexcess Z mbolmag Gmag G_BPmag G_RPmag
0.005 -0.48482 7.75001 0.0900000036 1.0816895926    0.090 -2.507  3.4519  4.659    0  0.000  0.545     0.00     0.00     0.00     0.00     0.00 -1 -6.19e-16      0.00 7.371e-01 2.578e-01 9.173e-04 2.474e-04 2.244e-03 -1.000 5.101e-03 11.036 12.410 14.572 11.064
0.005 -0.48482 7.75001 0.0945537537 1.1239311548    0.095 -2.473  3.4561  4.663    0  0.000  0.545     0.00     0.00     0.00     0.00     0.00 -1 -6.49e-16      0.00 7.371e-01 2.578e-01 9.173e-04 2.474e-04 2.244e-03 -1.000 5.101e-03 10.952 12.284 14.377 10.951
0.005 -0.48482 7.75001 0.1000000015 1.1711064122    0.100 -2.433  3.4611  4.667    0  0.000  0.545     0.00     0.00     0.00     0.00     0.00 -1 -6.89e-16      0.00 7.371e-01 2.578e-01 9.173e-04 2.474e-04 2.244e-03 -1.000 5.101e-03 10.852 12.134 14.145 10.818
0.005 -0.48482 7.75001 0.1007319540 1.1771917267    0.101 -2.428  3.4616  4.668    0  0.000  0.545     0.00     0.00     0.00     0.00     0.00 -1 -6.93e-16      0.00 7.371e-01 2.578e-01 9.173e-04 2.474e-04 2.244e-03 -1.000 5.101e-03 10.841 12.117 14.120 10.803
0.005 -0.48482 7.75001 0.1139205694 1.2778755213    0.114 -2.344  3.4713  4.675    0  0.000  0.545     0.00     0.00     0.00     0.00     0.00 -1 -7.86e-16      0.00 7.371e-01 2.578e-01 9.173e-04 2.474e-04 2.244e-03 -1.000 5.101e-03 10.629 11.814 13.672 10.531
0.005 -0.48482 7.75001 0.1199999973 1.3193154249    0.120 -2.307  3.4757  4.679    0  0.000  0.545     0.00     0.00     0.00     0.00     0.00 -1 -8.28e-16      0.00 7.371e-01 2.578e-01 9.173e-04 2.474e-04 2.244e-03 -1.000 5.101e-03 10.538 11.682 13.477 10.413
0.005 -0.48482 7.75001 0.1400000006 1.4384526719    0.140 -2.203  3.4868  4.686    0  0.000  0.545     0.00     0.00     0.00     0.00     0.00 -1 -9.68e-16      0.00 7.371e-01 2.578e-01 9.173e-04 2.474e-04 2.244e-03 -1.000 5.101e-03 10.276 11.315 12.954 10.087
0.005 -0.48482 7.75001 0.1499980390 1.4900060741    0.150 -2.157  3.4915  4.689    0  0.000  0.545     0.00     0.00     0.00     0.00     0.00 -1 -1.03e-15      0.00 7.371e-01 2.578e-01 9.173e-04 2.474e-04 2.244e-03 -1.000 5.101e-03 10.163 11.159 12.737 9.948
0.005 -0.48482 7.75001 0.1599999964 1.5372931554    0.160 -2.114  3.4959  4.691    0  0.000  0.545     0.00     0.00     0.00     0.00     0.00 -1  -1.1e-15      0.00 7.371e-01 2.578e-01 9.173e-04 2.474e-04 2.244e-03 -1.000 5.101e-03 10.054 11.015 12.543 9.818
0.005 -0.48482 7.75001 0.1787855178 1.6165042598    0.179 -2.041  3.5032  4.696    0  0.000  0.545     0.00     0.00     0.00     0.00     0.00 -1 -1.23e-15      0.00 7.371e-01 2.578e-01 9.173e-04 2.474e-04 2.244e-03 -1.000 5.101e-03 9.872 10.775 12.225 9.602
0.005 -0.48482 7.75001 0.1999999881 1.6938790356    0.200 -1.966  3.5106  4.699    0  0.000  0.545     0.00     0.00     0.00     0.00     0.00 -1 -1.38e-15      0.00 7.371e-01 2.578e-01 9.173e-04 2.474e-04 2.244e-03 -1.000 5.101e-03 9.684 10.530 11.906 9.381
0.005 -0.48482 7.75001 0.2500000000 1.8403257998    0.250 -1.821  3.5243  4.706    0  0.000  0.545     0.00     0.00     0.00     0.00     0.00 -1 -1.71e-15      0.00 7.371e-01 2.578e-01 9.173e-04 2.474e-04 2.244e-03 -1.000 5.101e-03 9.321 10.070 11.324 8.966
0.005 -0.48482 7.75001 0.2864981890 1.9250553845    0.286 -1.732  3.5320  4.707    0  0.000  0.545     0.00     0.00     0.00     0.00     0.00 -1 -1.95e-15      0.00 7.371e-01 2.578e-01 9.173e-04 2.474e-04 2.244e-03 -1.000 5.101e-03 9.100 9.799 10.995 8.718
0.005 -0.48482 7.75001 0.3000000119 1.9529139769    0.300 -1.702  3.5346  4.708    0  0.000  0.545     0.00     0.00     0.00     0.00     0.00 -1 -2.04e-15      0.00 7.371e-01 2.578e-01 9.173e-04 2.474e-04 2.244e-03 -1.000 5.101e-03 9.025 9.709 10.886 8.635
0.005 -0.48482 7.75001 0.3499999642 2.0434174156    0.350 -1.595  3.5437  4.704    0  0.000  0.545     0.00     0.00     0.00     0.00     0.00 -1 -2.43e-15      0.00 7.371e-01 2.578e-01 9.173e-04 2.474e-04 2.244e-03 -1.000 5.101e-03 8.759 9.387 10.503 8.340
0.005 -0.48482 7.75001 0.3582692742 2.0567661350    0.358 -1.577  3.5454  4.702    0  0.000  0.545     0.00     0.00     0.00     0.00     0.00 -1 -2.51e-15      0.00 7.371e-01 2.578e-01 9.173e-04 2.474e-04 2.244e-03 -1.000 5.101e-03 8.712 9.330 10.435 8.289
0.005 -0.48482 7.75001 0.3999999762 2.1185023988    0.400 -1.489  3.5531  4.693    0  0.000  0.545     0.00     0.00     0.00     0.00     0.00 -1 -2.93e-15      0.00 7.371e-01 2.578e-01 9.173e-04 2.474e-04 2.244e-03 -1.000 5.101e-03 8.493 9.068 10.124 8.048
0.005 -0.48482 7.75001 0.4266966283 2.1537663791    0.426 -1.426  3.5593  4.683    0  0.000  0.545     0.00     0.00     0.00     0.00     0.00 -1 -3.31e-15      0.00 7.371e-01 2.578e-01 9.173e-04 2.474e-04 2.244e-03 -1.000 5.101e-03 8.335 8.874 9.893 7.873
0.005 -0.48482 7.75001 0.4499999881 2.1822809009    0.450 -1.375  3.5644  4.675    0  0.000  0.545     0.00     0.00     0.00     0.00     0.00 -1 -3.65e-15      0.00 7.371e-01 2.578e-01 9.173e-04 2.474e-04 2.244e-03 -1.000 5.101e-03 8.207 8.719 9.709 7.733
0.005 -0.48482 7.75001 0.4914344847 2.2285246741    0.491 -1.263  3.5780  4.657    0  0.000  0.545     0.00     0.00     0.00     0.00     0.00 -1 -4.62e-15      0.00 7.371e-01 2.578e-01 9.173e-04 2.474e-04 2.244e-03 -1.000 5.101e-03 7.928 8.372 9.292 7.422
0.005 -0.48482 7.75001 0.4999999404 2.2374540715    0.500 -1.243  3.5803  4.653    0  0.000  0.545     0.00     0.00     0.00     0.00     0.00 -1 -4.83e-15      0.00 7.371e-01 2.578e-01 9.173e-04 2.474e-04 2.244e-03 -1.000 5.101e-03 7.877 8.309 9.218 7.366
0.005 -0.48482 7.75001 0.5027942657 2.2403162440    0.503 -1.235  3.5814  4.652    0  0.000  0.545     0.00     0.00     0.00     0.00     0.00 -1  -4.9e-15      0.00 7.372e-01 2.577e-01 9.173e-04 2.474e-04 2.244e-03 -1.000 5.101e-03 7.858 8.285 9.189 7.345
0.005 -0.48482 7.75001 0.5199018717 2.2570704741    0.520 -1.178  3.5894  4.642    0  0.000  0.545     0.00     0.00     0.00     0.00     0.00 -1 -5.53e-15      0.00 7.372e-01 2.577e-01 9.172e-04 2.474e-04 2.244e-03 -1.000 5.101e-03 7.716 8.107 8.974 7.188
0.005 -0.48482 7.75001 0.5500000119 2.2836582633    0.550 -1.065  3.6077  4.626    0  0.000  0.545     0.00     0.00     0.00     0.00     0.00 -1 -7.09e-15      0.00 7.372e-01 2.577e-01 9.172e-04 2.474e-04 2.244e-03 -1.000 5.101e-03 7.433 7.753 8.546 6.878
0.005 -0.48482 7.75001 0.5559319854 2.2885093422    0.556 -1.040  3.6124  4.624    0  0.000  0.545     0.00     0.00     0.00     0.00     0.00 -1 -7.49e-15      0.00 7.372e-01 2.577e-01 9.172e-04 2.474e-04 2.244e-03 -1.000 5.101e-03 7.369 7.673 8.447 6.809
0.005 -0.48482 7.75001 0.5740654469 2.3026263535    0.574 -0.961  3.6280  4.621    0  0.000  0.545     0.00     0.00     0.00     0.00     0.00 -1 -8.87e-15      0.00 7.372e-01 2.577e-01 9.172e-04 2.474e-04 2.244e-03 -1.000 5.101e-03 7.171 7.418 8.130 6.594
0.005 -0.48482 7.75001 0.5999999642 2.3211212854    0.600 -0.849  3.6517  4.623    0  0.000  0.545     0.00     0.00     0.00     0.00     0.00 -1 -1.12e-14      0.00 7.372e-01 2.577e-01 9.172e-04 2.474e-04 2.244e-03 -1.000 5.101e-03 6.891 7.042 7.655 6.288
0.005 -0.48482 7.75001 0.6018441916 2.3223668426    0.602 -0.841  3.6536  4.624    0  0.000  0.545     0.00     0.00     0.00     0.00     0.00 -1 -1.14e-14      0.00 7.372e-01 2.577e-01 9.172e-04 2.474e-04 2.244e-03 -1.000 5.101e-03 6.871 7.014 7.620 6.266
0.005 -0.48482 7.75001 0.6238479614 2.3365768941    0.624 -0.754  3.6745  4.637    0  0.000  0.545     0.00     0.00     0.00     0.00     0.00 -1 -1.35e-14      0.00 7.372e-01 2.577e-01 9.172e-04 2.474e-04 2.244e-03 -1.000 5.101e-03 6.655 6.721 7.252 6.031
0.005 -0.48482 7.75001 0.6311506629 2.3410418932    0.631 -0.731  3.6800  4.642    0  0.000  0.545     0.00     0.00     0.00     0.00     0.00 -1 -1.41e-14      0.00 7.372e-01 2.577e-01 9.172e-04 2.474e-04 2.244e-03 -1.000 5.101e-03 6.599 6.647 7.160 5.971
0.005 -0.48482 7.75001 0.6499999166 2.3520352771    0.650 -0.679  3.6933  4.655    0  0.000  0.545     0.00     0.00     0.00     0.00     0.00 -1 -1.54e-14      0.00 7.372e-01 2.577e-01 9.172e-04 2.474e-04 2.243e-03 -1.000 5.101e-03 6.466 6.475 6.951 5.832
0.005 -0.48482 7.75001 0.6502243876 2.3521617849    0.650 -0.678  3.6934  4.655    0  0.000  0.545     0.00     0.00     0.00     0.00     0.00 -1 -1.55e-14      0.00 7.372e-01 2.577e-01 9.172e-04 2.474e-04 2.243e-03 -1.000 5.101e-03 6.465 6.474 6.949 5.831
0.005 -0.48482 7.75001 0.6748368740 2.3654479937    0.675 -0.642  3.7029  4.673    0  0.000  0.545     0.00     0.00     0.00     0.00     0.00 -1 -1.62e-14      0.00 7.372e-01 2.577e-01 9.171e-04 2.474e-04 2.243e-03 -1.000 5.101e-03 6.375 6.360 6.811 5.739
0.005 -0.48482 7.75001 0.6938686371 2.3749819010    0.694 -0.628  3.7065  4.686    0  0.000  0.545     0.00     0.00     0.00     0.00     0.00 -1 -1.63e-14      0.00 7.373e-01 2.576e-01 9.167e-04 2.474e-04 2.243e-03 -1.000 5.101e-03 6.341 6.318 6.760 5.706
0.005 -0.48482 7.75001 0.6999999881 2.3779266974    0.700 -0.621  3.7078  4.687    0  0.000  0.545     0.00     0.00     0.00     0.00     0.00 -1 -1.64e-14      0.00 7.373e-01 2.576e-01 9.166e-04 2.474e-04 2.243e-03 -1.000 5.101e-03 6.322 6.297 6.735 5.687
0.005 -0.48482 7.75001 0.7192226648 2.3867859512    0.719 -0.593  3.7126  4.691    0  0.000  0.542     0.00     0.00     0.00     0.00     0.00 -1 -1.72e-14      0.00 7.373e-01 2.576e-01 9.118e-04 2.472e-04 2.243e-03 -1.000 5.101e-03 6.253 6.218 6.645 5.619
0.005 -0.48482 7.75001 0.7395266891 2.3955707480    0.740 -0.550  3.7199  4.689    0  0.000  0.539     0.00     0.00     0.00     0.00     0.00 -1 -1.87e-14      0.00 7.373e-01 2.576e-01 9.070e-04 2.471e-04 2.243e-03 -1.000 5.101e-03 6.146 6.098 6.507 5.515
0.005 -0.48482 7.75001 0.7489780188 2.3994736557    0.749 -0.524  3.7243  4.686    0  0.000  0.538     0.00     0.00     0.00     0.00     0.00 -1 -1.98e-14      0.00 7.374e-01 2.575e-01 9.047e-04 2.470e-04 2.243e-03 -1.000 5.101e-03 6.080 6.025 6.424 5.452
0.005 -0.48482 7.75001 0.7979561090 2.4180075369    0.798 -0.396  3.7436  4.662    0  0.000  0.538     0.00     0.00     0.00     0.00     0.00 -1 -2.64e-14      0.00 7.374e-01 2.575e-01 9.044e-04 2.470e-04 2.243e-03 -1.000 5.101e-03 5.760 5.681 6.038 5.149
0.005 -0.48482 7.75001 0.8469341993 2.4340981614    0.846 -0.277  3.7601  4.635    0  0.000  0.538     0.00     0.00     0.00     0.00     0.00 -1 -3.49e-14      0.00 7.375e-01 2.574e-01 9.041e-04 2.469e-04 2.243e-03 -1.000 5.101e-03 5.461 5.371 5.694 4.875
0.005 -0.48482 7.75001 0.8959121704 2.4481825371    0.895 -0.164  3.7750  4.606    0  0.000  0.538     0.00     0.00     0.00     0.00     0.00 -1 -4.54e-14      0.00 7.375e-01 2.574e-01 9.040e-04 2.468e-04 2.242e-03 -1.000 5.101e-03 5.181 5.087 5.380 4.625
0.005 -0.48482 7.75001 0.9372283220 2.4587567366    0.937 -0.071  3.7855  4.575    0  0.000  0.538     0.00     0.00     0.00     0.00     0.00 -1 -5.68e-14      0.00 7.377e-01 2.572e-01 9.037e-04 2.467e-04 2.241e-03 -1.000 5.101e-03 4.948 4.855 5.127 4.417
0.005 -0.48482 7.75001 0.9448902607 2.4606011507    0.944 -0.055  3.7875  4.570    0  0.000  0.538     0.00     0.00     0.00     0.00     0.00 -1  -5.9e-14      0.00 7.377e-01 2.572e-01 9.039e-04 2.468e-04 2.241e-03 -1.000 5.098e-03 4.908 4.816 5.084 4.382
0.005 -0.48482 7.75001 0.9938682914 2.4716227899    0.994  0.048  3.7991  4.535    0  0.000  0.538     0.00     0.00     0.00     0.00     0.00 -1 -7.61e-14      0.00 7.378e-01 2.571e-01 9.031e-04 2.466e-04 2.240e-03 -1.000 5.096e-03 4.649 4.560 4.807 4.152
0.005 -0.48482 7.75001 1.0428463221 2.4814624120    1.042  0.147  3.8098  4.500    0  0.000  0.537     0.00     0.00     0.00     0.00     0.00 -1  -9.1e-14      0.00 7.379e-01 2.570e-01 9.029e-04 2.466e-04 2.240e-03 -1.000 5.101e-03 4.403 4.318 4.546 3.934
0.005 -0.48482 7.75001 1.0918244123 2.4902937965    1.091  0.240  3.8201  4.468    0  0.000  0.538     0.00     0.00     0.00     0.00     0.00 -1 -1.06e-13      0.00 7.379e-01 2.570e-01 9.032e-04 2.466e-04 2.240e-03 -1.000 5.092e-03 4.169 4.087 4.298 3.726
0.005 -0.48482 7.75001 1.1408023834 2.4982588162    1.140  0.330  3.8306  4.439    0  0.000  0.538     0.00     0.00     0.00     0.00     0.00 -1 -1.21e-13      0.00 7.380e-01 2.569e-01 9.032e-04 2.466e-04 2.240e-03 -1.000 5.088e-03 3.945 3.866 4.059 3.528
0.005 -0.48482 7.75001 1.1897804737 2.5054744552    1.189  0.414  3.8413  4.416    0  0.000  0.538     0.00     0.00     0.00     0.00     0.00 -1 -1.35e-13      0.00 7.380e-01 2.570e-01 9.030e-04 2.466e-04 2.239e-03 -1.000 5.086e-03 3.734 3.658 3.835 3.345
0.005 -0.48482 7.75001 1.2387585640 2.5120378777    1.238  0.494  3.8531  4.401    0  0.000  0.538     0.00     0.00     0.00     0.00     0.00 -1 -1.46e-13      0.00 7.380e-01 2.569e-01 9.030e-04 2.466e-04 2.239e-03 -1.000 5.097e-03 3.535 3.462 3.622 3.176
0.005 -0.48482 7.75001 1.2877364159 2.5180304399    1.287  0.569  3.8666  4.397    0  0.000  0.538     0.00     0.00     0.00     0.00     0.00 -1 -1.53e-13      0.00 7.380e-01 2.569e-01 9.028e-04 2.465e-04 2.239e-03 -1.000 5.074e-03 3.346 3.280 3.419 3.025
0.005 -0.48482 7.75001 1.3367147446 2.5235208592    1.337  0.641  3.8818  4.402    0  0.000  0.538     0.00     0.00     0.00     0.00     0.00 -1 -1.56e-13      0.00 7.381e-01 2.568e-01 9.026e-04 2.465e-04 2.239e-03 -1.000 5.072e-03 3.166 3.108 3.226 2.889
0.005 -0.48482 7.75001 1.3856927156 2.5285672999    1.386  0.710  3.8975  4.412    0  0.000  0.538     0.00     0.00     0.00     0.00     0.00 -1 -1.53e-13      0.00 7.381e-01 2.568e-01 9.026e-04 2.464e-04 2.238e-03 -1.000 5.096e-03 2.996 2.948 3.044 2.767
0.005 -0.48482 7.75001 1.4346706867 2.5332195553    1.435  0.776  3.9127  4.422    0  0.000  0.538     0.00     0.00     0.00     0.00     0.00 -1 -1.46e-13      0.00 7.381e-01 2.568e-01 9.024e-04 2.464e-04 2.238e-03 -1.000 5.075e-03 2.831 2.799 2.875 2.656
0.005 -0.48482 7.75001 1.4836487770 2.5375203611    1.484  0.839  3.9272  4.431    0  0.000  0.538     0.00     0.00     0.00     0.00     0.00 -1 -1.33e-13      0.00 7.382e-01 2.567e-01 9.023e-04 2.464e-04 2.238e-03 -1.000 5.096e-03 2.674 2.664 2.720 2.556
0.005 -0.48482 7.75001 1.5326267481 2.5415065793    1.532  0.898  3.9407  4.440    1  0.000  0.538     0.00     0.00     0.00     0.00     0.00 -1 -1.15e-13      0.00 7.382e-01 2.567e-01 9.023e-04 2.464e-04 2.238e-03 -1.000 5.061e-03 2.524 2.545 2.586 2.467
0.005 -0.48482 7.75001 1.5816048384 2.5452102246    1.581  0.956  3.9535  4.447    1  0.000  0.538     0.00     0.00     0.00     0.00     0.00 -1 -8.97e-14      0.00 7.383e-01 2.567e-01 9.023e-04 2.464e-04 2.238e-03 -1.000 5.067e-03 2.380 2.439 2.467 2.386
0.005 -0.48482 7.75001 1.6305828094 2.5486591609    1.630  1.012  3.9658  4.454    1  0.000  0.538     0.00     0.00     0.00     0.00     0.00 -1 -5.63e-14      0.00 7.383e-01 2.566e-01 9.021e-04 2.463e-04 2.237e-03 -1.000 5.071e-03 2.241 2.341 2.359 2.309
0.005 -0.48482 7.75001 1.6795608997 2.5518778061    1.679  1.065  3.9773  4.459    1  0.000  0.537     0.00     0.00     0.00     0.00     0.00 -1 -6.46e-24      0.00 7.383e-01 2.566e-01 9.018e-04 2.463e-04 2.237e-03 -1.000 5.074e-03 2.108 2.253 2.262 2.237
0.005 -0.48482 7.75001 1.7285389900 2.5548875929    1.727  1.117  3.9883  4.464    1  0.000  0.537     0.00     0.00     0.00     0.00     0.00 -1    -1e-30      0.00 7.384e-01 2.566e-01 9.017e-04 2.463e-04 2.237e-03 -1.000 5.080e-03 1.979 2.169 2.170 2.167
0.005 -0.48482 7.75001 1.7775169611 2.5577074260    1.776  1.166  3.9986  4.468    1  0.000  0.537     0.00     0.00     0.00     0.00     0.00 -1    -1e-30      0.00 7.383e-01 2.566e-01 9.017e-04 2.463e-04 2.237e-03 -1.000 5.101e-03 1.855 2.090 2.085 2.100
0.005 -0.48482 7.75001 1.8271399736 2.5603878217    1.826  1.214  4.0083  4.471    1  0.000  0.537     0.00     0.00     0.00     0.00     0.00 -1    -1e-30      0.00 7.384e-01 2.565e-01 9.017e-04 2.463e-04 2.237e-03 -1.000 5.086e-03 1.735 2.015 2.005 2.035
0.005 -0.48482 7.75001 1.8767631054 2.5629058721    1.876  1.261  4.0175  4.472    1  0.000  0.537     0.00     0.00     0.00     0.00     0.00 -1    -1e-30      0.00 7.384e-01 2.565e-01 9.016e-04 2.462e-04 2.237e-03 -1.000 5.097e-03 1.619 1.942 1.927 1.972
0.005 -0.48482 7.75001 1.9263861179 2.5652753117    1.926  1.305  4.0262  4.474    1  0.000  0.538     0.00     0.00     0.00     0.00     0.00 -1    -1e-30      0.00 7.384e-01 2.565e-01 9.016e-04 2.462e-04 2.236e-03 -1.000 5.100e-03 1.506 1.873 1.854 1.910
0.005 -0.48482 7.75001 1.9760092497 2.5675084202    1.976  1.349  4.0343  4.474    1  0.000  0.537     0.00     0.00     0.00     0.00     0.00 -1    -1e-30      0.00 7.384e-01 2.565e-01 9.015e-04 2.462e-04 2.236e-03 -1.000 5.072e-03 1.398 1.805 1.782 1.849
0.005 -0.48482 7.75001 2.0256323814 2.5696161724    2.025  1.391  4.0421  4.474    1  0.000  0.537     0.00     0.00     0.00     0.00     0.00 -1    -1e-30      0.00 7.384e-01 2.564e-01 9.015e-04 2.462e-04 2.236e-03 -1.000 5.101e-03 1.291 1.738 1.712 1.788
0.005 -0.48482 7.75001 2.0752551556 2.5716084101    2.074  1.432  4.0495  4.473    1  0.000  0.537     0.00     0.00     0.00     0.00     0.00 -1    -1e-30      0.00 7.385e-01 2.564e-01 9.015e-04 2.462e-04 2.236e-03 -1.000 5.100e-03 1.189 1.674 1.645 1.729
0.005 -0.48482 7.75001 2.1248781681 2.5734940270    2.124  1.472  4.0566  4.471    1  0.000  0.538     0.00     0.00     0.00     0.00     0.00 -1    -1e-30      0.00 7.385e-01 2.564e-01 9.015e-04 2.462e-04 2.236e-03 -1.000 5.081e-03 1.089 1.610 1.579 1.671
0.005 -0.48482 7.75001 2.1745014191 2.5752810240    2.173  1.511  4.0634  4.469    1  0.000  0.538     0.00     0.00     0.00     0.00     0.00 -1    -1e-30      0.00 7.385e-01 2.564e-01 9.016e-04 2.462e-04 2.236e-03 -1.000 5.087e-03 0.992 1.549 1.515 1.614
0.005 -0.48482 7.75001 2.2241244316 2.5769766210    2.223  1.549  4.0699  4.467    1  0.000  0.538     0.00     0.00     0.00     0.00     0.00 -1    -1e-30      0.00 7.385e-01 2.564e-01 9.015e-04 2.461e-04 2.236e-03 -1.000 5.077e-03 0.896 1.488 1.451 1.557
0.005 -0.48482 7.75001 2.2737474442 2.5785873869    2.272  1.586  4.0759  4.464    1  0.000  0.538     0.00     0.00     0.00     0.00     0.00 -1    -1e-30      0.00 7.385e-01 2.564e-01 9.015e-04 2.461e-04 2.236e-03 -1.000 5.096e-03 0.804 1.429 1.390 1.502
0.005 -0.48482 7.75001 2.2764978409 2.5786743058    2.275  1.588  4.0763  4.464    1  0.000  0.538     0.00     0.00     0.00     0.00     0.00 -1    -1e-30      0.00 7.385e-01 2.564e-01 9.015e-04 2.461e-04 2.236e-03 -1.000 5.097e-03 0.799 1.425 1.386 1.499
0.005 -0.48482 7.75001 2.3233704567 2.5801192816    2.322  1.623  4.0820  4.461    1  0.000  0.538     0.00     0.00     0.00     0.00     0.00 -1    -1e-30      0.00 7.385e-01 2.564e-01 9.016e-04 2.461e-04 2.236e-03 -1.000 5.101e-03 0.713 1.370 1.329 1.447
0.005 -0.48482 7.75001 2.3451011181 2.5807666951    2.344  1.638  4.0846  4.460    1  0.000  0.538     0.00     0.00     0.00     0.00     0.00 -1    -1e-30      0.00 7.385e-01 2.564e-01 9.015e-04 2.461e-04 2.236e-03 -1.000 5.101e-03 0.674 1.345 1.303 1.424
0.005 -0.48482 7.75001 2.3729934692 2.5815777304    2.372  1.658  4.0880  4.459    1  0.000  0.537     0.00     0.00     0.00     0.00     0.00 -1    -1e-30      0.00 7.385e-01 2.564e-01 9.013e-04 2.461e-04 2.236e-03 -1.000 5.101e-03 0.624 1.313 1.270 1.394
0.005 -0.48482 7.75001 2.4226169586 2.5829676955    2.421  1.693  4.0936  4.456    1  0.000  0.537     0.00     0.00     0.00     0.00     0.00 -1    -1e-30      0.00 7.384e-01 2.565e-01 9.017e-04 2.463e-04 2.237e-03 -1.000 5.075e-03 0.538 1.258 1.213 1.342
0.005 -0.48482 7.75001 2.6211090088 2.5879275048    2.620  1.825  4.1148  4.443    1  0.000  0.538     0.00     0.00     0.00     0.00     0.00 -1    -1e-30      0.00 7.372e-01 2.577e-01 9.053e-04 2.471e-04 2.245e-03 -1.000 5.101e-03 0.208 1.045 0.994 1.142
0.005 -0.48482 7.75001 2.6592764854 2.5887841282    2.659  1.849  4.1186  4.440    1  0.000  0.538     0.00     0.00     0.00     0.00     0.00 -1    -1e-30      0.00 7.372e-01 2.577e-01 9.053e-04 2.471e-04 2.245e-03 -1.000 5.101e-03 0.147 1.006 0.953 1.105
0.005 -0.48482 7.75001 2.8196010590 2.5920929912    2.819  1.949  4.1342  4.428    1  0.000  0.538     0.00     0.00     0.00     0.00     0.00 -1    -1e-30      0.00 7.372e-01 2.577e-01 9.053e-04 2.471e-04 2.245e-03 -1.000 5.101e-03 -0.102 0.846 0.788 0.953
0.005 -0.48482 7.75001 2.9210255146 2.5939719038    2.921  2.008  4.1433  4.420    1  0.000  0.538     0.00     0.00     0.00     0.00     0.00 -1    -1e-30      0.00 7.372e-01 2.577e-01 9.053e-04 2.471e-04 2.245e-03 -1.000 5.101e-03 -0.251 0.748 0.687 0.861
0.005 -0.48482 7.75001 3.0180935860 2.5956347850    3.018  2.064  4.1517  4.412    1  0.000  0.538     0.00     0.00     0.00     0.00     0.00 -1    -1e-30      0.00 7.372e-01 2.577e-01 9.053e-04 2.471e-04 2.245e-03 -1.000 5.101e-03 -0.391 0.657 0.594 0.775
0.005 -0.48482 7.75001 3.1661887169 2.5979473250    3.165  2.146  4.1639  4.400    1  0.000  0.538     0.00     0.00     0.00     0.00     0.00 -1    -1e-30      0.00 7.372e-01 2.577e-01 9.053e-04 2.471e-04 2.245e-03 -1.000 5.101e-03 -0.594 0.524 0.457 0.648
0.005 -0.48482 7.75001 3.2165856361 2.5986786580    3.215  2.173  4.1678  4.396    1  0.000  0.538     0.00     0.00     0.00     0.00     0.00 -1    -1e-30      0.00 7.372e-01 2.577e-01 9.053e-04 2.471e-04 2.245e-03 -1.000 5.101e-03 -0.662 0.479 0.411 0.606
0.005 -0.48482 7.75001 3.2942855358 2.5997559353    3.293  2.214  4.1738  4.389    1  0.000  0.538     0.00     0.00     0.00     0.00     0.00 -1    -1e-30      0.00 7.372e-01 2.577e-01 9.053e-04 2.471e-04 2.245e-03 -1.000 5.101e-03 -0.764 0.412 0.342 0.542
0.005 -0.48482 7.75001 3.4150779247 2.6013192607    3.413  2.276  4.1828  4.378    1  0.000  0.538     0.00     0.00     0.00     0.00     0.00 -1    -1e-30      0.00 7.372e-01 2.577e-01 9.053e-04 2.471e-04 2.245e-03 -1.000 5.101e-03 -0.920 0.309 0.236 0.444
0.005 -0.48482 7.75001 3.5002763271 2.6023476093    3.498  2.318  4.1888  4.371    1  0.000  0.538     0.00     0.00     0.00     0.00     0.00 -1    -1e-30      0.00 7.372e-01 2.577e-01 9.053e-04 2.471e-04 2.245e-03 -1.000 5.101e-03 -1.026 0.238 0.163 0.376
0.005 -0.48482 7.75001 3.6135697365 2.6036290617    3.611  2.374  4.1967  4.360    1  0.000  0.538     0.00     0.00     0.00     0.00     0.00 -1    -1e-30      0.00 7.372e-01 2.577e-01 9.053e-04 2.471e-04 2.245e-03 -1.000 5.101e-03 -1.165 0.145 0.068 0.288
0.005 -0.48482 7.75001 3.6312899590 2.6038211949    3.629  2.383  4.1978  4.359    1  0.000  0.538     0.00     0.00     0.00     0.00     0.00 -1    -1e-30      0.00 7.372e-01 2.577e-01 9.053e-04 2.471e-04 2.245e-03 -1.000 5.101e-03 -1.186 0.130 0.053 0.274
0.005 -0.48482 7.75001 3.8042159081 2.6055886237    3.802  2.464  4.2089  4.342    1  0.000  0.538     0.00     0.00     0.00     0.00     0.00 -1    -1e-30      0.00 7.372e-01 2.577e-01 9.053e-04 2.471e-04 2.245e-03 -1.000 5.101e-03 -1.390 -0.008 -0.088 0.142
0.005 -0.48482 7.75001 3.8120622635 2.6056644568    3.810  2.468  4.2094  4.341    1  0.000  0.538     0.00     0.00     0.00     0.00     0.00 -1    -1e-30      0.00 7.372e-01 2.577e-01 9.053e-04 2.471e-04 2.245e-03 -1.000 5.101e-03 -1.399 -0.014 -0.095 0.136
0.005 -0.48482 7.75001 3.9635426998 2.6070610670    3.963  2.537  4.2184  4.325    1  0.000  0.538     0.00     0.00     0.00     0.00     0.00 -1    -1e-30      0.00 7.372e-01 2.577e-01 9.053e-04 2.471e-04 2.245e-03 -1.000 5.101e-03 -1.572 -0.135 -0.218 0.020
0.005 -0.48482 7.75001 4.0105543137 2.6074699090    4.011  2.558  4.2210  4.319    1  0.000  0.538     0.00     0.00     0.00     0.00     0.00 -1    -1e-30      0.00 7.372e-01 2.577e-01 9.053e-04 2.471e-04 2.245e-03 -1.000 5.101e-03 -1.626 -0.172 -0.256 -0.016
0.005 -0.48482 7.75001 4.1200942993 2.6083810451    4.119  2.607  4.2271  4.306    1  0.000  0.538     0.00     0.00     0.00     0.00     0.00 -1    -1e-30      0.00 7.372e-01 2.577e-01 9.053e-04 2.471e-04 2.245e-03 -1.000 5.101e-03 -1.747 -0.258 -0.343 -0.098
0.005 -0.48482 7.75001 4.2090463638 2.6090809467    4.207  2.646  4.2318  4.295    1  0.000  0.538     0.00     0.00     0.00     0.00     0.00 -1    -1e-30      0.00 7.372e-01 2.577e-01 9.053e-04 2.471e-04 2.245e-03 -1.000 5.101e-03 -1.845 -0.328 -0.415 -0.165
0.005 -0.48482 7.75001 4.2565474510 2.6094409508    4.254  2.666  4.2342  4.289    1  0.000  0.538     0.00     0.00     0.00     0.00     0.00 -1    -1e-30      0.00 7.372e-01 2.577e-01 9.053e-04 2.471e-04 2.245e-03 -1.000 5.101e-03 -1.896 -0.365 -0.453 -0.201
0.005 -0.48482 7.75001 4.4075388908 2.6105262652    4.405  2.731  4.2414  4.268    1  0.000  0.538     0.00     0.00     0.00     0.00     0.00 -1    -1e-30      0.00 7.372e-01 2.577e-01 9.053e-04 2.471e-04 2.245e-03 -1.000 5.101e-03 -2.058 -0.484 -0.574 -0.316
0.005 -0.48482 7.75001 4.4993104935 2.6111451360    4.496  2.769  4.2456  4.256    1  0.000  0.538     0.00     0.00     0.00     0.00     0.00 -1    -1e-30      0.00 7.372e-01 2.577e-01 9.053e-04 2.471e-04 2.245e-03 -1.000 5.101e-03 -2.154 -0.556 -0.647 -0.386
0.005 -0.48482 7.75001 4.6060314178 2.6118292719    4.603  2.814  4.2501  4.240    1  0.000  0.538     0.00     0.00     0.00     0.00     0.00 -1    -1e-30      0.00 7.372e-01 2.577e-01 9.053e-04 2.471e-04 2.245e-03 -1.000 5.101e-03 -2.264 -0.640 -0.733 -0.467
0.005 -0.48482 7.75001 4.7435235977 2.6126586955    4.741  2.870  4.2555  4.218    1  0.000  0.538     0.00     0.00     0.00     0.00     0.00 -1    -1e-30      0.00 7.372e-01 2.577e-01 9.053e-04 2.471e-04 2.245e-03 -1.000 5.101e-03 -2.405 -0.750 -0.844 -0.574
0.005 -0.48482 7.75001 4.8045234680 2.6130092428    4.803  2.895  4.2578  4.207    1  0.000  0.538     0.00     0.00     0.00     0.00     0.00 -1    -1e-30      0.00 7.372e-01 2.577e-01 9.053e-04 2.471e-04 2.245e-03 -1.000 5.101e-03 -2.468 -0.799 -0.894 -0.622
0.005 -0.48482 7.75001 4.8121519089 2.6130523627    4.810  2.898  4.2580  4.206    1  0.000  0.538     0.00     0.00     0.00     0.00     0.00 -1    -1e-30      0.00 7.372e-01 2.577e-01 9.053e-04 2.471e-04 2.245e-03 -1.000 5.101e-03 -2.476 -0.805 -0.900 -0.628
0.005 -0.48482 7.75001 4.9662899971 2.6138910982    4.965  2.961  4.2630  4.177    1  0.000  0.538     0.00     0.00     0.00     0.00     0.00 -1    -1e-30      0.00 7.372e-01 2.577e-01 9.053e-04 2.471e-04 2.245e-03 -1.000 5.101e-03 -2.633 -0.934 -1.031 -0.754
0.005 -0.48482 7.75001 5.0030159950 2.6140821937    5.002  2.976  4.2641  4.169    1  0.000  0.538     0.00     0.00     0.00     0.00     0.00 -1    -1e-30      0.00 7.372e-01 2.577e-01 9.053e-04 2.471e-04 2.245e-03 -1.000 5.101e-03 -2.671 -0.966 -1.062 -0.785
0.005 -0.48482 7.75001 5.1065697670 2.6146040316    5.106  3.018  4.2669  4.147    1  0.000  0.538     0.00     0.00     0.00     0.00     0.00 -1    -1e-30      0.00 7.372e-01 2.577e-01 9.053e-04 2.471e-04 2.245e-03 -1.000 5.101e-03 -2.776 -1.054 -1.152 -0.872
0.005 -0.48482 7.75001 5.2015075684 2.6150615156    5.201  3.057  4.2691  4.126    1  0.000  0.538     0.00     0.00     0.00     0.00     0.00 -1    -1e-30      0.00 7.372e-01 2.577e-01 9.053e-04 2.471e-04 2.245e-03 -1.000 5.101e-03 -2.871 -1.138 -1.236 -0.954
0.005 -0.48482 7.75001 5.2625188828 2.6153455170    5.263  3.081  4.2704  4.112    1  0.000  0.538     0.00     0.00     0.00     0.00     0.00 -1    -1e-30      0.00 7.372e-01 2.577e-01 9.053e-04 2.471e-04 2.245e-03 -1.000 5.101e-03 -2.932 -1.191 -1.290 -1.007
0.005 -0.48482 7.75001 5.3797349930 2.6158704155    5.380  3.128  4.2723  4.082    1  0.000  0.538     0.00     0.00     0.00     0.00     0.00 -1    -1e-30      0.00 7.372e-01 2.577e-01 9.053e-04 2.471e-04 2.245e-03 -1.000 5.101e-03 -3.051 -1.300 -1.399 -1.114
0.005 -0.48482 7.75001 5.4000000954 2.6159585105    5.401  3.137  4.2724  4.075    1  0.000  0.538     0.00     0.00     0.00     0.00     0.00 -1    -1e-30      0.00 7.372e-01 2.577e-01 9.053e-04 2.471e-04 2.245e-03 -1.000 5.101e-03 -3.072 -1.320 -1.419 -1.134
0.005 -0.48482 7.75001 5.5303058624 2.6165072751    5.531  3.190  4.2733  4.036    1  0.000  0.538     0.00     0.00     0.00     0.00     0.00 -1    -1e-30      0.00 7.372e-01 2.577e-01 9.053e-04 2.471e-04 2.245e-03 -1.000 5.101e-03 -3.205 -1.449 -1.548 -1.262
0.005 -0.48482 7.75001 5.5763292313 2.6166940622    5.577  3.209  4.2733  4.021    1  0.000  0.538     0.00     0.00     0.00     0.00     0.00 -1    -1e-30      0.00 7.372e-01 2.577e-01 9.053e-04 2.471e-04 2.245e-03 -1.000 5.101e-03 -3.252 -1.496 -1.596 -1.310
0.005 -0.48482 7.75001 5.6276173592 2.6168980827    5.628  3.230  4.2733  4.004    1  0.000  0.538     0.00     0.00     0.00     0.00     0.00 -1    -1e-30      0.00 7.372e-01 2.577e-01 9.053e-04 2.471e-04 2.245e-03 -1.000 5.101e-03 -3.304 -1.549 -1.649 -1.362
0.005 -0.48482 7.75001 5.7517108917 2.6173744533    5.752  3.281  4.2722  3.957    1  0.000  0.538     0.00     0.00     0.00     0.00     0.00 -1    -1e-30      0.00 7.372e-01 2.577e-01 9.053e-04 2.471e-04 2.245e-03 -1.000 5.101e-03 -3.433 -1.686 -1.785 -1.500
0.005 -0.48482 7.75001 5.7526593208 2.6173780033    5.753  3.282  4.2722  3.957    1  0.000  0.538     0.00     0.00     0.00     0.00     0.00 -1    -1e-30      0.00 7.372e-01 2.577e-01 9.053e-04 2.471e-04 2.245e-03 -1.000 5.101e-03 -3.434 -1.687 -1.786 -1.501
0.005 -0.48482 7.75001 5.8044681549 2.6175698961    5.805  3.304  4.2713  3.935    1  0.000  0.538     0.00     0.00     0.00     0.00     0.00 -1    -1e-30      0.00 7.372e-01 2.577e-01 9.053e-04 2.471e-04 2.245e-03 -1.000 5.101e-03 -3.489 -1.747 -1.847 -1.562
0.005 -0.48482 7.75001 5.9038896561 2.6179273154    5.904  3.346  4.2684  3.889    1  0.000  0.538     0.00     0.00     0.00     0.00     0.00 -1    -1e-30      0.00 7.372e-01 2.577e-01 9.053e-04 2.471e-04 2.245e-03 -1.000 5.101e-03 -3.595 -1.871 -1.970 -1.688
0.005 -0.48482 7.75001 5.9289884567 2.6180153688    5.929  3.357  4.2674  3.876    1  0.000  0.538     0.00     0.00     0.00     0.00     0.00 -1    -1e-30      0.00 7.372e-01 2.577e-01 9.053e-04 2.471e-04 2.245e-03 -1.000 5.101e-03 -3.622 -1.905 -2.003 -1.721
0.005 -0.48482 7.75001 6.0143728256 2.6183086026    6.014  3.394  4.2637  3.830    1  0.000  0.538     0.00     0.00     0.00     0.00     0.00 -1    -1e-30      0.00 7.372e-01 2.577e-01 9.053e-04 2.471e-04 2.245e-03 -1.000 5.101e-03 -3.714 -2.019 -2.117 -1.838
0.005 -0.48482 7.75001 6.1038560867 2.6186058106    6.103  3.434  4.2575  3.772    1  0.000  0.538     0.00     0.00     0.00     0.00     0.00 -1    -1e-30      0.00 7.372e-01 2.577e-01 9.053e-04 2.471e-04 2.245e-03 -1.000 5.101e-03 -3.815 -2.158 -2.254 -1.980
0.005 -0.48482 7.75001 6.1053180695 2.6186105833    6.105  3.435  4.2574  3.771    1  0.000  0.538     0.00     0.00     0.00     0.00     0.00 -1    -1e-30      0.00 7.372e-01 2.577e-01 9.053e-04 2.471e-04 2.245e-03 -1.000 5.101e-03 -3.817 -2.160 -2.256 -1.982
0.005 -0.48482 7.75001 6.1308317184 2.6186934520    6.130  3.446  4.2555  3.753    1  0.000  0.538     0.00     0.00     0.00     0.00     0.00 -1    -1e-30      0.00 7.372e-01 2.577e-01 9.053e-04 2.471e-04 2.245e-03 -1.000 5.101e-03 -3.846 -2.200 -2.296 -2.024
0.005 -0.48482 7.75001 6.2087221146 2.6189416029    6.207  3.482  4.2487  3.696    1  0.000  0.538     0.00     0.00     0.00     0.00     0.00 -1    -1e-30      0.00 7.372e-01 2.577e-01 9.053e-04 2.471e-04 2.245e-03 -1.000 5.101e-03 -3.935 -2.331 -2.424 -2.158
0.005 -0.48482 7.75001 6.2746381760 2.6191460792    6.273  3.514  4.2417  3.640    1  0.000  0.538     0.00     0.00     0.00     0.00     0.00 -1    -1e-30      0.00 7.372e-01 2.577e-01 9.053e-04 2.471e-04 2.245e-03 -1.000 5.101e-03 -4.015 -2.452 -2.544 -2.283
0.005 -0.48482 7.75001 6.2816472054 2.6191675316    6.280  3.518  4.2411  3.635    1  0.000  0.538     0.00     0.00     0.00     0.00     0.00 -1    -1e-30      0.00 7.372e-01 2.577e-01 9.053e-04 2.471e-04 2.245e-03 -1.000 5.101e-03 -4.024 -2.465 -2.557 -2.296
0.005 -0.48482 7.75001 6.3600687981 2.6194038522    6.357  3.558  4.2352  3.576    1  0.000  0.538     0.00     0.00     0.00     0.00     0.00 -1    -1e-30      0.00 7.372e-01 2.577e-01 9.053e-04 2.471e-04 2.245e-03 -1.000 5.101e-03 -4.126 -2.602 -2.693 -2.437
0.005 -0.48482 7.75001 6.3957791328 2.6195092583    6.392  3.585  4.2465  3.597    1  0.000  0.538     0.00     0.00     0.00     0.00     0.00 -1    -1e-30      0.00 7.372e-01 2.577e-01 9.053e-04 2.471e-04 2.245e-03 -1.000 5.101e-03 -4.193 -2.604 -2.697 -2.432
0.005 -0.48482 7.75001 6.4032311440 2.6195310839    6.400  3.598  4.2577  3.629    1  0.000  0.538     0.00     0.00     0.00     0.00     0.00 -1    -1e-30      0.00 7.372e-01 2.577e-01 9.053e-04 2.471e-04 2.245e-03 -1.000 5.101e-03 -4.224 -2.570 -2.666 -2.392
0.005 -0.48482 7.75001 6.4062113762 2.6195397961    6.403  3.610  4.2683  3.660    1  0.000  0.538     0.00     0.00     0.00     0.00     0.00 -1    -1e-30      0.00 7.372e-01 2.577e-01 9.053e-04 2.471e-04 2.245e-03 -1.000 5.101e-03 -4.255 -2.539 -2.638 -2.355
0.005 -0.48482 7.75001 6.4077324867 2.6195442393    6.404  3.625  4.2787  3.686    1  0.000  0.538     0.00     0.00     0.00     0.00     0.00 -1    -1e-30      0.00 7.372e-01 2.577e-01 9.053e-04 2.471e-04 2.245e-03 -1.000 5.101e-03 -4.293 -2.517 -2.619 -2.327
0.005 -0.48482 7.75001 6.4086365700 2.6195468789    6.405  3.642  4.2879  3.706    1  0.000  0.538     0.00     0.00     0.00     0.00     0.00 -1    -1e-30      0.00 7.372e-01 2.577e-01 9.053e-04 2.471e-04 2.245e-03 -1.000 5.101e-03 -4.335 -2.505 -2.610 -2.310
0.005 -0.48482 7.75001 6.4088010788 2.6195473591    6.405  3.644  4.2892  3.710    1  0.000  0.538     0.00     0.00     0.00     0.00     0.00 -1    -1e-30      0.00 7.372e-01 2.577e-01 9.053e-04 2.471e-04 2.245e-03 -1.000 5.101e-03 -4.339 -2.502 -2.608 -2.307
0.005 -0.48482 7.75001 6.4090051651 2.6195479549    6.405  3.632  4.2853  3.706    2  0.000  0.538     0.00     0.00     0.00     0.00     0.00 -1    -1e-30      0.00 7.372e-01 2.577e-01 9.053e-04 2.471e-04 2.245e-03 -1.000 5.101e-03 -4.311 -2.496 -2.600 -2.302
0.005 -0.48482 7.75001 6.4093599319 2.6195489903    6.406  3.610  4.2764  3.692    2  0.000  0.538     0.00     0.00     0.00     0.00     0.00 -1    -1e-30      0.00 7.372e-01 2.577e-01 9.053e-04 2.471e-04 2.245e-03 -1.000 5.101e-03 -4.256 -2.492 -2.594 -2.304
0.005 -0.48482 7.75001 6.4096236229 2.6195497598    6.406  3.599  4.2662  3.662    2  0.000  0.538     0.00     0.00     0.00     0.00     0.00 -1    -1e-30      0.00 7.372e-01 2.577e-01 9.053e-04 2.471e-04 2.245e-03 -1.000 5.101e-03 -4.228 -2.524 -2.622 -2.341
0.005 -0.48482 7.75001 6.4099335670 2.6195506643    6.406  3.599  4.2536  3.612    2  0.000  0.538     0.00     0.00     0.00     0.00     0.00 -1    -1e-30      0.00 7.372e-01 2.577e-01 9.053e-04 2.471e-04 2.245e-03 -1.000 5.101e-03 -4.227 -2.597 -2.693 -2.422
0.005 -0.48482 7.75001 6.4102392197 2.6195515561    6.407  3.609  4.2414  3.553    2  0.000  0.538     0.00     0.00     0.00     0.00     0.00 -1    -1e-30      0.00 7.372e-01 2.577e-01 9.053e-04 2.471e-04 2.245e-03 -1.000 5.101e-03 -4.252 -2.694 -2.786 -2.525
0.005 -0.48482 7.75001 6.4105496407 2.6195524617    6.407  3.622  4.2294  3.492    2  0.000  0.538     0.00     0.00     0.00     0.00     0.00 -1    -1e-30      0.00 7.372e-01 2.577e-01 9.053e-04 2.471e-04 2.245e-03 -1.000 5.101e-03 -4.285 -2.797 -2.886 -2.635
0.005 -0.48482 7.75001 6.4108643532 2.6195533797    6.407  3.634  4.2174  3.432    2  0.000  0.538     0.00     0.00     0.00     0.00     0.00 -1    -1e-30      0.00 7.372e-01 2.577e-01 9.053e-04 2.471e-04 2.245e-03 -1.000 5.101e-03 -4.315 -2.898 -2.983 -2.743
0.005 -0.48482 7.75001 6.4111795425 2.6195542991    6.408  3.643  4.2055  3.375    2  0.000  0.538     0.00     0.00     0.00     0.00     0.00 -1    -1e-30      0.00 7.372e-01 2.577e-01 9.053e-04 2.471e-04 2.245e-03 -1.000 5.101e-03 -4.339 -2.992 -3.074 -2.844
0.005 -0.48482 7.75001 6.4114918709 2.6195552099    6.408  3.651  4.1935  3.320    2  0.000  0.538     0.00     0.00     0.00     0.00     0.00 -1    -1e-30      0.00 7.372e-01 2.577e-01 9.053e-04 2.471e-04 2.245e-03 -1.000 5.101e-03 -4.357 -3.081 -3.159 -2.940
0.005 -0.48482 7.75001 6.4117994308 2.6195561068    6.408  3.657  4.1816  3.267    2  0.000  0.538     0.00     0.00     0.00     0.00     0.00 -1    -1e-30      0.00 7.372e-01 2.577e-01 9.053e-04 2.471e-04 2.245e-03 -1.000 5.101e-03 -4.372 -3.165 -3.240 -3.032
0.005 -0.48482 7.75001 6.4121727943 2.6195571954    6.409  3.662  4.1668  3.202    2  0.000  0.538     0.00     0.00     0.00     0.00     0.00 -1    -1e-30      0.00 7.372e-01 2.577e-01 9.053e-04 2.471e-04 2.245e-03 -1.000 5.101e-03 -4.385 -3.265 -3.335 -3.141
0.005 -0.48482 7.75001 6.4124617577 2.6195580379    6.409  3.665  4.1549  3.151    2  0.000  0.538     0.00     0.00     0.00     0.00     0.00 -1    -1e-30      0.00 7.372e-01 2.577e-01 9.053e-04 2.471e-04 2.245e-03 -1.000 5.101e-03 -4.393 -3.341 -3.408 -3.224
0.005 -0.48482 7.75001 6.4127402306 2.6195588496    6.409  3.667  4.1430  3.101    2  0.000  0.538     0.00     0.00     0.00     0.00     0.00 -1    -1e-30      0.00 7.372e-01 2.577e-01 9.053e-04 2.471e-04 2.245e-03 -1.000 5.101e-03 -4.398 -3.415 -3.478 -3.305
0.005 -0.48482 7.75001 6.4130077362 2.6195596294    6.409  3.669  4.1312  3.053    2  0.000  0.538     0.00     0.00     0.00     0.00     0.00 -1    -1e-30      0.00 7.372e-01 2.577e-01 9.053e-04 2.471e-04 2.245e-03 -1.000 5.101e-03 -4.402 -3.486 -3.546 -3.384
0.005 -0.48482 7.75001 6.4132637978 2.6195603757    6.410  3.670  4.1193  3.004    2  0.000  0.538     0.00     0.00     0.00     0.00     0.00 -1    -1e-30      0.00 7.372e-01 2.577e-01 9.053e-04 2.471e-04 2.245e-03 -1.000 5.101e-03 -4.405 -3.556 -3.611 -3.461
0.005 -0.48482 7.75001 6.4135084152 2.6195610885    6.410  3.670  4.1075  2.957    2  0.000  0.538     0.00     0.00     0.00     0.00     0.00 -1    -1e-30      0.00 7.372e-01 2.577e-01 9.053e-04 2.471e-04 2.245e-03 -1.000 5.101e-03 -4.405 -3.623 -3.674 -3.536
0.005 -0.48482 7.75001 6.4137411118 2.6195617666    6.410  3.670  4.0957  2.910    2  0.000  0.538     0.00     0.00     0.00     0.00     0.00 -1    -1e-30      0.00 7.372e-01 2.577e-01 9.053e-04 2.471e-04 2.245e-03 -1.000 5.101e-03 -4.405 -3.688 -3.735 -3.608
0.005 -0.48482 7.75001 6.4139628410 2.6195624127    6.410  3.669  4.0839  2.863    2  0.000  0.538     0.00     0.00     0.00     0.00     0.00 -1    -1e-30      0.00 7.372e-01 2.577e-01 9.053e-04 2.471e-04 2.245e-03 -1.000 5.101e-03 -4.404 -3.750 -3.794 -3.679
0.005 -0.48482 7.75001 6.4141736031 2.6195630268    6.411  3.669  4.0721  2.817    2  0.000  0.538     0.00     0.00     0.00     0.00     0.00 -1    -1e-30      0.00 7.372e-01 2.577e-01 9.053e-04 2.471e-04 2.245e-03 -1.000 5.101e-03 -4.401 -3.811 -3.851 -3.747
0.005 -0.48482 7.75001 6.4143733978 2.6195636088    6.411  3.667  4.0602  2.771    2  0.000  0.538     0.00     0.00     0.00     0.00     0.00 -1    -1e-30      0.00 7.372e-01 2.577e-01 9.053e-04 2.471e-04 2.245e-03 -1.000 5.101e-03 -4.398 -3.870 -3.905 -3.813
0.005 -0.48482 7.75001 6.4145631790 2.6195641617    6.411  3.666  4.0484  2.725    2  0.000  0.538     0.00     0.00     0.00     0.00     0.00 -1    -1e-30      0.00 7.372e-01 2.577e-01 9.053e-04 2.471e-04 2.245e-03 -1.000 5.101e-03 -4.394 -3.926 -3.958 -3.878
0.005 -0.48482 7.75001 6.4147424698 2.6195646840    6.411  3.664  4.0366  2.680    2  0.000  0.538     0.00     0.00     0.00     0.00     0.00 -1    -1e-30      0.00 7.372e-01 2.577e-01 9.053e-04 2.471e-04 2.245e-03 -1.000 5.101e-03 -4.389 -3.981 -4.008 -3.940
0.005 -0.48482 7.75001 6.4149122238 2.6195651784    6.411  3.661  4.0248  2.635    2  0.000  0.538     0.00     0.00     0.00     0.00     0.00 -1    -1e-30      0.00 7.372e-01 2.577e-01 9.053e-04 2.471e-04 2.245e-03 -1.000 5.101e-03 -4.383 -4.033 -4.056 -4.000
0.005 -0.48482 7.75001 6.4150729179 2.6195656464    6.411  3.659  4.0130  2.590    2  0.000  0.538     0.00     0.00     0.00     0.00     0.00 -1    -1e-30      0.00 7.372e-01 2.577e-01 9.053e-04 2.471e-04 2.245e-03 -1.000 5.101e-03 -4.377 -4.084 -4.102 -4.058
0.005 -0.48482 7.75001 6.4152250290 2.6195660895    6.412  3.656  4.0012  2.546    2  0.000  0.538     0.00     0.00     0.00     0.00     0.00 -1    -1e-30      0.00 7.372e-01 2.577e-01 9.053e-04 2.471e-04 2.245e-03 -1.000 5.101e-03 -4.370 -4.132 -4.147 -4.115
0.005 -0.48482 7.75001 6.4153690338 2.6195665088    6.412  3.653  3.9894  2.501    2  0.000  0.538     0.00     0.00     0.00     0.00     0.00 -1    -1e-30      0.00 7.372e-01 2.577e-01 9.053e-04 2.471e-04 2.245e-03 -1.000 5.101e-03 -4.363 -4.178 -4.188 -4.169
0.005 -0.48482 7.75001 6.4155054092 2.6195669060    6.412  3.650  3.9776  2.458    2  0.000  0.538     0.00     0.00     0.00     0.00     0.00 -1    -1e-30      0.00 7.372e-01 2.577e-01 9.053e-04 2.471e-04 2.245e-03 -1.000 5.101e-03 -4.355 -4.221 -4.227 -4.222
0.005 -0.48482 7.75001 6.4156341553 2.6195672809    6.412  3.647  3.9659  2.414    2  0.000  0.538     0.00     0.00     0.00     0.00     0.00 -1    -1e-30      0.00 7.372e-01 2.577e-01 9.053e-04 2.471e-04 2.245e-03 -1.000 5.101e-03 -4.346 -4.262 -4.262 -4.272
0.005 -0.48482 7.75001 6.4157857895 2.6195677224    6.412  3.642  3.9512  2.360    2  0.000  0.538     0.00     0.00     0.00     0.00     0.00 -1    -1e-30      0.00 7.372e-01 2.577e-01 9.053e-04 2.471e-04 2.245e-03 -1.000 5.101e-03 -4.335 -4.308 -4.301 -4.332
0.005 -0.48482 7.75001 6.4159002304 2.6195680556    6.412  3.638  3.9395  2.317    2  0.000  0.538     0.00     0.00     0.00     0.00     0.00 -1    -1e-30      0.00 7.372e-01 2.577e-01 9.053e-04 2.471e-04 2.245e-03 -1.000 5.101e-03 -4.326 -4.342 -4.327 -4.378
0.005 -0.48482 7.75001 6.4160094261 2.6195683736    6.412  3.635  3.9277  2.273    2  0.000  0.538     0.00     0.00     0.00     0.00     0.00 -1    -1e-30      0.00 7.372e-01 2.577e-01 9.053e-04 2.471e-04 2.245e-03 -1.000 5.101e-03 -4.317 -4.370 -4.347 -4.421
0.005 -0.48482 7.75001 6.4161128998 2.6195686748    6.412  3.631  3.9160  2.230    2  0.000  0.538     0.00     0.00     0.00     0.00     0.00 -1    -1e-30      0.00 7.372e-01 2.577e-01 9.053e-04 2.471e-04 2.245e-03 -1.000 5.101e-03 -4.307 -4.391 -4.359 -4.461
0.005 -0.48482 7.75001 6.4162111282 2.6195689608    6.413  3.627  3.9042  2.187    2  0.000  0.538     0.00     0.00     0.00     0.00     0.00 -1    -1e-30      0.00 7.372e-01 2.577e-01 9.053e-04 2.471e-04 2.245e-03 -1.000 5.101e-03 -4.296 -4.407 -4.363 -4.498
0.005 -0.48482 7.75001 6.4163274765 2.6195692995    6.413  3.621  3.8894  2.134    2  0.000  0.538     0.00     0.00     0.00     0.00     0.00 -1    -1e-30      0.00 7.372e-01 2.577e-01 9.053e-04 2.471e-04 2.245e-03 -1.000 5.101e-03 -4.283 -4.418 -4.358 -4.540
0.005 -0.48482 7.75001 6.4164142609 2.6195695522    6.413  3.617  3.8777  2.091    2  0.000  0.538     0.00     0.00     0.00     0.00     0.00 -1    -1e-30      0.00 7.372e-01 2.577e-01 9.053e-04 2.471e-04 2.245e-03 -1.000 5.101e-03 -4.272 -4.419 -4.343 -4.570
0.005 -0.48482 7.75001 6.4164972305 2.6195697937    6.413  3.612  3.8658  2.048    2  0.000  0.538     0.00     0.00     0.00     0.00     0.00 -1    -1e-30      0.00 7.372e-01 2.577e-01 9.053e-04 2.471e-04 2.245e-03 -1.000 5.101e-03 -4.261 -4.416 -4.323 -4.598
0.005 -0.48482 7.75001 6.4165749550 2.6195700199    6.413  3.608  3.8541  2.005    2  0.000  0.538     0.00     0.00     0.00     0.00     0.00 -1    -1e-30      0.00 7.372e-01 2.577e-01 9.053e-04 2.471e-04 2.245e-03 -1.000 5.101e-03 -4.250 -4.410 -4.297 -4.625
0.005 -0.48482 7.75001 6.4166488647 2.6195702351    6.413  3.603  3.8424  1.963    2  0.000  0.538     0.00     0.00     0.00     0.00     0.00 -1    -1e-30      0.00 7.372e-01 2.577e-01 9.053e-04 2.471e-04 2.245e-03 -1.000 5.101e-03 -4.238 -4.401 -4.266 -4.650
0.005 -0.48482 7.75001 6.4167189598 2.6195704391    6.413  3.598  3.8306  1.921    2  0.000  0.538     0.00     0.00     0.00     0.00     0.00 -1    -1e-30      0.00 7.372e-01 2.577e-01 9.053e-04 2.471e-04 2.245e-03 -1.000 5.101e-03 -4.226 -4.390 -4.232 -4.672
0.005 -0.48482 7.75001 6.4167852402 2.6195706321    6.413  3.594  3.8189  1.879    2  0.000  0.538     0.00     0.00     0.00     0.00     0.00 -1    -1e-30      0.00 7.372e-01 2.577e-01 9.053e-04 2.471e-04 2.245e-03 -1.000 5.101e-03 -4.214 -4.374 -4.194 -4.690
0.005 -0.48482 7.75001 6.4168481827 2.6195708153    6.413  3.589  3.8073  1.838    2  0.000  0.538     0.00     0.00     0.00     0.00     0.00 -1    -1e-30      0.00 7.372e-01 2.577e-01 9.053e-04 2.471e-04 2.245e-03 -1.000 5.101e-03 -4.201 -4.357 -4.153 -4.705
0.005 -0.48482 7.75001 6.4169077873 2.6195709887    6.413  3.583  3.7957  1.796    2  0.000  0.538     0.00     0.00     0.00     0.00     0.00 -1    -1e-30      0.00 7.372e-01 2.577e-01 9.053e-04 2.471e-04 2.245e-03 -1.000 5.101e-03 -4.188 -4.337 -4.109 -4.718
0.005 -0.48482 7.75001 6.4169645309 2.6195711539    6.413  3.578  3.7841  1.755    2  0.000  0.538     0.00     0.00     0.00     0.00     0.00 -1    -1e-30      0.00 7.372e-01 2.577e-01 9.053e-04 2.471e-04 2.245e-03 -1.000 5.101e-03 -4.175 -4.316 -4.062 -4.728
0.005 -0.48482 7.75001 6.4170188904 2.6195713121    6.413  3.572  3.7726  1.715    2  0.000  0.538     0.00     0.00     0.00     0.00     0.00 -1    -1e-30      0.00 7.372e-01 2.577e-01 9.053e-04 2.471e-04 2.245e-03 -1.000 5.101e-03 -4.161 -4.291 -4.011 -4.736
0.005 -0.48482 7.75001 6.4170703888 2.6195714620    6.413  3.567  3.7612  1.675    2  0.000  0.538     0.00     0.00     0.00     0.00     0.00 -1    -1e-30      0.00 7.372e-01 2.577e-01 9.053e-04 2.471e-04 2.245e-03 -1.000 5.101e-03 -4.147 -4.265 -3.959 -4.740
0.005 -0.48482 7.75001 6.4171314240 2.6195716396    6.413  3.559  3.7474  1.628    2  0.000  0.538     0.00     0.00     0.00     0.00     0.00 -1    -1e-30      0.00 7.372e-01 2.577e-01 9.053e-04 2.471e-04 2.245e-03 -1.000 5.101e-03 -4.128 -4.228 -3.889 -4.738
0.005 -0.48482 7.75001 6.4171781540 2.6195717756    6.414  3.552  3.7369  1.592    2  0.000  0.538     0.00     0.00     0.00     0.00     0.00 -1    -1e-30      0.00 7.372e-01 2.577e-01 9.053e-04 2.471e-04 2.245e-03 -1.000 5.101e-03 -4.111 -4.195 -3.831 -4.733
0.005 -0.48482 7.75001 6.4172234535 2.6195719075    6.414  3.545  3.7272  1.560    2  0.000  0.538     0.00     0.00     0.00     0.00     0.00 -1    -1e-30      0.00 7.372e-01 2.577e-01 9.053e-04 2.471e-04 2.245e-03 -1.000 5.101e-03 -4.094 -4.161 -3.773 -4.722
0.005 -0.48482 7.75001 6.4172692299 2.6195720407    6.414  3.538  3.7182  1.532    2  0.000  0.538     0.00     0.00     0.00     0.00     0.00 -1    -1e-30      0.00 7.372e-01 2.577e-01 9.053e-04 2.471e-04 2.245e-03 -1.000 5.101e-03 -4.074 -4.125 -3.715 -4.707
0.005 -0.48482 7.75001 6.4173192978 2.6195721864    6.414  3.528  3.7097  1.507    2  0.000  0.538     0.00     0.00     0.00     0.00     0.00 -1    -1e-30      0.00 7.372e-01 2.577e-01 9.053e-04 2.471e-04 2.245e-03 -1.000 5.101e-03 -4.051 -4.083 -3.652 -4.686
0.005 -0.48482 7.75001 6.4173784256 2.6195723585    6.414  3.517  3.7014  1.486    2  0.000  0.538     0.00     0.00     0.00     0.00     0.00 -1    -1e-30      0.00 7.372e-01 2.577e-01 9.053e-04 2.471e-04 2.245e-03 -1.000 5.101e-03 -4.021 -4.034 -3.582 -4.656
0.005 -0.48482 7.75001 6.4174513817 2.6195725708    6.414  3.501  3.6937  1.471    2  0.000  0.538     0.00     0.00     0.00     0.00     0.00 -1    -1e-30      0.00 7.372e-01 2.577e-01 9.053e-04 2.471e-04 2.245e-03 -1.000 5.101e-03 -3.983 -3.976 -3.504 -4.615
0.005 -0.48482 7.75001 6.4175696373 2.6195729149    6.414  3.478  3.6842  1.456    2  0.000  0.538     0.00     0.00     0.00     0.00     0.00 -1    -1e-30      0.00 7.372e-01 2.577e-01 9.053e-04 2.471e-04 2.245e-03 -1.000 5.101e-03 -3.924 -3.890 -3.394 -4.551
0.005 -0.48482 7.75001 6.4176859856 2.6195732534    6.414  3.463  3.6761  1.438    2  0.000  0.538     0.00     0.00     0.00     0.00     0.00 -1    -1e-30      0.00 7.372e-01 2.577e-01 9.053e-04 2.471e-04 2.245e-03 -1.000 5.101e-03 -3.888 -3.833 -3.314 -4.511
0.005 -0.48482 7.75001 6.4177246094 2.6195733658    6.414  3.459  3.6734  1.432    2  0.000  0.538     0.00     0.00     0.00     0.00     0.00 -1    -1e-30      0.00 7.372e-01 2.577e-01 9.053e-04 2.471e-04 2.245e-03 -1.000 5.101e-03 -3.877 -3.814 -3.288 -4.498
0.005 -0.48482 7.75001 6.4177646637 2.6195734824    6.414  3.463  3.6707  1.417    3  0.000  0.538    12.53    10.58     7.64     5.53     4.55  4    -1e-30      0.00 7.372e-01 2.577e-01 9.053e-04 2.471e-04 2.245e-03 -1.000 5.101e-03 -3.887 -3.815 -3.282 -4.506
0.005 -0.48482 7.75001 6.4178843498 2.6195738306    6.414  3.488  3.6620  1.357    3  0.000  0.537    14.30    11.79     8.47     6.14     5.05  4    -1e-30      0.00 7.372e-01 2.577e-01 9.049e-04 2.472e-04 2.245e-03 -1.000 5.101e-03 -3.949 -3.849 -3.290 -4.558
0.005 -0.48482 7.75001 6.4179553986 2.6195740373    6.414  3.519  3.6565  1.304    3  0.000  0.535    16.07    12.98     9.29     6.74     5.55  4    -1e-30      0.00 7.372e-01 2.577e-01 9.012e-04 2.485e-04 2.245e-03 -1.000 5.105e-03 -4.028 -3.905 -3.329 -4.628
0.005 -0.48482 7.75001 6.4180250168 2.6195742399    6.414  3.557  3.6512  1.245    3  0.000  0.522    18.31    14.45    10.29     7.48     6.16  4    -1e-30      0.00 7.372e-01 2.577e-01 8.786e-04 2.620e-04 2.245e-03 -1.000 5.160e-03 -4.123 -3.976 -3.383 -4.712
0.005 -0.48482 7.75001 6.4180893898 2.6195744272    6.414  3.595  3.6465  1.188    3  0.000  0.490    20.73    16.00    11.35     8.25     6.80  4    -1e-30      0.00 7.372e-01 2.577e-01 8.253e-04 3.143e-04 2.245e-03 -1.000 5.111e-03 -4.217 -4.048 -3.439 -4.796
0.005 -0.48482 7.75001 6.4181060791 2.6195744757    6.414  3.604  3.6454  1.174    3  0.000  0.480    21.38    16.41    11.62     8.46     6.97  4    -1e-30      0.00 7.371e-01 2.578e-01 8.085e-04 3.332e-04 2.245e-03 -1.000 5.101e-03 -4.241 -4.066 -3.453 -4.817
0.005 -0.48482 7.75001 6.4181232452 2.6195745257    6.414  3.614  3.6443  1.161    3  0.000  0.470    22.04    16.82    11.90     8.66     7.14  4    -1e-30      0.00 7.371e-01 2.578e-01 7.906e-04 3.551e-04 2.245e-03 -1.000 5.101e-03 -4.264 -4.085 -3.468 -4.838
0.005 -0.48482 7.75001 6.4181408882 2.6195745770    6.414  3.623  3.6432  1.147    3  0.000  0.459    22.71    17.24    12.19     8.87     7.31  4    -1e-30      0.00 7.371e-01 2.578e-01 7.735e-04 3.759e-04 2.245e-03 -1.000 5.101e-03 -4.288 -4.103 -3.483 -4.859
0.005 -0.48482 7.75001 6.4181585312 2.6195746283    6.414  3.632  3.6422  1.134    3  0.000  0.451    23.34    17.64    12.46     9.07     7.48  4    -1e-30      0.00 7.371e-01 2.578e-01 7.598e-04 3.928e-04 2.245e-03 -1.000 5.102e-03 -4.309 -4.120 -3.496 -4.878
0.005 -0.48482 7.75001 6.4182758331 2.6195749696    6.415  3.677  3.6374  1.070    3  0.000  0.417    26.91    19.82    13.92    10.16     8.37  4    -1e-30      0.00 7.371e-01 2.578e-01 7.032e-04 4.628e-04 2.245e-03 -1.000 5.172e-03 -4.422 -4.208 -3.567 -4.980
0.005 -0.48482 7.75001 6.4185032845 2.6195756312    6.415  3.716  3.6334  1.014    3  0.000  0.394    30.40    21.92    15.33    11.20     9.23  4    -1e-30      0.00 7.370e-01 2.578e-01 6.649e-04 5.103e-04 2.244e-03 -1.000 5.119e-03 -4.521 -4.285 -3.629 -5.068
0.005 -0.48482 7.75001 6.4189910889 2.6195770501    6.415  3.756  3.6291  0.957    3  0.000  0.375    34.45    24.29    16.91    12.37    10.20  4    -1e-30      0.00 7.368e-01 2.580e-01 6.300e-04 5.585e-04 2.238e-03 -1.000 5.142e-03 -4.621 -4.362 -3.688 -5.156
0.005 -0.48482 7.75001 6.4195485115 2.6195786712    6.416  3.791  3.6256  0.908    3  0.000  0.369    38.40    26.56    18.41    13.49    11.13  4    -1e-30      0.00 7.353e-01 2.596e-01 6.047e-04 6.389e-04 2.182e-03 -1.000 5.122e-03 -4.709 -4.428 -3.739 -5.233
0.005 -0.48482 7.75001 6.4202451706 2.6195806967    6.417  3.830  3.6219  0.855    3  0.000  0.368    43.18    29.25    20.19    14.81    12.22  4    -1e-30      0.00 7.308e-01 2.641e-01 5.817e-04 7.346e-04 2.105e-03 -1.000 5.117e-03 -4.806 -4.504 -3.799 -5.319
0.005 -0.48482 7.75001 6.4210810661 2.6195831264    6.417  3.861  3.6192  0.814    3  0.000  0.367    47.25    31.50    21.67    15.92    13.14  4    -1e-30      0.00 7.261e-01 2.688e-01 5.668e-04 7.995e-04 2.052e-03 -1.000 5.156e-03 -4.881 -4.563 -3.846 -5.386
0.005 -0.48482 7.75001 6.4228205681 2.6195881802    6.419  3.879  3.6177  0.790    3  0.000  0.367    49.83    32.91    22.59    16.61    13.71  4    -1e-30      0.00 7.237e-01 2.711e-01 5.607e-04 8.263e-04 2.030e-03 -1.000 5.140e-03 -4.927 -4.598 -3.874 -5.426
0.005 -0.48482 7.75001 6.4312667847 2.6196126746    6.427  3.867  3.6192  0.808    4  0.000  0.367     0.00     0.00     0.00     0.00     0.00 -1    -1e-30      0.00 7.237e-01 2.711e-01 5.608e-04 8.262e-04 2.030e-03 -1.000 5.139e-03 -4.897 -4.579 -3.861 -5.402
0.005 -0.48482 7.75001 6.4546799660 2.6196801885    6.451  3.833  3.6235  0.860    4  0.000  0.367     0.00     0.00     0.00     0.00     0.00 -1    -1e-30      0.00 7.238e-01 2.711e-01 5.608e-04 8.261e-04 2.030e-03 -1.000 5.138e-03 -4.812 -4.519 -3.820 -5.330
0.005 -0.48482 7.75001 6.4763159752 2.6197420790    6.472  3.801  3.6275  0.910    4  0.000  0.368     0.00     0.00     0.00     0.00     0.00 -1    -1e-30      0.00 7.238e-01 2.711e-01 5.609e-04 8.260e-04 2.030e-03 -1.000 5.138e-03 -4.732 -4.462 -3.780 -5.262
0.005 -0.48482 7.75001 6.4956560135 2.6197970006    6.491  3.772  3.6313  0.956    4  0.000  0.368     0.00     0.00     0.00     0.00     0.00 -1    -1e-30      0.00 7.238e-01 2.711e-01 5.609e-04 8.258e-04 2.030e-03 -1.000 5.137e-03 -4.660 -4.412 -3.746 -5.201
0.005 -0.48482 7.75001 6.5172634125 2.6198579180    6.512  3.746  3.6357  1.001    4  0.000  0.368     0.00     0.00     0.00     0.00     0.00 -1    -1e-30      0.00 7.238e-01 2.711e-01 5.610e-04 8.257e-04 2.030e-03 -1.000 5.136e-03 -4.594 -4.371 -3.721 -5.148
0.005 -0.48482 7.75001 6.5426454544 2.6199288864    6.537  3.727  3.6412  1.043    4  0.000  0.368     0.00     0.00     0.00     0.00     0.00 -1    -1e-30      0.00 7.238e-01 2.710e-01 5.611e-04 8.256e-04 2.030e-03 -1.000 5.135e-03 -4.548 -4.353 -3.723 -5.116
0.005 -0.48482 7.75001 6.5563445091 2.6199669266    6.551  3.722  3.6443  1.061    4  0.000  0.368     0.00     0.00     0.00     0.00     0.00 -1    -1e-30      0.00 7.238e-01 2.710e-01 5.611e-04 8.255e-04 2.030e-03 -1.000 5.134e-03 -4.536 -4.356 -3.736 -5.112
0.005 -0.48482 7.75001 6.5718402863 2.6200097363    6.566  3.740  3.6516  1.074    5  0.000  0.368     0.00     0.00     0.00     0.00     0.00 -1    -1e-30      0.00 7.238e-01 2.710e-01 5.612e-04 8.254e-04 2.030e-03 -1.000 5.134e-03 -4.580 -4.435 -3.837 -5.174
0.005 -0.48482 7.75001 6.5759472847 2.6200210437    6.570  3.753  3.6560  1.078    5  0.000  0.368     0.00     0.00     0.00     0.00     0.00 -1    -1e-30      0.00 7.238e-01 2.710e-01 5.612e-04 8.254e-04 2.030e-03 -1.000 5.134e-03 -4.613 -4.489 -3.904 -5.218
0.005 -0.48482 7.75001 6.5782303810 2.6200273225    6.572  3.764  3.6602  1.084    5  0.000  0.368     0.00     0.00     0.00     0.00     0.00 -1    -1e-30      0.00 7.238e-01 2.710e-01 5.612e-04 8.254e-04 2.030e-03 -1.000 5.133e-03 -4.641 -4.535 -3.962 -5.255
0.005 -0.48482 7.75001 6.5796704292 2.6200312802    6.574  3.773  3.6647  1.094    5  0.000  0.368     0.00     0.00     0.00     0.00     0.00 -1    -1e-30      0.00 7.238e-01 2.710e-01 5.612e-04 8.254e-04 2.030e-03 -1.000 5.133e-03 -4.662 -4.572 -4.013 -5.282
0.005 -0.48482 7.75001 6.5803565979 2.6200331653    6.574  3.778  3.6684  1.104    5  0.000  0.368     0.00     0.00     0.00     0.00     0.00 -1    -1e-30      0.00 7.238e-01 2.710e-01 5.612e-04 8.254e-04 2.030e-03 -1.000 5.133e-03 -4.674 -4.598 -4.049 -5.299
0.005 -0.48482 7.75001 6.5810756683 2.6200351403    6.575  3.783  3.6727  1.116    5  0.000  0.368     0.00     0.00     0.00     0.00     0.00 -1    -1e-30      0.00 7.238e-01 2.710e-01 5.612e-04 8.254e-04 2.030e-03 -1.000 5.133e-03 -4.686 -4.624 -4.088 -5.316
0.005 -0.48482 7.75001 6.5817627907 2.6200370271    6.576  3.787  3.6773  1.130    5  0.000  0.368     0.00     0.00     0.00     0.00     0.00 -1    -1e-30      0.00 7.238e-01 2.710e-01 5.612e-04 8.254e-04 2.030e-03 -1.000 5.133e-03 -4.697 -4.649 -4.126 -5.331
0.005 -0.48482 7.75001 6.5824761391 2.6200389855    6.576  3.792  3.6829  1.148    5  0.000  0.368     0.00     0.00     0.00     0.00     0.00 -1    -1e-30      0.00 7.238e-01 2.710e-01 5.612e-04 8.254e-04 2.030e-03 -1.000 5.133e-03 -4.710 -4.677 -4.170 -5.345
0.005 -0.48482 7.75001 6.5832972527 2.6200412391    6.577  3.797  3.6903  1.172    5  0.000  0.368     0.00     0.00     0.00     0.00     0.00 -1    -1e-30      0.00 7.238e-01 2.710e-01 5.612e-04 8.253e-04 2.030e-03 -1.000 5.133e-03 -4.723 -4.711 -4.224 -5.363
0.005 -0.48482 7.75001 6.5842905045 2.6200439643    6.578  3.802  3.7024  1.215    5  0.000  0.368     0.00     0.00     0.00     0.00     0.00 -1    -1e-30      0.00 7.238e-01 2.710e-01 5.612e-04 8.253e-04 2.030e-03 -1.000 5.133e-03 -4.736 -4.756 -4.301 -5.379
0.005 -0.48482 7.75001 6.5854754448 2.6200472141    6.579  3.808  3.7178  1.272    5  0.000  0.368     0.00     0.00     0.00     0.00     0.00 -1    -1e-30      0.00 7.238e-01 2.710e-01 5.612e-04 8.253e-04 2.030e-03 -1.000 5.133e-03 -4.750 -4.805 -4.390 -5.390
0.005 -0.48482 7.75001 6.5868387222 2.6200509514    6.581  3.813  3.7325  1.325    5  0.000  0.368     0.00     0.00     0.00     0.00     0.00 -1    -1e-30      0.00 7.238e-01 2.710e-01 5.612e-04 8.253e-04 2.030e-03 -1.000 5.133e-03 -4.764 -4.846 -4.469 -5.396
0.005 -0.48482 7.75001 6.5883636475 2.6200551298    6.582  3.820  3.7456  1.371    5  0.000  0.368     0.00     0.00     0.00     0.00     0.00 -1    -1e-30      0.00 7.239e-01 2.710e-01 5.612e-04 8.253e-04 2.030e-03 -1.000 5.133e-03 -4.779 -4.882 -4.537 -5.399
0.005 -0.48482 7.75001 6.5900340080 2.6200597041    6.584  3.826  3.7603  1.424    5  0.000  0.368     0.00     0.00     0.00     0.00     0.00 -1    -1e-30      0.00 7.239e-01 2.710e-01 5.612e-04 8.253e-04 2.030e-03 -1.000 5.133e-03 -4.794 -4.917 -4.608 -5.395
0.005 -0.48482 7.75001 6.5918526649 2.6200646815    6.586  3.830  3.7794  1.496    5  0.000  0.368     0.00     0.00     0.00     0.00     0.00 -1    -1e-30      0.00 7.239e-01 2.710e-01 5.612e-04 8.253e-04 2.030e-03 -1.000 5.133e-03 -4.806 -4.950 -4.687 -5.373
0.005 -0.48482 7.75001 6.5938177109 2.6200700560    6.588  3.834  3.7956  1.557    5  0.000  0.368     0.00     0.00     0.00     0.00     0.00 -1    -1e-30      0.00 7.239e-01 2.710e-01 5.612e-04 8.253e-04 2.030e-03 -1.000 5.133e-03 -4.816 -4.971 -4.745 -5.348
0.005 -0.48482 7.75001 6.5963497162 2.6200769757    6.590  3.838  3.8119  1.618    5  0.000  0.368     0.00     0.00     0.00     0.00     0.00 -1    -1e-30      0.00 7.239e-01 2.710e-01 5.612e-04 8.253e-04 2.030e-03 -1.000 5.133e-03 -4.826 -4.991 -4.799 -5.321
0.005 -0.48482 7.75001 6.5988688469 2.6200838541    6.593  3.842  3.8235  1.661    5  0.000  0.368     0.00     0.00     0.00     0.00     0.00 -1    -1e-30      0.00 7.239e-01 2.710e-01 5.612e-04 8.253e-04 2.030e-03 -1.000 5.133e-03 -4.835 -5.003 -4.836 -5.300
0.005 -0.48482 7.75001 6.6012105942 2.6200902428    6.595  3.845  3.8336  1.698    5  0.000  0.368     0.00     0.00     0.00     0.00     0.00 -1    -1e-30      0.00 7.239e-01 2.710e-01 5.613e-04 8.252e-04 2.030e-03 -1.000 5.132e-03 -4.844 -5.013 -4.865 -5.280
0.005 -0.48482 7.75001 6.6043782234 2.6200988764    6.598  3.850  3.8457  1.742    5  0.000  0.368     0.00     0.00     0.00     0.00     0.00 -1    -1e-30      0.00 7.239e-01 2.710e-01 5.613e-04 8.252e-04 2.030e-03 -1.000 5.132e-03 -4.854 -5.022 -4.897 -5.254
0.005 -0.48482 7.75001 6.6078476906 2.6201083217    6.601  3.854  3.8571  1.784    5  0.000  0.368     0.00     0.00     0.00     0.00     0.00 -1    -1e-30      0.00 7.239e-01 2.710e-01 5.613e-04 8.252e-04 2.030e-03 -1.000 5.132e-03 -4.865 -5.029 -4.926 -5.228
0.005 -0.48482 7.75001 6.6115670204 2.6201184346    6.605  3.858  3.8679  1.823    5  0.000  0.368     0.00     0.00     0.00     0.00     0.00 -1    -1e-30      0.00 7.239e-01 2.710e-01 5.613e-04 8.252e-04 2.030e-03 -1.000 5.132e-03 -4.875 -5.034 -4.948 -5.204
0.005 -0.48482 7.75001 6.6162409782 2.6201311246    6.610  3.863  3.8807  1.870    5  0.000  0.368     0.00     0.00     0.00     0.00     0.00 -1    -1e-30      0.00 7.239e-01 2.710e-01 5.613e-04 8.252e-04 2.030e-03 -1.000 5.132e-03 -4.888 -5.036 -4.968 -5.174
0.005 -0.48482 7.75001 6.6216511726 2.6201457878    6.615  3.868  3.8912  1.907    5  0.000  0.368     0.00     0.00     0.00     0.00     0.00 -1    -1e-30      0.00 7.239e-01 2.710e-01 5.613e-04 8.251e-04 2.030e-03 -1.000 5.132e-03 -4.901 -5.037 -4.982 -5.150
0.005 -0.48482 7.75001 6.6281790733 2.6201634437    6.621  3.875  3.9018  1.943    5  0.000  0.368     0.00     0.00     0.00     0.00     0.00 -1    -1e-30      0.00 7.239e-01 2.710e-01 5.613e-04 8.251e-04 2.030e-03 -1.000 5.131e-03 -4.917 -5.035 -4.992 -5.127
0.005 -0.48482 7.75001 6.6318917274 2.6201734674    6.625  3.878  3.9080  1.965    5  0.000  0.368     0.00     0.00     0.00     0.00     0.00 -1    -1e-30      0.00 7.239e-01 2.710e-01 5.613e-04 8.251e-04 2.030e-03 -1.000 5.131e-03 -4.925 -5.030 -4.993 -5.111
0.005 -0.48482 7.75001 6.6484131813 2.6202179171    6.641  3.892  3.9240  2.016    5  0.000  0.368     0.00     0.00     0.00     0.00     0.00 -1    -1e-30      0.00 7.239e-01 2.710e-01 5.614e-04 8.250e-04 2.030e-03 -1.000 5.131e-03 -4.960 -5.024 -5.001 -5.080
0.005 -0.48482 7.75001 6.6518168449 2.6202270429    6.645  3.893  3.9251  2.020    6  0.000  0.368     0.00     0.00     0.00     0.00     0.00 -1    -1e-30      0.00 7.239e-01 2.710e-01 5.614e-04 8.250e-04 2.030e-03 -1.000 5.130e-03 -4.963 -5.024 -5.002 -5.078
0.005 -0.48482 7.75001 6.6602602005 2.6202496346    6.653  3.896  3.9179  1.988    6  0.000  0.368     0.00     0.00     0.00     0.00     0.00 -1    -1e-30      0.00 7.239e-01 2.710e-01 5.614e-04 8.249e-04 2.030e-03 -1.000 5.130e-03 -4.970 -5.052 -5.024 -5.116
0.005 -0.48482 7.75001 6.6644911766 2.6202609305    6.657  3.897  3.9117  1.963    6  0.000  0.368     0.00     0.00     0.00     0.00     0.00 -1    -1e-30      0.00 7.239e-01 2.710e-01 5.614e-04 8.249e-04 2.030e-03 -1.000 5.130e-03 -4.973 -5.070 -5.037 -5.144
0.005 -0.48482 7.75001 6.6676416397 2.6202693310    6.660  3.898  3.9034  1.929    6  0.000  0.368     0.00     0.00     0.00     0.00     0.00 -1    -1e-30      0.00 7.239e-01 2.710e-01 5.614e-04 8.249e-04 2.030e-03 -1.000 5.130e-03 -4.975 -5.089 -5.048 -5.178
0.005 -0.48482 7.75001 6.6709342003 2.6202781006    6.664  3.898  3.8914  1.881    6  0.000  0.368     0.00     0.00     0.00     0.00     0.00 -1    -1e-30      0.00 7.239e-01 2.710e-01 5.615e-04 8.249e-04 2.030e-03 -1.000 5.130e-03 -4.975 -5.111 -5.056 -5.223
0.005 -0.48482 7.75001 6.6734519005 2.6202847997    6.666  3.897  3.8792  1.834    6  0.000  0.368     0.00     0.00     0.00     0.00     0.00 -1    -1e-30      0.00 7.239e-01 2.710e-01 5.615e-04 8.248e-04 2.030e-03 -1.000 5.130e-03 -4.973 -5.123 -5.054 -5.264
0.005 -0.48482 7.75001 6.6754002571 2.6202899799    6.668  3.896  3.8667  1.784    6  0.000  0.368     0.00     0.00     0.00     0.00     0.00 -1    -1e-30      0.00 7.239e-01 2.710e-01 5.615e-04 8.248e-04 2.030e-03 -1.000 5.130e-03 -4.971 -5.131 -5.043 -5.303
0.005 -0.48482 7.75001 6.6770572662 2.6202943828    6.670  3.895  3.8535  1.733    6  0.000  0.368     0.00     0.00     0.00     0.00     0.00 -1    -1e-30      0.00 7.239e-01 2.710e-01 5.615e-04 8.248e-04 2.030e-03 -1.000 5.129e-03 -4.967 -5.134 -5.024 -5.342
0.005 -0.48482 7.75001 6.6784930229 2.6202981957    6.671  3.893  3.8393  1.678    6  0.000  0.368     0.00     0.00     0.00     0.00     0.00 -1    -1e-30      0.00 7.239e-01 2.710e-01 5.615e-04 8.248e-04 2.030e-03 -1.000 5.129e-03 -4.962 -5.132 -4.996 -5.381
0.005 -0.48482 7.75001 6.6797380447 2.6203015005    6.672  3.890  3.8241  1.620    6  0.000  0.368     0.00     0.00     0.00     0.00     0.00 -1    -1e-30      0.00 7.239e-01 2.710e-01 5.615e-04 8.248e-04 2.030e-03 -1.000 5.129e-03 -4.956 -5.125 -4.960 -5.419
0.005 -0.48482 7.75001 6.6808204651 2.6203043726    6.673  3.887  3.8081  1.559    6  0.000  0.368     0.00     0.00     0.00     0.00     0.00 -1    -1e-30      0.00 7.239e-01 2.710e-01 5.615e-04 8.248e-04 2.030e-03 -1.000 5.129e-03 -4.948 -5.112 -4.914 -5.453
0.005 -0.48482 7.75001 6.6817626953 2.6203068719    6.674  3.883  3.7924  1.501    6  0.000  0.368     0.00     0.00     0.00     0.00     0.00 -1    -1e-30      0.00 7.239e-01 2.710e-01 5.615e-04 8.248e-04 2.030e-03 -1.000 5.129e-03 -4.938 -5.092 -4.859 -5.478
0.005 -0.48482 7.75001 6.6825838089 2.6203090492    6.675  3.878  3.7782  1.449    6  0.000  0.368     0.00     0.00     0.00     0.00     0.00 -1    -1e-30      0.00 7.239e-01 2.710e-01 5.615e-04 8.248e-04 2.030e-03 -1.000 5.129e-03 -4.925 -5.069 -4.804 -5.496
0.005 -0.48482 7.75001 6.6832981110 2.6203109428    6.676  3.873  3.7670  1.410    6  0.000  0.368     0.00     0.00     0.00     0.00     0.00 -1    -1e-30      0.00 7.239e-01 2.710e-01 5.615e-04 8.248e-04 2.030e-03 -1.000 5.129e-03 -4.911 -5.043 -4.750 -5.503
0.005 -0.48482 7.75001 6.6839213371 2.6203125945    6.676  3.867  3.7565  1.373    6  0.000  0.368     0.00     0.00     0.00     0.00     0.00 -1    -1e-30      0.00 7.239e-01 2.710e-01 5.615e-04 8.248e-04 2.030e-03 -1.000 5.129e-03 -4.898 -5.017 -4.699 -5.505
0.005 -0.48482 7.75001 6.6844677925 2.6203140426    6.677  3.862  3.7466  1.339    6  0.000  0.368     0.00     0.00     0.00     0.00     0.00 -1    -1e-30      0.00 7.239e-01 2.710e-01 5.615e-04 8.248e-04 2.030e-03 -1.000 5.129e-03 -4.885 -4.991 -4.648 -5.505
0.005 -0.48482 7.75001 6.6849470139 2.6203153122    6.677  3.857  3.7377  1.308    6  0.000  0.368     0.00     0.00     0.00     0.00     0.00 -1    -1e-30      0.00 7.239e-01 2.710e-01 5.615e-04 8.248e-04 2.030e-03 -1.000 5.129e-03 -4.873 -4.965 -4.600 -5.502
0.005 -0.48482 7.75001 6.6853690147 2.6203164300    6.678  3.853  3.7296  1.280    6  0.000  0.368     0.00     0.00     0.00     0.00     0.00 -1    -1e-30      0.00 7.239e-01 2.710e-01 5.615e-04 8.248e-04 2.030e-03 -1.000 5.129e-03 -4.863 -4.941 -4.557 -5.499
0.005 -0.48482 7.75001 6.6857423782 2.6203174189    6.678  3.852  3.7227  1.253    6  0.000  0.368     0.00     0.00     0.00     0.00     0.00 -1    -1e-30      0.00 7.239e-01 2.710e-01 5.615e-04 8.248e-04 2.030e-03 -1.000 5.129e-03 -4.861 -4.927 -4.525 -5.501
0.005 -0.48482 7.75001 6.6860814095 2.6203183168    6.678  3.852  3.7161  1.227    6  0.000  0.368     0.00     0.00     0.00     0.00     0.00 -1    -1e-30      0.00 7.239e-01 2.710e-01 5.615e-04 8.248e-04 2.030e-03 -1.000 5.129e-03 -4.860 -4.912 -4.493 -5.503
0.005 -0.48482 7.75001 6.6864109039 2.6203191893    6.679  3.852  3.7091  1.199    6  0.000  0.368     0.00     0.00     0.00     0.00     0.00 -1    -1e-30      0.00 7.239e-01 2.710e-01 5.615e-04 8.248e-04 2.030e-03 -1.000 5.129e-03 -4.860 -4.896 -4.458 -5.504
0.005 -0.48482 7.75001 6.6867599487 2.6203201134    6.679  3.851  3.7010  1.167    6  0.000  0.368     0.00     0.00     0.00     0.00     0.00 -1    -1e-30      0.00 7.239e-01 2.710e-01 5.615e-04 8.248e-04 2.030e-03 -1.000 5.129e-03 -4.858 -4.875 -4.415 -5.502
0.005 -0.48482 7.75001 6.6871237755 2.6203210766    6.679  3.850  3.6917  1.132    6  0.000  0.368     0.00     0.00     0.00     0.00     0.00 -1    -1e-30      0.00 7.239e-01 2.710e-01 5.615e-04 8.248e-04 2.030e-03 -1.000 5.129e-03 -4.854 -4.847 -4.362 -5.496
0.005 -0.48482 7.75001 6.6876058578 2.6203223526    6.680  3.846  3.6778  1.080    6  0.000  0.368     0.00     0.00     0.00     0.00     0.00 -1    -1e-30      0.00 7.239e-01 2.710e-01 5.615e-04 8.248e-04 2.030e-03 -1.000 5.129e-03 -4.845 -4.799 -4.275 -5.480
0.005 -0.48482 7.75001 6.6880707741 2.6203235830    6.680  3.839  3.6641  1.032    6  0.000  0.368     0.00     0.00     0.00     0.00     0.00 -1    -1e-30      0.00 7.239e-01 2.710e-01 5.615e-04 8.248e-04 2.030e-03 -1.000 5.129e-03 -4.828 -4.736 -4.173 -5.448
0.005 -0.48482 7.75001 6.6885533333 2.6203248599    6.681  3.826  3.6528  1.000    6  0.000  0.368     0.00     0.00     0.00     0.00     0.00 -1    -1e-30      0.00 7.239e-01 2.710e-01 5.615e-04 8.248e-04 2.030e-03 -1.000 5.129e-03 -4.796 -4.657 -4.060 -5.395
0.005 -0.48482 7.75001 6.6891908646 2.6203265465    6.681  3.809  3.6423  0.975    6  0.000  0.368     0.00     0.00     0.00     0.00     0.00 -1    -1e-30      0.00 7.239e-01 2.710e-01 5.615e-04 8.248e-04 2.030e-03 -1.000 5.129e-03 -4.753 -4.564 -3.934 -5.326
0.005 -0.48482 7.75001 6.6897459030 2.6203280146    6.682  3.828  3.6322  0.916    6  0.000  0.368     0.00     0.00     0.00     0.00     0.00 -1    -1e-30      0.00 7.239e-01 2.709e-01 5.615e-04 8.248e-04 2.030e-03 -1.000 5.129e-03 -4.799 -4.556 -3.891 -5.345
0.005 -0.48482 7.75001 6.6897654533 2.6203280663    6.682  3.829  3.6318  0.913    6  0.000  0.368     0.00     0.00     0.00     0.00     0.00 -1    -1e-30      0.00 7.239e-01 2.709e-01 5.615e-04 8.248e-04 2.030e-03 -1.000 5.129e-03 -4.803 -4.558 -3.891 -5.347
0.005 -0.48482 7.75001 6.6898612976 2.6203283198    6.682  3.843  3.6298  0.892    7  0.000  0.368    40.15    27.65    19.15    14.02    11.57  4    -1e-30      0.00 7.239e-01 2.709e-01 5.615e-04 8.248e-04 2.030e-03 -1.000 5.129e-03 -4.836 -4.580 -3.905 -5.375
0.005 -0.48482 7.75001 6.6900548935 2.6203288318    6.682  3.867  3.6265  0.854    7  0.000  0.368    43.60    29.57    20.42    14.97    12.35  4    -1e-30      0.00 7.239e-01 2.709e-01 5.615e-04 8.248e-04 2.030e-03 -1.000 5.129e-03 -4.897 -4.621 -3.933 -5.425
0.005 -0.48482 7.75001 6.6906538010 2.6203304154    6.683  3.875  3.6255  0.842    7  0.000  0.368    44.81    30.24    20.86    15.29    12.62  4    -1e-30      0.00 7.239e-01 2.709e-01 5.615e-04 8.248e-04 2.030e-03 -1.000 5.129e-03 -4.918 -4.637 -3.944 -5.443
0.005 -0.48482 7.75001 6.6915678978 2.6203328319    6.684  3.883  3.6241  0.828    7  0.000  0.368    46.17    30.99    21.36    15.66    12.93  4    -1e-30      0.00 7.239e-01 2.709e-01 5.615e-04 8.247e-04 2.030e-03 -1.000 5.129e-03 -4.938 -4.648 -3.949 -5.459
0.005 -0.48482 7.75001 6.6919178963 2.6203337569    6.684  3.904  3.6216  0.798    7  0.000  0.368    49.42    32.77    22.52    16.53    13.65  4    -1e-30      0.00 7.239e-01 2.709e-01 5.615e-04 8.247e-04 2.030e-03 -1.000 5.129e-03 -4.990 -4.686 -3.976 -5.503
0.005 -0.48482 7.75001 6.6922969818 2.6203347587    6.685  3.933  3.6186  0.757    7  0.000  0.368    54.10    35.29    24.17    17.76    14.66  4    -1e-30      0.00 7.239e-01 2.709e-01 5.615e-04 8.247e-04 2.030e-03 -1.000 5.129e-03 -5.062 -4.738 -4.015 -5.565
0.005 -0.48482 7.75001 6.6927876472 2.6203360551    6.685  3.966  3.6151  0.710    7  0.000  0.368    60.02    38.41    26.22    19.29    15.93  4    -1e-30      0.00 7.239e-01 2.709e-01 5.615e-04 8.247e-04 2.030e-03 -1.000 5.129e-03 -5.144 -4.799 -4.060 -5.636
0.005 -0.48482 7.75001 6.6934022903 2.6203376788    6.686  4.001  3.6115  0.660    7  0.000  0.368    66.94    42.00    28.55    21.03    17.37  4    -1e-30      0.00 7.239e-01 2.709e-01 5.612e-04 8.249e-04 2.030e-03 -1.000 5.129e-03 -5.233 -4.864 -4.109 -5.712
0.005 -0.48482 7.75001 6.6941308975 2.6203396032    6.686  4.037  3.6079  0.609    7  0.000  0.367    74.90    46.05    31.17    22.99    19.00  4    -1e-30      0.00 7.239e-01 2.709e-01 5.600e-04 8.259e-04 2.030e-03 -1.000 5.129e-03 -5.324 -4.931 -4.158 -5.789
0.005 -0.48482 7.75001 6.6949701309 2.6203418191    6.687  4.072  3.6045  0.561    7  0.000  0.366    83.38    50.27    33.89    25.03    20.69  4    -1e-30      0.00 7.239e-01 2.709e-01 5.574e-04 8.288e-04 2.030e-03 -1.000 5.129e-03 -5.411 -4.995 -4.205 -5.864
0.005 -0.48482 7.75001 6.6959075928 2.6203442936    6.688  4.108  3.6011  0.511    7  0.000  0.364    93.01    54.97    36.91    27.30    22.57  4    -1e-30      0.00 7.239e-01 2.709e-01 5.543e-04 8.323e-04 2.030e-03 -1.000 5.129e-03 -5.501 -5.061 -4.254 -5.940
0.005 -0.48482 7.75001 6.6968903542 2.6203468869    6.689  4.143  3.5979  0.464    7  0.000  0.362   103.31    59.90    40.07    29.67    24.53  3    -1e-30      0.00 7.239e-01 2.710e-01 5.511e-04 8.368e-04 2.030e-03 -1.000 5.132e-03 -5.587 -5.123 -4.296 -6.013
0.005 -0.48482 7.75001 6.6980490685 2.6203499433    6.690  4.183  3.5941  0.409    7  0.000  0.360   116.66    66.16    44.06    32.67    27.02  3    -1e-30      0.00 7.237e-01 2.711e-01 5.476e-04 8.418e-04 2.029e-03 -1.000 5.136e-03 -5.687 -5.193 -4.344 -6.097
0.005 -0.48482 7.75001 6.6990580559 2.6203526037    6.691  4.219  3.5907  0.359    7  0.000  0.358   130.20    72.38    48.01    35.65    29.49  3    -1e-30      0.00 7.236e-01 2.712e-01 5.448e-04 8.465e-04 2.027e-03 -1.000 5.159e-03 -5.777 -5.257 -4.386 -6.172
0.005 -0.48482 7.75001 6.6998724937 2.6203547506    6.692  4.250  3.5877  0.316    7  0.000  0.357   143.29    78.28    51.74    38.46    31.82  3    -1e-30      0.00 7.235e-01 2.713e-01 5.427e-04 8.511e-04 2.025e-03 -1.000 5.154e-03 -5.856 -5.310 -4.420 -6.236
0.005 -0.48482 7.75001 6.7006082535 2.6203566895    6.693  4.281  3.5848  0.274    7  0.000  0.357   157.30    84.48    55.65    41.41    34.27  3    -1e-30      0.00 7.230e-01 2.718e-01 5.405e-04 8.588e-04 2.020e-03 -1.000 5.137e-03 -5.933 -5.362 -4.451 -6.299
0.005 -0.48482 7.75001 6.7013888359 2.6203587460    6.693  4.314  3.5817  0.228    7  0.000  0.356   174.14    91.81    60.25    44.89    37.15  3    -1e-30      0.00 7.211e-01 2.738e-01 5.368e-04 8.747e-04 2.007e-03 -1.000 5.156e-03 -6.016 -5.418 -4.486 -6.367
0.005 -0.48482 7.75001 6.7021684647 2.6203607994    6.694  4.339  3.5801  0.198    7  0.000  0.357   186.21    96.98    63.48    47.34    39.19  3    -1e-30      0.00 7.034e-01 2.915e-01 5.207e-04 9.490e-04 1.945e-03 -1.000 5.137e-03 -6.077 -5.465 -4.521 -6.420
0.005 -0.48482 7.75001 6.7021965981 2.6203608735    6.695  4.339  3.5802  0.197    7  0.000  0.357   186.35    97.04    63.52    47.37    39.21  3    -1e-30      0.00 7.016e-01 2.932e-01 5.192e-04 9.559e-04 1.939e-03 -1.000 5.147e-03 -6.078 -5.467 -4.523 -6.421
