Zini MH logAge Mini int_IMF Mass logL logTe logg label McoreTP C_O period0 period1 period2 period3 period4 pmode Mloss tau1m X Y Xc Xn Xo Cexcess Z mbolmag Gmag G_BPmag G_RPmag
0.007 -0.33541 6.97001 0.0900000036 1.0816895926    0.090 -1.974  3.4288  4.034    0  0.000  0.545     0.00     0.00     0.00     0.00     0.00 -1 -4.33e-15      0.00 7.317e-01 2.612e-01 1.272e-03 3.431e-04 3.112e-03 -1.000 7.072e-03 9.706 11.383 13.772 9.984
0.007 -0.33541 6.97001 0.0996483564 1.1681622722    0.100 -1.916  3.4357  4.047    0  0.000  0.545     0.00     0.00     0.00     0.00     0.00 -1 -4.64e-15      0.00 7.317e-01 2.612e-01 1.272e-03 3.431e-04 3.112e-03 -1.000 7.072e-03 9.559 11.158 13.445 9.778
0.007 -0.33541 6.97001 0.1210389808 1.3261246537    0.121 -1.797  3.4498  4.069    0  0.000  0.545     0.00     0.00     0.00     0.00     0.00 -1 -5.39e-15      0.00 7.317e-01 2.612e-01 1.272e-03 3.431e-04 3.112e-03 -1.000 7.072e-03 9.264 10.710 12.801 9.369
0.007 -0.33541 6.97001 0.1324725598 1.3963711239    0.132 -1.742  3.4559  4.077    0  0.000  0.545     0.00     0.00     0.00     0.00     0.00 -1 -5.79e-15      0.00 7.317e-01 2.612e-01 1.272e-03 3.431e-04 3.112e-03 -1.000 7.072e-03 9.124 10.505 12.509 9.184
0.007 -0.33541 6.97001 0.1401734054 1.4393872271    0.140 -1.707  3.4598  4.083    0  0.000  0.545     0.00     0.00     0.00     0.00     0.00 -1 -6.04e-15      0.00 7.317e-01 2.612e-01 1.272e-03 3.431e-04 3.112e-03 -1.000 7.072e-03 9.038 10.378 12.326 9.068
0.007 -0.33541 6.97001 0.1470598727 1.4753302395    0.147 -1.677  3.4630  4.086    0  0.000  0.545     0.00     0.00     0.00     0.00     0.00 -1 -6.28e-15      0.00 7.317e-01 2.612e-01 1.272e-03 3.431e-04 3.112e-03 -1.000 7.072e-03 8.963 10.272 12.180 8.972
0.007 -0.33541 6.97001 0.1491622329 1.4858695946    0.149 -1.668  3.4639  4.087    0  0.000  0.545     0.00     0.00     0.00     0.00     0.00 -1 -6.35e-15      0.00 7.317e-01 2.612e-01 1.272e-03 3.431e-04 3.112e-03 -1.000 7.072e-03 8.941 10.242 12.138 8.944
0.007 -0.33541 6.97001 0.1542627662 1.5106557241    0.154 -1.648  3.4661  4.090    0  0.000  0.545     0.00     0.00     0.00     0.00     0.00 -1 -6.57e-15      0.00 7.317e-01 2.612e-01 1.272e-03 3.431e-04 3.112e-03 -1.000 7.072e-03 8.889 10.168 12.037 8.877
0.007 -0.33541 6.97001 0.1677722335 1.5714614012    0.168 -1.594  3.4715  4.095    0  0.000  0.545     0.00     0.00     0.00     0.00     0.00 -1 -7.09e-15      0.00 7.317e-01 2.612e-01 1.272e-03 3.431e-04 3.112e-03 -1.000 7.072e-03 8.756 9.985 11.787 8.709
0.007 -0.33541 6.97001 0.1821971685 1.6297309240    0.182 -1.542  3.4770  4.100    0  0.000  0.545     0.00     0.00     0.00     0.00     0.00 -1 -7.63e-15      0.00 7.317e-01 2.612e-01 1.272e-03 3.431e-04 3.112e-03 -1.000 7.072e-03 8.625 9.804 11.543 8.544
0.007 -0.33541 6.97001 0.2087081075 1.7226122463    0.208 -1.459  3.4858  4.110    0  0.000  0.545     0.00     0.00     0.00     0.00     0.00 -1 -8.54e-15      0.00 7.317e-01 2.612e-01 1.272e-03 3.431e-04 3.112e-03 -1.000 7.072e-03 8.416 9.518 11.157 8.285
0.007 -0.33541 6.97001 0.2278653532 1.7806718898    0.227 -1.404  3.4916  4.117    0  0.000  0.545     0.00     0.00     0.00     0.00     0.00 -1 -9.19e-15      0.00 7.317e-01 2.612e-01 1.272e-03 3.431e-04 3.112e-03 -1.000 7.072e-03 8.280 9.333 10.911 8.118
0.007 -0.33541 6.97001 0.2471660525 1.8330790101    0.247 -1.355  3.4969  4.125    0  0.000  0.545     0.00     0.00     0.00     0.00     0.00 -1  -9.8e-15      0.00 7.317e-01 2.612e-01 1.272e-03 3.431e-04 3.112e-03 -1.000 7.072e-03 8.157 9.169 10.695 7.969
0.007 -0.33541 6.97001 0.2733305991 1.8961916194    0.273 -1.293  3.5036  4.133    0  0.000  0.545     0.00     0.00     0.00     0.00     0.00 -1 -1.07e-14      0.00 7.317e-01 2.612e-01 1.272e-03 3.431e-04 3.112e-03 -1.000 7.072e-03 8.002 8.963 10.427 7.783
0.007 -0.33541 6.97001 0.2926155925 1.9378845064    0.292 -1.250  3.5080  4.137    0  0.000  0.545     0.00     0.00     0.00     0.00     0.00 -1 -1.13e-14      0.00 7.317e-01 2.612e-01 1.272e-03 3.431e-04 3.112e-03 -1.000 7.072e-03 7.894 8.822 10.246 7.655
0.007 -0.33541 6.97001 0.3141004145 1.9803191876    0.313 -1.207  3.5131  4.145    0  0.000  0.545     0.00     0.00     0.00     0.00     0.00 -1 -1.19e-14      0.00 7.317e-01 2.612e-01 1.272e-03 3.431e-04 3.112e-03 -1.000 7.072e-03 7.787 8.679 10.059 7.527
0.007 -0.33541 6.97001 0.3408574164 2.0281734154    0.340 -1.155  3.5189  4.153    0  0.000  0.545     0.00     0.00     0.00     0.00     0.00 -1 -1.28e-14      0.00 7.317e-01 2.612e-01 1.272e-03 3.431e-04 3.112e-03 -1.000 7.072e-03 7.659 8.509 9.839 7.375
0.007 -0.33541 6.97001 0.3657942414 2.0685698046    0.365 -1.113  3.5238  4.160    0  0.000  0.545     0.00     0.00     0.00     0.00     0.00 -1 -1.35e-14      0.00 7.317e-01 2.612e-01 1.272e-03 3.431e-04 3.112e-03 -1.000 7.072e-03 7.551 8.369 9.660 7.249
0.007 -0.33541 6.97001 0.3890992403 2.1032117912    0.388 -1.075  3.5281  4.167    0  0.000  0.545     0.00     0.00     0.00     0.00     0.00 -1 -1.42e-14      0.00 7.317e-01 2.612e-01 1.272e-03 3.431e-04 3.112e-03 -1.000 7.072e-03 7.457 8.246 9.503 7.139
0.007 -0.33541 6.97001 0.3924849331 2.1080199837    0.392 -1.070  3.5288  4.168    0  0.000  0.545     0.00     0.00     0.00     0.00     0.00 -1 -1.43e-14      0.00 7.317e-01 2.612e-01 1.272e-03 3.431e-04 3.112e-03 -1.000 7.072e-03 7.444 8.229 9.482 7.124
0.007 -0.33541 6.97001 0.4373410344 2.1670360615    0.437 -1.003  3.5366  4.179    0  0.000  0.545     0.00     0.00     0.00     0.00     0.00 -1 -1.55e-14      0.00 7.317e-01 2.612e-01 1.272e-03 3.431e-04 3.112e-03 -1.000 7.072e-03 7.278 8.013 9.209 6.931
0.007 -0.33541 6.97001 0.4850851595 2.2217739531    0.484 -0.941  3.5445  4.194    0  0.000  0.545     0.00     0.00     0.00     0.00     0.00 -1 -1.68e-14      0.00 7.317e-01 2.612e-01 1.272e-03 3.431e-04 3.112e-03 -1.000 7.072e-03 7.122 7.807 8.948 6.749
0.007 -0.33541 6.97001 0.4855828285 2.2223072234    0.485 -0.940  3.5446  4.194    0  0.000  0.545     0.00     0.00     0.00     0.00     0.00 -1 -1.68e-14      0.00 7.317e-01 2.612e-01 1.272e-03 3.431e-04 3.112e-03 -1.000 7.072e-03 7.120 7.805 8.946 6.747
0.007 -0.33541 6.97001 0.4859249592 2.2226734169    0.485 -0.940  3.5446  4.194    0  0.000  0.545     0.00     0.00     0.00     0.00     0.00 -1 -1.68e-14      0.00 7.317e-01 2.612e-01 1.272e-03 3.431e-04 3.112e-03 -1.000 7.072e-03 7.119 7.804 8.944 6.746
0.007 -0.33541 6.97001 0.5327064395 2.2688040747    0.532 -0.881  3.5528  4.208    0  0.000  0.545     0.00     0.00     0.00     0.00     0.00 -1  -1.8e-14      0.00 7.317e-01 2.612e-01 1.272e-03 3.431e-04 3.112e-03 -1.000 7.072e-03 6.972 7.607 8.693 6.574
0.007 -0.33541 6.97001 0.5338246226 2.2697980445    0.533 -0.879  3.5530  4.208    0  0.000  0.545     0.00     0.00     0.00     0.00     0.00 -1 -1.81e-14      0.00 7.317e-01 2.612e-01 1.272e-03 3.431e-04 3.112e-03 -1.000 7.072e-03 6.969 7.603 8.687 6.570
0.007 -0.33541 6.97001 0.5607343316 2.2923502906    0.560 -0.847  3.5582  4.218    0  0.000  0.545     0.00     0.00     0.00     0.00     0.00 -1 -1.88e-14      0.00 7.317e-01 2.612e-01 1.272e-03 3.431e-04 3.112e-03 -1.000 7.072e-03 6.887 7.490 8.541 6.473
0.007 -0.33541 6.97001 0.5820664167 2.3085344924    0.581 -0.822  3.5617  4.223    0  0.000  0.545     0.00     0.00     0.00     0.00     0.00 -1 -1.94e-14      0.00 7.317e-01 2.612e-01 1.272e-03 3.431e-04 3.112e-03 -1.000 7.072e-03 6.825 7.407 8.437 6.401
0.007 -0.33541 6.97001 0.5998713374 2.3210340846    0.599 -0.800  3.5656  4.230    0  0.000  0.545     0.00     0.00     0.00     0.00     0.00 -1    -2e-14      0.00 7.317e-01 2.612e-01 1.272e-03 3.431e-04 3.112e-03 -1.000 7.072e-03 6.770 7.329 8.336 6.335
0.007 -0.33541 6.97001 0.6303082108 2.3405328719    0.630 -0.764  3.5713  4.238    0  0.000  0.545     0.00     0.00     0.00     0.00     0.00 -1  -2.1e-14      0.00 7.317e-01 2.612e-01 1.272e-03 3.431e-04 3.112e-03 -1.000 7.072e-03 6.679 7.206 8.180 6.229
0.007 -0.33541 6.97001 0.6603749394 2.3577792509    0.660 -0.723  3.5784  4.246    0  0.000  0.545     0.00     0.00     0.00     0.00     0.00 -1 -2.23e-14      0.00 7.317e-01 2.612e-01 1.272e-03 3.431e-04 3.112e-03 -1.000 7.072e-03 6.578 7.068 8.006 6.110
0.007 -0.33541 6.97001 0.6785501242 2.3673564686    0.678 -0.701  3.5822  4.251    0  0.000  0.545     0.00     0.00     0.00     0.00     0.00 -1  -2.3e-14      0.00 7.317e-01 2.612e-01 1.272e-03 3.431e-04 3.112e-03 -1.000 7.072e-03 6.522 6.994 7.913 6.046
0.007 -0.33541 6.97001 0.7267918587 2.3901268728    0.726 -0.590  3.6143  4.298    0  0.000  0.541     0.00     0.00     0.00     0.00     0.00 -1 -2.72e-14      0.00 7.317e-01 2.612e-01 1.262e-03 3.428e-04 3.112e-03 -1.000 7.072e-03 6.244 6.568 7.341 5.706
0.007 -0.33541 6.97001 0.7755740285 2.4098717853    0.775 -0.495  3.6390  4.331    0  0.000  0.538     0.00     0.00     0.00     0.00     0.00 -1 -3.16e-14      0.00 7.317e-01 2.612e-01 1.255e-03 3.426e-04 3.112e-03 -1.000 7.072e-03 6.009 6.221 6.888 5.430
0.007 -0.33541 6.97001 0.7782080770 2.4108572176    0.778 -0.493  3.6394  4.331    0  0.000  0.538     0.00     0.00     0.00     0.00     0.00 -1 -3.18e-14      0.00 7.317e-01 2.612e-01 1.255e-03 3.426e-04 3.112e-03 -1.000 7.072e-03 6.001 6.213 6.878 5.422
0.007 -0.33541 6.97001 0.8243562579 2.4269537923    0.824 -0.439  3.6458  4.327    0  0.000  0.538     0.00     0.00     0.00     0.00     0.00 -1  -3.5e-14      0.00 7.317e-01 2.612e-01 1.255e-03 3.426e-04 3.112e-03 -1.000 7.072e-03 5.866 6.048 6.685 5.277
0.007 -0.33541 6.97001 0.8731384277 2.4418595603    0.872 -0.370  3.6551  4.321    0  0.000  0.538     0.00     0.00     0.00     0.00     0.00 -1 -4.01e-14      0.00 7.317e-01 2.612e-01 1.255e-03 3.426e-04 3.112e-03 -1.000 7.072e-03 5.696 5.837 6.436 5.093
0.007 -0.33541 6.97001 0.9086843133 2.4515695415    0.908 -0.319  3.6628  4.319    0  0.000  0.538     0.00     0.00     0.00     0.00     0.00 -1 -4.42e-14      0.00 7.317e-01 2.612e-01 1.255e-03 3.426e-04 3.112e-03 -1.000 7.072e-03 5.568 5.678 6.248 4.956
0.007 -0.33541 6.97001 0.9219205379 2.4549659816    0.921 -0.299  3.6660  4.317    0  0.000  0.538     0.00     0.00     0.00     0.00     0.00 -1 -4.61e-14      0.00 7.317e-01 2.612e-01 1.255e-03 3.426e-04 3.112e-03 -1.000 7.072e-03 5.516 5.613 6.173 4.901
0.007 -0.33541 6.97001 0.9512811899 2.4621134943    0.951 -0.257  3.6729  4.317    0  0.000  0.538     0.00     0.00     0.00     0.00     0.00 -1 -4.97e-14      0.00 7.317e-01 2.612e-01 1.255e-03 3.426e-04 3.112e-03 -1.000 7.072e-03 5.413 5.484 6.021 4.790
0.007 -0.33541 6.97001 0.9707027674 2.4665691833    0.970 -0.224  3.6783  4.314    0  0.000  0.538     0.00     0.00     0.00     0.00     0.00 -1 -5.32e-14      0.00 7.317e-01 2.612e-01 1.255e-03 3.426e-04 3.112e-03 -1.000 7.072e-03 5.330 5.383 5.903 4.702
0.007 -0.33541 6.97001 0.9797751904 2.4685810977    0.979 -0.209  3.6807  4.313    0  0.000  0.538     0.00     0.00     0.00     0.00     0.00 -1 -5.46e-14      0.00 7.317e-01 2.612e-01 1.255e-03 3.426e-04 3.112e-03 -1.000 7.072e-03 5.292 5.338 5.850 4.663
0.007 -0.33541 6.97001 1.0194849968 2.4769047482    1.019 -0.139  3.6921  4.306    0  0.000  0.538     0.00     0.00     0.00     0.00     0.00 -1 -6.18e-14      0.00 7.317e-01 2.612e-01 1.255e-03 3.426e-04 3.112e-03 -1.000 7.072e-03 5.118 5.130 5.610 4.483
0.007 -0.33541 6.97001 1.0446866751 2.4818115069    1.044 -0.095  3.6993  4.301    0  0.000  0.538     0.00     0.00     0.00     0.00     0.00 -1 -6.54e-14      0.00 7.318e-01 2.612e-01 1.255e-03 3.426e-04 3.112e-03 -1.000 7.072e-03 5.007 5.000 5.460 4.371
0.007 -0.33541 6.97001 1.0682671070 2.4861623348    1.067 -0.049  3.7065  4.294    0  0.000  0.538     0.00     0.00     0.00     0.00     0.00 -1 -6.97e-14      0.00 7.318e-01 2.612e-01 1.255e-03 3.426e-04 3.112e-03 -1.000 7.072e-03 4.894 4.870 5.312 4.258
0.007 -0.33541 6.97001 1.0932838917 2.4905430315    1.092 -0.002  3.7140  4.287    0  0.000  0.538     0.00     0.00     0.00     0.00     0.00 -1 -7.42e-14      0.00 7.318e-01 2.611e-01 1.255e-03 3.426e-04 3.112e-03 -1.000 7.072e-03 4.776 4.737 5.161 4.142
0.007 -0.33541 6.97001 1.1170494556 2.4944963106    1.116  0.045  3.7213  4.278    0  0.000  0.538     0.00     0.00     0.00     0.00     0.00 -1 -7.95e-14      0.00 7.318e-01 2.611e-01 1.255e-03 3.426e-04 3.112e-03 -1.000 7.072e-03 4.657 4.604 5.011 4.025
0.007 -0.33541 6.97001 1.1271331310 2.4961158624    1.126  0.065  3.7244  4.274    0  0.000  0.538     0.00     0.00     0.00     0.00     0.00 -1 -8.18e-14      0.00 7.318e-01 2.611e-01 1.255e-03 3.426e-04 3.112e-03 -1.000 7.072e-03 4.607 4.549 4.949 3.976
0.007 -0.33541 6.97001 1.1658315659 2.5020333135    1.165  0.149  3.7366  4.254    0  0.000  0.538     0.00     0.00     0.00     0.00     0.00 -1  -9.3e-14      0.00 7.318e-01 2.611e-01 1.255e-03 3.426e-04 3.112e-03 -1.000 7.072e-03 4.398 4.322 4.694 3.776
0.007 -0.33541 6.97001 1.1854950190 2.5048704297    1.185  0.193  3.7428  4.241    0  0.000  0.538     0.00     0.00     0.00     0.00     0.00 -1 -9.96e-14      0.00 7.318e-01 2.611e-01 1.255e-03 3.426e-04 3.112e-03 -1.000 7.072e-03 4.286 4.203 4.563 3.671
0.007 -0.33541 6.97001 1.2139891386 2.5087947126    1.213  0.263  3.7520  4.219    0  0.000  0.538     0.00     0.00     0.00     0.00     0.00 -1 -1.12e-13      0.00 7.318e-01 2.611e-01 1.255e-03 3.426e-04 3.112e-03 -1.000 7.072e-03 4.112 4.021 4.360 3.508
0.007 -0.33541 6.97001 1.2146137953 2.5088783730    1.214  0.265  3.7522  4.218    0  0.000  0.538     0.00     0.00     0.00     0.00     0.00 -1 -1.13e-13      0.00 7.318e-01 2.611e-01 1.255e-03 3.426e-04 3.112e-03 -1.000 7.072e-03 4.108 4.016 4.356 3.505
0.007 -0.33541 6.97001 1.2314662933 2.5110986469    1.231  0.308  3.7576  4.203    0  0.000  0.538     0.00     0.00     0.00     0.00     0.00 -1 -1.21e-13      0.00 7.318e-01 2.611e-01 1.255e-03 3.426e-04 3.112e-03 -1.000 7.072e-03 4.000 3.904 4.233 3.404
0.007 -0.33541 6.97001 1.2575534582 2.5144009791    1.257  0.380  3.7662  4.174    0  0.000  0.538     0.00     0.00     0.00     0.00     0.00 -1 -1.38e-13      0.00 7.318e-01 2.611e-01 1.255e-03 3.426e-04 3.112e-03 -1.000 7.072e-03 3.819 3.719 4.029 3.238
0.007 -0.33541 6.97001 1.2633960247 2.5151191170    1.263  0.398  3.7682  4.166    0  0.000  0.538     0.00     0.00     0.00     0.00     0.00 -1 -1.43e-13      0.00 7.318e-01 2.611e-01 1.255e-03 3.426e-04 3.112e-03 -1.000 7.072e-03 3.776 3.675 3.982 3.199
0.007 -0.33541 6.97001 1.2827775478 2.5174476159    1.282  0.456  3.7747  4.140    0  0.000  0.538     0.00     0.00     0.00     0.00     0.00 -1 -1.59e-13      0.00 7.318e-01 2.611e-01 1.255e-03 3.426e-04 3.112e-03 -1.000 7.072e-03 3.629 3.526 3.819 3.065
0.007 -0.33541 6.97001 1.3046619892 2.5199814140    1.304  0.526  3.7823  4.109    0  0.000  0.538     0.00     0.00     0.00     0.00     0.00 -1 -1.82e-13      0.00 7.318e-01 2.611e-01 1.255e-03 3.426e-04 3.112e-03 -1.000 7.072e-03 3.455 3.350 3.628 2.907
0.007 -0.33541 6.97001 1.3121781349 2.5208292482    1.312  0.550  3.7851  4.098    0  0.000  0.538     0.00     0.00     0.00     0.00     0.00 -1 -1.91e-13      0.00 7.318e-01 2.611e-01 1.255e-03 3.426e-04 3.112e-03 -1.000 7.072e-03 3.395 3.290 3.562 2.853
0.007 -0.33541 6.97001 1.3302962780 2.5228277908    1.330  0.608  3.7917  4.073    0  0.000  0.538     0.00     0.00     0.00     0.00     0.00 -1 -2.12e-13      0.00 7.318e-01 2.611e-01 1.255e-03 3.426e-04 3.112e-03 -1.000 7.072e-03 3.251 3.145 3.405 2.723
0.007 -0.33541 6.97001 1.3557199240 2.5255288614    1.356  0.685  3.8017  4.044    0  0.000  0.538     0.00     0.00     0.00     0.00     0.00 -1 -2.43e-13      0.00 7.318e-01 2.611e-01 1.255e-03 3.426e-04 3.112e-03 -1.000 7.072e-03 3.056 2.951 3.191 2.553
0.007 -0.33541 6.97001 1.3609604836 2.5260712240    1.361  0.700  3.8039  4.039    0  0.000  0.538     0.00     0.00     0.00     0.00     0.00 -1 -2.48e-13      0.00 7.318e-01 2.611e-01 1.255e-03 3.426e-04 3.112e-03 -1.000 7.072e-03 3.019 2.913 3.150 2.520
0.007 -0.33541 6.97001 1.3800777197 2.5280096349    1.380  0.755  3.8124  4.025    0  0.000  0.538     0.00     0.00     0.00     0.00     0.00 -1 -2.68e-13      0.00 7.318e-01 2.611e-01 1.255e-03 3.426e-04 3.112e-03 -1.000 7.072e-03 2.882 2.778 2.999 2.405
0.007 -0.33541 6.97001 1.4024051428 2.5301967818    1.403  0.813  3.8240  4.019    0  0.000  0.538     0.00     0.00     0.00     0.00     0.00 -1 -2.85e-13      0.00 7.318e-01 2.611e-01 1.255e-03 3.426e-04 3.112e-03 -1.000 7.072e-03 2.736 2.633 2.834 2.287
0.007 -0.33541 6.97001 1.4097425938 2.5308981725    1.410  0.831  3.8282  4.021    0  0.000  0.538     0.00     0.00     0.00     0.00     0.00 -1  -2.9e-13      0.00 7.318e-01 2.611e-01 1.255e-03 3.426e-04 3.112e-03 -1.000 7.072e-03 2.692 2.589 2.783 2.252
0.007 -0.33541 6.97001 1.4120889902 2.5311206976    1.412  0.837  3.8296  4.021    0  0.000  0.538     0.00     0.00     0.00     0.00     0.00 -1  -2.9e-13      0.00 7.318e-01 2.611e-01 1.255e-03 3.426e-04 3.112e-03 -1.000 7.072e-03 2.677 2.575 2.767 2.242
0.007 -0.33541 6.97001 1.4301524162 2.5328057012    1.430  0.876  3.8423  4.039    0  0.000  0.538     0.00     0.00     0.00     0.00     0.00 -1 -2.89e-13      0.00 7.318e-01 2.611e-01 1.255e-03 3.426e-04 3.112e-03 -1.000 7.072e-03 2.581 2.482 2.653 2.178
0.007 -0.33541 6.97001 1.4468313456 2.5343186677    1.447  0.905  3.8559  4.069    0  0.000  0.538     0.00     0.00     0.00     0.00     0.00 -1  -2.8e-13      0.00 7.318e-01 2.611e-01 1.255e-03 3.426e-04 3.112e-03 -1.000 7.072e-03 2.507 2.412 2.563 2.140
0.007 -0.33541 6.97001 1.4553524256 2.5350762517    1.455  0.918  3.8633  4.088    0  0.000  0.538     0.00     0.00     0.00     0.00     0.00 -1 -2.72e-13      0.00 7.318e-01 2.611e-01 1.255e-03 3.426e-04 3.112e-03 -1.000 7.072e-03 2.474 2.382 2.522 2.128
0.007 -0.33541 6.97001 1.4585247040 2.5353556906    1.459  0.922  3.8658  4.095    0  0.000  0.538     0.00     0.00     0.00     0.00     0.00 -1 -2.69e-13      0.00 7.318e-01 2.611e-01 1.255e-03 3.426e-04 3.112e-03 -1.000 7.072e-03 2.465 2.374 2.511 2.126
0.007 -0.33541 6.97001 1.4602959156 2.5355111054    1.460  0.924  3.8673  4.100    0  0.000  0.538     0.00     0.00     0.00     0.00     0.00 -1 -2.66e-13      0.00 7.318e-01 2.611e-01 1.255e-03 3.426e-04 3.112e-03 -1.000 7.072e-03 2.460 2.370 2.505 2.125
0.007 -0.33541 6.97001 1.4826552868 2.5374363636    1.483  0.939  3.8835  4.156    0  0.000  0.538     0.00     0.00     0.00     0.00     0.00 -1 -2.32e-13      0.00 7.318e-01 2.611e-01 1.255e-03 3.426e-04 3.112e-03 -1.000 7.072e-03 2.423 2.344 2.455 2.138
0.007 -0.33541 6.97001 1.5073068142 2.5394830383    1.507  0.935  3.8955  4.215    0  0.000  0.538     0.00     0.00     0.00     0.00     0.00 -1 -1.91e-13      0.00 7.318e-01 2.611e-01 1.255e-03 3.426e-04 3.112e-03 -1.000 7.072e-03 2.433 2.365 2.461 2.187
0.007 -0.33541 6.97001 1.5259692669 2.5409820009    1.526  0.919  3.9000  4.254    0  0.000  0.538     0.00     0.00     0.00     0.00     0.00 -1 -1.56e-13      0.00 7.318e-01 2.611e-01 1.255e-03 3.426e-04 3.112e-03 -1.000 7.072e-03 2.472 2.410 2.499 2.242
0.007 -0.33541 6.97001 1.5428947210 2.5423054498    1.543  0.905  3.9020  4.281    0  0.000  0.538     0.00     0.00     0.00     0.00     0.00 -1 -1.31e-13      0.00 7.318e-01 2.611e-01 1.255e-03 3.426e-04 3.112e-03 -1.000 7.072e-03 2.507 2.449 2.536 2.285
0.007 -0.33541 6.97001 1.5560891628 2.5433142270    1.556  0.900  3.9036  4.296    0  0.000  0.538     0.00     0.00     0.00     0.00     0.00 -1 -1.17e-13      0.00 7.318e-01 2.611e-01 1.255e-03 3.426e-04 3.112e-03 -1.000 7.072e-03 2.519 2.463 2.548 2.302
0.007 -0.33541 6.97001 1.5684592724 2.5442422745    1.568  0.897  3.9052  4.309    0  0.000  0.538     0.00     0.00     0.00     0.00     0.00 -1 -1.02e-13      0.00 7.318e-01 2.611e-01 1.255e-03 3.426e-04 3.112e-03 -1.000 7.072e-03 2.528 2.474 2.557 2.317
0.007 -0.33541 6.97001 1.5950348377 2.5461801945    1.595  0.908  3.9109  4.328    0  0.000  0.538     0.00     0.00     0.00     0.00     0.00 -1 -8.07e-14      0.00 7.318e-01 2.611e-01 1.255e-03 3.426e-04 3.112e-03 -1.000 7.072e-03 2.499 2.453 2.529 2.309
0.007 -0.33541 6.97001 1.6048712730 2.5468787904    1.604  0.924  3.9151  4.331    0  0.000  0.538     0.00     0.00     0.00     0.00     0.00 -1 -7.63e-14      0.00 7.318e-01 2.611e-01 1.255e-03 3.426e-04 3.112e-03 -1.000 7.072e-03 2.459 2.419 2.489 2.286
0.007 -0.33541 6.97001 1.6079781055 2.5470974000    1.608  0.929  3.9164  4.332    0  0.000  0.538     0.00     0.00     0.00     0.00     0.00 -1 -6.16e-14      0.00 7.318e-01 2.611e-01 1.255e-03 3.426e-04 3.112e-03 -1.000 7.072e-03 2.446 2.408 2.476 2.278
0.007 -0.33541 6.97001 1.6439069510 2.5495566242    1.643  0.993  3.9338  4.347    0  0.000  0.537     0.00     0.00     0.00     0.00     0.00 -1 -5.47e-15      0.00 7.318e-01 2.611e-01 1.254e-03 3.426e-04 3.112e-03 -1.000 7.072e-03 2.287 2.280 2.327 2.192
0.007 -0.33541 6.97001 1.6536533833 2.5502025845    1.653  1.012  3.9391  4.353    0  0.000  0.537     0.00     0.00     0.00     0.00     0.00 -1 -2.87e-15      0.00 7.318e-01 2.611e-01 1.254e-03 3.426e-04 3.112e-03 -1.000 7.072e-03 2.240 2.247 2.287 2.170
0.007 -0.33541 6.97001 1.7024356127 2.5533082844    1.702  1.062  3.9549  4.379    0  0.000  0.537     0.00     0.00     0.00     0.00     0.00 -1    -1e-30      0.00 7.318e-01 2.611e-01 1.254e-03 3.425e-04 3.112e-03 -1.000 7.072e-03 2.116 2.170 2.195 2.122
0.007 -0.33541 6.97001 1.7041996717 2.5534167677    1.703  1.064  3.9557  4.380    0  0.000  0.537     0.00     0.00     0.00     0.00     0.00 -1    -1e-30      0.00 7.318e-01 2.611e-01 1.254e-03 3.425e-04 3.112e-03 -1.000 7.072e-03 2.109 2.165 2.190 2.119
0.007 -0.33541 6.97001 1.7207618952 2.5544228236    1.720  1.090  3.9635  4.389    0  0.000  0.537     0.00     0.00     0.00     0.00     0.00 -1    -1e-30      0.00 7.318e-01 2.611e-01 1.254e-03 3.425e-04 3.112e-03 -1.000 7.072e-03 2.044 2.127 2.145 2.094
0.007 -0.33541 6.97001 1.7480214834 2.5560310398    1.747  1.123  3.9746  4.407    0  0.000  0.537     0.00     0.00     0.00     0.00     0.00 -1    -1e-30      0.00 7.318e-01 2.611e-01 1.254e-03 3.425e-04 3.112e-03 -1.000 7.072e-03 1.962 2.087 2.097 2.070
0.007 -0.33541 6.97001 1.7512178421 2.5562158455    1.750  1.126  3.9754  4.409    0  0.000  0.537     0.00     0.00     0.00     0.00     0.00 -1    -1e-30      0.00 7.318e-01 2.611e-01 1.254e-03 3.425e-04 3.112e-03 -1.000 7.072e-03 1.956 2.084 2.094 2.068
0.007 -0.33541 6.97001 1.7999999523 2.5589429085    1.799  1.159  3.9868  4.434    0  0.000  0.537     0.00     0.00     0.00     0.00     0.00 -1    -1e-30      0.00 7.318e-01 2.611e-01 1.254e-03 3.425e-04 3.111e-03 -1.000 7.072e-03 1.873 2.050 2.051 2.048
0.007 -0.33541 6.97001 1.8487784863 2.5615049516    1.848  1.194  3.9955  4.444    0  0.000  0.538     0.00     0.00     0.00     0.00     0.00 -1    -1e-30      0.00 7.318e-01 2.611e-01 1.254e-03 3.425e-04 3.111e-03 -1.000 7.072e-03 1.784 1.998 1.994 2.006
0.007 -0.33541 6.97001 1.8591439724 2.5620295081    1.858  1.202  3.9973  4.446    0  0.000  0.538     0.00     0.00     0.00     0.00     0.00 -1    -1e-30      0.00 7.318e-01 2.611e-01 1.254e-03 3.425e-04 3.111e-03 -1.000 7.072e-03 1.765 1.987 1.983 1.998
0.007 -0.33541 6.97001 1.8975570202 2.5639161075    1.897  1.237  4.0045  4.449    0  0.000  0.537     0.00     0.00     0.00     0.00     0.00 -1    -1e-30      0.00 7.318e-01 2.611e-01 1.254e-03 3.425e-04 3.111e-03 -1.000 7.072e-03 1.677 1.932 1.924 1.951
0.007 -0.33541 6.97001 1.9463355541 2.5661888074    1.946  1.281  4.0135  4.452    0  0.000  0.537     0.00     0.00     0.00     0.00     0.00 -1    -1e-30      0.00 7.318e-01 2.611e-01 1.254e-03 3.425e-04 3.111e-03 -1.000 7.071e-03 1.567 1.865 1.851 1.892
0.007 -0.33541 6.97001 1.9951140881 2.5683341806    1.995  1.324  4.0220  4.455    0  0.000  0.537     0.00     0.00     0.00     0.00     0.00 -1    -1e-30      0.00 7.318e-01 2.611e-01 1.254e-03 3.425e-04 3.111e-03 -1.000 7.070e-03 1.461 1.800 1.782 1.835
0.007 -0.33541 6.97001 2.0438926220 2.5703622186    2.043  1.365  4.0302  4.456    0  0.000  0.537     0.00     0.00     0.00     0.00     0.00 -1    -1e-30      0.00 7.318e-01 2.611e-01 1.254e-03 3.425e-04 3.111e-03 -1.000 7.068e-03 1.359 1.737 1.715 1.779
0.007 -0.33541 6.97001 2.0926709175 2.5722819057    2.092  1.405  4.0379  4.457    0  0.000  0.537     0.00     0.00     0.00     0.00     0.00 -1    -1e-30      0.00 7.318e-01 2.611e-01 1.254e-03 3.425e-04 3.111e-03 -1.000 7.072e-03 1.259 1.676 1.651 1.724
0.007 -0.33541 6.97001 2.1414496899 2.5741013849    2.140  1.444  4.0454  4.459    0  0.000  0.537     0.00     0.00     0.00     0.00     0.00 -1    -1e-30      0.00 7.318e-01 2.611e-01 1.254e-03 3.425e-04 3.111e-03 -1.000 7.071e-03 1.161 1.617 1.589 1.671
0.007 -0.33541 6.97001 2.1902279854 2.5758279618    2.189  1.482  4.0527  4.459    0  0.000  0.537     0.00     0.00     0.00     0.00     0.00 -1    -1e-30      0.00 7.319e-01 2.611e-01 1.254e-03 3.425e-04 3.111e-03 -1.000 7.072e-03 1.066 1.559 1.528 1.618
0.007 -0.33541 6.97001 2.2390067577 2.5774683258    2.238  1.518  4.0597  4.460    0  0.000  0.537     0.00     0.00     0.00     0.00     0.00 -1    -1e-30      0.00 7.319e-01 2.611e-01 1.254e-03 3.425e-04 3.111e-03 -1.000 7.072e-03 0.974 1.503 1.469 1.567
0.007 -0.33541 6.97001 2.2877850533 2.5790284923    2.286  1.555  4.0665  4.460    0  0.000  0.538     0.00     0.00     0.00     0.00     0.00 -1    -1e-30      0.00 7.319e-01 2.611e-01 1.254e-03 3.425e-04 3.111e-03 -1.000 7.072e-03 0.883 1.448 1.412 1.517
0.007 -0.33541 6.97001 2.3365635872 2.5805139911    2.335  1.590  4.0731  4.461    0  0.000  0.538     0.00     0.00     0.00     0.00     0.00 -1    -1e-30      0.00 7.319e-01 2.610e-01 1.254e-03 3.425e-04 3.111e-03 -1.000 7.072e-03 0.795 1.395 1.357 1.468
0.007 -0.33541 6.97001 2.3853423595 2.5819298447    2.384  1.624  4.0792  4.460    0  0.000  0.538     0.00     0.00     0.00     0.00     0.00 -1    -1e-30      0.00 7.319e-01 2.610e-01 1.254e-03 3.425e-04 3.111e-03 -1.000 7.072e-03 0.711 1.343 1.303 1.420
0.007 -0.33541 6.97001 2.5804562569 2.5869829787    2.580  1.752  4.1023  4.459    0  0.000  0.538     0.00     0.00     0.00     0.00     0.00 -1    -1e-30      0.00 7.318e-01 2.611e-01 1.255e-03 3.426e-04 3.112e-03 -1.000 7.072e-03 0.391 1.150 1.101 1.240
0.007 -0.33541 6.97001 2.7755703926 2.5912279891    2.775  1.870  4.1228  4.455    1  0.000  0.538     0.00     0.00     0.00     0.00     0.00 -1    -1e-30      0.00 7.318e-01 2.611e-01 1.255e-03 3.426e-04 3.113e-03 -1.000 7.072e-03 0.096 0.968 0.913 1.070
0.007 -0.33541 6.97001 2.9706845284 2.5948382285    2.970  1.980  4.1413  4.449    0  0.000  0.538     0.00     0.00     0.00     0.00     0.00 -1    -1e-30      0.00 7.318e-01 2.611e-01 1.255e-03 3.426e-04 3.113e-03 -1.000 7.072e-03 -0.179 0.798 0.738 0.912
0.007 -0.33541 6.97001 3.1657986641 2.5979415603    3.164  2.082  4.1585  4.443    1  0.000  0.538     0.00     0.00     0.00     0.00     0.00 -1    -1e-30      0.00 7.318e-01 2.611e-01 1.255e-03 3.426e-04 3.113e-03 -1.000 7.072e-03 -0.434 0.642 0.576 0.765
0.007 -0.33541 6.97001 3.3609127998 2.6006342203    3.359  2.177  4.1745  4.437    0  0.000  0.538     0.00     0.00     0.00     0.00     0.00 -1    -1e-30      0.00 7.318e-01 2.611e-01 1.255e-03 3.426e-04 3.113e-03 -1.000 7.072e-03 -0.673 0.496 0.425 0.628
0.007 -0.33541 6.97001 3.5560264587 2.6029899292    3.553  2.267  4.1886  4.428    1  0.000  0.538     0.00     0.00     0.00     0.00     0.00 -1    -1e-30      0.00 7.318e-01 2.611e-01 1.255e-03 3.426e-04 3.113e-03 -1.000 7.072e-03 -0.897 0.355 0.280 0.494
0.007 -0.33541 6.97001 3.7511405945 2.6050660687    3.748  2.351  4.2014  4.419    1  0.000  0.538     0.00     0.00     0.00     0.00     0.00 -1    -1e-30      0.00 7.318e-01 2.611e-01 1.255e-03 3.426e-04 3.113e-03 -1.000 7.072e-03 -1.107 0.220 0.141 0.367
0.007 -0.33541 6.97001 3.9462547302 2.6069079001    3.945  2.430  4.2139  4.411    1  0.000  0.538     0.00     0.00     0.00     0.00     0.00 -1    -1e-30      0.00 7.318e-01 2.611e-01 1.255e-03 3.426e-04 3.113e-03 -1.000 7.072e-03 -1.306 0.095 0.013 0.249
0.007 -0.33541 6.97001 4.1413688660 2.6085515873    4.139  2.506  4.2259  4.404    1  0.000  0.538     0.00     0.00     0.00     0.00     0.00 -1    -1e-30      0.00 7.318e-01 2.611e-01 1.255e-03 3.426e-04 3.113e-03 -1.000 7.072e-03 -1.495 -0.023 -0.109 0.137
0.007 -0.33541 6.97001 4.3364834785 2.6100263501    4.333  2.578  4.2371  4.397    1  0.000  0.538     0.00     0.00     0.00     0.00     0.00 -1    -1e-30      0.00 7.318e-01 2.611e-01 1.255e-03 3.426e-04 3.113e-03 -1.000 7.072e-03 -1.675 -0.137 -0.226 0.030
0.007 -0.33541 6.97001 4.4828510284 2.6110362830    4.479  2.630  4.2450  4.392    1  0.000  0.538     0.00     0.00     0.00     0.00     0.00 -1    -1e-30      0.00 7.318e-01 2.611e-01 1.255e-03 3.426e-04 3.113e-03 -1.000 7.072e-03 -1.804 -0.219 -0.311 -0.048
0.007 -0.33541 6.97001 4.5315971375 2.6113560213    4.528  2.647  4.2476  4.390    1  0.000  0.538     0.00     0.00     0.00     0.00     0.00 -1    -1e-30      0.00 7.318e-01 2.611e-01 1.255e-03 3.426e-04 3.113e-03 -1.000 7.072e-03 -1.847 -0.246 -0.338 -0.074
0.007 -0.33541 6.97001 4.6157350540 2.6118896753    4.612  2.675  4.2520  4.387    1  0.000  0.538     0.00     0.00     0.00     0.00     0.00 -1    -1e-30      0.00 7.318e-01 2.611e-01 1.255e-03 3.426e-04 3.113e-03 -1.000 7.072e-03 -1.918 -0.292 -0.385 -0.117
0.007 -0.33541 6.97001 4.7267112732 2.6125602494    4.724  2.713  4.2578  4.383    1  0.000  0.538     0.00     0.00     0.00     0.00     0.00 -1    -1e-30      0.00 7.318e-01 2.611e-01 1.255e-03 3.426e-04 3.113e-03 -1.000 7.072e-03 -2.011 -0.351 -0.446 -0.173
0.007 -0.33541 6.97001 4.9218254089 2.6136553421    4.919  2.775  4.2675  4.377    1  0.000  0.538     0.00     0.00     0.00     0.00     0.00 -1    -1e-30      0.00 7.318e-01 2.611e-01 1.255e-03 3.426e-04 3.113e-03 -1.000 7.072e-03 -2.169 -0.451 -0.549 -0.267
0.007 -0.33541 6.97001 5.1169390678 2.6146549493    5.115  2.835  4.2765  4.369    1  0.000  0.538     0.00     0.00     0.00     0.00     0.00 -1    -1e-30      0.00 7.318e-01 2.611e-01 1.255e-03 3.426e-04 3.113e-03 -1.000 7.072e-03 -2.319 -0.549 -0.649 -0.360
0.007 -0.33541 6.97001 5.3120532036 2.6155705844    5.311  2.893  4.2852  4.363    1  0.000  0.538     0.00     0.00     0.00     0.00     0.00 -1    -1e-30      0.00 7.318e-01 2.611e-01 1.255e-03 3.426e-04 3.113e-03 -1.000 7.072e-03 -2.463 -0.643 -0.745 -0.449
0.007 -0.33541 6.97001 5.5071678162 2.6164120114    5.507  2.949  4.2936  4.356    1  0.000  0.538     0.00     0.00     0.00     0.00     0.00 -1    -1e-30      0.00 7.318e-01 2.611e-01 1.255e-03 3.426e-04 3.113e-03 -1.000 7.072e-03 -2.603 -0.734 -0.839 -0.535
0.007 -0.33541 6.97001 5.7056989670 2.6172006015    5.706  3.004  4.3018  4.349    1  0.000  0.538     0.00     0.00     0.00     0.00     0.00 -1    -1e-30      0.00 7.318e-01 2.611e-01 1.255e-03 3.426e-04 3.113e-03 -1.000 7.072e-03 -2.740 -0.823 -0.931 -0.621
0.007 -0.33541 6.97001 5.9042310715 2.6179285189    5.904  3.057  4.3096  4.343    1  0.000  0.538     0.00     0.00     0.00     0.00     0.00 -1    -1e-30      0.00 7.318e-01 2.611e-01 1.255e-03 3.426e-04 3.113e-03 -1.000 7.072e-03 -2.872 -0.911 -1.020 -0.704
0.007 -0.33541 6.97001 6.1027631760 2.6186022411    6.102  3.108  4.3171  4.336    1  0.000  0.538     0.00     0.00     0.00     0.00     0.00 -1    -1e-30      0.00 7.318e-01 2.611e-01 1.255e-03 3.426e-04 3.113e-03 -1.000 7.072e-03 -3.000 -0.996 -1.107 -0.784
0.007 -0.33541 6.97001 6.2176723480 2.6189696598    6.216  3.137  4.3214  4.332    1  0.000  0.538     0.00     0.00     0.00     0.00     0.00 -1    -1e-30      0.00 7.318e-01 2.611e-01 1.255e-03 3.426e-04 3.113e-03 -1.000 7.072e-03 -3.072 -1.044 -1.156 -0.830
0.007 -0.33541 6.97001 6.3012948036 2.6192273742    6.300  3.158  4.3244  4.329    1  0.000  0.538     0.00     0.00     0.00     0.00     0.00 -1    -1e-30      0.00 7.318e-01 2.611e-01 1.255e-03 3.426e-04 3.113e-03 -1.000 7.072e-03 -3.124 -1.078 -1.192 -0.863
0.007 -0.33541 6.97001 6.4998273849 2.6198087972    6.495  3.205  4.3312  4.323    1  0.000  0.538     0.00     0.00     0.00     0.00     0.00 -1    -1e-30      0.00 7.318e-01 2.611e-01 1.255e-03 3.426e-04 3.113e-03 -1.000 7.072e-03 -3.241 -1.157 -1.272 -0.938
0.007 -0.33541 6.97001 6.7913484573 2.6205921136    6.784  3.272  4.3409  4.313    1  0.000  0.538     0.00     0.00     0.00     0.00     0.00 -1    -1e-30      0.00 7.318e-01 2.611e-01 1.255e-03 3.426e-04 3.113e-03 -1.000 7.072e-03 -3.409 -1.270 -1.389 -1.046
0.007 -0.33541 6.97001 7.0954227448 2.6213307981    7.086  3.339  4.3505  4.303    1  0.000  0.538     0.00     0.00     0.00     0.00     0.00 -1    -1e-30      0.00 7.318e-01 2.611e-01 1.255e-03 3.426e-04 3.113e-03 -1.000 7.072e-03 -3.578 -1.386 -1.506 -1.156
0.007 -0.33541 6.97001 7.6513056755 2.6225083044    7.644  3.455  4.3668  4.285    1  0.000  0.538     0.00     0.00     0.00     0.00     0.00 -1    -1e-30      0.00 7.318e-01 2.611e-01 1.255e-03 3.426e-04 3.113e-03 -1.000 7.072e-03 -3.869 -1.586 -1.711 -1.348
0.007 -0.33541 6.97001 8.0880823135 2.6233041143    8.084  3.542  4.3788  4.271    1  0.000  0.538     0.00     0.00     0.00     0.00     0.00 -1    -1e-30      0.00 7.318e-01 2.611e-01 1.255e-03 3.426e-04 3.113e-03 -1.000 7.072e-03 -4.085 -1.738 -1.866 -1.494
0.007 -0.33541 6.97001 8.1914005280 2.6234781444    8.186  3.561  4.3814  4.267    1  0.000  0.538     0.00     0.00     0.00     0.00     0.00 -1    -1e-30      0.00 7.318e-01 2.611e-01 1.255e-03 3.426e-04 3.113e-03 -1.000 7.072e-03 -4.134 -1.772 -1.901 -1.527
0.007 -0.33541 6.97001 8.9039659500 2.6245530207    8.895  3.691  4.3986  4.243    1  0.000  0.538     0.00     0.00     0.00     0.00     0.00 -1    -1e-30      0.00 7.318e-01 2.611e-01 1.255e-03 3.426e-04 3.113e-03 -1.000 7.072e-03 -4.457 -2.004 -2.138 -1.750
0.007 -0.33541 6.97001 9.0807418823 2.6247898292    9.072  3.722  4.4026  4.236    1  0.000  0.538     0.00     0.00     0.00     0.00     0.00 -1    -1e-30      0.00 7.318e-01 2.611e-01 1.255e-03 3.426e-04 3.113e-03 -1.000 7.072e-03 -4.535 -2.067 -2.204 -1.813
0.007 -0.33541 6.97001 9.5668458939 2.6253894398    9.560  3.803  4.4129  4.219    1  0.000  0.538     0.00     0.00     0.00     0.00     0.00 -1    -1e-30      0.00 7.318e-01 2.611e-01 1.255e-03 3.426e-04 3.113e-03 -1.000 7.072e-03 -4.738 -2.206 -2.347 -1.944
0.007 -0.33541 6.97001 10.0734024048 2.6259440070   10.068  3.885  4.4227  4.198    1  0.000  0.538     0.00     0.00     0.00     0.00     0.00 -1    -1e-30      0.00 7.318e-01 2.611e-01 1.255e-03 3.426e-04 3.113e-03 -1.000 7.072e-03 -4.943 -2.352 -2.496 -2.082
0.007 -0.33541 6.97001 10.5847244263 2.6264423413   10.582  3.964  4.4317  4.178    1  0.000  0.538     0.00     0.00     0.00     0.00     0.00 -1    -1e-30      0.00 7.318e-01 2.611e-01 1.255e-03 3.426e-04 3.113e-03 -1.000 7.072e-03 -5.139 -2.514 -2.659 -2.244
0.007 -0.33541 6.97001 11.0638904572 2.6268615832   11.063  4.035  4.4395  4.157    1  0.000  0.538     0.00     0.00     0.00     0.00     0.00 -1    -1e-30      0.00 7.318e-01 2.611e-01 1.255e-03 3.426e-04 3.113e-03 -1.000 7.072e-03 -5.317 -2.667 -2.811 -2.399
0.007 -0.33541 6.97001 11.0660619736 2.6268633884   11.065  4.035  4.4396  4.157    1  0.000  0.538     0.00     0.00     0.00     0.00     0.00 -1    -1e-30      0.00 7.318e-01 2.611e-01 1.255e-03 3.426e-04 3.113e-03 -1.000 7.072e-03 -5.317 -2.668 -2.812 -2.400
0.007 -0.33541 6.97001 11.4795093536 2.6271928182   11.477  4.093  4.4457  4.139    1  0.000  0.538     0.00     0.00     0.00     0.00     0.00 -1 -1.86e-30      0.00 7.318e-01 2.611e-01 1.255e-03 3.426e-04 3.113e-03 -1.000 7.072e-03 -5.463 -2.792 -2.935 -2.526
0.007 -0.33541 6.97001 11.9835882187 2.6275593103   11.980  4.163  4.4525  4.116    1  0.000  0.538     0.00     0.00     0.00     0.00     0.00 -1 -3.87e-30      0.00 7.318e-01 2.611e-01 1.256e-03 3.426e-04 3.113e-03 -1.000 7.072e-03 -5.637 -2.932 -3.077 -2.666
0.007 -0.33541 6.97001 12.0587215424 2.6276109271   12.055  4.173  4.4535  4.112    1  0.000  0.538     0.00     0.00     0.00     0.00     0.00 -1  -4.3e-30      0.00 7.318e-01 2.611e-01 1.256e-03 3.426e-04 3.113e-03 -1.000 7.072e-03 -5.662 -2.952 -3.096 -2.685
0.007 -0.33541 6.97001 12.4607048035 2.6278749738   12.451  4.226  4.4580  4.092    1  0.000  0.539     0.00     0.00     0.00     0.00     0.00 -1 -1.38e-25      0.00 7.318e-01 2.612e-01 1.259e-03 3.427e-04 3.112e-03 -1.000 7.072e-03 -5.794 -3.054 -3.200 -2.783
0.007 -0.33541 6.97001 13.0632677078 2.6282359898   13.044  4.303  4.4639  4.058    1  0.000  0.542     0.00     0.00     0.00     0.00     0.00 -1 -4.36e-19      0.00 7.317e-01 2.612e-01 1.264e-03 3.429e-04 3.112e-03 -1.000 7.072e-03 -5.987 -3.207 -3.355 -2.932
0.007 -0.33541 6.97001 13.6204624176 2.6285373447   13.591  4.372  4.4685  4.025    1  0.000  0.544     0.00     0.00     0.00     0.00     0.00 -1 -2.53e-13      0.00 7.317e-01 2.612e-01 1.269e-03 3.430e-04 3.112e-03 -1.000 7.072e-03 -6.161 -3.350 -3.499 -3.072
0.007 -0.33541 6.97001 14.0440425873 2.6287481301   14.007  4.424  4.4714  3.997    1  0.000  0.545     0.00     0.00     0.00     0.00     0.00 -1 -4.35e-09      0.00 7.317e-01 2.612e-01 1.272e-03 3.431e-04 3.112e-03 -1.000 7.072e-03 -6.291 -3.461 -3.611 -3.183
0.007 -0.33541 6.97001 14.3846187592 2.6289072968   14.344  4.464  4.4731  3.975    1  0.000  0.545     0.00     0.00     0.00     0.00     0.00 -1 -5.21e-09      0.00 7.317e-01 2.612e-01 1.272e-03 3.431e-04 3.112e-03 -1.000 7.072e-03 -6.390 -3.552 -3.703 -3.273
0.007 -0.33541 6.97001 14.8746156693 2.6291216556   14.827  4.520  4.4747  3.939    1  0.000  0.545     0.00     0.00     0.00     0.00     0.00 -1 -6.69e-09      0.00 7.317e-01 2.612e-01 1.272e-03 3.431e-04 3.112e-03 -1.000 7.072e-03 -6.531 -3.691 -3.842 -3.411
0.007 -0.33541 6.97001 15.3510112762 2.6293150482   15.296  4.574  4.4753  3.902    1  0.000  0.545     0.00     0.00     0.00     0.00     0.00 -1 -8.48e-09      0.00 7.317e-01 2.612e-01 1.272e-03 3.431e-04 3.112e-03 -1.000 7.072e-03 -6.666 -3.831 -3.982 -3.551
0.007 -0.33541 6.97001 15.7979497910 2.6294843414   15.735  4.625  4.4750  3.862    1  0.000  0.545     0.00     0.00     0.00     0.00     0.00 -1 -1.06e-08      0.00 7.317e-01 2.612e-01 1.272e-03 3.431e-04 3.112e-03 -1.000 7.072e-03 -6.791 -3.967 -4.118 -3.687
0.007 -0.33541 6.97001 16.0293617249 2.6295677429   15.961  4.651  4.4742  3.839    1  0.000  0.545     0.00     0.00     0.00     0.00     0.00 -1 -1.18e-08      0.00 7.317e-01 2.612e-01 1.272e-03 3.431e-04 3.112e-03 -1.000 7.072e-03 -6.856 -4.042 -4.193 -3.763
0.007 -0.33541 6.97001 16.4199523926 2.6297023994   16.337  4.692  4.4723  3.800    1  0.000  0.545     0.00     0.00     0.00     0.00     0.00 -1 -1.39e-08      0.00 7.317e-01 2.612e-01 1.272e-03 3.431e-04 3.112e-03 -1.000 7.072e-03 -6.961 -4.166 -4.316 -3.888
0.007 -0.33541 6.97001 16.9367561340 2.6298696374   16.831  4.747  4.4681  3.742    1  0.000  0.545     0.00     0.00     0.00     0.00     0.00 -1 -1.68e-08      0.00 7.317e-01 2.612e-01 1.272e-03 3.431e-04 3.112e-03 -1.000 7.072e-03 -7.097 -4.335 -4.485 -4.059
0.007 -0.33541 6.97001 17.4162712097 2.6300146443   17.288  4.797  4.4623  3.681    1  0.000  0.545     0.00     0.00     0.00     0.00     0.00 -1    -2e-08      0.00 7.317e-01 2.612e-01 1.272e-03 3.431e-04 3.112e-03 -1.000 7.072e-03 -7.222 -4.498 -4.646 -4.225
0.007 -0.33541 6.97001 17.8089141846 2.6301267176   17.661  4.838  4.4551  3.619    1  0.000  0.545     0.00     0.00     0.00     0.00     0.00 -1 -2.23e-08      0.00 7.317e-01 2.612e-01 1.272e-03 3.431e-04 3.112e-03 -1.000 7.072e-03 -7.326 -4.639 -4.786 -4.370
0.007 -0.33541 6.97001 18.0146789551 2.6301832112   17.859  4.860  4.4507  3.585    1  0.000  0.545     0.00     0.00     0.00     0.00     0.00 -1 -2.36e-08      0.00 7.317e-01 2.612e-01 1.272e-03 3.431e-04 3.112e-03 -1.000 7.072e-03 -7.380 -4.713 -4.859 -4.447
0.007 -0.33541 6.97001 18.0639305115 2.6301965141   17.905  4.865  4.4497  3.577    1  0.000  0.545     0.00     0.00     0.00     0.00     0.00 -1 -2.38e-08      0.00 7.317e-01 2.612e-01 1.272e-03 3.431e-04 3.112e-03 -1.000 7.072e-03 -7.392 -4.731 -4.876 -4.464
0.007 -0.33541 6.97001 18.4356899261 2.6302942951   18.257  4.902  4.4407  3.513    1  0.000  0.545     0.00     0.00     0.00     0.00     0.00 -1 -2.57e-08      0.00 7.317e-01 2.612e-01 1.272e-03 3.431e-04 3.112e-03 -1.000 7.072e-03 -7.484 -4.886 -5.031 -4.620
0.007 -0.33541 6.97001 18.7659168243 2.6303774260   18.569  4.935  4.4305  3.446    1  0.000  0.545     0.00     0.00     0.00     0.00     0.00 -1 -2.66e-08      0.00 7.317e-01 2.612e-01 1.272e-03 3.431e-04 3.112e-03 -1.000 7.072e-03 -7.567 -5.057 -5.200 -4.795
0.007 -0.33541 6.97001 18.9831142426 2.6304302934   18.774  4.957  4.4223  3.396    1  0.000  0.545     0.00     0.00     0.00     0.00     0.00 -1 -2.67e-08      0.00 7.317e-01 2.612e-01 1.272e-03 3.431e-04 3.112e-03 -1.000 7.072e-03 -7.623 -5.176 -5.317 -4.919
0.007 -0.33541 6.97001 19.1957416534 2.6304807180   18.975  4.979  4.4142  3.346    1  0.000  0.545     0.00     0.00     0.00     0.00     0.00 -1 -2.68e-08      0.00 7.317e-01 2.612e-01 1.272e-03 3.431e-04 3.112e-03 -1.000 7.072e-03 -7.678 -5.285 -5.422 -5.038
0.007 -0.33541 6.97001 19.5074405670 2.6305523575   19.269  5.012  4.4047  3.281    1  0.000  0.545     0.00     0.00     0.00     0.00     0.00 -1  -2.8e-08      0.00 7.317e-01 2.612e-01 1.272e-03 3.431e-04 3.112e-03 -1.000 7.072e-03 -7.761 -5.430 -5.562 -5.193
0.007 -0.33541 6.97001 19.5420799255 2.6305601567   19.301  5.016  4.4043  3.277    1  0.000  0.545     0.00     0.00     0.00     0.00     0.00 -1 -2.82e-08      0.00 7.317e-01 2.612e-01 1.272e-03 3.431e-04 3.112e-03 -1.000 7.072e-03 -7.770 -5.442 -5.575 -5.206
0.007 -0.33541 6.97001 19.6812019348 2.6305911631   19.432  5.036  4.4157  3.306    1  0.000  0.545     0.00     0.00     0.00     0.00     0.00 -1 -3.51e-08      0.00 7.317e-01 2.612e-01 1.272e-03 3.431e-04 3.112e-03 -1.000 7.072e-03 -7.820 -5.430 -5.567 -5.183
0.007 -0.33541 6.97001 19.7072525024 2.6305969131   19.456  5.044  4.4261  3.340    1  0.000  0.545     0.00     0.00     0.00     0.00     0.00 -1 -4.11e-08      0.00 7.317e-01 2.612e-01 1.272e-03 3.431e-04 3.112e-03 -1.000 7.072e-03 -7.840 -5.391 -5.531 -5.134
0.007 -0.33541 6.97001 19.7176342010 2.6305991997   19.466  5.053  4.4362  3.371    1  0.000  0.545     0.00     0.00     0.00     0.00     0.00 -1  -4.8e-08      0.00 7.317e-01 2.612e-01 1.272e-03 3.431e-04 3.112e-03 -1.000 7.072e-03 -7.862 -5.345 -5.486 -5.086
0.007 -0.33541 6.97001 19.7231197357 2.6306004068   19.471  5.068  4.4486  3.406    1  0.000  0.545     0.00     0.00     0.00     0.00     0.00 -1 -5.85e-08      0.00 7.317e-01 2.612e-01 1.272e-03 3.431e-04 3.112e-03 -1.000 7.072e-03 -7.900 -5.293 -5.437 -5.032
0.007 -0.33541 6.97001 19.7259559631 2.6306010306   19.473  5.078  4.4572  3.430    1  0.000  0.545     0.00     0.00     0.00     0.00     0.00 -1 -6.72e-08      0.00 7.317e-01 2.612e-01 1.272e-03 3.431e-04 3.112e-03 -1.000 7.072e-03 -7.926 -5.273 -5.418 -5.007
0.007 -0.33541 6.97001 19.7268486023 2.6306012269   19.474  5.081  4.4595  3.437    1  0.000  0.545     0.00     0.00     0.00     0.00     0.00 -1 -6.97e-08      0.00 7.317e-01 2.612e-01 1.272e-03 3.431e-04 3.112e-03 -1.000 7.072e-03 -7.932 -5.268 -5.414 -5.000
0.007 -0.33541 6.97001 19.7293834686 2.6306017842   19.476  5.075  4.4538  3.420    1  0.000  0.545     0.00     0.00     0.00     0.00     0.00 -1 -6.43e-08      0.00 7.317e-01 2.612e-01 1.272e-03 3.431e-04 3.112e-03 -1.000 7.072e-03 -7.917 -5.281 -5.425 -5.017
0.007 -0.33541 6.97001 19.7309341431 2.6306021251   19.478  5.072  4.4472  3.396    2  0.000  0.545     0.00     0.00     0.00     0.00     0.00 -1 -6.03e-08      0.00 7.317e-01 2.612e-01 1.272e-03 3.431e-04 3.112e-03 -1.000 7.072e-03 -7.911 -5.317 -5.460 -5.057
0.007 -0.33541 6.97001 19.7322330475 2.6306024105   19.479  5.072  4.4405  3.370    2  0.000  0.545     0.00     0.00     0.00     0.00     0.00 -1 -5.63e-08      0.00 7.317e-01 2.612e-01 1.272e-03 3.431e-04 3.112e-03 -1.000 7.072e-03 -7.909 -5.366 -5.508 -5.107
0.007 -0.33541 6.97001 19.7332763672 2.6306026398   19.480  5.072  4.4323  3.337    2  0.000  0.545     0.00     0.00     0.00     0.00     0.00 -1 -5.19e-08      0.00 7.317e-01 2.612e-01 1.272e-03 3.431e-04 3.112e-03 -1.000 7.072e-03 -7.910 -5.428 -5.568 -5.170
0.007 -0.33541 6.97001 19.7341880798 2.6306028401   19.481  5.073  4.4244  3.304    2  0.000  0.545     0.00     0.00     0.00     0.00     0.00 -1  -4.8e-08      0.00 7.317e-01 2.612e-01 1.272e-03 3.431e-04 3.112e-03 -1.000 7.072e-03 -7.912 -5.483 -5.622 -5.228
0.007 -0.33541 6.97001 19.7350997925 2.6306030404   19.482  5.074  4.4155  3.267    2  0.000  0.545     0.00     0.00     0.00     0.00     0.00 -1 -4.37e-08      0.00 7.317e-01 2.612e-01 1.272e-03 3.431e-04 3.112e-03 -1.000 7.072e-03 -7.916 -5.538 -5.674 -5.293
0.007 -0.33541 6.97001 19.7358741760 2.6306032105   19.482  5.075  4.4075  3.234    2  0.000  0.545     0.00     0.00     0.00     0.00     0.00 -1    -4e-08      0.00 7.317e-01 2.612e-01 1.272e-03 3.431e-04 3.112e-03 -1.000 7.072e-03 -7.919 -5.587 -5.720 -5.349
0.007 -0.33541 6.97001 19.7366619110 2.6306033835   19.483  5.077  4.3986  3.197    2  0.000  0.545     0.00     0.00     0.00     0.00     0.00 -1 -3.58e-08      0.00 7.317e-01 2.612e-01 1.272e-03 3.431e-04 3.112e-03 -1.000 7.072e-03 -7.922 -5.590 -5.723 -5.349
0.007 -0.33541 6.97001 19.7372875214 2.6306035209   19.484  5.078  4.3912  3.167    2  0.000  0.545     0.00     0.00     0.00     0.00     0.00 -1  -3.3e-08      0.00 7.317e-01 2.612e-01 1.272e-03 3.431e-04 3.112e-03 -1.000 7.072e-03 -7.925 -5.637 -5.769 -5.399
0.007 -0.33541 6.97001 19.7380943298 2.6306036981   19.485  5.080  4.3811  3.125    2  0.000  0.545     0.00     0.00     0.00     0.00     0.00 -1 -1.08e-07      0.00 7.317e-01 2.612e-01 1.272e-03 3.431e-04 3.112e-03 -1.000 7.072e-03 -7.929 -5.726 -5.858 -5.488
0.007 -0.33541 6.97001 19.7388992310 2.6306038748   19.485  5.081  4.3705  3.081    2  0.000  0.545     0.00     0.00     0.00     0.00     0.00 -1 -1.02e-07      0.00 7.317e-01 2.612e-01 1.272e-03 3.431e-04 3.112e-03 -1.000 7.072e-03 -7.933 -5.793 -5.923 -5.562
0.007 -0.33541 6.97001 19.7397289276 2.6306040570   19.486  5.083  4.3589  3.033    2  0.000  0.545     0.00     0.00     0.00     0.00     0.00 -1 -9.56e-08      0.00 7.317e-01 2.612e-01 1.272e-03 3.431e-04 3.112e-03 -1.000 7.072e-03 -7.936 -5.778 -5.904 -5.550
0.007 -0.33541 6.97001 19.7402439117 2.6306041701   19.486  5.083  4.3512  3.001    2  0.000  0.545     0.00     0.00     0.00     0.00     0.00 -1 -9.15e-08      0.00 7.317e-01 2.612e-01 1.272e-03 3.431e-04 3.112e-03 -1.000 7.072e-03 -7.938 -5.825 -5.948 -5.601
0.007 -0.33541 6.97001 19.7407741547 2.6306042865   19.487  5.084  4.3431  2.968    2  0.000  0.545     0.00     0.00     0.00     0.00     0.00 -1 -8.67e-08      0.00 7.317e-01 2.612e-01 1.272e-03 3.431e-04 3.112e-03 -1.000 7.072e-03 -7.940 -5.871 -5.993 -5.650
0.007 -0.33541 6.97001 19.7413368225 2.6306044100   19.487  5.085  4.3340  2.931    2  0.000  0.545     0.00     0.00     0.00     0.00     0.00 -1 -8.21e-08      0.00 7.317e-01 2.612e-01 1.272e-03 3.431e-04 3.112e-03 -1.000 7.072e-03 -7.942 -5.922 -6.041 -5.705
0.007 -0.33541 6.97001 19.7417335510 2.6306044971   19.488  5.085  4.3273  2.904    2  0.000  0.545     0.00     0.00     0.00     0.00     0.00 -1 -7.88e-08      0.00 7.317e-01 2.612e-01 1.272e-03 3.431e-04 3.112e-03 -1.000 7.072e-03 -7.943 -5.959 -6.077 -5.745
0.007 -0.33541 6.97001 19.7421741486 2.6306045938   19.488  5.086  4.3197  2.873    2  0.000  0.545     0.00     0.00     0.00     0.00     0.00 -1 -1.23e-07      0.00 7.317e-01 2.612e-01 1.272e-03 3.431e-04 3.112e-03 -1.000 7.072e-03 -7.944 -6.083 -6.201 -5.874
0.007 -0.33541 6.97001 19.7426815033 2.6306047051   19.489  5.086  4.3106  2.836    2  0.000  0.545     0.00     0.00     0.00     0.00     0.00 -1 -2.25e-07      0.00 7.317e-01 2.612e-01 1.272e-03 3.431e-04 3.112e-03 -1.000 7.072e-03 -7.945 -6.136 -6.251 -5.934
0.007 -0.33541 6.97001 19.7433052063 2.6306048420   19.489  5.087  4.2989  2.788    2  0.000  0.545     0.00     0.00     0.00     0.00     0.00 -1 -3.23e-07      0.00 7.317e-01 2.612e-01 1.272e-03 3.431e-04 3.112e-03 -1.000 7.072e-03 -7.947 -6.103 -6.214 -5.903
0.007 -0.33541 6.97001 19.7436828613 2.6306049249   19.489  5.087  4.2915  2.758    2  0.000  0.545     0.00     0.00     0.00     0.00     0.00 -1 -3.25e-07      0.00 7.317e-01 2.612e-01 1.272e-03 3.431e-04 3.112e-03 -1.000 7.072e-03 -7.948 -6.148 -6.256 -5.954
0.007 -0.33541 6.97001 19.7440967560 2.6306050157   19.489  5.088  4.2831  2.725    2  0.000  0.545     0.00     0.00     0.00     0.00     0.00 -1  -3.3e-07      0.00 7.317e-01 2.612e-01 1.272e-03 3.431e-04 3.112e-03 -1.000 7.072e-03 -7.949 -6.199 -6.305 -6.013
0.007 -0.33541 6.97001 19.7445640564 2.6306051183   19.490  5.088  4.2734  2.685    2  0.000  0.545     0.00     0.00     0.00     0.00     0.00 -1 -3.41e-07      0.00 7.317e-01 2.612e-01 1.272e-03 3.431e-04 3.112e-03 -1.000 7.072e-03 -7.951 -6.257 -6.359 -6.078
0.007 -0.33541 6.97001 19.7450866699 2.6306052329   19.490  5.089  4.2622  2.640    2  0.000  0.545     0.00     0.00     0.00     0.00     0.00 -1 -3.81e-07      0.00 7.317e-01 2.612e-01 1.272e-03 3.431e-04 3.112e-03 -1.000 7.072e-03 -7.953 -6.321 -6.420 -6.148
0.007 -0.33541 6.97001 19.7456684113 2.6306053606   19.491  5.090  4.2494  2.587    2  0.000  0.545     0.00     0.00     0.00     0.00     0.00 -1 -4.13e-07      0.00 7.317e-01 2.612e-01 1.272e-03 3.431e-04 3.112e-03 -1.000 7.072e-03 -7.955 -6.394 -6.489 -6.229
0.007 -0.33541 6.97001 19.7463207245 2.6306055037   19.491  5.091  4.2346  2.527    2  0.000  0.545     0.00     0.00     0.00     0.00     0.00 -1 -4.12e-07      0.00 7.317e-01 2.612e-01 1.272e-03 3.431e-04 3.112e-03 -1.000 7.072e-03 -7.958 -6.479 -6.570 -6.323
0.007 -0.33541 6.97001 19.7470474243 2.6306056631   19.492  5.092  4.2176  2.458    2  0.000  0.545     0.00     0.00     0.00     0.00     0.00 -1 -3.97e-07      0.00 7.317e-01 2.612e-01 1.272e-03 3.431e-04 3.112e-03 -1.000 7.072e-03 -7.961 -6.576 -6.662 -6.429
0.007 -0.33541 6.97001 19.7478618622 2.6306058418   19.492  5.094  4.1981  2.378    2  0.000  0.545     0.00     0.00     0.00     0.00     0.00 -1 -3.82e-07      0.00 7.317e-01 2.612e-01 1.272e-03 3.431e-04 3.112e-03 -1.000 7.072e-03 -7.965 -6.688 -6.767 -6.552
0.007 -0.33541 6.97001 19.7487716675 2.6306060413   19.493  5.096  4.1759  2.288    2  0.000  0.545     0.00     0.00     0.00     0.00     0.00 -1  -3.7e-07      0.00 7.317e-01 2.612e-01 1.272e-03 3.431e-04 3.112e-03 -1.000 7.072e-03 -7.969 -6.815 -6.887 -6.693
0.007 -0.33541 6.97001 19.7497920990 2.6306062651   19.494  5.097  4.1505  2.185    2  0.000  0.545     0.00     0.00     0.00     0.00     0.00 -1 -3.49e-07      0.00 7.317e-01 2.612e-01 1.272e-03 3.431e-04 3.112e-03 -1.000 7.072e-03 -7.973 -6.954 -7.016 -6.856
0.007 -0.33541 6.97001 19.7509307861 2.6306065148   19.494  5.099  4.1220  2.069    2  0.000  0.545     0.00     0.00     0.00     0.00     0.00 -1  -9.6e-07      0.00 7.317e-01 2.612e-01 1.272e-03 3.431e-04 3.112e-03 -1.000 7.072e-03 -7.977 -7.121 -7.176 -7.035
0.007 -0.33541 6.97001 19.7522029877 2.6306067938   19.494  5.100  4.0905  1.942    2  0.000  0.545     0.00     0.00     0.00     0.00     0.00 -1    -9e-07      0.00 7.317e-01 2.612e-01 1.272e-03 3.431e-04 3.112e-03 -1.000 7.072e-03 -7.980 -7.301 -7.346 -7.229
0.007 -0.33541 6.97001 19.7536296844 2.6306071065   19.493  5.101  4.0559  1.802    2  0.000  0.545     0.00     0.00     0.00     0.00     0.00 -1 -8.27e-07      0.00 7.317e-01 2.612e-01 1.272e-03 3.431e-04 3.112e-03 -1.000 7.072e-03 -7.983 -7.474 -7.502 -7.439
0.007 -0.33541 6.97001 19.7552223206 2.6306074556   19.494  5.102  4.0172  1.646    2  0.000  0.545     0.00     0.00     0.00     0.00     0.00 -1 -7.69e-07      0.00 7.317e-01 2.612e-01 1.272e-03 3.431e-04 3.112e-03 -1.000 7.072e-03 -7.986 -7.671 -7.686 -7.658
0.007 -0.33541 6.97001 19.7570037842 2.6306078460   19.494  5.104  3.9730  1.468    2  0.000  0.545     0.00     0.00     0.00     0.00     0.00 -1 -6.97e-07      0.00 7.317e-01 2.612e-01 1.272e-03 3.431e-04 3.112e-03 -1.000 7.072e-03 -7.990 -7.877 -7.877 -7.890
0.007 -0.33541 6.97001 19.7589950562 2.6306082822   19.494  5.106  3.9219  1.261    2  0.000  0.545     0.00     0.00     0.00     0.00     0.00 -1 -1.36e-06      0.00 7.317e-01 2.612e-01 1.272e-03 3.431e-04 3.112e-03 -1.000 7.072e-03 -7.995 -8.060 -8.027 -8.135
0.007 -0.33541 6.97001 19.7601108551 2.6306085267   19.494  5.107  3.8924  1.143    2  0.000  0.545     0.00     0.00     0.00     0.00     0.00 -1 -2.01e-06      0.00 7.317e-01 2.612e-01 1.272e-03 3.431e-04 3.112e-03 -1.000 7.072e-03 -7.997 -8.139 -8.088 -8.248
0.007 -0.33541 6.97001 19.7613620758 2.6306088007   19.494  5.108  3.8594  1.010    2  0.000  0.545     0.00     0.00     0.00     0.00     0.00 -1 -1.89e-06      0.00 7.317e-01 2.612e-01 1.272e-03 3.431e-04 3.112e-03 -1.000 7.072e-03 -7.999 -8.181 -8.093 -8.357
0.007 -0.33541 6.97001 19.7620582581 2.6306089532   19.493  5.108  3.8412  0.937    2  0.000  0.545     0.00     0.00     0.00     0.00     0.00 -1 -1.81e-06      0.00 7.317e-01 2.612e-01 1.272e-03 3.431e-04 3.112e-03 -1.000 7.072e-03 -8.000 -8.188 -8.068 -8.414
0.007 -0.33541 6.97001 19.7628860474 2.6306091344   19.493  5.108  3.8193  0.849    2  0.000  0.545     0.00     0.00     0.00     0.00     0.00 -1 -1.84e-06      0.00 7.317e-01 2.612e-01 1.272e-03 3.431e-04 3.112e-03 -1.000 7.072e-03 -8.000 -8.188 -8.024 -8.481
0.007 -0.33541 6.97001 19.7636413574 2.6306092998   19.493  5.108  3.7992  0.769    2  0.000  0.545     0.00     0.00     0.00     0.00     0.00 -1 -1.91e-06      0.00 7.317e-01 2.612e-01 1.272e-03 3.431e-04 3.112e-03 -1.000 7.072e-03 -8.000 -8.182 -7.971 -8.539
0.007 -0.33541 6.97001 19.7646694183 2.6306095249   19.493  5.107  3.7713  0.658    2  0.000  0.545     0.00     0.00     0.00     0.00     0.00 -1 -1.81e-06      0.00 7.317e-01 2.612e-01 1.272e-03 3.431e-04 3.112e-03 -1.000 7.072e-03 -7.998 -8.158 -7.873 -8.606
0.007 -0.33541 6.97001 19.7655735016 2.6306097228   19.493  5.106  3.7471  0.562    2  0.000  0.545     0.00     0.00     0.00     0.00     0.00 -1 -1.83e-06      0.00 7.317e-01 2.612e-01 1.272e-03 3.431e-04 3.112e-03 -1.000 7.072e-03 -7.995 -8.122 -7.771 -8.642
0.007 -0.33541 6.97001 19.7667045593 2.6306099704   19.493  5.103  3.7175  0.447    2  0.000  0.545     0.00     0.00     0.00     0.00     0.00 -1 -1.68e-06      0.00 7.317e-01 2.612e-01 1.272e-03 3.431e-04 3.112e-03 -1.000 7.072e-03 -7.987 -8.056 -7.624 -8.656
0.007 -0.33541 6.97001 19.7685298920 2.6306103698   19.493  5.092  3.6704  0.269    2  0.000  0.545     0.00     0.00     0.00     0.00     0.00 -1 -1.43e-06      0.00 7.317e-01 2.612e-01 1.272e-03 3.431e-04 3.112e-03 -1.000 7.072e-03 -7.960 -7.893 -7.309 -8.617
0.007 -0.33541 6.97001 19.7700977325 2.6306107129   19.494  5.075  3.6388  0.161    2  0.000  0.545     0.00     0.00     0.00     0.00     0.00 -1  -1.2e-06      0.00 7.317e-01 2.612e-01 1.272e-03 3.431e-04 3.112e-03 -1.000 7.072e-03 -7.916 -7.700 -7.004 -8.505
0.007 -0.33541 6.97001 19.7724857330 2.6306112352   19.494  5.051  3.6157  0.092    2  0.000  0.545     0.00     0.00     0.00     0.00     0.00 -1 -9.89e-07      0.00 7.317e-01 2.612e-01 1.272e-03 3.431e-04 3.112e-03 -1.000 7.072e-03 -7.858 -7.503 -6.718 -8.366
0.007 -0.33541 6.97001 19.7730560303 2.6306113600   19.494  5.048  3.6123  0.081    2  0.000  0.545     0.00     0.00     0.00     0.00     0.00 -1 -9.65e-07      0.00 7.317e-01 2.612e-01 1.271e-03 3.431e-04 3.112e-03 -1.000 7.072e-03 -7.850 -7.474 -6.675 -8.346
0.007 -0.33541 6.97001 19.7758636475 2.6306119739   19.496  5.059  3.6034  0.034    3  0.000  0.543   378.16   171.37   111.99    80.98    67.67  0 -9.49e-07      0.00 7.316e-01 2.613e-01 1.266e-03 3.462e-04 3.111e-03 -1.000 7.072e-03 -7.879 -7.441 -6.599 -8.338
0.007 -0.33541 6.97001 19.7781372070 2.6306124709   19.496  5.075  3.5989  0.001    3  0.000  0.526   398.32   182.08   118.67    85.89    71.78  0    -1e-06      0.00 7.314e-01 2.616e-01 1.223e-03 3.865e-04 3.107e-03 -1.000 7.072e-03 -7.917 -7.446 -6.581 -8.357
0.007 -0.33541 6.97001 19.7792587280 2.6306127160   19.497  5.086  3.5968 -0.019    3  0.000  0.507   410.54   188.62   122.73    88.88    74.28  0 -1.07e-06      0.00 7.297e-01 2.633e-01 1.166e-03 4.651e-04 3.086e-03 -1.000 7.073e-03 -7.945 -7.459 -6.583 -8.375
0.007 -0.33541 6.97001 19.7821350098 2.6306133445   19.498  5.097  3.5946 -0.039    3  0.000  0.489   423.72   195.70   127.13    92.11    76.99  0 -1.13e-06      0.00 7.224e-01 2.705e-01 1.087e-03 6.425e-04 2.988e-03 -1.000 7.125e-03 -7.974 -7.471 -6.583 -8.393
0.007 -0.33541 6.97001 19.7838172913 2.6306137120   19.498  5.101  3.5941 -0.045    3  0.000  0.485   427.55   197.76   128.41    93.05    77.78  0 -1.16e-06      0.00 7.185e-01 2.744e-01 1.065e-03 7.065e-04 2.946e-03 -1.000 7.104e-03 -7.984 -7.477 -6.587 -8.401
0.007 -0.33541 6.97001 19.7873039246 2.6306144735   19.499  5.107  3.5936 -0.052    3  0.000  0.480   432.53   200.46   130.08    94.28    78.81  0  -1.2e-06      0.00 7.125e-01 2.804e-01 1.029e-03 8.097e-04 2.879e-03 -1.000 7.072e-03 -7.997 -7.486 -6.593 -8.412
0.007 -0.33541 6.97001 19.8005352020 2.6306173602   19.503  5.107  3.5950 -0.046    4  0.000  0.480     0.00     0.00     0.00     0.00     0.00 -1 -1.19e-06      0.00 7.127e-01 2.802e-01 1.031e-03 8.056e-04 2.881e-03 -1.000 7.072e-03 -7.997 -7.496 -6.611 -8.418
0.007 -0.33541 6.97001 19.8490810394 2.6306279139   19.518  5.114  3.6013 -0.028    4  0.000  0.482     0.00     0.00     0.00     0.00     0.00 -1 -1.25e-06      0.00 7.135e-01 2.795e-01 1.038e-03 7.907e-04 2.889e-03 -1.000 7.072e-03 -8.015 -7.561 -6.707 -8.465
0.007 -0.33541 6.97001 19.8577442169 2.6306297910   19.519  5.131  3.6061 -0.026    4  0.000  0.483     0.00     0.00     0.00     0.00     0.00 -1 -1.37e-06      0.00 7.136e-01 2.793e-01 1.039e-03 7.880e-04 2.890e-03 -1.000 7.072e-03 -8.059 -7.639 -6.806 -8.530
0.007 -0.33541 6.97001 19.8606014252 2.6306304096   19.519  5.146  3.6119 -0.018    4  0.000  0.483     0.00     0.00     0.00     0.00     0.00 -1 -1.51e-06      0.00 7.137e-01 2.793e-01 1.039e-03 7.871e-04 2.891e-03 -1.000 7.072e-03 -8.095 -7.714 -6.906 -8.591
0.007 -0.33541 6.97001 19.8614616394 2.6306305958   19.519  5.156  3.6187 -0.001    4  0.000  0.483     0.00     0.00     0.00     0.00     0.00 -1 -1.61e-06      0.00 7.137e-01 2.793e-01 1.040e-03 7.869e-04 2.891e-03 -1.000 7.072e-03 -8.120 -7.782 -7.001 -8.642
0.007 -0.33541 6.97001 19.8618927002 2.6306306892   19.519  5.161  3.6271  0.028    4  0.000  0.483     0.00     0.00     0.00     0.00     0.00 -1 -1.67e-06      0.00 7.137e-01 2.793e-01 1.040e-03 7.867e-04 2.891e-03 -1.000 7.072e-03 -8.131 -7.845 -7.098 -8.684
0.007 -0.33541 6.97001 19.8620815277 2.6306307300   19.519  5.163  3.6333  0.051    4  0.000  0.483     0.00     0.00     0.00     0.00     0.00 -1 -1.73e-06      0.00 7.137e-01 2.792e-01 1.040e-03 7.867e-04 2.891e-03 -1.000 7.072e-03 -8.137 -7.887 -7.163 -8.710
0.007 -0.33541 6.97001 19.8623180389 2.6306307812   19.519  5.164  3.6447  0.095    4  0.000  0.483     0.00     0.00     0.00     0.00     0.00 -1 -1.77e-06      0.00 7.137e-01 2.792e-01 1.040e-03 7.866e-04 2.891e-03 -1.000 7.072e-03 -8.141 -7.954 -7.271 -8.749
0.007 -0.33541 6.97001 19.8624572754 2.6306308114   19.519  5.164  3.6543  0.133    4  0.000  0.483     0.00     0.00     0.00     0.00     0.00 -1 -1.81e-06      0.00 7.137e-01 2.792e-01 1.040e-03 7.865e-04 2.891e-03 -1.000 7.072e-03 -8.141 -8.003 -7.353 -8.775
0.007 -0.33541 6.97001 19.8626136780 2.6306308452   19.519  5.163  3.6674  0.187    4  0.000  0.483     0.00     0.00     0.00     0.00     0.00 -1 -1.85e-06      0.00 7.137e-01 2.792e-01 1.040e-03 7.865e-04 2.891e-03 -1.000 7.072e-03 -8.138 -8.059 -7.459 -8.795
0.007 -0.33541 6.97001 19.8627872467 2.6306308828   19.519  5.162  3.6817  0.245    4  0.000  0.483     0.00     0.00     0.00     0.00     0.00 -1  -1.9e-06      0.00 7.137e-01 2.792e-01 1.040e-03 7.864e-04 2.891e-03 -1.000 7.072e-03 -8.135 -8.107 -7.563 -8.801
0.007 -0.33541 6.97001 19.8629837036 2.6306309253   19.518  5.161  3.6959  0.303    4  0.000  0.483     0.00     0.00     0.00     0.00     0.00 -1 -1.96e-06      0.00 7.137e-01 2.792e-01 1.040e-03 7.864e-04 2.891e-03 -1.000 7.072e-03 -8.133 -8.148 -7.650 -8.805
0.007 -0.33541 6.97001 19.8632011414 2.6306309724   19.519  5.161  3.7096  0.358    4  0.000  0.483     0.00     0.00     0.00     0.00     0.00 -1 -2.01e-06      0.00 7.137e-01 2.792e-01 1.040e-03 7.863e-04 2.891e-03 -1.000 7.072e-03 -8.131 -8.183 -7.725 -8.806
0.007 -0.33541 6.97001 19.8634471893 2.6306310256   19.518  5.160  3.7232  0.413    4  0.000  0.483     0.00     0.00     0.00     0.00     0.00 -1 -2.08e-06      0.00 7.137e-01 2.792e-01 1.040e-03 7.862e-04 2.891e-03 -1.000 7.072e-03 -8.130 -8.213 -7.796 -8.799
0.007 -0.33541 6.97001 19.8637161255 2.6306310838   19.518  5.160  3.7364  0.467    4  0.000  0.483     0.00     0.00     0.00     0.00     0.00 -1 -2.16e-06      0.00 7.137e-01 2.792e-01 1.040e-03 7.862e-04 2.891e-03 -1.000 7.072e-03 -8.129 -8.238 -7.858 -8.788
0.007 -0.33541 6.97001 19.8640213013 2.6306311499   19.518  5.159  3.7495  0.519    4  0.000  0.483     0.00     0.00     0.00     0.00     0.00 -1 -2.21e-06      0.00 7.137e-01 2.792e-01 1.040e-03 7.861e-04 2.892e-03 -1.000 7.072e-03 -8.127 -8.259 -7.914 -8.772
0.007 -0.33541 6.97001 19.8643627167 2.6306312237   19.517  5.158  3.7626  0.573    4  0.000  0.483     0.00     0.00     0.00     0.00     0.00 -1 -2.28e-06      0.00 7.137e-01 2.792e-01 1.040e-03 7.860e-04 2.892e-03 -1.000 7.072e-03 -8.126 -8.275 -7.967 -8.750
0.007 -0.33541 6.97001 19.8647441864 2.6306313063   19.517  5.157  3.7759  0.627    4  0.000  0.483     0.00     0.00     0.00     0.00     0.00 -1 -2.34e-06      0.00 7.137e-01 2.792e-01 1.040e-03 7.858e-04 2.892e-03 -1.000 7.072e-03 -8.124 -8.290 -8.019 -8.721
0.007 -0.33541 6.97001 19.8651676178 2.6306313979   19.516  5.156  3.7891  0.680    4  0.000  0.483     0.00     0.00     0.00     0.00     0.00 -1 -2.42e-06      0.00 7.137e-01 2.792e-01 1.040e-03 7.857e-04 2.892e-03 -1.000 7.072e-03 -8.121 -8.299 -8.063 -8.688
0.007 -0.33541 6.97001 19.8656444550 2.6306315011   19.515  5.155  3.8017  0.732    4  0.000  0.483     0.00     0.00     0.00     0.00     0.00 -1 -2.48e-06      0.00 7.137e-01 2.792e-01 1.040e-03 7.856e-04 2.892e-03 -1.000 7.072e-03 -8.118 -8.302 -8.097 -8.650
0.007 -0.33541 6.97001 19.8661746979 2.6306316158   19.515  5.154  3.8135  0.780    4  0.000  0.483     0.00     0.00     0.00     0.00     0.00 -1 -2.54e-06      0.00 7.137e-01 2.792e-01 1.040e-03 7.854e-04 2.892e-03 -1.000 7.072e-03 -8.115 -8.303 -8.127 -8.613
0.007 -0.33541 6.97001 19.8667678833 2.6306317442   19.513  5.153  3.8243  0.825    4  0.000  0.483     0.00     0.00     0.00     0.00     0.00 -1  -2.6e-06      0.00 7.138e-01 2.792e-01 1.040e-03 7.852e-04 2.892e-03 -1.000 7.072e-03 -8.112 -8.302 -8.149 -8.577
0.007 -0.33541 6.97001 19.8674316406 2.6306318877   19.512  5.151  3.8341  0.865    4  0.000  0.483     0.00     0.00     0.00     0.00     0.00 -1 -2.66e-06      0.00 7.138e-01 2.792e-01 1.040e-03 7.850e-04 2.892e-03 -1.000 7.072e-03 -8.109 -8.298 -8.166 -8.544
0.007 -0.33541 6.97001 19.8681716919 2.6306320478   19.510  5.150  3.8428  0.901    4  0.000  0.483     0.00     0.00     0.00     0.00     0.00 -1 -2.69e-06      0.00 7.138e-01 2.792e-01 1.040e-03 7.848e-04 2.892e-03 -1.000 7.072e-03 -8.105 -8.293 -8.177 -8.514
0.007 -0.33541 6.97001 19.8690032959 2.6306322277   19.508  5.149  3.8504  0.933    4  0.000  0.483     0.00     0.00     0.00     0.00     0.00 -1 -2.73e-06      0.00 7.138e-01 2.791e-01 1.041e-03 7.845e-04 2.892e-03 -1.000 7.072e-03 -8.102 -8.288 -8.185 -8.488
0.007 -0.33541 6.97001 19.8699264526 2.6306324274   19.509  5.148  3.8568  0.960    4  0.000  0.483     0.00     0.00     0.00     0.00     0.00 -1 -7.55e-07      0.00 7.138e-01 2.791e-01 1.041e-03 7.842e-04 2.893e-03 -1.000 7.072e-03 -8.099 -8.282 -8.189 -8.465
0.007 -0.33541 6.97001 19.8709621429 2.6306326513   19.510  5.146  3.8621  0.982    4  0.000  0.483     0.00     0.00     0.00     0.00     0.00 -1 -7.55e-07      0.00 7.138e-01 2.791e-01 1.041e-03 7.839e-04 2.893e-03 -1.000 7.072e-03 -8.096 -8.277 -8.192 -8.445
0.007 -0.33541 6.97001 19.8734111786 2.6306331808   19.511  5.145  3.8698  1.015    4  0.000  0.484     0.00     0.00     0.00     0.00     0.00 -1 -7.64e-07      0.00 7.139e-01 2.791e-01 1.041e-03 7.832e-04 2.893e-03 -1.000 7.072e-03 -8.093 -8.266 -8.192 -8.417
0.007 -0.33541 6.97001 19.8782653809 2.6306342299   19.514  5.144  3.8758  1.039    4  0.000  0.484     0.00     0.00     0.00     0.00     0.00 -1 -7.74e-07      0.00 7.139e-01 2.790e-01 1.042e-03 7.817e-04 2.894e-03 -1.000 7.072e-03 -8.091 -8.258 -8.191 -8.396
0.007 -0.33541 6.97001 19.8846492767 2.6306356086   19.519  5.145  3.8782  1.049    4  0.000  0.484     0.00     0.00     0.00     0.00     0.00 -1 -7.75e-07      0.00 7.140e-01 2.789e-01 1.043e-03 7.797e-04 2.895e-03 -1.000 7.072e-03 -8.092 -8.256 -8.192 -8.390
0.007 -0.33541 6.97001 19.9095497131 2.6306409767   19.517  5.159  4.0975  1.911    4  0.000  0.485     0.00     0.00     0.00     0.00     0.00 -1 -4.46e-07      0.00 7.144e-01 2.785e-01 1.046e-03 7.721e-04 2.899e-03 -1.000 7.072e-03 -8.127 -7.411 -7.458 -7.335
0.007 -0.33541 6.97001 19.9128646851 2.6306416902   19.519  5.160  4.1028  1.931    4  0.000  0.485     0.00     0.00     0.00     0.00     0.00 -1 -4.51e-07      0.00 7.145e-01 2.785e-01 1.047e-03 7.711e-04 2.900e-03 -1.000 7.072e-03 -8.130 -7.385 -7.434 -7.305
0.007 -0.33541 6.97001 19.9144191742 2.6306420247   19.521  5.161  4.1047  1.938    4  0.000  0.485     0.00     0.00     0.00     0.00     0.00 -1 -4.56e-07      0.00 7.145e-01 2.784e-01 1.047e-03 7.706e-04 2.900e-03 -1.000 7.072e-03 -8.134 -7.377 -7.427 -7.297
0.007 -0.33541 6.97001 19.9153175354 2.6306422180   19.521  5.162  4.1059  1.942    5  0.000  0.485     0.00     0.00     0.00     0.00     0.00 -1 -4.59e-07      0.00 7.145e-01 2.784e-01 1.047e-03 7.703e-04 2.900e-03 -1.000 7.072e-03 -8.136 -7.373 -7.423 -7.292
0.007 -0.33541 6.97001 19.9156608582 2.6306422918   19.521  5.163  4.1065  1.944    5  0.000  0.485     0.00     0.00     0.00     0.00     0.00 -1  -4.6e-07      0.00 7.145e-01 2.784e-01 1.047e-03 7.702e-04 2.900e-03 -1.000 7.072e-03 -8.137 -7.371 -7.421 -7.289
0.007 -0.33541 6.97001 19.9158515930 2.6306423328   19.522  5.163  4.1070  1.946    5  0.000  0.485     0.00     0.00     0.00     0.00     0.00 -1 -4.62e-07      0.00 7.145e-01 2.784e-01 1.047e-03 7.701e-04 2.900e-03 -1.000 7.072e-03 -8.138 -7.368 -7.419 -7.287
0.007 -0.33541 6.97001 19.9160194397 2.6306423690   19.522  5.163  4.1076  1.948    5  0.000  0.485     0.00     0.00     0.00     0.00     0.00 -1 -4.63e-07      0.00 7.145e-01 2.784e-01 1.047e-03 7.701e-04 2.900e-03 -1.000 7.072e-03 -8.138 -7.366 -7.416 -7.284
0.007 -0.33541 6.97001 19.9161186218 2.6306423903   19.521  5.163  4.1081  1.950    5  0.000  0.485     0.00     0.00     0.00     0.00     0.00 -1 -4.63e-07      0.00 7.145e-01 2.784e-01 1.047e-03 7.701e-04 2.900e-03 -1.000 7.072e-03 -8.138 -7.363 -7.414 -7.281
0.007 -0.33541 6.97001 19.9162292480 2.6306424141   19.522  5.163  4.1088  1.952    5  0.000  0.485     0.00     0.00     0.00     0.00     0.00 -1 -4.64e-07      0.00 7.145e-01 2.784e-01 1.047e-03 7.700e-04 2.900e-03 -1.000 7.072e-03 -8.139 -7.360 -7.411 -7.277
0.007 -0.33541 6.97001 19.9163551331 2.6306424412   19.522  5.163  4.1096  1.956    5  0.000  0.485     0.00     0.00     0.00     0.00     0.00 -1 -4.65e-07      0.00 7.145e-01 2.784e-01 1.047e-03 7.700e-04 2.900e-03 -1.000 7.072e-03 -8.138 -7.355 -7.406 -7.272
0.007 -0.33541 6.97001 19.9164943695 2.6306424711   19.522  5.163  4.1105  1.959    5  0.000  0.485     0.00     0.00     0.00     0.00     0.00 -1 -4.66e-07      0.00 7.145e-01 2.784e-01 1.047e-03 7.699e-04 2.900e-03 -1.000 7.072e-03 -8.138 -7.350 -7.401 -7.266
0.007 -0.33541 6.97001 19.9166488647 2.6306425043   19.522  5.163  4.1114  1.963    5  0.000  0.485     0.00     0.00     0.00     0.00     0.00 -1 -4.67e-07      0.00 7.145e-01 2.784e-01 1.047e-03 7.699e-04 2.900e-03 -1.000 7.072e-03 -8.138 -7.344 -7.396 -7.261
0.007 -0.33541 6.97001 19.9168224335 2.6306425417   19.522  5.163  4.1123  1.966    5  0.000  0.485     0.00     0.00     0.00     0.00     0.00 -1 -4.67e-07      0.00 7.145e-01 2.784e-01 1.047e-03 7.698e-04 2.900e-03 -1.000 7.072e-03 -8.138 -7.339 -7.392 -7.255
0.007 -0.33541 6.97001 19.9170169830 2.6306425835   19.522  5.163  4.1131  1.970    5  0.000  0.485     0.00     0.00     0.00     0.00     0.00 -1 -4.68e-07      0.00 7.145e-01 2.784e-01 1.047e-03 7.698e-04 2.900e-03 -1.000 7.072e-03 -8.138 -7.335 -7.387 -7.250
0.007 -0.33541 6.97001 19.9172325134 2.6306426299   19.523  5.163  4.1140  1.973    5  0.000  0.485     0.00     0.00     0.00     0.00     0.00 -1 -4.69e-07      0.00 7.145e-01 2.784e-01 1.047e-03 7.697e-04 2.900e-03 -1.000 7.072e-03 -8.138 -7.330 -7.382 -7.245
0.007 -0.33541 6.97001 19.9174747467 2.6306426820   19.523  5.163  4.1149  1.977    5  0.000  0.485     0.00     0.00     0.00     0.00     0.00 -1  -4.7e-07      0.00 7.145e-01 2.784e-01 1.047e-03 7.696e-04 2.901e-03 -1.000 7.072e-03 -8.139 -7.324 -7.377 -7.240
0.007 -0.33541 6.97001 19.9177474976 2.6306427406   19.522  5.163  4.1159  1.980    5  0.000  0.485     0.00     0.00     0.00     0.00     0.00 -1 -4.72e-07      0.00 7.145e-01 2.784e-01 1.047e-03 7.696e-04 2.901e-03 -1.000 7.072e-03 -8.139 -7.319 -7.372 -7.234
0.007 -0.33541 6.97001 19.9180488586 2.6306428055   19.523  5.163  4.1168  1.984    5  0.000  0.485     0.00     0.00     0.00     0.00     0.00 -1 -4.73e-07      0.00 7.146e-01 2.784e-01 1.047e-03 7.695e-04 2.901e-03 -1.000 7.072e-03 -8.139 -7.314 -7.367 -7.228
0.007 -0.33541 6.97001 19.9183883667 2.6306428785   19.523  5.164  4.1178  1.988    5  0.000  0.485     0.00     0.00     0.00     0.00     0.00 -1 -4.74e-07      0.00 7.146e-01 2.784e-01 1.047e-03 7.694e-04 2.901e-03 -1.000 7.072e-03 -8.139 -7.308 -7.361 -7.223
0.007 -0.33541 6.97001 19.9187660217 2.6306429597   19.523  5.164  4.1188  1.992    5  0.000  0.485     0.00     0.00     0.00     0.00     0.00 -1 -4.75e-07      0.00 7.146e-01 2.784e-01 1.047e-03 7.692e-04 2.901e-03 -1.000 7.072e-03 -8.139 -7.302 -7.356 -7.217
0.007 -0.33541 6.97001 19.9191894531 2.6306430507   19.523  5.164  4.1198  1.996    5  0.000  0.485     0.00     0.00     0.00     0.00     0.00 -1 -4.76e-07      0.00 7.146e-01 2.784e-01 1.047e-03 7.691e-04 2.901e-03 -1.000 7.072e-03 -8.139 -7.297 -7.350 -7.211
0.007 -0.33541 6.97001 19.9196624756 2.6306431524   19.524  5.164  4.1207  2.000    5  0.000  0.485     0.00     0.00     0.00     0.00     0.00 -1 -4.52e-07      0.00 7.146e-01 2.784e-01 1.048e-03 7.690e-04 2.901e-03 -1.000 7.072e-03 -8.139 -7.291 -7.345 -7.205
0.007 -0.33541 6.97001 19.9201889038 2.6306432656   19.524  5.164  4.1217  2.004    5  0.000  0.486     0.00     0.00     0.00     0.00     0.00 -1 -4.53e-07      0.00 7.146e-01 2.783e-01 1.048e-03 7.688e-04 2.901e-03 -1.000 7.072e-03 -8.139 -7.285 -7.339 -7.199
0.007 -0.33541 6.97001 19.9207801819 2.6306433928   19.524  5.164  4.1227  2.008    5  0.000  0.486     0.00     0.00     0.00     0.00     0.00 -1 -4.54e-07      0.00 7.146e-01 2.783e-01 1.048e-03 7.686e-04 2.901e-03 -1.000 7.072e-03 -8.139 -7.279 -7.333 -7.193
0.007 -0.33541 6.97001 19.9214401245 2.6306435346   19.525  5.164  4.1237  2.012    5  0.000  0.486     0.00     0.00     0.00     0.00     0.00 -1 -4.55e-07      0.00 7.146e-01 2.783e-01 1.048e-03 7.684e-04 2.901e-03 -1.000 7.072e-03 -8.139 -7.273 -7.328 -7.187
0.007 -0.33541 6.97001 19.9221763611 2.6306436929   19.525  5.164  4.1248  2.016    5  0.000  0.486     0.00     0.00     0.00     0.00     0.00 -1 -4.55e-07      0.00 7.146e-01 2.783e-01 1.048e-03 7.682e-04 2.901e-03 -1.000 7.072e-03 -8.139 -7.266 -7.321 -7.180
0.007 -0.33541 6.97001 19.9229984283 2.6306438696   19.526  5.164  4.1259  2.021    5  0.000  0.486     0.00     0.00     0.00     0.00     0.00 -1 -4.56e-07      0.00 7.146e-01 2.783e-01 1.048e-03 7.679e-04 2.901e-03 -1.000 7.072e-03 -8.139 -7.260 -7.315 -7.173
0.007 -0.33541 6.97001 19.9249439240 2.6306442877   19.527  5.164  4.1282  2.030    5  0.000  0.486     0.00     0.00     0.00     0.00     0.00 -1 -4.55e-07      0.00 7.147e-01 2.783e-01 1.048e-03 7.673e-04 2.902e-03 -1.000 7.072e-03 -8.139 -7.246 -7.301 -7.159
0.007 -0.33541 6.97001 19.9304008484 2.6306454600   19.531  5.164  4.1338  2.052    5  0.000  0.486     0.00     0.00     0.00     0.00     0.00 -1 -4.56e-07      0.00 7.147e-01 2.782e-01 1.049e-03 7.657e-04 2.903e-03 -1.000 7.072e-03 -8.139 -7.214 -7.270 -7.126
0.007 -0.33541 6.97001 19.9435157776 2.6306482744   19.540  5.165  4.1395  2.074    5  0.000  0.487     0.00     0.00     0.00     0.00     0.00 -1 -4.57e-07      0.00 7.149e-01 2.780e-01 1.051e-03 7.617e-04 2.905e-03 -1.000 7.072e-03 -8.141 -7.182 -7.240 -7.094
