Zini MH logAge Mini int_IMF Mass logL logTe logg label McoreTP C_O period0 period1 period2 period3 period4 pmode Mloss tau1m X Y Xc Xn Xo Cexcess Z mbolmag Gmag G_BPmag G_RPmag
0.0055 -0.44261 8.30001 0.0900000036 1.0816895926    0.090 -2.921  3.4367  5.012    0  0.000  0.545     0.00     0.00     0.00     0.00     0.00 -1 -1.59e-16      0.00 7.360e-01 2.585e-01 1.002e-03 2.703e-04 2.451e-03 -1.000 5.571e-03 12.072 13.622 16.129 12.218
0.0055 -0.44261 8.30001 0.0909450054 1.0906809797    0.091 -2.913  3.4378  5.013    0  0.000  0.545     0.00     0.00     0.00     0.00     0.00 -1  -1.6e-16      0.00 7.360e-01 2.585e-01 1.002e-03 2.703e-04 2.451e-03 -1.000 5.571e-03 12.053 13.593 16.082 12.192
0.0055 -0.44261 8.30001 0.0972773805 1.1479523789    0.097 -2.861  3.4449  5.018    0  0.000  0.545     0.00     0.00     0.00     0.00     0.00 -1 -1.74e-16      0.00 7.360e-01 2.585e-01 1.002e-03 2.703e-04 2.451e-03 -1.000 5.571e-03 11.921 13.387 15.755 12.006
0.0055 -0.44261 8.30001 0.1000000015 1.1711064122    0.100 -2.838  3.4482  5.021    0  0.000  0.545     0.00     0.00     0.00     0.00     0.00 -1  -1.8e-16      0.00 7.360e-01 2.585e-01 1.002e-03 2.703e-04 2.451e-03 -1.000 5.571e-03 11.866 13.298 15.610 11.927
0.0055 -0.44261 8.30001 0.1091864556 1.2435618119    0.109 -2.768  3.4577  5.027    0  0.000  0.545     0.00     0.00     0.00     0.00     0.00 -1 -2.01e-16      0.00 7.360e-01 2.585e-01 1.002e-03 2.703e-04 2.451e-03 -1.000 5.571e-03 11.690 13.025 15.169 11.684
0.0055 -0.44261 8.30001 0.1199999973 1.3193154249    0.120 -2.689  3.4688  5.034    0  0.000  0.545     0.00     0.00     0.00     0.00     0.00 -1 -2.28e-16      0.00 7.360e-01 2.585e-01 1.002e-03 2.703e-04 2.451e-03 -1.000 5.571e-03 11.493 12.719 14.681 11.414
0.0055 -0.44261 8.30001 0.1396394372 1.4365046099    0.140 -2.567  3.4836  5.036    0  0.000  0.545     0.00     0.00     0.00     0.00     0.00 -1 -2.79e-16      0.00 7.360e-01 2.585e-01 1.002e-03 2.703e-04 2.451e-03 -1.000 5.571e-03 11.188 12.272 14.008 11.020
0.0055 -0.44261 8.30001 0.1400000006 1.4384526719    0.140 -2.565  3.4838  5.036    0  0.000  0.545     0.00     0.00     0.00     0.00     0.00 -1  -2.8e-16      0.00 7.360e-01 2.585e-01 1.002e-03 2.703e-04 2.451e-03 -1.000 5.571e-03 11.183 12.264 13.996 11.013
0.0055 -0.44261 8.30001 0.1547253877 1.5128510581    0.155 -2.486  3.4924  5.035    0  0.000  0.545     0.00     0.00     0.00     0.00     0.00 -1  -3.2e-16      0.00 7.360e-01 2.585e-01 1.002e-03 2.703e-04 2.451e-03 -1.000 5.571e-03 10.984 11.986 13.596 10.766
0.0055 -0.44261 8.30001 0.1590450108 1.5329461522    0.159 -2.462  3.4948  5.033    0  0.000  0.545     0.00     0.00     0.00     0.00     0.00 -1 -3.34e-16      0.00 7.360e-01 2.585e-01 1.002e-03 2.703e-04 2.451e-03 -1.000 5.571e-03 10.925 11.906 13.487 10.695
0.0055 -0.44261 8.30001 0.1599999964 1.5372931554    0.160 -2.457  3.4953  5.032    0  0.000  0.545     0.00     0.00     0.00     0.00     0.00 -1 -3.37e-16      0.00 7.360e-01 2.585e-01 1.002e-03 2.703e-04 2.451e-03 -1.000 5.571e-03 10.912 11.888 13.462 10.679
0.0055 -0.44261 8.30001 0.1999999881 1.6938790356    0.200 -2.276  3.5123  5.016    0  0.000  0.545     0.00     0.00     0.00     0.00     0.00 -1 -4.67e-16      0.00 7.360e-01 2.585e-01 1.002e-03 2.703e-04 2.451e-03 -1.000 5.571e-03 10.459 11.297 12.677 10.148
0.0055 -0.44261 8.30001 0.2049947232 1.7105538094    0.205 -2.257  3.5140  5.014    0  0.000  0.545     0.00     0.00     0.00     0.00     0.00 -1 -4.83e-16      0.00 7.360e-01 2.585e-01 1.002e-03 2.703e-04 2.451e-03 -1.000 5.571e-03 10.412 11.237 12.601 10.094
0.0055 -0.44261 8.30001 0.2500000000 1.8403257998    0.250 -2.088  3.5268  4.983    0  0.000  0.545     0.00     0.00     0.00     0.00     0.00 -1 -6.69e-16      0.00 7.360e-01 2.585e-01 1.002e-03 2.703e-04 2.451e-03 -1.000 5.571e-03 9.990 10.722 11.969 9.622
0.0055 -0.44261 8.30001 0.3000000119 1.9529139769    0.300 -1.953  3.5376  4.970    0  0.000  0.545     0.00     0.00     0.00     0.00     0.00 -1 -8.45e-16      0.00 7.360e-01 2.585e-01 1.002e-03 2.703e-04 2.451e-03 -1.000 5.571e-03 9.653 10.317 11.483 9.249
0.0055 -0.44261 8.30001 0.3499999642 2.0434174156    0.350 -1.811  3.5486  4.939    0  0.000  0.545     0.00     0.00     0.00     0.00     0.00 -1 -1.13e-15      0.00 7.360e-01 2.585e-01 1.002e-03 2.703e-04 2.451e-03 -1.000 5.571e-03 9.297 9.896 10.988 8.860
0.0055 -0.44261 8.30001 0.3999999762 2.1185023988    0.400 -1.647  3.5608  4.882    0  0.000  0.545     0.00     0.00     0.00     0.00     0.00 -1 -1.64e-15      0.00 7.360e-01 2.585e-01 1.002e-03 2.703e-04 2.451e-03 -1.000 5.571e-03 8.887 9.417 10.434 8.418
0.0055 -0.44261 8.30001 0.4499999881 2.1822809009    0.450 -1.488  3.5760  4.835    0  0.000  0.545     0.00     0.00     0.00     0.00     0.00 -1 -2.35e-15      0.00 7.360e-01 2.585e-01 1.002e-03 2.703e-04 2.451e-03 -1.000 5.571e-03 8.491 8.942 9.876 7.985
0.0055 -0.44261 8.30001 0.4750253558 2.2108395672    0.475 -1.412  3.5841  4.815    0  0.000  0.545     0.00     0.00     0.00     0.00     0.00 -1 -2.78e-15      0.00 7.360e-01 2.585e-01 1.002e-03 2.703e-04 2.451e-03 -1.000 5.571e-03 8.299 8.712 9.608 7.776
0.0055 -0.44261 8.30001 0.4964435101 2.2337708543    0.497 -1.345  3.5906  4.793    0  0.000  0.545     0.00     0.00     0.00     0.00     0.00 -1 -3.24e-15      0.00 7.360e-01 2.585e-01 1.002e-03 2.703e-04 2.451e-03 -1.000 5.571e-03 8.132 8.515 9.381 7.596
0.0055 -0.44261 8.30001 0.4999999702 2.2374541023    0.500 -1.333  3.5918  4.789    0  0.000  0.545     0.00     0.00     0.00     0.00     0.00 -1 -3.33e-15      0.00 7.360e-01 2.585e-01 1.002e-03 2.703e-04 2.451e-03 -1.000 5.571e-03 8.103 8.481 9.342 7.566
0.0055 -0.44261 8.30001 0.5500000119 2.2836582633    0.550 -1.160  3.6157  4.753    0  0.000  0.545     0.00     0.00     0.00     0.00     0.00 -1 -4.95e-15      0.00 7.365e-01 2.580e-01 1.000e-03 2.698e-04 2.447e-03 -1.000 5.570e-03 7.669 7.957 8.722 7.099
0.0055 -0.44261 8.30001 0.5999999642 2.3211212854    0.600 -0.989  3.6423  4.726    0  0.000  0.545     0.00     0.00     0.00     0.00     0.00 -1 -7.23e-15      0.00 7.365e-01 2.579e-01 9.999e-04 2.697e-04 2.447e-03 -1.000 5.560e-03 7.242 7.430 8.089 6.643
0.0055 -0.44261 8.30001 0.6499999762 2.3520353107    0.650 -0.825  3.6697  4.707    0  0.000  0.545     0.00     0.00     0.00     0.00     0.00 -1 -1.04e-14      0.00 7.366e-01 2.578e-01 9.993e-04 2.697e-04 2.446e-03 -1.000 5.571e-03 6.832 6.915 7.466 6.208
0.0055 -0.44261 8.30001 0.6838039756 2.3700160767    0.684 -0.719  3.6871  4.692    0  0.000  0.545     0.00     0.00     0.00     0.00     0.00 -1 -1.31e-14      0.00 7.367e-01 2.577e-01 9.989e-04 2.696e-04 2.445e-03 -1.000 5.556e-03 6.567 6.593 7.089 5.932
0.0055 -0.44261 8.30001 0.6999999881 2.3779266974    0.700 -0.671  3.6955  4.688    0  0.000  0.545     0.00     0.00     0.00     0.00     0.00 -1 -1.45e-14      0.00 7.368e-01 2.577e-01 9.988e-04 2.695e-04 2.445e-03 -1.000 5.548e-03 6.447 6.450 6.922 5.810
0.0055 -0.44261 8.30001 0.7495123148 2.3996909141    0.750 -0.532  3.7195  4.675    0  0.000  0.538     0.00     0.00     0.00     0.00     0.00 -1 -1.96e-14      0.00 7.369e-01 2.576e-01 9.856e-04 2.691e-04 2.444e-03 -1.000 5.563e-03 6.099 6.050 6.461 5.465
0.0055 -0.44261 8.30001 0.7990245819 2.4183828323    0.799 -0.402  3.7395  4.653    0  0.000  0.538     0.00     0.00     0.00     0.00     0.00 -1 -2.62e-14      0.00 7.371e-01 2.574e-01 9.848e-04 2.690e-04 2.443e-03 -1.000 5.549e-03 5.776 5.698 6.065 5.157
0.0055 -0.44261 8.30001 0.8666082621 2.4399758556    0.866 -0.236  3.7625  4.614    0  0.000  0.537     0.00     0.00     0.00     0.00     0.00 -1 -3.86e-14      0.00 7.375e-01 2.569e-01 9.831e-04 2.685e-04 2.439e-03 -1.000 5.549e-03 5.361 5.267 5.586 4.776
0.0055 -0.44261 8.30001 0.8904813528 2.4467084553    0.890 -0.180  3.7698  4.599    0  0.000  0.537     0.00     0.00     0.00     0.00     0.00 -1 -4.41e-14      0.00 7.376e-01 2.568e-01 9.823e-04 2.684e-04 2.437e-03 -1.000 5.571e-03 5.221 5.125 5.429 4.650
0.0055 -0.44261 8.30001 0.8980491161 2.4487569484    0.897 -0.164  3.7721  4.596    0  0.000  0.537     0.00     0.00     0.00     0.00     0.00 -1 -4.57e-14      0.00 7.375e-01 2.569e-01 9.829e-04 2.685e-04 2.438e-03 -1.000 5.571e-03 5.181 5.085 5.385 4.616
0.0055 -0.44261 8.30001 0.9036636949 2.4502512712    0.903 -0.150  3.7736  4.591    0  0.000  0.537     0.00     0.00     0.00     0.00     0.00 -1 -4.73e-14      0.00 7.377e-01 2.567e-01 9.822e-04 2.683e-04 2.437e-03 -1.000 5.571e-03 5.146 5.050 5.347 4.584
0.0055 -0.44261 8.30001 0.9175508618 2.4538571718    0.917 -0.120  3.7774  4.582    1  0.000  0.538     0.00     0.00     0.00     0.00     0.00 -1 -5.09e-14      0.00 7.379e-01 2.565e-01 9.820e-04 2.682e-04 2.436e-03 -1.000 5.563e-03 5.070 4.974 5.262 4.516
0.0055 -0.44261 8.30001 0.9475613832 2.4612360964    0.947 -0.056  3.7854  4.564    0  0.000  0.538     0.00     0.00     0.00     0.00     0.00 -1 -5.93e-14      0.00 7.381e-01 2.563e-01 9.820e-04 2.681e-04 2.435e-03 -1.000 5.533e-03 4.909 4.814 5.087 4.374
0.0055 -0.44261 8.30001 0.9970737100 2.4723008218    0.997  0.050  3.7971  4.528    0  0.000  0.537     0.00     0.00     0.00     0.00     0.00 -1 -7.68e-14      0.00 7.388e-01 2.557e-01 9.790e-04 2.674e-04 2.429e-03 -1.000 5.506e-03 4.646 4.553 4.804 4.141
0.0055 -0.44261 8.30001 1.0465859175 2.4821702926    1.046  0.152  3.8080  4.490    1  0.000  0.537     0.00     0.00     0.00     0.00     0.00 -1 -9.23e-14      0.00 7.391e-01 2.554e-01 9.787e-04 2.674e-04 2.429e-03 -1.000 5.544e-03 4.391 4.302 4.533 3.914
0.0055 -0.44261 8.30001 1.0960983038 2.4910214938    1.095  0.246  3.8184  4.457    1  0.000  0.537     0.00     0.00     0.00     0.00     0.00 -1 -1.08e-13      0.00 7.391e-01 2.554e-01 9.792e-04 2.674e-04 2.429e-03 -1.000 5.511e-03 4.155 4.069 4.283 3.705
0.0055 -0.44261 8.30001 1.1456104517 2.4989986192    1.145  0.337  3.8289  4.427    1  0.000  0.537     0.00     0.00     0.00     0.00     0.00 -1 -1.23e-13      0.00 7.392e-01 2.553e-01 9.789e-04 2.673e-04 2.428e-03 -1.000 5.492e-03 3.927 3.844 4.040 3.502
0.0055 -0.44261 8.30001 1.1951228380 2.5062204782    1.195  0.422  3.8396  4.403    1  0.000  0.537     0.00     0.00     0.00     0.00     0.00 -1 -1.38e-13      0.00 7.392e-01 2.554e-01 9.787e-04 2.674e-04 2.429e-03 -1.000 5.483e-03 3.714 3.634 3.814 3.317
0.0055 -0.44261 8.30001 1.2012155056 2.5070619683    1.201  0.433  3.8410  4.401    1  0.000  0.537     0.00     0.00     0.00     0.00     0.00 -1 -1.39e-13      0.00 7.392e-01 2.553e-01 9.787e-04 2.674e-04 2.429e-03 -1.000 5.493e-03 3.689 3.609 3.787 3.295
0.0055 -0.44261 8.30001 1.2446351051 2.5127855629    1.244  0.503  3.8512  4.386    1  0.000  0.538     0.00     0.00     0.00     0.00     0.00 -1 -1.49e-13      0.00 7.392e-01 2.552e-01 9.789e-04 2.673e-04 2.428e-03 -1.000 5.563e-03 3.512 3.436 3.598 3.145
0.0055 -0.44261 8.30001 1.2941472530 2.5187763088    1.294  0.580  3.8644  4.380    1  0.000  0.537     0.00     0.00     0.00     0.00     0.00 -1 -1.57e-13      0.00 7.394e-01 2.551e-01 9.781e-04 2.672e-04 2.427e-03 -1.000 5.482e-03 3.320 3.249 3.392 2.990
0.0055 -0.44261 8.30001 1.3436598778 2.5242622264    1.344  0.653  3.8797  4.384    1  0.000  0.537     0.00     0.00     0.00     0.00     0.00 -1 -1.59e-13      0.00 7.395e-01 2.550e-01 9.778e-04 2.671e-04 2.426e-03 -1.000 5.480e-03 3.137 3.074 3.195 2.851
0.0055 -0.44261 8.30001 1.3663487434 2.5266238869    1.366  0.685  3.8870  4.388    1  0.000  0.537     0.00     0.00     0.00     0.00     0.00 -1 -1.58e-13      0.00 7.395e-01 2.549e-01 9.776e-04 2.671e-04 2.426e-03 -1.000 5.520e-03 3.056 2.998 3.108 2.792
0.0055 -0.44261 8.30001 1.3931720257 2.5293020999    1.393  0.723  3.8955  4.393    1  0.000  0.537     0.00     0.00     0.00     0.00     0.00 -1 -1.57e-13      0.00 7.396e-01 2.549e-01 9.774e-04 2.670e-04 2.426e-03 -1.000 5.561e-03 2.962 2.910 3.009 2.725
0.0055 -0.44261 8.30001 1.4426841736 2.5339462294    1.443  0.791  3.9108  4.401    1  0.000  0.537     0.00     0.00     0.00     0.00     0.00 -1 -1.49e-13      0.00 7.397e-01 2.548e-01 9.772e-04 2.669e-04 2.425e-03 -1.000 5.491e-03 2.793 2.756 2.833 2.608
0.0055 -0.44261 8.30001 1.4865041971 2.5377610621    1.487  0.848  3.9236  4.408    1  0.000  0.537     0.00     0.00     0.00     0.00     0.00 -1 -1.38e-13      0.00 7.398e-01 2.547e-01 9.771e-04 2.668e-04 2.424e-03 -1.000 5.507e-03 2.649 2.630 2.691 2.515
0.0055 -0.44261 8.30001 1.4921965599 2.5382377471    1.492  0.856  3.9252  4.409    1  0.000  0.537     0.00     0.00     0.00     0.00     0.00 -1 -1.36e-13      0.00 7.398e-01 2.547e-01 9.770e-04 2.668e-04 2.424e-03 -1.000 5.507e-03 2.630 2.615 2.673 2.503
0.0055 -0.44261 8.30001 1.5292299986 2.5412395876    1.529  0.903  3.9354  4.413    1  0.000  0.537     0.00     0.00     0.00     0.00     0.00 -1 -1.21e-13      0.00 7.399e-01 2.546e-01 9.769e-04 2.668e-04 2.424e-03 -1.000 5.483e-03 2.514 2.519 2.565 2.431
0.0055 -0.44261 8.30001 1.5417087078 2.5422138004    1.542  0.918  3.9388  4.415    1  0.000  0.537     0.00     0.00     0.00     0.00     0.00 -1 -1.17e-13      0.00 7.399e-01 2.546e-01 9.769e-04 2.668e-04 2.424e-03 -1.000 5.480e-03 2.475 2.488 2.531 2.407
0.0055 -0.44261 8.30001 1.5912210941 2.5459066641    1.591  0.978  3.9515  4.420    1  0.000  0.537     0.00     0.00     0.00     0.00     0.00 -1 -8.95e-14      0.00 7.400e-01 2.545e-01 9.764e-04 2.667e-04 2.423e-03 -1.000 5.490e-03 2.325 2.375 2.405 2.319
0.0055 -0.44261 8.30001 1.5997908115 2.5465192032    1.599  0.988  3.9536  4.420    1  0.000  0.537     0.00     0.00     0.00     0.00     0.00 -1 -8.16e-14      0.00 7.400e-01 2.545e-01 9.763e-04 2.667e-04 2.423e-03 -1.000 5.487e-03 2.300 2.357 2.384 2.305
0.0055 -0.44261 8.30001 1.6407332420 2.5493443758    1.640  1.035  3.9633  4.423    1  0.000  0.537     0.00     0.00     0.00     0.00     0.00 -1 -5.31e-14      0.00 7.401e-01 2.544e-01 9.762e-04 2.666e-04 2.422e-03 -1.000 5.476e-03 2.182 2.271 2.290 2.235
0.0055 -0.44261 8.30001 1.6588091850 2.5505407654    1.658  1.055  3.9673  4.423    1  0.000  0.537     0.00     0.00     0.00     0.00     0.00 -1 -5.78e-19      0.00 7.401e-01 2.544e-01 9.761e-04 2.666e-04 2.422e-03 -1.000 5.490e-03 2.131 2.235 2.251 2.206
0.0055 -0.44261 8.30001 1.6902457476 2.5525515288    1.689  1.090  3.9741  4.424    1  0.000  0.537     0.00     0.00     0.00     0.00     0.00 -1 -1.81e-27      0.00 7.402e-01 2.543e-01 9.761e-04 2.666e-04 2.422e-03 -1.000 5.514e-03 2.044 2.174 2.185 2.155
0.0055 -0.44261 8.30001 1.7397580147 2.5555496449    1.739  1.143  3.9841  4.423    1  0.000  0.537     0.00     0.00     0.00     0.00     0.00 -1    -1e-30      0.00 7.403e-01 2.543e-01 9.761e-04 2.665e-04 2.421e-03 -1.000 5.492e-03 1.912 2.082 2.086 2.077
0.0055 -0.44261 8.30001 1.7892701626 2.5583577403    1.788  1.194  3.9933  4.421    1  0.000  0.537     0.00     0.00     0.00     0.00     0.00 -1    -1e-30      0.00 7.403e-01 2.542e-01 9.758e-04 2.665e-04 2.421e-03 -1.000 5.511e-03 1.784 1.994 1.992 2.000
0.0055 -0.44261 8.30001 1.8387321234 2.5609900490    1.838  1.244  4.0019  4.418    1  0.000  0.537     0.00     0.00     0.00     0.00     0.00 -1    -1e-30      0.00 7.403e-01 2.542e-01 9.756e-04 2.664e-04 2.420e-03 -1.000 5.503e-03 1.661 1.909 1.902 1.924
0.0055 -0.44261 8.30001 1.8687653542 2.5625104244    1.868  1.273  4.0068  4.415    1  0.000  0.537     0.00     0.00     0.00     0.00     0.00 -1    -1e-30      0.00 7.404e-01 2.541e-01 9.754e-04 2.664e-04 2.420e-03 -1.000 5.493e-03 1.588 1.859 1.849 1.879
0.0055 -0.44261 8.30001 1.8881943226 2.5634644041    1.887  1.292  4.0099  4.414    1  0.000  0.537     0.00     0.00     0.00     0.00     0.00 -1    -1e-30      0.00 7.404e-01 2.541e-01 9.753e-04 2.664e-04 2.420e-03 -1.000 5.490e-03 1.541 1.826 1.815 1.849
0.0055 -0.44261 8.30001 1.9376561642 2.5657940315    1.937  1.338  4.0176  4.409    1  0.000  0.537     0.00     0.00     0.00     0.00     0.00 -1    -1e-30      0.00 7.405e-01 2.541e-01 9.754e-04 2.664e-04 2.420e-03 -1.000 5.471e-03 1.424 1.746 1.731 1.776
0.0055 -0.44261 8.30001 1.9871184826 2.5679908116    1.987  1.384  4.0249  4.404    1  0.000  0.537     0.00     0.00     0.00     0.00     0.00 -1    -1e-30      0.00 7.405e-01 2.540e-01 9.749e-04 2.664e-04 2.420e-03 -1.000 5.542e-03 1.310 1.668 1.649 1.704
0.0055 -0.44261 8.30001 1.9927588701 2.5682333657    1.993  1.389  4.0258  4.403    1  0.000  0.537     0.00     0.00     0.00     0.00     0.00 -1    -1e-30      0.00 7.405e-01 2.540e-01 9.749e-04 2.664e-04 2.420e-03 -1.000 5.536e-03 1.297 1.659 1.639 1.696
0.0055 -0.44261 8.30001 2.0365805626 2.5700653215    2.036  1.429  4.0321  4.398    1  0.000  0.537     0.00     0.00     0.00     0.00     0.00 -1    -1e-30      0.00 7.405e-01 2.540e-01 9.750e-04 2.664e-04 2.419e-03 -1.000 5.501e-03 1.197 1.590 1.568 1.633
0.0055 -0.44261 8.30001 2.0860424042 2.5720270946    2.085  1.473  4.0389  4.391    1  0.000  0.537     0.00     0.00     0.00     0.00     0.00 -1    -1e-30      0.00 7.405e-01 2.540e-01 9.751e-04 2.663e-04 2.419e-03 -1.000 5.473e-03 1.087 1.514 1.489 1.563
0.0055 -0.44261 8.30001 2.1355042458 2.5738847270    2.134  1.516  4.0453  4.384    1  0.000  0.537     0.00     0.00     0.00     0.00     0.00 -1    -1e-30      0.00 7.405e-01 2.540e-01 9.752e-04 2.663e-04 2.419e-03 -1.000 5.486e-03 0.979 1.440 1.412 1.493
0.0055 -0.44261 8.30001 2.1849665642 2.5756459881    2.184  1.559  4.0516  4.377    1  0.000  0.537     0.00     0.00     0.00     0.00     0.00 -1    -1e-30      0.00 7.406e-01 2.539e-01 9.748e-04 2.663e-04 2.419e-03 -1.000 5.471e-03 0.873 1.366 1.336 1.424
0.0055 -0.44261 8.30001 2.2099070549 2.5764997656    2.208  1.580  4.0547  4.373    1  0.000  0.537     0.00     0.00     0.00     0.00     0.00 -1    -1e-30      0.00 7.406e-01 2.539e-01 9.748e-04 2.663e-04 2.419e-03 -1.000 5.495e-03 0.821 1.329 1.298 1.389
0.0055 -0.44261 8.30001 2.2344286442 2.5773178692    2.233  1.600  4.0577  4.369    1  0.000  0.537     0.00     0.00     0.00     0.00     0.00 -1    -1e-30      0.00 7.406e-01 2.539e-01 9.747e-04 2.663e-04 2.419e-03 -1.000 5.518e-03 0.769 1.293 1.261 1.355
0.0055 -0.44261 8.30001 2.2394289970 2.5774821668    2.238  1.604  4.0583  4.368    1  0.000  0.537     0.00     0.00     0.00     0.00     0.00 -1    -1e-30      0.00 7.406e-01 2.539e-01 9.747e-04 2.663e-04 2.419e-03 -1.000 5.520e-03 0.759 1.286 1.253 1.348
0.0055 -0.44261 8.30001 2.2838907242 2.5789067453    2.282  1.641  4.0634  4.361    1  0.000  0.537     0.00     0.00     0.00     0.00     0.00 -1    -1e-30      0.00 7.406e-01 2.539e-01 9.748e-04 2.662e-04 2.419e-03 -1.000 5.523e-03 0.667 1.221 1.187 1.287
0.0055 -0.44261 8.30001 2.3294167519 2.5803008117    2.328  1.678  4.0685  4.353    1  0.000  0.537     0.00     0.00     0.00     0.00     0.00 -1    -1e-30      0.00 7.406e-01 2.539e-01 9.749e-04 2.662e-04 2.419e-03 -1.000 5.536e-03 0.574 1.156 1.119 1.225
0.0055 -0.44261 8.30001 2.3333525658 2.5804183969    2.332  1.681  4.0690  4.352    1  0.000  0.537     0.00     0.00     0.00     0.00     0.00 -1    -1e-30      0.00 7.406e-01 2.539e-01 9.749e-04 2.662e-04 2.419e-03 -1.000 5.536e-03 0.566 1.150 1.113 1.219
0.0055 -0.44261 8.30001 2.3449838161 2.5807632374    2.344  1.691  4.0703  4.350    1  0.000  0.537     0.00     0.00     0.00     0.00     0.00 -1    -1e-30      0.00 7.406e-01 2.539e-01 9.750e-04 2.662e-04 2.419e-03 -1.000 5.530e-03 0.543 1.133 1.096 1.203
0.0055 -0.44261 8.30001 2.3828148842 2.5818581182    2.382  1.721  4.0743  4.343    1  0.000  0.537     0.00     0.00     0.00     0.00     0.00 -1    -1e-30      0.00 7.406e-01 2.539e-01 9.750e-04 2.663e-04 2.419e-03 -1.000 5.506e-03 0.467 1.079 1.040 1.152
0.0055 -0.44261 8.30001 2.4035599232 2.5824417083    2.402  1.737  4.0765  4.339    1  0.000  0.537     0.00     0.00     0.00     0.00     0.00 -1    -1e-30      0.00 7.403e-01 2.542e-01 9.759e-04 2.665e-04 2.421e-03 -1.000 5.500e-03 0.427 1.051 1.011 1.125
0.0055 -0.44261 8.30001 2.4322769642 2.5832307011    2.430  1.759  4.0794  4.334    1  0.000  0.537     0.00     0.00     0.00     0.00     0.00 -1    -1e-30      0.00 7.400e-01 2.545e-01 9.771e-04 2.668e-04 2.424e-03 -1.000 5.492e-03 0.371 1.011 0.970 1.087
0.0055 -0.44261 8.30001 2.4430611134 2.5835214890    2.441  1.768  4.0805  4.332    1  0.000  0.537     0.00     0.00     0.00     0.00     0.00 -1    -1e-30      0.00 7.398e-01 2.547e-01 9.776e-04 2.669e-04 2.425e-03 -1.000 5.492e-03 0.350 0.996 0.955 1.072
0.0055 -0.44261 8.30001 2.5766627789 2.5868930911    2.575  1.872  4.0934  4.303    1  0.000  0.538     0.00     0.00     0.00     0.00     0.00 -1    -1e-30      0.00 7.372e-01 2.572e-01 9.853e-04 2.690e-04 2.444e-03 -1.000 5.549e-03 0.090 0.805 0.760 0.890
0.0055 -0.44261 8.30001 2.6301250458 2.5881324392    2.629  1.913  4.0981  4.289    1  0.000  0.538     0.00     0.00     0.00     0.00     0.00 -1    -1e-30      0.00 7.361e-01 2.584e-01 9.888e-04 2.699e-04 2.452e-03 -1.000 5.571e-03 -0.012 0.729 0.682 0.816
0.0055 -0.44261 8.30001 2.6938025951 2.5895350259    2.693  1.961  4.1033  4.273    1  0.000  0.538     0.00     0.00     0.00     0.00     0.00 -1    -1e-30      0.00 7.361e-01 2.584e-01 9.888e-04 2.699e-04 2.452e-03 -1.000 5.571e-03 -0.132 0.638 0.589 0.728
0.0055 -0.44261 8.30001 2.8054552078 2.5918184930    2.805  2.044  4.1115  4.240    1  0.000  0.538     0.00     0.00     0.00     0.00     0.00 -1    -1e-30      0.00 7.361e-01 2.584e-01 9.888e-04 2.699e-04 2.452e-03 -1.000 5.571e-03 -0.340 0.475 0.423 0.570
0.0055 -0.44261 8.30001 2.8279733658 2.5922539678    2.827  2.061  4.1129  4.232    1  0.000  0.538     0.00     0.00     0.00     0.00     0.00 -1    -1e-30      0.00 7.361e-01 2.584e-01 9.888e-04 2.699e-04 2.452e-03 -1.000 5.571e-03 -0.382 0.440 0.388 0.536
0.0055 -0.44261 8.30001 2.8869354725 2.5933573064    2.886  2.104  4.1165  4.212    1  0.000  0.538     0.00     0.00     0.00     0.00     0.00 -1    -1e-30      0.00 7.361e-01 2.584e-01 9.888e-04 2.699e-04 2.452e-03 -1.000 5.571e-03 -0.491 0.351 0.298 0.449
0.0055 -0.44261 8.30001 2.9629001617 2.5947046325    2.962  2.161  4.1204  4.182    1  0.000  0.538     0.00     0.00     0.00     0.00     0.00 -1    -1e-30      0.00 7.361e-01 2.584e-01 9.888e-04 2.699e-04 2.452e-03 -1.000 5.571e-03 -0.632 0.232 0.178 0.332
0.0055 -0.44261 8.30001 3.0258216858 2.5957619127    3.025  2.207  4.1231  4.156    1  0.000  0.538     0.00     0.00     0.00     0.00     0.00 -1    -1e-30      0.00 7.361e-01 2.584e-01 9.888e-04 2.699e-04 2.452e-03 -1.000 5.571e-03 -0.748 0.130 0.075 0.232
0.0055 -0.44261 8.30001 3.0316467285 2.5958572425    3.031  2.212  4.1233  4.153    1  0.000  0.538     0.00     0.00     0.00     0.00     0.00 -1    -1e-30      0.00 7.361e-01 2.584e-01 9.888e-04 2.699e-04 2.452e-03 -1.000 5.571e-03 -0.759 0.121 0.066 0.223
0.0055 -0.44261 8.30001 3.0951991081 2.5968705580    3.094  2.258  4.1254  4.124    1  0.000  0.538     0.00     0.00     0.00     0.00     0.00 -1    -1e-30      0.00 7.361e-01 2.584e-01 9.888e-04 2.699e-04 2.452e-03 -1.000 5.571e-03 -0.876 0.016 -0.040 0.119
0.0055 -0.44261 8.30001 3.1750924587 2.5980784741    3.174  2.318  4.1263  4.079    1  0.000  0.538     0.00     0.00     0.00     0.00     0.00 -1    -1e-30      0.00 7.361e-01 2.584e-01 9.888e-04 2.699e-04 2.452e-03 -1.000 5.571e-03 -1.025 -0.129 -0.186 -0.026
0.0055 -0.44261 8.30001 3.2236697674 2.5987793532    3.222  2.355  4.1262  4.048    1  0.000  0.538     0.00     0.00     0.00     0.00     0.00 -1    -1e-30      0.00 7.361e-01 2.584e-01 9.888e-04 2.699e-04 2.452e-03 -1.000 5.571e-03 -1.117 -0.222 -0.278 -0.118
0.0055 -0.44261 8.30001 3.2267453671 2.5988229121    3.225  2.357  4.1262  4.046    1  0.000  0.538     0.00     0.00     0.00     0.00     0.00 -1    -1e-30      0.00 7.361e-01 2.584e-01 9.888e-04 2.699e-04 2.452e-03 -1.000 5.571e-03 -1.122 -0.228 -0.284 -0.124
0.0055 -0.44261 8.30001 3.2886264324 2.5996794487    3.287  2.404  4.1251  4.004    1  0.000  0.538     0.00     0.00     0.00     0.00     0.00 -1    -1e-30      0.00 7.361e-01 2.584e-01 9.888e-04 2.699e-04 2.452e-03 -1.000 5.571e-03 -1.239 -0.350 -0.407 -0.247
0.0055 -0.44261 8.30001 3.3400979042 2.6003641632    3.338  2.443  4.1228  3.962    1  0.000  0.538     0.00     0.00     0.00     0.00     0.00 -1    -1e-30      0.00 7.361e-01 2.584e-01 9.888e-04 2.699e-04 2.452e-03 -1.000 5.571e-03 -1.338 -0.463 -0.519 -0.362
0.0055 -0.44261 8.30001 3.4010725021 2.6011445348    3.399  2.491  4.1183  3.903    1  0.000  0.538     0.00     0.00     0.00     0.00     0.00 -1    -1e-30      0.00 7.361e-01 2.584e-01 9.888e-04 2.699e-04 2.452e-03 -1.000 5.571e-03 -1.458 -0.609 -0.664 -0.510
0.0055 -0.44261 8.30001 3.4215180874 2.6013990536    3.419  2.507  4.1162  3.882    1  0.000  0.538     0.00     0.00     0.00     0.00     0.00 -1    -1e-30      0.00 7.361e-01 2.584e-01 9.888e-04 2.699e-04 2.452e-03 -1.000 5.571e-03 -1.498 -0.662 -0.715 -0.564
0.0055 -0.44261 8.30001 3.4559500217 2.6018198656    3.454  2.534  4.1125  3.844    1  0.000  0.538     0.00     0.00     0.00     0.00     0.00 -1    -1e-30      0.00 7.361e-01 2.584e-01 9.888e-04 2.699e-04 2.452e-03 -1.000 5.571e-03 -1.566 -0.751 -0.803 -0.655
0.0055 -0.44261 8.30001 3.4972429276 2.6023119842    3.495  2.568  4.1057  3.788    1  0.000  0.538     0.00     0.00     0.00     0.00     0.00 -1    -1e-30      0.00 7.361e-01 2.584e-01 9.888e-04 2.699e-04 2.452e-03 -1.000 5.571e-03 -1.649 -0.873 -0.923 -0.781
0.0055 -0.44261 8.30001 3.5328674316 2.6027259350    3.530  2.597  4.0987  3.736    1  0.000  0.538     0.00     0.00     0.00     0.00     0.00 -1    -1e-30      0.00 7.361e-01 2.584e-01 9.888e-04 2.699e-04 2.452e-03 -1.000 5.571e-03 -1.722 -0.985 -1.033 -0.897
0.0055 -0.44261 8.30001 3.5674269199 2.6031184384    3.565  2.626  4.0909  3.680    1  0.000  0.538     0.00     0.00     0.00     0.00     0.00 -1    -1e-30      0.00 7.361e-01 2.584e-01 9.888e-04 2.699e-04 2.452e-03 -1.000 5.571e-03 -1.795 -1.100 -1.147 -1.018
0.0055 -0.44261 8.30001 3.5957479477 2.6034336292    3.593  2.652  4.0839  3.629    1  0.000  0.538     0.00     0.00     0.00     0.00     0.00 -1    -1e-30      0.00 7.361e-01 2.584e-01 9.888e-04 2.699e-04 2.452e-03 -1.000 5.571e-03 -1.860 -1.204 -1.248 -1.126
0.0055 -0.44261 8.30001 3.6193659306 2.6036921456    3.617  2.676  4.0800  3.592    1  0.000  0.538     0.00     0.00     0.00     0.00     0.00 -1    -1e-30      0.00 7.361e-01 2.584e-01 9.888e-04 2.699e-04 2.452e-03 -1.000 5.571e-03 -1.920 -1.286 -1.329 -1.210
0.0055 -0.44261 8.30001 3.6194429398 2.6036929822    3.617  2.676  4.0800  3.592    1  0.000  0.538     0.00     0.00     0.00     0.00     0.00 -1    -1e-30      0.00 7.361e-01 2.584e-01 9.888e-04 2.699e-04 2.452e-03 -1.000 5.571e-03 -1.920 -1.286 -1.329 -1.210
0.0055 -0.44261 8.30001 3.6300990582 2.6038083500    3.628  2.692  4.0840  3.594    1  0.000  0.538     0.00     0.00     0.00     0.00     0.00 -1    -1e-30      0.00 7.361e-01 2.584e-01 9.888e-04 2.699e-04 2.452e-03 -1.000 5.571e-03 -1.960 -1.304 -1.348 -1.225
0.0055 -0.44261 8.30001 3.6371955872 2.6038847491    3.635  2.709  4.0941  3.618    1  0.000  0.538     0.00     0.00     0.00     0.00     0.00 -1    -1e-30      0.00 7.361e-01 2.584e-01 9.888e-04 2.699e-04 2.452e-03 -1.000 5.571e-03 -2.002 -1.291 -1.339 -1.207
0.0055 -0.44261 8.30001 3.6397304535 2.6039119556    3.637  2.722  4.1045  3.646    1  0.000  0.538     0.00     0.00     0.00     0.00     0.00 -1    -1e-30      0.00 7.361e-01 2.584e-01 9.888e-04 2.699e-04 2.452e-03 -1.000 5.571e-03 -2.036 -1.267 -1.318 -1.177
0.0055 -0.44261 8.30001 3.6409668922 2.6039252104    3.638  2.736  4.1148  3.674    1  0.000  0.538     0.00     0.00     0.00     0.00     0.00 -1    -1e-30      0.00 7.361e-01 2.584e-01 9.888e-04 2.699e-04 2.452e-03 -1.000 5.571e-03 -2.071 -1.244 -1.298 -1.148
0.0055 -0.44261 8.30001 3.6416797638 2.6039328478    3.639  2.753  4.1254  3.700    1  0.000  0.538     0.00     0.00     0.00     0.00     0.00 -1    -1e-30      0.00 7.361e-01 2.584e-01 9.888e-04 2.699e-04 2.452e-03 -1.000 5.571e-03 -2.113 -1.226 -1.283 -1.124
0.0055 -0.44261 8.30001 3.6421008110 2.6039373571    3.639  2.771  4.1350  3.720    1  0.000  0.538     0.00     0.00     0.00     0.00     0.00 -1    -1e-30      0.00 7.361e-01 2.584e-01 9.888e-04 2.699e-04 2.452e-03 -1.000 5.571e-03 -2.158 -1.217 -1.277 -1.109
0.0055 -0.44261 8.30001 3.6423072815 2.6039395679    3.640  2.779  4.1394  3.730    1  0.000  0.538     0.00     0.00     0.00     0.00     0.00 -1    -1e-30      0.00 7.361e-01 2.584e-01 9.888e-04 2.699e-04 2.452e-03 -1.000 5.571e-03 -2.177 -1.210 -1.272 -1.100
0.0055 -0.44261 8.30001 3.6424794197 2.6039414109    3.640  2.753  4.1322  3.726    2  0.000  0.538     0.00     0.00     0.00     0.00     0.00 -1    -1e-30      0.00 7.361e-01 2.584e-01 9.888e-04 2.699e-04 2.452e-03 -1.000 5.571e-03 -2.114 -1.188 -1.248 -1.082
0.0055 -0.44261 8.30001 3.6425998211 2.6039426998    3.640  2.734  4.1232  3.710    2  0.000  0.538     0.00     0.00     0.00     0.00     0.00 -1    -1e-30      0.00 7.361e-01 2.584e-01 9.888e-04 2.699e-04 2.452e-03 -1.000 5.571e-03 -2.065 -1.190 -1.247 -1.089
0.0055 -0.44261 8.30001 3.6427462101 2.6039442668    3.640  2.725  4.1113  3.671    2  0.000  0.538     0.00     0.00     0.00     0.00     0.00 -1    -1e-30      0.00 7.361e-01 2.584e-01 9.888e-04 2.699e-04 2.452e-03 -1.000 5.571e-03 -2.043 -1.237 -1.290 -1.142
0.0055 -0.44261 8.30001 3.6429080963 2.6039459995    3.640  2.735  4.0995  3.614    2  0.000  0.538     0.00     0.00     0.00     0.00     0.00 -1    -1e-30      0.00 7.361e-01 2.584e-01 9.888e-04 2.699e-04 2.452e-03 -1.000 5.571e-03 -2.067 -1.326 -1.375 -1.239
0.0055 -0.44261 8.30001 3.6430954933 2.6039480051    3.641  2.751  4.0875  3.551    2  0.000  0.538     0.00     0.00     0.00     0.00     0.00 -1    -1e-30      0.00 7.361e-01 2.584e-01 9.888e-04 2.699e-04 2.452e-03 -1.000 5.571e-03 -2.107 -1.432 -1.478 -1.352
0.0055 -0.44261 8.30001 3.6433014870 2.6039502094    3.641  2.764  4.0755  3.489    2  0.000  0.538     0.00     0.00     0.00     0.00     0.00 -1    -1e-30      0.00 7.361e-01 2.584e-01 9.888e-04 2.699e-04 2.452e-03 -1.000 5.571e-03 -2.141 -1.531 -1.573 -1.458
0.0055 -0.44261 8.30001 3.6435210705 2.6039525588    3.641  2.773  4.0635  3.432    2  0.000  0.538     0.00     0.00     0.00     0.00     0.00 -1    -1e-30      0.00 7.361e-01 2.584e-01 9.888e-04 2.699e-04 2.452e-03 -1.000 5.571e-03 -2.164 -1.618 -1.656 -1.553
0.0055 -0.44261 8.30001 3.6437506676 2.6039550151    3.641  2.780  4.0514  3.377    2  0.000  0.538     0.00     0.00     0.00     0.00     0.00 -1    -1e-30      0.00 7.361e-01 2.584e-01 9.888e-04 2.699e-04 2.452e-03 -1.000 5.571e-03 -2.179 -1.696 -1.730 -1.639
0.0055 -0.44261 8.30001 3.6439867020 2.6039575398    3.641  2.784  4.0393  3.325    2  0.000  0.538     0.00     0.00     0.00     0.00     0.00 -1    -1e-30      0.00 7.361e-01 2.584e-01 9.888e-04 2.699e-04 2.452e-03 -1.000 5.571e-03 -2.189 -1.768 -1.797 -1.718
0.0055 -0.44261 8.30001 3.6442251205 2.6039600896    3.642  2.786  4.0271  3.274    2  0.000  0.538     0.00     0.00     0.00     0.00     0.00 -1    -1e-30      0.00 7.361e-01 2.584e-01 9.888e-04 2.699e-04 2.452e-03 -1.000 5.571e-03 -2.194 -1.834 -1.859 -1.792
0.0055 -0.44261 8.30001 3.6444621086 2.6039626237    3.642  2.787  4.0150  3.225    2  0.000  0.538     0.00     0.00     0.00     0.00     0.00 -1    -1e-30      0.00 7.361e-01 2.584e-01 9.888e-04 2.699e-04 2.452e-03 -1.000 5.571e-03 -2.197 -1.895 -1.916 -1.862
0.0055 -0.44261 8.30001 3.6446938515 2.6039651014    3.642  2.786  4.0028  3.176    2  0.000  0.538     0.00     0.00     0.00     0.00     0.00 -1    -1e-30      0.00 7.361e-01 2.584e-01 9.888e-04 2.699e-04 2.452e-03 -1.000 5.571e-03 -2.196 -1.953 -1.968 -1.928
0.0055 -0.44261 8.30001 3.6449186802 2.6039675048    3.642  2.785  3.9906  3.129    2  0.000  0.538     0.00     0.00     0.00     0.00     0.00 -1    -1e-30      0.00 7.361e-01 2.584e-01 9.888e-04 2.699e-04 2.452e-03 -1.000 5.571e-03 -2.193 -2.005 -2.016 -1.991
0.0055 -0.44261 8.30001 3.6451339722 2.6039698060    3.643  2.783  3.9784  3.082    2  0.000  0.538     0.00     0.00     0.00     0.00     0.00 -1    -1e-30      0.00 7.361e-01 2.584e-01 9.888e-04 2.699e-04 2.452e-03 -1.000 5.571e-03 -2.188 -2.054 -2.059 -2.050
0.0055 -0.44261 8.30001 3.6453390121 2.6039719973    3.643  2.781  3.9663  3.036    2  0.000  0.538     0.00     0.00     0.00     0.00     0.00 -1    -1e-30      0.00 7.361e-01 2.584e-01 9.888e-04 2.699e-04 2.452e-03 -1.000 5.571e-03 -2.182 -2.098 -2.097 -2.105
0.0055 -0.44261 8.30001 3.6455330849 2.6039740711    3.643  2.777  3.9541  2.990    2  0.000  0.538     0.00     0.00     0.00     0.00     0.00 -1    -1e-30      0.00 7.361e-01 2.584e-01 9.888e-04 2.699e-04 2.452e-03 -1.000 5.571e-03 -2.174 -2.137 -2.129 -2.158
0.0055 -0.44261 8.30001 3.6457161903 2.6039760275    3.643  2.774  3.9419  2.945    2  0.000  0.538     0.00     0.00     0.00     0.00     0.00 -1    -1e-30      0.00 7.361e-01 2.584e-01 9.888e-04 2.699e-04 2.452e-03 -1.000 5.571e-03 -2.164 -2.170 -2.154 -2.208
0.0055 -0.44261 8.30001 3.6458888054 2.6039778716    3.643  2.769  3.9297  2.901    2  0.000  0.538     0.00     0.00     0.00     0.00     0.00 -1    -1e-30      0.00 7.361e-01 2.584e-01 9.888e-04 2.699e-04 2.452e-03 -1.000 5.571e-03 -2.153 -2.198 -2.172 -2.254
0.0055 -0.44261 8.30001 3.6460504532 2.6039795983    3.643  2.764  3.9175  2.857    2  0.000  0.538     0.00     0.00     0.00     0.00     0.00 -1    -1e-30      0.00 7.361e-01 2.584e-01 9.888e-04 2.699e-04 2.452e-03 -1.000 5.571e-03 -2.141 -2.216 -2.178 -2.294
0.0055 -0.44261 8.30001 3.6462020874 2.6039812180    3.644  2.759  3.9052  2.813    2  0.000  0.538     0.00     0.00     0.00     0.00     0.00 -1    -1e-30      0.00 7.361e-01 2.584e-01 9.888e-04 2.699e-04 2.452e-03 -1.000 5.571e-03 -2.128 -2.226 -2.175 -2.330
0.0055 -0.44261 8.30001 3.6463437080 2.6039827305    3.644  2.753  3.8930  2.770    2  0.000  0.538     0.00     0.00     0.00     0.00     0.00 -1    -1e-30      0.00 7.361e-01 2.584e-01 9.888e-04 2.699e-04 2.452e-03 -1.000 5.571e-03 -2.114 -2.230 -2.164 -2.362
0.0055 -0.44261 8.30001 3.6464760303 2.6039841436    3.644  2.747  3.8808  2.727    2  0.000  0.538     0.00     0.00     0.00     0.00     0.00 -1    -1e-30      0.00 7.361e-01 2.584e-01 9.888e-04 2.699e-04 2.452e-03 -1.000 5.571e-03 -2.099 -2.228 -2.144 -2.390
0.0055 -0.44261 8.30001 3.6465997696 2.6039854649    3.644  2.741  3.8686  2.685    2  0.000  0.538     0.00     0.00     0.00     0.00     0.00 -1    -1e-30      0.00 7.361e-01 2.584e-01 9.888e-04 2.699e-04 2.452e-03 -1.000 5.571e-03 -2.083 -2.220 -2.117 -2.416
0.0055 -0.44261 8.30001 3.6467151642 2.6039866971    3.644  2.734  3.8564  2.643    2  0.000  0.538     0.00     0.00     0.00     0.00     0.00 -1    -1e-30      0.00 7.361e-01 2.584e-01 9.888e-04 2.699e-04 2.452e-03 -1.000 5.571e-03 -2.066 -2.209 -2.085 -2.438
0.0055 -0.44261 8.30001 3.6468229294 2.6039878476    3.644  2.727  3.8443  2.601    2  0.000  0.538     0.00     0.00     0.00     0.00     0.00 -1    -1e-30      0.00 7.361e-01 2.584e-01 9.888e-04 2.699e-04 2.452e-03 -1.000 5.571e-03 -2.049 -2.194 -2.049 -2.456
0.0055 -0.44261 8.30001 3.6469237804 2.6039889243    3.644  2.720  3.8322  2.560    2  0.000  0.538     0.00     0.00     0.00     0.00     0.00 -1    -1e-30      0.00 7.361e-01 2.584e-01 9.888e-04 2.699e-04 2.452e-03 -1.000 5.571e-03 -2.030 -2.176 -2.010 -2.471
0.0055 -0.44261 8.30001 3.6470181942 2.6039899322    3.644  2.713  3.8202  2.520    2  0.000  0.538     0.00     0.00     0.00     0.00     0.00 -1    -1e-30      0.00 7.361e-01 2.584e-01 9.888e-04 2.699e-04 2.452e-03 -1.000 5.571e-03 -2.012 -2.155 -1.967 -2.481
0.0055 -0.44261 8.30001 3.6471066475 2.6039908765    3.645  2.705  3.8083  2.480    2  0.000  0.538     0.00     0.00     0.00     0.00     0.00 -1    -1e-30      0.00 7.361e-01 2.584e-01 9.888e-04 2.699e-04 2.452e-03 -1.000 5.571e-03 -1.993 -2.132 -1.922 -2.490
0.0055 -0.44261 8.30001 3.6471898556 2.6039917647    3.645  2.697  3.7965  2.441    2  0.000  0.538     0.00     0.00     0.00     0.00     0.00 -1    -1e-30      0.00 7.361e-01 2.584e-01 9.888e-04 2.699e-04 2.452e-03 -1.000 5.571e-03 -1.973 -2.107 -1.873 -2.495
0.0055 -0.44261 8.30001 3.6472675800 2.6039925943    3.645  2.689  3.7853  2.404    2  0.000  0.538     0.00     0.00     0.00     0.00     0.00 -1    -1e-30      0.00 7.361e-01 2.584e-01 9.888e-04 2.699e-04 2.452e-03 -1.000 5.571e-03 -1.952 -2.079 -1.823 -2.496
0.0055 -0.44261 8.30001 3.6473410130 2.6039933780    3.645  2.681  3.7750  2.371    2  0.000  0.538     0.00     0.00     0.00     0.00     0.00 -1    -1e-30      0.00 7.361e-01 2.584e-01 9.888e-04 2.699e-04 2.452e-03 -1.000 5.571e-03 -1.931 -2.050 -1.772 -2.493
0.0055 -0.44261 8.30001 3.6474108696 2.6039941236    3.645  2.672  3.7657  2.343    2  0.000  0.538     0.00     0.00     0.00     0.00     0.00 -1    -1e-30      0.00 7.361e-01 2.584e-01 9.888e-04 2.699e-04 2.452e-03 -1.000 5.571e-03 -1.910 -2.019 -1.721 -2.485
0.0055 -0.44261 8.30001 3.6474773884 2.6039948335    3.645  2.663  3.7576  2.319    2  0.000  0.538     0.00     0.00     0.00     0.00     0.00 -1    -1e-30      0.00 7.361e-01 2.584e-01 9.888e-04 2.699e-04 2.452e-03 -1.000 5.571e-03 -1.887 -1.987 -1.673 -2.473
0.0055 -0.44261 8.30001 3.6475439072 2.6039955434    3.645  2.653  3.7504  2.300    2  0.000  0.538     0.00     0.00     0.00     0.00     0.00 -1    -1e-30      0.00 7.361e-01 2.584e-01 9.888e-04 2.699e-04 2.452e-03 -1.000 5.571e-03 -1.863 -1.954 -1.625 -2.457
0.0055 -0.44261 8.30001 3.6476192474 2.6039963473    3.645  2.641  3.7439  2.286    2  0.000  0.538     0.00     0.00     0.00     0.00     0.00 -1    -1e-30      0.00 7.361e-01 2.584e-01 9.888e-04 2.699e-04 2.452e-03 -1.000 5.571e-03 -1.833 -1.915 -1.572 -2.432
0.0055 -0.44261 8.30001 3.6477098465 2.6039973141    3.645  2.626  3.7371  2.274    2  0.000  0.538     0.00     0.00     0.00     0.00     0.00 -1    -1e-30      0.00 7.361e-01 2.584e-01 9.888e-04 2.699e-04 2.452e-03 -1.000 5.571e-03 -1.795 -1.866 -1.509 -2.399
0.0055 -0.44261 8.30001 3.6478419304 2.6039987234    3.645  2.602  3.7288  2.264    2  0.000  0.538     0.00     0.00     0.00     0.00     0.00 -1    -1e-30      0.00 7.361e-01 2.584e-01 9.888e-04 2.699e-04 2.452e-03 -1.000 5.571e-03 -1.736 -1.795 -1.419 -2.346
0.0055 -0.44261 8.30001 3.6479680538 2.6040000691    3.645  2.581  3.7216  2.257    2  0.000  0.538     0.00     0.00     0.00     0.00     0.00 -1    -1e-30      0.00 7.361e-01 2.584e-01 9.888e-04 2.699e-04 2.452e-03 -1.000 5.571e-03 -1.683 -1.730 -1.338 -2.297
0.0055 -0.44261 8.30001 3.6481070518 2.6040015519    3.646  2.564  3.7141  2.244    2  0.000  0.538     0.00     0.00     0.00     0.00     0.00 -1    -1e-30      0.00 7.361e-01 2.584e-01 9.888e-04 2.699e-04 2.452e-03 -1.000 5.571e-03 -1.641 -1.673 -1.264 -2.257
0.0055 -0.44261 8.30001 3.6482067108 2.6040026150    3.646  2.558  3.7089  2.229    2  0.000  0.538     0.00     0.00     0.00     0.00     0.00 -1    -1e-30      0.00 7.361e-01 2.584e-01 9.888e-04 2.699e-04 2.452e-03 -1.000 5.571e-03 -1.625 -1.646 -1.224 -2.242
0.0055 -0.44261 8.30001 3.6483254433 2.6040038815    3.646  2.571  3.7029  2.192    3  0.000  0.538     2.56     2.26     1.73     1.24     1.02  4    -1e-30      0.00 7.361e-01 2.584e-01 9.888e-04 2.699e-04 2.452e-03 -1.000 5.571e-03 -1.659 -1.667 -1.230 -2.276
0.0055 -0.44261 8.30001 3.6484844685 2.6040055777    3.646  2.605  3.6952  2.127    3  0.000  0.537     2.91     2.53     1.93     1.39     1.14  4    -1e-30      0.00 7.360e-01 2.584e-01 9.885e-04 2.700e-04 2.452e-03 -1.000 5.571e-03 -1.743 -1.733 -1.277 -2.360
0.0055 -0.44261 8.30001 3.6486208439 2.6040070321    3.646  2.644  3.6893  2.065    3  0.000  0.536     3.31     2.84     2.15     1.55     1.27  4    -1e-30      0.00 7.360e-01 2.585e-01 9.852e-04 2.708e-04 2.452e-03 -1.000 5.571e-03 -1.839 -1.815 -1.343 -2.455
0.0055 -0.44261 8.30001 3.6487483978 2.6040083923    3.646  2.678  3.6851  2.014    3  0.000  0.527     3.68     3.11     2.34     1.70     1.39  4    -1e-30      0.00 7.359e-01 2.585e-01 9.694e-04 2.802e-04 2.452e-03 -1.000 5.571e-03 -1.925 -1.888 -1.405 -2.538
0.0055 -0.44261 8.30001 3.6489155293 2.6040101744    3.646  2.714  3.6809  1.961    3  0.000  0.503     4.10     3.42     2.57     1.87     1.52  4    -1e-30      0.00 7.358e-01 2.586e-01 9.246e-04 3.189e-04 2.452e-03 -1.000 5.571e-03 -2.016 -1.968 -1.474 -2.628
0.0055 -0.44261 8.30001 3.6490750313 2.6040118750    3.646  2.741  3.6780  1.923    3  0.000  0.472     4.43     3.67     2.74     1.99     1.63  4    -1e-30      0.00 7.357e-01 2.587e-01 8.671e-04 3.852e-04 2.452e-03 -1.000 5.572e-03 -2.081 -2.026 -1.523 -2.693
0.0055 -0.44261 8.30001 3.6491107941 2.6040122563    3.647  2.745  3.6775  1.916    3  0.000  0.466     4.49     3.71     2.78     2.02     1.65  4    -1e-30      0.00 7.357e-01 2.587e-01 8.559e-04 3.988e-04 2.452e-03 -1.000 5.581e-03 -2.094 -2.037 -1.532 -2.705
0.0055 -0.44261 8.30001 3.6491463184 2.6040126350    3.647  2.750  3.6769  1.909    3  0.000  0.460     4.55     3.76     2.81     2.04     1.67  4    -1e-30      0.00 7.357e-01 2.587e-01 8.445e-04 4.128e-04 2.452e-03 -1.000 5.590e-03 -2.106 -2.047 -1.541 -2.717
0.0055 -0.44261 8.30001 3.6491830349 2.6040130264    3.647  2.755  3.6764  1.903    3  0.000  0.454     4.62     3.81     2.84     2.07     1.69  4    -1e-30      0.00 7.356e-01 2.588e-01 8.339e-04 4.258e-04 2.452e-03 -1.000 5.571e-03 -2.117 -2.058 -1.550 -2.729
0.0055 -0.44261 8.30001 3.6495141983 2.6040165564    3.647  2.794  3.6724  1.847    3  0.000  0.416     5.17     4.21     3.13     2.28     1.86  4    -1e-30      0.00 7.354e-01 2.590e-01 7.645e-04 5.113e-04 2.452e-03 -1.000 5.596e-03 -2.215 -2.144 -1.624 -2.825
0.0055 -0.44261 8.30001 3.6498448849 2.6040200806    3.647  2.832  3.6687  1.795    3  0.000  0.391     5.75     4.62     3.42     2.50     2.04  4    -1e-30      0.00 7.352e-01 2.591e-01 7.185e-04 5.681e-04 2.451e-03 -1.000 5.639e-03 -2.309 -2.227 -1.696 -2.916
0.0055 -0.44261 8.30001 3.6501758099 2.6040236066    3.648  2.869  3.6652  1.744    3  0.000  0.374     6.39     5.07     3.74     2.73     2.23  4    -1e-30      0.00 7.350e-01 2.594e-01 6.859e-04 6.104e-04 2.449e-03 -1.000 5.638e-03 -2.402 -2.308 -1.766 -3.006
0.0055 -0.44261 8.30001 3.6505067348 2.6040271319    3.648  2.906  3.6618  1.693    3  0.000  0.364     7.08     5.55     4.08     2.98     2.44  4    -1e-30      0.00 7.341e-01 2.602e-01 6.618e-04 6.628e-04 2.423e-03 -1.000 5.652e-03 -2.495 -2.389 -1.837 -3.095
0.0055 -0.44261 8.30001 3.6509108543 2.6040314359    3.648  2.951  3.6579  1.633    3  0.000  0.362     8.01     6.20     4.53     3.32     2.71  4    -1e-30      0.00 7.306e-01 2.638e-01 6.387e-04 7.555e-04 2.349e-03 -1.000 5.621e-03 -2.607 -2.487 -1.923 -3.202
0.0055 -0.44261 8.30001 3.6513149738 2.6040357388    3.649  2.996  3.6543  1.573    3  0.000  0.362     9.05     6.90     5.02     3.68     3.01  4    -1e-30      0.00 7.249e-01 2.695e-01 6.198e-04 8.378e-04 2.282e-03 -1.000 5.582e-03 -2.719 -2.584 -2.009 -3.308
0.0055 -0.44261 8.30001 3.6516823769 2.6040396498    3.649  3.036  3.6510  1.520    3  0.000  0.362    10.10     7.61     5.51     4.04     3.31  4    -1e-30      0.00 7.193e-01 2.751e-01 6.062e-04 8.975e-04 2.233e-03 -1.000 5.607e-03 -2.821 -2.673 -2.088 -3.404
0.0055 -0.44261 8.30001 3.6522774696 2.6040459827    3.650  3.079  3.6475  1.463    3  0.000  0.361    11.34     8.42     6.07     4.47     3.66  4    -1e-30      0.00 7.140e-01 2.804e-01 5.958e-04 9.433e-04 2.195e-03 -1.000 5.629e-03 -2.928 -2.763 -2.166 -3.503
0.0055 -0.44261 8.30001 3.6526570320 2.6040500206    3.650  3.097  3.6461  1.440    3  0.000  0.361    11.89     8.79     6.32     4.65     3.81  4    -1e-30      0.00 7.119e-01 2.825e-01 5.921e-04 9.597e-04 2.182e-03 -1.000 5.628e-03 -2.972 -2.801 -2.199 -3.544
0.0055 -0.44261 8.30001 3.6592915058 2.6041204461    3.657  3.060  3.6498  1.492    4  0.000  0.361     0.00     0.00     0.00     0.00     0.00 -1    -1e-30      0.00 7.120e-01 2.824e-01 5.922e-04 9.594e-04 2.182e-03 -1.000 5.626e-03 -2.880 -2.727 -2.139 -3.461
0.0055 -0.44261 8.30001 3.6650750637 2.6041815998    3.663  3.019  3.6538  1.550    4  0.000  0.361     0.00     0.00     0.00     0.00     0.00 -1    -1e-30      0.00 7.120e-01 2.824e-01 5.923e-04 9.592e-04 2.182e-03 -1.000 5.623e-03 -2.778 -2.642 -2.065 -3.366
0.0055 -0.44261 8.30001 3.6692478657 2.6042255842    3.667  2.979  3.6576  1.605    4  0.000  0.361     0.00     0.00     0.00     0.00     0.00 -1    -1e-30      0.00 7.120e-01 2.823e-01 5.923e-04 9.591e-04 2.182e-03 -1.000 5.622e-03 -2.678 -2.557 -1.992 -3.273
0.0055 -0.44261 8.30001 3.6731586456 2.6042667024    3.671  2.938  3.6615  1.663    4  0.000  0.361     0.00     0.00     0.00     0.00     0.00 -1    -1e-30      0.00 7.121e-01 2.823e-01 5.924e-04 9.589e-04 2.182e-03 -1.000 5.621e-03 -2.575 -2.468 -1.915 -3.175
0.0055 -0.44261 8.30001 3.6770427227 2.6043074403    3.674  2.896  3.6655  1.721    4  0.000  0.362     0.00     0.00     0.00     0.00     0.00 -1    -1e-30      0.00 7.121e-01 2.823e-01 5.925e-04 9.588e-04 2.182e-03 -1.000 5.619e-03 -2.469 -2.377 -1.835 -3.074
0.0055 -0.44261 8.30001 3.6811592579 2.6043505084    3.679  2.853  3.6697  1.782    4  0.000  0.362     0.00     0.00     0.00     0.00     0.00 -1    -1e-30      0.00 7.121e-01 2.822e-01 5.925e-04 9.586e-04 2.182e-03 -1.000 5.618e-03 -2.362 -2.284 -1.756 -2.972
0.0055 -0.44261 8.30001 3.6853573322 2.6043943156    3.683  2.815  3.6739  1.837    4  0.000  0.362     0.00     0.00     0.00     0.00     0.00 -1    -1e-30      0.00 7.122e-01 2.822e-01 5.926e-04 9.585e-04 2.183e-03 -1.000 5.616e-03 -2.267 -2.201 -1.685 -2.878
0.0055 -0.44261 8.30001 3.6900255680 2.6044428945    3.687  2.782  3.6781  1.887    4  0.000  0.362     0.00     0.00     0.00     0.00     0.00 -1    -1e-30      0.00 7.122e-01 2.822e-01 5.927e-04 9.583e-04 2.183e-03 -1.000 5.615e-03 -2.186 -2.132 -1.628 -2.800
0.0055 -0.44261 8.30001 3.6969010830 2.6045141860    3.694  2.754  3.6837  1.938    4  0.000  0.362     0.00     0.00     0.00     0.00     0.00 -1    -1e-30      0.00 7.123e-01 2.821e-01 5.928e-04 9.580e-04 2.183e-03 -1.000 5.612e-03 -2.115 -2.076 -1.588 -2.730
0.0055 -0.44261 8.30001 3.7033147812 2.6045804146    3.701  2.742  3.6887  1.971    4  0.000  0.362     0.00     0.00     0.00     0.00     0.00 -1    -1e-30      0.00 7.123e-01 2.821e-01 5.929e-04 9.578e-04 2.183e-03 -1.000 5.610e-03 -2.085 -2.059 -1.584 -2.702
0.0055 -0.44261 8.30001 3.7132353783 2.6046823378    3.711  2.791  3.7036  1.983    5  0.000  0.362     0.00     0.00     0.00     0.00     0.00 -1    -1e-30      0.00 7.124e-01 2.820e-01 5.931e-04 9.574e-04 2.183e-03 -1.000 5.607e-03 -2.206 -2.219 -1.781 -2.828
0.0055 -0.44261 8.30001 3.7176604271 2.6047275986    3.715  2.816  3.7112  1.989    5  0.000  0.362     0.00     0.00     0.00     0.00     0.00 -1    -1e-30      0.00 7.124e-01 2.820e-01 5.931e-04 9.573e-04 2.183e-03 -1.000 5.605e-03 -2.270 -2.299 -1.880 -2.892
0.0055 -0.44261 8.30001 3.7213690281 2.6047654360    3.719  2.836  3.7188  1.999    5  0.000  0.362     0.00     0.00     0.00     0.00     0.00 -1    -1e-30      0.00 7.125e-01 2.819e-01 5.932e-04 9.571e-04 2.183e-03 -1.000 5.604e-03 -2.321 -2.366 -1.964 -2.941
0.0055 -0.44261 8.30001 3.7240426540 2.6047926602    3.722  2.852  3.7237  2.004    5  0.000  0.362     0.00     0.00     0.00     0.00     0.00 -1    -1e-30      0.00 7.125e-01 2.819e-01 5.933e-04 9.570e-04 2.183e-03 -1.000 5.603e-03 -2.359 -2.413 -2.023 -2.978
0.0055 -0.44261 8.30001 3.7260987759 2.6048135662    3.724  2.863  3.7275  2.008    5  0.000  0.362     0.00     0.00     0.00     0.00     0.00 -1    -1e-30      0.00 7.125e-01 2.819e-01 5.933e-04 9.569e-04 2.183e-03 -1.000 5.602e-03 -2.388 -2.449 -2.068 -3.005
0.0055 -0.44261 8.30001 3.7277433872 2.6048302689    3.725  2.873  3.7314  2.014    5  0.000  0.362     0.00     0.00     0.00     0.00     0.00 -1    -1e-30      0.00 7.125e-01 2.819e-01 5.933e-04 9.569e-04 2.183e-03 -1.000 5.602e-03 -2.412 -2.480 -2.107 -3.026
0.0055 -0.44261 8.30001 3.7291185856 2.6048442225    3.727  2.881  3.7354  2.022    5  0.000  0.362     0.00     0.00     0.00     0.00     0.00 -1    -1e-30      0.00 7.125e-01 2.819e-01 5.933e-04 9.568e-04 2.183e-03 -1.000 5.601e-03 -2.432 -2.506 -2.143 -3.043
0.0055 -0.44261 8.30001 3.7303128242 2.6048563303    3.728  2.888  3.7395  2.032    5  0.000  0.362     0.00     0.00     0.00     0.00     0.00 -1    -1e-30      0.00 7.125e-01 2.819e-01 5.934e-04 9.568e-04 2.183e-03 -1.000 5.601e-03 -2.449 -2.529 -2.176 -3.057
0.0055 -0.44261 8.30001 3.7315106392 2.6048684654    3.729  2.894  3.7441  2.044    5  0.000  0.362     0.00     0.00     0.00     0.00     0.00 -1    -1e-30      0.00 7.125e-01 2.819e-01 5.934e-04 9.567e-04 2.183e-03 -1.000 5.600e-03 -2.465 -2.553 -2.209 -3.070
0.0055 -0.44261 8.30001 3.7327466011 2.6048809777    3.730  2.901  3.7491  2.058    5  0.000  0.362     0.00     0.00     0.00     0.00     0.00 -1    -1e-30      0.00 7.125e-01 2.819e-01 5.934e-04 9.567e-04 2.184e-03 -1.000 5.600e-03 -2.482 -2.577 -2.244 -3.082
0.0055 -0.44261 8.30001 3.7340612411 2.6048942759    3.732  2.907  3.7554  2.076    5  0.000  0.362     0.00     0.00     0.00     0.00     0.00 -1    -1e-30      0.00 7.126e-01 2.818e-01 5.934e-04 9.566e-04 2.184e-03 -1.000 5.599e-03 -2.498 -2.601 -2.282 -3.091
0.0055 -0.44261 8.30001 3.7354445457 2.6049082572    3.733  2.914  3.7622  2.097    5  0.000  0.362     0.00     0.00     0.00     0.00     0.00 -1    -1e-30      0.00 7.126e-01 2.818e-01 5.934e-04 9.566e-04 2.184e-03 -1.000 5.599e-03 -2.514 -2.625 -2.321 -3.099
0.0055 -0.44261 8.30001 3.7368798256 2.6049227511    3.734  2.920  3.7694  2.120    5  0.000  0.362     0.00     0.00     0.00     0.00     0.00 -1    -1e-30      0.00 7.126e-01 2.818e-01 5.935e-04 9.565e-04 2.184e-03 -1.000 5.598e-03 -2.530 -2.648 -2.359 -3.105
0.0055 -0.44261 8.30001 3.7385218143 2.6049393168    3.736  2.926  3.7772  2.145    5  0.000  0.362     0.00     0.00     0.00     0.00     0.00 -1    -1e-30      0.00 7.126e-01 2.818e-01 5.935e-04 9.565e-04 2.184e-03 -1.000 5.598e-03 -2.546 -2.672 -2.400 -3.107
0.0055 -0.44261 8.30001 3.7405393124 2.6049596480    3.738  2.933  3.7856  2.172    5  0.000  0.362     0.00     0.00     0.00     0.00     0.00 -1    -1e-30      0.00 7.126e-01 2.818e-01 5.935e-04 9.564e-04 2.184e-03 -1.000 5.597e-03 -2.563 -2.696 -2.443 -3.109
0.0055 -0.44261 8.30001 3.7439134121 2.6049935941    3.741  2.942  3.7945  2.199    5  0.000  0.362     0.00     0.00     0.00     0.00     0.00 -1    -1e-30      0.00 7.126e-01 2.818e-01 5.936e-04 9.563e-04 2.184e-03 -1.000 5.596e-03 -2.585 -2.724 -2.489 -3.114
0.0055 -0.44261 8.30001 3.7465162277 2.6050197323    3.744  2.947  3.7987  2.211    5  0.000  0.362     0.00     0.00     0.00     0.00     0.00 -1    -1e-30      0.00 7.126e-01 2.818e-01 5.936e-04 9.562e-04 2.184e-03 -1.000 5.595e-03 -2.599 -2.740 -2.514 -3.119
0.0055 -0.44261 8.30001 3.7559471130 2.6051140913    3.753  2.959  3.7932  2.179    6  0.000  0.362     0.00     0.00     0.00     0.00     0.00 -1    -1e-30      0.00 7.127e-01 2.817e-01 5.938e-04 9.558e-04 2.184e-03 -1.000 5.592e-03 -2.626 -2.765 -2.527 -3.158
0.0055 -0.44261 8.30001 3.7725012302 2.6052784092    3.770  2.981  3.7890  2.141    6  0.000  0.362     0.00     0.00     0.00     0.00     0.00 -1    -1e-30      0.00 7.128e-01 2.816e-01 5.940e-04 9.552e-04 2.184e-03 -1.000 5.586e-03 -2.683 -2.820 -2.574 -3.223
0.0055 -0.44261 8.30001 3.7828140259 2.6053799394    3.780  2.994  3.7836  2.107    6  0.000  0.362     0.00     0.00     0.00     0.00     0.00 -1    -1e-30      0.00 7.129e-01 2.815e-01 5.942e-04 9.549e-04 2.185e-03 -1.000 5.583e-03 -2.716 -2.849 -2.591 -3.267
0.0055 -0.44261 8.30001 3.7893550396 2.6054440068    3.787  3.001  3.7759  2.071    6  0.000  0.362     0.00     0.00     0.00     0.00     0.00 -1    -1e-30      0.00 7.130e-01 2.814e-01 5.943e-04 9.546e-04 2.185e-03 -1.000 5.580e-03 -2.732 -2.858 -2.584 -3.296
0.0055 -0.44261 8.30001 3.7941179276 2.6054904982    3.792  3.004  3.7676  2.035    6  0.000  0.362     0.00     0.00     0.00     0.00     0.00 -1    -1e-30      0.00 7.130e-01 2.814e-01 5.944e-04 9.544e-04 2.185e-03 -1.000 5.579e-03 -2.740 -2.858 -2.565 -3.318
0.0055 -0.44261 8.30001 3.7988319397 2.6055363805    3.796  3.006  3.7568  1.991    6  0.000  0.362     0.00     0.00     0.00     0.00     0.00 -1    -1e-30      0.00 7.131e-01 2.814e-01 5.945e-04 9.543e-04 2.185e-03 -1.000 5.577e-03 -2.744 -2.851 -2.535 -3.337
0.0055 -0.44261 8.30001 3.8020148277 2.6055672862    3.800  3.006  3.7478  1.956    6  0.000  0.362     0.00     0.00     0.00     0.00     0.00 -1    -1e-30      0.00 7.131e-01 2.813e-01 5.945e-04 9.542e-04 2.185e-03 -1.000 5.576e-03 -2.744 -2.839 -2.503 -3.347
0.0055 -0.44261 8.30001 3.8044655323 2.6055910418    3.802  3.004  3.7401  1.926    6  0.000  0.362     0.00     0.00     0.00     0.00     0.00 -1    -1e-30      0.00 7.131e-01 2.813e-01 5.946e-04 9.541e-04 2.185e-03 -1.000 5.575e-03 -2.741 -2.825 -2.471 -3.352
0.0055 -0.44261 8.30001 3.8068225384 2.6056138561    3.804  3.002  3.7323  1.898    6  0.000  0.362     0.00     0.00     0.00     0.00     0.00 -1    -1e-30      0.00 7.131e-01 2.813e-01 5.946e-04 9.540e-04 2.185e-03 -1.000 5.574e-03 -2.735 -2.806 -2.435 -3.352
0.0055 -0.44261 8.30001 3.8090920448 2.6056357927    3.807  2.997  3.7243  1.871    6  0.000  0.362     0.00     0.00     0.00     0.00     0.00 -1    -1e-30      0.00 7.131e-01 2.813e-01 5.946e-04 9.539e-04 2.185e-03 -1.000 5.574e-03 -2.723 -2.781 -2.391 -3.346
0.0055 -0.44261 8.30001 3.8109974861 2.6056541871    3.809  2.992  3.7174  1.849    6  0.000  0.362     0.00     0.00     0.00     0.00     0.00 -1    -1e-30      0.00 7.131e-01 2.813e-01 5.947e-04 9.538e-04 2.185e-03 -1.000 5.573e-03 -2.709 -2.754 -2.347 -3.335
0.0055 -0.44261 8.30001 3.8125698566 2.6056693503    3.810  2.986  3.7114  1.831    6  0.000  0.362     0.00     0.00     0.00     0.00     0.00 -1    -1e-30      0.00 7.132e-01 2.813e-01 5.947e-04 9.538e-04 2.185e-03 -1.000 5.572e-03 -2.695 -2.727 -2.305 -3.322
0.0055 -0.44261 8.30001 3.8142368793 2.6056854105    3.812  2.975  3.7042  1.813    6  0.000  0.362     0.00     0.00     0.00     0.00     0.00 -1    -1e-30      0.00 7.132e-01 2.813e-01 5.947e-04 9.537e-04 2.185e-03 -1.000 5.572e-03 -2.668 -2.684 -2.244 -3.295
0.0055 -0.44261 8.30001 3.8159360886 2.6057017642    3.814  2.960  3.6966  1.797    6  0.000  0.362     0.00     0.00     0.00     0.00     0.00 -1    -1e-30      0.00 7.132e-01 2.812e-01 5.947e-04 9.536e-04 2.185e-03 -1.000 5.571e-03 -2.631 -2.628 -2.169 -3.257
0.0055 -0.44261 8.30001 3.8172140121 2.6057140523    3.815  2.949  3.6904  1.784    6  0.000  0.362     0.00     0.00     0.00     0.00     0.00 -1    -1e-30      0.00 7.132e-01 2.812e-01 5.948e-04 9.536e-04 2.185e-03 -1.000 5.571e-03 -2.603 -2.584 -2.109 -3.227
0.0055 -0.44261 8.30001 3.8172848225 2.6057147329    3.815  2.949  3.6901  1.783    6  0.000  0.362     0.00     0.00     0.00     0.00     0.00 -1    -1e-30      0.00 7.132e-01 2.812e-01 5.948e-04 9.536e-04 2.185e-03 -1.000 5.571e-03 -2.601 -2.582 -2.106 -3.225
0.0055 -0.44261 8.30001 3.8186585903 2.6057279315    3.817  2.939  3.6834  1.767    6  0.000  0.362     0.00     0.00     0.00     0.00     0.00 -1    -1e-30      0.00 7.132e-01 2.812e-01 5.948e-04 9.536e-04 2.185e-03 -1.000 5.571e-03 -2.576 -2.538 -2.045 -3.197
0.0055 -0.44261 8.30001 3.8201262951 2.6057420206    3.818  2.948  3.6742  1.721    6  0.000  0.362     0.00     0.00     0.00     0.00     0.00 -1    -1e-30      0.00 7.132e-01 2.812e-01 5.948e-04 9.535e-04 2.185e-03 -1.000 5.571e-03 -2.599 -2.537 -2.019 -3.216
0.0055 -0.44261 8.30001 3.8207752705 2.6057482464    3.819  2.972  3.6674  1.669    6  0.000  0.362     0.00     0.00     0.00     0.00     0.00 -1    -1e-30      0.00 7.132e-01 2.812e-01 5.948e-04 9.535e-04 2.185e-03 -1.000 5.571e-03 -2.660 -2.577 -2.040 -3.271
0.0055 -0.44261 8.30001 3.8208906651 2.6057493531    3.819  3.008  3.6628  1.615    7  0.000  0.362     8.27     6.47     4.73     3.46     2.83  4    -1e-30      0.00 7.132e-01 2.812e-01 5.948e-04 9.535e-04 2.185e-03 -1.000 5.571e-03 -2.750 -2.650 -2.100 -3.354
0.0055 -0.44261 8.30001 3.8209834099 2.6057502426    3.819  3.046  3.6588  1.561    7  0.000  0.362     9.24     7.14     5.19     3.80     3.11  4    -1e-30      0.00 7.132e-01 2.812e-01 5.948e-04 9.535e-04 2.185e-03 -1.000 5.571e-03 -2.845 -2.730 -2.167 -3.443
0.0055 -0.44261 8.30001 3.8212025166 2.6057523437    3.819  3.059  3.6578  1.544    7  0.000  0.362     9.57     7.36     5.34     3.91     3.21  4    -1e-30      0.00 7.132e-01 2.812e-01 5.948e-04 9.535e-04 2.185e-03 -1.000 5.571e-03 -2.877 -2.758 -2.193 -3.474
0.0055 -0.44261 8.30001 3.8217163086 2.6057572697    3.820  3.045  3.6587  1.561    7  0.000  0.362     9.24     7.14     5.19     3.80     3.11  4    -1e-30      0.00 7.132e-01 2.812e-01 5.948e-04 9.534e-04 2.185e-03 -1.000 5.571e-03 -2.843 -2.728 -2.165 -3.441
0.0055 -0.44261 8.30001 3.8220098019 2.6057600828    3.820  3.090  3.6539  1.498    7  0.000  0.362    10.54     8.01     5.79     4.25     3.48  4    -1e-30      0.00 7.132e-01 2.812e-01 5.948e-04 9.534e-04 2.185e-03 -1.000 5.571e-03 -2.955 -2.820 -2.243 -3.544
0.0055 -0.44261 8.30001 3.8222599030 2.6057624797    3.820  3.128  3.6500  1.444    7  0.000  0.362    11.77     8.83     6.35     4.67     3.83  4    -1e-30      0.00 7.132e-01 2.812e-01 5.948e-04 9.534e-04 2.185e-03 -1.000 5.571e-03 -3.051 -2.899 -2.309 -3.633
0.0055 -0.44261 8.30001 3.8226702213 2.6057664112    3.821  3.176  3.6455  1.378    7  0.000  0.362    13.47     9.93     7.12     5.24     4.29  4    -1e-30      0.00 7.132e-01 2.812e-01 5.948e-04 9.534e-04 2.185e-03 -1.000 5.572e-03 -3.169 -2.995 -2.389 -3.742
0.0055 -0.44261 8.30001 3.8231089115 2.6057706135    3.821  3.214  3.6419  1.326    7  0.000  0.362    15.01    10.92     7.79     5.74     4.71  4    -1e-30      0.00 7.132e-01 2.812e-01 5.949e-04 9.534e-04 2.185e-03 -1.000 5.572e-03 -3.265 -3.074 -2.455 -3.829
0.0055 -0.44261 8.30001 3.8236410618 2.6057757096    3.822  3.253  3.6383  1.272    7  0.000  0.362    16.75    12.04     8.55     6.31     5.17  4    -1e-30      0.00 7.132e-01 2.812e-01 5.947e-04 9.534e-04 2.185e-03 -1.000 5.572e-03 -3.363 -3.154 -2.522 -3.919
0.0055 -0.44261 8.30001 3.8242151737 2.6057812057    3.822  3.293  3.6346  1.217    7  0.000  0.362    18.76    13.29     9.40     6.95     5.70  4    -1e-30      0.00 7.132e-01 2.812e-01 5.943e-04 9.535e-04 2.185e-03 -1.000 5.572e-03 -3.463 -3.234 -2.588 -4.010
0.0055 -0.44261 8.30001 3.8247804642 2.6057866155    3.823  3.334  3.6309  1.162    7  0.000  0.361    21.01    14.68    10.33     7.65     6.28  4    -1e-30      0.00 7.132e-01 2.812e-01 5.927e-04 9.549e-04 2.185e-03 -1.000 5.639e-03 -3.564 -3.316 -2.656 -4.101
0.0055 -0.44261 8.30001 3.8253109455 2.6057916905    3.823  3.374  3.6274  1.108    7  0.000  0.359    23.50    16.20    11.35     8.42     6.91  4    -1e-30      0.00 7.132e-01 2.812e-01 5.895e-04 9.588e-04 2.185e-03 -1.000 5.639e-03 -3.665 -3.397 -2.723 -4.192
0.0055 -0.44261 8.30001 3.8258035183 2.6057964013    3.824  3.415  3.6237  1.052    7  0.000  0.357    26.34    17.91    12.49     9.28     7.62  4    -1e-30      0.00 7.132e-01 2.812e-01 5.859e-04 9.627e-04 2.185e-03 -1.000 5.639e-03 -3.767 -3.477 -2.788 -4.283
0.0055 -0.44261 8.30001 3.8262526989 2.6058006960    3.824  3.455  3.6199  0.997    7  0.000  0.355    29.54    19.81    13.76    10.23     8.40  4 -1.07e-30      0.00 7.132e-01 2.812e-01 5.831e-04 9.665e-04 2.185e-03 -1.000 5.639e-03 -3.869 -3.557 -2.853 -4.373
0.0055 -0.44261 8.30001 3.8266589642 2.6058045794    3.825  3.496  3.6162  0.941    7  0.000  0.354    33.11    21.90    15.14    11.27     9.26  4 -1.51e-30      0.00 7.132e-01 2.812e-01 5.806e-04 9.693e-04 2.185e-03 -1.000 5.639e-03 -3.971 -3.636 -2.914 -4.463
0.0055 -0.44261 8.30001 3.8270268440 2.6058080950    3.825  3.537  3.6127  0.887    7  0.000  0.352    37.04    24.17    16.63    12.40    10.19  4 -4.49e-30      0.00 7.132e-01 2.812e-01 5.786e-04 9.720e-04 2.185e-03 -1.000 5.640e-03 -4.072 -3.715 -2.976 -4.552
0.0055 -0.44261 8.30001 3.8273670673 2.6058113456    3.825  3.577  3.6091  0.832    7  0.000  0.352    41.47    26.69    18.28    13.65    11.22  4 -2.45e-10      0.00 7.132e-01 2.811e-01 5.772e-04 9.740e-04 2.184e-03 -1.000 5.730e-03 -4.172 -3.791 -3.035 -4.640
0.0055 -0.44261 8.30001 3.8276853561 2.6058143861    3.825  3.617  3.6055  0.778    7  0.000  0.351    46.38    29.45    20.08    15.02    12.35  4 -1.25e-08      0.00 7.132e-01 2.811e-01 5.757e-04 9.761e-04 2.184e-03 -1.000 5.749e-03 -4.273 -3.868 -3.094 -4.727
0.0055 -0.44261 8.30001 3.8279812336 2.6058172119    3.825  3.658  3.6020  0.723    7  0.000  0.350    51.90    32.50    22.07    16.53    13.59  4  -1.5e-08      0.00 7.132e-01 2.812e-01 5.745e-04 9.790e-04 2.182e-03 -1.000 5.679e-03 -4.374 -3.944 -3.152 -4.815
0.0055 -0.44261 8.30001 3.8282561302 2.6058198370    3.825  3.698  3.5983  0.668    7  0.000  0.350    58.08    35.88    24.25    18.19    14.96  3  -1.8e-08      0.00 7.132e-01 2.812e-01 5.734e-04 9.821e-04 2.180e-03 -1.000 5.671e-03 -4.474 -4.018 -3.207 -4.901
0.0055 -0.44261 8.30001 3.8285114765 2.6058222749    3.824  3.738  3.5947  0.614    7  0.000  0.350    64.97    39.59    26.65    20.02    16.46  3 -2.16e-08      0.00 7.131e-01 2.812e-01 5.724e-04 9.859e-04 2.178e-03 -1.000 5.737e-03 -4.574 -4.091 -3.259 -4.985
0.0055 -0.44261 8.30001 3.8287510872 2.6058245623    3.824  3.778  3.5910  0.559    7  0.000  0.350    72.74    43.72    29.29    22.04    18.13  3 -2.66e-08      0.00 7.130e-01 2.813e-01 5.715e-04 9.898e-04 2.174e-03 -1.000 5.737e-03 -4.674 -4.162 -3.310 -5.069
0.0055 -0.44261 8.30001 3.8289749622 2.6058266991    3.823  3.818  3.5873  0.504    7  0.000  0.350    81.44    48.28    32.20    24.26    19.97  3 -3.48e-08      0.00 7.127e-01 2.815e-01 5.704e-04 9.944e-04 2.171e-03 -1.000 5.737e-03 -4.774 -4.232 -3.356 -5.151
0.0055 -0.44261 8.30001 3.8291852474 2.6058287060    3.822  3.857  3.5835  0.449    7  0.000  0.350    91.14    53.30    35.39    26.71    21.98  3 -5.21e-08      0.00 7.123e-01 2.820e-01 5.694e-04 9.994e-04 2.167e-03 -1.000 5.737e-03 -4.873 -4.299 -3.397 -5.232
0.0055 -0.44261 8.30001 3.8293855190 2.6058306171    3.821  3.897  3.5797  0.394    7  0.000  0.350   102.04    58.86    38.91    29.40    24.21  3 -7.81e-08      0.00 7.112e-01 2.831e-01 5.681e-04 1.005e-03 2.162e-03 -1.000 5.749e-03 -4.972 -4.363 -3.435 -5.312
0.0055 -0.44261 8.30001 3.8295793533 2.6058324665    3.819  3.936  3.5757  0.339    7  0.000  0.350   114.38    65.06    42.82    32.40    26.68  3 -1.17e-07      0.00 7.092e-01 2.851e-01 5.664e-04 1.013e-03 2.155e-03 -1.000 5.692e-03 -5.070 -4.422 -3.461 -5.388
0.0055 -0.44261 8.30001 3.8297648430 2.6058342361    3.816  3.975  3.5717  0.283    7  0.000  0.350   128.30    71.97    47.15    35.74    29.44  2 -1.76e-07      0.00 7.044e-01 2.898e-01 5.629e-04 1.029e-03 2.142e-03 -1.000 5.736e-03 -5.169 -4.480 -3.484 -5.463
0.0055 -0.44261 8.30001 3.8299441338 2.6058359464    3.811  4.016  3.5671  0.224    7  0.000  0.350   144.90    80.09    52.22    39.64    32.66  2 -2.71e-07      0.00 6.926e-01 3.017e-01 5.541e-04 1.070e-03 2.107e-03 -1.000 5.671e-03 -5.270 -4.531 -3.489 -5.534
0.0055 -0.44261 8.30001 3.8300986290 2.6058374200    3.805  4.054  3.5625  0.166    7  0.000  0.350   162.99    88.82    57.64    43.82    36.12  2 -4.02e-07      0.00 6.814e-01 3.129e-01 5.457e-04 1.110e-03 2.074e-03 -1.000 5.736e-03 -5.366 -4.571 -3.479 -5.598
0.0055 -0.44261 8.30001 3.8302500248 2.6058388639    3.796  4.094  3.5577  0.105    7  0.000  0.350   184.49    99.05    63.95    48.71    40.15  2 -6.07e-07      0.00 6.746e-01 3.197e-01 5.407e-04 1.133e-03 2.055e-03 -1.000 5.671e-03 -5.466 -4.608 -3.454 -5.661
0.0055 -0.44261 8.30001 3.8303925991 2.6058402236    3.782  4.134  3.5528  0.045    7  0.000  0.350   208.68   110.40    70.93    54.12    44.62  2 -9.35e-07      0.00 6.712e-01 3.232e-01 5.381e-04 1.145e-03 2.044e-03 -1.000 5.671e-03 -5.565 -4.635 -3.410 -5.716
0.0055 -0.44261 8.30001 3.8305242062 2.6058414786    3.763  4.171  3.5481 -0.013    7  0.000  0.350   234.73   122.47    78.31    59.85    49.36  2  -1.4e-06      0.01 6.696e-01 3.248e-01 5.369e-04 1.152e-03 2.040e-03 -1.000 5.671e-03 -5.658 -4.650 -3.345 -5.761
0.0055 -0.44261 8.30001 3.8306586742 2.6058427607    3.734  4.208  3.5431 -0.073    7  0.000  0.350   264.67   136.19    86.66    66.35    54.73  2 -2.07e-06      0.02 6.688e-01 3.255e-01 5.363e-04 1.154e-03 2.038e-03 -1.000 5.671e-03 -5.749 -4.645 -3.235 -5.792
0.0055 -0.44261 8.30001 3.8308680058 2.6058447565    3.662  4.234  3.5386 -0.126    7  0.000  0.350   292.65   149.03    94.40    72.43    59.75  2 -2.89e-06      0.03 6.682e-01 3.261e-01 5.359e-04 1.156e-03 2.036e-03 -1.000 5.671e-03 -5.814 -4.607 -3.089 -5.788
0.0055 -0.44261 8.30001 3.8309307098 2.6058453542    3.641  4.196  3.5426 -0.075    7  0.000  0.350   263.15   135.73    86.33    66.16    54.56  2 -2.03e-06      0.02 6.682e-01 3.261e-01 5.359e-04 1.156e-03 2.036e-03 -1.000 5.736e-03 -5.721 -4.609 -3.190 -5.759
0.0055 -0.44261 8.30001 3.8309521675 2.6058455588    3.636  4.156  3.5474 -0.016    7  0.000  0.350   233.12   121.95    77.94    59.64    49.17  2 -1.33e-06      0.01 6.682e-01 3.261e-01 5.359e-04 1.156e-03 2.036e-03 -1.000 5.736e-03 -5.620 -4.601 -3.282 -5.716
0.0055 -0.44261 8.30001 3.8309612274 2.6058456452    3.635  4.118  3.5517  0.039    7  0.000  0.350   208.41   110.45    70.90    54.17    44.65  2 -9.12e-07      0.00 6.682e-01 3.261e-01 5.359e-04 1.156e-03 2.036e-03 -1.000 5.736e-03 -5.526 -4.581 -3.341 -5.668
0.0055 -0.44261 8.30001 3.8309686184 2.6058457156    3.634  4.076  3.5566  0.101    7  0.000  0.350   183.57    98.72    63.69    48.59    40.04  2 -5.88e-07      0.00 6.682e-01 3.261e-01 5.359e-04 1.156e-03 2.036e-03 -1.000 5.736e-03 -5.419 -4.546 -3.378 -5.605
0.0055 -0.44261 8.30001 3.8309752941 2.6058457792    3.634  4.040  3.5605  0.152    7  0.000  0.350   165.31    89.99    58.30    44.41    36.59  2 -4.05e-07      0.00 6.682e-01 3.261e-01 5.359e-04 1.156e-03 2.036e-03 -1.000 5.736e-03 -5.330 -4.513 -3.401 -5.549
0.0055 -0.44261 8.30001 3.8309881687 2.6058459020    3.633  4.059  3.5584  0.125    7  0.000  0.350   174.85    94.57    61.13    46.60    38.40  2 -4.98e-07      0.00 6.682e-01 3.261e-01 5.359e-04 1.156e-03 2.036e-03 -1.000 5.736e-03 -5.378 -4.531 -3.390 -5.579
0.0055 -0.44261 8.30001 3.8309962749 2.6058459792    3.632  4.093  3.5546  0.075    7  0.000  0.350   193.46   103.42    66.58    50.82    41.89  2 -7.05e-07      0.00 6.682e-01 3.261e-01 5.359e-04 1.156e-03 2.036e-03 -1.000 5.736e-03 -5.463 -4.560 -3.363 -5.631
0.0055 -0.44261 8.30001 3.8310089111 2.6058460997    3.631  4.127  3.5507  0.026    7  0.000  0.350   213.97   113.06    72.49    55.41    45.68  2 -9.95e-07      0.00 6.682e-01 3.261e-01 5.359e-04 1.156e-03 2.036e-03 -1.000 5.736e-03 -5.547 -4.587 -3.332 -5.680
0.0055 -0.44261 8.30001 3.8310296535 2.6058462974    3.628  4.127  3.5505  0.024    7  0.000  0.350   214.62   113.36    72.68    55.56    45.80  2 -9.99e-07      0.00 6.682e-01 3.261e-01 5.359e-04 1.156e-03 2.036e-03 -1.000 5.736e-03 -5.549 -4.586 -3.329 -5.680
0.0055 -0.44261 8.30001 3.8310403824 2.6058463997    3.626  4.153  3.5476 -0.013    7  0.000  0.350   231.68   121.30    77.54    59.33    48.91  2 -1.31e-06      0.01 6.682e-01 3.261e-01 5.359e-04 1.156e-03 2.036e-03 -1.000 5.736e-03 -5.612 -4.597 -3.281 -5.711
0.0055 -0.44261 8.30001 3.8310613632 2.6058465997    3.622  4.185  3.5436 -0.062    7  0.000  0.350   255.87   132.45    84.32    64.61    53.28  2 -1.84e-06      0.01 6.682e-01 3.261e-01 5.359e-04 1.156e-03 2.036e-03 -1.000 5.736e-03 -5.693 -4.601 -3.204 -5.744
