Zini MH logAge Mini int_IMF Mass logL logTe logg label McoreTP C_O period0 period1 period2 period3 period4 pmode Mloss tau1m X Y Xc Xn Xo Cexcess Z mbolmag Gmag G_BPmag G_RPmag
0.005 -0.48482 8.92001 0.0900000036 1.0816895926    0.090 -3.284  3.4093  5.266    0  0.000  0.545     0.00     0.00     0.00     0.00     0.00 -1 -5.12e-17      0.00 7.371e-01 2.578e-01 9.173e-04 2.474e-04 2.244e-03 -1.000 5.101e-03 12.980 14.719 17.721 13.249
0.005 -0.48482 8.92001 0.0993524194 1.1656740603    0.099 -3.116  3.4337  5.238    0  0.000  0.545     0.00     0.00     0.00     0.00     0.00 -1  -7.4e-17      0.00 7.371e-01 2.578e-01 9.173e-04 2.474e-04 2.244e-03 -1.000 5.101e-03 12.559 14.128 16.776 12.705
0.005 -0.48482 8.92001 0.1000000015 1.1711064122    0.100 -3.104  3.4354  5.236    0  0.000  0.545     0.00     0.00     0.00     0.00     0.00 -1  -7.6e-17      0.00 7.371e-01 2.578e-01 9.173e-04 2.474e-04 2.244e-03 -1.000 5.101e-03 12.530 14.081 16.698 12.664
0.005 -0.48482 8.92001 0.1199999973 1.3193154249    0.120 -2.853  3.4661  5.187    0  0.000  0.545     0.00     0.00     0.00     0.00     0.00 -1  -1.3e-16      0.00 7.370e-01 2.579e-01 9.173e-04 2.474e-04 2.244e-03 -1.000 5.101e-03 11.903 13.151 15.202 11.829
0.005 -0.48482 8.92001 0.1230430827 1.3390468545    0.123 -2.824  3.4692  5.181    0  0.000  0.545     0.00     0.00     0.00     0.00     0.00 -1 -1.39e-16      0.00 7.370e-01 2.579e-01 9.173e-04 2.474e-04 2.244e-03 -1.000 5.101e-03 11.830 13.047 15.044 11.737
0.005 -0.48482 8.92001 0.1400000006 1.4384526719    0.140 -2.669  3.4854  5.147    0  0.000  0.545     0.00     0.00     0.00     0.00     0.00 -1 -1.93e-16      0.00 7.369e-01 2.580e-01 9.173e-04 2.474e-04 2.244e-03 -1.000 5.101e-03 11.444 12.506 14.238 11.256
0.005 -0.48482 8.92001 0.1566351354 1.5218241116    0.157 -2.550  3.4964  5.121    0  0.000  0.545     0.00     0.00     0.00     0.00     0.00 -1 -2.46e-16      0.00 7.369e-01 2.580e-01 9.173e-04 2.474e-04 2.244e-03 -1.000 5.101e-03 11.146 12.109 13.684 10.901
0.005 -0.48482 8.92001 0.1599999964 1.5372931554    0.160 -2.528  3.4985  5.116    0  0.000  0.545     0.00     0.00     0.00     0.00     0.00 -1 -2.58e-16      0.00 7.369e-01 2.580e-01 9.173e-04 2.474e-04 2.244e-03 -1.000 5.101e-03 11.090 12.035 13.582 10.834
0.005 -0.48482 8.92001 0.1999999881 1.6938790356    0.200 -2.313  3.5164  5.069    0  0.000  0.545     0.00     0.00     0.00     0.00     0.00 -1    -4e-16      0.00 7.368e-01 2.581e-01 9.173e-04 2.474e-04 2.244e-03 -1.000 5.101e-03 10.552 11.352 12.695 10.217
0.005 -0.48482 8.92001 0.2500000000 1.8403257998    0.250 -2.116  3.5308  5.027    0  0.000  0.545     0.00     0.00     0.00     0.00     0.00 -1 -5.92e-16      0.00 7.366e-01 2.583e-01 9.173e-04 2.474e-04 2.244e-03 -1.000 5.101e-03 10.059 10.758 11.971 9.671
0.005 -0.48482 8.92001 0.3195121586 1.9904159199    0.319 -1.896  3.5440  4.967    0  0.000  0.545     0.00     0.00     0.00     0.00     0.00 -1 -9.28e-16      0.00 7.370e-01 2.579e-01 9.173e-04 2.474e-04 2.244e-03 -1.000 5.101e-03 9.511 10.129 11.246 9.082
0.005 -0.48482 8.92001 0.3322113454 2.0132600393    0.332 -1.857  3.5462  4.953    0  0.000  0.545     0.00     0.00     0.00     0.00     0.00 -1 -1.01e-15      0.00 7.371e-01 2.578e-01 9.173e-04 2.474e-04 2.244e-03 -1.000 5.101e-03 9.413 10.018 11.121 8.978
0.005 -0.48482 8.92001 0.3499999642 2.0434174156    0.350 -1.810  3.5498  4.943    0  0.000  0.545     0.00     0.00     0.00     0.00     0.00 -1 -1.11e-15      0.00 7.371e-01 2.578e-01 9.173e-04 2.474e-04 2.244e-03 -1.000 5.101e-03 9.294 9.879 10.958 8.849
0.005 -0.48482 8.92001 0.3999999762 2.1185023988    0.400 -1.655  3.5610  4.891    0  0.000  0.545     0.00     0.00     0.00     0.00     0.00 -1 -1.57e-15      0.00 7.371e-01 2.578e-01 9.173e-04 2.474e-04 2.244e-03 -1.000 5.101e-03 8.908 9.431 10.442 8.434
0.005 -0.48482 8.92001 0.4239759445 2.1503054887    0.424 -1.573  3.5678  4.862    0  0.000  0.545     0.00     0.00     0.00     0.00     0.00 -1 -1.91e-15      0.00 7.371e-01 2.578e-01 9.173e-04 2.474e-04 2.244e-03 -1.000 5.101e-03 8.703 9.190 10.162 8.213
0.005 -0.48482 8.92001 0.4499999881 2.1822809009    0.450 -1.491  3.5746  4.832    0  0.000  0.545     0.00     0.00     0.00     0.00     0.00 -1 -2.32e-15      0.00 7.371e-01 2.578e-01 9.173e-04 2.474e-04 2.244e-03 -1.000 5.101e-03 8.496 8.949 9.886 7.991
0.005 -0.48482 8.92001 0.4564385414 2.1898224068    0.456 -1.467  3.5770  4.824    0  0.000  0.545     0.00     0.00     0.00     0.00     0.00 -1 -2.45e-15      0.00 7.371e-01 2.578e-01 9.173e-04 2.474e-04 2.244e-03 -1.000 5.101e-03 8.438 8.879 9.805 7.927
0.005 -0.48482 8.92001 0.4999999404 2.2374540715    0.500 -1.318  3.5929  4.779    0  0.000  0.545     0.00     0.00     0.00     0.00     0.00 -1 -3.49e-15      0.00 7.371e-01 2.578e-01 9.173e-04 2.474e-04 2.244e-03 -1.000 5.101e-03 8.065 8.435 9.288 7.524
0.005 -0.48482 8.92001 0.5174369216 2.2547349061    0.517 -1.253  3.6015  4.763    0  0.000  0.545     0.00     0.00     0.00     0.00     0.00 -1 -4.05e-15      0.00 7.384e-01 2.565e-01 9.129e-04 2.463e-04 2.234e-03 -1.000 5.101e-03 7.903 8.239 9.057 7.349
0.005 -0.48482 8.92001 0.5500000119 2.2836582633    0.550 -1.141  3.6179  4.742    0  0.000  0.545     0.00     0.00     0.00     0.00     0.00 -1 -5.22e-15      0.00 7.394e-01 2.555e-01 9.096e-04 2.454e-04 2.226e-03 -1.000 5.100e-03 7.622 7.899 8.652 7.049
0.005 -0.48482 8.92001 0.5802163482 2.3071849989    0.580 -1.033  3.6337  4.721    0  0.000  0.545     0.00     0.00     0.00     0.00     0.00 -1 -6.65e-15      0.00 7.398e-01 2.551e-01 9.083e-04 2.451e-04 2.223e-03 -1.000 5.067e-03 7.352 7.572 8.263 6.763
0.005 -0.48482 8.92001 0.5999999642 2.3211212854    0.600 -0.966  3.6445  4.712    0  0.000  0.545     0.00     0.00     0.00     0.00     0.00 -1 -7.71e-15      0.00 7.399e-01 2.551e-01 9.082e-04 2.450e-04 2.222e-03 -1.000 5.032e-03 7.186 7.364 8.010 6.586
0.005 -0.48482 8.92001 0.6499999166 2.3520352771    0.650 -0.801  3.6733  4.697    0  0.000  0.545     0.00     0.00     0.00     0.00     0.00 -1  -1.1e-14      0.00 7.402e-01 2.547e-01 9.073e-04 2.448e-04 2.220e-03 -1.000 5.063e-03 6.772 6.842 7.378 6.147
0.005 -0.48482 8.92001 0.6999999881 2.3779266974    0.700 -0.647  3.6998  4.681    1  0.000  0.545     0.00     0.00     0.00     0.00     0.00 -1 -1.54e-14      0.00 7.407e-01 2.543e-01 9.058e-04 2.444e-04 2.217e-03 -1.000 5.038e-03 6.388 6.380 6.838 5.752
0.005 -0.48482 8.92001 0.7489780188 2.3994736557    0.749 -0.507  3.7235  4.665    1  0.000  0.538     0.00     0.00     0.00     0.00     0.00 -1  -2.1e-14      0.00 7.412e-01 2.537e-01 8.926e-04 2.437e-04 2.214e-03 -1.000 5.049e-03 6.037 5.983 6.383 5.408
0.005 -0.48482 8.92001 0.7979561090 2.4180075369    0.798 -0.375  3.7433  4.641    1  0.000  0.538     0.00     0.00     0.00     0.00     0.00 -1 -2.83e-14      0.00 7.420e-01 2.530e-01 8.904e-04 2.431e-04 2.208e-03 -1.000 5.005e-03 5.709 5.630 5.987 5.098
0.005 -0.48482 8.92001 0.8469341993 2.4340981614    0.846 -0.252  3.7608  4.613    1  0.000  0.537     0.00     0.00     0.00     0.00     0.00 -1 -3.77e-14      0.00 7.430e-01 2.520e-01 8.872e-04 2.423e-04 2.201e-03 -1.000 4.962e-03 5.399 5.309 5.630 4.815
0.005 -0.48482 8.92001 0.8959121704 2.4481825371    0.895 -0.134  3.7759  4.579    1  0.000  0.537     0.00     0.00     0.00     0.00     0.00 -1    -5e-14      0.00 7.444e-01 2.506e-01 8.824e-04 2.410e-04 2.189e-03 -1.000 4.958e-03 5.105 5.012 5.303 4.551
0.005 -0.48482 8.92001 0.9069489837 2.4511157917    0.906 -0.108  3.7789  4.571    1  0.000  0.537     0.00     0.00     0.00     0.00     0.00 -1 -5.32e-14      0.00 7.450e-01 2.500e-01 8.810e-04 2.406e-04 2.186e-03 -1.000 4.951e-03 5.040 4.947 5.232 4.493
0.005 -0.48482 8.92001 0.9448902607 2.4606011507    0.944 -0.022  3.7889  4.542    1  0.000  0.537     0.00     0.00     0.00     0.00     0.00 -1 -6.58e-14      0.00 7.472e-01 2.479e-01 8.751e-04 2.390e-04 2.172e-03 -1.000 4.936e-03 4.824 4.732 4.997 4.301
0.005 -0.48482 8.92001 0.9879629612 2.4703603974    0.988  0.073  3.7992  4.508    1  0.000  0.537     0.00     0.00     0.00     0.00     0.00 -1 -8.33e-14      0.00 7.495e-01 2.456e-01 8.682e-04 2.372e-04 2.156e-03 -1.000 4.881e-03 4.586 4.497 4.744 4.090
0.005 -0.48482 8.92001 0.9938682914 2.4716227899    0.994  0.086  3.8006  4.503    1  0.000  0.537     0.00     0.00     0.00     0.00     0.00 -1  -8.6e-14      0.00 7.499e-01 2.452e-01 8.672e-04 2.369e-04 2.153e-03 -1.000 4.875e-03 4.554 4.466 4.710 4.061
0.005 -0.48482 8.92001 1.0428463221 2.4814624120    1.042  0.190  3.8115  4.464    1  0.000  0.537     0.00     0.00     0.00     0.00     0.00 -1 -1.05e-13      0.00 7.502e-01 2.449e-01 8.685e-04 2.374e-04 2.157e-03 -1.000 4.888e-03 4.295 4.210 4.435 3.831
0.005 -0.48482 8.92001 1.0568327904 2.4840804710    1.056  0.219  3.8146  4.453    1  0.000  0.537     0.00     0.00     0.00     0.00     0.00 -1  -1.1e-13      0.00 7.503e-01 2.448e-01 8.683e-04 2.373e-04 2.157e-03 -1.000 4.893e-03 4.223 4.139 4.358 3.767
0.005 -0.48482 8.92001 1.0918244123 2.4902937965    1.091  0.289  3.8222  4.427    1  0.000  0.537     0.00     0.00     0.00     0.00     0.00 -1 -1.24e-13      0.00 7.505e-01 2.446e-01 8.684e-04 2.373e-04 2.157e-03 -1.000 4.903e-03 4.047 3.964 4.171 3.608
0.005 -0.48482 8.92001 1.1052749157 2.4925621125    1.104  0.316  3.8252  4.418    1  0.000  0.537     0.00     0.00     0.00     0.00     0.00 -1 -1.29e-13      0.00 7.506e-01 2.445e-01 8.682e-04 2.372e-04 2.157e-03 -1.000 4.901e-03 3.981 3.899 4.101 3.550
0.005 -0.48482 8.92001 1.1408023834 2.4982588162    1.140  0.384  3.8329  4.394    1  0.000  0.537     0.00     0.00     0.00     0.00     0.00 -1 -1.44e-13      0.00 7.506e-01 2.445e-01 8.680e-04 2.373e-04 2.157e-03 -1.000 4.900e-03 3.809 3.730 3.919 3.398
0.005 -0.48482 8.92001 1.1633186340 2.5016627814    1.162  0.426  3.8382  4.382    1  0.000  0.537     0.00     0.00     0.00     0.00     0.00 -1 -1.53e-13      0.00 7.505e-01 2.446e-01 8.681e-04 2.373e-04 2.157e-03 -1.000 4.897e-03 3.705 3.627 3.808 3.307
0.005 -0.48482 8.92001 1.1897804737 2.5054744552    1.189  0.474  3.8442  4.368    1  0.000  0.537     0.00     0.00     0.00     0.00     0.00 -1 -1.63e-13      0.00 7.503e-01 2.448e-01 8.685e-04 2.374e-04 2.158e-03 -1.000 4.901e-03 3.585 3.508 3.680 3.202
0.005 -0.48482 8.92001 1.2387585640 2.5120378777    1.238  0.560  3.8568  4.350    1  0.000  0.537     0.00     0.00     0.00     0.00     0.00 -1  -1.8e-13      0.00 7.507e-01 2.444e-01 8.676e-04 2.371e-04 2.155e-03 -1.000 4.912e-03 3.371 3.298 3.451 3.021
0.005 -0.48482 8.92001 1.2484147549 2.5132621808    1.248  0.576  3.8597  4.349    1  0.000  0.537     0.00     0.00     0.00     0.00     0.00 -1 -1.82e-13      0.00 7.508e-01 2.443e-01 8.674e-04 2.370e-04 2.155e-03 -1.000 4.902e-03 3.330 3.258 3.407 2.988
0.005 -0.48482 8.92001 1.2877364159 2.5180304399    1.287  0.642  3.8714  4.344    1  0.000  0.537     0.00     0.00     0.00     0.00     0.00 -1 -1.92e-13      0.00 7.511e-01 2.441e-01 8.664e-04 2.368e-04 2.153e-03 -1.000 4.850e-03 3.165 3.099 3.230 2.857
0.005 -0.48482 8.92001 1.2963058949 2.5190255475    1.296  0.656  3.8742  4.344    1  0.000  0.537     0.00     0.00     0.00     0.00     0.00 -1 -1.93e-13      0.00 7.512e-01 2.440e-01 8.662e-04 2.368e-04 2.152e-03 -1.000 4.857e-03 3.130 3.065 3.193 2.830
0.005 -0.48482 8.92001 1.3367147446 2.5235208592    1.336  0.721  3.8872  4.344    1  0.000  0.537     0.00     0.00     0.00     0.00     0.00 -1 -1.99e-13      0.00 7.515e-01 2.436e-01 8.653e-04 2.365e-04 2.150e-03 -1.000 4.898e-03 2.968 2.909 3.018 2.705
0.005 -0.48482 8.92001 1.3856927156 2.5285672999    1.386  0.797  3.9024  4.344    1  0.000  0.537     0.00     0.00     0.00     0.00     0.00 -1 -2.01e-13      0.00 7.518e-01 2.433e-01 8.644e-04 2.363e-04 2.148e-03 -1.000 4.884e-03 2.777 2.731 2.819 2.565
0.005 -0.48482 8.92001 1.4011102915 2.5300721291    1.401  0.821  3.9069  4.343    1  0.000  0.537     0.00     0.00     0.00     0.00     0.00 -1 -2.01e-13      0.00 7.519e-01 2.432e-01 8.641e-04 2.362e-04 2.147e-03 -1.000 4.884e-03 2.718 2.676 2.758 2.522
0.005 -0.48482 8.92001 1.4346706867 2.5332195553    1.435  0.871  3.9160  4.340    1  0.000  0.537     0.00     0.00     0.00     0.00     0.00 -1 -1.99e-13      0.00 7.521e-01 2.430e-01 8.637e-04 2.361e-04 2.146e-03 -1.000 4.908e-03 2.592 2.561 2.631 2.430
0.005 -0.48482 8.92001 1.4649866819 2.5359206092    1.465  0.916  3.9234  4.334    1  0.000  0.537     0.00     0.00     0.00     0.00     0.00 -1 -1.93e-13      0.00 7.523e-01 2.428e-01 8.631e-04 2.360e-04 2.145e-03 -1.000 4.880e-03 2.481 2.461 2.521 2.348
0.005 -0.48482 8.92001 1.4836487770 2.5375203611    1.483  0.943  3.9277  4.329    1  0.000  0.537     0.00     0.00     0.00     0.00     0.00 -1  -1.9e-13      0.00 7.524e-01 2.427e-01 8.630e-04 2.359e-04 2.144e-03 -1.000 4.867e-03 2.413 2.401 2.455 2.298
0.005 -0.48482 8.92001 1.5157295465 2.5401648057    1.515  0.988  3.9343  4.320    1  0.000  0.536     0.00     0.00     0.00     0.00     0.00 -1 -1.78e-13      0.00 7.526e-01 2.426e-01 8.624e-04 2.358e-04 2.144e-03 -1.000 4.878e-03 2.300 2.302 2.347 2.214
0.005 -0.48482 8.92001 1.5326267481 2.5415065793    1.532  1.012  3.9376  4.314    1  0.000  0.536     0.00     0.00     0.00     0.00     0.00 -1 -1.72e-13      0.00 7.526e-01 2.425e-01 8.622e-04 2.358e-04 2.143e-03 -1.000 4.879e-03 2.241 2.250 2.292 2.170
0.005 -0.48482 8.92001 1.5384284258 2.5419594693    1.538  1.020  3.9387  4.312    1  0.000  0.536     0.00     0.00     0.00     0.00     0.00 -1 -1.68e-13      0.00 7.526e-01 2.425e-01 8.622e-04 2.357e-04 2.143e-03 -1.000 4.875e-03 2.220 2.233 2.273 2.155
0.005 -0.48482 8.92001 1.5816048384 2.5452102246    1.581  1.080  3.9463  4.294    1  0.000  0.537     0.00     0.00     0.00     0.00     0.00 -1 -1.42e-13      0.00 7.528e-01 2.423e-01 8.621e-04 2.357e-04 2.142e-03 -1.000 4.854e-03 2.071 2.104 2.136 2.042
0.005 -0.48482 8.92001 1.6213796139 2.5480293545    1.621  1.134  3.9525  4.276    1  0.000  0.536     0.00     0.00     0.00     0.00     0.00 -1 -1.01e-13      0.00 7.528e-01 2.423e-01 8.618e-04 2.356e-04 2.142e-03 -1.000 4.906e-03 1.936 1.987 2.013 1.937
0.005 -0.48482 8.92001 1.6305828094 2.5486591609    1.630  1.146  3.9538  4.271    1  0.000  0.536     0.00     0.00     0.00     0.00     0.00 -1 -9.42e-14      0.00 7.528e-01 2.423e-01 8.619e-04 2.356e-04 2.142e-03 -1.000 4.904e-03 1.904 1.960 1.985 1.912
0.005 -0.48482 8.92001 1.6579774618 2.5504863744    1.657  1.184  3.9575  4.256    1  0.000  0.536     0.00     0.00     0.00     0.00     0.00 -1 -2.06e-19      0.00 7.528e-01 2.422e-01 8.619e-04 2.356e-04 2.142e-03 -1.000 4.907e-03 1.811 1.879 1.900 1.838
0.005 -0.48482 8.92001 1.6795608997 2.5518778061    1.679  1.213  3.9601  4.243    1  0.000  0.536     0.00     0.00     0.00     0.00     0.00 -1  -8.2e-24      0.00 7.528e-01 2.422e-01 8.619e-04 2.356e-04 2.142e-03 -1.000 4.929e-03 1.738 1.814 1.833 1.778
0.005 -0.48482 8.92001 1.6941155195 2.5527931240    1.693  1.232  3.9617  4.233    1  0.000  0.537     0.00     0.00     0.00     0.00     0.00 -1 -6.94e-26      0.00 7.529e-01 2.422e-01 8.619e-04 2.356e-04 2.142e-03 -1.000 4.917e-03 1.689 1.771 1.788 1.737
0.005 -0.48482 8.92001 1.7265206575 2.5547674373    1.725  1.276  3.9649  4.210    1  0.000  0.536     0.00     0.00     0.00     0.00     0.00 -1 -1.91e-30      0.00 7.528e-01 2.423e-01 8.621e-04 2.356e-04 2.142e-03 -1.000 4.901e-03 1.580 1.673 1.688 1.645
0.005 -0.48482 8.92001 1.7285389900 2.5548875929    1.727  1.279  3.9651  4.209    1  0.000  0.536     0.00     0.00     0.00     0.00     0.00 -1    -1e-30      0.00 7.528e-01 2.423e-01 8.621e-04 2.356e-04 2.142e-03 -1.000 4.901e-03 1.573 1.667 1.681 1.639
0.005 -0.48482 8.92001 1.7381719351 2.5554566443    1.737  1.292  3.9659  4.202    1  0.000  0.536     0.00     0.00     0.00     0.00     0.00 -1    -1e-30      0.00 7.528e-01 2.423e-01 8.620e-04 2.356e-04 2.143e-03 -1.000 4.886e-03 1.541 1.638 1.651 1.611
0.005 -0.48482 8.92001 1.7750626802 2.5575703780    1.774  1.341  3.9684  4.171    1  0.000  0.536     0.00     0.00     0.00     0.00     0.00 -1    -1e-30      0.00 7.528e-01 2.423e-01 8.620e-04 2.357e-04 2.143e-03 -1.000 4.888e-03 1.417 1.522 1.534 1.500
0.005 -0.48482 8.92001 1.7775169611 2.5577074260    1.776  1.345  3.9685  4.169    1  0.000  0.536     0.00     0.00     0.00     0.00     0.00 -1    -1e-30      0.00 7.528e-01 2.423e-01 8.621e-04 2.357e-04 2.143e-03 -1.000 4.891e-03 1.408 1.514 1.525 1.492
0.005 -0.48482 8.92001 1.7956950665 2.5587090999    1.794  1.369  3.9692  4.152    1  0.000  0.537     0.00     0.00     0.00     0.00     0.00 -1    -1e-30      0.00 7.528e-01 2.423e-01 8.622e-04 2.359e-04 2.142e-03 -1.000 4.887e-03 1.347 1.455 1.466 1.435
0.005 -0.48482 8.92001 1.8256790638 2.5603113013    1.824  1.410  3.9695  4.119    1  0.000  0.537     0.00     0.00     0.00     0.00     0.00 -1    -1e-30      0.00 7.527e-01 2.424e-01 8.625e-04 2.361e-04 2.142e-03 -1.000 4.865e-03 1.245 1.353 1.363 1.334
0.005 -0.48482 8.92001 1.8271399736 2.5603878217    1.826  1.412  3.9695  4.117    1  0.000  0.537     0.00     0.00     0.00     0.00     0.00 -1    -1e-30      0.00 7.527e-01 2.424e-01 8.625e-04 2.361e-04 2.142e-03 -1.000 4.867e-03 1.240 1.348 1.358 1.329
0.005 -0.48482 8.92001 1.8376104832 2.5609321600    1.836  1.426  3.9695  4.106    1  0.000  0.537     0.00     0.00     0.00     0.00     0.00 -1    -1e-30      0.00 7.527e-01 2.424e-01 8.625e-04 2.360e-04 2.142e-03 -1.000 4.879e-03 1.204 1.313 1.322 1.294
0.005 -0.48482 8.92001 1.8715851307 2.5626502915    1.870  1.472  3.9683  4.063    1  0.000  0.537     0.00     0.00     0.00     0.00     0.00 -1    -1e-30      0.00 7.526e-01 2.426e-01 8.627e-04 2.360e-04 2.144e-03 -1.000 4.882e-03 1.089 1.192 1.202 1.172
0.005 -0.48482 8.92001 1.8767631054 2.5629058721    1.876  1.480  3.9679  4.055    1  0.000  0.537     0.00     0.00     0.00     0.00     0.00 -1    -1e-30      0.00 7.525e-01 2.426e-01 8.628e-04 2.360e-04 2.144e-03 -1.000 4.878e-03 1.071 1.173 1.183 1.153
0.005 -0.48482 8.92001 1.8996316195 2.5640155037    1.899  1.510  3.9658  4.021    1  0.000  0.537     0.00     0.00     0.00     0.00     0.00 -1    -1e-30      0.00 7.524e-01 2.427e-01 8.632e-04 2.362e-04 2.144e-03 -1.000 4.872e-03 0.994 1.087 1.098 1.065
0.005 -0.48482 8.92001 1.9263861179 2.5652753117    1.926  1.547  3.9617  3.974    1  0.000  0.537     0.00     0.00     0.00     0.00     0.00 -1    -1e-30      0.00 7.523e-01 2.428e-01 8.636e-04 2.362e-04 2.146e-03 -1.000 4.854e-03 0.903 0.980 0.993 0.952
0.005 -0.48482 8.92001 1.9311499596 2.5654954238    1.930  1.553  3.9609  3.966    1  0.000  0.537     0.00     0.00     0.00     0.00     0.00 -1    -1e-30      0.00 7.523e-01 2.429e-01 8.637e-04 2.362e-04 2.146e-03 -1.000 4.855e-03 0.887 0.961 0.975 0.932
0.005 -0.48482 8.92001 1.9610323906 2.5668481277    1.961  1.594  3.9545  3.907    1  0.000  0.537     0.00     0.00     0.00     0.00     0.00 -1    -1e-30      0.00 7.521e-01 2.430e-01 8.642e-04 2.362e-04 2.147e-03 -1.000 4.856e-03 0.786 0.836 0.855 0.799
0.005 -0.48482 8.92001 1.9760092497 2.5675084202    1.976  1.614  3.9497  3.870    1  0.000  0.537     0.00     0.00     0.00     0.00     0.00 -1    -1e-30      0.00 7.520e-01 2.431e-01 8.644e-04 2.363e-04 2.148e-03 -1.000 4.907e-03 0.735 0.768 0.790 0.725
0.005 -0.48482 8.92001 1.9838644266 2.5678501555    1.984  1.625  3.9471  3.851    1  0.000  0.537     0.00     0.00     0.00     0.00     0.00 -1    -1e-30      0.00 7.520e-01 2.431e-01 8.645e-04 2.363e-04 2.148e-03 -1.000 4.922e-03 0.708 0.733 0.757 0.685
0.005 -0.48482 8.92001 2.0034372807 2.5686882716    2.003  1.652  3.9393  3.797    1  0.000  0.537     0.00     0.00     0.00     0.00     0.00 -1    -1e-30      0.00 7.518e-01 2.433e-01 8.649e-04 2.364e-04 2.149e-03 -1.000 4.899e-03 0.641 0.641 0.672 0.581
0.005 -0.48482 8.92001 2.0222074986 2.5694745176    2.022  1.677  3.9308  3.742    1  0.000  0.537     0.00     0.00     0.00     0.00     0.00 -1    -1e-30      0.00 7.517e-01 2.435e-01 8.654e-04 2.365e-04 2.151e-03 -1.000 4.889e-03 0.577 0.553 0.591 0.478
0.005 -0.48482 8.92001 2.0256323814 2.5696161724    2.025  1.682  3.9291  3.731    1  0.000  0.537     0.00     0.00     0.00     0.00     0.00 -1    -1e-30      0.00 7.516e-01 2.435e-01 8.655e-04 2.365e-04 2.151e-03 -1.000 4.879e-03 0.564 0.537 0.576 0.459
0.005 -0.48482 8.92001 2.0385279655 2.5701446327    2.038  1.701  3.9219  3.686    1  0.000  0.536     0.00     0.00     0.00     0.00     0.00 -1    -1e-30      0.00 7.515e-01 2.436e-01 8.656e-04 2.366e-04 2.151e-03 -1.000 4.863e-03 0.518 0.474 0.521 0.381
0.005 -0.48482 8.92001 2.0542168617 2.5707772855    2.054  1.728  3.9162  3.639    1  0.000  0.537     0.00     0.00     0.00     0.00     0.00 -1    -1e-30      0.00 7.514e-01 2.437e-01 8.661e-04 2.367e-04 2.152e-03 -1.000 4.870e-03 0.450 0.394 0.447 0.290
0.005 -0.48482 8.92001 2.0587768555 2.5709590882    2.058  1.744  3.9221  3.647    1  0.000  0.537     0.00     0.00     0.00     0.00     0.00 -1    -1e-30      0.00 7.514e-01 2.437e-01 8.662e-04 2.368e-04 2.152e-03 -1.000 4.886e-03 0.409 0.364 0.410 0.274
0.005 -0.48482 8.92001 2.0630817413 2.5711298720    2.062  1.764  3.9310  3.664    1  0.000  0.536     0.00     0.00     0.00     0.00     0.00 -1    -1e-30      0.00 7.514e-01 2.438e-01 8.661e-04 2.368e-04 2.153e-03 -1.000 4.886e-03 0.360 0.335 0.371 0.263
0.005 -0.48482 8.92001 2.0645160675 2.5711865929    2.064  1.779  3.9405  3.688    1  0.000  0.536     0.00     0.00     0.00     0.00     0.00 -1    -1e-30      0.00 7.513e-01 2.438e-01 8.662e-04 2.368e-04 2.153e-03 -1.000 4.885e-03 0.322 0.324 0.351 0.269
0.005 -0.48482 8.92001 2.0652329922 2.5712149099    2.064  1.795  3.9505  3.712    1  0.000  0.536     0.00     0.00     0.00     0.00     0.00 -1    -1e-30      0.00 7.513e-01 2.438e-01 8.662e-04 2.368e-04 2.153e-03 -1.000 4.886e-03 0.283 0.317 0.336 0.278
0.005 -0.48482 8.92001 2.0656354427 2.5712307960    2.065  1.812  3.9604  3.734    1  0.000  0.536     0.00     0.00     0.00     0.00     0.00 -1    -1e-30      0.00 7.513e-01 2.438e-01 8.662e-04 2.368e-04 2.153e-03 -1.000 4.886e-03 0.240 0.309 0.320 0.284
0.005 -0.48482 8.92001 2.0658705235 2.5712400721    2.065  1.831  3.9696  3.753    1  0.000  0.536     0.00     0.00     0.00     0.00     0.00 -1    -1e-30      0.00 7.513e-01 2.438e-01 8.662e-04 2.368e-04 2.153e-03 -1.000 4.887e-03 0.194 0.298 0.303 0.286
0.005 -0.48482 8.92001 2.0660371780 2.5712466467    2.065  1.849  3.9781  3.768    1  0.000  0.536     0.00     0.00     0.00     0.00     0.00 -1    -1e-30      0.00 7.513e-01 2.438e-01 8.663e-04 2.368e-04 2.153e-03 -1.000 4.887e-03 0.147 0.286 0.287 0.284
0.005 -0.48482 8.92001 2.0660946369 2.5712489132    2.065  1.853  3.9805  3.774    1  0.000  0.536     0.00     0.00     0.00     0.00     0.00 -1    -1e-30      0.00 7.513e-01 2.438e-01 8.663e-04 2.368e-04 2.153e-03 -1.000 4.887e-03 0.137 0.286 0.285 0.286
0.005 -0.48482 8.92001 2.0661330223 2.5712504273    2.065  1.841  3.9777  3.775    2  0.000  0.536     0.00     0.00     0.00     0.00     0.00 -1    -1e-30      0.00 7.513e-01 2.438e-01 8.663e-04 2.368e-04 2.153e-03 -1.000 4.887e-03 0.167 0.304 0.305 0.302
0.005 -0.48482 8.92001 2.0662059784 2.5712533047    2.065  1.815  3.9701  3.771    2  0.000  0.536     0.00     0.00     0.00     0.00     0.00 -1    -1e-30      0.00 7.513e-01 2.438e-01 8.663e-04 2.368e-04 2.153e-03 -1.000 4.887e-03 0.233 0.340 0.345 0.328
0.005 -0.48482 8.92001 2.0662817955 2.5712562948    2.065  1.797  3.9586  3.742    2  0.000  0.536     0.00     0.00     0.00     0.00     0.00 -1    -1e-30      0.00 7.513e-01 2.438e-01 8.663e-04 2.368e-04 2.153e-03 -1.000 4.887e-03 0.277 0.340 0.353 0.312
0.005 -0.48482 8.92001 2.0663666725 2.5712596418    2.065  1.800  3.9472  3.693    2  0.000  0.536     0.00     0.00     0.00     0.00     0.00 -1    -1e-30      0.00 7.513e-01 2.438e-01 8.663e-04 2.368e-04 2.153e-03 -1.000 4.887e-03 0.269 0.292 0.314 0.248
0.005 -0.48482 8.92001 2.0664730072 2.5712638346    2.066  1.814  3.9354  3.633    2  0.000  0.536     0.00     0.00     0.00     0.00     0.00 -1    -1e-30      0.00 7.513e-01 2.438e-01 8.663e-04 2.368e-04 2.153e-03 -1.000 4.887e-03 0.235 0.221 0.252 0.158
0.005 -0.48482 8.92001 2.0665996075 2.5712688258    2.066  1.826  3.9235  3.573    2  0.000  0.536     0.00     0.00     0.00     0.00     0.00 -1    -1e-30      0.00 7.513e-01 2.438e-01 8.663e-04 2.368e-04 2.153e-03 -1.000 4.887e-03 0.204 0.160 0.203 0.075
0.005 -0.48482 8.92001 2.0667443275 2.5712745305    2.066  1.834  3.9116  3.517    2  0.000  0.536     0.00     0.00     0.00     0.00     0.00 -1    -1e-30      0.00 7.513e-01 2.438e-01 8.663e-04 2.368e-04 2.153e-03 -1.000 4.888e-03 0.185 0.117 0.173 0.007
0.005 -0.48482 8.92001 2.0669066906 2.5712809296    2.066  1.838  3.8996  3.465    2  0.000  0.536     0.00     0.00     0.00     0.00     0.00 -1    -1e-30      0.00 7.513e-01 2.438e-01 8.663e-04 2.368e-04 2.153e-03 -1.000 4.888e-03 0.174 0.088 0.159 -0.051
0.005 -0.48482 8.92001 2.0670840740 2.5712879194    2.066  1.840  3.8875  3.415    2  0.000  0.536     0.00     0.00     0.00     0.00     0.00 -1    -1e-30      0.00 7.513e-01 2.438e-01 8.663e-04 2.368e-04 2.153e-03 -1.000 4.888e-03 0.170 0.070 0.160 -0.099
0.005 -0.48482 8.92001 2.0672724247 2.5712953398    2.066  1.840  3.8753  3.366    2  0.000  0.536     0.00     0.00     0.00     0.00     0.00 -1    -1e-30      0.00 7.513e-01 2.438e-01 8.663e-04 2.368e-04 2.153e-03 -1.000 4.888e-03 0.170 0.062 0.170 -0.139
0.005 -0.48482 8.92001 2.0674667358 2.5713029934    2.067  1.838  3.8630  3.319    2  0.000  0.536     0.00     0.00     0.00     0.00     0.00 -1    -1e-30      0.00 7.513e-01 2.438e-01 8.663e-04 2.368e-04 2.153e-03 -1.000 4.888e-03 0.174 0.060 0.186 -0.173
0.005 -0.48482 8.92001 2.0676617622 2.5713106735    2.067  1.835  3.8508  3.273    2  0.000  0.536     0.00     0.00     0.00     0.00     0.00 -1    -1e-30      0.00 7.513e-01 2.438e-01 8.663e-04 2.368e-04 2.153e-03 -1.000 4.888e-03 0.182 0.063 0.209 -0.200
0.005 -0.48482 8.92001 2.0678527355 2.5713181924    2.067  1.831  3.8385  3.228    2  0.000  0.536     0.00     0.00     0.00     0.00     0.00 -1    -1e-30      0.00 7.513e-01 2.438e-01 8.663e-04 2.368e-04 2.153e-03 -1.000 4.889e-03 0.192 0.072 0.237 -0.222
0.005 -0.48482 8.92001 2.0680370331 2.5713254469    2.067  1.826  3.8266  3.185    2  0.000  0.536     0.00     0.00     0.00     0.00     0.00 -1    -1e-30      0.00 7.513e-01 2.438e-01 8.663e-04 2.368e-04 2.153e-03 -1.000 4.889e-03 0.204 0.084 0.269 -0.240
0.005 -0.48482 8.92001 2.0682129860 2.5713323716    2.067  1.821  3.8154  3.146    2  0.000  0.536     0.00     0.00     0.00     0.00     0.00 -1    -1e-30      0.00 7.513e-01 2.438e-01 8.663e-04 2.368e-04 2.153e-03 -1.000 4.889e-03 0.218 0.099 0.304 -0.251
0.005 -0.48482 8.92001 2.0683801174 2.5713389478    2.067  1.814  3.8052  3.112    2  0.000  0.536     0.00     0.00     0.00     0.00     0.00 -1    -1e-30      0.00 7.513e-01 2.438e-01 8.663e-04 2.368e-04 2.153e-03 -1.000 4.889e-03 0.235 0.118 0.341 -0.257
0.005 -0.48482 8.92001 2.0685453415 2.5713454478    2.068  1.806  3.7958  3.083    2  0.000  0.536     0.00     0.00     0.00     0.00     0.00 -1    -1e-30      0.00 7.513e-01 2.438e-01 8.664e-04 2.368e-04 2.153e-03 -1.000 4.889e-03 0.255 0.141 0.381 -0.257
0.005 -0.48482 8.92001 2.0687241554 2.5713524811    2.068  1.796  3.7870  3.058    2  0.000  0.536     0.00     0.00     0.00     0.00     0.00 -1    -1e-30      0.00 7.513e-01 2.438e-01 8.664e-04 2.368e-04 2.153e-03 -1.000 4.890e-03 0.281 0.171 0.427 -0.248
0.005 -0.48482 8.92001 2.0689435005 2.5713611067    2.068  1.780  3.7780  3.038    2  0.000  0.536     0.00     0.00     0.00     0.00     0.00 -1    -1e-30      0.00 7.512e-01 2.439e-01 8.665e-04 2.369e-04 2.153e-03 -1.000 4.891e-03 0.321 0.216 0.490 -0.225
0.005 -0.48482 8.92001 2.0692267418 2.5713722419    2.068  1.753  3.7679  3.024    2  0.000  0.536     0.00     0.00     0.00     0.00     0.00 -1    -1e-30      0.00 7.509e-01 2.442e-01 8.675e-04 2.372e-04 2.156e-03 -1.000 4.901e-03 0.388 0.291 0.586 -0.174
0.005 -0.48482 8.92001 2.0694708824 2.5713818370    2.069  1.723  3.7598  3.021    2  0.000  0.537     0.00     0.00     0.00     0.00     0.00 -1    -1e-30      0.00 7.482e-01 2.468e-01 8.754e-04 2.393e-04 2.175e-03 -1.000 4.940e-03 0.461 0.371 0.682 -0.112
0.005 -0.48482 8.92001 2.0696861744 2.5713902962    2.069  1.694  3.7530  3.024    2  0.000  0.537     0.00     0.00     0.00     0.00     0.00 -1    -1e-30      0.00 7.448e-01 2.502e-01 8.849e-04 2.417e-04 2.197e-03 -1.000 4.988e-03 0.536 0.453 0.777 -0.045
0.005 -0.48482 8.92001 2.0699379444 2.5714001862    2.069  1.660  3.7452  3.026    2  0.000  0.537     0.00     0.00     0.00     0.00     0.00 -1    -1e-30      0.00 7.420e-01 2.530e-01 8.923e-04 2.437e-04 2.214e-03 -1.000 5.013e-03 0.619 0.546 0.886 0.031
0.005 -0.48482 8.92001 2.0701868534 2.5714099610    2.069  1.638  3.7375  3.018    2  0.000  0.537     0.00     0.00     0.00     0.00     0.00 -1    -1e-30      0.00 7.404e-01 2.545e-01 8.962e-04 2.448e-04 2.224e-03 -1.000 5.066e-03 0.674 0.610 0.966 0.079
0.005 -0.48482 8.92001 2.0703113079 2.5714148474    2.069  1.632  3.7338  3.009    2  0.000  0.537     0.00     0.00     0.00     0.00     0.00 -1    -1e-30      0.00 7.398e-01 2.551e-01 8.976e-04 2.452e-04 2.227e-03 -1.000 5.101e-03 0.690 0.631 0.995 0.092
0.005 -0.48482 8.92001 2.0704381466 2.5714198267    2.070  1.638  3.7305  2.989    3  0.000  0.537     0.00     0.00     0.00     0.00     0.00 -1    -1e-30      0.00 7.394e-01 2.555e-01 8.986e-04 2.454e-04 2.229e-03 -1.000 5.100e-03 0.674 0.620 0.990 0.073
0.005 -0.48482 8.92001 2.0707550049 2.5714322625    2.070  1.670  3.7233  2.930    3  0.000  0.536     0.00     0.00     0.00     0.00     0.00 -1    -1e-30      0.00 7.385e-01 2.564e-01 8.973e-04 2.467e-04 2.233e-03 -1.000 5.100e-03 0.596 0.553 0.939 -0.009
0.005 -0.48482 8.92001 2.0710713863 2.5714446753    2.070  1.712  3.7180  2.867    3  0.000  0.514     0.00     0.00     0.00     0.00     0.00 -1    -1e-30      0.00 7.375e-01 2.574e-01 8.617e-04 2.739e-04 2.235e-03 -1.000 5.101e-03 0.491 0.457 0.854 -0.116
0.005 -0.48482 8.92001 2.0713870525 2.5714570556    2.070  1.754  3.7140  2.808    3  0.000  0.465     0.00     0.00     0.00     0.00     0.00 -1    -1e-30      0.00 7.364e-01 2.585e-01 7.791e-04 3.668e-04 2.236e-03 -1.000 5.101e-03 0.385 0.359 0.765 -0.223
0.005 -0.48482 8.92001 2.0717027187 2.5714694316    2.071  1.796  3.7105  2.753    3  0.000  0.422     0.00     0.00     0.00     0.00     0.00 -1    -1e-30      0.00 7.352e-01 2.597e-01 7.072e-04 4.548e-04 2.237e-03 -1.000 5.109e-03 0.281 0.261 0.675 -0.328
0.005 -0.48482 8.92001 2.0720176697 2.5714817753    2.071  1.837  3.7073  2.698    3  0.000  0.393     0.00     0.00     0.00     0.00     0.00 -1    -1e-30      0.00 7.340e-01 2.609e-01 6.589e-04 5.148e-04 2.238e-03 -1.000 5.101e-03 0.177 0.163 0.584 -0.433
0.005 -0.48482 8.92001 2.0723321438 2.5714940959    2.071  1.879  3.7043  2.644    3  0.000  0.374     0.00     0.00     0.00     0.00     0.00 -1    -1e-30      0.00 7.328e-01 2.621e-01 6.274e-04 5.542e-04 2.239e-03 -1.000 5.154e-03 0.072 0.065 0.493 -0.538
0.005 -0.48482 8.92001 2.0726461411 2.5715063936    2.072  1.922  3.7013  2.590    3  0.000  0.361     0.00     0.00     0.00     0.00     0.00 -1    -1e-30      0.00 7.316e-01 2.633e-01 6.061e-04 5.821e-04 2.240e-03 -1.000 5.140e-03 -0.035 -0.035 0.400 -0.644
0.005 -0.48482 8.92001 2.0727090836 2.5715088583    2.072  1.930  3.7007  2.579    3  0.000  0.359     0.00     0.00     0.00     0.00     0.00 -1    -1e-30      0.00 7.314e-01 2.635e-01 6.027e-04 5.869e-04 2.240e-03 -1.000 5.108e-03 -0.056 -0.055 0.381 -0.665
0.005 -0.48482 8.92001 2.0728406906 2.5715140110    2.072  1.948  3.6994  2.556    3  0.000  0.356     0.00     0.00     0.00     0.00     0.00 -1    -1e-30      0.00 7.307e-01 2.642e-01 5.967e-04 6.004e-04 2.235e-03 -1.000 5.149e-03 -0.101 -0.096 0.343 -0.710
0.005 -0.48482 8.92001 2.0730338097 2.5715215707    2.072  1.974  3.6977  2.523    3  0.000  0.354     0.00     0.00     0.00     0.00     0.00 -1    -1e-30      0.00 7.294e-01 2.655e-01 5.891e-04 6.254e-04 2.218e-03 -1.000 5.153e-03 -0.166 -0.157 0.286 -0.774
0.005 -0.48482 8.92001 2.0733551979 2.5715341480    2.072  2.017  3.6948  2.469    3  0.000  0.352     0.00     0.00     0.00     0.00     0.00 -1    -1e-30      0.00 7.264e-01 2.684e-01 5.782e-04 6.672e-04 2.187e-03 -1.000 5.171e-03 -0.273 -0.258 0.193 -0.881
0.005 -0.48482 8.92001 2.0736763477 2.5715467115    2.073  2.060  3.6920  2.415    3  0.000  0.351     0.00     0.00     0.00     0.00     0.00 -1    -1e-30      0.00 7.230e-01 2.718e-01 5.694e-04 7.051e-04 2.156e-03 -1.000 5.189e-03 -0.380 -0.358 0.100 -0.988
0.005 -0.48482 8.92001 2.0739970207 2.5715592519    2.073  2.102  3.6892  2.361    3  0.000  0.351     0.00     0.00     0.00     0.00     0.00 -1    -1e-30      0.00 7.196e-01 2.752e-01 5.623e-04 7.366e-04 2.131e-03 -1.000 5.174e-03 -0.486 -0.457 0.008 -1.094
0.005 -0.48482 8.92001 2.0743172169 2.5715717692    2.073  2.145  3.6863  2.307    3  0.000  0.351     0.00     0.00     0.00     0.00     0.00 -1    -1e-30      0.00 7.165e-01 2.783e-01 5.567e-04 7.610e-04 2.111e-03 -1.000 5.126e-03 -0.593 -0.557 -0.083 -1.200
0.005 -0.48482 8.92001 2.0746345520 2.5715841703    2.074  2.188  3.6834  2.252    3  0.000  0.351     0.00     0.00     0.00     0.00     0.00 -1    -1e-30      0.00 7.139e-01 2.809e-01 5.525e-04 7.796e-04 2.095e-03 -1.000 5.123e-03 -0.701 -0.656 -0.174 -1.306
0.005 -0.48482 8.92001 2.0749051571 2.5715947417    2.074  2.225  3.6808  2.205    3  0.000  0.351     0.00     0.00     0.00     0.00     0.00 -1    -1e-30      0.00 7.121e-01 2.828e-01 5.498e-04 7.919e-04 2.085e-03 -1.000 5.137e-03 -0.793 -0.741 -0.252 -1.397
0.005 -0.48482 8.92001 2.0751910210 2.5716059058    2.074  2.264  3.6780  2.155    3  0.000  0.351     0.00     0.00     0.00     0.00     0.00 -1    -1e-30      0.00 7.105e-01 2.843e-01 5.475e-04 8.020e-04 2.077e-03 -1.000 5.135e-03 -0.891 -0.831 -0.334 -1.494
0.005 -0.48482 8.92001 2.0752551556 2.5716084101    2.074  2.273  3.6774  2.143    3  0.000  0.351     0.00     0.00     0.00     0.00     0.00 -1    -1e-30      0.00 7.102e-01 2.846e-01 5.471e-04 8.039e-04 2.075e-03 -1.000 5.130e-03 -0.914 -0.851 -0.353 -1.516
0.005 -0.48482 8.92001 2.0753812790 2.5716133342    2.075  2.291  3.6762  2.121    3  0.000  0.351     0.00     0.00     0.00     0.00     0.00 -1    -1e-30      0.00 7.096e-01 2.852e-01 5.463e-04 8.076e-04 2.072e-03 -1.000 5.120e-03 -0.958 -0.891 -0.389 -1.559
0.005 -0.48482 8.92001 2.0756802559 2.5716250042    2.075  2.333  3.6731  2.066    3  0.000  0.351     0.00     0.00     0.00     0.00     0.00 -1    -1e-30      0.00 7.085e-01 2.863e-01 5.447e-04 8.142e-04 2.066e-03 -1.000 5.154e-03 -1.062 -0.987 -0.475 -1.662
0.005 -0.48482 8.92001 2.0759747028 2.5716364936    2.075  2.375  3.6701  2.013    3  0.000  0.351     0.00     0.00     0.00     0.00     0.00 -1    -1e-30      0.00 7.077e-01 2.871e-01 5.437e-04 8.188e-04 2.063e-03 -1.000 5.153e-03 -1.167 -1.082 -0.562 -1.765
0.005 -0.48482 8.92001 2.0762710571 2.5716480536    2.075  2.418  3.6669  1.957    3  0.000  0.351     0.00     0.00     0.00     0.00     0.00 -1    -1e-30      0.00 7.072e-01 2.877e-01 5.431e-04 8.217e-04 2.060e-03 -1.000 5.105e-03 -1.275 -1.180 -0.649 -1.871
0.005 -0.48482 8.92001 2.0765507221 2.5716589591    2.076  2.459  3.6638  1.904    3  0.000  0.351     0.00     0.00     0.00     0.00     0.00 -1    -1e-30      0.00 7.070e-01 2.879e-01 5.428e-04 8.229e-04 2.059e-03 -1.000 5.106e-03 -1.376 -1.272 -0.731 -1.971
0.005 -0.48482 8.92001 2.0768461227 2.5716704746    2.076  2.501  3.6606  1.849    3  0.000  0.351     4.90     3.63     2.68     1.99     1.62  4    -1e-30      0.00 7.069e-01 2.880e-01 5.427e-04 8.233e-04 2.059e-03 -1.000 5.107e-03 -1.482 -1.367 -0.816 -2.074
0.005 -0.48482 8.92001 2.0769424438 2.5716742287    2.076  2.511  3.6597  1.835    3  0.000  0.351     5.04     3.72     2.75     2.04     1.66  4    -1e-30      0.00 7.069e-01 2.880e-01 5.427e-04 8.234e-04 2.059e-03 -1.000 5.107e-03 -1.508 -1.390 -0.837 -2.099
0.005 -0.48482 8.92001 2.0770394802 2.5716780102    2.076  2.477  3.6625  1.881    4  0.000  0.351     0.00     0.00     0.00     0.00     0.00 -1    -1e-30      0.00 7.069e-01 2.880e-01 5.427e-04 8.234e-04 2.059e-03 -1.000 5.107e-03 -1.421 -1.313 -0.768 -2.015
0.005 -0.48482 8.92001 2.0770931244 2.5716801005    2.076  2.436  3.6656  1.934    4  0.000  0.351     0.00     0.00     0.00     0.00     0.00 -1    -1e-30      0.00 7.069e-01 2.880e-01 5.427e-04 8.234e-04 2.059e-03 -1.000 5.107e-03 -1.320 -1.221 -0.686 -1.915
0.005 -0.48482 8.92001 2.0771722794 2.5716831847    2.076  2.391  3.6690  1.992    4  0.000  0.351     0.00     0.00     0.00     0.00     0.00 -1    -1e-30      0.00 7.069e-01 2.880e-01 5.427e-04 8.234e-04 2.059e-03 -1.000 5.107e-03 -1.207 -1.119 -0.595 -1.804
0.005 -0.48482 8.92001 2.0772936344 2.5716879126    2.076  2.346  3.6724  2.051    4  0.000  0.351     0.00     0.00     0.00     0.00     0.00 -1    -1e-30      0.00 7.069e-01 2.880e-01 5.427e-04 8.234e-04 2.059e-03 -1.000 5.107e-03 -1.096 -1.018 -0.504 -1.695
0.005 -0.48482 8.92001 2.0774693489 2.5716947573    2.077  2.301  3.6758  2.109    4  0.000  0.351     0.00     0.00     0.00     0.00     0.00 -1    -1e-30      0.00 7.069e-01 2.880e-01 5.427e-04 8.235e-04 2.059e-03 -1.000 5.107e-03 -0.983 -0.916 -0.413 -1.585
0.005 -0.48482 8.92001 2.0777108669 2.5717041630    2.077  2.260  3.6788  2.163    4  0.000  0.351     0.00     0.00     0.00     0.00     0.00 -1    -1e-30      0.00 7.069e-01 2.880e-01 5.427e-04 8.235e-04 2.059e-03 -1.000 5.107e-03 -0.879 -0.821 -0.327 -1.483
0.005 -0.48482 8.92001 2.0780715942 2.5717182065    2.077  2.221  3.6817  2.213    4  0.000  0.351     0.00     0.00     0.00     0.00     0.00 -1    -1e-30      0.00 7.069e-01 2.880e-01 5.427e-04 8.236e-04 2.059e-03 -1.000 5.108e-03 -0.783 -0.734 -0.247 -1.389
0.005 -0.48482 8.92001 2.0785887241 2.5717383292    2.078  2.180  3.6848  2.267    4  0.000  0.351     0.00     0.00     0.00     0.00     0.00 -1    -1e-30      0.00 7.069e-01 2.880e-01 5.426e-04 8.236e-04 2.059e-03 -1.000 5.108e-03 -0.679 -0.638 -0.160 -1.286
0.005 -0.48482 8.92001 2.0789639950 2.5717529246    2.078  2.142  3.6876  2.316    4  0.000  0.351     0.00     0.00     0.00     0.00     0.00 -1    -1e-30      0.00 7.069e-01 2.880e-01 5.426e-04 8.237e-04 2.058e-03 -1.000 5.109e-03 -0.584 -0.551 -0.080 -1.192
0.005 -0.48482 8.92001 2.0793006420 2.5717660127    2.078  2.103  3.6904  2.367    4  0.000  0.351     0.00     0.00     0.00     0.00     0.00 -1    -1e-30      0.00 7.069e-01 2.880e-01 5.426e-04 8.238e-04 2.058e-03 -1.000 5.109e-03 -0.487 -0.461 0.002 -1.095
0.005 -0.48482 8.92001 2.0796344280 2.5717789847    2.079  2.065  3.6931  2.415    4  0.000  0.351     0.00     0.00     0.00     0.00     0.00 -1    -1e-30      0.00 7.069e-01 2.880e-01 5.426e-04 8.238e-04 2.058e-03 -1.000 5.109e-03 -0.393 -0.373 0.082 -1.001
0.005 -0.48482 8.92001 2.0799908638 2.5717928317    2.079  2.027  3.6957  2.463    4  0.000  0.351     0.00     0.00     0.00     0.00     0.00 -1    -1e-30      0.00 7.069e-01 2.880e-01 5.426e-04 8.239e-04 2.058e-03 -1.000 5.110e-03 -0.299 -0.285 0.163 -0.907
0.005 -0.48482 8.92001 2.0803816319 2.5718080062    2.079  1.989  3.6984  2.512    4  0.000  0.351     0.00     0.00     0.00     0.00     0.00 -1    -1e-30      0.00 7.069e-01 2.880e-01 5.426e-04 8.239e-04 2.058e-03 -1.000 5.110e-03 -0.204 -0.197 0.245 -0.812
0.005 -0.48482 8.92001 2.0808172226 2.5718249135    2.080  1.951  3.7011  2.562    4  0.000  0.351     0.00     0.00     0.00     0.00     0.00 -1    -1e-30      0.00 7.069e-01 2.880e-01 5.426e-04 8.240e-04 2.058e-03 -1.000 5.110e-03 -0.107 -0.107 0.328 -0.716
0.005 -0.48482 8.92001 2.0813062191 2.5718438840    2.080  1.913  3.7039  2.611    4  0.000  0.351     0.00     0.00     0.00     0.00     0.00 -1    -1e-30      0.00 7.069e-01 2.880e-01 5.426e-04 8.241e-04 2.058e-03 -1.000 5.111e-03 -0.012 -0.018 0.411 -0.621
0.005 -0.48482 8.92001 2.0820407867 2.5718723622    2.081  1.866  3.7073  2.672    4  0.000  0.351     0.00     0.00     0.00     0.00     0.00 -1    -1e-30      0.00 7.069e-01 2.880e-01 5.425e-04 8.242e-04 2.058e-03 -1.000 5.111e-03 0.105 0.092 0.513 -0.504
0.005 -0.48482 8.92001 2.0830044746 2.5719096881    2.082  1.820  3.7110  2.733    4  0.000  0.351     0.00     0.00     0.00     0.00     0.00 -1    -1e-30      0.00 7.069e-01 2.880e-01 5.425e-04 8.244e-04 2.058e-03 -1.000 5.112e-03 0.221 0.200 0.613 -0.389
0.005 -0.48482 8.92001 2.0841062069 2.5719523121    2.083  1.784  3.7143  2.782    4  0.000  0.351     0.00     0.00     0.00     0.00     0.00 -1    -1e-30      0.00 7.069e-01 2.880e-01 5.425e-04 8.246e-04 2.058e-03 -1.000 5.113e-03 0.310 0.283 0.688 -0.298
0.005 -0.48482 8.92001 2.0863149166 2.5720376071    2.085  1.747  3.7191  2.838    4  0.000  0.351     0.00     0.00     0.00     0.00     0.00 -1    -1e-30      0.00 7.068e-01 2.881e-01 5.424e-04 8.249e-04 2.058e-03 -1.000 5.115e-03 0.402 0.366 0.761 -0.205
0.005 -0.48482 8.92001 2.0886378288 2.5721270886    2.088  1.732  3.7224  2.868    4  0.000  0.351     0.00     0.00     0.00     0.00     0.00 -1    -1e-30      0.00 7.068e-01 2.881e-01 5.423e-04 8.253e-04 2.057e-03 -1.000 5.118e-03 0.441 0.400 0.787 -0.164
0.005 -0.48482 8.92001 2.1113157272 2.5729887869    2.110  1.779  3.7228  2.827    5  0.000  0.351     0.00     0.00     0.00     0.00     0.00 -1    -1e-30      0.00 7.066e-01 2.883e-01 5.415e-04 8.290e-04 2.054e-03 -1.000 5.138e-03 0.323 0.281 0.668 -0.282
0.005 -0.48482 8.92001 2.1248781681 2.5734940270    2.124  1.809  3.7230  2.800    5  0.000  0.351     0.00     0.00     0.00     0.00     0.00 -1    -1e-30      0.00 7.064e-01 2.884e-01 5.410e-04 8.312e-04 2.053e-03 -1.000 5.150e-03 0.248 0.205 0.591 -0.357
0.005 -0.48482 8.92001 2.1420850754 2.5741244572    2.141  1.850  3.7232  2.763    5  0.000  0.351     0.00     0.00     0.00     0.00     0.00 -1    -1e-30      0.00 7.062e-01 2.886e-01 5.405e-04 8.345e-04 2.050e-03 -1.000 5.151e-03 0.145 0.102 0.487 -0.460
0.005 -0.48482 8.92001 2.1671178341 2.5750210867    2.165  1.915  3.7232  2.703    5  0.000  0.351     0.00     0.00     0.00     0.00     0.00 -1    -1e-30      0.00 7.060e-01 2.889e-01 5.399e-04 8.392e-04 2.045e-03 -1.000 5.151e-03 -0.017 -0.060 0.325 -0.622
0.005 -0.48482 8.92001 2.1745014191 2.5752810240    2.173  1.934  3.7230  2.685    5  0.000  0.351     0.00     0.00     0.00     0.00     0.00 -1    -1e-30      0.00 7.059e-01 2.889e-01 5.397e-04 8.405e-04 2.044e-03 -1.000 5.152e-03 -0.066 -0.108 0.278 -0.671
0.005 -0.48482 8.92001 2.1912355423 2.5758626949    2.190  1.979  3.7224  2.641    5  0.000  0.351     0.00     0.00     0.00     0.00     0.00 -1    -1e-30      0.00 7.058e-01 2.891e-01 5.389e-04 8.442e-04 2.041e-03 -1.000 5.134e-03 -0.178 -0.220 0.167 -0.784
0.005 -0.48482 8.92001 2.1997668743 2.5761553265    2.198  2.002  3.7218  2.618    5  0.000  0.351     0.00     0.00     0.00     0.00     0.00 -1    -1e-30      0.00 7.057e-01 2.892e-01 5.385e-04 8.460e-04 2.039e-03 -1.000 5.126e-03 -0.234 -0.275 0.114 -0.839
0.005 -0.48482 8.92001 2.2130539417 2.5766059205    2.211  2.033  3.7183  2.575    6  0.000  0.351     0.00     0.00     0.00     0.00     0.00 -1    -1e-30      0.00 7.056e-01 2.893e-01 5.379e-04 8.488e-04 2.037e-03 -1.000 5.112e-03 -0.312 -0.347 0.049 -0.919
0.005 -0.48482 8.92001 2.2221114635 2.5769095317    2.220  2.055  3.7148  2.540    6  0.000  0.351     0.00     0.00     0.00     0.00     0.00 -1    -1e-30      0.00 7.055e-01 2.894e-01 5.375e-04 8.507e-04 2.035e-03 -1.000 5.103e-03 -0.368 -0.395 0.008 -0.975
0.005 -0.48482 8.92001 2.2241244316 2.5769766210    2.223  2.060  3.7140  2.533    6  0.000  0.351     0.00     0.00     0.00     0.00     0.00 -1    -1e-30      0.00 7.055e-01 2.894e-01 5.374e-04 8.512e-04 2.034e-03 -1.000 5.101e-03 -0.380 -0.406 -0.000 -0.988
0.005 -0.48482 8.92001 2.2270982265 2.5770754780    2.226  2.067  3.7129  2.522    6  0.000  0.351     0.00     0.00     0.00     0.00     0.00 -1    -1e-30      0.00 7.054e-01 2.895e-01 5.373e-04 8.514e-04 2.034e-03 -1.000 5.104e-03 -0.398 -0.422 -0.014 -1.006
0.005 -0.48482 8.92001 2.2311491966 2.5772096558    2.230  2.097  3.7064  2.467    6  0.000  0.351     0.00     0.00     0.00     0.00     0.00 -1    -1e-30      0.00 7.054e-01 2.895e-01 5.372e-04 8.518e-04 2.034e-03 -1.000 5.107e-03 -0.473 -0.484 -0.061 -1.082
0.005 -0.48482 8.92001 2.2319369316 2.5772356824    2.230  2.135  3.7012  2.408    6  0.000  0.351     0.00     0.00     0.00     0.00     0.00 -1    -1e-30      0.00 7.054e-01 2.895e-01 5.372e-04 8.519e-04 2.034e-03 -1.000 5.108e-03 -0.567 -0.568 -0.132 -1.178
0.005 -0.48482 8.92001 2.2321696281 2.5772433666    2.231  2.169  3.6974  2.359    6  0.000  0.351     0.00     0.00     0.00     0.00     0.00 -1    -1e-30      0.00 7.054e-01 2.895e-01 5.372e-04 8.519e-04 2.034e-03 -1.000 5.108e-03 -0.653 -0.645 -0.200 -1.264
0.005 -0.48482 8.92001 2.2322881222 2.5772472789    2.231  2.208  3.6937  2.306    6  0.000  0.351     0.00     0.00     0.00     0.00     0.00 -1    -1e-30      0.00 7.054e-01 2.895e-01 5.372e-04 8.519e-04 2.034e-03 -1.000 5.109e-03 -0.749 -0.732 -0.277 -1.360
0.005 -0.48482 8.92001 2.2323107719 2.5772480266    2.231  2.220  3.6926  2.289    6  0.000  0.351     0.00     0.00     0.00     0.00     0.00 -1    -1e-30      0.00 7.054e-01 2.895e-01 5.372e-04 8.519e-04 2.034e-03 -1.000 5.109e-03 -0.779 -0.760 -0.301 -1.390
0.005 -0.48482 8.92001 2.2323598862 2.5772496480    2.231  2.258  3.6893  2.238    7  0.000  0.351     0.00     0.00     0.00     0.00     0.00 -1    -1e-30      0.00 7.054e-01 2.895e-01 5.372e-04 8.519e-04 2.034e-03 -1.000 5.109e-03 -0.875 -0.847 -0.380 -1.485
0.005 -0.48482 8.92001 2.2324070930 2.5772512064    2.231  2.294  3.6862  2.189    7  0.000  0.351     0.00     0.00     0.00     0.00     0.00 -1    -1e-30      0.00 7.054e-01 2.895e-01 5.372e-04 8.520e-04 2.034e-03 -1.000 5.109e-03 -0.966 -0.930 -0.454 -1.575
0.005 -0.48482 8.92001 2.2324550152 2.5772527883    2.231  2.315  3.6846  2.162    7  0.000  0.351     0.00     0.00     0.00     0.00     0.00 -1    -1e-30      0.00 7.054e-01 2.895e-01 5.372e-04 8.520e-04 2.034e-03 -1.000 5.109e-03 -1.018 -0.977 -0.497 -1.626
0.005 -0.48482 8.92001 2.2325928211 2.5772573368    2.231  2.317  3.6845  2.159    7  0.000  0.351     0.00     0.00     0.00     0.00     0.00 -1 -1.12e-30      0.00 7.054e-01 2.895e-01 5.372e-04 8.520e-04 2.034e-03 -1.000 5.110e-03 -1.024 -0.983 -0.502 -1.632
0.005 -0.48482 8.92001 2.2328329086 2.5772652597    2.231  2.282  3.6875  2.206    7  0.000  0.351     0.00     0.00     0.00     0.00     0.00 -1 -3.33e-30      0.00 7.054e-01 2.895e-01 5.372e-04 8.520e-04 2.034e-03 -1.000 5.116e-03 -0.935 -0.902 -0.430 -1.545
0.005 -0.48482 8.92001 2.2345671654 2.5773224320    2.233  2.285  3.6872  2.203    7  0.000  0.351     0.00     0.00     0.00     0.00     0.00 -1  -1.5e-13      0.00 7.054e-01 2.892e-01 5.371e-04 8.522e-04 2.034e-03 -1.000 5.358e-03 -0.941 -0.908 -0.435 -1.551
0.005 -0.48482 8.92001 2.2353987694 2.5773498109    2.234  2.311  3.6850  2.168    7  0.000  0.351     0.00     0.00     0.00     0.00     0.00 -1 -1.12e-10      0.00 7.054e-01 2.892e-01 5.371e-04 8.522e-04 2.034e-03 -1.000 5.400e-03 -1.008 -0.968 -0.489 -1.616
0.005 -0.48482 8.92001 2.2361602783 2.5773748615    2.234  2.350  3.6817  2.116    7  0.000  0.351     0.00     0.00     0.00     0.00     0.00 -1 -1.63e-10      0.00 7.054e-01 2.892e-01 5.371e-04 8.523e-04 2.034e-03 -1.000 5.401e-03 -1.105 -1.056 -0.568 -1.712
0.005 -0.48482 8.92001 2.2368099689 2.5773962182    2.235  2.390  3.6785  2.064    7  0.000  0.351     0.00     0.00     0.00     0.00     0.00 -1 -2.02e-10      0.00 7.054e-01 2.892e-01 5.371e-04 8.524e-04 2.034e-03 -1.000 5.401e-03 -1.204 -1.146 -0.649 -1.809
0.005 -0.48482 8.92001 2.2373726368 2.5774147028    2.235  2.429  3.6753  2.011    7  0.000  0.351     0.00     0.00     0.00     0.00     0.00 -1 -2.46e-10      0.00 7.054e-01 2.892e-01 5.371e-04 8.524e-04 2.033e-03 -1.000 5.401e-03 -1.304 -1.235 -0.729 -1.906
0.005 -0.48482 8.92001 2.2378714085 2.5774310793    2.236  2.469  3.6721  1.958    7  0.000  0.351     0.00     0.00     0.00     0.00     0.00 -1 -3.01e-10      0.00 7.054e-01 2.892e-01 5.370e-04 8.525e-04 2.033e-03 -1.000 5.401e-03 -1.403 -1.326 -0.810 -2.005
0.005 -0.48482 8.92001 2.2383115292 2.5774455231    2.236  2.509  3.6687  1.905    7  0.000  0.351     4.55     3.34     2.48     1.83     1.49  4 -3.67e-10      0.00 7.054e-01 2.892e-01 5.370e-04 8.525e-04 2.033e-03 -1.000 5.401e-03 -1.502 -1.415 -0.889 -2.103
0.005 -0.48482 8.92001 2.2387070656 2.5774584982    2.236  2.549  3.6652  1.851    7  0.000  0.351     5.06     3.68     2.73     2.02     1.64  4 -4.49e-10      0.00 7.054e-01 2.892e-01 5.370e-04 8.525e-04 2.033e-03 -1.000 5.401e-03 -1.603 -1.505 -0.967 -2.201
0.005 -0.48482 8.92001 2.2389671803 2.5774670281    2.236  2.578  3.6616  1.808    7  0.000  0.351     5.51     3.99     2.94     2.18     1.77  4  -5.2e-10      0.00 7.054e-01 2.892e-01 5.370e-04 8.526e-04 2.033e-03 -1.000 5.401e-03 -1.676 -1.566 -1.017 -2.270
0.005 -0.48482 8.92001 2.2392828465 2.5774773766    2.236  2.618  3.6580  1.754    7  0.000  0.351     6.13     4.39     3.22     2.39     1.95  4 -6.34e-10      0.00 7.054e-01 2.892e-01 5.369e-04 8.527e-04 2.033e-03 -1.000 5.401e-03 -1.774 -1.651 -1.090 -2.364
0.005 -0.48482 8.92001 2.2395713329 2.5774868312    2.237  2.657  3.6538  1.698    7  0.000  0.351     6.85     4.86     3.55     2.64     2.15  4 -7.72e-10      0.00 7.054e-01 2.892e-01 5.366e-04 8.530e-04 2.033e-03 -1.000 5.401e-03 -1.872 -1.732 -1.159 -2.456
0.005 -0.48482 8.92001 2.2398381233 2.5774955722    2.237  2.697  3.6505  1.645    7  0.000  0.351     7.60     5.35     3.89     2.89     2.36  4 -9.36e-10      0.00 7.054e-01 2.892e-01 5.361e-04 8.535e-04 2.033e-03 -1.000 5.401e-03 -1.972 -1.819 -1.235 -2.550
0.005 -0.48482 8.92001 2.2400865555 2.5775037095    2.237  2.736  3.6474  1.593    7  0.000  0.350     8.43     5.88     4.26     3.17     2.59  4 -1.13e-09      0.00 7.054e-01 2.892e-01 5.352e-04 8.545e-04 2.033e-03 -1.000 5.401e-03 -2.071 -1.904 -1.311 -2.643
0.005 -0.48482 8.92001 2.2403185368 2.5775113062    2.236  2.776  3.6442  1.540    7  0.000  0.349     9.34     6.46     4.66     3.48     2.84  4 -1.38e-09      0.00 7.054e-01 2.892e-01 5.342e-04 8.558e-04 2.033e-03 -1.000 5.401e-03 -2.170 -1.989 -1.385 -2.735
0.005 -0.48482 8.92001 2.2405366898 2.5775184483    2.236  2.815  3.6409  1.488    7  0.000  0.349    10.36     7.10     5.10     3.81     3.11  4 -1.68e-09      0.00 7.054e-01 2.892e-01 5.331e-04 8.571e-04 2.033e-03 -1.000 5.401e-03 -2.268 -2.072 -1.457 -2.826
0.005 -0.48482 8.92001 2.2407436371 2.5775252222    2.236  2.855  3.6377  1.436    7  0.000  0.348    11.49     7.81     5.59     4.18     3.41  4 -2.02e-09      0.00 7.054e-01 2.892e-01 5.320e-04 8.583e-04 2.033e-03 -1.000 5.401e-03 -2.366 -2.154 -1.527 -2.916
0.005 -0.48482 8.92001 2.2409434319 2.5775317605    2.236  2.894  3.6345  1.383    7  0.000  0.347    12.74     8.58     6.11     4.58     3.74  4 -2.45e-09      0.00 7.054e-01 2.892e-01 5.311e-04 8.596e-04 2.033e-03 -1.000 5.401e-03 -2.465 -2.235 -1.596 -3.007
0.005 -0.48482 8.92001 2.2411406040 2.5775382117    2.236  2.933  3.6313  1.331    7  0.000  0.347    14.13     9.43     6.69     5.02     4.10  4 -2.96e-09      0.00 7.054e-01 2.892e-01 5.302e-04 8.605e-04 2.033e-03 -1.000 5.401e-03 -2.564 -2.317 -1.666 -3.097
0.005 -0.48482 8.92001 2.2413403988 2.5775447474    2.235  2.973  3.6280  1.278    7  0.000  0.346    15.69    10.38     7.33     5.51     4.50  4 -3.58e-09      0.00 7.054e-01 2.892e-01 5.295e-04 8.614e-04 2.033e-03 -1.000 5.401e-03 -2.663 -2.399 -1.734 -3.188
0.005 -0.48482 8.92001 2.2415466309 2.5775514922    2.234  3.014  3.6247  1.224    7  0.000  0.346    17.43    11.44     8.04     6.05     4.94  4 -4.36e-09      0.00 7.054e-01 2.892e-01 5.289e-04 8.622e-04 2.033e-03 -1.000 5.401e-03 -2.764 -2.481 -1.802 -3.279
0.005 -0.48482 8.92001 2.2417368889 2.5775577134    2.234  3.052  3.6215  1.173    7  0.000  0.346    19.28    12.54     8.78     6.62     5.40  4 -5.23e-09      0.00 7.054e-01 2.892e-01 5.284e-04 8.628e-04 2.033e-03 -1.000 5.401e-03 -2.859 -2.558 -1.867 -3.365
0.005 -0.48482 8.92001 2.2418489456 2.5775613769    2.233  3.083  3.6188  1.131    7  0.000  0.345    20.95    13.54     9.45     7.12     5.82  4 -6.05e-09      0.00 7.054e-01 2.892e-01 5.281e-04 8.633e-04 2.033e-03 -1.000 5.401e-03 -2.938 -2.621 -1.918 -3.436
0.005 -0.48482 8.92001 2.2419219017 2.5775637618    2.233  3.113  3.6163  1.091    7  0.000  0.345    22.67    14.55    10.12     7.64     6.24  4 -6.95e-09      0.00 7.054e-01 2.892e-01 5.278e-04 8.638e-04 2.033e-03 -1.000 5.400e-03 -3.012 -2.679 -1.966 -3.501
0.005 -0.48482 8.92001 2.2419893742 2.5775659674    2.232  3.146  3.6134  1.046    7  0.000  0.345    24.77    15.78    10.94     8.27     6.76  4 -8.13e-09      0.00 7.054e-01 2.892e-01 5.275e-04 8.642e-04 2.033e-03 -1.000 5.396e-03 -3.096 -2.745 -2.019 -3.575
0.005 -0.48482 8.92001 2.2420556545 2.5775681338    2.232  3.184  3.6101  0.995    7  0.000  0.345    27.42    17.32    11.95     9.05     7.40  4 -9.69e-09      0.00 7.054e-01 2.892e-01 5.273e-04 8.644e-04 2.033e-03 -1.000 5.361e-03 -3.191 -2.819 -2.078 -3.659
0.005 -0.48482 8.92001 2.2421236038 2.5775703546    2.231  3.225  3.6066  0.940    7  0.000  0.345    30.55    19.12    13.14     9.96     8.14  3 -1.17e-08      0.00 7.054e-01 2.892e-01 5.272e-04 8.648e-04 2.033e-03 -1.000 5.356e-03 -3.292 -2.896 -2.138 -3.748
0.005 -0.48482 8.92001 2.2421970367 2.5775727545    2.230  3.268  3.6028  0.882    7  0.000  0.345    34.27    21.25    14.53    11.03     9.02  3 -1.43e-08      0.00 7.054e-01 2.893e-01 5.271e-04 8.648e-04 2.033e-03 -1.000 5.356e-03 -3.400 -2.978 -2.200 -3.841
0.005 -0.48482 8.92001 2.2422711849 2.5775751775    2.229  3.310  3.5991  0.825    7  0.000  0.345    38.31    23.53    16.02    12.18     9.96  3 -1.74e-08      0.00 7.054e-01 2.893e-01 5.271e-04 8.648e-04 2.033e-03 -1.000 5.356e-03 -3.504 -3.056 -2.259 -3.931
0.005 -0.48482 8.92001 2.2422976494 2.5775760423    2.228  3.319  3.5983  0.812    7  0.000  0.345    39.27    24.07    16.37    12.45    10.18  3 -1.81e-08      0.00 7.054e-01 2.893e-01 5.271e-04 8.648e-04 2.033e-03 -1.000 5.356e-03 -3.527 -3.073 -2.271 -3.950
0.005 -0.48482 8.92001 2.2423052788 2.5775762916    2.228  3.334  3.5970  0.792    7  0.000  0.345    40.86    24.96    16.94    12.89    10.55  3 -1.93e-08      0.00 7.054e-01 2.893e-01 5.271e-04 8.648e-04 2.033e-03 -1.000 5.356e-03 -3.564 -3.100 -2.291 -3.982
0.005 -0.48482 8.92001 2.2423119545 2.5775765098    2.228  3.347  3.5957  0.774    7  0.000  0.345    42.39    25.81    17.50    13.32    10.90  3 -2.06e-08      0.00 7.054e-01 2.893e-01 5.271e-04 8.648e-04 2.033e-03 -1.000 5.356e-03 -3.598 -3.124 -2.308 -4.010
0.005 -0.48482 8.92001 2.2423200607 2.5775767746    2.228  3.361  3.5945  0.755    7  0.000  0.345    43.99    26.70    18.07    13.77    11.27  3 -2.18e-08      0.00 7.054e-01 2.893e-01 5.271e-04 8.648e-04 2.033e-03 -1.000 5.356e-03 -3.632 -3.149 -2.326 -4.039
0.005 -0.48482 8.92001 2.2423310280 2.5775771330    2.227  3.376  3.5931  0.734    7  0.000  0.345    45.80    27.71    18.72    14.27    11.68  3 -2.35e-08      0.00 7.054e-01 2.893e-01 5.271e-04 8.648e-04 2.033e-03 -1.000 5.356e-03 -3.669 -3.176 -2.345 -4.071
0.005 -0.48482 8.92001 2.2423474789 2.5775776705    2.227  3.392  3.5915  0.711    7  0.000  0.345    47.95    28.90    19.49    14.86    12.17  3 -2.53e-08      0.00 7.054e-01 2.893e-01 5.271e-04 8.648e-04 2.033e-03 -1.000 5.356e-03 -3.711 -3.206 -2.366 -4.106
0.005 -0.48482 8.92001 2.2423770428 2.5775786365    2.226  3.410  3.5898  0.686    7  0.000  0.345    50.35    30.22    20.34    15.52    12.71  3 -2.75e-08      0.00 7.054e-01 2.893e-01 5.271e-04 8.648e-04 2.033e-03 -1.000 5.356e-03 -3.756 -3.238 -2.389 -4.144
0.005 -0.48482 8.92001 2.2423775196 2.5775786521    2.226  3.367  3.5940  0.747    7  0.000  0.345    44.70    27.10    18.33    13.97    11.43  3 -2.26e-08      0.00 7.054e-01 2.893e-01 5.271e-04 8.648e-04 2.033e-03 -1.000 5.356e-03 -3.647 -3.160 -2.334 -4.052
0.005 -0.48482 8.92001 2.2423777580 2.5775786599    2.226  3.444  3.5864  0.639    7  0.000  0.345    55.33    32.95    22.09    16.88    13.82  3 -3.18e-08      0.00 7.054e-01 2.893e-01 5.270e-04 8.650e-04 2.033e-03 -1.000 5.356e-03 -3.841 -3.295 -2.424 -4.212
0.005 -0.48482 8.92001 2.2423779964 2.5775786677    2.226  3.467  3.5839  0.606    7  0.000  0.345    58.98    34.93    23.36    17.86    14.63  3 -3.51e-08      0.00 7.054e-01 2.893e-01 5.270e-04 8.650e-04 2.033e-03 -1.000 5.356e-03 -3.897 -3.330 -2.444 -4.257
0.005 -0.48482 8.92001 2.2423782349 2.5775786755    2.226  3.446  3.5863  0.637    7  0.000  0.345    55.54    33.06    22.16    16.94    13.87  3  -3.2e-08      0.00 7.054e-01 2.893e-01 5.270e-04 8.650e-04 2.033e-03 -1.000 5.356e-03 -3.845 -3.297 -2.426 -4.215
0.005 -0.48482 8.92001 2.2423784733 2.5775786832    2.226  3.413  3.5896  0.683    7  0.000  0.345    50.65    30.39    20.44    15.61    12.77  3 -2.78e-08      0.00 7.054e-01 2.893e-01 5.270e-04 8.650e-04 2.033e-03 -1.000 5.356e-03 -3.761 -3.242 -2.391 -4.148
0.005 -0.48482 8.92001 2.2423787117 2.5775786910    2.226  3.402  3.5906  0.698    7  0.000  0.345    49.20    29.59    19.93    15.21    12.45  3 -2.65e-08      0.00 7.054e-01 2.893e-01 5.270e-04 8.650e-04 2.033e-03 -1.000 5.356e-03 -3.735 -3.224 -2.379 -4.126
0.005 -0.48482 8.92001 2.2423789501 2.5775786988    2.226  3.427  3.5882  0.664    7  0.000  0.345    52.67    31.49    21.16    16.16    13.23  3 -2.95e-08      0.00 7.054e-01 2.893e-01 5.270e-04 8.650e-04 2.033e-03 -1.000 5.356e-03 -3.797 -3.266 -2.406 -4.177
0.005 -0.48482 8.92001 2.2423794270 2.5775787144    2.226  3.421  3.5887  0.671    7  0.000  0.345    51.90    31.07    20.89    15.95    13.06  3 -2.88e-08      0.00 7.054e-01 2.893e-01 5.270e-04 8.650e-04 2.033e-03 -1.000 5.356e-03 -3.784 -3.257 -2.401 -4.166
0.005 -0.48482 8.92001 2.2423796654 2.5775787222    2.226  3.409  3.5900  0.689    7  0.000  0.345    50.13    30.10    20.26    15.46    12.66  3 -2.73e-08      0.00 7.054e-01 2.893e-01 5.270e-04 8.650e-04 2.033e-03 -1.000 5.356e-03 -3.752 -3.235 -2.387 -4.140
0.005 -0.48482 8.92001 2.2423799038 2.5775787300    2.226  3.398  3.5911  0.704    7  0.000  0.345    48.62    29.27    19.73    15.05    12.32  3  -2.6e-08      0.00 7.054e-01 2.893e-01 5.270e-04 8.650e-04 2.033e-03 -1.000 5.356e-03 -3.724 -3.216 -2.374 -4.117
0.005 -0.48482 8.92001 2.2423810959 2.5775787689    2.226  3.391  3.5916  0.713    7  0.000  0.345    47.81    28.82    19.44    14.82    12.13  3 -2.52e-08      0.00 7.054e-01 2.893e-01 5.270e-04 8.650e-04 2.033e-03 -1.000 5.356e-03 -3.709 -3.205 -2.366 -4.104
0.005 -0.48482 8.92001 2.2423820496 2.5775788001    2.226  3.381  3.5926  0.727    7  0.000  0.345    46.52    28.11    18.98    14.47    11.84  3 -2.42e-08      0.00 7.054e-01 2.893e-01 5.270e-04 8.650e-04 2.033e-03 -1.000 5.356e-03 -3.684 -3.187 -2.353 -4.083
0.005 -0.48482 8.92001 2.2423837185 2.5775788546    2.226  3.369  3.5937  0.743    7  0.000  0.345    45.03    27.28    18.45    14.06    11.50  3 -2.29e-08      0.00 7.054e-01 2.893e-01 5.270e-04 8.650e-04 2.033e-03 -1.000 5.356e-03 -3.653 -3.165 -2.338 -4.058
0.005 -0.48482 8.92001 2.2423853874 2.5775789092    2.226  3.360  3.5946  0.756    7  0.000  0.345    43.87    26.64    18.03    13.74    11.24  3 -2.18e-08      0.00 7.054e-01 2.893e-01 5.270e-04 8.650e-04 2.033e-03 -1.000 5.356e-03 -3.629 -3.147 -2.324 -4.037
0.005 -0.48482 8.92001 2.2423872948 2.5775789715    2.226  3.350  3.5954  0.769    7  0.000  0.345    42.76    26.02    17.63    13.43    10.99  3  -2.1e-08      0.00 7.054e-01 2.893e-01 5.270e-04 8.650e-04 2.033e-03 -1.000 5.356e-03 -3.605 -3.129 -2.312 -4.017
0.005 -0.48482 8.92001 2.2423894405 2.5775790416    2.226  3.341  3.5962  0.782    7  0.000  0.345    41.71    25.44    17.25    13.13    10.75  3    -2e-08      0.00 7.054e-01 2.893e-01 5.270e-04 8.650e-04 2.033e-03 -1.000 5.356e-03 -3.582 -3.112 -2.299 -3.997
0.005 -0.48482 8.92001 2.2423934937 2.5775791740    2.226  3.329  3.5973  0.798    7  0.000  0.345    40.40    24.70    16.78    12.77    10.45  3  -1.9e-08      0.00 7.054e-01 2.893e-01 5.270e-04 8.650e-04 2.033e-03 -1.000 5.356e-03 -3.552 -3.090 -2.283 -3.971
0.005 -0.48482 8.92001 2.2424046993 2.5775795401    2.225  3.334  3.5968  0.791    7  0.000  0.345    40.94    25.01    16.97    12.92    10.57  3 -1.94e-08      0.00 7.054e-01 2.893e-01 5.270e-04 8.650e-04 2.033e-03 -1.000 5.356e-03 -3.564 -3.099 -2.290 -3.982
0.005 -0.48482 8.92001 2.2424099445 2.5775797115    2.225  3.316  3.5986  0.816    7  0.000  0.345    38.97    23.90    16.26    12.36    10.12  3 -1.79e-08      0.00 7.054e-01 2.893e-01 5.270e-04 8.650e-04 2.033e-03 -1.000 5.356e-03 -3.519 -3.067 -2.267 -3.944
0.005 -0.48482 8.92001 2.2424149513 2.5775798751    2.225  3.321  3.5981  0.809    7  0.000  0.345    39.50    24.20    16.45    12.52    10.24  3 -1.84e-08      0.00 7.054e-01 2.893e-01 5.270e-04 8.650e-04 2.033e-03 -1.000 5.356e-03 -3.532 -3.076 -2.274 -3.955
0.005 -0.48482 8.92001 2.2424199581 2.5775800387    2.225  3.336  3.5968  0.789    7  0.000  0.345    41.12    25.11    17.04    12.97    10.61  3 -1.97e-08      0.00 7.054e-01 2.893e-01 5.270e-04 8.650e-04 2.033e-03 -1.000 5.356e-03 -3.569 -3.104 -2.294 -3.986
0.005 -0.48482 8.92001 2.2424271107 2.5775802724    2.225  3.362  3.5944  0.753    7  0.000  0.345    44.14    26.79    18.13    13.81    11.30  3 -2.22e-08      0.00 7.054e-01 2.893e-01 5.270e-04 8.650e-04 2.033e-03 -1.000 5.356e-03 -3.635 -3.152 -2.328 -4.042
0.005 -0.48482 8.92001 2.2424337864 2.5775804905    2.225  3.381  3.5926  0.726    7  0.000  0.345    46.53    28.12    18.98    14.47    11.85  3 -2.41e-08      0.00 7.054e-01 2.893e-01 5.270e-04 8.650e-04 2.033e-03 -1.000 5.356e-03 -3.684 -3.187 -2.353 -4.083
0.005 -0.48482 8.92001 2.2424409389 2.5775807242    2.225  3.417  3.5893  0.678    7  0.000  0.345    51.21    30.69    20.64    15.76    12.90  3 -2.83e-08      0.00 7.054e-01 2.893e-01 5.270e-04 8.650e-04 2.033e-03 -1.000 5.356e-03 -3.772 -3.249 -2.397 -4.157
0.005 -0.48482 8.92001 2.2424490452 2.5775809890    2.224  3.461  3.5851  0.617    7  0.000  0.345    57.73    34.25    22.92    17.53    14.35  3 -3.45e-08      0.00 7.054e-01 2.893e-01 5.270e-04 8.650e-04 2.033e-03 -1.000 5.356e-03 -3.882 -3.325 -2.446 -4.247
0.005 -0.48482 8.92001 2.2424604893 2.5775813629    2.224  3.508  3.5805  0.551    7  0.000  0.345    65.77    38.60    25.69    19.68    16.12  2 -4.24e-08      0.00 7.054e-01 2.893e-01 5.270e-04 8.650e-04 2.033e-03 -1.000 5.356e-03 -4.001 -3.405 -2.497 -4.344
0.005 -0.48482 8.92001 2.2424774170 2.5775819159    2.223  3.554  3.5761  0.488    7  0.000  0.345    74.53    43.28    28.66    21.99    18.02  2  -5.2e-08      0.00 7.054e-01 2.893e-01 5.270e-04 8.650e-04 2.033e-03 -1.000 5.356e-03 -4.114 -3.476 -2.533 -4.432
0.005 -0.48482 8.92001 2.2425105572 2.5775829986    2.221  3.595  3.5718  0.429    7  0.000  0.345    83.69    48.12    31.72    24.37    19.98  2 -6.32e-08      0.00 7.054e-01 2.893e-01 5.270e-04 8.650e-04 2.033e-03 -1.000 5.356e-03 -4.218 -3.538 -2.561 -4.513
