Zini MH logAge Mini int_IMF Mass logL logTe logg label McoreTP C_O period0 period1 period2 period3 period4 pmode Mloss tau1m X Y Xc Xn Xo Cexcess Z mbolmag Gmag G_BPmag G_RPmag
0.004 -0.58336 7.34500 0.0900000036 1.0816895926    0.090 -2.204  3.4607  4.391    0  0.000  0.545     0.00     0.00     0.00     0.00     0.00 -1 -1.69e-15      0.00 7.399e-01 2.561e-01 7.193e-04 1.940e-04 1.760e-03 -1.000 4.000e-03 10.279 11.533 13.496 10.226
0.004 -0.58336 7.34500 0.0942336842 1.1210492567    0.094 -2.174  3.4641  4.395    0  0.000  0.545     0.00     0.00     0.00     0.00     0.00 -1 -1.76e-15      0.00 7.399e-01 2.561e-01 7.193e-04 1.940e-04 1.760e-03 -1.000 4.000e-03 10.206 11.430 13.345 10.134
0.004 -0.58336 7.34500 0.1000000015 1.1711064122    0.100 -2.135  3.4685  4.399    0  0.000  0.545     0.00     0.00     0.00     0.00     0.00 -1 -1.86e-15      0.00 7.399e-01 2.561e-01 7.193e-04 1.940e-04 1.760e-03 -1.000 4.000e-03 10.107 11.289 13.140 10.008
0.004 -0.58336 7.34500 0.1081386358 1.2357049784    0.108 -2.086  3.4738  4.405    0  0.000  0.545     0.00     0.00     0.00     0.00     0.00 -1 -1.99e-15      0.00 7.399e-01 2.561e-01 7.193e-04 1.940e-04 1.760e-03 -1.000 4.000e-03 9.984 11.118 12.896 9.854
0.004 -0.58336 7.34500 0.1199999973 1.3193154249    0.120 -2.018  3.4810  4.411    0  0.000  0.545     0.00     0.00     0.00     0.00     0.00 -1  -2.2e-15      0.00 7.399e-01 2.561e-01 7.193e-04 1.940e-04 1.760e-03 -1.000 4.000e-03 9.814 10.883 12.562 9.643
0.004 -0.58336 7.34500 0.1400000006 1.4384526719    0.140 -1.920  3.4905  4.418    0  0.000  0.545     0.00     0.00     0.00     0.00     0.00 -1 -2.53e-15      0.00 7.399e-01 2.561e-01 7.193e-04 1.940e-04 1.760e-03 -1.000 4.000e-03 9.570 10.551 12.103 9.347
0.004 -0.58336 7.34500 0.1599999964 1.5372931554    0.160 -1.836  3.4985  4.424    0  0.000  0.545     0.00     0.00     0.00     0.00     0.00 -1 -2.84e-15      0.00 7.399e-01 2.561e-01 7.193e-04 1.940e-04 1.760e-03 -1.000 4.000e-03 9.361 10.279 11.744 9.100
0.004 -0.58336 7.34500 0.1769635677 1.6093055620    0.177 -1.771  3.5049  4.429    0  0.000  0.545     0.00     0.00     0.00     0.00     0.00 -1 -3.13e-15      0.00 7.399e-01 2.561e-01 7.193e-04 1.940e-04 1.760e-03 -1.000 4.000e-03 9.198 10.068 11.471 8.910
0.004 -0.58336 7.34500 0.2058479935 1.7133496217    0.206 -1.674  3.5142  4.434    0  0.000  0.545     0.00     0.00     0.00     0.00     0.00 -1  -3.6e-15      0.00 7.399e-01 2.561e-01 7.193e-04 1.940e-04 1.760e-03 -1.000 4.000e-03 8.955 9.758 11.075 8.630
0.004 -0.58336 7.34500 0.2209276855 1.7604042117    0.221 -1.630  3.5183  4.437    0  0.000  0.545     0.00     0.00     0.00     0.00     0.00 -1 -3.83e-15      0.00 7.399e-01 2.561e-01 7.193e-04 1.940e-04 1.760e-03 -1.000 4.000e-03 8.844 9.618 10.899 8.504
0.004 -0.58336 7.34500 0.2321444005 1.7927769619    0.232 -1.599  3.5213  4.440    0  0.000  0.545     0.00     0.00     0.00     0.00     0.00 -1 -3.99e-15      0.00 7.399e-01 2.561e-01 7.193e-04 1.940e-04 1.760e-03 -1.000 4.000e-03 8.767 9.522 10.778 8.416
0.004 -0.58336 7.34500 0.2405064404 1.8156159126    0.241 -1.577  3.5234  4.442    0  0.000  0.545     0.00     0.00     0.00     0.00     0.00 -1 -4.11e-15      0.00 7.399e-01 2.561e-01 7.193e-04 1.940e-04 1.760e-03 -1.000 4.000e-03 8.712 9.453 10.692 8.353
0.004 -0.58336 7.34500 0.2456537634 1.8291675315    0.246 -1.564  3.5248  4.444    0  0.000  0.545     0.00     0.00     0.00     0.00     0.00 -1 -4.17e-15      0.00 7.399e-01 2.561e-01 7.193e-04 1.940e-04 1.760e-03 -1.000 4.000e-03 8.680 9.412 10.642 8.317
0.004 -0.58336 7.34500 0.2555310726 1.8541666186    0.256 -1.539  3.5270  4.444    0  0.000  0.545     0.00     0.00     0.00     0.00     0.00 -1 -4.36e-15      0.00 7.399e-01 2.561e-01 7.193e-04 1.940e-04 1.760e-03 -1.000 4.000e-03 8.617 9.334 10.547 8.246
0.004 -0.58336 7.34500 0.2848972380 1.9216390479    0.285 -1.470  3.5330  4.446    0  0.000  0.545     0.00     0.00     0.00     0.00     0.00 -1 -4.83e-15      0.00 7.399e-01 2.561e-01 7.193e-04 1.940e-04 1.760e-03 -1.000 4.000e-03 8.444 9.125 10.294 8.054
0.004 -0.58336 7.34500 0.3000000119 1.9529139769    0.300 -1.437  3.5358  4.448    0  0.000  0.545     0.00     0.00     0.00     0.00     0.00 -1 -5.07e-15      0.00 7.399e-01 2.561e-01 7.193e-04 1.940e-04 1.760e-03 -1.000 4.000e-03 8.363 9.027 10.177 7.965
0.004 -0.58336 7.34500 0.3330107331 2.0146599485    0.333 -1.373  3.5417  4.452    0  0.000  0.545     0.00     0.00     0.00     0.00     0.00 -1 -5.55e-15      0.00 7.399e-01 2.561e-01 7.193e-04 1.940e-04 1.760e-03 -1.000 4.000e-03 8.202 8.831 9.941 7.786
0.004 -0.58336 7.34500 0.3499999642 2.0434174156    0.350 -1.341  3.5445  4.453    0  0.000  0.545     0.00     0.00     0.00     0.00     0.00 -1 -5.82e-15      0.00 7.399e-01 2.561e-01 7.193e-04 1.940e-04 1.760e-03 -1.000 4.000e-03 8.123 8.736 9.828 7.699
0.004 -0.58336 7.34500 0.3892365694 2.1034078761    0.389 -1.273  3.5509  4.457    0  0.000  0.545     0.00     0.00     0.00     0.00     0.00 -1 -6.42e-15      0.00 7.399e-01 2.561e-01 7.193e-04 1.940e-04 1.760e-03 -1.000 4.000e-03 7.954 8.531 9.584 7.512
0.004 -0.58336 7.34500 0.3999999762 2.1185023988    0.400 -1.256  3.5525  4.458    0  0.000  0.545     0.00     0.00     0.00     0.00     0.00 -1 -6.58e-15      0.00 7.399e-01 2.561e-01 7.193e-04 1.940e-04 1.760e-03 -1.000 4.000e-03 7.910 8.478 9.522 7.465
0.004 -0.58336 7.34500 0.4498921037 2.1821533423    0.450 -1.174  3.5608  4.461    0  0.000  0.545     0.00     0.00     0.00     0.00     0.00 -1 -7.46e-15      0.00 7.399e-01 2.561e-01 7.193e-04 1.940e-04 1.760e-03 -1.000 4.000e-03 7.706 8.229 9.224 7.239
0.004 -0.58336 7.34500 0.4499999881 2.1822809009    0.450 -1.174  3.5609  4.461    0  0.000  0.545     0.00     0.00     0.00     0.00     0.00 -1 -7.46e-15      0.00 7.399e-01 2.561e-01 7.193e-04 1.940e-04 1.760e-03 -1.000 4.000e-03 7.706 8.228 9.223 7.239
0.004 -0.58336 7.34500 0.4503595829 2.1827057859    0.450 -1.174  3.5609  4.461    0  0.000  0.545     0.00     0.00     0.00     0.00     0.00 -1 -7.47e-15      0.00 7.399e-01 2.561e-01 7.193e-04 1.940e-04 1.760e-03 -1.000 4.000e-03 7.704 8.226 9.221 7.237
0.004 -0.58336 7.34500 0.4999999702 2.2374541023    0.500 -1.093  3.5703  4.463    0  0.000  0.545     0.00     0.00     0.00     0.00     0.00 -1 -8.51e-15      0.00 7.399e-01 2.561e-01 7.193e-04 1.940e-04 1.760e-03 -1.000 4.000e-03 7.503 7.977 8.921 7.014
0.004 -0.58336 7.34500 0.5144475102 2.2518678410    0.514 -1.071  3.5733  4.465    0  0.000  0.545     0.00     0.00     0.00     0.00     0.00 -1 -8.81e-15      0.00 7.399e-01 2.561e-01 7.193e-04 1.940e-04 1.760e-03 -1.000 4.000e-03 7.447 7.907 8.837 6.951
0.004 -0.58336 7.34500 0.5471094847 2.2812505507    0.547 -1.013  3.5803  4.462    0  0.000  0.545     0.00     0.00     0.00     0.00     0.00 -1 -9.79e-15      0.00 7.399e-01 2.561e-01 7.193e-04 1.940e-04 1.760e-03 -1.000 4.000e-03 7.303 7.731 8.628 6.794
0.004 -0.58336 7.34500 0.5500000119 2.2836582633    0.550 -1.007  3.5810  4.461    0  0.000  0.545     0.00     0.00     0.00     0.00     0.00 -1 -9.91e-15      0.00 7.399e-01 2.561e-01 7.193e-04 1.940e-04 1.760e-03 -1.000 4.000e-03 7.288 7.713 8.608 6.778
0.004 -0.58336 7.34500 0.5988178849 2.3203182892    0.599 -0.908  3.5954  4.457    0  0.000  0.545     0.00     0.00     0.00     0.00     0.00 -1  -1.2e-14      0.00 7.399e-01 2.561e-01 7.193e-04 1.940e-04 1.760e-03 -1.000 4.000e-03 7.041 7.407 8.239 6.507
0.004 -0.58336 7.34500 0.5999999642 2.3211212854    0.600 -0.906  3.5958  4.457    0  0.000  0.545     0.00     0.00     0.00     0.00     0.00 -1  -1.2e-14      0.00 7.399e-01 2.561e-01 7.193e-04 1.940e-04 1.760e-03 -1.000 4.000e-03 7.034 7.398 8.229 6.500
0.004 -0.58336 7.34500 0.6337428689 2.3425983834    0.634 -0.833  3.6085  4.459    0  0.000  0.545     0.00     0.00     0.00     0.00     0.00 -1 -1.37e-14      0.00 7.399e-01 2.561e-01 7.193e-04 1.940e-04 1.760e-03 -1.000 4.000e-03 6.853 7.171 7.952 6.303
0.004 -0.58336 7.34500 0.6499999166 2.3520352771    0.650 -0.787  3.6165  4.456    0  0.000  0.545     0.00     0.00     0.00     0.00     0.00 -1 -1.51e-14      0.00 7.399e-01 2.561e-01 7.193e-04 1.940e-04 1.760e-03 -1.000 4.000e-03 6.737 7.027 7.775 6.179
0.004 -0.58336 7.34500 0.6663138866 2.3609748354    0.666 -0.740  3.6259  4.457    0  0.000  0.545     0.00     0.00     0.00     0.00     0.00 -1 -1.66e-14      0.00 7.399e-01 2.561e-01 7.193e-04 1.940e-04 1.760e-03 -1.000 4.000e-03 6.619 6.876 7.586 6.052
0.004 -0.58336 7.34500 0.6999999881 2.3779266974    0.700 -0.633  3.6480  4.460    0  0.000  0.545     0.00     0.00     0.00     0.00     0.00 -1 -2.06e-14      0.00 7.399e-01 2.561e-01 7.193e-04 1.940e-04 1.760e-03 -1.000 4.000e-03 6.352 6.518 7.134 5.761
0.004 -0.58336 7.34500 0.7045828700 2.3800893377    0.705 -0.617  3.6522  4.464    0  0.000  0.544     0.00     0.00     0.00     0.00     0.00 -1 -2.12e-14      0.00 7.399e-01 2.561e-01 7.184e-04 1.940e-04 1.760e-03 -1.000 4.000e-03 6.313 6.462 7.060 5.717
0.004 -0.58336 7.34500 0.7344189286 2.3934133589    0.734 -0.511  3.6798  4.486    0  0.000  0.540     0.00     0.00     0.00     0.00     0.00 -1 -2.58e-14      0.00 7.400e-01 2.560e-01 7.127e-04 1.939e-04 1.760e-03 -1.000 4.000e-03 6.047 6.098 6.603 5.429
0.004 -0.58336 7.34500 0.7477272749 2.3989636747    0.748 -0.462  3.6920  4.493    0  0.000  0.538     0.00     0.00     0.00     0.00     0.00 -1 -2.84e-14      0.00 7.400e-01 2.560e-01 7.102e-04 1.938e-04 1.760e-03 -1.000 4.000e-03 5.925 5.940 6.410 5.299
0.004 -0.58336 7.34500 0.7543534636 2.4016433284    0.754 -0.439  3.6963  4.492    0  0.000  0.538     0.00     0.00     0.00     0.00     0.00 -1 -2.98e-14      0.00 7.400e-01 2.560e-01 7.101e-04 1.938e-04 1.760e-03 -1.000 4.000e-03 5.868 5.873 6.332 5.242
0.004 -0.58336 7.34500 0.7769222856 2.4103771461    0.777 -0.362  3.7111  4.487    0  0.000  0.538     0.00     0.00     0.00     0.00     0.00 -1 -3.53e-14      0.00 7.400e-01 2.560e-01 7.099e-04 1.938e-04 1.760e-03 -1.000 4.000e-03 5.676 5.648 6.070 5.052
0.004 -0.58336 7.34500 0.7954545617 2.4171243451    0.795 -0.298  3.7235  4.483    0  0.000  0.538     0.00     0.00     0.00     0.00     0.00 -1 -4.06e-14      0.00 7.400e-01 2.560e-01 7.097e-04 1.938e-04 1.760e-03 -1.000 4.000e-03 5.516 5.468 5.862 4.898
0.004 -0.58336 7.34500 0.7980490923 2.4180402427    0.798 -0.289  3.7252  4.482    0  0.000  0.538     0.00     0.00     0.00     0.00     0.00 -1 -4.14e-14      0.00 7.400e-01 2.560e-01 7.097e-04 1.938e-04 1.760e-03 -1.000 4.000e-03 5.493 5.443 5.834 4.877
0.004 -0.58336 7.34500 0.8185858727 2.4250549929    0.818 -0.219  3.7384  4.475    0  0.000  0.538     0.00     0.00     0.00     0.00     0.00 -1 -4.85e-14      0.00 7.400e-01 2.560e-01 7.097e-04 1.938e-04 1.760e-03 -1.000 4.000e-03 5.317 5.250 5.613 4.711
0.004 -0.58336 7.34500 0.8403657079 2.4320651939    0.840 -0.144  3.7522  4.467    0  0.000  0.538     0.00     0.00     0.00     0.00     0.00 -1 -5.73e-14      0.00 7.400e-01 2.560e-01 7.097e-04 1.938e-04 1.760e-03 -1.000 4.000e-03 5.130 5.052 5.386 4.542
0.004 -0.58336 7.34500 0.8431818485 2.4329412586    0.843 -0.134  3.7540  4.466    0  0.000  0.538     0.00     0.00     0.00     0.00     0.00 -1 -5.86e-14      0.00 7.400e-01 2.560e-01 7.097e-04 1.938e-04 1.760e-03 -1.000 4.000e-03 5.105 5.026 5.357 4.521
0.004 -0.58336 7.34500 0.8487340212 2.4346488991    0.848 -0.115  3.7574  4.463    0  0.000  0.538     0.00     0.00     0.00     0.00     0.00 -1 -6.13e-14      0.00 7.400e-01 2.560e-01 7.097e-04 1.938e-04 1.760e-03 -1.000 4.000e-03 5.057 4.976 5.301 4.478
0.004 -0.58336 7.34500 0.8762308955 2.4427403620    0.875 -0.028  3.7728  4.452    0  0.000  0.538     0.00     0.00     0.00     0.00     0.00 -1 -7.47e-14      0.00 7.400e-01 2.560e-01 7.097e-04 1.938e-04 1.760e-03 -1.000 4.000e-03 4.841 4.755 5.049 4.290
0.004 -0.58336 7.34500 0.8909090757 2.4468253017    0.890  0.013  3.7803  4.448    0  0.000  0.538     0.00     0.00     0.00     0.00     0.00 -1  -8.2e-14      0.00 7.400e-01 2.560e-01 7.097e-04 1.938e-04 1.760e-03 -1.000 4.000e-03 4.737 4.651 4.930 4.203
0.004 -0.58336 7.34500 0.8973054886 2.4485574181    0.897  0.031  3.7835  4.445    0  0.000  0.538     0.00     0.00     0.00     0.00     0.00 -1 -8.54e-14      0.00 7.400e-01 2.560e-01 7.097e-04 1.938e-04 1.760e-03 -1.000 4.000e-03 4.691 4.606 4.879 4.165
0.004 -0.58336 7.34500 0.9090026021 2.4516525507    0.908  0.049  3.7874  4.449    0  0.000  0.538     0.00     0.00     0.00     0.00     0.00 -1 -8.83e-14      0.00 7.400e-01 2.560e-01 7.097e-04 1.938e-04 1.760e-03 -1.000 4.000e-03 4.647 4.562 4.828 4.129
0.004 -0.58336 7.34500 0.9386363626 2.4590982838    0.938  0.085  3.7965  4.463    0  0.000  0.538     0.00     0.00     0.00     0.00     0.00 -1 -9.33e-14      0.00 7.400e-01 2.560e-01 7.096e-04 1.938e-04 1.760e-03 -1.000 4.000e-03 4.558 4.475 4.725 4.062
0.004 -0.58336 7.34500 0.9565766454 2.4633490162    0.956  0.099  3.8014  4.477    0  0.000  0.538     0.00     0.00     0.00     0.00     0.00 -1 -9.45e-14      0.00 7.400e-01 2.560e-01 7.096e-04 1.938e-04 1.760e-03 -1.000 4.000e-03 4.522 4.440 4.682 4.038
0.004 -0.58336 7.34500 0.9861983657 2.4699798013    0.986  0.118  3.8068  4.493    0  0.000  0.538     0.00     0.00     0.00     0.00     0.00 -1 -9.51e-14      0.00 7.400e-01 2.560e-01 7.096e-04 1.937e-04 1.760e-03 -1.000 4.000e-03 4.476 4.397 4.628 4.006
0.004 -0.58336 7.34500 0.9863637090 2.4700155298    0.986  0.118  3.8069  4.494    0  0.000  0.538     0.00     0.00     0.00     0.00     0.00 -1 -9.52e-14      0.00 7.400e-01 2.560e-01 7.096e-04 1.937e-04 1.760e-03 -1.000 4.000e-03 4.475 4.396 4.628 4.006
0.004 -0.58336 7.34500 1.0103327036 2.4750529714    1.010  0.138  3.8109  4.500    0  0.000  0.538     0.00     0.00     0.00     0.00     0.00 -1 -9.52e-14      0.00 7.401e-01 2.559e-01 7.095e-04 1.937e-04 1.760e-03 -1.000 4.000e-03 4.425 4.348 4.573 3.967
0.004 -0.58336 7.34500 1.0340908766 2.4797820107    1.034  0.172  3.8152  4.493    0  0.000  0.538     0.00     0.00     0.00     0.00     0.00 -1    -1e-13      0.00 7.401e-01 2.559e-01 7.094e-04 1.937e-04 1.760e-03 -1.000 4.000e-03 4.339 4.263 4.481 3.892
0.004 -0.58336 7.34500 1.0638364553 2.4853617458    1.063  0.213  3.8207  4.486    0  0.000  0.538     0.00     0.00     0.00     0.00     0.00 -1 -1.04e-13      0.00 7.401e-01 2.559e-01 7.094e-04 1.937e-04 1.759e-03 -1.000 4.000e-03 4.237 4.162 4.372 3.802
0.004 -0.58336 7.34500 1.0818182230 2.4885641938    1.081  0.248  3.8245  4.474    0  0.000  0.538     0.00     0.00     0.00     0.00     0.00 -1  -1.1e-13      0.00 7.401e-01 2.559e-01 7.094e-04 1.937e-04 1.760e-03 -1.000 4.000e-03 4.151 4.077 4.280 3.726
0.004 -0.58336 7.34500 1.0827664137 2.4887296690    1.082  0.249  3.8247  4.473    0  0.000  0.538     0.00     0.00     0.00     0.00     0.00 -1  -1.1e-13      0.00 7.401e-01 2.559e-01 7.094e-04 1.937e-04 1.760e-03 -1.000 4.000e-03 4.146 4.073 4.276 3.722
0.004 -0.58336 7.34500 1.1295454502 2.4964983821    1.129  0.335  3.8351  4.448    0  0.000  0.538     0.00     0.00     0.00     0.00     0.00 -1 -1.25e-13      0.00 7.401e-01 2.559e-01 7.094e-04 1.937e-04 1.759e-03 -1.000 4.000e-03 3.932 3.862 4.048 3.534
0.004 -0.58336 7.34500 1.1772727966 2.5036973537    1.176  0.418  3.8463  4.428    0  0.000  0.538     0.00     0.00     0.00     0.00     0.00 -1 -1.38e-13      0.00 7.402e-01 2.558e-01 7.094e-04 1.937e-04 1.759e-03 -1.000 4.000e-03 3.726 3.658 3.828 3.356
0.004 -0.58336 7.34500 1.2250000238 2.5102550374    1.224  0.496  3.8592  4.418    0  0.000  0.538     0.00     0.00     0.00     0.00     0.00 -1 -1.49e-13      0.00 7.402e-01 2.558e-01 7.093e-04 1.937e-04 1.759e-03 -1.000 4.000e-03 3.529 3.466 3.617 3.193
0.004 -0.58336 7.34500 1.2267792225 2.5104881771    1.226  0.499  3.8597  4.418    0  0.000  0.538     0.00     0.00     0.00     0.00     0.00 -1 -1.49e-13      0.00 7.402e-01 2.558e-01 7.093e-04 1.937e-04 1.759e-03 -1.000 4.000e-03 3.522 3.459 3.609 3.188
0.004 -0.58336 7.34500 1.2727272511 2.5162503525    1.272  0.570  3.8734  4.418    0  0.000  0.538     0.00     0.00     0.00     0.00     0.00 -1 -1.56e-13      0.00 7.402e-01 2.558e-01 7.093e-04 1.937e-04 1.759e-03 -1.000 4.000e-03 3.344 3.287 3.418 3.048
0.004 -0.58336 7.34500 1.3204547167 2.5217500316    1.320  0.641  3.8888  4.425    0  0.000  0.538     0.00     0.00     0.00     0.00     0.00 -1 -1.59e-13      0.00 7.402e-01 2.558e-01 7.092e-04 1.937e-04 1.759e-03 -1.000 3.998e-03 3.168 3.119 3.228 2.916
0.004 -0.58336 7.34500 1.3681819439 2.5268107737    1.368  0.708  3.9043  4.435    0  0.000  0.538     0.00     0.00     0.00     0.00     0.00 -1 -1.58e-13      0.00 7.402e-01 2.558e-01 7.092e-04 1.936e-04 1.758e-03 -1.000 3.998e-03 2.999 2.963 3.050 2.798
0.004 -0.58336 7.34500 1.4159091711 2.5314811780    1.416  0.773  3.9192  4.445    0  0.000  0.538     0.00     0.00     0.00     0.00     0.00 -1 -1.52e-13      0.00 7.402e-01 2.558e-01 7.091e-04 1.936e-04 1.758e-03 -1.000 3.996e-03 2.838 2.819 2.887 2.691
0.004 -0.58336 7.34500 1.4636363983 2.5358030388    1.464  0.834  3.9335  4.455    0  0.000  0.538     0.00     0.00     0.00     0.00     0.00 -1 -1.41e-13      0.00 7.403e-01 2.557e-01 7.091e-04 1.936e-04 1.758e-03 -1.000 3.998e-03 2.685 2.693 2.743 2.598
0.004 -0.58336 7.34500 1.5113636255 2.5398125027    1.511  0.893  3.9470  4.464    0  0.000  0.537     0.00     0.00     0.00     0.00     0.00 -1 -1.25e-13      0.00 7.403e-01 2.557e-01 7.091e-04 1.936e-04 1.759e-03 -1.000 3.991e-03 2.538 2.581 2.616 2.515
0.004 -0.58336 7.34500 1.5590909719 2.5435409894    1.559  0.949  3.9597  4.473    0  0.000  0.538     0.00     0.00     0.00     0.00     0.00 -1 -1.04e-13      0.00 7.403e-01 2.557e-01 7.090e-04 1.936e-04 1.759e-03 -1.000 3.983e-03 2.398 2.481 2.504 2.437
0.004 -0.58336 7.34500 1.6068181992 2.5470158979    1.606  1.003  3.9718  4.480    0  0.000  0.538     0.00     0.00     0.00     0.00     0.00 -1  -7.5e-14      0.00 7.403e-01 2.557e-01 7.090e-04 1.936e-04 1.759e-03 -1.000 3.981e-03 2.262 2.389 2.402 2.364
0.004 -0.58336 7.34500 1.6375715733 2.5491319916    1.637  1.036  3.9790  4.484    1  0.000  0.538     0.00     0.00     0.00     0.00     0.00 -1 -5.62e-15      0.00 7.403e-01 2.557e-01 7.090e-04 1.936e-04 1.758e-03 -1.000 3.987e-03 2.179 2.334 2.342 2.320
0.004 -0.58336 7.34500 1.6545455456 2.5502612770    1.654  1.055  3.9830  4.486    1  0.000  0.538     0.00     0.00     0.00     0.00     0.00 -1 -1.37e-15      0.00 7.403e-01 2.557e-01 7.090e-04 1.936e-04 1.758e-03 -1.000 3.992e-03 2.133 2.305 2.311 2.296
0.004 -0.58336 7.34500 1.7022727728 2.5532982573    1.701  1.107  3.9944  4.492    0  0.000  0.537     0.00     0.00     0.00     0.00     0.00 -1    -1e-30      0.00 7.404e-01 2.557e-01 7.089e-04 1.935e-04 1.759e-03 -1.000 3.918e-03 2.003 2.223 2.222 2.228
0.004 -0.58336 7.34500 1.7500000000 2.5561455243    1.749  1.156  4.0048  4.496    0  0.000  0.538     0.00     0.00     0.00     0.00     0.00 -1    -1e-30      0.00 7.403e-01 2.557e-01 7.089e-04 1.935e-04 1.758e-03 -1.000 4.000e-03 1.881 2.148 2.141 2.164
0.004 -0.58336 7.34500 1.7999999523 2.5589429085    1.799  1.204  4.0151  4.501    0  0.000  0.538     0.00     0.00     0.00     0.00     0.00 -1    -1e-30      0.00 7.403e-01 2.557e-01 7.089e-04 1.936e-04 1.758e-03 -1.000 4.000e-03 1.760 2.075 2.062 2.101
0.004 -0.58336 7.34500 1.8500000238 2.5615671203    1.849  1.251  4.0249  4.505    0  0.000  0.538     0.00     0.00     0.00     0.00     0.00 -1    -1e-30      0.00 7.403e-01 2.557e-01 7.089e-04 1.936e-04 1.758e-03 -1.000 4.000e-03 1.642 2.005 1.988 2.040
0.004 -0.58336 7.34500 1.8999999762 2.5640331260    1.899  1.298  4.0342  4.508    0  0.000  0.538     0.00     0.00     0.00     0.00     0.00 -1    -1e-30      0.00 7.404e-01 2.556e-01 7.088e-04 1.936e-04 1.758e-03 -1.000 4.000e-03 1.526 1.937 1.915 1.979
0.004 -0.58336 7.34500 1.9500000477 2.5663542714    1.950  1.341  4.0430  4.511    0  0.000  0.538     0.00     0.00     0.00     0.00     0.00 -1    -1e-30      0.00 7.404e-01 2.556e-01 7.088e-04 1.936e-04 1.758e-03 -1.000 3.960e-03 1.417 1.872 1.846 1.922
0.004 -0.58336 7.34500 2.0000000000 2.5685424513    2.000  1.384  4.0514  4.513    0  0.000  0.538     0.00     0.00     0.00     0.00     0.00 -1    -1e-30      0.00 7.404e-01 2.556e-01 7.088e-04 1.935e-04 1.758e-03 -1.000 4.000e-03 1.310 1.809 1.780 1.864
0.004 -0.58336 7.34500 2.0499999523 2.5706083333    2.050  1.425  4.0593  4.514    1  0.000  0.538     0.00     0.00     0.00     0.00     0.00 -1    -1e-30      0.00 7.404e-01 2.556e-01 7.088e-04 1.935e-04 1.758e-03 -1.000 4.000e-03 1.207 1.748 1.716 1.809
0.004 -0.58336 7.34500 2.0999999046 2.5725614918    2.099  1.465  4.0669  4.514    1  0.000  0.537     0.00     0.00     0.00     0.00     0.00 -1    -1e-30      0.00 7.405e-01 2.556e-01 7.087e-04 1.935e-04 1.758e-03 -1.000 3.936e-03 1.107 1.688 1.653 1.754
0.004 -0.58336 7.34500 2.1500000954 2.5744105556    2.149  1.505  4.0745  4.515    1  0.000  0.538     0.00     0.00     0.00     0.00     0.00 -1    -1e-30      0.00 7.404e-01 2.556e-01 7.088e-04 1.935e-04 1.758e-03 -1.000 3.989e-03 1.007 1.629 1.591 1.700
0.004 -0.58336 7.34500 2.2000000477 2.5761632879    2.199  1.542  4.0812  4.515    1  0.000  0.538     0.00     0.00     0.00     0.00     0.00 -1    -1e-30      0.00 7.405e-01 2.555e-01 7.087e-04 1.935e-04 1.758e-03 -1.000 4.000e-03 0.914 1.572 1.532 1.647
0.004 -0.58336 7.34500 2.2346811295 2.5773261854    2.233  1.567  4.0855  4.514    1  0.000  0.538     0.00     0.00     0.00     0.00     0.00 -1    -1e-30      0.00 7.404e-01 2.556e-01 7.087e-04 1.935e-04 1.758e-03 -1.000 4.000e-03 0.852 1.533 1.492 1.611
0.004 -0.58336 7.34500 2.2500000000 2.5778267375    2.249  1.578  4.0874  4.513    1  0.000  0.538     0.00     0.00     0.00     0.00     0.00 -1    -1e-30      0.00 7.404e-01 2.556e-01 7.087e-04 1.935e-04 1.758e-03 -1.000 4.000e-03 0.824 1.516 1.474 1.595
0.004 -0.58336 7.34500 2.2999999523 2.5794072884    2.299  1.616  4.0944  4.514    1  0.000  0.538     0.00     0.00     0.00     0.00     0.00 -1    -1e-30      0.00 7.404e-01 2.556e-01 7.087e-04 1.935e-04 1.758e-03 -1.000 4.000e-03 0.731 1.461 1.417 1.545
0.004 -0.58336 7.34500 2.3289585114 2.5802870917    2.328  1.636  4.0978  4.512    1  0.000  0.538     0.00     0.00     0.00     0.00     0.00 -1    -1e-30      0.00 7.404e-01 2.556e-01 7.087e-04 1.935e-04 1.758e-03 -1.000 4.000e-03 0.680 1.430 1.384 1.515
0.004 -0.58336 7.34500 2.3499999046 2.5809107422    2.349  1.650  4.1003  4.512    1  0.000  0.538     0.00     0.00     0.00     0.00     0.00 -1    -1e-30      0.00 7.404e-01 2.556e-01 7.087e-04 1.935e-04 1.758e-03 -1.000 4.000e-03 0.644 1.407 1.360 1.494
0.004 -0.58336 7.34500 2.4000000954 2.5823423892    2.399  1.686  4.1067  4.511    1  0.000  0.538     0.00     0.00     0.00     0.00     0.00 -1    -1e-30      0.00 7.405e-01 2.556e-01 7.087e-04 1.935e-04 1.758e-03 -1.000 3.967e-03 0.556 1.355 1.306 1.446
0.004 -0.58336 7.34500 2.5999999046 2.5874412955    2.600  1.814  4.1278  4.502    1  0.000  0.537     0.00     0.00     0.00     0.00     0.00 -1    -1e-30      0.00 7.400e-01 2.560e-01 7.099e-04 1.938e-04 1.761e-03 -1.000 4.000e-03 0.235 1.152 1.097 1.255
0.004 -0.58336 7.34500 2.7427361012 2.5905621145    2.743  1.900  4.1420  4.496    1  0.000  0.537     0.00     0.00     0.00     0.00     0.00 -1    -1e-30      0.00 7.400e-01 2.560e-01 7.099e-04 1.938e-04 1.761e-03 -1.000 4.000e-03 0.019 1.017 0.957 1.128
0.004 -0.58336 7.34500 2.7999999523 2.5917117820    2.800  1.934  4.1476  4.493    1  0.000  0.537     0.00     0.00     0.00     0.00     0.00 -1    -1e-30      0.00 7.400e-01 2.560e-01 7.099e-04 1.938e-04 1.761e-03 -1.000 4.000e-03 -0.065 0.965 0.904 1.080
0.004 -0.58336 7.34500 2.9167091846 2.5938949993    2.917  1.999  4.1577  4.486    1  0.000  0.537     0.00     0.00     0.00     0.00     0.00 -1    -1e-30      0.00 7.400e-01 2.560e-01 7.099e-04 1.938e-04 1.761e-03 -1.000 4.000e-03 -0.229 0.860 0.796 0.980
0.004 -0.58336 7.34500 3.0000000000 2.5953341962    3.000  2.045  4.1649  4.482    1  0.000  0.537     0.00     0.00     0.00     0.00     0.00 -1    -1e-30      0.00 7.400e-01 2.560e-01 7.099e-04 1.938e-04 1.761e-03 -1.000 4.000e-03 -0.342 0.788 0.722 0.913
0.004 -0.58336 7.34500 3.2000000477 2.5984409005    3.199  2.149  4.1822  4.475    1  0.000  0.537     0.00     0.00     0.00     0.00     0.00 -1    -1e-30      0.00 7.400e-01 2.560e-01 7.099e-04 1.938e-04 1.761e-03 -1.000 4.000e-03 -0.603 0.629 0.557 0.763
0.004 -0.58336 7.34500 3.4000000954 2.6011310876    3.398  2.246  4.1972  4.464    1  0.000  0.537     0.00     0.00     0.00     0.00     0.00 -1    -1e-30      0.00 7.400e-01 2.560e-01 7.099e-04 1.938e-04 1.761e-03 -1.000 4.000e-03 -0.845 0.475 0.399 0.618
0.004 -0.58336 7.34500 3.5999999046 2.6034804580    3.598  2.337  4.2106  4.451    1  0.000  0.537     0.00     0.00     0.00     0.00     0.00 -1    -1e-30      0.00 7.400e-01 2.560e-01 7.099e-04 1.938e-04 1.761e-03 -1.000 4.000e-03 -1.073 0.326 0.246 0.476
0.004 -0.58336 7.34500 3.6667988300 2.6041997835    3.665  2.366  4.2150  4.448    1  0.000  0.537     0.00     0.00     0.00     0.00     0.00 -1    -1e-30      0.00 7.400e-01 2.560e-01 7.099e-04 1.938e-04 1.761e-03 -1.000 4.000e-03 -1.146 0.279 0.198 0.432
0.004 -0.58336 7.34500 3.7999999523 2.6055477288    3.798  2.424  4.2238  4.441    1  0.000  0.537     0.00     0.00     0.00     0.00     0.00 -1    -1e-30      0.00 7.400e-01 2.560e-01 7.099e-04 1.938e-04 1.761e-03 -1.000 4.000e-03 -1.289 0.188 0.104 0.345
0.004 -0.58336 7.34500 4.0000000000 2.6073790840    4.001  2.506  4.2363  4.431    1  0.000  0.537     0.00     0.00     0.00     0.00     0.00 -1    -1e-30      0.00 7.400e-01 2.560e-01 7.099e-04 1.938e-04 1.761e-03 -1.000 4.000e-03 -1.495 0.056 -0.031 0.220
0.004 -0.58336 7.34500 4.1999998093 2.6090113217    4.198  2.584  4.2479  4.421    1  0.000  0.537     0.00     0.00     0.00     0.00     0.00 -1    -1e-30      0.00 7.400e-01 2.560e-01 7.099e-04 1.938e-04 1.761e-03 -1.000 4.000e-03 -1.690 -0.070 -0.161 0.100
0.004 -0.58336 7.34500 4.3161816597 2.6098800341    4.314  2.628  4.2544  4.414    1  0.000  0.537     0.00     0.00     0.00     0.00     0.00 -1    -1e-30      0.00 7.400e-01 2.560e-01 7.099e-04 1.938e-04 1.761e-03 -1.000 4.000e-03 -1.800 -0.142 -0.235 0.032
0.004 -0.58336 7.34500 4.4000000954 2.6104741055    4.397  2.659  4.2589  4.410    1  0.000  0.537     0.00     0.00     0.00     0.00     0.00 -1    -1e-30      0.00 7.400e-01 2.560e-01 7.099e-04 1.938e-04 1.761e-03 -1.000 4.000e-03 -1.877 -0.193 -0.287 -0.016
0.004 -0.58336 7.34500 4.5120620728 2.6112288397    4.509  2.699  4.2649  4.404    1  0.000  0.537     0.00     0.00     0.00     0.00     0.00 -1    -1e-30      0.00 7.400e-01 2.560e-01 7.099e-04 1.938e-04 1.761e-03 -1.000 4.000e-03 -1.979 -0.259 -0.355 -0.079
0.004 -0.58336 7.34500 4.5999999046 2.6117915791    4.597  2.731  4.2694  4.399    1  0.000  0.537     0.00     0.00     0.00     0.00     0.00 -1    -1e-30      0.00 7.400e-01 2.560e-01 7.099e-04 1.938e-04 1.761e-03 -1.000 4.000e-03 -2.057 -0.311 -0.408 -0.128
0.004 -0.58336 7.34500 4.7410964966 2.6126445330    4.739  2.779  4.2764  4.392    1  0.000  0.537     0.00     0.00     0.00     0.00     0.00 -1    -1e-30      0.00 7.400e-01 2.560e-01 7.099e-04 1.938e-04 1.761e-03 -1.000 4.000e-03 -2.179 -0.392 -0.491 -0.205
0.004 -0.58336 7.34500 4.8000001907 2.6129836005    4.798  2.800  4.2792  4.389    1  0.000  0.537     0.00     0.00     0.00     0.00     0.00 -1    -1e-30      0.00 7.400e-01 2.560e-01 7.099e-04 1.938e-04 1.761e-03 -1.000 4.000e-03 -2.229 -0.425 -0.525 -0.237
0.004 -0.58336 7.34500 5.0000004768 2.6140666248    4.999  2.865  4.2886  4.378    1  0.000  0.537     0.00     0.00     0.00     0.00     0.00 -1    -1e-30      0.00 7.400e-01 2.560e-01 7.099e-04 1.938e-04 1.761e-03 -1.000 4.000e-03 -2.394 -0.536 -0.638 -0.343
0.004 -0.58336 7.34500 5.0032634735 2.6140834705    5.002  2.867  4.2887  4.377    1  0.000  0.537     0.00     0.00     0.00     0.00     0.00 -1    -1e-30      0.00 7.400e-01 2.560e-01 7.099e-04 1.938e-04 1.761e-03 -1.000 4.000e-03 -2.396 -0.538 -0.640 -0.344
0.004 -0.58336 7.34500 5.1999998093 2.6150544000    5.200  2.929  4.2974  4.366    1  0.000  0.537     0.00     0.00     0.00     0.00     0.00 -1    -1e-30      0.00 7.400e-01 2.560e-01 7.099e-04 1.938e-04 1.761e-03 -1.000 4.000e-03 -2.553 -0.644 -0.749 -0.446
0.004 -0.58336 7.34500 5.4000000954 2.6159585105    5.401  2.991  4.3057  4.355    1  0.000  0.537     0.00     0.00     0.00     0.00     0.00 -1    -1e-30      0.00 7.400e-01 2.560e-01 7.099e-04 1.938e-04 1.761e-03 -1.000 4.000e-03 -2.707 -0.750 -0.857 -0.547
0.004 -0.58336 7.34500 5.4820713997 2.6163076385    5.483  3.015  4.3090  4.350    1  0.000  0.537     0.00     0.00     0.00     0.00     0.00 -1    -1e-30      0.00 7.400e-01 2.560e-01 7.099e-04 1.938e-04 1.761e-03 -1.000 4.000e-03 -2.769 -0.793 -0.901 -0.588
0.004 -0.58336 7.34500 5.5999999046 2.6167887565    5.601  3.050  4.3137  4.342    1  0.000  0.537     0.00     0.00     0.00     0.00     0.00 -1    -1e-30      0.00 7.400e-01 2.560e-01 7.099e-04 1.938e-04 1.761e-03 -1.000 4.000e-03 -2.856 -0.854 -0.963 -0.647
0.004 -0.58336 7.34500 5.7248129845 2.6172732123    5.726  3.087  4.3184  4.335    1  0.000  0.537     0.00     0.00     0.00     0.00     0.00 -1    -1e-30      0.00 7.400e-01 2.560e-01 7.099e-04 1.938e-04 1.761e-03 -1.000 4.000e-03 -2.947 -0.917 -1.028 -0.708
0.004 -0.58336 7.34500 5.8000001907 2.6175535027    5.801  3.108  4.3212  4.330    1  0.000  0.537     0.00     0.00     0.00     0.00     0.00 -1    -1e-30      0.00 7.400e-01 2.560e-01 7.099e-04 1.938e-04 1.761e-03 -1.000 4.000e-03 -3.001 -0.956 -1.067 -0.744
0.004 -0.58336 7.34500 6.0000000000 2.6182599138    6.000  3.165  4.3284  4.317    1  0.000  0.537     0.00     0.00     0.00     0.00     0.00 -1    -1e-30      0.00 7.400e-01 2.560e-01 7.099e-04 1.938e-04 1.761e-03 -1.000 4.000e-03 -3.143 -1.057 -1.170 -0.841
0.004 -0.58336 7.34500 6.0221571922 2.6183348611    6.022  3.171  4.3292  4.315    1  0.000  0.537     0.00     0.00     0.00     0.00     0.00 -1    -1e-30      0.00 7.400e-01 2.560e-01 7.099e-04 1.938e-04 1.761e-03 -1.000 4.000e-03 -3.158 -1.068 -1.181 -0.852
0.004 -0.58336 7.34500 6.1999998093 2.6189141709    6.200  3.220  4.3351  4.303    1  0.000  0.537     0.00     0.00     0.00     0.00     0.00 -1    -1e-30      0.00 7.400e-01 2.560e-01 7.099e-04 1.938e-04 1.761e-03 -1.000 4.000e-03 -3.280 -1.156 -1.272 -0.937
0.004 -0.58336 7.34500 6.4000000954 2.6195216279    6.399  3.274  4.3414  4.288    1  0.000  0.537     0.00     0.00     0.00     0.00     0.00 -1    -1e-30      0.00 7.400e-01 2.560e-01 7.099e-04 1.938e-04 1.761e-03 -1.000 4.000e-03 -3.415 -1.256 -1.373 -1.033
0.004 -0.58336 7.34500 6.5180497169 2.6198601260    6.516  3.305  4.3450  4.279    1  0.000  0.537     0.00     0.00     0.00     0.00     0.00 -1    -1e-30      0.00 7.400e-01 2.560e-01 7.099e-04 1.938e-04 1.761e-03 -1.000 4.000e-03 -3.492 -1.314 -1.432 -1.089
0.004 -0.58336 7.34500 6.8111248016 2.6206424665    6.808  3.381  4.3534  4.256    1  0.000  0.537     0.00     0.00     0.00     0.00     0.00 -1    -1e-30      0.00 7.400e-01 2.560e-01 7.099e-04 1.938e-04 1.761e-03 -1.000 4.000e-03 -3.682 -1.457 -1.578 -1.228
0.004 -0.58336 7.34500 7.0000000000 2.6211069280    6.996  3.429  4.3585  4.240    1  0.000  0.537     0.00     0.00     0.00     0.00     0.00 -1    -1e-30      0.00 7.400e-01 2.560e-01 7.099e-04 1.938e-04 1.761e-03 -1.000 4.000e-03 -3.802 -1.550 -1.672 -1.318
0.004 -0.58336 7.34500 7.1035237312 2.6213494855    7.100  3.454  4.3611  4.231    1  0.000  0.537     0.00     0.00     0.00     0.00     0.00 -1    -1e-30      0.00 7.400e-01 2.560e-01 7.099e-04 1.938e-04 1.761e-03 -1.000 4.000e-03 -3.866 -1.599 -1.722 -1.366
0.004 -0.58336 7.34500 7.3615150452 2.6219199696    7.359  3.517  4.3671  4.208    1  0.000  0.537     0.00     0.00     0.00     0.00     0.00 -1    -1e-30      0.00 7.400e-01 2.560e-01 7.099e-04 1.938e-04 1.761e-03 -1.000 4.000e-03 -4.023 -1.724 -1.848 -1.487
0.004 -0.58336 7.34500 7.5998129845 2.6224075285    7.599  3.575  4.3722  4.185    1  0.000  0.537     0.00     0.00     0.00     0.00     0.00 -1    -1e-30      0.00 7.400e-01 2.560e-01 7.099e-04 1.938e-04 1.761e-03 -1.000 4.000e-03 -4.167 -1.841 -1.967 -1.602
0.004 -0.58336 7.34500 7.8985648155 2.6229712377    7.899  3.647  4.3777  4.151    1  0.000  0.537     0.00     0.00     0.00     0.00     0.00 -1    -1e-30      0.00 7.400e-01 2.560e-01 7.099e-04 1.938e-04 1.761e-03 -1.000 4.000e-03 -4.347 -1.993 -2.120 -1.751
0.004 -0.58336 7.34500 8.0000000000 2.6231516585    8.001  3.671  4.3793  4.139    1  0.000  0.537     0.00     0.00     0.00     0.00     0.00 -1    -1e-30      0.00 7.400e-01 2.560e-01 7.099e-04 1.938e-04 1.761e-03 -1.000 4.000e-03 -4.408 -2.045 -2.173 -1.802
0.004 -0.58336 7.34500 8.1031274796 2.6233297742    8.103  3.695  4.3810  4.127    1  0.000  0.537     0.00     0.00     0.00     0.00     0.00 -1    -1e-30      0.00 7.400e-01 2.560e-01 7.099e-04 1.938e-04 1.761e-03 -1.000 4.000e-03 -4.468 -2.097 -2.225 -1.853
0.004 -0.58336 7.34500 8.2987909317 2.6236537622    8.298  3.740  4.3836  4.103    1  0.000  0.537     0.00     0.00     0.00     0.00     0.00 -1    -1e-30      0.00 7.400e-01 2.560e-01 7.099e-04 1.938e-04 1.761e-03 -1.000 4.000e-03 -4.581 -2.197 -2.326 -1.951
0.004 -0.58336 7.34500 8.5696849823 2.6240743585    8.566  3.803  4.3864  4.065    1  0.000  0.537     0.00     0.00     0.00     0.00     0.00 -1    -1e-30      0.00 7.400e-01 2.560e-01 7.099e-04 1.938e-04 1.761e-03 -1.000 4.000e-03 -4.739 -2.341 -2.471 -2.094
0.004 -0.58336 7.34500 8.8148803711 2.6244295345    8.810  3.861  4.3878  4.025    1  0.000  0.537     0.00     0.00     0.00     0.00     0.00 -1    -1e-30      0.00 7.400e-01 2.560e-01 7.099e-04 1.938e-04 1.761e-03 -1.000 4.000e-03 -4.882 -2.479 -2.610 -2.232
0.004 -0.58336 7.34500 9.0000000000 2.6246829947    8.995  3.904  4.3882  3.993    1  0.000  0.537     0.00     0.00     0.00     0.00     0.00 -1    -1e-30      0.00 7.400e-01 2.560e-01 7.099e-04 1.938e-04 1.761e-03 -1.000 4.000e-03 -4.991 -2.587 -2.718 -2.339
0.004 -0.58336 7.34500 9.1245813370 2.6248469258    9.120  3.933  4.3883  3.970    1  0.000  0.537     0.00     0.00     0.00     0.00     0.00 -1    -1e-30      0.00 7.400e-01 2.560e-01 7.099e-04 1.938e-04 1.761e-03 -1.000 4.000e-03 -5.062 -2.659 -2.790 -2.412
0.004 -0.58336 7.34500 9.3125047684 2.6250846890    9.308  3.977  4.3872  3.931    1  0.000  0.537     0.00     0.00     0.00     0.00     0.00 -1    -1e-30      0.00 7.400e-01 2.560e-01 7.099e-04 1.938e-04 1.761e-03 -1.000 4.000e-03 -5.172 -2.778 -2.908 -2.530
0.004 -0.58336 7.34500 9.5458059311 2.6253649375    9.542  4.032  4.3844  3.875    1  0.000  0.537     0.00     0.00     0.00     0.00     0.00 -1    -1e-30      0.00 7.400e-01 2.560e-01 7.099e-04 1.938e-04 1.761e-03 -1.000 4.000e-03 -5.310 -2.934 -3.064 -2.688
0.004 -0.58336 7.34500 9.7578830719 2.6256063647    9.755  4.083  4.3803  3.818    1  0.000  0.537     0.00     0.00     0.00     0.00     0.00 -1    -1e-30      0.00 7.400e-01 2.560e-01 7.099e-04 1.938e-04 1.761e-03 -1.000 4.000e-03 -5.436 -3.086 -3.215 -2.843
0.004 -0.58336 7.34500 9.9334793091 2.6257973163    9.931  4.126  4.3748  3.760    1  0.000  0.537     0.00     0.00     0.00     0.00     0.00 -1    -1e-30      0.00 7.400e-01 2.560e-01 7.099e-04 1.938e-04 1.761e-03 -1.000 4.000e-03 -5.545 -3.228 -3.356 -2.988
0.004 -0.58336 7.34500 10.0000000000 2.6258676431    9.998  4.143  4.3721  3.736    1  0.000  0.537     0.00     0.00     0.00     0.00     0.00 -1    -1e-30      0.00 7.400e-01 2.560e-01 7.099e-04 1.938e-04 1.761e-03 -1.000 4.000e-03 -5.587 -3.286 -3.413 -3.046
0.004 -0.58336 7.34500 10.0748748779 2.6259455258   10.073  4.161  4.3693  3.709    1  0.000  0.537     0.00     0.00     0.00     0.00     0.00 -1    -1e-30      0.00 7.400e-01 2.560e-01 7.099e-04 1.938e-04 1.761e-03 -1.000 4.000e-03 -5.633 -3.348 -3.475 -3.111
0.004 -0.58336 7.34500 10.2375650406 2.6261102443   10.236  4.201  4.3619  3.647    1  0.000  0.537     0.00     0.00     0.00     0.00     0.00 -1    -1e-30      0.00 7.400e-01 2.560e-01 7.099e-04 1.938e-04 1.761e-03 -1.000 4.000e-03 -5.733 -3.492 -3.616 -3.258
0.004 -0.58336 7.34500 10.3731069565 2.6262429484   10.372  4.237  4.3537  3.584    1  0.000  0.537     0.00     0.00     0.00     0.00     0.00 -1    -1e-30      0.00 7.400e-01 2.560e-01 7.099e-04 1.938e-04 1.761e-03 -1.000 4.000e-03 -5.822 -3.628 -3.751 -3.399
0.004 -0.58336 7.34500 10.5175571442 2.6263800533   10.517  4.277  4.3479  3.526    1  0.000  0.537     0.00     0.00     0.00     0.00     0.00 -1    -1e-30      0.00 7.400e-01 2.560e-01 7.099e-04 1.938e-04 1.761e-03 -1.000 4.000e-03 -5.922 -3.763 -3.885 -3.536
0.004 -0.58336 7.34500 10.5492534637 2.6264095607   10.549  4.287  4.3503  3.527    1  0.000  0.537     0.00     0.00     0.00     0.00     0.00 -1    -1e-30      0.00 7.400e-01 2.560e-01 7.099e-04 1.938e-04 1.761e-03 -1.000 4.000e-03 -5.948 -3.776 -3.898 -3.547
0.004 -0.58336 7.34500 10.5912923813 2.6264483834   10.591  4.305  4.3627  3.561    1  0.000  0.537     0.00     0.00     0.00     0.00     0.00 -1    -1e-30      0.00 7.400e-01 2.560e-01 7.099e-04 1.938e-04 1.761e-03 -1.000 4.000e-03 -5.993 -3.752 -3.877 -3.518
0.004 -0.58336 7.34500 10.6004476547 2.6264567913   10.601  4.315  4.3726  3.591    1  0.000  0.537     0.00     0.00     0.00     0.00     0.00 -1    -1e-30      0.00 7.400e-01 2.560e-01 7.099e-04 1.938e-04 1.761e-03 -1.000 4.000e-03 -6.016 -3.721 -3.849 -3.482
0.004 -0.58336 7.34500 10.6054325104 2.6264613622   10.606  4.328  4.3843  3.625    1  0.000  0.537     0.00     0.00     0.00     0.00     0.00 -1    -1e-30      0.00 7.400e-01 2.560e-01 7.099e-04 1.938e-04 1.761e-03 -1.000 4.000e-03 -6.050 -3.692 -3.822 -3.446
0.004 -0.58336 7.34500 10.6076421738 2.6264633868   10.608  4.344  4.3946  3.650    1  0.000  0.537     0.00     0.00     0.00     0.00     0.00 -1    -1e-30      0.00 7.400e-01 2.560e-01 7.099e-04 1.938e-04 1.761e-03 -1.000 4.000e-03 -6.091 -3.677 -3.810 -3.426
0.004 -0.58336 7.34500 10.6087055206 2.6264643607   10.609  4.353  4.4001  3.663    1  0.000  0.537     0.00     0.00     0.00     0.00     0.00 -1    -1e-30      0.00 7.400e-01 2.560e-01 7.099e-04 1.938e-04 1.761e-03 -1.000 4.000e-03 -6.112 -3.716 -3.844 -3.491
0.004 -0.58336 7.34500 10.6096935272 2.6264652654   10.610  4.333  4.3918  3.650    2  0.000  0.537     0.00     0.00     0.00     0.00     0.00 -1    -1e-30      0.00 7.400e-01 2.560e-01 7.099e-04 1.938e-04 1.761e-03 -1.000 4.000e-03 -6.062 -3.662 -3.794 -3.413
0.004 -0.58336 7.34500 10.6102619171 2.6264657858   10.610  4.321  4.3814  3.621    2  0.000  0.537     0.00     0.00     0.00     0.00     0.00 -1    -1e-30      0.00 7.400e-01 2.560e-01 7.099e-04 1.938e-04 1.761e-03 -1.000 4.000e-03 -6.032 -3.688 -3.818 -3.445
0.004 -0.58336 7.34500 10.6108598709 2.6264663332   10.611  4.315  4.3685  3.575    2  0.000  0.537     0.00     0.00     0.00     0.00     0.00 -1    -1e-30      0.00 7.400e-01 2.560e-01 7.099e-04 1.938e-04 1.761e-03 -1.000 4.000e-03 -6.017 -3.745 -3.872 -3.508
0.004 -0.58336 7.34500 10.6114940643 2.6264669137   10.612  4.317  4.3530  3.510    2  0.000  0.537     0.00     0.00     0.00     0.00     0.00 -1    -1e-30      0.00 7.400e-01 2.560e-01 7.099e-04 1.938e-04 1.761e-03 -1.000 4.000e-03 -6.023 -3.837 -3.960 -3.608
0.004 -0.58336 7.34500 10.6119613647 2.6264673414   10.612  4.323  4.3407  3.455    2  0.000  0.537     0.00     0.00     0.00     0.00     0.00 -1    -1e-30      0.00 7.400e-01 2.560e-01 7.099e-04 1.938e-04 1.761e-03 -1.000 4.000e-03 -6.038 -3.922 -4.042 -3.699
0.004 -0.58336 7.34500 10.6124038696 2.6264677463   10.613  4.330  4.3284  3.400    2  0.000  0.537     0.00     0.00     0.00     0.00     0.00 -1    -1e-30      0.00 7.400e-01 2.560e-01 7.099e-04 1.938e-04 1.761e-03 -1.000 4.000e-03 -6.055 -4.009 -4.125 -3.792
0.004 -0.58336 7.34500 10.6128263474 2.6264681329   10.613  4.336  4.3161  3.344    2  0.000  0.537     0.00     0.00     0.00     0.00     0.00 -1    -1e-30      0.00 7.400e-01 2.560e-01 7.099e-04 1.938e-04 1.761e-03 -1.000 4.000e-03 -6.071 -4.095 -4.208 -3.885
0.004 -0.58336 7.34500 10.6132307053 2.6264685029   10.614  4.342  4.3040  3.289    2  0.000  0.537     0.00     0.00     0.00     0.00     0.00 -1    -1e-30      0.00 7.400e-01 2.560e-01 7.099e-04 1.938e-04 1.761e-03 -1.000 4.000e-03 -6.086 -4.179 -4.289 -3.976
0.004 -0.58336 7.34500 10.6136188507 2.6264688580   10.614  4.347  4.2917  3.235    2  0.000  0.537     0.00     0.00     0.00     0.00     0.00 -1    -1e-30      0.00 7.400e-01 2.560e-01 7.099e-04 1.938e-04 1.761e-03 -1.000 4.000e-03 -6.099 -4.261 -4.368 -4.066
0.004 -0.58336 7.34500 10.6139879227 2.6264691956   10.614  4.352  4.2796  3.183    2  0.000  0.537     0.00     0.00     0.00     0.00     0.00 -1    -1e-30      0.00 7.400e-01 2.560e-01 7.099e-04 1.938e-04 1.761e-03 -1.000 4.000e-03 -6.110 -4.342 -4.445 -4.153
0.004 -0.58336 7.34500 10.6143426895 2.6264695201   10.615  4.356  4.2674  3.130    2  0.000  0.537     0.00     0.00     0.00     0.00     0.00 -1    -1e-30      0.00 7.400e-01 2.560e-01 7.099e-04 1.938e-04 1.761e-03 -1.000 4.000e-03 -6.119 -4.421 -4.521 -4.239
0.004 -0.58336 7.34500 10.6146821976 2.6264698307   10.615  4.359  4.2553  3.078    2  0.000  0.537     0.00     0.00     0.00     0.00     0.00 -1    -1e-30      0.00 7.400e-01 2.560e-01 7.099e-04 1.938e-04 1.761e-03 -1.000 4.000e-03 -6.127 -4.498 -4.595 -4.324
0.004 -0.58336 7.34500 10.6150054932 2.6264701263   10.615  4.361  4.2431  3.027    2  0.000  0.537     0.00     0.00     0.00     0.00     0.00 -1    -1e-30      0.00 7.400e-01 2.560e-01 7.099e-04 1.938e-04 1.761e-03 -1.000 4.000e-03 -6.133 -4.574 -4.667 -4.407
0.004 -0.58336 7.34500 10.6153144836 2.6264704089   10.616  4.363  4.2310  2.977    2  0.000  0.537     0.00     0.00     0.00     0.00     0.00 -1    -1e-30      0.00 7.400e-01 2.560e-01 7.099e-04 1.938e-04 1.761e-03 -1.000 4.000e-03 -6.138 -4.649 -4.739 -4.489
0.004 -0.58336 7.34500 10.6156082153 2.6264706775   10.616  4.365  4.2188  2.926    2  0.000  0.537     0.00     0.00     0.00     0.00     0.00 -1    -1e-30      0.00 7.400e-01 2.560e-01 7.099e-04 1.938e-04 1.761e-03 -1.000 4.000e-03 -6.142 -4.723 -4.809 -4.571
0.004 -0.58336 7.34500 10.6158876419 2.6264709331   10.616  4.366  4.2067  2.877    2  0.000  0.537     0.00     0.00     0.00     0.00     0.00 -1    -1e-30      0.00 7.400e-01 2.560e-01 7.099e-04 1.938e-04 1.761e-03 -1.000 4.000e-03 -6.145 -4.796 -4.877 -4.651
0.004 -0.58336 7.34500 10.6161537170 2.6264711763   10.616  4.367  4.1947  2.828    2  0.000  0.537     0.00     0.00     0.00     0.00     0.00 -1    -1e-30      0.00 7.400e-01 2.560e-01 7.099e-04 1.938e-04 1.761e-03 -1.000 4.000e-03 -6.148 -4.867 -4.945 -4.730
0.004 -0.58336 7.34500 10.6164083481 2.6264714092   10.617  4.368  4.1825  2.778    2  0.000  0.537     0.00     0.00     0.00     0.00     0.00 -1    -1e-30      0.00 7.400e-01 2.560e-01 7.099e-04 1.938e-04 1.761e-03 -1.000 4.000e-03 -6.149 -4.938 -5.012 -4.809
0.004 -0.58336 7.34500 10.6166486740 2.6264716289   10.617  4.368  4.1704  2.730    2  0.000  0.537     0.00     0.00     0.00     0.00     0.00 -1    -1e-30      0.00 7.400e-01 2.560e-01 7.099e-04 1.938e-04 1.761e-03 -1.000 4.000e-03 -6.150 -5.007 -5.078 -4.887
0.004 -0.58336 7.34500 10.6168775558 2.6264718381   10.617  4.368  4.1583  2.681    2  0.000  0.537     0.00     0.00     0.00     0.00     0.00 -1    -1e-30      0.00 7.400e-01 2.560e-01 7.099e-04 1.938e-04 1.761e-03 -1.000 4.000e-03 -6.150 -5.076 -5.143 -4.963
0.004 -0.58336 7.34500 10.6170949936 2.6264720369   10.617  4.368  4.1462  2.633    2  0.000  0.537     0.00     0.00     0.00     0.00     0.00 -1    -1e-30      0.00 7.400e-01 2.560e-01 7.099e-04 1.938e-04 1.761e-03 -1.000 4.000e-03 -6.149 -5.144 -5.206 -5.039
0.004 -0.58336 7.34500 10.6173019409 2.6264722261   10.617  4.367  4.1341  2.585    2  0.000  0.537     0.00     0.00     0.00     0.00     0.00 -1    -1e-30      0.00 7.400e-01 2.560e-01 7.099e-04 1.938e-04 1.761e-03 -1.000 4.000e-03 -6.148 -5.211 -5.269 -5.114
0.004 -0.58336 7.34500 10.6174974442 2.6264724048   10.618  4.366  4.1220  2.538    2  0.000  0.537     0.00     0.00     0.00     0.00     0.00 -1    -1e-30      0.00 7.400e-01 2.560e-01 7.099e-04 1.938e-04 1.761e-03 -1.000 4.000e-03 -6.146 -5.277 -5.331 -5.187
0.004 -0.58336 7.34500 10.6176843643 2.6264725756   10.618  4.366  4.1098  2.490    2  0.000  0.537     0.00     0.00     0.00     0.00     0.00 -1    -1e-30      0.00 7.400e-01 2.560e-01 7.099e-04 1.938e-04 1.761e-03 -1.000 4.000e-03 -6.144 -5.342 -5.392 -5.261
0.004 -0.58336 7.34500 10.6178607941 2.6264727369   10.618  4.365  4.0978  2.443    2  0.000  0.537     0.00     0.00     0.00     0.00     0.00 -1    -1e-30      0.00 7.400e-01 2.560e-01 7.099e-04 1.938e-04 1.761e-03 -1.000 4.000e-03 -6.141 -5.406 -5.452 -5.332
0.004 -0.58336 7.34500 10.6180286407 2.6264728903   10.618  4.363  4.0856  2.395    2  0.000  0.537     0.00     0.00     0.00     0.00     0.00 -1    -1e-30      0.00 7.400e-01 2.560e-01 7.099e-04 1.938e-04 1.761e-03 -1.000 4.000e-03 -6.138 -5.469 -5.512 -5.403
0.004 -0.58336 7.34500 10.6181879044 2.6264730359   10.618  4.362  4.0736  2.348    2  0.000  0.537     0.00     0.00     0.00     0.00     0.00 -1    -1e-30      0.00 7.400e-01 2.560e-01 7.099e-04 1.938e-04 1.761e-03 -1.000 4.000e-03 -6.135 -5.528 -5.565 -5.472
0.004 -0.58336 7.34500 10.6183395386 2.6264731744   10.619  4.361  4.0615  2.301    2  0.000  0.537     0.00     0.00     0.00     0.00     0.00 -1    -1e-30      0.00 7.400e-01 2.560e-01 7.099e-04 1.938e-04 1.761e-03 -1.000 4.000e-03 -6.132 -5.586 -5.618 -5.540
0.004 -0.58336 7.34500 10.6184825897 2.6264733052   10.619  4.359  4.0494  2.255    2  0.000  0.537     0.00     0.00     0.00     0.00     0.00 -1    -1e-30      0.00 7.400e-01 2.560e-01 7.099e-04 1.938e-04 1.761e-03 -1.000 4.000e-03 -6.128 -5.643 -5.671 -5.606
0.004 -0.58336 7.34500 10.6186189651 2.6264734298   10.619  4.357  4.0373  2.208    2  0.000  0.537     0.00     0.00     0.00     0.00     0.00 -1    -1e-30      0.00 7.400e-01 2.560e-01 7.099e-04 1.938e-04 1.761e-03 -1.000 4.000e-03 -6.123 -5.699 -5.723 -5.671
0.004 -0.58336 7.34500 10.6187486649 2.6264735483   10.619  4.356  4.0253  2.162    2  0.000  0.537     0.00     0.00     0.00     0.00     0.00 -1    -1e-30      0.00 7.400e-01 2.560e-01 7.099e-04 1.938e-04 1.761e-03 -1.000 4.000e-03 -6.119 -5.754 -5.772 -5.733
0.004 -0.58336 7.34500 10.6188707352 2.6264736599   10.619  4.354  4.0134  2.116    2  0.000  0.537     0.00     0.00     0.00     0.00     0.00 -1    -1e-30      0.00 7.400e-01 2.560e-01 7.099e-04 1.938e-04 1.761e-03 -1.000 4.000e-03 -6.114 -5.806 -5.820 -5.794
0.004 -0.58336 7.34500 10.6189880371 2.6264737671   10.619  4.352  4.0013  2.070    2  0.000  0.537     0.00     0.00     0.00     0.00     0.00 -1    -1e-30      0.00 7.400e-01 2.560e-01 7.099e-04 1.938e-04 1.761e-03 -1.000 4.000e-03 -6.109 -5.858 -5.867 -5.854
0.004 -0.58336 7.34500 10.6190986633 2.6264738681   10.619  4.349  3.9892  2.024    2  0.000  0.537     0.00     0.00     0.00     0.00     0.00 -1    -1e-30      0.00 7.400e-01 2.560e-01 7.099e-04 1.938e-04 1.761e-03 -1.000 4.000e-03 -6.104 -5.907 -5.912 -5.912
0.004 -0.58336 7.34500 10.6192045212 2.6264739649   10.619  4.347  3.9772  1.978    2  0.000  0.537     0.00     0.00     0.00     0.00     0.00 -1    -1e-30      0.00 7.400e-01 2.560e-01 7.099e-04 1.938e-04 1.761e-03 -1.000 4.000e-03 -6.098 -5.956 -5.956 -5.968
0.004 -0.58336 7.34500 10.6193046570 2.6264740564   10.620  4.345  3.9652  1.932    2  0.000  0.537     0.00     0.00     0.00     0.00     0.00 -1    -1e-30      0.00 7.400e-01 2.560e-01 7.099e-04 1.938e-04 1.761e-03 -1.000 4.000e-03 -6.092 -6.001 -5.998 -6.021
0.004 -0.58336 7.34500 10.6194000244 2.6264741435   10.620  4.342  3.9532  1.886    2  0.000  0.537     0.00     0.00     0.00     0.00     0.00 -1    -1e-30      0.00 7.400e-01 2.560e-01 7.099e-04 1.938e-04 1.761e-03 -1.000 4.000e-03 -6.086 -6.042 -6.032 -6.073
0.004 -0.58336 7.34500 10.6194925308 2.6264742280   10.620  4.340  3.9412  1.841    2  0.000  0.537     0.00     0.00     0.00     0.00     0.00 -1    -1e-30      0.00 7.400e-01 2.560e-01 7.099e-04 1.938e-04 1.761e-03 -1.000 4.000e-03 -6.080 -6.081 -6.065 -6.123
0.004 -0.58336 7.34500 10.6195802689 2.6264743082   10.620  4.337  3.9293  1.796    2  0.000  0.537     0.00     0.00     0.00     0.00     0.00 -1    -1e-30      0.00 7.400e-01 2.560e-01 7.099e-04 1.938e-04 1.761e-03 -1.000 4.000e-03 -6.073 -6.116 -6.095 -6.169
0.004 -0.58336 7.34500 10.6196641922 2.6264743849   10.620  4.335  3.9173  1.751    2  0.000  0.537     0.00     0.00     0.00     0.00     0.00 -1    -1e-30      0.00 7.400e-01 2.560e-01 7.099e-04 1.938e-04 1.761e-03 -1.000 4.000e-03 -6.066 -6.145 -6.116 -6.212
0.004 -0.58336 7.34500 10.6197452545 2.6264744589   10.620  4.332  3.9052  1.705    2  0.000  0.537     0.00     0.00     0.00     0.00     0.00 -1    -1e-30      0.00 7.400e-01 2.560e-01 7.099e-04 1.938e-04 1.761e-03 -1.000 4.000e-03 -6.059 -6.168 -6.129 -6.253
0.004 -0.58336 7.34500 10.6198215485 2.6264745286   10.620  4.329  3.8932  1.660    2  0.000  0.537     0.00     0.00     0.00     0.00     0.00 -1    -1e-30      0.00 7.400e-01 2.560e-01 7.099e-04 1.938e-04 1.761e-03 -1.000 4.000e-03 -6.051 -6.184 -6.134 -6.290
0.004 -0.58336 7.34500 10.6198949814 2.6264745957   10.620  4.325  3.8811  1.615    2  0.000  0.537     0.00     0.00     0.00     0.00     0.00 -1    -1e-30      0.00 7.400e-01 2.560e-01 7.099e-04 1.938e-04 1.761e-03 -1.000 4.000e-03 -6.043 -6.192 -6.128 -6.324
0.004 -0.58336 7.34500 10.6199817657 2.6264746750   10.620  4.321  3.8660  1.559    2  0.000  0.537     0.00     0.00     0.00     0.00     0.00 -1    -1e-30      0.00 7.400e-01 2.560e-01 7.099e-04 1.938e-04 1.761e-03 -1.000 4.000e-03 -6.032 -6.195 -6.110 -6.362
0.004 -0.58336 7.34500 10.6200475693 2.6264747351   10.620  4.317  3.8540  1.515    2  0.000  0.537     0.00     0.00     0.00     0.00     0.00 -1    -1e-30      0.00 7.400e-01 2.560e-01 7.099e-04 1.938e-04 1.761e-03 -1.000 4.000e-03 -6.023 -6.192 -6.089 -6.391
0.004 -0.58336 7.34500 10.6201095581 2.6264747918   10.620  4.314  3.8421  1.471    2  0.000  0.537     0.00     0.00     0.00     0.00     0.00 -1    -1e-30      0.00 7.400e-01 2.560e-01 7.099e-04 1.938e-04 1.761e-03 -1.000 4.000e-03 -6.014 -6.185 -6.060 -6.419
0.004 -0.58336 7.34500 10.6201829910 2.6264748588   10.620  4.308  3.8271  1.416    2  0.000  0.537     0.00     0.00     0.00     0.00     0.00 -1    -1e-30      0.00 7.400e-01 2.560e-01 7.099e-04 1.938e-04 1.761e-03 -1.000 4.000e-03 -6.001 -6.173 -6.018 -6.452
0.004 -0.58336 7.34500 10.6202392578 2.6264749102   10.620  4.304  3.8150  1.372    2  0.000  0.537     0.00     0.00     0.00     0.00     0.00 -1    -1e-30      0.00 7.400e-01 2.560e-01 7.099e-04 1.938e-04 1.761e-03 -1.000 4.000e-03 -5.990 -6.159 -5.979 -6.473
0.004 -0.58336 7.34500 10.6202926636 2.6264749590   10.621  4.299  3.8031  1.329    2  0.000  0.537     0.00     0.00     0.00     0.00     0.00 -1    -1e-30      0.00 7.400e-01 2.560e-01 7.099e-04 1.938e-04 1.761e-03 -1.000 4.000e-03 -5.979 -6.141 -5.936 -6.491
0.004 -0.58336 7.34500 10.6203575134 2.6264750183   10.621  4.293  3.7879  1.275    2  0.000  0.537     0.00     0.00     0.00     0.00     0.00 -1    -1e-30      0.00 7.400e-01 2.560e-01 7.099e-04 1.938e-04 1.761e-03 -1.000 4.000e-03 -5.962 -6.115 -5.876 -6.509
0.004 -0.58336 7.34500 10.6204061508 2.6264750627   10.621  4.288  3.7759  1.232    2  0.000  0.537     0.00     0.00     0.00     0.00     0.00 -1    -1e-30      0.00 7.400e-01 2.560e-01 7.099e-04 1.938e-04 1.761e-03 -1.000 4.000e-03 -5.949 -6.091 -5.824 -6.520
0.004 -0.58336 7.34500 10.6204528809 2.6264751054   10.621  4.282  3.7641  1.191    2  0.000  0.537     0.00     0.00     0.00     0.00     0.00 -1    -1e-30      0.00 7.400e-01 2.560e-01 7.099e-04 1.938e-04 1.761e-03 -1.000 4.000e-03 -5.934 -6.062 -5.766 -6.526
0.004 -0.58336 7.34500 10.6204986572 2.6264751472   10.621  4.275  3.7521  1.150    2  0.000  0.537     0.00     0.00     0.00     0.00     0.00 -1    -1e-30      0.00 7.400e-01 2.560e-01 7.099e-04 1.938e-04 1.761e-03 -1.000 4.000e-03 -5.918 -6.030 -5.705 -6.526
0.004 -0.58336 7.34500 10.6205425262 2.6264751873   10.621  4.268  3.7402  1.109    2  0.000  0.537     0.00     0.00     0.00     0.00     0.00 -1    -1e-30      0.00 7.400e-01 2.560e-01 7.099e-04 1.938e-04 1.761e-03 -1.000 4.000e-03 -5.900 -5.995 -5.641 -6.523
0.004 -0.58336 7.34500 10.6205854416 2.6264752265   10.621  4.260  3.7284  1.070    2  0.000  0.537     0.00     0.00     0.00     0.00     0.00 -1    -1e-30      0.00 7.400e-01 2.560e-01 7.099e-04 1.938e-04 1.761e-03 -1.000 4.000e-03 -5.880 -5.955 -5.572 -6.512
0.004 -0.58336 7.34500 10.6206274033 2.6264752648   10.621  4.251  3.7168  1.032    2  0.000  0.537     0.00     0.00     0.00     0.00     0.00 -1    -1e-30      0.00 7.400e-01 2.560e-01 7.099e-04 1.938e-04 1.761e-03 -1.000 4.000e-03 -5.859 -5.911 -5.497 -6.497
0.004 -0.58336 7.34500 10.6206693649 2.6264753031   10.621  4.242  3.7055  0.997    2  0.000  0.537     0.00     0.00     0.00     0.00     0.00 -1    -1e-30      0.00 7.400e-01 2.560e-01 7.099e-04 1.938e-04 1.761e-03 -1.000 4.000e-03 -5.834 -5.860 -5.416 -6.474
0.004 -0.58336 7.34500 10.6207132339 2.6264753432   10.621  4.230  3.6950  0.966    2  0.000  0.537     0.00     0.00     0.00     0.00     0.00 -1    -1e-30      0.00 7.400e-01 2.560e-01 7.099e-04 1.938e-04 1.761e-03 -1.000 4.000e-03 -5.805 -5.804 -5.331 -6.443
0.004 -0.58336 7.34500 10.6207637787 2.6264753894   10.621  4.214  3.6844  0.939    2  0.000  0.537     0.00     0.00     0.00     0.00     0.00 -1    -1e-30      0.00 7.400e-01 2.560e-01 7.099e-04 1.938e-04 1.761e-03 -1.000 4.000e-03 -5.766 -5.735 -5.234 -6.399
0.004 -0.58336 7.34500 10.6208267212 2.6264754469   10.621  4.194  3.6745  0.920    2  0.000  0.537     0.00     0.00     0.00     0.00     0.00 -1    -1e-30      0.00 7.400e-01 2.560e-01 7.099e-04 1.938e-04 1.761e-03 -1.000 4.000e-03 -5.715 -5.657 -5.124 -6.347
0.004 -0.58336 7.34500 10.6209125519 2.6264755253   10.621  4.171  3.6651  0.906    2  0.000  0.537     0.00     0.00     0.00     0.00     0.00 -1    -1e-30      0.00 7.400e-01 2.560e-01 7.099e-04 1.938e-04 1.761e-03 -1.000 4.000e-03 -5.657 -5.567 -5.003 -6.281
0.004 -0.58336 7.34500 10.6210212708 2.6264756246   10.621  4.149  3.6563  0.893    2  0.000  0.537     0.00     0.00     0.00     0.00     0.00 -1    -1e-30      0.00 7.400e-01 2.560e-01 7.099e-04 1.938e-04 1.761e-03 -1.000 4.000e-03 -5.602 -5.477 -4.883 -6.212
0.004 -0.58336 7.34500 10.6210994720 2.6264756960   10.621  4.141  3.6504  0.877    2  0.000  0.537     0.00     0.00     0.00     0.00     0.00 -1    -1e-30      0.00 7.400e-01 2.560e-01 7.099e-04 1.938e-04 1.761e-03 -1.000 4.000e-03 -5.582 -5.430 -4.818 -6.179
0.004 -0.58336 7.34500 10.6211681366 2.6264757587   10.621  4.157  3.6445  0.837    3  0.000  0.536    51.30    34.35    23.80    17.19    14.24  4    -1e-30      0.00 7.400e-01 2.560e-01 7.075e-04 1.947e-04 1.761e-03 -1.000 4.000e-03 -5.623 -5.442 -4.810 -6.206
0.004 -0.58336 7.34500 10.6212453842 2.6264758293   10.621  4.193  3.6371  0.772    3  0.000  0.523    59.72    38.63    26.63    19.26    15.97  4    -1e-30      0.00 7.400e-01 2.560e-01 6.904e-04 2.064e-04 1.761e-03 -1.000 4.000e-03 -5.711 -5.492 -4.833 -6.275
0.004 -0.58336 7.34500 10.6212911606 2.6264758711   10.621  4.228  3.6320  0.716    3  0.000  0.486    68.04    42.74    29.33    21.25    17.61  4    -1e-30      0.00 7.400e-01 2.560e-01 6.420e-04 2.544e-04 1.761e-03 -1.000 4.007e-03 -5.800 -5.552 -4.872 -6.349
0.004 -0.58336 7.34500 10.6213283539 2.6264759050   10.622  4.263  3.6277  0.664    3  0.000  0.445    76.83    46.95    32.08    23.27    19.30  4    -1e-30      0.00 7.399e-01 2.560e-01 5.872e-04 3.173e-04 1.761e-03 -1.000 4.061e-03 -5.887 -5.614 -4.916 -6.423
0.004 -0.58336 7.34500 10.6213436127 2.6264759190   10.622  4.279  3.6258  0.641    3  0.000  0.426    81.21    49.01    33.43    24.26    20.12  4    -1e-30      0.00 7.399e-01 2.560e-01 5.629e-04 3.472e-04 1.761e-03 -1.000 4.100e-03 -5.927 -5.643 -4.937 -6.457
0.004 -0.58336 7.34500 10.6213626862 2.6264759364   10.622  4.299  3.6236  0.612    3  0.000  0.410    86.87    51.63    35.13    25.52    21.17  4    -1e-30      0.00 7.399e-01 2.560e-01 5.416e-04 3.735e-04 1.760e-03 -1.000 4.100e-03 -5.977 -5.680 -4.964 -6.500
0.004 -0.58336 7.34500 10.6213722229 2.6264759451   10.622  4.309  3.6225  0.597    3  0.000  0.405    89.88    53.01    36.03    26.18    21.72  4    -1e-30      0.00 7.398e-01 2.561e-01 5.341e-04 3.837e-04 1.759e-03 -1.000 4.080e-03 -6.003 -5.699 -4.979 -6.522
0.004 -0.58336 7.34500 10.6214122772 2.6264759817   10.622  4.349  3.6184  0.541    3  0.000  0.389   102.47    58.67    39.70    28.89    23.97  4    -1e-30      0.00 7.388e-01 2.571e-01 5.085e-04 4.305e-04 1.742e-03 -1.000 4.072e-03 -6.102 -5.772 -5.033 -6.608
0.004 -0.58336 7.34500 10.6214609146 2.6264760261   10.622  4.389  3.6144  0.484    3  0.000  0.379   117.01    65.02    43.79    31.92    26.49  4    -1e-30      0.00 7.369e-01 2.590e-01 4.868e-04 4.855e-04 1.710e-03 -1.000 4.045e-03 -6.204 -5.848 -5.090 -6.696
0.004 -0.58336 7.34500 10.6215419769 2.6264761001   10.622  4.437  3.6098  0.418    3  0.000  0.373   136.61    73.30    49.09    35.85    29.76  4    -1e-30      0.00 7.343e-01 2.616e-01 4.675e-04 5.445e-04 1.670e-03 -1.000 4.052e-03 -6.324 -5.936 -5.154 -6.799
0.004 -0.58336 7.34500 10.6217336655 2.6264762752   10.622  4.478  3.6058  0.361    3  0.000  0.369   155.99    81.22    54.15    39.60    32.88  4    -1e-30      0.00 7.326e-01 2.633e-01 4.549e-04 5.828e-04 1.644e-03 -1.000 4.082e-03 -6.426 -6.010 -5.205 -6.886
0.004 -0.58336 7.34500 10.6224002838 2.6264768839   10.623  4.509  3.6029  0.319    3  0.000  0.367   171.96    87.59    58.20    42.61    35.38  4    -1e-30      0.00 7.313e-01 2.647e-01 4.470e-04 6.089e-04 1.625e-03 -1.000 4.068e-03 -6.501 -6.064 -5.242 -6.950
0.004 -0.58336 7.34500 10.6235609055 2.6264779436   10.624  4.520  3.6018  0.303    3  0.000  0.366   178.68    90.23    59.87    43.85    36.42  3    -1e-30      0.00 7.303e-01 2.656e-01 4.434e-04 6.224e-04 1.615e-03 -1.000 4.066e-03 -6.531 -6.086 -5.258 -6.975
0.004 -0.58336 7.34500 10.6256189346 2.6264798219   10.626  4.542  3.5998  0.274    3  0.000  0.365   191.23    95.09    62.95    46.14    38.33  3    -1e-30      0.00 7.287e-01 2.672e-01 4.372e-04 6.462e-04 1.596e-03 -1.000 4.064e-03 -6.584 -6.124 -5.284 -7.020
0.004 -0.58336 7.34500 10.6392822266 2.6264922707   10.640  4.533  3.6011  0.289    3  0.000  0.365   184.92    92.64    61.40    44.99    37.36  3    -1e-30      0.00 7.287e-01 2.673e-01 4.372e-04 6.464e-04 1.596e-03 -1.000 4.065e-03 -6.561 -6.110 -5.278 -7.003
0.004 -0.58336 7.34500 10.6820316315 2.6265309839   10.682  4.506  3.6048  0.332    4  0.000  0.365     0.00     0.00     0.00     0.00     0.00 -1    -1e-30      0.00 7.286e-01 2.674e-01 4.370e-04 6.473e-04 1.595e-03 -1.000 4.069e-03 -6.495 -6.071 -5.259 -6.952
0.004 -0.58336 7.34500 10.7247123718 2.6265692810   10.725  4.483  3.6083  0.370    4  0.000  0.365     0.00     0.00     0.00     0.00     0.00 -1    -1e-30      0.00 7.284e-01 2.675e-01 4.369e-04 6.482e-04 1.594e-03 -1.000 4.073e-03 -6.439 -6.039 -5.245 -6.909
0.004 -0.58336 7.34500 10.7777509689 2.6266163865   10.779  4.465  3.6121  0.406    4  0.000  0.365     0.00     0.00     0.00     0.00     0.00 -1    -1e-30      0.00 7.283e-01 2.676e-01 4.367e-04 6.493e-04 1.593e-03 -1.000 4.079e-03 -6.392 -6.019 -5.244 -6.877
0.004 -0.58336 7.34500 10.8735084534 2.6267000953   10.875  4.452  3.6184  0.448    4  0.000  0.366     0.00     0.00     0.00     0.00     0.00 -1    -1e-30      0.00 7.280e-01 2.679e-01 4.364e-04 6.513e-04 1.591e-03 -1.000 4.088e-03 -6.360 -6.027 -5.281 -6.868
0.004 -0.58336 7.34500 10.8876094818 2.6267122791   10.889  4.450  3.6193  0.454    4  0.000  0.366     0.00     0.00     0.00     0.00     0.00 -1    -1e-30      0.00 7.280e-01 2.679e-01 4.364e-04 6.516e-04 1.591e-03 -1.000 4.089e-03 -6.355 -6.029 -5.287 -6.867
0.004 -0.58336 7.34500 10.9087476730 2.6267304754   10.910  4.454  3.6200  0.454    4  0.000  0.366     0.00     0.00     0.00     0.00     0.00 -1    -1e-30      0.00 7.279e-01 2.680e-01 4.363e-04 6.520e-04 1.591e-03 -1.000 4.091e-03 -6.364 -6.042 -5.302 -6.878
0.004 -0.58336 7.34500 10.9273891449 2.6267464553   10.929  4.457  3.6206  0.454    5  0.000  0.366     0.00     0.00     0.00     0.00     0.00 -1    -1e-30      0.00 7.279e-01 2.680e-01 4.362e-04 6.524e-04 1.590e-03 -1.000 4.093e-03 -6.372 -6.053 -5.316 -6.888
0.004 -0.58336 7.34500 10.9302635193 2.6267489137   10.932  4.457  3.6206  0.454    5  0.000  0.366     0.00     0.00     0.00     0.00     0.00 -1    -1e-30      0.00 7.279e-01 2.680e-01 4.362e-04 6.525e-04 1.590e-03 -1.000 4.093e-03 -6.373 -6.055 -5.318 -6.890
0.004 -0.58336 7.34500 10.9311733246 2.6267496916   10.932  4.457  3.6207  0.454    5  0.000  0.366     0.00     0.00     0.00     0.00     0.00 -1    -1e-30      0.00 7.279e-01 2.680e-01 4.362e-04 6.525e-04 1.590e-03 -1.000 4.093e-03 -6.374 -6.056 -5.319 -6.890
0.004 -0.58336 7.34500 10.9315090179 2.6267499785   10.933  4.457  3.6207  0.454    5  0.000  0.366     0.00     0.00     0.00     0.00     0.00 -1    -1e-30      0.00 7.279e-01 2.680e-01 4.362e-04 6.525e-04 1.590e-03 -1.000 4.093e-03 -6.374 -6.056 -5.319 -6.890
0.004 -0.58336 7.34500 10.9317245483 2.6267501628   10.933  4.458  3.6207  0.454    5  0.000  0.366     0.00     0.00     0.00     0.00     0.00 -1    -1e-30      0.00 7.279e-01 2.680e-01 4.362e-04 6.525e-04 1.590e-03 -1.000 4.093e-03 -6.374 -6.056 -5.319 -6.890
0.004 -0.58336 7.34500 10.9319276810 2.6267503364   10.933  4.458  3.6207  0.454    5  0.000  0.366     0.00     0.00     0.00     0.00     0.00 -1    -1e-30      0.00 7.279e-01 2.680e-01 4.362e-04 6.525e-04 1.590e-03 -1.000 4.093e-03 -6.374 -6.056 -5.319 -6.891
0.004 -0.58336 7.34500 10.9320850372 2.6267504709   10.933  4.458  3.6207  0.454    5  0.000  0.366     0.00     0.00     0.00     0.00     0.00 -1    -1e-30      0.00 7.279e-01 2.680e-01 4.362e-04 6.525e-04 1.590e-03 -1.000 4.094e-03 -6.374 -6.056 -5.319 -6.891
0.004 -0.58336 7.34500 10.9322261810 2.6267505915   10.933  4.458  3.6207  0.454    5  0.000  0.366     0.00     0.00     0.00     0.00     0.00 -1    -1e-30      0.00 7.279e-01 2.680e-01 4.362e-04 6.525e-04 1.590e-03 -1.000 4.093e-03 -6.374 -6.056 -5.319 -6.891
0.004 -0.58336 7.34500 10.9323997498 2.6267507399   10.934  4.458  3.6207  0.454    5  0.000  0.366     0.00     0.00     0.00     0.00     0.00 -1    -1e-30      0.00 7.279e-01 2.680e-01 4.362e-04 6.525e-04 1.590e-03 -1.000 4.093e-03 -6.374 -6.056 -5.319 -6.891
0.004 -0.58336 7.34500 10.9325428009 2.6267508621   10.934  4.458  3.6207  0.454    5  0.000  0.366     0.00     0.00     0.00     0.00     0.00 -1    -1e-30      0.00 7.279e-01 2.680e-01 4.362e-04 6.525e-04 1.590e-03 -1.000 4.093e-03 -6.374 -6.057 -5.319 -6.891
0.004 -0.58336 7.34500 10.9326925278 2.6267509901   10.934  4.458  3.6207  0.454    5  0.000  0.366     0.00     0.00     0.00     0.00     0.00 -1    -1e-30      0.00 7.279e-01 2.680e-01 4.362e-04 6.525e-04 1.590e-03 -1.000 4.094e-03 -6.374 -6.057 -5.320 -6.891
0.004 -0.58336 7.34500 10.9328956604 2.6267511637   10.934  4.458  3.6207  0.454    5  0.000  0.366     0.00     0.00     0.00     0.00     0.00 -1    -1e-30      0.00 7.279e-01 2.680e-01 4.362e-04 6.525e-04 1.590e-03 -1.000 4.094e-03 -6.374 -6.057 -5.320 -6.891
0.004 -0.58336 7.34500 10.9330730438 2.6267513153   10.934  4.458  3.6207  0.454    5  0.000  0.366     0.00     0.00     0.00     0.00     0.00 -1    -1e-30      0.00 7.279e-01 2.680e-01 4.362e-04 6.525e-04 1.590e-03 -1.000 4.094e-03 -6.374 -6.057 -5.320 -6.891
0.004 -0.58336 7.34500 10.9332675934 2.6267514815   10.935  4.458  3.6207  0.454    5  0.000  0.366     0.00     0.00     0.00     0.00     0.00 -1    -1e-30      0.00 7.279e-01 2.680e-01 4.362e-04 6.525e-04 1.590e-03 -1.000 4.094e-03 -6.374 -6.057 -5.320 -6.891
0.004 -0.58336 7.34500 10.9334850311 2.6267516673   10.935  4.458  3.6207  0.454    5  0.000  0.366     0.00     0.00     0.00     0.00     0.00 -1    -1e-30      0.00 7.279e-01 2.680e-01 4.362e-04 6.525e-04 1.590e-03 -1.000 4.094e-03 -6.375 -6.057 -5.320 -6.891
0.004 -0.58336 7.34500 10.9337329865 2.6267518791   10.935  4.458  3.6208  0.454    5  0.000  0.366     0.00     0.00     0.00     0.00     0.00 -1    -1e-30      0.00 7.279e-01 2.680e-01 4.362e-04 6.525e-04 1.590e-03 -1.000 4.094e-03 -6.375 -6.057 -5.320 -6.892
0.004 -0.58336 7.34500 10.9340257645 2.6267521293   10.935  4.458  3.6208  0.454    5  0.000  0.366     0.00     0.00     0.00     0.00     0.00 -1    -1e-30      0.00 7.279e-01 2.680e-01 4.362e-04 6.526e-04 1.590e-03 -1.000 4.094e-03 -6.375 -6.057 -5.321 -6.892
0.004 -0.58336 7.34500 10.9343833923 2.6267524348   10.936  4.458  3.6208  0.454    5  0.000  0.366     0.00     0.00     0.00     0.00     0.00 -1    -1e-30      0.00 7.279e-01 2.680e-01 4.362e-04 6.526e-04 1.590e-03 -1.000 4.094e-03 -6.375 -6.058 -5.321 -6.892
0.004 -0.58336 7.34500 10.9348459244 2.6267528299   10.936  4.458  3.6208  0.454    5  0.000  0.366     0.00     0.00     0.00     0.00     0.00 -1    -1e-30      0.00 7.279e-01 2.680e-01 4.362e-04 6.526e-04 1.590e-03 -1.000 4.094e-03 -6.375 -6.058 -5.321 -6.892
0.004 -0.58336 7.34500 10.9355020523 2.6267533904   10.937  4.458  3.6208  0.454    5  0.000  0.366     0.00     0.00     0.00     0.00     0.00 -1    -1e-30      0.00 7.279e-01 2.680e-01 4.362e-04 6.526e-04 1.590e-03 -1.000 4.094e-03 -6.375 -6.058 -5.322 -6.892
0.004 -0.58336 7.34500 10.9365901947 2.6267543196   10.938  4.458  3.6208  0.454    5  0.000  0.366     0.00     0.00     0.00     0.00     0.00 -1    -1e-30      0.00 7.279e-01 2.680e-01 4.362e-04 6.526e-04 1.590e-03 -1.000 4.094e-03 -6.376 -6.059 -5.322 -6.893
0.004 -0.58336 7.34500 10.9395446777 2.6267568416   10.941  4.459  3.6209  0.454    5  0.000  0.366     0.00     0.00     0.00     0.00     0.00 -1    -1e-30      0.00 7.279e-01 2.680e-01 4.362e-04 6.527e-04 1.590e-03 -1.000 4.094e-03 -6.377 -6.061 -5.324 -6.895
0.004 -0.58336 7.34500 10.9508857727 2.6267665081   10.952  4.461  3.6213  0.454    5  0.000  0.366     0.00     0.00     0.00     0.00     0.00 -1    -1e-30      0.00 7.278e-01 2.681e-01 4.362e-04 6.529e-04 1.590e-03 -1.000 4.095e-03 -6.382 -6.068 -5.333 -6.901
0.004 -0.58336 7.34500 10.9556303024 2.6267705453   10.957  4.462  3.6214  0.454    5  0.000  0.366     0.00     0.00     0.00     0.00     0.00 -1    -1e-30      0.00 7.278e-01 2.681e-01 4.361e-04 6.530e-04 1.590e-03 -1.000 4.096e-03 -6.384 -6.070 -5.336 -6.903
0.004 -0.58336 7.34500 10.9827146530 2.6267935146   10.984  4.469  3.6192  0.438    5  0.000  0.366     0.00     0.00     0.00     0.00     0.00 -1    -1e-30      0.00 7.277e-01 2.682e-01 4.361e-04 6.535e-04 1.589e-03 -1.000 4.098e-03 -6.404 -6.076 -5.332 -6.915
0.004 -0.58336 7.34500 10.9966859818 2.6268053124   10.998  4.473  3.6180  0.430    6  0.000  0.366     0.00     0.00     0.00     0.00     0.00 -1    -1e-30      0.00 7.277e-01 2.682e-01 4.360e-04 6.538e-04 1.589e-03 -1.000 4.100e-03 -6.414 -6.079 -5.329 -6.921
0.004 -0.58336 7.34500 11.0000000000 2.6268081058   11.001  4.474  3.6177  0.428    6  0.000  0.366     0.00     0.00     0.00     0.00     0.00 -1    -1e-30      0.00 7.277e-01 2.682e-01 4.360e-04 6.539e-04 1.589e-03 -1.000 4.100e-03 -6.416 -6.079 -5.328 -6.922
0.004 -0.58336 7.34500 11.0090026855 2.6268156844   11.010  4.478  3.6221  0.443    6  0.000  0.366     0.00     0.00     0.00     0.00     0.00 -1    -1e-30      0.00 7.276e-01 2.683e-01 4.359e-04 6.545e-04 1.588e-03 -1.000 4.099e-03 -6.424 -6.115 -5.381 -6.946
0.004 -0.58336 7.34500 11.0230035782 2.6268274423   11.024  4.483  3.6288  0.465    6  0.000  0.366     0.00     0.00     0.00     0.00     0.00 -1    -1e-30      0.00 7.275e-01 2.684e-01 4.357e-04 6.554e-04 1.588e-03 -1.000 4.098e-03 -6.437 -6.168 -5.460 -6.982
0.004 -0.58336 7.34500 11.0296945572 2.6268330493   11.031  4.485  3.6320  0.475    6  0.000  0.366     0.00     0.00     0.00     0.00     0.00 -1    -1e-30      0.00 7.274e-01 2.685e-01 4.356e-04 6.558e-04 1.587e-03 -1.000 4.097e-03 -6.443 -6.191 -5.496 -6.998
0.004 -0.58336 7.34500 11.0306291580 2.6268338319   11.032  4.486  3.6324  0.477    6  0.000  0.366     0.00     0.00     0.00     0.00     0.00 -1    -1e-30      0.00 7.274e-01 2.685e-01 4.356e-04 6.559e-04 1.587e-03 -1.000 4.097e-03 -6.444 -6.195 -5.501 -7.000
0.004 -0.58336 7.34500 11.0337562561 2.6268364491   11.035  4.487  3.6339  0.482    6  0.000  0.366     0.00     0.00     0.00     0.00     0.00 -1    -1e-30      0.00 7.273e-01 2.686e-01 4.356e-04 6.561e-04 1.587e-03 -1.000 4.096e-03 -6.447 -6.206 -5.517 -7.008
0.004 -0.58336 7.34500 11.0383787155 2.6268403148   11.040  4.488  3.6360  0.488    6  0.000  0.366     0.00     0.00     0.00     0.00     0.00 -1    -1e-30      0.00 7.273e-01 2.686e-01 4.355e-04 6.564e-04 1.587e-03 -1.000 4.096e-03 -6.451 -6.221 -5.540 -7.018
0.004 -0.58336 7.34500 11.0436449051 2.6268447144   11.045  4.492  3.6382  0.495    6  0.000  0.366     0.00     0.00     0.00     0.00     0.00 -1    -1e-30      0.00 7.272e-01 2.687e-01 4.355e-04 6.567e-04 1.587e-03 -1.000 4.095e-03 -6.459 -6.242 -5.569 -7.033
0.004 -0.58336 7.34500 11.0484800339 2.6268487495   11.050  4.496  3.6401  0.498    6  0.000  0.366     0.00     0.00     0.00     0.00     0.00 -1    -1e-30      0.00 7.272e-01 2.687e-01 4.354e-04 6.570e-04 1.586e-03 -1.000 4.095e-03 -6.469 -6.263 -5.596 -7.049
0.004 -0.58336 7.34500 11.0525865555 2.6268521734   11.054  4.499  3.6416  0.501    6  0.000  0.366     0.00     0.00     0.00     0.00     0.00 -1    -1e-30      0.00 7.271e-01 2.688e-01 4.354e-04 6.573e-04 1.586e-03 -1.000 4.095e-03 -6.478 -6.279 -5.618 -7.063
0.004 -0.58336 7.34500 11.0568399429 2.6268557167   11.058  4.503  3.6432  0.504    6  0.000  0.366     0.00     0.00     0.00     0.00     0.00 -1    -1e-30      0.00 7.271e-01 2.688e-01 4.353e-04 6.576e-04 1.586e-03 -1.000 4.094e-03 -6.487 -6.296 -5.640 -7.076
0.004 -0.58336 7.34500 11.0596742630 2.6268580761   11.061  4.505  3.6442  0.505    6  0.000  0.366     0.00     0.00     0.00     0.00     0.00 -1    -1e-30      0.00 7.271e-01 2.688e-01 4.353e-04 6.577e-04 1.586e-03 -1.000 4.094e-03 -6.493 -6.307 -5.654 -7.085
0.004 -0.58336 7.34500 11.0626583099 2.6268605586   11.064  4.508  3.6452  0.507    6  0.000  0.366     0.00     0.00     0.00     0.00     0.00 -1    -1e-30      0.00 7.270e-01 2.689e-01 4.353e-04 6.579e-04 1.585e-03 -1.000 4.093e-03 -6.500 -6.319 -5.668 -7.094
0.004 -0.58336 7.34500 11.0646839142 2.6268622429   11.066  4.510  3.6458  0.508    6  0.000  0.366     0.00     0.00     0.00     0.00     0.00 -1    -1e-30      0.00 7.270e-01 2.689e-01 4.352e-04 6.581e-04 1.585e-03 -1.000 4.093e-03 -6.504 -6.326 -5.678 -7.100
0.004 -0.58336 7.34500 11.0668516159 2.6268640446   11.068  4.511  3.6465  0.509    6  0.000  0.366     0.00     0.00     0.00     0.00     0.00 -1    -1e-30      0.00 7.270e-01 2.689e-01 4.352e-04 6.582e-04 1.585e-03 -1.000 4.093e-03 -6.509 -6.334 -5.688 -7.107
0.004 -0.58336 7.34500 11.0683288574 2.6268652719   11.070  4.513  3.6469  0.509    6  0.000  0.366     0.00     0.00     0.00     0.00     0.00 -1    -1e-30      0.00 7.270e-01 2.689e-01 4.352e-04 6.583e-04 1.585e-03 -1.000 4.093e-03 -6.512 -6.340 -5.695 -7.111
0.004 -0.58336 7.34500 11.0696105957 2.6268663365   11.071  4.514  3.6473  0.509    6  0.000  0.366     0.00     0.00     0.00     0.00     0.00 -1    -1e-30      0.00 7.270e-01 2.689e-01 4.352e-04 6.584e-04 1.585e-03 -1.000 4.093e-03 -6.515 -6.344 -5.701 -7.115
0.004 -0.58336 7.34500 11.0707254410 2.6268672622   11.072  4.515  3.6476  0.510    6  0.000  0.366     0.00     0.00     0.00     0.00     0.00 -1    -1e-30      0.00 7.270e-01 2.690e-01 4.352e-04 6.584e-04 1.585e-03 -1.000 4.093e-03 -6.517 -6.348 -5.705 -7.118
0.004 -0.58336 7.34500 11.0717067719 2.6268680769   11.073  4.516  3.6478  0.510    6  0.000  0.366     0.00     0.00     0.00     0.00     0.00 -1    -1e-30      0.00 7.269e-01 2.690e-01 4.351e-04 6.585e-04 1.585e-03 -1.000 4.093e-03 -6.519 -6.351 -5.710 -7.121
0.004 -0.58336 7.34500 11.0725898743 2.6268688099   11.074  4.516  3.6481  0.510    6  0.000  0.366     0.00     0.00     0.00     0.00     0.00 -1    -1e-30      0.00 7.269e-01 2.690e-01 4.351e-04 6.586e-04 1.585e-03 -1.000 4.092e-03 -6.521 -6.355 -5.713 -7.123
0.004 -0.58336 7.34500 11.0734329224 2.6268695096   11.075  4.517  3.6483  0.510    6  0.000  0.366     0.00     0.00     0.00     0.00     0.00 -1    -1e-30      0.00 7.269e-01 2.690e-01 4.351e-04 6.586e-04 1.585e-03 -1.000 4.092e-03 -6.523 -6.357 -5.717 -7.126
0.004 -0.58336 7.34500 11.0742912292 2.6268702217   11.075  4.518  3.6485  0.511    6  0.000  0.366     0.00     0.00     0.00     0.00     0.00 -1    -1e-30      0.00 7.269e-01 2.690e-01 4.351e-04 6.587e-04 1.585e-03 -1.000 4.092e-03 -6.524 -6.360 -5.721 -7.128
0.004 -0.58336 7.34500 11.0752019882 2.6268709773   11.076  4.519  3.6488  0.511    6  0.000  0.366     0.00     0.00     0.00     0.00     0.00 -1    -1e-30      0.00 7.269e-01 2.690e-01 4.351e-04 6.587e-04 1.585e-03 -1.000 4.092e-03 -6.526 -6.363 -5.724 -7.130
0.004 -0.58336 7.34500 11.0762262344 2.6268718268   11.077  4.519  3.6490  0.511    6  0.000  0.366     0.00     0.00     0.00     0.00     0.00 -1    -1e-30      0.00 7.269e-01 2.690e-01 4.351e-04 6.588e-04 1.585e-03 -1.000 4.092e-03 -6.528 -6.367 -5.728 -7.133
0.004 -0.58336 7.34500 11.0779685974 2.6268732716   11.079  4.521  3.6493  0.511    6  0.000  0.366     0.00     0.00     0.00     0.00     0.00 -1    -1e-30      0.00 7.269e-01 2.690e-01 4.351e-04 6.589e-04 1.585e-03 -1.000 4.092e-03 -6.532 -6.372 -5.735 -7.138
0.004 -0.58336 7.34500 11.0793323517 2.6268744020   11.081  4.522  3.6496  0.511    6  0.000  0.366     0.00     0.00     0.00     0.00     0.00 -1    -1e-30      0.00 7.269e-01 2.690e-01 4.351e-04 6.590e-04 1.585e-03 -1.000 4.092e-03 -6.535 -6.376 -5.740 -7.141
0.004 -0.58336 7.34500 11.0811433792 2.6268759027   11.082  4.523  3.6499  0.511    6  0.000  0.366     0.00     0.00     0.00     0.00     0.00 -1    -1e-30      0.00 7.268e-01 2.691e-01 4.350e-04 6.591e-04 1.584e-03 -1.000 4.092e-03 -6.539 -6.381 -5.746 -7.146
0.004 -0.58336 7.34500 11.0922727585 2.6268851126   11.094  4.541  3.6488  0.489    6  0.000  0.366     0.00     0.00     0.00     0.00     0.00 -1    -1e-30      0.00 7.267e-01 2.692e-01 4.349e-04 6.598e-04 1.584e-03 -1.000 4.090e-03 -6.583 -6.420 -5.779 -7.188
0.004 -0.58336 7.34500 11.1010503769 2.6268923614   11.102  4.585  3.6360  0.394    6  0.000  0.366     0.00     0.00     0.00     0.00     0.00 -1    -1e-30      0.00 7.266e-01 2.693e-01 4.348e-04 6.604e-04 1.583e-03 -1.000 4.089e-03 -6.693 -6.461 -5.771 -7.263
0.004 -0.58336 7.34500 11.1028184891 2.6268938199   11.104  4.617  3.6256  0.320    6  0.000  0.366     0.00     0.00     0.00     0.00     0.00 -1    -1e-30      0.00 7.266e-01 2.693e-01 4.348e-04 6.605e-04 1.583e-03 -1.000 4.089e-03 -6.774 -6.481 -5.748 -7.311
0.004 -0.58336 7.34500 11.1028394699 2.6268938372   11.104  4.618  3.6254  0.319    6  0.000  0.366     0.00     0.00     0.00     0.00     0.00 -1    -1e-30      0.00 7.266e-01 2.693e-01 4.348e-04 6.605e-04 1.583e-03 -1.000 4.089e-03 -6.775 -6.481 -5.748 -7.312
0.004 -0.58336 7.34500 11.1030321121 2.6268939961   11.104  4.628  3.6235  0.302    7  0.000  0.366   182.90    91.46    60.71    44.40    36.89  3    -1e-30      0.00 7.266e-01 2.693e-01 4.348e-04 6.605e-04 1.583e-03 -1.000 4.089e-03 -6.799 -6.493 -5.751 -7.329
0.004 -0.58336 7.34500 11.1032600403 2.6268941841   11.104  4.639  3.6210  0.281    7  0.000  0.366   192.03    94.96    62.93    46.05    38.26  3    -1e-30      0.00 7.266e-01 2.693e-01 4.348e-04 6.605e-04 1.583e-03 -1.000 4.089e-03 -6.827 -6.505 -5.752 -7.348
0.004 -0.58336 7.34500 11.1034631729 2.6268943516   11.105  4.648  3.6187  0.262    7  0.000  0.366   200.85    98.30    65.04    47.62    39.57  3    -1e-30      0.00 7.266e-01 2.693e-01 4.348e-04 6.605e-04 1.583e-03 -1.000 4.089e-03 -6.851 -6.514 -5.751 -7.364
0.004 -0.58336 7.34500 11.1036453247 2.6268945018   11.105  4.657  3.6165  0.244    7  0.000  0.366   209.28   101.46    67.03    49.10    40.81  3    -1e-30      0.00 7.266e-01 2.693e-01 4.348e-04 6.606e-04 1.583e-03 -1.000 4.089e-03 -6.873 -6.521 -5.747 -7.378
0.004 -0.58336 7.34500 11.1038055420 2.6268946339   11.105  4.662  3.6146  0.232    7  0.000  0.366   215.70   103.85    68.54    50.22    41.74  3    -1e-30      0.00 7.266e-01 2.693e-01 4.348e-04 6.606e-04 1.583e-03 -1.000 4.089e-03 -6.886 -6.522 -5.740 -7.384
0.004 -0.58336 7.34500 11.1039495468 2.6268947527   11.105  4.661  3.6134  0.229    7  0.000  0.366   217.24   104.41    68.90    50.49    41.96  3    -1e-30      0.00 7.266e-01 2.693e-01 4.348e-04 6.606e-04 1.583e-03 -1.000 4.089e-03 -6.881 -6.510 -5.722 -7.375
0.004 -0.58336 7.34500 11.1040811539 2.6268948612   11.105  4.659  3.6122  0.225    7  0.000  0.366   218.85   105.01    69.27    50.77    42.19  3    -1e-30      0.00 7.266e-01 2.693e-01 4.348e-04 6.606e-04 1.583e-03 -1.000 4.089e-03 -6.877 -6.498 -5.705 -7.366
0.004 -0.58336 7.34500 11.1042013168 2.6268949603   11.105  4.657  3.6109  0.222    7  0.000  0.366   220.51   105.62    69.66    51.06    42.43  3    -1e-30      0.00 7.266e-01 2.693e-01 4.348e-04 6.606e-04 1.583e-03 -1.000 4.089e-03 -6.873 -6.486 -5.688 -7.357
0.004 -0.58336 7.34500 11.1043357849 2.6268950711   11.105  4.655  3.6094  0.218    7  0.000  0.366   222.66   106.41    70.16    51.43    42.74  3    -1e-30      0.00 7.266e-01 2.693e-01 4.348e-04 6.606e-04 1.583e-03 -1.000 4.089e-03 -6.868 -6.470 -5.666 -7.345
0.004 -0.58336 7.34500 11.1044378281 2.6268951553   11.106  4.653  3.6082  0.215    7  0.000  0.366   224.41   107.06    70.56    51.73    42.99  3    -1e-30      0.00 7.266e-01 2.693e-01 4.348e-04 6.606e-04 1.583e-03 -1.000 4.089e-03 -6.864 -6.458 -5.648 -7.336
0.004 -0.58336 7.34500 11.1045303345 2.6268952315   11.106  4.652  3.6069  0.211    7  0.000  0.366   226.18   107.71    70.97    52.03    43.25  3    -1e-30      0.00 7.266e-01 2.693e-01 4.348e-04 6.606e-04 1.583e-03 -1.000 4.089e-03 -6.859 -6.445 -5.629 -7.327
0.004 -0.58336 7.34500 11.1046180725 2.6268953039   11.106  4.650  3.6056  0.208    7  0.000  0.366   227.95   108.36    71.38    52.34    43.50  3    -1e-30      0.00 7.266e-01 2.693e-01 4.348e-04 6.606e-04 1.583e-03 -1.000 4.089e-03 -6.855 -6.432 -5.611 -7.317
0.004 -0.58336 7.34500 11.1047019958 2.6268953731   11.106  4.648  3.6044  0.205    7  0.000  0.366   229.71   109.00    71.79    52.64    43.75  3    -1e-30      0.00 7.266e-01 2.693e-01 4.348e-04 6.606e-04 1.583e-03 -1.000 4.089e-03 -6.851 -6.419 -5.592 -7.308
0.004 -0.58336 7.34500 11.1047859192 2.6268954423   11.106  4.646  3.6032  0.202    7  0.000  0.366   231.35   109.60    72.16    52.92    43.99  3    -1e-30      0.00 7.266e-01 2.693e-01 4.348e-04 6.606e-04 1.583e-03 -1.000 4.089e-03 -6.846 -6.406 -5.573 -7.298
0.004 -0.58336 7.34500 11.1048736572 2.6268955146   11.106  4.644  3.6020  0.199    7  0.000  0.366   232.74   110.10    72.48    53.16    44.18  3    -1e-30      0.00 7.266e-01 2.693e-01 4.348e-04 6.606e-04 1.583e-03 -1.000 4.089e-03 -6.841 -6.392 -5.554 -7.287
0.004 -0.58336 7.34500 11.1049785614 2.6268956011   11.106  4.641  3.6008  0.197    7  0.000  0.366   233.69   110.45    72.70    53.32    44.32  3    -1e-30      0.00 7.266e-01 2.693e-01 4.348e-04 6.606e-04 1.583e-03 -1.000 4.089e-03 -6.833 -6.376 -5.533 -7.274
0.004 -0.58336 7.34500 11.1051063538 2.6268957064   11.106  4.637  3.5997  0.197    7  0.000  0.366   233.89   110.52    72.75    53.35    44.35  3    -1e-30      0.00 7.266e-01 2.693e-01 4.348e-04 6.606e-04 1.583e-03 -1.000 4.089e-03 -6.823 -6.358 -5.510 -7.259
0.004 -0.58336 7.34500 11.1053104401 2.6268958747   11.107  4.632  3.5987  0.199    7  0.000  0.366   233.06   110.22    72.55    53.21    44.23  3    -1e-30      0.00 7.266e-01 2.693e-01 4.348e-04 6.607e-04 1.583e-03 -1.000 4.089e-03 -6.810 -6.338 -5.486 -7.242
0.004 -0.58336 7.34500 11.1055707932 2.6268960893   11.107  4.627  3.5977  0.199    7  0.000  0.366   232.65   110.07    72.46    53.14    44.17  3    -1e-30      0.00 7.266e-01 2.693e-01 4.347e-04 6.607e-04 1.583e-03 -1.000 4.089e-03 -6.798 -6.319 -5.462 -7.225
0.004 -0.58336 7.34500 11.1057491302 2.6268962363   11.107  4.630  3.5968  0.193    7  0.000  0.366   236.01   111.29    73.23    53.71    44.65  3    -1e-30      0.00 7.266e-01 2.693e-01 4.347e-04 6.607e-04 1.583e-03 -1.000 4.089e-03 -6.804 -6.318 -5.456 -7.227
0.004 -0.58336 7.34500 11.1058235168 2.6268962976   11.107  4.633  3.5963  0.188    7  0.000  0.366   239.10   112.41    73.93    54.24    45.08  3    -1e-30      0.00 7.266e-01 2.693e-01 4.347e-04 6.607e-04 1.583e-03 -1.000 4.089e-03 -6.812 -6.322 -5.457 -7.233
0.004 -0.58336 7.34500 11.1058950424 2.6268963566   11.107  4.637  3.5958  0.182    7  0.000  0.366   242.57   113.66    74.72    54.82    45.57  3    -1e-30      0.00 7.266e-01 2.693e-01 4.347e-04 6.607e-04 1.583e-03 -1.000 4.089e-03 -6.822 -6.329 -5.460 -7.241
0.004 -0.58336 7.34500 11.1059627533 2.6268964124   11.107  4.641  3.5953  0.176    7  0.000  0.366   245.88   114.86    75.47    55.38    46.04  3    -1e-30      0.00 7.266e-01 2.693e-01 4.347e-04 6.607e-04 1.583e-03 -1.000 4.089e-03 -6.832 -6.335 -5.464 -7.249
0.004 -0.58336 7.34500 11.1060295105 2.6268964674   11.107  4.645  3.5949  0.170    7  0.000  0.366   249.06   116.00    76.18    55.91    46.48  3    -1e-30      0.00 7.266e-01 2.693e-01 4.347e-04 6.607e-04 1.583e-03 -1.000 4.089e-03 -6.842 -6.341 -5.468 -7.257
0.004 -0.58336 7.34500 11.1061105728 2.6268965342   11.107  4.648  3.5945  0.165    7  0.000  0.366   252.01   117.06    76.85    56.41    46.89  3    -1e-30      0.00 7.266e-01 2.693e-01 4.347e-04 6.607e-04 1.583e-03 -1.000 4.089e-03 -6.851 -6.347 -5.472 -7.264
0.004 -0.58336 7.34500 11.1062660217 2.6268966623   11.107  4.652  3.5941  0.160    7  0.000  0.366   255.17   118.19    77.55    56.94    47.33  3    -1e-30      0.00 7.266e-01 2.693e-01 4.347e-04 6.607e-04 1.583e-03 -1.000 4.089e-03 -6.860 -6.354 -5.476 -7.272
0.004 -0.58336 7.34500 11.1075439453 2.6268977154   11.109  4.674  3.5920  0.130    7  0.000  0.366   273.90   124.81    81.70    60.03    49.91  3    -1e-30      0.00 7.266e-01 2.693e-01 4.347e-04 6.608e-04 1.583e-03 -1.000 4.089e-03 -6.914 -6.390 -5.499 -7.316
0.004 -0.58336 7.34500 11.1096439362 2.6268994454   11.111  4.719  3.5874  0.067    7  0.000  0.366   311.34   139.90    91.11    67.05    55.77  3    -1e-30      0.00 7.264e-01 2.695e-01 4.335e-04 6.640e-04 1.581e-03 -1.000 4.030e-03 -7.027 -6.465 -5.544 -7.407
0.004 -0.58336 7.34500 11.1109094620 2.6269004875   11.112  4.754  3.5840  0.018    7  0.000  0.364   335.35   152.78    99.10    73.03    60.75  3    -1e-30      0.00 7.250e-01 2.710e-01 4.290e-04 6.792e-04 1.569e-03 -1.000 4.000e-03 -7.114 -6.523 -5.577 -7.477
0.004 -0.58336 7.34500 11.1124773026 2.6269017783   11.114  4.790  3.5805 -0.032    7  0.000  0.363   362.24   167.39   108.14    79.80    66.39  3    -1e-30      0.00 7.219e-01 2.741e-01 4.226e-04 7.040e-04 1.550e-03 -1.000 4.012e-03 -7.206 -6.583 -5.612 -7.550
0.004 -0.58336 7.34500 11.1147480011 2.6269036469   11.116  4.838  3.5761 -0.097    7  0.000  0.363   399.98   188.24   120.97    89.42    74.42  0    -1e-30      0.00 7.172e-01 2.788e-01 4.156e-04 7.341e-04 1.526e-03 -1.000 4.000e-03 -7.324 -6.657 -5.647 -7.644
0.004 -0.58336 7.34500 11.1171655655 2.6269056354   11.118  4.873  3.5728 -0.146    7  0.000  0.363   430.52   205.39   131.47    97.30    81.00  0    -1e-30      0.00 7.146e-01 2.814e-01 4.128e-04 7.462e-04 1.516e-03 -1.000 4.000e-03 -7.412 -6.712 -5.671 -7.712
0.004 -0.58336 7.34500 11.1201782227 2.6269081120   11.121  4.897  3.5707 -0.178    7  0.000  0.363   452.31   217.76   139.02   102.98    85.74  0    -1e-30      0.00 7.117e-01 2.843e-01 4.106e-04 7.564e-04 1.508e-03 -1.000 4.000e-03 -7.472 -6.752 -5.692 -7.761
0.004 -0.58336 7.34500 11.1230401993 2.6269104633   11.124  4.910  3.5697 -0.195    7  0.000  0.363   464.30   224.61   143.19   106.12    88.36  0    -1e-30      0.00 7.089e-01 2.871e-01 4.088e-04 7.642e-04 1.501e-03 -1.000 4.000e-03 -7.505 -6.774 -5.704 -7.788
0.004 -0.58336 7.34500 11.1367654800 2.6269217203   11.138  4.938  3.5678 -0.230    7  0.000  0.363   489.85   239.31   152.14   112.85    93.98  0    -1e-30      0.00 6.953e-01 3.007e-01 4.012e-04 7.987e-04 1.473e-03 -1.000 4.000e-03 -7.574 -6.820 -5.726 -7.844
