Zini MH logAge Mini int_IMF Mass logL logTe logg label McoreTP C_O period0 period1 period2 period3 period4 pmode Mloss tau1m X Y Xc Xn Xo Cexcess Z mbolmag Gmag G_BPmag G_RPmag
0.0045 -0.53140 8.62500 0.0900000036 1.0816895926    0.090 -3.148  3.4263  5.198    0  0.000  0.545     0.00     0.00     0.00     0.00     0.00 -1 -7.56e-17      0.00 7.384e-01 2.570e-01 8.238e-04 2.222e-04 2.016e-03 -1.000 4.581e-03 12.640 14.262 17.046 12.822
0.0045 -0.53140 8.62500 0.0910381526 1.0915606661    0.091 -3.137  3.4280  5.198    0  0.000  0.545     0.00     0.00     0.00     0.00     0.00 -1 -7.71e-17      0.00 7.384e-01 2.570e-01 8.238e-04 2.222e-04 2.016e-03 -1.000 4.581e-03 12.611 14.215 16.962 12.780
0.0045 -0.53140 8.62500 0.0948880687 1.1269278091    0.095 -3.090  3.4346  5.196    0  0.000  0.545     0.00     0.00     0.00     0.00     0.00 -1 -8.42e-17      0.00 7.384e-01 2.570e-01 8.238e-04 2.222e-04 2.016e-03 -1.000 4.581e-03 12.495 14.033 16.652 12.616
0.0045 -0.53140 8.62500 0.1000000089 1.1711064744    0.100 -3.022  3.4445  5.190    0  0.000  0.545     0.00     0.00     0.00     0.00     0.00 -1 -9.66e-17      0.00 7.384e-01 2.570e-01 8.238e-04 2.222e-04 2.016e-03 -1.000 4.581e-03 12.326 13.769 16.209 12.379
0.0045 -0.53140 8.62500 0.1045317799 1.2078841171    0.105 -2.976  3.4506  5.187    0  0.000  0.545     0.00     0.00     0.00     0.00     0.00 -1 -1.06e-16      0.00 7.384e-01 2.570e-01 8.238e-04 2.222e-04 2.016e-03 -1.000 4.581e-03 12.210 13.593 15.923 12.221
0.0045 -0.53140 8.62500 0.1199999973 1.3193154249    0.120 -2.804  3.4719  5.161    0  0.000  0.545     0.00     0.00     0.00     0.00     0.00 -1 -1.51e-16      0.00 7.384e-01 2.570e-01 8.238e-04 2.222e-04 2.016e-03 -1.000 4.581e-03 11.781 12.959 14.906 11.660
0.0045 -0.53140 8.62500 0.1400000006 1.4384526719    0.140 -2.626  3.4901  5.122    0  0.000  0.545     0.00     0.00     0.00     0.00     0.00 -1  -2.2e-16      0.00 7.384e-01 2.570e-01 8.238e-04 2.222e-04 2.016e-03 -1.000 4.581e-03 11.335 12.343 13.995 11.112
0.0045 -0.53140 8.62500 0.1599999964 1.5372931554    0.160 -2.503  3.5026  5.107    0  0.000  0.545     0.00     0.00     0.00     0.00     0.00 -1 -2.78e-16      0.00 7.384e-01 2.570e-01 8.238e-04 2.222e-04 2.016e-03 -1.000 4.581e-03 11.028 11.931 13.425 10.746
0.0045 -0.53140 8.62500 0.1706228405 1.5834812830    0.171 -2.447  3.5076  5.100    0  0.000  0.545     0.00     0.00     0.00     0.00     0.00 -1 -3.09e-16      0.00 7.384e-01 2.571e-01 8.238e-04 2.222e-04 2.016e-03 -1.000 4.581e-03 10.889 11.750 13.186 10.584
0.0045 -0.53140 8.62500 0.1999999881 1.6938790356    0.200 -2.299  3.5202  5.071    0  0.000  0.545     0.00     0.00     0.00     0.00     0.00 -1 -4.13e-16      0.00 7.383e-01 2.571e-01 8.238e-04 2.222e-04 2.016e-03 -1.000 4.581e-03 10.517 11.280 12.580 10.160
0.0045 -0.53140 8.62500 0.2069267482 1.7168627648    0.207 -2.270  3.5224  5.065    0  0.000  0.545     0.00     0.00     0.00     0.00     0.00 -1 -4.36e-16      0.00 7.383e-01 2.571e-01 8.238e-04 2.222e-04 2.016e-03 -1.000 4.581e-03 10.445 11.193 12.474 10.081
0.0045 -0.53140 8.62500 0.2500000000 1.8403257998    0.250 -2.105  3.5343  5.030    0  0.000  0.545     0.00     0.00     0.00     0.00     0.00 -1 -6.04e-16      0.00 7.382e-01 2.572e-01 8.238e-04 2.222e-04 2.016e-03 -1.000 4.581e-03 10.033 10.702 11.885 9.628
0.0045 -0.53140 8.62500 0.2686011493 1.8853798233    0.269 -2.046  3.5381  5.018    0  0.000  0.545     0.00     0.00     0.00     0.00     0.00 -1 -6.77e-16      0.00 7.382e-01 2.572e-01 8.238e-04 2.222e-04 2.016e-03 -1.000 4.581e-03 9.885 10.530 11.684 9.468
0.0045 -0.53140 8.62500 0.3002221286 1.9533585819    0.300 -1.954  3.5441  4.998    0  0.000  0.545     0.00     0.00     0.00     0.00     0.00 -1  -8.1e-16      0.00 7.381e-01 2.573e-01 8.238e-04 2.222e-04 2.016e-03 -1.000 4.581e-03 9.655 10.264 11.376 9.220
0.0045 -0.53140 8.62500 0.3060727119 1.9649178147    0.306 -1.933  3.5451  4.989    0  0.000  0.545     0.00     0.00     0.00     0.00     0.00 -1  -8.5e-16      0.00 7.383e-01 2.571e-01 8.238e-04 2.222e-04 2.016e-03 -1.000 4.581e-03 9.602 10.205 11.311 9.164
0.0045 -0.53140 8.62500 0.3499999642 2.0434174156    0.350 -1.806  3.5536  4.955    0  0.000  0.545     0.00     0.00     0.00     0.00     0.00 -1 -1.11e-15      0.00 7.384e-01 2.570e-01 8.238e-04 2.222e-04 2.016e-03 -1.000 4.581e-03 9.286 9.841 10.892 8.825
0.0045 -0.53140 8.62500 0.3999999762 2.1185023988    0.400 -1.648  3.5652  4.901    0  0.000  0.545     0.00     0.00     0.00     0.00     0.00 -1 -1.58e-15      0.00 7.384e-01 2.570e-01 8.238e-04 2.222e-04 2.016e-03 -1.000 4.581e-03 8.891 9.384 10.365 8.402
0.0045 -0.53140 8.62500 0.4499999881 2.1822809009    0.450 -1.481  3.5793  4.841    0  0.000  0.545     0.00     0.00     0.00     0.00     0.00 -1 -2.36e-15      0.00 7.384e-01 2.570e-01 8.238e-04 2.222e-04 2.016e-03 -1.000 4.581e-03 8.473 8.897 9.807 7.953
0.0045 -0.53140 8.62500 0.4837142825 2.2203013232    0.484 -1.362  3.5916  4.803    0  0.000  0.545     0.00     0.00     0.00     0.00     0.00 -1 -3.12e-15      0.00 7.384e-01 2.570e-01 8.238e-04 2.222e-04 2.016e-03 -1.000 4.581e-03 8.174 8.544 9.398 7.632
0.0045 -0.53140 8.62500 0.4999999404 2.2374540715    0.500 -1.307  3.5973  4.785    0  0.000  0.545     0.00     0.00     0.00     0.00     0.00 -1 -3.55e-15      0.00 7.384e-01 2.570e-01 8.238e-04 2.222e-04 2.016e-03 -1.000 4.581e-03 8.037 8.385 9.216 7.487
0.0045 -0.53140 8.62500 0.5085769892 2.2461246195    0.509 -1.275  3.6019  4.779    0  0.000  0.545     0.00     0.00     0.00     0.00     0.00 -1 -3.81e-15      0.00 7.387e-01 2.567e-01 8.229e-04 2.220e-04 2.013e-03 -1.000 4.581e-03 7.958 8.288 9.100 7.401
0.0045 -0.53140 8.62500 0.5500000119 2.2836582633    0.550 -1.131  3.6232  4.754    0  0.000  0.545     0.00     0.00     0.00     0.00     0.00 -1 -5.27e-15      0.00 7.396e-01 2.558e-01 8.204e-04 2.213e-04 2.007e-03 -1.000 4.581e-03 7.597 7.851 8.579 7.016
0.0045 -0.53140 8.62500 0.5999999642 2.3211212854    0.600 -0.956  3.6498  4.723    0  0.000  0.545     0.00     0.00     0.00     0.00     0.00 -1 -7.79e-15      0.00 7.398e-01 2.556e-01 8.196e-04 2.211e-04 2.006e-03 -1.000 4.559e-03 7.161 7.316 7.936 6.556
0.0045 -0.53140 8.62500 0.6131629348 2.3298229696    0.613 -0.910  3.6570  4.716    0  0.000  0.545     0.00     0.00     0.00     0.00     0.00 -1 -8.63e-15      0.00 7.399e-01 2.555e-01 8.193e-04 2.210e-04 2.005e-03 -1.000 4.560e-03 7.046 7.173 7.765 6.435
0.0045 -0.53140 8.62500 0.6499999166 2.3520352771    0.650 -0.791  3.6776  4.704    1  0.000  0.545     0.00     0.00     0.00     0.00     0.00 -1 -1.12e-14      0.00 7.400e-01 2.554e-01 8.191e-04 2.210e-04 2.004e-03 -1.000 4.575e-03 6.747 6.803 7.323 6.122
0.0045 -0.53140 8.62500 0.6999999881 2.3779266974    0.700 -0.639  3.7040  4.690    0  0.000  0.545     0.00     0.00     0.00     0.00     0.00 -1 -1.56e-14      0.00 7.403e-01 2.552e-01 8.185e-04 2.209e-04 2.003e-03 -1.000 4.515e-03 6.367 6.351 6.796 5.734
0.0045 -0.53140 8.62500 0.7483875155 2.3992331269    0.748 -0.501  3.7272  4.674    1  0.000  0.538     0.00     0.00     0.00     0.00     0.00 -1 -2.11e-14      0.00 7.405e-01 2.549e-01 8.073e-04 2.204e-04 2.002e-03 -1.000 4.570e-03 6.023 5.965 6.356 5.400
0.0045 -0.53140 8.62500 0.7967749834 2.4175913256    0.797 -0.373  3.7465  4.650    1  0.000  0.538     0.00     0.00     0.00     0.00     0.00 -1 -2.81e-14      0.00 7.410e-01 2.545e-01 8.060e-04 2.201e-04 1.999e-03 -1.000 4.519e-03 5.704 5.624 5.974 5.100
0.0045 -0.53140 8.62500 0.8451624513 2.4335533786    0.845 -0.253  3.7634  4.623    1  0.000  0.538     0.00     0.00     0.00     0.00     0.00 -1 -3.72e-14      0.00 7.415e-01 2.540e-01 8.045e-04 2.197e-04 1.996e-03 -1.000 4.504e-03 5.402 5.314 5.629 4.826
0.0045 -0.53140 8.62500 0.8935499191 2.4475438855    0.893 -0.138  3.7779  4.590    1  0.000  0.537     0.00     0.00     0.00     0.00     0.00 -1  -4.9e-14      0.00 7.423e-01 2.532e-01 8.019e-04 2.190e-04 1.989e-03 -1.000 4.507e-03 5.115 5.025 5.311 4.569
0.0045 -0.53140 8.62500 0.9213233590 2.4548151603    0.921 -0.074  3.7853  4.569    1  0.000  0.537     0.00     0.00     0.00     0.00     0.00 -1 -5.72e-14      0.00 7.431e-01 2.524e-01 8.001e-04 2.185e-04 1.985e-03 -1.000 4.486e-03 4.955 4.866 5.138 4.427
0.0045 -0.53140 8.62500 0.9419373274 2.4598943945    0.941 -0.028  3.7906  4.555    1  0.000  0.537     0.00     0.00     0.00     0.00     0.00 -1 -6.39e-14      0.00 7.438e-01 2.517e-01 7.985e-04 2.181e-04 1.981e-03 -1.000 4.483e-03 4.841 4.753 5.015 4.326
0.0045 -0.53140 8.62500 0.9903249145 2.4708673939    0.990  0.076  3.8021  4.518    1  0.000  0.537     0.00     0.00     0.00     0.00     0.00 -1 -8.26e-14      0.00 7.449e-01 2.506e-01 7.958e-04 2.174e-04 1.975e-03 -1.000 4.484e-03 4.581 4.496 4.737 4.095
0.0045 -0.53140 8.62500 1.0387122631 2.4806730364    1.038  0.175  3.8129  4.483    1  0.000  0.537     0.00     0.00     0.00     0.00     0.00 -1 -9.99e-14      0.00 7.452e-01 2.504e-01 7.958e-04 2.174e-04 1.976e-03 -1.000 4.472e-03 4.332 4.251 4.473 3.874
0.0045 -0.53140 8.62500 1.0870997906 2.4894816928    1.086  0.271  3.8235  4.449    1  0.000  0.537     0.00     0.00     0.00     0.00     0.00 -1 -1.17e-13      0.00 7.453e-01 2.502e-01 7.958e-04 2.174e-04 1.975e-03 -1.000 4.477e-03 4.094 4.016 4.220 3.662
0.0045 -0.53140 8.62500 1.1223707199 2.4953551358    1.121  0.337  3.8314  4.428    1  0.000  0.537     0.00     0.00     0.00     0.00     0.00 -1 -1.29e-13      0.00 7.454e-01 2.502e-01 7.957e-04 2.174e-04 1.975e-03 -1.000 4.477e-03 3.928 3.852 4.044 3.516
0.0045 -0.53140 8.62500 1.1354873180 2.4974326128    1.135  0.361  3.8342  4.421    1  0.000  0.537     0.00     0.00     0.00     0.00     0.00 -1 -1.34e-13      0.00 7.453e-01 2.502e-01 7.957e-04 2.174e-04 1.975e-03 -1.000 4.481e-03 3.868 3.792 3.980 3.463
0.0045 -0.53140 8.62500 1.1838748455 2.5046407594    1.183  0.446  3.8455  4.399    1  0.000  0.537     0.00     0.00     0.00     0.00     0.00 -1  -1.5e-13      0.00 7.453e-01 2.503e-01 7.957e-04 2.174e-04 1.975e-03 -1.000 4.467e-03 3.654 3.582 3.753 3.279
0.0045 -0.53140 8.62500 1.2322621346 2.5112017713    1.232  0.527  3.8581  4.386    1  0.000  0.537     0.00     0.00     0.00     0.00     0.00 -1 -1.63e-13      0.00 7.455e-01 2.501e-01 7.953e-04 2.172e-04 1.974e-03 -1.000 4.496e-03 3.452 3.384 3.536 3.109
0.0045 -0.53140 8.62500 1.2806496620 2.5171959299    1.280  0.604  3.8725  4.383    1  0.000  0.537     0.00     0.00     0.00     0.00     0.00 -1 -1.72e-13      0.00 7.457e-01 2.498e-01 7.947e-04 2.171e-04 1.973e-03 -1.000 4.489e-03 3.259 3.197 3.328 2.956
0.0045 -0.53140 8.62500 1.3290373087 2.5226909434    1.329  0.679  3.8882  4.388    1  0.000  0.537     0.00     0.00     0.00     0.00     0.00 -1 -1.76e-13      0.00 7.459e-01 2.496e-01 7.942e-04 2.170e-04 1.971e-03 -1.000 4.477e-03 3.073 3.020 3.129 2.817
0.0045 -0.53140 8.62500 1.3774247169 2.5277443269    1.377  0.750  3.9039  4.395    1  0.000  0.537     0.00     0.00     0.00     0.00     0.00 -1 -1.76e-13      0.00 7.461e-01 2.494e-01 7.936e-04 2.168e-04 1.970e-03 -1.000 4.473e-03 2.895 2.855 2.942 2.690
0.0045 -0.53140 8.62500 1.4258121252 2.5324053073    1.426  0.819  3.9188  4.400    1  0.000  0.537     0.00     0.00     0.00     0.00     0.00 -1 -1.71e-13      0.00 7.463e-01 2.492e-01 7.932e-04 2.167e-04 1.970e-03 -1.000 4.479e-03 2.723 2.700 2.767 2.573
0.0045 -0.53140 8.62500 1.4625051022 2.5357043436    1.462  0.869  3.9294  4.403    1  0.000  0.537     0.00     0.00     0.00     0.00     0.00 -1 -1.62e-13      0.00 7.465e-01 2.490e-01 7.927e-04 2.166e-04 1.969e-03 -1.000 4.480e-03 2.596 2.591 2.644 2.489
0.0045 -0.53140 8.62500 1.4741996527 2.5367161847    1.474  0.885  3.9327  4.404    1  0.000  0.537     0.00     0.00     0.00     0.00     0.00 -1  -1.6e-13      0.00 7.465e-01 2.490e-01 7.926e-04 2.166e-04 1.968e-03 -1.000 4.481e-03 2.556 2.559 2.608 2.465
0.0045 -0.53140 8.62500 1.5040862560 2.5392200325    1.504  0.925  3.9408  4.405    1  0.000  0.537     0.00     0.00     0.00     0.00     0.00 -1 -1.49e-13      0.00 7.467e-01 2.489e-01 7.924e-04 2.165e-04 1.967e-03 -1.000 4.471e-03 2.457 2.479 2.519 2.403
0.0045 -0.53140 8.62500 1.5225870609 2.5407134771    1.522  0.949  3.9456  4.405    1  0.000  0.537     0.00     0.00     0.00     0.00     0.00 -1 -1.42e-13      0.00 7.467e-01 2.488e-01 7.923e-04 2.165e-04 1.967e-03 -1.000 4.465e-03 2.397 2.432 2.468 2.365
0.0045 -0.53140 8.62500 1.5709745884 2.5444289269    1.571  1.011  3.9573  4.404    1  0.000  0.537     0.00     0.00     0.00     0.00     0.00 -1 -1.17e-13      0.00 7.469e-01 2.486e-01 7.919e-04 2.163e-04 1.966e-03 -1.000 4.474e-03 2.243 2.315 2.339 2.269
0.0045 -0.53140 8.62500 1.6168012619 2.5477129690    1.616  1.067  3.9672  4.401    1  0.000  0.537     0.00     0.00     0.00     0.00     0.00 -1 -8.14e-14      0.00 7.470e-01 2.485e-01 7.917e-04 2.163e-04 1.966e-03 -1.000 4.459e-03 2.103 2.210 2.226 2.180
0.0045 -0.53140 8.62500 1.6193619967 2.5478901813    1.619  1.070  3.9677  4.400    1  0.000  0.537     0.00     0.00     0.00     0.00     0.00 -1 -7.98e-14      0.00 7.470e-01 2.485e-01 7.917e-04 2.163e-04 1.966e-03 -1.000 4.458e-03 2.096 2.204 2.219 2.175
0.0045 -0.53140 8.62500 1.6268832684 2.5484069734    1.626  1.079  3.9693  4.400    1  0.000  0.537     0.00     0.00     0.00     0.00     0.00 -1 -8.79e-15      0.00 7.470e-01 2.485e-01 7.916e-04 2.163e-04 1.965e-03 -1.000 4.456e-03 2.073 2.187 2.201 2.161
0.0045 -0.53140 8.62500 1.6677495241 2.5511214867    1.667  1.127  3.9773  4.394    1  0.000  0.537     0.00     0.00     0.00     0.00     0.00 -1 -6.47e-20      0.00 7.471e-01 2.484e-01 7.914e-04 2.162e-04 1.965e-03 -1.000 4.458e-03 1.953 2.098 2.106 2.083
0.0045 -0.53140 8.62500 1.6935672760 2.5527589736    1.693  1.157  3.9821  4.390    1  0.000  0.537     0.00     0.00     0.00     0.00     0.00 -1 -1.01e-25      0.00 7.472e-01 2.484e-01 7.913e-04 2.162e-04 1.964e-03 -1.000 4.471e-03 1.878 2.043 2.048 2.035
0.0045 -0.53140 8.62500 1.7161370516 2.5541441388    1.715  1.183  3.9861  4.386    1  0.000  0.537     0.00     0.00     0.00     0.00     0.00 -1    -1e-30      0.00 7.472e-01 2.483e-01 7.912e-04 2.162e-04 1.964e-03 -1.000 4.483e-03 1.814 1.995 1.998 1.992
0.0045 -0.53140 8.62500 1.7331777811 2.5551625304    1.732  1.202  3.9891  4.383    1  0.000  0.537     0.00     0.00     0.00     0.00     0.00 -1    -1e-30      0.00 7.472e-01 2.483e-01 7.911e-04 2.161e-04 1.964e-03 -1.000 4.484e-03 1.765 1.960 1.960 1.960
0.0045 -0.53140 8.62500 1.7645244598 2.5569769339    1.763  1.237  3.9944  4.377    1  0.000  0.537     0.00     0.00     0.00     0.00     0.00 -1    -1e-30      0.00 7.473e-01 2.483e-01 7.910e-04 2.161e-04 1.964e-03 -1.000 4.452e-03 1.677 1.895 1.892 1.902
0.0045 -0.53140 8.62500 1.8143253326 2.5597117749    1.813  1.292  4.0023  4.365    1  0.000  0.537     0.00     0.00     0.00     0.00     0.00 -1    -1e-30      0.00 7.474e-01 2.482e-01 7.909e-04 2.161e-04 1.964e-03 -1.000 4.453e-03 1.540 1.792 1.785 1.808
0.0045 -0.53140 8.62500 1.8176510334 2.5598882785    1.816  1.296  4.0028  4.365    1  0.000  0.537     0.00     0.00     0.00     0.00     0.00 -1    -1e-30      0.00 7.474e-01 2.482e-01 7.908e-04 2.161e-04 1.964e-03 -1.000 4.453e-03 1.531 1.786 1.778 1.802
0.0045 -0.53140 8.62500 1.8641264439 2.5622792652    1.863  1.346  4.0096  4.352    1  0.000  0.537     0.00     0.00     0.00     0.00     0.00 -1    -1e-30      0.00 7.474e-01 2.481e-01 7.906e-04 2.160e-04 1.964e-03 -1.000 4.463e-03 1.404 1.691 1.679 1.714
0.0045 -0.53140 8.62500 1.9047956467 2.5642618369    1.904  1.390  4.0153  4.341    1  0.000  0.537     0.00     0.00     0.00     0.00     0.00 -1    -1e-30      0.00 7.474e-01 2.481e-01 7.906e-04 2.160e-04 1.964e-03 -1.000 4.467e-03 1.295 1.609 1.594 1.637
0.0045 -0.53140 8.62500 1.9139275551 2.5646937055    1.913  1.400  4.0165  4.338    1  0.000  0.537     0.00     0.00     0.00     0.00     0.00 -1    -1e-30      0.00 7.474e-01 2.481e-01 7.906e-04 2.160e-04 1.964e-03 -1.000 4.469e-03 1.271 1.590 1.575 1.619
0.0045 -0.53140 8.62500 1.9637286663 2.5669678549    1.963  1.453  4.0230  4.322    1  0.000  0.537     0.00     0.00     0.00     0.00     0.00 -1    -1e-30      0.00 7.475e-01 2.481e-01 7.906e-04 2.160e-04 1.964e-03 -1.000 4.407e-03 1.138 1.490 1.471 1.525
0.0045 -0.53140 8.62500 1.9852627516 2.5679106629    1.985  1.475  4.0256  4.315    1  0.000  0.537     0.00     0.00     0.00     0.00     0.00 -1    -1e-30      0.00 7.475e-01 2.481e-01 7.906e-04 2.161e-04 1.963e-03 -1.000 4.412e-03 1.082 1.446 1.426 1.483
0.0045 -0.53140 8.62500 2.0135295391 2.5691131108    2.013  1.505  4.0290  4.305    1  0.000  0.537     0.00     0.00     0.00     0.00     0.00 -1    -1e-30      0.00 7.474e-01 2.481e-01 7.905e-04 2.161e-04 1.963e-03 -1.000 4.452e-03 1.008 1.388 1.367 1.428
0.0045 -0.53140 8.62500 2.0257592201 2.5696214079    2.026  1.518  4.0304  4.300    1  0.000  0.537     0.00     0.00     0.00     0.00     0.00 -1    -1e-30      0.00 7.474e-01 2.481e-01 7.906e-04 2.161e-04 1.963e-03 -1.000 4.459e-03 0.976 1.363 1.341 1.405
0.0045 -0.53140 8.62500 2.0633306503 2.5711397217    2.063  1.557  4.0343  4.285    1  0.000  0.537     0.00     0.00     0.00     0.00     0.00 -1    -1e-30      0.00 7.474e-01 2.481e-01 7.907e-04 2.160e-04 1.963e-03 -1.000 4.479e-03 0.879 1.286 1.262 1.330
0.0045 -0.53140 8.62500 2.0810477734 2.5718338590    2.080  1.575  4.0361  4.278    1  0.000  0.537     0.00     0.00     0.00     0.00     0.00 -1    -1e-30      0.00 7.474e-01 2.481e-01 7.907e-04 2.161e-04 1.963e-03 -1.000 4.471e-03 0.833 1.249 1.225 1.295
0.0045 -0.53140 8.62500 2.1131315231 2.5730568631    2.112  1.608  4.0389  4.262    1  0.000  0.537     0.00     0.00     0.00     0.00     0.00 -1    -1e-30      0.00 7.474e-01 2.481e-01 7.908e-04 2.161e-04 1.963e-03 -1.000 4.459e-03 0.749 1.180 1.154 1.228
0.0045 -0.53140 8.62500 2.1405460835 2.5740685458    2.139  1.636  4.0412  4.249    1  0.000  0.537     0.00     0.00     0.00     0.00     0.00 -1    -1e-30      0.00 7.474e-01 2.481e-01 7.908e-04 2.161e-04 1.963e-03 -1.000 4.460e-03 0.679 1.121 1.094 1.171
0.0045 -0.53140 8.62500 2.1629328728 2.5748728496    2.162  1.660  4.0429  4.237    1  0.000  0.537     0.00     0.00     0.00     0.00     0.00 -1    -1e-30      0.00 7.474e-01 2.481e-01 7.908e-04 2.161e-04 1.964e-03 -1.000 4.460e-03 0.621 1.071 1.044 1.123
0.0045 -0.53140 8.62500 2.1802527905 2.5754820974    2.179  1.677  4.0442  4.227    1  0.000  0.537     0.00     0.00     0.00     0.00     0.00 -1    -1e-30      0.00 7.474e-01 2.482e-01 7.908e-04 2.161e-04 1.964e-03 -1.000 4.466e-03 0.576 1.033 1.005 1.085
0.0045 -0.53140 8.62500 2.2127337456 2.5765951351    2.211  1.711  4.0462  4.209    1  0.000  0.537     0.00     0.00     0.00     0.00     0.00 -1    -1e-30      0.00 7.473e-01 2.482e-01 7.909e-04 2.161e-04 1.964e-03 -1.000 4.466e-03 0.493 0.960 0.931 1.014
0.0045 -0.53140 8.62500 2.2370281219 2.5774033862    2.235  1.736  4.0475  4.194    1  0.000  0.537     0.00     0.00     0.00     0.00     0.00 -1    -1e-30      0.00 7.473e-01 2.482e-01 7.910e-04 2.161e-04 1.964e-03 -1.000 4.471e-03 0.431 0.905 0.875 0.959
0.0045 -0.53140 8.62500 2.2625348568 2.5782305270    2.261  1.762  4.0485  4.176    1  0.000  0.537     0.00     0.00     0.00     0.00     0.00 -1    -1e-30      0.00 7.473e-01 2.482e-01 7.910e-04 2.161e-04 1.964e-03 -1.000 4.474e-03 0.365 0.844 0.814 0.899
0.0045 -0.53140 8.62500 2.2941226959 2.5792256079    2.293  1.795  4.0496  4.154    1  0.000  0.537     0.00     0.00     0.00     0.00     0.00 -1    -1e-30      0.00 7.472e-01 2.483e-01 7.911e-04 2.162e-04 1.965e-03 -1.000 4.469e-03 0.283 0.767 0.737 0.824
0.0045 -0.53140 8.62500 2.3123357296 2.5797851659    2.311  1.814  4.0499  4.140    1  0.000  0.537     0.00     0.00     0.00     0.00     0.00 -1    -1e-30      0.00 7.472e-01 2.483e-01 7.912e-04 2.162e-04 1.965e-03 -1.000 4.455e-03 0.236 0.721 0.690 0.778
0.0045 -0.53140 8.62500 2.3463709354 2.5808041000    2.345  1.849  4.0499  4.110    1  0.000  0.537     0.00     0.00     0.00     0.00     0.00 -1    -1e-30      0.00 7.472e-01 2.484e-01 7.913e-04 2.162e-04 1.965e-03 -1.000 4.441e-03 0.146 0.632 0.601 0.689
0.0045 -0.53140 8.62500 2.3621368408 2.5812646664    2.361  1.866  4.0498  4.096    1  0.000  0.537     0.00     0.00     0.00     0.00     0.00 -1    -1e-30      0.00 7.471e-01 2.484e-01 7.914e-04 2.162e-04 1.965e-03 -1.000 4.455e-03 0.105 0.590 0.559 0.646
0.0045 -0.53140 8.62500 2.4026167393 2.5824154265    2.401  1.908  4.0486  4.057    1  0.000  0.537     0.00     0.00     0.00     0.00     0.00 -1    -1e-30      0.00 7.467e-01 2.488e-01 7.928e-04 2.166e-04 1.968e-03 -1.000 4.469e-03 0.001 0.479 0.449 0.535
0.0045 -0.53140 8.62500 2.4119379520 2.5826741251    2.411  1.917  4.0482  4.048    1  0.000  0.537     0.00     0.00     0.00     0.00     0.00 -1    -1e-30      0.00 7.466e-01 2.489e-01 7.931e-04 2.167e-04 1.969e-03 -1.000 4.475e-03 -0.023 0.453 0.422 0.509
0.0045 -0.53140 8.62500 2.4200723171 2.5828980126    2.419  1.926  4.0479  4.039    1  0.000  0.537     0.00     0.00     0.00     0.00     0.00 -1    -1e-30      0.00 7.463e-01 2.492e-01 7.939e-04 2.169e-04 1.971e-03 -1.000 4.483e-03 -0.044 0.430 0.400 0.486
0.0045 -0.53140 8.62500 2.4640588760 2.5840792915    2.463  1.972  4.0445  3.987    1  0.000  0.537     0.00     0.00     0.00     0.00     0.00 -1    -1e-30      0.00 7.446e-01 2.509e-01 7.980e-04 2.180e-04 1.981e-03 -1.000 4.502e-03 -0.160 0.297 0.267 0.350
0.0045 -0.53140 8.62500 2.5004119873 2.5850195818    2.499  2.011  4.0401  3.937    1  0.000  0.537     0.00     0.00     0.00     0.00     0.00 -1    -1e-30      0.00 7.432e-01 2.523e-01 8.015e-04 2.189e-04 1.989e-03 -1.000 4.518e-03 -0.257 0.177 0.149 0.227
0.0045 -0.53140 8.62500 2.5389273167 2.5859820916    2.538  2.052  4.0333  3.876    1  0.000  0.537     0.00     0.00     0.00     0.00     0.00 -1    -1e-30      0.00 7.416e-01 2.538e-01 8.054e-04 2.199e-04 1.998e-03 -1.000 4.544e-03 -0.360 0.039 0.014 0.085
0.0045 -0.53140 8.62500 2.5680150986 2.5866870394    2.567  2.084  4.0259  3.819    1  0.000  0.537     0.00     0.00     0.00     0.00     0.00 -1    -1e-30      0.00 7.404e-01 2.550e-01 8.084e-04 2.207e-04 2.006e-03 -1.000 4.558e-03 -0.440 -0.079 -0.101 -0.038
0.0045 -0.53140 8.62500 2.5951540470 2.5873283956    2.595  2.114  4.0176  3.761    1  0.000  0.538     0.00     0.00     0.00     0.00     0.00 -1    -1e-30      0.00 7.392e-01 2.562e-01 8.113e-04 2.215e-04 2.013e-03 -1.000 4.572e-03 -0.515 -0.194 -0.214 -0.160
0.0045 -0.53140 8.62500 2.6111419201 2.5876990578    2.611  2.132  4.0119  3.722    1  0.000  0.538     0.00     0.00     0.00     0.00     0.00 -1    -1e-30      0.00 7.385e-01 2.569e-01 8.131e-04 2.219e-04 2.017e-03 -1.000 4.581e-03 -0.561 -0.269 -0.286 -0.238
0.0045 -0.53140 8.62500 2.6189718246 2.5878786886    2.619  2.141  4.0090  3.703    1  0.000  0.538     0.00     0.00     0.00     0.00     0.00 -1    -1e-30      0.00 7.385e-01 2.569e-01 8.131e-04 2.219e-04 2.017e-03 -1.000 4.581e-03 -0.584 -0.305 -0.321 -0.277
0.0045 -0.53140 8.62500 2.6454405785 2.5884768816    2.645  2.176  4.0011  3.641    1  0.000  0.538     0.00     0.00     0.00     0.00     0.00 -1    -1e-30      0.00 7.385e-01 2.569e-01 8.131e-04 2.219e-04 2.017e-03 -1.000 4.581e-03 -0.671 -0.430 -0.443 -0.408
0.0045 -0.53140 8.62500 2.6463572979 2.5884973530    2.646  2.178  4.0011  3.639    1  0.000  0.538     0.00     0.00     0.00     0.00     0.00 -1    -1e-30      0.00 7.385e-01 2.569e-01 8.131e-04 2.219e-04 2.017e-03 -1.000 4.581e-03 -0.675 -0.434 -0.447 -0.412
0.0045 -0.53140 8.62500 2.6551380157 2.5886926134    2.655  2.200  4.0094  3.652    1  0.000  0.538     0.00     0.00     0.00     0.00     0.00 -1    -1e-30      0.00 7.385e-01 2.569e-01 8.131e-04 2.219e-04 2.017e-03 -1.000 4.581e-03 -0.730 -0.450 -0.466 -0.421
0.0045 -0.53140 8.62500 2.6592745781 2.5887840861    2.659  2.217  4.0191  3.674    1  0.000  0.538     0.00     0.00     0.00     0.00     0.00 -1    -1e-30      0.00 7.385e-01 2.569e-01 8.131e-04 2.219e-04 2.017e-03 -1.000 4.581e-03 -0.772 -0.445 -0.465 -0.409
0.0045 -0.53140 8.62500 2.6608695984 2.5888192697    2.661  2.232  4.0301  3.703    1  0.000  0.538     0.00     0.00     0.00     0.00     0.00 -1    -1e-30      0.00 7.385e-01 2.569e-01 8.131e-04 2.219e-04 2.017e-03 -1.000 4.581e-03 -0.810 -0.429 -0.454 -0.385
0.0045 -0.53140 8.62500 2.6616010666 2.5888353886    2.661  2.247  4.0402  3.728    1  0.000  0.538     0.00     0.00     0.00     0.00     0.00 -1    -1e-30      0.00 7.385e-01 2.569e-01 8.131e-04 2.219e-04 2.017e-03 -1.000 4.581e-03 -0.849 -0.416 -0.445 -0.366
0.0045 -0.53140 8.62500 2.6620390415 2.5888450350    2.662  2.266  4.0508  3.752    1  0.000  0.538     0.00     0.00     0.00     0.00     0.00 -1    -1e-30      0.00 7.385e-01 2.569e-01 8.131e-04 2.219e-04 2.017e-03 -1.000 4.581e-03 -0.895 -0.409 -0.441 -0.351
0.0045 -0.53140 8.62500 2.6623110771 2.5888510248    2.662  2.284  4.0601  3.771    1  0.000  0.538     0.00     0.00     0.00     0.00     0.00 -1    -1e-30      0.00 7.385e-01 2.569e-01 8.131e-04 2.219e-04 2.017e-03 -1.000 4.581e-03 -0.941 -0.406 -0.441 -0.342
0.0045 -0.53140 8.62500 2.6624031067 2.5888530508    2.662  2.290  4.0630  3.778    1  0.000  0.538     0.00     0.00     0.00     0.00     0.00 -1    -1e-30      0.00 7.385e-01 2.569e-01 8.131e-04 2.219e-04 2.017e-03 -1.000 4.581e-03 -0.954 -0.403 -0.440 -0.338
0.0045 -0.53140 8.62500 2.6625592709 2.5888564884    2.662  2.254  4.0525  3.772    2  0.000  0.538     0.00     0.00     0.00     0.00     0.00 -1    -1e-30      0.00 7.385e-01 2.569e-01 8.131e-04 2.219e-04 2.017e-03 -1.000 4.581e-03 -0.864 -0.368 -0.401 -0.309
0.0045 -0.53140 8.62500 2.6626408100 2.5888582831    2.662  2.239  4.0436  3.751    2  0.000  0.538     0.00     0.00     0.00     0.00     0.00 -1    -1e-30      0.00 7.385e-01 2.569e-01 8.131e-04 2.219e-04 2.017e-03 -1.000 4.581e-03 -0.828 -0.378 -0.407 -0.325
0.0045 -0.53140 8.62500 2.6627478600 2.5888606391    2.662  2.237  4.0322  3.707    2  0.000  0.538     0.00     0.00     0.00     0.00     0.00 -1    -1e-30      0.00 7.385e-01 2.569e-01 8.131e-04 2.219e-04 2.017e-03 -1.000 4.581e-03 -0.823 -0.431 -0.457 -0.386
0.0045 -0.53140 8.62500 2.6628761292 2.5888634619    2.663  2.250  4.0206  3.648    2  0.000  0.538     0.00     0.00     0.00     0.00     0.00 -1    -1e-30      0.00 7.385e-01 2.569e-01 8.131e-04 2.219e-04 2.017e-03 -1.000 4.581e-03 -0.855 -0.521 -0.542 -0.484
0.0045 -0.53140 8.62500 2.6630282402 2.5888668089    2.663  2.265  4.0088  3.585    2  0.000  0.538     0.00     0.00     0.00     0.00     0.00 -1    -1e-30      0.00 7.385e-01 2.569e-01 8.131e-04 2.219e-04 2.017e-03 -1.000 4.581e-03 -0.893 -0.616 -0.633 -0.587
0.0045 -0.53140 8.62500 2.6631979942 2.5888705435    2.663  2.276  3.9971  3.528    2  0.000  0.538     0.00     0.00     0.00     0.00     0.00 -1    -1e-30      0.00 7.385e-01 2.569e-01 8.131e-04 2.219e-04 2.017e-03 -1.000 4.581e-03 -0.920 -0.698 -0.710 -0.679
0.0045 -0.53140 8.62500 2.6633830070 2.5888746133    2.663  2.283  3.9853  3.474    2  0.000  0.538     0.00     0.00     0.00     0.00     0.00 -1    -1e-30      0.00 7.385e-01 2.569e-01 8.131e-04 2.219e-04 2.017e-03 -1.000 4.581e-03 -0.938 -0.769 -0.775 -0.760
0.0045 -0.53140 8.62500 2.6635808945 2.5888789655    2.663  2.287  3.9735  3.422    2  0.000  0.538     0.00     0.00     0.00     0.00     0.00 -1    -1e-30      0.00 7.385e-01 2.569e-01 8.131e-04 2.219e-04 2.017e-03 -1.000 4.581e-03 -0.949 -0.830 -0.830 -0.833
0.0045 -0.53140 8.62500 2.6637873650 2.5888835058    2.663  2.290  3.9617  3.373    2  0.000  0.538     0.00     0.00     0.00     0.00     0.00 -1    -1e-30      0.00 7.385e-01 2.569e-01 8.131e-04 2.219e-04 2.017e-03 -1.000 4.581e-03 -0.954 -0.883 -0.876 -0.900
0.0045 -0.53140 8.62500 2.6639986038 2.5888881500    2.664  2.290  3.9498  3.324    2  0.000  0.538     0.00     0.00     0.00     0.00     0.00 -1    -1e-30      0.00 7.385e-01 2.569e-01 8.131e-04 2.219e-04 2.017e-03 -1.000 4.581e-03 -0.956 -0.928 -0.913 -0.961
0.0045 -0.53140 8.62500 2.6642096043 2.5888927882    2.664  2.290  3.9379  3.277    2  0.000  0.538     0.00     0.00     0.00     0.00     0.00 -1    -1e-30      0.00 7.385e-01 2.569e-01 8.131e-04 2.219e-04 2.017e-03 -1.000 4.581e-03 -0.954 -0.966 -0.942 -1.016
0.0045 -0.53140 8.62500 2.6644167900 2.5888973416    2.664  2.288  3.9259  3.231    2  0.000  0.538     0.00     0.00     0.00     0.00     0.00 -1    -1e-30      0.00 7.385e-01 2.569e-01 8.131e-04 2.219e-04 2.017e-03 -1.000 4.581e-03 -0.950 -0.995 -0.960 -1.066
0.0045 -0.53140 8.62500 2.6646165848 2.5889017319    2.664  2.285  3.9139  3.186    2  0.000  0.538     0.00     0.00     0.00     0.00     0.00 -1    -1e-30      0.00 7.385e-01 2.569e-01 8.131e-04 2.219e-04 2.017e-03 -1.000 4.581e-03 -0.943 -1.015 -0.967 -1.109
0.0045 -0.53140 8.62500 2.6648073196 2.5889059224    2.665  2.282  3.9019  3.141    2  0.000  0.538     0.00     0.00     0.00     0.00     0.00 -1    -1e-30      0.00 7.385e-01 2.569e-01 8.131e-04 2.219e-04 2.017e-03 -1.000 4.581e-03 -0.935 -1.027 -0.965 -1.148
0.0045 -0.53140 8.62500 2.6649878025 2.5889098870    2.665  2.278  3.8899  3.097    2  0.000  0.538     0.00     0.00     0.00     0.00     0.00 -1    -1e-30      0.00 7.385e-01 2.569e-01 8.131e-04 2.219e-04 2.017e-03 -1.000 4.581e-03 -0.925 -1.032 -0.955 -1.183
0.0045 -0.53140 8.62500 2.6651573181 2.5889136101    2.665  2.273  3.8780  3.054    2  0.000  0.538     0.00     0.00     0.00     0.00     0.00 -1    -1e-30      0.00 7.385e-01 2.569e-01 8.131e-04 2.219e-04 2.017e-03 -1.000 4.581e-03 -0.913 -1.031 -0.934 -1.213
0.0045 -0.53140 8.62500 2.6653161049 2.5889170971    2.665  2.268  3.8660  3.012    2  0.000  0.538     0.00     0.00     0.00     0.00     0.00 -1    -1e-30      0.00 7.385e-01 2.569e-01 8.131e-04 2.219e-04 2.017e-03 -1.000 4.581e-03 -0.900 -1.024 -0.909 -1.239
0.0045 -0.53140 8.62500 2.6654641628 2.5889203481    2.665  2.262  3.8541  2.970    2  0.000  0.538     0.00     0.00     0.00     0.00     0.00 -1    -1e-30      0.00 7.385e-01 2.569e-01 8.131e-04 2.219e-04 2.017e-03 -1.000 4.581e-03 -0.886 -1.014 -0.879 -1.260
0.0045 -0.53140 8.62500 2.6656022072 2.5889233788    2.665  2.256  3.8422  2.929    2  0.000  0.538     0.00     0.00     0.00     0.00     0.00 -1    -1e-30      0.00 7.385e-01 2.569e-01 8.131e-04 2.219e-04 2.017e-03 -1.000 4.581e-03 -0.870 -1.000 -0.845 -1.276
0.0045 -0.53140 8.62500 2.6657309532 2.5889262051    2.665  2.249  3.8305  2.888    2  0.000  0.538     0.00     0.00     0.00     0.00     0.00 -1    -1e-30      0.00 7.385e-01 2.569e-01 8.131e-04 2.219e-04 2.017e-03 -1.000 4.581e-03 -0.853 -0.983 -0.809 -1.289
0.0045 -0.53140 8.62500 2.6658504009 2.5889288269    2.666  2.242  3.8190  2.850    2  0.000  0.538     0.00     0.00     0.00     0.00     0.00 -1    -1e-30      0.00 7.385e-01 2.569e-01 8.131e-04 2.219e-04 2.017e-03 -1.000 4.581e-03 -0.835 -0.963 -0.769 -1.298
0.0045 -0.53140 8.62500 2.6659619808 2.5889312758    2.666  2.234  3.8080  2.813    2  0.000  0.538     0.00     0.00     0.00     0.00     0.00 -1    -1e-30      0.00 7.385e-01 2.569e-01 8.131e-04 2.219e-04 2.017e-03 -1.000 4.581e-03 -0.816 -0.941 -0.727 -1.304
0.0045 -0.53140 8.62500 2.6660666466 2.5889335728    2.666  2.226  3.7974  2.779    2  0.000  0.538     0.00     0.00     0.00     0.00     0.00 -1    -1e-30      0.00 7.385e-01 2.569e-01 8.131e-04 2.219e-04 2.017e-03 -1.000 4.581e-03 -0.796 -0.916 -0.683 -1.306
0.0045 -0.53140 8.62500 2.6661651134 2.5889357335    2.666  2.218  3.7878  2.749    2  0.000  0.538     0.00     0.00     0.00     0.00     0.00 -1    -1e-30      0.00 7.385e-01 2.569e-01 8.131e-04 2.219e-04 2.017e-03 -1.000 4.581e-03 -0.775 -0.890 -0.638 -1.303
0.0045 -0.53140 8.62500 2.6662600040 2.5889378156    2.666  2.208  3.7794  2.725    2  0.000  0.538     0.00     0.00     0.00     0.00     0.00 -1    -1e-30      0.00 7.385e-01 2.569e-01 8.131e-04 2.219e-04 2.017e-03 -1.000 4.581e-03 -0.751 -0.861 -0.592 -1.294
0.0045 -0.53140 8.62500 2.6663627625 2.5889400701    2.666  2.197  3.7714  2.704    2  0.000  0.538     0.00     0.00     0.00     0.00     0.00 -1    -1e-30      0.00 7.385e-01 2.569e-01 8.131e-04 2.219e-04 2.017e-03 -1.000 4.581e-03 -0.723 -0.825 -0.540 -1.279
0.0045 -0.53140 8.62500 2.6664869785 2.5889427951    2.666  2.182  3.7635  2.688    2  0.000  0.538     0.00     0.00     0.00     0.00     0.00 -1    -1e-30      0.00 7.385e-01 2.569e-01 8.131e-04 2.219e-04 2.017e-03 -1.000 4.581e-03 -0.684 -0.779 -0.478 -1.251
0.0045 -0.53140 8.62500 2.6666576862 2.5889465396    2.666  2.157  3.7545  2.677    2  0.000  0.538     0.00     0.00     0.00     0.00     0.00 -1    -1e-30      0.00 7.385e-01 2.569e-01 8.131e-04 2.219e-04 2.017e-03 -1.000 4.581e-03 -0.621 -0.707 -0.387 -1.199
0.0045 -0.53140 8.62500 2.6668176651 2.5889500482    2.667  2.130  3.7472  2.675    2  0.000  0.538     0.00     0.00     0.00     0.00     0.00 -1    -1e-30      0.00 7.385e-01 2.569e-01 8.131e-04 2.219e-04 2.017e-03 -1.000 4.581e-03 -0.554 -0.630 -0.297 -1.139
0.0045 -0.53140 8.62500 2.6669769287 2.5889535407    2.667  2.103  3.7404  2.675    2  0.000  0.538     0.00     0.00     0.00     0.00     0.00 -1    -1e-30      0.00 7.385e-01 2.569e-01 8.131e-04 2.219e-04 2.017e-03 -1.000 4.581e-03 -0.487 -0.553 -0.206 -1.076
0.0045 -0.53140 8.62500 2.6671483517 2.5889572992    2.667  2.080  3.7332  2.669    2  0.000  0.538     0.00     0.00     0.00     0.00     0.00 -1    -1e-30      0.00 7.385e-01 2.569e-01 8.131e-04 2.219e-04 2.017e-03 -1.000 4.581e-03 -0.431 -0.487 -0.125 -1.026
0.0045 -0.53140 8.62500 2.6672782898 2.5889601478    2.667  2.070  3.7279  2.658    2  0.000  0.538     0.00     0.00     0.00     0.00     0.00 -1    -1e-30      0.00 7.385e-01 2.569e-01 8.131e-04 2.219e-04 2.017e-03 -1.000 4.581e-03 -0.405 -0.453 -0.080 -1.003
0.0045 -0.53140 8.62500 2.6673507690 2.5889617366    2.667  2.074  3.7252  2.643    2  0.000  0.538     0.00     0.00     0.00     0.00     0.00 -1    -1e-30      0.00 7.385e-01 2.569e-01 8.131e-04 2.219e-04 2.017e-03 -1.000 4.581e-03 -0.415 -0.459 -0.079 -1.015
0.0045 -0.53140 8.62500 2.6675715446 2.5889665756    2.667  2.101  3.7174  2.585    3  0.000  0.537     0.00     0.00     0.00     0.00     0.00 -1    -1e-30      0.00 7.385e-01 2.570e-01 8.129e-04 2.220e-04 2.017e-03 -1.000 4.581e-03 -0.482 -0.513 -0.117 -1.086
0.0045 -0.53140 8.62500 2.6677739620 2.5889710114    2.667  2.138  3.7114  2.524    3  0.000  0.535     0.00     0.00     0.00     0.00     0.00 -1    -1e-30      0.00 7.383e-01 2.571e-01 8.090e-04 2.231e-04 2.017e-03 -1.000 4.581e-03 -0.575 -0.595 -0.185 -1.181
0.0045 -0.53140 8.62500 2.6679549217 2.5889749764    2.668  2.172  3.7074  2.474    3  0.000  0.522     0.00     0.00     0.00     0.00     0.00 -1    -1e-30      0.00 7.381e-01 2.573e-01 7.890e-04 2.371e-04 2.017e-03 -1.000 4.581e-03 -0.659 -0.670 -0.251 -1.265
0.0045 -0.53140 8.62500 2.6681807041 2.5889799225    2.668  2.208  3.7035  2.422    3  0.000  0.491     0.00     0.00     0.00     0.00     0.00 -1    -1e-30      0.00 7.378e-01 2.576e-01 7.407e-04 2.852e-04 2.017e-03 -1.000 4.591e-03 -0.751 -0.755 -0.326 -1.358
0.0045 -0.53140 8.62500 2.6684515476 2.5889858545    2.668  2.246  3.6998  2.369    3  0.000  0.447     0.00     0.00     0.00     0.00     0.00 -1    -1e-30      0.00 7.374e-01 2.580e-01 6.745e-04 3.639e-04 2.017e-03 -1.000 4.633e-03 -0.845 -0.842 -0.404 -1.454
0.0045 -0.53140 8.62500 2.6687674522 2.5889927717    2.668  2.288  3.6960  2.313    3  0.000  0.408     0.00     0.00     0.00     0.00     0.00 -1    -1e-30      0.00 7.369e-01 2.585e-01 6.158e-04 4.359e-04 2.017e-03 -1.000 4.660e-03 -0.949 -0.936 -0.489 -1.557
0.0045 -0.53140 8.62500 2.6688153744 2.5889938209    2.669  2.294  3.6955  2.305    3  0.000  0.403     0.00     0.00     0.00     0.00     0.00 -1    -1e-30      0.00 7.368e-01 2.585e-01 6.089e-04 4.445e-04 2.017e-03 -1.000 4.645e-03 -0.964 -0.950 -0.501 -1.573
0.0045 -0.53140 8.62500 2.6688630581 2.5889948648    2.669  2.300  3.6949  2.296    3  0.000  0.399     0.00     0.00     0.00     0.00     0.00 -1    -1e-30      0.00 7.367e-01 2.586e-01 6.026e-04 4.523e-04 2.016e-03 -1.000 4.631e-03 -0.980 -0.965 -0.514 -1.588
0.0045 -0.53140 8.62500 2.6690676212 2.5889993426    2.669  2.326  3.6927  2.261    3  0.000  0.385     0.00     0.00     0.00     0.00     0.00 -1    -1e-30      0.00 7.364e-01 2.589e-01 5.809e-04 4.791e-04 2.016e-03 -1.000 4.672e-03 -1.046 -1.026 -0.569 -1.654
0.0045 -0.53140 8.62500 2.6693744659 2.5890060579    2.669  2.366  3.6894  2.208    3  0.000  0.368     0.00     0.00     0.00     0.00     0.00 -1    -1e-30      0.00 7.359e-01 2.595e-01 5.559e-04 5.099e-04 2.016e-03 -1.000 4.634e-03 -1.146 -1.118 -0.653 -1.754
0.0045 -0.53140 8.62500 2.6697320938 2.5890138823    2.669  2.414  3.6857  2.146    3  0.000  0.356     0.00     0.00     0.00     0.00     0.00 -1    -1e-30      0.00 7.349e-01 2.605e-01 5.342e-04 5.500e-04 2.000e-03 -1.000 4.639e-03 -1.264 -1.225 -0.750 -1.870
0.0045 -0.53140 8.62500 2.6700384617 2.5890205833    2.670  2.454  3.6825  2.093    3  0.000  0.352     0.00     0.00     0.00     0.00     0.00 -1    -1e-30      0.00 7.325e-01 2.628e-01 5.203e-04 5.967e-04 1.966e-03 -1.000 4.653e-03 -1.365 -1.317 -0.833 -1.969
0.0045 -0.53140 8.62500 2.6703448296 2.5890272826    2.670  2.494  3.6795  2.041    3  0.000  0.351     0.00     0.00     0.00     0.00     0.00 -1    -1e-30      0.00 7.288e-01 2.665e-01 5.088e-04 6.457e-04 1.926e-03 -1.000 4.676e-03 -1.465 -1.408 -0.917 -2.068
0.0045 -0.53140 8.62500 2.6706507206 2.5890339696    2.670  2.534  3.6766  1.989    3  0.000  0.351     4.15     3.01     2.25     1.65     1.35  4    -1e-30      0.00 7.245e-01 2.708e-01 4.992e-04 6.884e-04 1.891e-03 -1.000 4.667e-03 -1.565 -1.500 -0.999 -2.167
0.0045 -0.53140 8.62500 2.6710076332 2.5890417698    2.671  2.581  3.6731  1.928    3  0.000  0.351     4.68     3.36     2.50     1.84     1.50  4    -1e-30      0.00 7.195e-01 2.758e-01 4.903e-04 7.280e-04 1.858e-03 -1.000 4.642e-03 -1.683 -1.609 -1.097 -2.284
0.0045 -0.53140 8.62500 2.6713132858 2.5890484478    2.671  2.622  3.6701  1.875    3  0.000  0.351     5.18     3.69     2.74     2.02     1.64  4    -1e-30      0.00 7.156e-01 2.797e-01 4.845e-04 7.542e-04 1.837e-03 -1.000 4.653e-03 -1.784 -1.702 -1.181 -2.386
0.0045 -0.53140 8.62500 2.6715805531 2.5890542858    2.671  2.657  3.6674  1.829    3  0.000  0.351     5.67     4.01     2.97     2.18     1.78  4    -1e-30      0.00 7.128e-01 2.826e-01 4.806e-04 7.715e-04 1.822e-03 -1.000 4.613e-03 -1.873 -1.782 -1.252 -2.472
0.0045 -0.53140 8.62500 2.6718432903 2.5890600234    2.672  2.690  3.6649  1.787    3  0.000  0.351     6.17     4.33     3.19     2.35     1.92  4    -1e-30      0.00 7.104e-01 2.850e-01 4.776e-04 7.848e-04 1.812e-03 -1.000 4.601e-03 -1.954 -1.856 -1.318 -2.552
0.0045 -0.53140 8.62500 2.6721076965 2.5890657962    2.672  2.715  3.6630  1.754    3  0.000  0.351     6.58     4.60     3.38     2.49     2.04  4    -1e-30      0.00 7.085e-01 2.868e-01 4.754e-04 7.946e-04 1.803e-03 -1.000 4.630e-03 -2.018 -1.914 -1.369 -2.615
0.0045 -0.53140 8.62500 2.6724543571 2.5890733629    2.672  2.699  3.6643  1.775    3  0.000  0.351     6.30     4.42     3.26     2.40     1.96  4    -1e-30      0.00 7.085e-01 2.868e-01 4.754e-04 7.949e-04 1.803e-03 -1.000 4.646e-03 -1.977 -1.877 -1.337 -2.575
0.0045 -0.53140 8.62500 2.6733269691 2.5890923997    2.673  2.666  3.6671  1.820    4  0.000  0.351     0.00     0.00     0.00     0.00     0.00 -1    -1e-30      0.00 7.085e-01 2.868e-01 4.753e-04 7.950e-04 1.803e-03 -1.000 4.645e-03 -1.894 -1.803 -1.272 -2.494
0.0045 -0.53140 8.62500 2.6749117374 2.5891269363    2.675  2.627  3.6703  1.872    4  0.000  0.351     0.00     0.00     0.00     0.00     0.00 -1    -1e-30      0.00 7.085e-01 2.868e-01 4.753e-04 7.951e-04 1.803e-03 -1.000 4.644e-03 -1.797 -1.716 -1.195 -2.399
0.0045 -0.53140 8.62500 2.6763310432 2.5891578271    2.676  2.594  3.6731  1.915    4  0.000  0.351     0.00     0.00     0.00     0.00     0.00 -1    -1e-30      0.00 7.085e-01 2.868e-01 4.753e-04 7.951e-04 1.803e-03 -1.000 4.644e-03 -1.716 -1.642 -1.130 -2.319
0.0045 -0.53140 8.62500 2.6775317192 2.5891839301    2.677  2.563  3.6756  1.958    4  0.000  0.351     0.00     0.00     0.00     0.00     0.00 -1    -1e-30      0.00 7.086e-01 2.868e-01 4.753e-04 7.952e-04 1.803e-03 -1.000 4.643e-03 -1.636 -1.569 -1.065 -2.239
0.0045 -0.53140 8.62500 2.6785383224 2.5892057932    2.678  2.532  3.6781  1.998    4  0.000  0.351     0.00     0.00     0.00     0.00     0.00 -1    -1e-30      0.00 7.086e-01 2.868e-01 4.753e-04 7.952e-04 1.803e-03 -1.000 4.643e-03 -1.560 -1.499 -1.003 -2.163
0.0045 -0.53140 8.62500 2.6794474125 2.5892255220    2.679  2.502  3.6805  2.038    4  0.000  0.351     0.00     0.00     0.00     0.00     0.00 -1    -1e-30      0.00 7.086e-01 2.868e-01 4.753e-04 7.952e-04 1.803e-03 -1.000 4.642e-03 -1.486 -1.433 -0.943 -2.090
0.0045 -0.53140 8.62500 2.6803679466 2.5892454836    2.680  2.471  3.6830  2.079    4  0.000  0.351     0.00     0.00     0.00     0.00     0.00 -1    -1e-30      0.00 7.086e-01 2.868e-01 4.753e-04 7.953e-04 1.803e-03 -1.000 4.642e-03 -1.408 -1.362 -0.879 -2.013
0.0045 -0.53140 8.62500 2.6814756393 2.5892694827    2.681  2.433  3.6861  2.130    4  0.000  0.351     0.00     0.00     0.00     0.00     0.00 -1    -1e-30      0.00 7.086e-01 2.868e-01 4.753e-04 7.953e-04 1.803e-03 -1.000 4.641e-03 -1.312 -1.275 -0.800 -1.919
0.0045 -0.53140 8.62500 2.6824438572 2.5892904413    2.682  2.400  3.6888  2.174    4  0.000  0.351     0.00     0.00     0.00     0.00     0.00 -1    -1e-30      0.00 7.086e-01 2.868e-01 4.753e-04 7.954e-04 1.803e-03 -1.000 4.641e-03 -1.230 -1.200 -0.733 -1.838
0.0045 -0.53140 8.62500 2.6834990978 2.5893132639    2.683  2.366  3.6916  2.219    4  0.000  0.351     0.00     0.00     0.00     0.00     0.00 -1    -1e-30      0.00 7.086e-01 2.868e-01 4.753e-04 7.954e-04 1.803e-03 -1.000 4.640e-03 -1.144 -1.121 -0.662 -1.753
0.0045 -0.53140 8.62500 2.6846919060 2.5893390369    2.684  2.330  3.6946  2.267    4  0.000  0.351     0.00     0.00     0.00     0.00     0.00 -1    -1e-30      0.00 7.086e-01 2.867e-01 4.753e-04 7.954e-04 1.803e-03 -1.000 4.640e-03 -1.056 -1.040 -0.588 -1.665
0.0045 -0.53140 8.62500 2.6861295700 2.5893700655    2.686  2.293  3.6978  2.317    4  0.000  0.351     0.00     0.00     0.00     0.00     0.00 -1    -1e-30      0.00 7.086e-01 2.867e-01 4.753e-04 7.955e-04 1.803e-03 -1.000 4.639e-03 -0.964 -0.955 -0.512 -1.573
0.0045 -0.53140 8.62500 2.6884620190 2.5894203248    2.688  2.247  3.7024  2.382    4  0.000  0.351     0.00     0.00     0.00     0.00     0.00 -1    -1e-30      0.00 7.086e-01 2.867e-01 4.753e-04 7.956e-04 1.803e-03 -1.000 4.638e-03 -0.849 -0.851 -0.419 -1.457
0.0045 -0.53140 8.62500 2.6918227673 2.5894925656    2.692  2.209  3.7077  2.441    4  0.000  0.351     0.00     0.00     0.00     0.00     0.00 -1    -1e-30      0.00 7.087e-01 2.867e-01 4.753e-04 7.957e-04 1.802e-03 -1.000 4.636e-03 -0.754 -0.766 -0.348 -1.361
0.0045 -0.53140 8.62500 2.6964409351 2.5895914976    2.696  2.187  3.7140  2.490    4  0.000  0.351     0.00     0.00     0.00     0.00     0.00 -1    -1e-30      0.00 7.087e-01 2.866e-01 4.753e-04 7.958e-04 1.802e-03 -1.000 4.634e-03 -0.696 -0.721 -0.317 -1.301
0.0045 -0.53140 8.62500 2.6985478401 2.5896365031    2.698  2.195  3.7165  2.492    4  0.000  0.351     0.00     0.00     0.00     0.00     0.00 -1    -1e-30      0.00 7.087e-01 2.866e-01 4.753e-04 7.959e-04 1.802e-03 -1.000 4.633e-03 -0.718 -0.747 -0.349 -1.322
0.0045 -0.53140 8.62500 2.7040119171 2.5897528452    2.704  2.224  3.7230  2.490    5  0.000  0.351     0.00     0.00     0.00     0.00     0.00 -1    -1e-30      0.00 7.088e-01 2.866e-01 4.753e-04 7.961e-04 1.802e-03 -1.000 4.631e-03 -0.790 -0.830 -0.447 -1.391
0.0045 -0.53140 8.62500 2.7071003914 2.5898183667    2.707  2.246  3.7266  2.483    5  0.000  0.351     0.00     0.00     0.00     0.00     0.00 -1    -1e-30      0.00 7.088e-01 2.866e-01 4.753e-04 7.962e-04 1.802e-03 -1.000 4.629e-03 -0.845 -0.892 -0.516 -1.445
0.0045 -0.53140 8.62500 2.7105221748 2.5898907589    2.710  2.263  3.7288  2.476    5  0.000  0.351     0.00     0.00     0.00     0.00     0.00 -1    -1e-30      0.00 7.088e-01 2.865e-01 4.753e-04 7.963e-04 1.802e-03 -1.000 4.627e-03 -0.887 -0.937 -0.566 -1.485
0.0045 -0.53140 8.62500 2.7352821827 2.5904083874    2.735  2.330  3.7311  2.422    5  0.000  0.351     0.00     0.00     0.00     0.00     0.00 -1    -1e-30      0.00 7.091e-01 2.863e-01 4.752e-04 7.972e-04 1.801e-03 -1.000 4.616e-03 -1.054 -1.109 -0.742 -1.652
0.0045 -0.53140 8.62500 2.7570302486 2.5908542396    2.757  2.388  3.7324  2.372    5  0.000  0.351     0.00     0.00     0.00     0.00     0.00 -1    -1e-30      0.00 7.092e-01 2.862e-01 4.752e-04 7.979e-04 1.800e-03 -1.000 4.606e-03 -1.199 -1.257 -0.893 -1.798
0.0045 -0.53140 8.62500 2.7816536427 2.5913493732    2.782  2.450  3.7326  2.315    5  0.000  0.351     0.00     0.00     0.00     0.00     0.00 -1    -1e-30      0.00 7.094e-01 2.860e-01 4.752e-04 7.988e-04 1.799e-03 -1.000 4.594e-03 -1.354 -1.414 -1.050 -1.954
0.0045 -0.53140 8.62500 2.7842142582 2.5914002849    2.784  2.456  3.7325  2.309    5  0.000  0.351     0.00     0.00     0.00     0.00     0.00 -1    -1e-30      0.00 7.095e-01 2.859e-01 4.752e-04 7.988e-04 1.799e-03 -1.000 4.593e-03 -1.370 -1.429 -1.065 -1.970
0.0045 -0.53140 8.62500 2.7893545628 2.5915021631    2.789  2.464  3.7310  2.295    5  0.000  0.351     0.00     0.00     0.00     0.00     0.00 -1    -1e-30      0.00 7.095e-01 2.859e-01 4.751e-04 7.990e-04 1.799e-03 -1.000 4.591e-03 -1.390 -1.447 -1.079 -1.991
0.0045 -0.53140 8.62500 2.8103461266 2.5919137601    2.810  2.491  3.7229  2.239    6  0.000  0.352     0.00     0.00     0.00     0.00     0.00 -1    -1e-30      0.00 7.097e-01 2.857e-01 4.751e-04 7.997e-04 1.798e-03 -1.000 4.581e-03 -1.458 -1.503 -1.117 -2.065
0.0045 -0.53140 8.62500 2.8178045750 2.5920583064    2.818  2.492  3.7170  2.217    6  0.000  0.352     0.00     0.00     0.00     0.00     0.00 -1    -1e-30      0.00 7.098e-01 2.857e-01 4.752e-04 7.997e-04 1.798e-03 -1.000 4.581e-03 -1.459 -1.493 -1.093 -2.069
0.0045 -0.53140 8.62500 2.8225231171 2.5921492992    2.823  2.484  3.7108  2.200    6  0.000  0.352     0.00     0.00     0.00     0.00     0.00 -1    -1e-30      0.00 7.098e-01 2.856e-01 4.752e-04 7.997e-04 1.798e-03 -1.000 4.581e-03 -1.439 -1.461 -1.047 -2.050
0.0045 -0.53140 8.62500 2.8250265121 2.5921974330    2.825  2.477  3.7060  2.188    6  0.000  0.352     0.00     0.00     0.00     0.00     0.00 -1    -1e-30      0.00 7.098e-01 2.856e-01 4.752e-04 7.997e-04 1.798e-03 -1.000 4.581e-03 -1.422 -1.433 -1.008 -2.034
0.0045 -0.53140 8.62500 2.8270473480 2.5922362169    2.827  2.491  3.6961  2.135    6  0.000  0.352     0.00     0.00     0.00     0.00     0.00 -1    -1e-30      0.00 7.099e-01 2.856e-01 4.752e-04 7.997e-04 1.798e-03 -1.000 4.581e-03 -1.458 -1.447 -0.997 -2.069
0.0045 -0.53140 8.62500 2.8275663853 2.5922461680    2.828  2.533  3.6888  2.063    6  0.000  0.352     0.00     0.00     0.00     0.00     0.00 -1    -1e-30      0.00 7.099e-01 2.856e-01 4.753e-04 7.997e-04 1.798e-03 -1.000 4.581e-03 -1.564 -1.535 -1.066 -2.174
0.0045 -0.53140 8.62500 2.8276274204 2.5922473379    2.828  2.547  3.6869  2.042    6  0.000  0.352     0.00     0.00     0.00     0.00     0.00 -1    -1e-30      0.00 7.099e-01 2.856e-01 4.753e-04 7.997e-04 1.798e-03 -1.000 4.581e-03 -1.598 -1.564 -1.091 -2.207
0.0045 -0.53140 8.62500 2.8276901245 2.5922485397    2.828  2.578  3.6837  1.998    7  0.000  0.352     4.02     3.00     2.25     1.65     1.34  4    -1e-30      0.00 7.099e-01 2.856e-01 4.753e-04 7.997e-04 1.798e-03 -1.000 4.581e-03 -1.676 -1.632 -1.150 -2.283
0.0045 -0.53140 8.62500 2.8277571201 2.5922498238    2.828  2.617  3.6801  1.945    7  0.000  0.352     4.46     3.30     2.47     1.81     1.47  4    -1e-30      0.00 7.099e-01 2.856e-01 4.753e-04 7.997e-04 1.798e-03 -1.000 4.581e-03 -1.772 -1.720 -1.228 -2.379
0.0045 -0.53140 8.62500 2.8279702663 2.5922539084    2.828  2.639  3.6781  1.915    7  0.000  0.352     4.74     3.49     2.60     1.91     1.55  4    -1e-30      0.00 7.099e-01 2.856e-01 4.753e-04 7.997e-04 1.798e-03 -1.000 4.581e-03 -1.828 -1.771 -1.272 -2.435
0.0045 -0.53140 8.62500 2.8288393021 2.5922705548    2.829  2.612  3.6806  1.952    7  0.000  0.352     4.40     3.26     2.44     1.78     1.46  4    -1e-30      0.00 7.099e-01 2.855e-01 4.753e-04 7.997e-04 1.798e-03 -1.000 4.581e-03 -1.759 -1.709 -1.218 -2.367
0.0045 -0.53140 8.62500 2.8294463158 2.5922821753    2.829  2.648  3.6769  1.901    7  0.000  0.352     4.87     3.58     2.66     1.95     1.59  4    -1e-30      0.00 7.099e-01 2.855e-01 4.753e-04 7.997e-04 1.798e-03 -1.000 4.582e-03 -1.851 -1.790 -1.288 -2.458
0.0045 -0.53140 8.62500 2.8298227787 2.5922893792    2.830  2.686  3.6734  1.849    7  0.000  0.352     5.39     3.93     2.91     2.14     1.74  4    -1e-30      0.00 7.099e-01 2.855e-01 4.753e-04 7.997e-04 1.798e-03 -1.000 4.581e-03 -1.945 -1.875 -1.362 -2.552
0.0045 -0.53140 8.62500 2.8302369118 2.5922973015    2.830  2.724  3.6702  1.798    7  0.000  0.352     5.96     4.31     3.18     2.34     1.91  4    -1e-30      0.00 7.099e-01 2.855e-01 4.753e-04 7.997e-04 1.798e-03 -1.000 4.582e-03 -2.041 -1.962 -1.438 -2.646
0.0045 -0.53140 8.62500 2.8307147026 2.5923064383    2.831  2.763  3.6666  1.745    7  0.000  0.352     6.63     4.74     3.49     2.57     2.10  4    -1e-30      0.00 7.099e-01 2.855e-01 4.753e-04 7.997e-04 1.798e-03 -1.000 4.581e-03 -2.138 -2.048 -1.513 -2.741
0.0045 -0.53140 8.62500 2.8312122822 2.5923159496    2.831  2.804  3.6631  1.691    7  0.000  0.352     7.37     5.23     3.83     2.82     2.31  4    -1e-30      0.00 7.099e-01 2.855e-01 4.753e-04 7.997e-04 1.798e-03 -1.000 4.582e-03 -2.239 -2.137 -1.592 -2.838
0.0045 -0.53140 8.62500 2.8316879272 2.5923250381    2.832  2.844  3.6597  1.637    7  0.000  0.352     8.20     5.77     4.21     3.10     2.54  4    -1e-30      0.00 7.099e-01 2.855e-01 4.752e-04 7.997e-04 1.798e-03 -1.000 4.582e-03 -2.340 -2.226 -1.670 -2.936
0.0045 -0.53140 8.62500 2.8321361542 2.5923335995    2.832  2.884  3.6562  1.582    7  0.000  0.352     9.13     6.36     4.62     3.41     2.79  4    -1e-30      0.00 7.099e-01 2.855e-01 4.751e-04 7.998e-04 1.798e-03 -1.000 4.581e-03 -2.441 -2.314 -1.747 -3.032
0.0045 -0.53140 8.62500 2.8325545788 2.5923415889    2.833  2.925  3.6526  1.528    7  0.000  0.351    10.18     7.03     5.08     3.76     3.07  4    -1e-30      0.00 7.099e-01 2.855e-01 4.747e-04 8.001e-04 1.798e-03 -1.000 4.582e-03 -2.543 -2.401 -1.823 -3.127
0.0045 -0.53140 8.62500 2.8329389095 2.5923489248    2.833  2.966  3.6485  1.470    7  0.000  0.351    11.40     7.79     5.61     4.16     3.40  4 -1.09e-26      0.00 7.099e-01 2.855e-01 4.738e-04 8.010e-04 1.798e-03 -1.000 4.620e-03 -2.644 -2.484 -1.893 -3.221
0.0045 -0.53140 8.62500 2.8332905769 2.5923556353    2.833  3.007  3.6450  1.416    7  0.000  0.349    12.70     8.60     6.16     4.58     3.74  4 -2.68e-26      0.00 7.099e-01 2.855e-01 4.722e-04 8.027e-04 1.798e-03 -1.000 4.624e-03 -2.746 -2.569 -1.965 -3.315
0.0045 -0.53140 8.62500 2.8336100578 2.5923617300    2.834  3.047  3.6414  1.361    7  0.000  0.348    14.16     9.50     6.77     5.04     4.12  4 -2.79e-26      0.00 7.099e-01 2.855e-01 4.705e-04 8.047e-04 1.798e-03 -1.000 4.624e-03 -2.849 -2.655 -2.037 -3.410
0.0045 -0.53140 8.62500 2.8338975906 2.5923672138    2.834  3.088  3.6363  1.300    7  0.000  0.347    15.97    10.61     7.53     5.61     4.59  4 -1.47e-12      0.00 7.099e-01 2.854e-01 4.692e-04 8.064e-04 1.798e-03 -1.000 4.687e-03 -2.950 -2.730 -2.094 -3.499
0.0045 -0.53140 8.62500 2.8341591358 2.5923722009    2.834  3.129  3.6327  1.245    7  0.000  0.346    17.81    11.72     8.28     6.17     5.05  4 -1.11e-10      0.00 7.099e-01 2.854e-01 4.677e-04 8.082e-04 1.798e-03 -1.000 4.696e-03 -3.051 -2.812 -2.162 -3.591
0.0045 -0.53140 8.62500 2.8343997002 2.5923767870    2.834  3.169  3.6291  1.190    7  0.000  0.345    19.84    12.94     9.10     6.80     5.56  4 -2.06e-09      0.00 7.099e-01 2.854e-01 4.664e-04 8.098e-04 1.798e-03 -1.000 4.763e-03 -3.152 -2.894 -2.230 -3.682
0.0045 -0.53140 8.62500 2.8346221447 2.5923810268    2.833  3.209  3.6256  1.136    7  0.000  0.344    22.08    14.27     9.99     7.47     6.12  4  -4.8e-09      0.00 7.099e-01 2.854e-01 4.653e-04 8.112e-04 1.798e-03 -1.000 4.764e-03 -3.253 -2.975 -2.297 -3.773
0.0045 -0.53140 8.62500 2.8348286152 2.5923849615    2.833  3.250  3.6222  1.082    7  0.000  0.343    24.57    15.74    10.97     8.22     6.73  4 -6.26e-09      0.00 7.099e-01 2.854e-01 4.643e-04 8.126e-04 1.798e-03 -1.000 4.768e-03 -3.354 -3.056 -2.363 -3.863
0.0045 -0.53140 8.62500 2.8350191116 2.5923885913    2.833  3.290  3.6187  1.027    7  0.000  0.343    27.36    17.36    12.04     9.04     7.40  4 -7.62e-09      0.00 7.099e-01 2.854e-01 4.634e-04 8.139e-04 1.797e-03 -1.000 4.773e-03 -3.454 -3.135 -2.428 -3.953
0.0045 -0.53140 8.62500 2.8351950645 2.5923919433    2.832  3.330  3.6153  0.973    7  0.000  0.342    30.43    19.13    13.22     9.93     8.14  4 -9.15e-09      0.00 7.099e-01 2.854e-01 4.627e-04 8.153e-04 1.797e-03 -1.000 4.774e-03 -3.555 -3.215 -2.492 -4.042
0.0045 -0.53140 8.62500 2.8353576660 2.5923950407    2.832  3.370  3.6119  0.920    7  0.000  0.342    33.85    21.09    14.50    10.91     8.94  4  -1.1e-08      0.00 7.099e-01 2.854e-01 4.621e-04 8.167e-04 1.796e-03 -1.000 4.776e-03 -3.655 -3.292 -2.553 -4.130
0.0045 -0.53140 8.62500 2.8355081081 2.5923979060    2.831  3.410  3.6083  0.865    7  0.000  0.342    37.67    23.26    15.92    12.00     9.83  4 -1.32e-08      0.00 7.098e-01 2.854e-01 4.615e-04 8.183e-04 1.795e-03 -1.000 4.779e-03 -3.755 -3.368 -2.612 -4.218
0.0045 -0.53140 8.62500 2.8356490135 2.5924005894    2.831  3.450  3.6049  0.812    7  0.000  0.342    41.89    25.63    17.47    13.19    10.81  3 -1.58e-08      0.00 7.098e-01 2.855e-01 4.610e-04 8.200e-04 1.794e-03 -1.000 4.717e-03 -3.854 -3.444 -2.670 -4.304
0.0045 -0.53140 8.62500 2.8357803822 2.5924030908    2.830  3.490  3.6013  0.758    7  0.000  0.342    46.61    28.26    19.18    14.49    11.88  3 -1.89e-08      0.00 7.097e-01 2.855e-01 4.606e-04 8.216e-04 1.792e-03 -1.000 4.775e-03 -3.954 -3.519 -2.727 -4.391
0.0045 -0.53140 8.62500 2.8359031677 2.5924054287    2.829  3.529  3.5978  0.704    7  0.000  0.342    51.85    31.15    21.05    15.93    13.07  3 -2.26e-08      0.00 7.097e-01 2.856e-01 4.602e-04 8.233e-04 1.791e-03 -1.000 4.780e-03 -4.053 -3.593 -2.781 -4.475
0.0045 -0.53140 8.62500 2.8360183239 2.5924076210    2.828  3.569  3.5941  0.649    7  0.000  0.342    57.76    34.38    23.13    17.53    14.38  3  -2.7e-08      0.00 7.096e-01 2.856e-01 4.598e-04 8.247e-04 1.790e-03 -1.000 4.719e-03 -4.152 -3.663 -2.831 -4.558
0.0045 -0.53140 8.62500 2.8361272812 2.5924096951    2.827  3.608  3.5904  0.595    7  0.000  0.342    64.30    37.92    25.40    19.28    15.82  3 -3.23e-08      0.00 7.095e-01 2.857e-01 4.595e-04 8.261e-04 1.788e-03 -1.000 4.719e-03 -4.250 -3.734 -2.881 -4.641
0.0045 -0.53140 8.62500 2.8362307549 2.5924116647    2.825  3.648  3.5867  0.540    7  0.000  0.342    71.59    41.84    27.90    21.21    17.41  3  -3.9e-08      0.00 7.094e-01 2.859e-01 4.592e-04 8.273e-04 1.788e-03 -1.000 4.718e-03 -4.349 -3.802 -2.926 -4.722
0.0045 -0.53140 8.62500 2.8363294601 2.5924135433    2.824  3.687  3.5828  0.485    7  0.000  0.342    79.78    46.20    30.67    23.35    19.17  3 -4.75e-08      0.00 7.093e-01 2.860e-01 4.590e-04 8.284e-04 1.787e-03 -1.000 4.714e-03 -4.447 -3.867 -2.967 -4.801
0.0045 -0.53140 8.62500 2.8364243507 2.5924153493    2.822  3.726  3.5790  0.431    7  0.000  0.342    88.86    50.98    33.69    25.69    21.09  2 -5.79e-08      0.00 7.091e-01 2.861e-01 4.588e-04 8.293e-04 1.786e-03 -1.000 4.759e-03 -4.545 -3.931 -3.003 -4.880
0.0045 -0.53140 8.62500 2.8365163803 2.5924171006    2.819  3.765  3.5751  0.376    7  0.000  0.342    99.05    56.30    37.04    28.29    23.23  2 -7.07e-08      0.00 7.090e-01 2.862e-01 4.586e-04 8.303e-04 1.785e-03 -1.000 4.765e-03 -4.642 -3.989 -3.028 -4.954
0.0045 -0.53140 8.62500 2.8366184235 2.5924190423    2.816  3.808  3.5706  0.314    7  0.000  0.342   111.77    62.88    41.16    31.49    25.87  2 -1.03e-07      0.00 7.088e-01 2.864e-01 4.584e-04 8.311e-04 1.784e-03 -1.000 4.777e-03 -4.749 -4.053 -3.055 -5.037
0.0045 -0.53140 8.62500 2.8367180824 2.5924209385    2.810  3.848  3.5663  0.256    7  0.000  0.342   125.49    69.91    45.54    34.89    28.67  2 -1.51e-07      0.00 7.087e-01 2.866e-01 4.582e-04 8.318e-04 1.784e-03 -1.000 4.769e-03 -4.851 -4.105 -3.063 -5.110
0.0045 -0.53140 8.62500 2.8368244171 2.5924229616    2.802  3.886  3.5619  0.199    7  0.000  0.342   140.19    77.36    50.17    38.50    31.64  2 -2.14e-07      0.00 7.085e-01 2.867e-01 4.582e-04 8.323e-04 1.784e-03 -1.000 4.771e-03 -4.945 -4.150 -3.062 -5.175
0.0045 -0.53140 8.62500 2.8369789124 2.5924259006    2.784  3.897  3.5605  0.179    7  0.000  0.342   145.48    80.02    51.80    39.78    32.70  2 -2.35e-07      0.00 7.084e-01 2.868e-01 4.581e-04 8.326e-04 1.783e-03 -1.000 4.775e-03 -4.972 -4.160 -3.057 -5.193
0.0045 -0.53140 8.62500 2.8369958401 2.5924262226    2.782  3.875  3.5628  0.210    7  0.000  0.342   136.88    75.67    49.11    37.68    30.97  2 -1.86e-07      0.00 7.084e-01 2.868e-01 4.581e-04 8.326e-04 1.783e-03 -1.000 4.774e-03 -4.918 -4.134 -3.056 -5.155
0.0045 -0.53140 8.62500 2.8370065689 2.5924264267    2.781  3.853  3.5651  0.241    7  0.000  0.342   128.76    71.54    46.55    35.69    29.33  2 -1.48e-07      0.00 7.084e-01 2.868e-01 4.581e-04 8.326e-04 1.783e-03 -1.000 4.774e-03 -4.863 -4.104 -3.050 -5.114
0.0045 -0.53140 8.62500 2.8370177746 2.5924266398    2.780  3.831  3.5674  0.273    7  0.000  0.342   120.99    67.57    44.08    33.77    27.74  2 -1.17e-07      0.00 7.084e-01 2.868e-01 4.581e-04 8.326e-04 1.783e-03 -1.000 4.773e-03 -4.807 -4.074 -3.044 -5.073
0.0045 -0.53140 8.62500 2.8370280266 2.5924268348    2.779  3.851  3.5653  0.244    7  0.000  0.342   128.16    71.23    46.36    35.54    29.20  2 -1.43e-07      0.00 7.084e-01 2.868e-01 4.581e-04 8.326e-04 1.783e-03 -1.000 4.773e-03 -4.858 -4.102 -3.049 -5.111
0.0045 -0.53140 8.62500 2.8370416164 2.5924270933    2.778  3.873  3.5630  0.212    7  0.000  0.342   136.25    75.34    48.91    37.53    30.84  2 -1.82e-07      0.00 7.084e-01 2.868e-01 4.581e-04 8.326e-04 1.783e-03 -1.000 4.772e-03 -4.913 -4.130 -3.054 -5.150
0.0045 -0.53140 8.62500 2.8370625973 2.5924274924    2.776  3.895  3.5606  0.181    7  0.000  0.342   144.88    79.70    51.61    39.63    32.57  2 -2.26e-07      0.00 7.084e-01 2.868e-01 4.581e-04 8.327e-04 1.783e-03 -1.000 4.772e-03 -4.967 -4.157 -3.055 -5.188
0.0045 -0.53140 8.62500 2.8370745182 2.5924277192    2.774  3.893  3.5608  0.184    7  0.000  0.342   144.21    79.37    51.40    39.47    32.44  2 -2.22e-07      0.00 7.084e-01 2.868e-01 4.581e-04 8.327e-04 1.783e-03 -1.000 4.771e-03 -4.962 -4.154 -3.054 -5.185
0.0045 -0.53140 8.62500 2.8370749950 2.5924277282    2.774  3.870  3.5633  0.217    7  0.000  0.342   135.07    74.74    48.53    37.24    30.60  2 -1.75e-07      0.00 7.084e-01 2.868e-01 4.581e-04 8.327e-04 1.783e-03 -1.000 4.771e-03 -4.904 -4.125 -3.051 -5.144
0.0045 -0.53140 8.62500 2.8370752335 2.5924277328    2.774  3.844  3.5660  0.253    7  0.000  0.342   125.68    69.96    45.56    34.92    28.70  2 -1.36e-07      0.00 7.084e-01 2.868e-01 4.581e-04 8.327e-04 1.783e-03 -1.000 4.771e-03 -4.839 -4.091 -3.046 -5.097
0.0045 -0.53140 8.62500 2.8370754719 2.5924277373    2.774  3.836  3.5668  0.264    7  0.000  0.342   122.95    68.56    44.69    34.25    28.14  2 -1.25e-07      0.00 7.084e-01 2.868e-01 4.581e-04 8.327e-04 1.783e-03 -1.000 4.771e-03 -4.820 -4.080 -3.044 -5.082
0.0045 -0.53140 8.62500 2.8370785713 2.5924277963    2.774  3.855  3.5648  0.237    7  0.000  0.342   129.76    72.04    46.86    35.93    29.52  2 -1.52e-07      0.00 7.084e-01 2.868e-01 4.581e-04 8.327e-04 1.783e-03 -1.000 4.771e-03 -4.868 -4.106 -3.048 -5.117
0.0045 -0.53140 8.62500 2.8370809555 2.5924278416    2.773  3.878  3.5624  0.205    7  0.000  0.342   138.26    76.36    49.53    38.02    31.24  2 -1.93e-07      0.00 7.084e-01 2.868e-01 4.581e-04 8.327e-04 1.783e-03 -1.000 4.771e-03 -4.925 -4.135 -3.052 -5.158
0.0045 -0.53140 8.62500 2.8370845318 2.5924279096    2.773  3.901  3.5599  0.171    7  0.000  0.342   147.73    81.14    52.49    40.32    33.14  2 -2.45e-07      0.00 7.084e-01 2.868e-01 4.581e-04 8.327e-04 1.783e-03 -1.000 4.771e-03 -4.983 -4.164 -3.053 -5.199
0.0045 -0.53140 8.62500 2.8370900154 2.5924280139    2.772  3.922  3.5574  0.140    7  0.000  0.342   156.98    85.79    55.36    42.56    34.99  2 -3.04e-07      0.00 7.084e-01 2.868e-01 4.581e-04 8.327e-04 1.783e-03 -1.000 4.771e-03 -5.035 -4.183 -3.040 -5.232
0.0045 -0.53140 8.62500 2.8371028900 2.5924282588    2.770  3.938  3.5556  0.117    7  0.000  0.342   164.46    89.53    57.66    44.36    36.47  2 -3.66e-07      0.00 7.084e-01 2.868e-01 4.581e-04 8.327e-04 1.783e-03 -1.000 4.771e-03 -5.075 -4.197 -3.028 -5.257
0.0045 -0.53140 8.62500 2.8371160030 2.5924285082    2.767  3.900  3.5599  0.172    7  0.000  0.342   147.44    80.99    52.40    40.25    33.09  2 -2.45e-07      0.00 7.084e-01 2.868e-01 4.581e-04 8.327e-04 1.783e-03 -1.000 4.771e-03 -4.979 -4.160 -3.050 -5.195
0.0045 -0.53140 8.62500 2.8371162415 2.5924285128    2.767  3.968  3.5521  0.072    7  0.000  0.342   179.42    96.98    62.23    47.94    39.42  2 -5.03e-07      0.00 7.084e-01 2.868e-01 4.581e-04 8.327e-04 1.783e-03 -1.000 4.770e-03 -5.150 -4.223 -3.005 -5.303
0.0045 -0.53140 8.62500 2.8371164799 2.5924285173    2.767  3.995  3.5488  0.032    7  0.000  0.342   194.26   104.31    66.72    51.45    42.31  2 -6.57e-07      0.00 7.084e-01 2.868e-01 4.581e-04 8.327e-04 1.783e-03 -1.000 4.771e-03 -5.218 -4.244 -2.974 -5.342
0.0045 -0.53140 8.62500 2.8371167183 2.5924285218    2.767  3.975  3.5513  0.062    7  0.000  0.342   182.98    98.74    63.31    48.78    40.12  2 -5.31e-07      0.00 7.084e-01 2.868e-01 4.581e-04 8.327e-04 1.783e-03 -1.000 4.771e-03 -5.167 -4.229 -2.999 -5.313
0.0045 -0.53140 8.62500 2.8371171951 2.5924285309    2.767  3.952  3.5538  0.095    7  0.000  0.342   171.61    93.09    59.85    46.07    37.88  2 -4.24e-07      0.00 7.084e-01 2.868e-01 4.581e-04 8.327e-04 1.783e-03 -1.000 4.770e-03 -5.111 -4.209 -3.016 -5.279
0.0045 -0.53140 8.62500 2.8371179104 2.5924285445    2.767  3.927  3.5568  0.133    7  0.000  0.342   159.33    86.96    56.08    43.13    35.46  2 -3.24e-07      0.00 7.084e-01 2.868e-01 4.581e-04 8.327e-04 1.783e-03 -1.000 4.771e-03 -5.047 -4.186 -3.034 -5.238
0.0045 -0.53140 8.62500 2.8371183872 2.5924285536    2.767  3.903  3.5595  0.167    7  0.000  0.342   148.96    81.75    52.87    40.62    33.39  2 -2.55e-07      0.00 7.084e-01 2.868e-01 4.581e-04 8.327e-04 1.783e-03 -1.000 4.771e-03 -4.988 -4.164 -3.049 -5.201
0.0045 -0.53140 8.62500 2.8371193409 2.5924285717    2.766  3.879  3.5621  0.201    7  0.000  0.342   139.16    76.80    49.81    38.23    31.42  2 -1.98e-07      0.00 7.084e-01 2.868e-01 4.581e-04 8.327e-04 1.783e-03 -1.000 4.771e-03 -4.928 -4.135 -3.050 -5.160
0.0045 -0.53140 8.62500 2.8371202946 2.5924285899    2.766  3.852  3.5651  0.241    7  0.000  0.342   128.76    71.52    46.53    35.68    29.32  2 -1.49e-07      0.00 7.084e-01 2.868e-01 4.581e-04 8.327e-04 1.783e-03 -1.000 4.771e-03 -4.859 -4.101 -3.047 -5.111
0.0045 -0.53140 8.62500 2.8371238708 2.5924286579    2.766  3.844  3.5659  0.252    7  0.000  0.342   126.02    70.12    45.66    35.01    28.76  2 -1.38e-07      0.00 7.084e-01 2.868e-01 4.581e-04 8.327e-04 1.783e-03 -1.000 4.770e-03 -4.840 -4.091 -3.045 -5.097
0.0045 -0.53140 8.62500 2.8371264935 2.5924287078    2.766  3.867  3.5635  0.219    7  0.000  0.342   134.45    74.41    48.33    37.08    30.47  2 -1.74e-07      0.00 7.084e-01 2.868e-01 4.581e-04 8.327e-04 1.783e-03 -1.000 4.771e-03 -4.898 -4.121 -3.049 -5.139
0.0045 -0.53140 8.62500 2.8371291161 2.5924287576    2.766  3.890  3.5610  0.186    7  0.000  0.342   143.42    78.96    51.14    39.28    32.28  2 -2.19e-07      0.00 7.084e-01 2.868e-01 4.581e-04 8.327e-04 1.783e-03 -1.000 4.770e-03 -4.955 -4.149 -3.051 -5.178
0.0045 -0.53140 8.62500 2.8371326923 2.5924288257    2.765  3.911  3.5586  0.155    7  0.000  0.342   152.30    83.44    53.91    41.43    34.06  2 -2.72e-07      0.00 7.084e-01 2.868e-01 4.581e-04 8.327e-04 1.783e-03 -1.000 4.770e-03 -5.007 -4.171 -3.044 -5.213
0.0045 -0.53140 8.62500 2.8371386528 2.5924289390    2.764  3.931  3.5563  0.126    7  0.000  0.342   161.36    87.98    56.71    43.62    35.86  2 -3.34e-07      0.00 7.084e-01 2.868e-01 4.581e-04 8.327e-04 1.783e-03 -1.000 4.771e-03 -5.057 -4.189 -3.030 -5.245
0.0045 -0.53140 8.62500 2.8371534348 2.5924292202    2.761  3.960  3.5529  0.083    7  0.000  0.342   175.58    95.07    61.06    47.02    38.66  2 -4.49e-07      0.00 7.084e-01 2.868e-01 4.581e-04 8.327e-04 1.783e-03 -1.000 4.770e-03 -5.129 -4.214 -3.008 -5.289
0.0045 -0.53140 8.62500 2.8371689320 2.5924295149    2.757  3.907  3.5589  0.160    7  0.000  0.342   150.92    82.73    53.47    41.10    33.78  2 -2.61e-07      0.00 7.084e-01 2.868e-01 4.581e-04 8.327e-04 1.783e-03 -1.000 4.771e-03 -4.996 -4.165 -3.042 -5.205
0.0045 -0.53140 8.62500 2.8371691704 2.5924295195    2.757  4.042  3.5428 -0.040    7  0.000  0.342   223.73   118.76    75.52    58.35    48.00  2 -1.05e-06      0.00 7.084e-01 2.869e-01 4.580e-04 8.329e-04 1.783e-03 -1.000 4.771e-03 -5.335 -4.260 -2.878 -5.398
0.0045 -0.53140 8.62500 2.8371694088 2.5924295240    2.757  4.027  3.5446 -0.019    7  0.000  0.342   214.35   114.18    72.73    56.17    46.20  2    -9e-07      0.00 7.084e-01 2.869e-01 4.580e-04 8.329e-04 1.783e-03 -1.000 4.770e-03 -5.298 -4.253 -2.905 -5.379
0.0045 -0.53140 8.62500 2.8371696472 2.5924295285    2.757  3.986  3.5494  0.042    7  0.000  0.342   190.25   102.33    65.51    50.51    41.54  2 -6.46e-07      0.00 7.084e-01 2.869e-01 4.580e-04 8.329e-04 1.783e-03 -1.000 4.770e-03 -5.195 -4.230 -2.971 -5.324
0.0045 -0.53140 8.62500 2.8371701241 2.5924295376    2.757  3.995  3.5488  0.031    7  0.000  0.342   194.53   104.45    66.80    51.52    42.37  2 -6.47e-07      0.00 7.084e-01 2.869e-01 4.580e-04 8.329e-04 1.783e-03 -1.000 4.771e-03 -5.217 -4.241 -2.971 -5.340
0.0045 -0.53140 8.62500 2.8371706009 2.5924295467    2.756  3.957  3.5532  0.087    7  0.000  0.342   174.26    94.41    60.65    46.71    38.41  2 -4.38e-07      0.00 7.084e-01 2.869e-01 4.580e-04 8.329e-04 1.783e-03 -1.000 4.770e-03 -5.121 -4.211 -3.009 -5.284
0.0045 -0.53140 8.62500 2.8371713161 2.5924295603    2.756  3.925  3.5568  0.133    7  0.000  0.342   159.08    86.83    56.00    43.07    35.40  2 -3.27e-07      0.00 7.084e-01 2.869e-01 4.580e-04 8.329e-04 1.783e-03 -1.000 4.771e-03 -5.042 -4.180 -3.028 -5.233
0.0045 -0.53140 8.62500 2.8371720314 2.5924295739    2.756  3.897  3.5600  0.174    7  0.000  0.342   146.80    80.66    52.19    40.10    32.96  2 -2.53e-07      0.00 7.084e-01 2.869e-01 4.580e-04 8.329e-04 1.783e-03 -1.000 4.770e-03 -4.972 -4.154 -3.046 -5.189
0.0045 -0.53140 8.62500 2.8371727467 2.5924295875    2.756  3.873  3.5626  0.208    7  0.000  0.342   137.18    75.79    49.18    37.75    31.02  2 -1.97e-07      0.00 7.084e-01 2.869e-01 4.580e-04 8.329e-04 1.783e-03 -1.000 4.770e-03 -4.912 -4.125 -3.045 -5.147
0.0045 -0.53140 8.62500 2.8371737003 2.5924296056    2.756  3.851  3.5650  0.240    7  0.000  0.342   128.94    71.60    46.58    35.72    29.35  2 -1.58e-07      0.00 7.084e-01 2.869e-01 4.580e-04 8.329e-04 1.783e-03 -1.000 4.770e-03 -4.857 -4.098 -3.043 -5.108
0.0045 -0.53140 8.62500 2.8371770382 2.5924296691    2.756  3.855  3.5646  0.234    7  0.000  0.342   130.33    72.31    47.01    36.06    29.63  2 -1.63e-07      0.00 7.084e-01 2.869e-01 4.580e-04 8.329e-04 1.783e-03 -1.000 4.770e-03 -4.867 -4.103 -3.044 -5.115
0.0045 -0.53140 8.62500 2.8371789455 2.5924297054    2.756  3.884  3.5614  0.191    7  0.000  0.342   141.74    78.10    50.61    38.86    31.94  2 -2.12e-07      0.00 7.084e-01 2.869e-01 4.580e-04 8.329e-04 1.783e-03 -1.000 4.770e-03 -4.941 -4.140 -3.046 -5.168
0.0045 -0.53140 8.62500 2.8371810913 2.5924297462    2.755  3.912  3.5583  0.151    7  0.000  0.342   153.57    84.07    54.29    41.74    34.31  2 -2.81e-07      0.00 7.084e-01 2.869e-01 4.580e-04 8.329e-04 1.783e-03 -1.000 4.770e-03 -5.011 -4.170 -3.038 -5.215
0.0045 -0.53140 8.62500 2.8371844292 2.5924298097    2.755  3.943  3.5548  0.106    7  0.000  0.342   167.66    91.12    58.63    45.13    37.10  2 -3.79e-07      0.00 7.084e-01 2.869e-01 4.580e-04 8.329e-04 1.783e-03 -1.000 4.770e-03 -5.088 -4.199 -3.019 -5.263
0.0045 -0.53140 8.62500 2.8371906281 2.5924299276    2.754  3.974  3.5511  0.060    7  0.000  0.342   183.61    99.05    63.50    48.94    40.24  2 -5.32e-07      0.00 7.084e-01 2.869e-01 4.580e-04 8.329e-04 1.783e-03 -1.000 4.770e-03 -5.166 -4.226 -2.994 -5.311
0.0045 -0.53140 8.62500 2.8372089863 2.5924302767    2.748  4.016  3.5461 -0.002    7  0.000  0.342   207.46   110.81    70.67    54.56    44.88  2 -8.17e-07      0.00 7.084e-01 2.869e-01 4.580e-04 8.329e-04 1.783e-03 -1.000 4.770e-03 -5.270 -4.251 -2.932 -5.367
0.0045 -0.53140 8.62500 2.8372213840 2.5924305125    2.743  4.027  3.5447 -0.020    7  0.000  0.342   214.80   114.41    72.86    56.28    46.29  2 -9.27e-07      0.00 7.084e-01 2.869e-01 4.580e-04 8.329e-04 1.783e-03 -1.000 4.770e-03 -5.298 -4.255 -2.908 -5.380
