Zini MH logAge Mini int_IMF Mass logL logTe logg label McoreTP C_O period0 period1 period2 period3 period4 pmode Mloss tau1m X Y Xc Xn Xo Cexcess Z mbolmag Gmag G_BPmag G_RPmag
0.0045 -0.53140 8.07001 0.0900000036 1.0816895926    0.090 -2.739  3.4510  4.887    0  0.000  0.545     0.00     0.00     0.00     0.00     0.00 -1 -2.78e-16      0.00 7.384e-01 2.570e-01 8.238e-04 2.222e-04 2.016e-03 -1.000 4.581e-03 11.618 12.990 15.223 11.633
0.0045 -0.53140 8.07001 0.0935361013 1.1147239126    0.094 -2.711  3.4548  4.891    0  0.000  0.545     0.00     0.00     0.00     0.00     0.00 -1  -2.9e-16      0.00 7.384e-01 2.570e-01 8.238e-04 2.222e-04 2.016e-03 -1.000 4.581e-03 11.548 12.882 15.049 11.538
0.0045 -0.53140 8.07001 0.0998986214 1.1702589925    0.100 -2.661  3.4618  4.897    0  0.000  0.545     0.00     0.00     0.00     0.00     0.00 -1 -3.13e-16      0.00 7.384e-01 2.570e-01 8.238e-04 2.222e-04 2.016e-03 -1.000 4.581e-03 11.421 12.687 14.731 11.365
0.0045 -0.53140 8.07001 0.1000000089 1.1711064744    0.100 -2.660  3.4620  4.898    0  0.000  0.545     0.00     0.00     0.00     0.00     0.00 -1 -3.13e-16      0.00 7.384e-01 2.570e-01 8.238e-04 2.222e-04 2.016e-03 -1.000 4.581e-03 11.419 12.684 14.726 11.363
0.0045 -0.53140 8.07001 0.1018752083 1.1865824111    0.102 -2.647  3.4636  4.899    0  0.000  0.545     0.00     0.00     0.00     0.00     0.00 -1 -3.19e-16      0.00 7.384e-01 2.570e-01 8.238e-04 2.222e-04 2.016e-03 -1.000 4.581e-03 11.387 12.636 14.653 11.321
0.0045 -0.53140 8.07001 0.1114999875 1.2605673220    0.111 -2.580  3.4719  4.905    0  0.000  0.545     0.00     0.00     0.00     0.00     0.00 -1 -3.53e-16      0.00 7.384e-01 2.570e-01 8.238e-04 2.222e-04 2.016e-03 -1.000 4.581e-03 11.220 12.391 14.276 11.103
0.0045 -0.53140 8.07001 0.1199999973 1.3193154249    0.120 -2.524  3.4795  4.911    0  0.000  0.545     0.00     0.00     0.00     0.00     0.00 -1 -3.84e-16      0.00 7.384e-01 2.570e-01 8.238e-04 2.222e-04 2.016e-03 -1.000 4.581e-03 11.081 12.181 13.952 10.919
0.0045 -0.53140 8.07001 0.1400000006 1.4384526719    0.140 -2.412  3.4924  4.917    0  0.000  0.545     0.00     0.00     0.00     0.00     0.00 -1 -4.58e-16      0.00 7.384e-01 2.570e-01 8.238e-04 2.222e-04 2.016e-03 -1.000 4.581e-03 10.800 11.781 13.368 10.568
0.0045 -0.53140 8.07001 0.1583018601 1.5295398567    0.158 -2.325  3.5019  4.922    0  0.000  0.545     0.00     0.00     0.00     0.00     0.00 -1 -5.24e-16      0.00 7.384e-01 2.570e-01 8.238e-04 2.222e-04 2.016e-03 -1.000 4.581e-03 10.581 11.485 12.961 10.305
0.0045 -0.53140 8.07001 0.1599999964 1.5372931554    0.160 -2.317  3.5027  4.922    0  0.000  0.545     0.00     0.00     0.00     0.00     0.00 -1 -5.31e-16      0.00 7.384e-01 2.570e-01 8.238e-04 2.222e-04 2.016e-03 -1.000 4.581e-03 10.562 11.458 12.925 10.281
0.0045 -0.53140 8.07001 0.1844137013 1.6381528974    0.184 -2.217  3.5128  4.924    0  0.000  0.545     0.00     0.00     0.00     0.00     0.00 -1 -6.19e-16      0.00 7.384e-01 2.570e-01 8.238e-04 2.222e-04 2.016e-03 -1.000 4.581e-03 10.314 11.132 12.493 9.990
0.0045 -0.53140 8.07001 0.1999999881 1.6938790356    0.200 -2.157  3.5186  4.923    0  0.000  0.545     0.00     0.00     0.00     0.00     0.00 -1 -6.84e-16      0.00 7.384e-01 2.570e-01 8.238e-04 2.222e-04 2.016e-03 -1.000 4.581e-03 10.163 10.938 12.242 9.816
0.0045 -0.53140 8.07001 0.2398640513 1.8138982098    0.240 -2.032  3.5298  4.921    0  0.000  0.545     0.00     0.00     0.00     0.00     0.00 -1 -8.35e-16      0.00 7.384e-01 2.570e-01 8.238e-04 2.222e-04 2.016e-03 -1.000 4.581e-03 9.850 10.549 11.760 9.462
0.0045 -0.53140 8.07001 0.2500000000 1.8403257998    0.250 -2.003  3.5324  4.920    0  0.000  0.545     0.00     0.00     0.00     0.00     0.00 -1 -8.76e-16      0.00 7.384e-01 2.570e-01 8.238e-04 2.222e-04 2.016e-03 -1.000 4.581e-03 9.777 10.460 11.652 9.381
0.0045 -0.53140 8.07001 0.3000000119 1.9529139769    0.300 -1.872  3.5431  4.911    0  0.000  0.545     0.00     0.00     0.00     0.00     0.00 -1 -1.09e-15      0.00 7.384e-01 2.570e-01 8.238e-04 2.222e-04 2.016e-03 -1.000 4.581e-03 9.449 10.067 11.184 9.020
0.0045 -0.53140 8.07001 0.3100308180 1.9725763422    0.310 -1.844  3.5453  4.907    0  0.000  0.545     0.00     0.00     0.00     0.00     0.00 -1 -1.15e-15      0.00 7.384e-01 2.570e-01 8.238e-04 2.222e-04 2.016e-03 -1.000 4.581e-03 9.380 9.984 11.087 8.944
0.0045 -0.53140 8.07001 0.3499999642 2.0434174156    0.350 -1.738  3.5538  4.887    0  0.000  0.545     0.00     0.00     0.00     0.00     0.00 -1 -1.41e-15      0.00 7.384e-01 2.570e-01 8.238e-04 2.222e-04 2.016e-03 -1.000 4.581e-03 9.115 9.671 10.720 8.656
0.0045 -0.53140 8.07001 0.3738827407 2.0809104485    0.374 -1.665  3.5600  4.868    0  0.000  0.545     0.00     0.00     0.00     0.00     0.00 -1 -1.65e-15      0.00 7.384e-01 2.570e-01 8.238e-04 2.222e-04 2.016e-03 -1.000 4.581e-03 8.933 9.455 10.466 8.458
0.0045 -0.53140 8.07001 0.3999999762 2.1185023988    0.400 -1.588  3.5665  4.846    0  0.000  0.545     0.00     0.00     0.00     0.00     0.00 -1 -1.95e-15      0.00 7.384e-01 2.570e-01 8.238e-04 2.222e-04 2.016e-03 -1.000 4.581e-03 8.741 9.228 10.203 8.250
0.0045 -0.53140 8.07001 0.4482545853 2.1802123037    0.448 -1.428  3.5832  4.802    0  0.000  0.545     0.00     0.00     0.00     0.00     0.00 -1  -2.8e-15      0.00 7.384e-01 2.570e-01 8.238e-04 2.222e-04 2.016e-03 -1.000 4.581e-03 8.341 8.748 9.640 7.815
0.0045 -0.53140 8.07001 0.4499999881 2.1822809009    0.450 -1.423  3.5838  4.801    0  0.000  0.545     0.00     0.00     0.00     0.00     0.00 -1 -2.83e-15      0.00 7.384e-01 2.570e-01 8.238e-04 2.222e-04 2.016e-03 -1.000 4.581e-03 8.327 8.731 9.621 7.800
0.0045 -0.53140 8.07001 0.4569818676 2.1904524749    0.457 -1.396  3.5877  4.796    0  0.000  0.545     0.00     0.00     0.00     0.00     0.00 -1 -3.01e-15      0.00 7.384e-01 2.570e-01 8.238e-04 2.222e-04 2.016e-03 -1.000 4.581e-03 8.259 8.646 9.517 7.724
0.0045 -0.53140 8.07001 0.4999999404 2.2374540715    0.500 -1.256  3.6071  4.773    0  0.000  0.545     0.00     0.00     0.00     0.00     0.00 -1 -4.09e-15      0.00 7.384e-01 2.570e-01 8.238e-04 2.222e-04 2.016e-03 -1.000 4.581e-03 7.909 8.219 9.011 7.345
0.0045 -0.53140 8.07001 0.5064527988 2.2440087284    0.506 -1.236  3.6108  4.774    0  0.000  0.545     0.00     0.00     0.00     0.00     0.00 -1 -4.24e-15      0.00 7.385e-01 2.569e-01 8.237e-04 2.222e-04 2.015e-03 -1.000 4.581e-03 7.861 8.157 8.934 7.292
0.0045 -0.53140 8.07001 0.5453255773 2.2797499590    0.545 -1.135  3.6251  4.762    0  0.000  0.545     0.00     0.00     0.00     0.00     0.00 -1 -5.22e-15      0.00 7.387e-01 2.567e-01 8.232e-04 2.221e-04 2.014e-03 -1.000 4.581e-03 7.607 7.853 8.574 7.023
0.0045 -0.53140 8.07001 0.5500000119 2.2836582633    0.550 -1.123  3.6264  4.759    0  0.000  0.545     0.00     0.00     0.00     0.00     0.00 -1 -5.35e-15      0.00 7.387e-01 2.567e-01 8.231e-04 2.221e-04 2.014e-03 -1.000 4.581e-03 7.578 7.820 8.536 6.994
0.0045 -0.53140 8.07001 0.5616647601 2.2930857239    0.561 -1.093  3.6307  4.755    0  0.000  0.545     0.00     0.00     0.00     0.00     0.00 -1 -5.69e-15      0.00 7.387e-01 2.567e-01 8.231e-04 2.221e-04 2.014e-03 -1.000 4.581e-03 7.503 7.730 8.429 6.915
0.0045 -0.53140 8.07001 0.5808690190 2.3076622046    0.581 -1.027  3.6412  4.746    0  0.000  0.545     0.00     0.00     0.00     0.00     0.00 -1 -6.58e-15      0.00 7.387e-01 2.567e-01 8.230e-04 2.220e-04 2.014e-03 -1.000 4.581e-03 7.337 7.526 8.183 6.740
0.0045 -0.53140 8.07001 0.5999999642 2.3211212854    0.600 -0.963  3.6513  4.736    0  0.000  0.545     0.00     0.00     0.00     0.00     0.00 -1 -7.58e-15      0.00 7.387e-01 2.567e-01 8.230e-04 2.220e-04 2.014e-03 -1.000 4.580e-03 7.178 7.327 7.942 6.571
0.0045 -0.53140 8.07001 0.6499999166 2.3520352771    0.650 -0.800  3.6788  4.718    0  0.000  0.545     0.00     0.00     0.00     0.00     0.00 -1 -1.08e-14      0.00 7.388e-01 2.566e-01 8.227e-04 2.219e-04 2.013e-03 -1.000 4.581e-03 6.770 6.822 7.338 6.144
0.0045 -0.53140 8.07001 0.6999999881 2.3779266974    0.700 -0.645  3.7043  4.698    0  0.000  0.545     0.00     0.00     0.00     0.00     0.00 -1 -1.52e-14      0.00 7.389e-01 2.565e-01 8.224e-04 2.219e-04 2.013e-03 -1.000 4.536e-03 6.384 6.367 6.812 5.751
0.0045 -0.53140 8.07001 0.7293365598 2.3912321670    0.729 -0.561  3.7182  4.686    0  0.000  0.541     0.00     0.00     0.00     0.00     0.00 -1 -1.84e-14      0.00 7.390e-01 2.565e-01 8.158e-04 2.217e-04 2.013e-03 -1.000 4.552e-03 6.171 6.128 6.538 5.543
0.0045 -0.53140 8.07001 0.7483875155 2.3992331269    0.748 -0.508  3.7272  4.681    0  0.000  0.538     0.00     0.00     0.00     0.00     0.00 -1 -2.06e-14      0.00 7.390e-01 2.565e-01 8.118e-04 2.216e-04 2.012e-03 -1.000 4.577e-03 6.040 5.983 6.373 5.417
0.0045 -0.53140 8.07001 0.7967749834 2.4175913256    0.797 -0.382  3.7464  4.659    0  0.000  0.538     0.00     0.00     0.00     0.00     0.00 -1 -2.73e-14      0.00 7.391e-01 2.563e-01 8.111e-04 2.215e-04 2.012e-03 -1.000 4.574e-03 5.726 5.646 5.996 5.122
0.0045 -0.53140 8.07001 0.8451624513 2.4335533786    0.845 -0.263  3.7631  4.632    0  0.000  0.538     0.00     0.00     0.00     0.00     0.00 -1  -3.6e-14      0.00 7.393e-01 2.562e-01 8.107e-04 2.214e-04 2.011e-03 -1.000 4.566e-03 5.429 5.340 5.656 4.852
0.0045 -0.53140 8.07001 0.8903716803 2.4466784739    0.890 -0.157  3.7766  4.603    0  0.000  0.538     0.00     0.00     0.00     0.00     0.00 -1 -4.63e-14      0.00 7.394e-01 2.561e-01 8.099e-04 2.212e-04 2.009e-03 -1.000 4.581e-03 5.163 5.073 5.362 4.615
0.0045 -0.53140 8.07001 0.8935499191 2.4475438855    0.893 -0.150  3.7776  4.601    0  0.000  0.538     0.00     0.00     0.00     0.00     0.00 -1  -4.7e-14      0.00 7.394e-01 2.561e-01 8.099e-04 2.212e-04 2.009e-03 -1.000 4.581e-03 5.146 5.056 5.343 4.599
0.0045 -0.53140 8.07001 0.8955502510 2.4480849409    0.895 -0.146  3.7781  4.600    0  0.000  0.538     0.00     0.00     0.00     0.00     0.00 -1 -4.76e-14      0.00 7.394e-01 2.560e-01 8.098e-04 2.212e-04 2.009e-03 -1.000 4.581e-03 5.134 5.044 5.330 4.589
0.0045 -0.53140 8.07001 0.9292331934 2.4567947752    0.928 -0.071  3.7870  4.577    0  0.000  0.538     0.00     0.00     0.00     0.00     0.00 -1  -5.7e-14      0.00 7.397e-01 2.557e-01 8.095e-04 2.211e-04 2.008e-03 -1.000 4.566e-03 4.947 4.859 5.127 4.423
0.0045 -0.53140 8.07001 0.9419373274 2.4598943945    0.941 -0.044  3.7902  4.568    0  0.000  0.538     0.00     0.00     0.00     0.00     0.00 -1 -6.08e-14      0.00 7.398e-01 2.556e-01 8.094e-04 2.210e-04 2.007e-03 -1.000 4.560e-03 4.879 4.791 5.053 4.363
0.0045 -0.53140 8.07001 0.9903249145 2.4708673939    0.990  0.059  3.8016  4.533    0  0.000  0.538     0.00     0.00     0.00     0.00     0.00 -1 -7.84e-14      0.00 7.401e-01 2.554e-01 8.085e-04 2.208e-04 2.005e-03 -1.000 4.563e-03 4.622 4.537 4.779 4.135
0.0045 -0.53140 8.07001 1.0387122631 2.4806730364    1.038  0.157  3.8122  4.498    1  0.000  0.537     0.00     0.00     0.00     0.00     0.00 -1 -9.42e-14      0.00 7.402e-01 2.552e-01 8.084e-04 2.208e-04 2.006e-03 -1.000 4.581e-03 4.376 4.296 4.519 3.917
0.0045 -0.53140 8.07001 1.0870997906 2.4894816928    1.086  0.250  3.8226  4.466    0  0.000  0.538     0.00     0.00     0.00     0.00     0.00 -1  -1.1e-13      0.00 7.403e-01 2.552e-01 8.085e-04 2.208e-04 2.005e-03 -1.000 4.553e-03 4.145 4.067 4.273 3.712
0.0045 -0.53140 8.07001 1.1354873180 2.4974326128    1.135  0.339  3.8332  4.439    0  0.000  0.538     0.00     0.00     0.00     0.00     0.00 -1 -1.25e-13      0.00 7.403e-01 2.552e-01 8.085e-04 2.208e-04 2.005e-03 -1.000 4.541e-03 3.923 3.848 4.037 3.516
0.0045 -0.53140 8.07001 1.1838748455 2.5046407594    1.183  0.423  3.8442  4.417    1  0.000  0.537     0.00     0.00     0.00     0.00     0.00 -1 -1.39e-13      0.00 7.403e-01 2.552e-01 8.083e-04 2.208e-04 2.005e-03 -1.000 4.537e-03 3.714 3.642 3.814 3.335
0.0045 -0.53140 8.07001 1.2322621346 2.5112017713    1.232  0.502  3.8564  4.405    0  0.000  0.538     0.00     0.00     0.00     0.00     0.00 -1  -1.5e-13      0.00 7.404e-01 2.551e-01 8.083e-04 2.207e-04 2.005e-03 -1.000 4.566e-03 3.516 3.448 3.603 3.169
0.0045 -0.53140 8.07001 1.2806496620 2.5171959299    1.280  0.576  3.8703  4.402    0  0.000  0.538     0.00     0.00     0.00     0.00     0.00 -1 -1.58e-13      0.00 7.404e-01 2.550e-01 8.080e-04 2.207e-04 2.004e-03 -1.000 4.537e-03 3.329 3.267 3.401 3.020
0.0045 -0.53140 8.07001 1.3290373087 2.5226909434    1.329  0.648  3.8857  4.408    1  0.000  0.538     0.00     0.00     0.00     0.00     0.00 -1  -1.6e-13      0.00 7.405e-01 2.550e-01 8.078e-04 2.206e-04 2.004e-03 -1.000 4.524e-03 3.150 3.096 3.209 2.887
0.0045 -0.53140 8.07001 1.3774247169 2.5277443269    1.377  0.716  3.9012  4.418    1  0.000  0.538     0.00     0.00     0.00     0.00     0.00 -1 -1.58e-13      0.00 7.406e-01 2.549e-01 8.077e-04 2.206e-04 2.004e-03 -1.000 4.565e-03 2.980 2.938 3.029 2.766
0.0045 -0.53140 8.07001 1.4258121252 2.5324053073    1.426  0.782  3.9162  4.427    1  0.000  0.537     0.00     0.00     0.00     0.00     0.00 -1 -1.52e-13      0.00 7.406e-01 2.548e-01 8.074e-04 2.205e-04 2.003e-03 -1.000 4.519e-03 2.816 2.791 2.862 2.656
0.0045 -0.53140 8.07001 1.4741996527 2.5367161847    1.474  0.845  3.9305  4.436    1  0.000  0.537     0.00     0.00     0.00     0.00     0.00 -1 -1.41e-13      0.00 7.407e-01 2.547e-01 8.073e-04 2.205e-04 2.003e-03 -1.000 4.564e-03 2.658 2.656 2.708 2.555
0.0045 -0.53140 8.07001 1.5225870609 2.5407134771    1.522  0.906  3.9441  4.443    1  0.000  0.537     0.00     0.00     0.00     0.00     0.00 -1 -1.23e-13      0.00 7.408e-01 2.547e-01 8.072e-04 2.204e-04 2.003e-03 -1.000 4.508e-03 2.506 2.539 2.576 2.467
0.0045 -0.53140 8.07001 1.5709745884 2.5444289269    1.571  0.963  3.9568  4.450    1  0.000  0.538     0.00     0.00     0.00     0.00     0.00 -1 -9.92e-14      0.00 7.408e-01 2.546e-01 8.071e-04 2.204e-04 2.002e-03 -1.000 4.550e-03 2.362 2.433 2.458 2.385
0.0045 -0.53140 8.07001 1.6193619967 2.5478901813    1.619  1.019  3.9689  4.455    1  0.000  0.538     0.00     0.00     0.00     0.00     0.00 -1 -6.67e-14      0.00 7.409e-01 2.546e-01 8.070e-04 2.204e-04 2.002e-03 -1.000 4.533e-03 2.222 2.335 2.350 2.307
0.0045 -0.53140 8.07001 1.6677495241 2.5511214867    1.667  1.073  3.9803  4.460    1  0.000  0.537     0.00     0.00     0.00     0.00     0.00 -1 -5.69e-20      0.00 7.409e-01 2.545e-01 8.067e-04 2.203e-04 2.002e-03 -1.000 4.567e-03 2.087 2.245 2.252 2.234
0.0045 -0.53140 8.07001 1.7161370516 2.5541441388    1.715  1.125  3.9909  4.463    1  0.000  0.537     0.00     0.00     0.00     0.00     0.00 -1    -1e-30      0.00 7.410e-01 2.545e-01 8.066e-04 2.203e-04 2.001e-03 -1.000 4.563e-03 1.958 2.161 2.161 2.162
0.0045 -0.53140 8.07001 1.7645244598 2.5569769339    1.763  1.174  4.0007  4.465    1  0.000  0.537     0.00     0.00     0.00     0.00     0.00 -1    -1e-30      0.00 7.410e-01 2.545e-01 8.065e-04 2.203e-04 2.001e-03 -1.000 4.519e-03 1.834 2.080 2.074 2.093
0.0045 -0.53140 8.07001 1.8125144243 2.5596153520    1.811  1.222  4.0098  4.465    1  0.000  0.537     0.00     0.00     0.00     0.00     0.00 -1    -1e-30      0.00 7.411e-01 2.544e-01 8.063e-04 2.202e-04 2.001e-03 -1.000 4.505e-03 1.715 2.003 1.993 2.025
0.0045 -0.53140 8.07001 1.8143253326 2.5597117749    1.813  1.224  4.0101  4.465    1  0.000  0.537     0.00     0.00     0.00     0.00     0.00 -1    -1e-30      0.00 7.411e-01 2.544e-01 8.063e-04 2.202e-04 2.001e-03 -1.000 4.505e-03 1.710 2.001 1.990 2.023
0.0045 -0.53140 8.07001 1.8641264439 2.5622792652    1.863  1.271  4.0189  4.465    1  0.000  0.538     0.00     0.00     0.00     0.00     0.00 -1    -1e-30      0.00 7.411e-01 2.543e-01 8.062e-04 2.202e-04 2.000e-03 -1.000 4.562e-03 1.592 1.924 1.908 1.954
0.0045 -0.53140 8.07001 1.8721319437 2.5626773585    1.871  1.279  4.0203  4.464    1  0.000  0.538     0.00     0.00     0.00     0.00     0.00 -1    -1e-30      0.00 7.411e-01 2.543e-01 8.062e-04 2.202e-04 2.000e-03 -1.000 4.555e-03 1.573 1.912 1.895 1.943
0.0045 -0.53140 8.07001 1.9139275551 2.5646937055    1.913  1.318  4.0272  4.463    1  0.000  0.537     0.00     0.00     0.00     0.00     0.00 -1    -1e-30      0.00 7.412e-01 2.543e-01 8.062e-04 2.202e-04 2.000e-03 -1.000 4.508e-03 1.476 1.849 1.830 1.887
0.0045 -0.53140 8.07001 1.9637286663 2.5669678549    1.963  1.362  4.0351  4.461    1  0.000  0.537     0.00     0.00     0.00     0.00     0.00 -1    -1e-30      0.00 7.411e-01 2.543e-01 8.061e-04 2.202e-04 2.000e-03 -1.000 4.580e-03 1.364 1.777 1.754 1.821
0.0045 -0.53140 8.07001 2.0135295391 2.5691131108    2.013  1.406  4.0426  4.458    1  0.000  0.538     0.00     0.00     0.00     0.00     0.00 -1    -1e-30      0.00 7.412e-01 2.543e-01 8.062e-04 2.202e-04 2.000e-03 -1.000 4.541e-03 1.255 1.705 1.679 1.755
0.0045 -0.53140 8.07001 2.0253243446 2.5696034544    2.025  1.416  4.0443  4.457    1  0.000  0.537     0.00     0.00     0.00     0.00     0.00 -1    -1e-30      0.00 7.412e-01 2.542e-01 8.061e-04 2.202e-04 2.000e-03 -1.000 4.549e-03 1.229 1.689 1.662 1.740
0.0045 -0.53140 8.07001 2.0633306503 2.5711397217    2.063  1.449  4.0497  4.454    1  0.000  0.537     0.00     0.00     0.00     0.00     0.00 -1    -1e-30      0.00 7.412e-01 2.542e-01 8.060e-04 2.202e-04 2.000e-03 -1.000 4.578e-03 1.148 1.635 1.606 1.691
0.0045 -0.53140 8.07001 2.1131315231 2.5730568631    2.112  1.491  4.0567  4.451    1  0.000  0.537     0.00     0.00     0.00     0.00     0.00 -1    -1e-30      0.00 7.412e-01 2.542e-01 8.060e-04 2.201e-04 2.000e-03 -1.000 4.565e-03 1.043 1.567 1.535 1.627
0.0045 -0.53140 8.07001 2.1629328728 2.5748728496    2.162  1.531  4.0633  4.446    1  0.000  0.537     0.00     0.00     0.00     0.00     0.00 -1    -1e-30      0.00 7.413e-01 2.542e-01 8.059e-04 2.201e-04 2.000e-03 -1.000 4.533e-03 0.941 1.500 1.466 1.564
0.0045 -0.53140 8.07001 2.2127337456 2.5765951351    2.211  1.571  4.0697  4.442    1  0.000  0.537     0.00     0.00     0.00     0.00     0.00 -1    -1e-30      0.00 7.413e-01 2.542e-01 8.060e-04 2.201e-04 2.000e-03 -1.000 4.529e-03 0.841 1.434 1.398 1.503
0.0045 -0.53140 8.07001 2.2625348568 2.5782305270    2.261  1.611  4.0759  4.437    1  0.000  0.537     0.00     0.00     0.00     0.00     0.00 -1    -1e-30      0.00 7.413e-01 2.542e-01 8.060e-04 2.201e-04 1.999e-03 -1.000 4.569e-03 0.744 1.370 1.331 1.442
0.0045 -0.53140 8.07001 2.2977237701 2.5793370528    2.296  1.638  4.0802  4.434    1  0.000  0.537     0.00     0.00     0.00     0.00     0.00 -1    -1e-30      0.00 7.413e-01 2.542e-01 8.059e-04 2.201e-04 1.999e-03 -1.000 4.525e-03 0.676 1.324 1.284 1.400
0.0045 -0.53140 8.07001 2.3123357296 2.5797851659    2.311  1.649  4.0819  4.432    1  0.000  0.537     0.00     0.00     0.00     0.00     0.00 -1    -1e-30      0.00 7.413e-01 2.542e-01 8.058e-04 2.201e-04 2.000e-03 -1.000 4.502e-03 0.648 1.306 1.265 1.382
0.0045 -0.53140 8.07001 2.3282473087 2.5802657857    2.327  1.661  4.0838  4.431    1  0.000  0.537     0.00     0.00     0.00     0.00     0.00 -1    -1e-30      0.00 7.413e-01 2.542e-01 8.058e-04 2.201e-04 1.999e-03 -1.000 4.509e-03 0.617 1.286 1.244 1.364
0.0045 -0.53140 8.07001 2.3621368408 2.5812646664    2.361  1.687  4.0877  4.427    1  0.000  0.537     0.00     0.00     0.00     0.00     0.00 -1    -1e-30      0.00 7.413e-01 2.541e-01 8.059e-04 2.201e-04 1.999e-03 -1.000 4.546e-03 0.553 1.243 1.201 1.324
0.0045 -0.53140 8.07001 2.4119379520 2.5826741251    2.411  1.723  4.0933  4.422    1  0.000  0.537     0.00     0.00     0.00     0.00     0.00 -1    -1e-30      0.00 7.412e-01 2.543e-01 8.064e-04 2.202e-04 2.000e-03 -1.000 4.557e-03 0.462 1.183 1.138 1.266
0.0045 -0.53140 8.07001 2.4903693199 2.5847629784    2.489  1.780  4.1018  4.414    1  0.000  0.538     0.00     0.00     0.00     0.00     0.00 -1    -1e-30      0.00 7.402e-01 2.552e-01 8.087e-04 2.208e-04 2.006e-03 -1.000 4.581e-03 0.321 1.088 1.041 1.177
0.0045 -0.53140 8.07001 2.6111419201 2.5876990578    2.611  1.865  4.1144  4.400    1  0.000  0.538     0.00     0.00     0.00     0.00     0.00 -1    -1e-30      0.00 7.385e-01 2.569e-01 8.131e-04 2.219e-04 2.017e-03 -1.000 4.581e-03 0.109 0.946 0.894 1.042
0.0045 -0.53140 8.07001 2.6279022694 2.5880820657    2.628  1.876  4.1160  4.398    1  0.000  0.538     0.00     0.00     0.00     0.00     0.00 -1    -1e-30      0.00 7.385e-01 2.569e-01 8.131e-04 2.219e-04 2.017e-03 -1.000 4.581e-03 0.080 0.927 0.875 1.024
0.0045 -0.53140 8.07001 2.7515218258 2.5907420790    2.751  1.959  4.1278  4.382    1  0.000  0.538     0.00     0.00     0.00     0.00     0.00 -1    -1e-30      0.00 7.385e-01 2.569e-01 8.131e-04 2.219e-04 2.017e-03 -1.000 4.581e-03 -0.128 0.785 0.729 0.889
0.0045 -0.53140 8.07001 2.8103461266 2.5919137601    2.810  1.998  4.1331  4.373    1  0.000  0.538     0.00     0.00     0.00     0.00     0.00 -1    -1e-30      0.00 7.385e-01 2.569e-01 8.131e-04 2.219e-04 2.017e-03 -1.000 4.581e-03 -0.225 0.718 0.661 0.825
0.0045 -0.53140 8.07001 2.8564517498 2.5927934148    2.856  2.028  4.1371  4.367    1  0.000  0.538     0.00     0.00     0.00     0.00     0.00 -1    -1e-30      0.00 7.385e-01 2.569e-01 8.131e-04 2.219e-04 2.017e-03 -1.000 4.581e-03 -0.299 0.667 0.608 0.776
0.0045 -0.53140 8.07001 2.9604973793 2.5946632325    2.960  2.094  4.1457  4.350    1  0.000  0.538     0.00     0.00     0.00     0.00     0.00 -1    -1e-30      0.00 7.385e-01 2.569e-01 8.131e-04 2.219e-04 2.017e-03 -1.000 4.581e-03 -0.465 0.550 0.488 0.664
0.0045 -0.53140 8.07001 3.0095503330 2.5954933738    3.009  2.125  4.1495  4.341    1  0.000  0.538     0.00     0.00     0.00     0.00     0.00 -1    -1e-30      0.00 7.385e-01 2.569e-01 8.131e-04 2.219e-04 2.017e-03 -1.000 4.581e-03 -0.543 0.494 0.431 0.610
0.0045 -0.53140 8.07001 3.1317622662 2.5974321568    3.131  2.201  4.1585  4.319    1  0.000  0.538     0.00     0.00     0.00     0.00     0.00 -1    -1e-30      0.00 7.385e-01 2.569e-01 8.131e-04 2.219e-04 2.017e-03 -1.000 4.581e-03 -0.732 0.357 0.291 0.478
0.0045 -0.53140 8.07001 3.2087545395 2.5985667500    3.208  2.248  4.1637  4.303    1  0.000  0.538     0.00     0.00     0.00     0.00     0.00 -1    -1e-30      0.00 7.385e-01 2.569e-01 8.131e-04 2.219e-04 2.017e-03 -1.000 4.581e-03 -0.849 0.270 0.203 0.394
0.0045 -0.53140 8.07001 3.2660453320 2.5993712128    3.265  2.282  4.1675  4.292    1  0.000  0.538     0.00     0.00     0.00     0.00     0.00 -1    -1e-30      0.00 7.385e-01 2.569e-01 8.131e-04 2.219e-04 2.017e-03 -1.000 4.581e-03 -0.935 0.206 0.138 0.332
0.0045 -0.53140 8.07001 3.4025180340 2.6011626452    3.400  2.363  4.1759  4.262    1  0.000  0.538     0.00     0.00     0.00     0.00     0.00 -1    -1e-30      0.00 7.385e-01 2.569e-01 8.131e-04 2.219e-04 2.017e-03 -1.000 4.581e-03 -1.138 0.051 -0.019 0.182
0.0045 -0.53140 8.07001 3.4079587460 2.6012306511    3.406  2.366  4.1762  4.261    1  0.000  0.538     0.00     0.00     0.00     0.00     0.00 -1    -1e-30      0.00 7.385e-01 2.569e-01 8.131e-04 2.219e-04 2.017e-03 -1.000 4.581e-03 -1.146 0.045 -0.026 0.176
0.0045 -0.53140 8.07001 3.5268301964 2.6026564599    3.524  2.436  4.1822  4.230    1  0.000  0.538     0.00     0.00     0.00     0.00     0.00 -1    -1e-30      0.00 7.385e-01 2.569e-01 8.131e-04 2.219e-04 2.017e-03 -1.000 4.581e-03 -1.320 -0.094 -0.167 0.041
0.0045 -0.53140 8.07001 3.6071624756 2.6035590558    3.605  2.483  4.1857  4.207    1  0.000  0.538     0.00     0.00     0.00     0.00     0.00 -1    -1e-30      0.00 7.385e-01 2.569e-01 8.131e-04 2.219e-04 2.017e-03 -1.000 4.581e-03 -1.438 -0.192 -0.265 -0.055
0.0045 -0.53140 8.07001 3.6086978912 2.6035758579    3.606  2.484  4.1858  4.206    1  0.000  0.538     0.00     0.00     0.00     0.00     0.00 -1    -1e-30      0.00 7.385e-01 2.569e-01 8.131e-04 2.219e-04 2.017e-03 -1.000 4.581e-03 -1.440 -0.193 -0.267 -0.057
0.0045 -0.53140 8.07001 3.7103805542 2.6046530718    3.708  2.543  4.1895  4.174    1  0.000  0.538     0.00     0.00     0.00     0.00     0.00 -1    -1e-30      0.00 7.385e-01 2.569e-01 8.131e-04 2.219e-04 2.017e-03 -1.000 4.581e-03 -1.589 -0.320 -0.395 -0.182
0.0045 -0.53140 8.07001 3.7940733433 2.6054900636    3.792  2.592  4.1920  4.145    1  0.000  0.538     0.00     0.00     0.00     0.00     0.00 -1    -1e-30      0.00 7.385e-01 2.569e-01 8.131e-04 2.219e-04 2.017e-03 -1.000 4.581e-03 -1.711 -0.428 -0.504 -0.288
0.0045 -0.53140 8.07001 3.8063669205 2.6056094485    3.804  2.600  4.1923  4.140    1  0.000  0.538     0.00     0.00     0.00     0.00     0.00 -1    -1e-30      0.00 7.385e-01 2.569e-01 8.131e-04 2.219e-04 2.017e-03 -1.000 4.581e-03 -1.729 -0.445 -0.521 -0.305
0.0045 -0.53140 8.07001 3.8711836338 2.6062245018    3.870  2.638  4.1935  4.114    1  0.000  0.538     0.00     0.00     0.00     0.00     0.00 -1    -1e-30      0.00 7.385e-01 2.569e-01 8.131e-04 2.219e-04 2.017e-03 -1.000 4.581e-03 -1.824 -0.533 -0.610 -0.392
0.0045 -0.53140 8.07001 3.9418170452 2.6068683341    3.941  2.680  4.1939  4.082    1  0.000  0.538     0.00     0.00     0.00     0.00     0.00 -1    -1e-30      0.00 7.385e-01 2.569e-01 8.131e-04 2.219e-04 2.017e-03 -1.000 4.581e-03 -1.929 -0.636 -0.713 -0.495
0.0045 -0.53140 8.07001 4.0055708885 2.6074270928    4.006  2.718  4.1937  4.050    1  0.000  0.538     0.00     0.00     0.00     0.00     0.00 -1    -1e-30      0.00 7.385e-01 2.569e-01 8.131e-04 2.219e-04 2.017e-03 -1.000 4.581e-03 -2.024 -0.733 -0.810 -0.592
0.0045 -0.53140 8.07001 4.0596265793 2.6078850768    4.059  2.750  4.1932  4.021    1  0.000  0.538     0.00     0.00     0.00     0.00     0.00 -1    -1e-30      0.00 7.385e-01 2.569e-01 8.131e-04 2.219e-04 2.017e-03 -1.000 4.581e-03 -2.105 -0.817 -0.893 -0.675
0.0045 -0.53140 8.07001 4.1321668625 2.6084780696    4.131  2.794  4.1913  3.977    1  0.000  0.538     0.00     0.00     0.00     0.00     0.00 -1    -1e-30      0.00 7.385e-01 2.569e-01 8.131e-04 2.219e-04 2.017e-03 -1.000 4.581e-03 -2.215 -0.939 -1.015 -0.799
0.0045 -0.53140 8.07001 4.2047748566 2.6090481148    4.203  2.840  4.1877  3.925    1  0.000  0.538     0.00     0.00     0.00     0.00     0.00 -1    -1e-30      0.00 7.385e-01 2.569e-01 8.131e-04 2.219e-04 2.017e-03 -1.000 4.581e-03 -2.329 -1.075 -1.150 -0.937
0.0045 -0.53140 8.07001 4.2159066200 2.6091335162    4.214  2.846  4.1871  3.917    1  0.000  0.538     0.00     0.00     0.00     0.00     0.00 -1    -1e-30      0.00 7.385e-01 2.569e-01 8.131e-04 2.219e-04 2.017e-03 -1.000 4.581e-03 -2.346 -1.096 -1.171 -0.958
0.0045 -0.53140 8.07001 4.2860746384 2.6096601140    4.284  2.891  4.1818  3.858    1  0.000  0.538     0.00     0.00     0.00     0.00     0.00 -1    -1e-30      0.00 7.385e-01 2.569e-01 8.131e-04 2.219e-04 2.017e-03 -1.000 4.581e-03 -2.457 -1.238 -1.312 -1.103
0.0045 -0.53140 8.07001 4.3423681259 2.6100684670    4.339  2.928  4.1755  3.802    1  0.000  0.538     0.00     0.00     0.00     0.00     0.00 -1    -1e-30      0.00 7.385e-01 2.569e-01 8.131e-04 2.219e-04 2.017e-03 -1.000 4.581e-03 -2.549 -1.368 -1.440 -1.237
0.0045 -0.53140 8.07001 4.3924541473 2.6104216900    4.389  2.961  4.1685  3.745    1  0.000  0.538     0.00     0.00     0.00     0.00     0.00 -1    -1e-30      0.00 7.385e-01 2.569e-01 8.131e-04 2.219e-04 2.017e-03 -1.000 4.581e-03 -2.633 -1.493 -1.563 -1.366
0.0045 -0.53140 8.07001 4.4039793015 2.6105016626    4.401  2.969  4.1667  3.731    1  0.000  0.538     0.00     0.00     0.00     0.00     0.00 -1    -1e-30      0.00 7.385e-01 2.569e-01 8.131e-04 2.219e-04 2.017e-03 -1.000 4.581e-03 -2.652 -1.524 -1.593 -1.398
0.0045 -0.53140 8.07001 4.4328379631 2.6106998154    4.430  2.989  4.1620  3.696    1  0.000  0.538     0.00     0.00     0.00     0.00     0.00 -1    -1e-30      0.00 7.385e-01 2.569e-01 8.131e-04 2.219e-04 2.017e-03 -1.000 4.581e-03 -2.701 -1.600 -1.668 -1.477
0.0045 -0.53140 8.07001 4.4764251709 2.6109935363    4.474  3.022  4.1547  3.638    1  0.000  0.538     0.00     0.00     0.00     0.00     0.00 -1    -1e-30      0.00 7.385e-01 2.569e-01 8.131e-04 2.219e-04 2.017e-03 -1.000 4.581e-03 -2.784 -1.725 -1.791 -1.607
0.0045 -0.53140 8.07001 4.4969949722 2.6111298779    4.494  3.038  4.1528  3.615    1  0.000  0.538     0.00     0.00     0.00     0.00     0.00 -1    -1e-30      0.00 7.385e-01 2.569e-01 8.131e-04 2.219e-04 2.017e-03 -1.000 4.581e-03 -2.826 -1.779 -1.844 -1.661
0.0045 -0.53140 8.07001 4.5113534927 2.6112242027    4.508  3.056  4.1598  3.627    1  0.000  0.538     0.00     0.00     0.00     0.00     0.00 -1    -1e-30      0.00 7.385e-01 2.569e-01 8.131e-04 2.219e-04 2.017e-03 -1.000 4.581e-03 -2.871 -1.783 -1.850 -1.661
0.0045 -0.53140 8.07001 4.5207467079 2.6112855364    4.518  3.072  4.1694  3.650    1  0.000  0.538     0.00     0.00     0.00     0.00     0.00 -1    -1e-30      0.00 7.385e-01 2.569e-01 8.131e-04 2.219e-04 2.017e-03 -1.000 4.581e-03 -2.910 -1.767 -1.837 -1.639
0.0045 -0.53140 8.07001 4.5240483284 2.6113070251    4.521  3.085  4.1796  3.679    1  0.000  0.538     0.00     0.00     0.00     0.00     0.00 -1    -1e-30      0.00 7.385e-01 2.569e-01 8.131e-04 2.219e-04 2.017e-03 -1.000 4.581e-03 -2.942 -1.738 -1.812 -1.605
0.0045 -0.53140 8.07001 4.5255422592 2.6113167365    4.523  3.098  4.1895  3.705    1  0.000  0.538     0.00     0.00     0.00     0.00     0.00 -1    -1e-30      0.00 7.385e-01 2.569e-01 8.131e-04 2.219e-04 2.017e-03 -1.000 4.581e-03 -2.975 -1.713 -1.789 -1.574
0.0045 -0.53140 8.07001 4.5263733864 2.6113221361    4.523  3.114  4.1992  3.729    1  0.000  0.538     0.00     0.00     0.00     0.00     0.00 -1    -1e-30      0.00 7.385e-01 2.569e-01 8.131e-04 2.219e-04 2.017e-03 -1.000 4.581e-03 -3.014 -1.695 -1.774 -1.550
0.0045 -0.53140 8.07001 4.5268993378 2.6113255519    4.524  3.128  4.2074  3.747    1  0.000  0.538     0.00     0.00     0.00     0.00     0.00 -1    -1e-30      0.00 7.385e-01 2.569e-01 8.131e-04 2.219e-04 2.017e-03 -1.000 4.581e-03 -3.050 -1.682 -1.764 -1.533
0.0045 -0.53140 8.07001 4.5270009041 2.6113262114    4.524  3.130  4.2089  3.751    1  0.000  0.538     0.00     0.00     0.00     0.00     0.00 -1    -1e-30      0.00 7.385e-01 2.569e-01 8.131e-04 2.219e-04 2.017e-03 -1.000 4.581e-03 -3.055 -1.679 -1.761 -1.530
0.0045 -0.53140 8.07001 4.5272479057 2.6113278152    4.524  3.104  4.2002  3.742    2  0.000  0.538     0.00     0.00     0.00     0.00     0.00 -1    -1e-30      0.00 7.385e-01 2.569e-01 8.131e-04 2.219e-04 2.017e-03 -1.000 4.581e-03 -2.991 -1.666 -1.745 -1.521
0.0045 -0.53140 8.07001 4.5274071693 2.6113288492    4.524  3.089  4.1918  3.724    2  0.000  0.538     0.00     0.00     0.00     0.00     0.00 -1    -1e-30      0.00 7.385e-01 2.569e-01 8.131e-04 2.219e-04 2.017e-03 -1.000 4.581e-03 -2.953 -1.677 -1.754 -1.537
0.0045 -0.53140 8.07001 4.5275998116 2.6113300997    4.525  3.084  4.1802  3.682    2  0.000  0.538     0.00     0.00     0.00     0.00     0.00 -1    -1e-30      0.00 7.385e-01 2.569e-01 8.131e-04 2.219e-04 2.017e-03 -1.000 4.581e-03 -2.940 -1.733 -1.806 -1.599
0.0045 -0.53140 8.07001 4.5278086662 2.6113314554    4.525  3.093  4.1685  3.627    2  0.000  0.538     0.00     0.00     0.00     0.00     0.00 -1    -1e-30      0.00 7.385e-01 2.569e-01 8.131e-04 2.219e-04 2.017e-03 -1.000 4.581e-03 -2.962 -1.824 -1.894 -1.697
0.0045 -0.53140 8.07001 4.5280427933 2.6113329749    4.525  3.109  4.1566  3.563    2  0.000  0.538     0.00     0.00     0.00     0.00     0.00 -1    -1e-30      0.00 7.385e-01 2.569e-01 8.131e-04 2.219e-04 2.017e-03 -1.000 4.581e-03 -3.001 -1.933 -1.999 -1.813
0.0045 -0.53140 8.07001 4.5282945633 2.6113346088    4.525  3.123  4.1446  3.502    2  0.000  0.538     0.00     0.00     0.00     0.00     0.00 -1    -1e-30      0.00 7.385e-01 2.569e-01 8.131e-04 2.219e-04 2.017e-03 -1.000 4.581e-03 -3.037 -2.037 -2.100 -1.925
0.0045 -0.53140 8.07001 4.5285582542 2.6113363198    4.526  3.133  4.1327  3.443    2  0.000  0.538     0.00     0.00     0.00     0.00     0.00 -1    -1e-30      0.00 7.385e-01 2.569e-01 8.131e-04 2.219e-04 2.017e-03 -1.000 4.581e-03 -3.063 -2.132 -2.192 -2.027
0.0045 -0.53140 8.07001 4.5288281441 2.6113380707    4.526  3.141  4.1207  3.388    2  0.000  0.538     0.00     0.00     0.00     0.00     0.00 -1    -1e-30      0.00 7.385e-01 2.569e-01 8.131e-04 2.219e-04 2.017e-03 -1.000 4.581e-03 -3.082 -2.220 -2.275 -2.122
0.0045 -0.53140 8.07001 4.5291008949 2.6113398400    4.526  3.146  4.1087  3.334    2  0.000  0.538     0.00     0.00     0.00     0.00     0.00 -1    -1e-30      0.00 7.385e-01 2.569e-01 8.131e-04 2.219e-04 2.017e-03 -1.000 4.581e-03 -3.095 -2.301 -2.353 -2.210
0.0045 -0.53140 8.07001 4.5293736458 2.6113416091    4.526  3.150  4.0966  3.282    2  0.000  0.538     0.00     0.00     0.00     0.00     0.00 -1    -1e-30      0.00 7.385e-01 2.569e-01 8.131e-04 2.219e-04 2.017e-03 -1.000 4.581e-03 -3.104 -2.377 -2.425 -2.294
0.0045 -0.53140 8.07001 4.5296421051 2.6113433500    4.527  3.152  4.0845  3.232    2  0.000  0.538     0.00     0.00     0.00     0.00     0.00 -1    -1e-30      0.00 7.385e-01 2.569e-01 8.131e-04 2.219e-04 2.017e-03 -1.000 4.581e-03 -3.111 -2.450 -2.494 -2.374
0.0045 -0.53140 8.07001 4.5299038887 2.6113450475    4.527  3.154  4.0724  3.182    2  0.000  0.538     0.00     0.00     0.00     0.00     0.00 -1    -1e-30      0.00 7.385e-01 2.569e-01 8.131e-04 2.219e-04 2.017e-03 -1.000 4.581e-03 -3.114 -2.519 -2.559 -2.450
0.0045 -0.53140 8.07001 4.5301561356 2.6113466829    4.527  3.154  4.0603  3.133    2  0.000  0.538     0.00     0.00     0.00     0.00     0.00 -1    -1e-30      0.00 7.385e-01 2.569e-01 8.131e-04 2.219e-04 2.017e-03 -1.000 4.581e-03 -3.116 -2.584 -2.620 -2.523
0.0045 -0.53140 8.07001 4.5303983688 2.6113482532    4.527  3.154  4.0482  3.085    2  0.000  0.538     0.00     0.00     0.00     0.00     0.00 -1    -1e-30      0.00 7.385e-01 2.569e-01 8.131e-04 2.219e-04 2.017e-03 -1.000 4.581e-03 -3.115 -2.646 -2.678 -2.593
0.0045 -0.53140 8.07001 4.5306286812 2.6113497460    4.528  3.153  4.0360  3.037    2  0.000  0.538     0.00     0.00     0.00     0.00     0.00 -1    -1e-30      0.00 7.385e-01 2.569e-01 8.131e-04 2.219e-04 2.017e-03 -1.000 4.581e-03 -3.113 -2.706 -2.734 -2.660
0.0045 -0.53140 8.07001 4.5308470726 2.6113511614    4.528  3.152  4.0239  2.990    2  0.000  0.538     0.00     0.00     0.00     0.00     0.00 -1    -1e-30      0.00 7.385e-01 2.569e-01 8.131e-04 2.219e-04 2.017e-03 -1.000 4.581e-03 -3.110 -2.762 -2.786 -2.725
0.0045 -0.53140 8.07001 4.5310535431 2.6113524994    4.528  3.150  4.0118  2.943    2  0.000  0.538     0.00     0.00     0.00     0.00     0.00 -1    -1e-30      0.00 7.385e-01 2.569e-01 8.131e-04 2.219e-04 2.017e-03 -1.000 4.581e-03 -3.105 -2.816 -2.835 -2.787
0.0045 -0.53140 8.07001 4.5312480927 2.6113537600    4.528  3.148  3.9997  2.897    2  0.000  0.538     0.00     0.00     0.00     0.00     0.00 -1    -1e-30      0.00 7.385e-01 2.569e-01 8.131e-04 2.219e-04 2.017e-03 -1.000 4.581e-03 -3.099 -2.867 -2.881 -2.847
0.0045 -0.53140 8.07001 4.5314311981 2.6113549463    4.529  3.145  3.9876  2.852    2  0.000  0.538     0.00     0.00     0.00     0.00     0.00 -1    -1e-30      0.00 7.385e-01 2.569e-01 8.131e-04 2.219e-04 2.017e-03 -1.000 4.581e-03 -3.092 -2.914 -2.924 -2.904
0.0045 -0.53140 8.07001 4.5316028595 2.6113560584    4.529  3.142  3.9755  2.806    2  0.000  0.538     0.00     0.00     0.00     0.00     0.00 -1    -1e-30      0.00 7.385e-01 2.569e-01 8.131e-04 2.219e-04 2.017e-03 -1.000 4.581e-03 -3.084 -2.959 -2.963 -2.958
0.0045 -0.53140 8.07001 4.5317649841 2.6113571086    4.529  3.138  3.9634  2.762    2  0.000  0.538     0.00     0.00     0.00     0.00     0.00 -1    -1e-30      0.00 7.385e-01 2.569e-01 8.131e-04 2.219e-04 2.017e-03 -1.000 4.581e-03 -3.075 -3.000 -2.998 -3.011
0.0045 -0.53140 8.07001 4.5319175720 2.6113580970    4.529  3.134  3.9513  2.717    2  0.000  0.538     0.00     0.00     0.00     0.00     0.00 -1    -1e-30      0.00 7.385e-01 2.569e-01 8.131e-04 2.219e-04 2.017e-03 -1.000 4.581e-03 -3.065 -3.037 -3.028 -3.060
0.0045 -0.53140 8.07001 4.5320601463 2.6113590204    4.529  3.130  3.9392  2.673    2  0.000  0.538     0.00     0.00     0.00     0.00     0.00 -1    -1e-30      0.00 7.385e-01 2.569e-01 8.131e-04 2.219e-04 2.017e-03 -1.000 4.581e-03 -3.055 -3.069 -3.053 -3.107
0.0045 -0.53140 8.07001 4.5321946144 2.6113598913    4.529  3.125  3.9272  2.629    2  0.000  0.538     0.00     0.00     0.00     0.00     0.00 -1    -1e-30      0.00 7.385e-01 2.569e-01 8.131e-04 2.219e-04 2.017e-03 -1.000 4.581e-03 -3.044 -3.095 -3.069 -3.151
0.0045 -0.53140 8.07001 4.5323209763 2.6113607096    4.529  3.121  3.9151  2.586    2  0.000  0.538     0.00     0.00     0.00     0.00     0.00 -1    -1e-30      0.00 7.385e-01 2.569e-01 8.131e-04 2.219e-04 2.017e-03 -1.000 4.581e-03 -3.032 -3.113 -3.077 -3.190
0.0045 -0.53140 8.07001 4.5324392319 2.6113614754    4.529  3.116  3.9030  2.542    2  0.000  0.538     0.00     0.00     0.00     0.00     0.00 -1    -1e-30      0.00 7.385e-01 2.569e-01 8.131e-04 2.219e-04 2.017e-03 -1.000 4.581e-03 -3.019 -3.125 -3.076 -3.226
0.0045 -0.53140 8.07001 4.5325503349 2.6113621948    4.530  3.111  3.8909  2.499    2  0.000  0.538     0.00     0.00     0.00     0.00     0.00 -1    -1e-30      0.00 7.385e-01 2.569e-01 8.131e-04 2.219e-04 2.017e-03 -1.000 4.581e-03 -3.006 -3.130 -3.067 -3.258
0.0045 -0.53140 8.07001 4.5326542854 2.6113628679    4.530  3.105  3.8789  2.456    2  0.000  0.538     0.00     0.00     0.00     0.00     0.00 -1    -1e-30      0.00 7.385e-01 2.569e-01 8.131e-04 2.219e-04 2.017e-03 -1.000 4.581e-03 -2.993 -3.128 -3.047 -3.286
0.0045 -0.53140 8.07001 4.5327520370 2.6113635008    4.530  3.100  3.8669  2.414    2  0.000  0.538     0.00     0.00     0.00     0.00     0.00 -1    -1e-30      0.00 7.385e-01 2.569e-01 8.131e-04 2.219e-04 2.017e-03 -1.000 4.581e-03 -2.979 -3.123 -3.023 -3.313
0.0045 -0.53140 8.07001 4.5328435898 2.6113640935    4.530  3.094  3.8549  2.372    2  0.000  0.538     0.00     0.00     0.00     0.00     0.00 -1    -1e-30      0.00 7.385e-01 2.569e-01 8.131e-04 2.219e-04 2.017e-03 -1.000 4.581e-03 -2.965 -3.113 -2.993 -3.338
0.0045 -0.53140 8.07001 4.5329298973 2.6113646523    4.530  3.088  3.8429  2.330    2  0.000  0.538     0.00     0.00     0.00     0.00     0.00 -1    -1e-30      0.00 7.385e-01 2.569e-01 8.131e-04 2.219e-04 2.017e-03 -1.000 4.581e-03 -2.950 -3.100 -2.958 -3.358
0.0045 -0.53140 8.07001 4.5330109596 2.6113651770    4.530  3.082  3.8309  2.288    2  0.000  0.538     0.00     0.00     0.00     0.00     0.00 -1    -1e-30      0.00 7.385e-01 2.569e-01 8.131e-04 2.219e-04 2.017e-03 -1.000 4.581e-03 -2.935 -3.085 -2.922 -3.376
0.0045 -0.53140 8.07001 4.5330877304 2.6113656740    4.530  3.076  3.8190  2.247    2  0.000  0.538     0.00     0.00     0.00     0.00     0.00 -1    -1e-30      0.00 7.385e-01 2.569e-01 8.131e-04 2.219e-04 2.017e-03 -1.000 4.581e-03 -2.919 -3.067 -2.881 -3.390
0.0045 -0.53140 8.07001 4.5331597328 2.6113661401    4.530  3.069  3.8072  2.206    2  0.000  0.538     0.00     0.00     0.00     0.00     0.00 -1    -1e-30      0.00 7.385e-01 2.569e-01 8.131e-04 2.219e-04 2.017e-03 -1.000 4.581e-03 -2.903 -3.046 -2.838 -3.401
0.0045 -0.53140 8.07001 4.5332279205 2.6113665814    4.530  3.063  3.7954  2.165    2  0.000  0.538     0.00     0.00     0.00     0.00     0.00 -1    -1e-30      0.00 7.385e-01 2.569e-01 8.131e-04 2.219e-04 2.017e-03 -1.000 4.581e-03 -2.887 -3.023 -2.791 -3.409
0.0045 -0.53140 8.07001 4.5332927704 2.6113670012    4.530  3.056  3.7837  2.125    2  0.000  0.538     0.00     0.00     0.00     0.00     0.00 -1    -1e-30      0.00 7.385e-01 2.569e-01 8.131e-04 2.219e-04 2.017e-03 -1.000 4.581e-03 -2.870 -2.998 -2.742 -3.414
0.0045 -0.53140 8.07001 4.5333542824 2.6113673993    4.530  3.049  3.7722  2.086    2  0.000  0.538     0.00     0.00     0.00     0.00     0.00 -1    -1e-30      0.00 7.385e-01 2.569e-01 8.131e-04 2.219e-04 2.017e-03 -1.000 4.581e-03 -2.853 -2.970 -2.689 -3.417
0.0045 -0.53140 8.07001 4.5334138870 2.6113677851    4.530  3.042  3.7612  2.049    2  0.000  0.538     0.00     0.00     0.00     0.00     0.00 -1    -1e-30      0.00 7.385e-01 2.569e-01 8.131e-04 2.219e-04 2.017e-03 -1.000 4.581e-03 -2.835 -2.940 -2.637 -3.414
0.0045 -0.53140 8.07001 4.5334730148 2.6113681678    4.531  3.034  3.7509  2.016    2  0.000  0.538     0.00     0.00     0.00     0.00     0.00 -1    -1e-30      0.00 7.385e-01 2.569e-01 8.131e-04 2.219e-04 2.017e-03 -1.000 4.581e-03 -2.815 -2.908 -2.582 -3.406
0.0045 -0.53140 8.07001 4.5335407257 2.6113686060    4.531  3.024  3.7407  1.985    2  0.000  0.538     0.00     0.00     0.00     0.00     0.00 -1    -1e-30      0.00 7.385e-01 2.569e-01 8.131e-04 2.219e-04 2.017e-03 -1.000 4.581e-03 -2.790 -2.869 -2.520 -3.392
0.0045 -0.53140 8.07001 4.5336198807 2.6113691183    4.531  3.011  3.7309  1.959    2  0.000  0.538     0.00     0.00     0.00     0.00     0.00 -1    -1e-30      0.00 7.385e-01 2.569e-01 8.131e-04 2.219e-04 2.017e-03 -1.000 4.581e-03 -2.758 -2.822 -2.451 -3.368
0.0045 -0.53140 8.07001 4.5337333679 2.6113698527    4.531  2.991  3.7207  1.938    2  0.000  0.538     0.00     0.00     0.00     0.00     0.00 -1    -1e-30      0.00 7.385e-01 2.569e-01 8.131e-04 2.219e-04 2.017e-03 -1.000 4.581e-03 -2.709 -2.755 -2.360 -3.324
0.0045 -0.53140 8.07001 4.5338468552 2.6113705871    4.531  2.971  3.7124  1.925    2  0.000  0.538     0.00     0.00     0.00     0.00     0.00 -1    -1e-30      0.00 7.385e-01 2.569e-01 8.131e-04 2.219e-04 2.017e-03 -1.000 4.581e-03 -2.657 -2.686 -2.272 -3.275
0.0045 -0.53140 8.07001 4.5339756012 2.6113714201    4.531  2.954  3.7040  1.909    2  0.000  0.538     0.00     0.00     0.00     0.00     0.00 -1    -1e-30      0.00 7.385e-01 2.569e-01 8.131e-04 2.219e-04 2.017e-03 -1.000 4.581e-03 -2.614 -2.625 -2.191 -3.233
0.0045 -0.53140 8.07001 4.5340681076 2.6113720187    4.531  2.945  3.6983  1.894    2  0.000  0.538     0.00     0.00     0.00     0.00     0.00 -1    -1e-30      0.00 7.385e-01 2.569e-01 8.131e-04 2.219e-04 2.017e-03 -1.000 4.581e-03 -2.593 -2.590 -2.142 -3.211
0.0045 -0.53140 8.07001 4.5341114998 2.6113722994    4.531  2.948  3.6957  1.881    2  0.000  0.538     0.00     0.00     0.00     0.00     0.00 -1    -1e-30      0.00 7.385e-01 2.569e-01 8.131e-04 2.219e-04 2.017e-03 -1.000 4.581e-03 -2.601 -2.592 -2.137 -3.218
0.0045 -0.53140 8.07001 4.5342459679 2.6113731694    4.531  2.972  3.6875  1.824    3  0.000  0.537     5.26     4.63     3.45     2.49     2.04  4    -1e-30      0.00 7.385e-01 2.569e-01 8.130e-04 2.220e-04 2.017e-03 -1.000 4.581e-03 -2.659 -2.628 -2.151 -3.274
0.0045 -0.53140 8.07001 4.5343437195 2.6113738018    4.531  3.002  3.6816  1.771    3  0.000  0.537     5.89     5.11     3.78     2.74     2.25  4    -1e-30      0.00 7.385e-01 2.569e-01 8.121e-04 2.222e-04 2.017e-03 -1.000 4.581e-03 -2.734 -2.689 -2.196 -3.348
0.0045 -0.53140 8.07001 4.5344352722 2.6113743940    4.531  3.037  3.6765  1.715    3  0.000  0.534     6.63     5.65     4.17     3.02     2.48  4    -1e-30      0.00 7.385e-01 2.570e-01 8.079e-04 2.234e-04 2.017e-03 -1.000 4.581e-03 -2.823 -2.765 -2.257 -3.437
0.0045 -0.53140 8.07001 4.5345249176 2.6113749739    4.532  3.070  3.6723  1.665    3  0.000  0.522     7.36     6.18     4.54     3.30     2.70  4    -1e-30      0.00 7.384e-01 2.570e-01 7.890e-04 2.349e-04 2.017e-03 -1.000 4.590e-03 -2.906 -2.837 -2.316 -3.518
0.0045 -0.53140 8.07001 4.5346140862 2.6113755507    4.532  3.099  3.6690  1.623    3  0.000  0.499     8.04     6.67     4.88     3.55     2.91  4    -1e-30      0.00 7.383e-01 2.570e-01 7.541e-04 2.675e-04 2.017e-03 -1.000 4.628e-03 -2.977 -2.898 -2.367 -3.588
0.0045 -0.53140 8.07001 4.5346403122 2.6113757203    4.532  3.106  3.6683  1.614    3  0.000  0.492     8.20     6.78     4.96     3.61     2.96  4    -1e-30      0.00 7.383e-01 2.570e-01 7.432e-04 2.802e-04 2.017e-03 -1.000 4.604e-03 -2.994 -2.912 -2.379 -3.604
0.0045 -0.53140 8.07001 4.5346665382 2.6113758899    4.532  3.112  3.6675  1.604    3  0.000  0.485     8.37     6.90     5.04     3.67     3.01  4    -1e-30      0.00 7.383e-01 2.571e-01 7.325e-04 2.926e-04 2.017e-03 -1.000 4.581e-03 -3.010 -2.927 -2.391 -3.619
0.0045 -0.53140 8.07001 4.5348892212 2.6113773302    4.532  3.146  3.6638  1.556    3  0.000  0.447     9.26     7.53     5.48     3.99     3.28  4    -1e-30      0.00 7.383e-01 2.572e-01 6.764e-04 3.614e-04 2.017e-03 -1.000 4.581e-03 -3.094 -2.998 -2.452 -3.700
0.0045 -0.53140 8.07001 4.5352611542 2.6113797354    4.532  3.189  3.6592  1.494    3  0.000  0.407    10.55     8.42     6.10     4.45     3.65  4    -1e-30      0.00 7.382e-01 2.573e-01 6.159e-04 4.358e-04 2.016e-03 -1.000 4.588e-03 -3.203 -3.090 -2.529 -3.802
0.0045 -0.53140 8.07001 4.5356898308 2.6113825070    4.533  3.230  3.6549  1.436    3  0.000  0.381    11.93     9.36     6.75     4.93     4.05  4    -1e-30      0.00 7.379e-01 2.574e-01 5.749e-04 4.894e-04 2.012e-03 -1.000 4.614e-03 -3.306 -3.175 -2.601 -3.898
0.0045 -0.53140 8.07001 4.5361256599 2.6113853242    4.533  3.270  3.6511  1.380    3  0.000  0.367    13.40    10.34     7.42     5.43     4.46  4    -1e-30      0.00 7.370e-01 2.584e-01 5.480e-04 5.445e-04 1.987e-03 -1.000 4.620e-03 -3.406 -3.258 -2.670 -3.991
0.0045 -0.53140 8.07001 4.5365896225 2.6113883225    4.534  3.312  3.6473  1.324    3  0.000  0.363    15.09    11.46     8.18     6.00     4.93  4    -1e-30      0.00 7.341e-01 2.613e-01 5.268e-04 6.186e-04 1.932e-03 -1.000 4.610e-03 -3.509 -3.344 -2.742 -4.086
0.0045 -0.53140 8.07001 4.5370535851 2.6113913202    4.534  3.347  3.6442  1.276    3  0.000  0.362    16.69    12.49     8.89     6.53     5.36  4    -1e-30      0.00 7.299e-01 2.655e-01 5.117e-04 6.831e-04 1.880e-03 -1.000 4.596e-03 -3.598 -3.418 -2.805 -4.169
0.0045 -0.53140 8.07001 4.5379681587 2.6113972272    4.535  3.381  3.6414  1.231    3  0.000  0.362    18.36    13.56     9.61     7.06     5.80  4    -1e-30      0.00 7.250e-01 2.704e-01 5.007e-04 7.313e-04 1.840e-03 -1.000 4.581e-03 -3.683 -3.489 -2.866 -4.247
0.0045 -0.53140 8.07001 4.5385298729 2.6114008538    4.536  3.398  3.6400  1.209    3  0.000  0.362    19.24    14.11     9.99     7.34     6.03  4    -1e-30      0.00 7.227e-01 2.727e-01 4.958e-04 7.530e-04 1.823e-03 -1.000 4.582e-03 -3.725 -3.524 -2.897 -4.286
0.0045 -0.53140 8.07001 4.5451827049 2.6114437284    4.542  3.382  3.6420  1.234    4  0.000  0.362     0.00     0.00     0.00     0.00     0.00 -1    -1e-30      0.00 7.228e-01 2.726e-01 4.959e-04 7.528e-04 1.823e-03 -1.000 4.582e-03 -3.684 -3.493 -2.872 -4.250
0.0045 -0.53140 8.07001 4.5573353767 2.6115216755    4.554  3.350  3.6457  1.282    4  0.000  0.362     0.00     0.00     0.00     0.00     0.00 -1    -1e-30      0.00 7.228e-01 2.726e-01 4.960e-04 7.524e-04 1.823e-03 -1.000 4.582e-03 -3.604 -3.431 -2.823 -4.178
0.0045 -0.53140 8.07001 4.5665540695 2.6115804860    4.564  3.323  3.6487  1.321    4  0.000  0.362     0.00     0.00     0.00     0.00     0.00 -1    -1e-30      0.00 7.229e-01 2.725e-01 4.961e-04 7.521e-04 1.824e-03 -1.000 4.582e-03 -3.537 -3.378 -2.781 -4.118
0.0045 -0.53140 8.07001 4.5754437447 2.6116369394    4.572  3.294  3.6520  1.364    4  0.000  0.362     0.00     0.00     0.00     0.00     0.00 -1    -1e-30      0.00 7.229e-01 2.725e-01 4.961e-04 7.518e-04 1.824e-03 -1.000 4.582e-03 -3.464 -3.321 -2.735 -4.052
0.0045 -0.53140 8.07001 4.5830068588 2.6116847704    4.580  3.267  3.6551  1.404    4  0.000  0.362     0.00     0.00     0.00     0.00     0.00 -1    -1e-30      0.00 7.230e-01 2.724e-01 4.962e-04 7.516e-04 1.824e-03 -1.000 4.582e-03 -3.398 -3.268 -2.693 -3.991
0.0045 -0.53140 8.07001 4.5903506279 2.6117310408    4.587  3.243  3.6582  1.441    4  0.000  0.362     0.00     0.00     0.00     0.00     0.00 -1    -1e-30      0.00 7.230e-01 2.724e-01 4.962e-04 7.513e-04 1.824e-03 -1.000 4.582e-03 -3.339 -3.222 -2.657 -3.938
0.0045 -0.53140 8.07001 4.6008982658 2.6117972004    4.598  3.216  3.6627  1.487    4  0.000  0.362     0.00     0.00     0.00     0.00     0.00 -1    -1e-30      0.00 7.231e-01 2.724e-01 4.963e-04 7.510e-04 1.824e-03 -1.000 4.583e-03 -3.270 -3.170 -2.619 -3.876
0.0045 -0.53140 8.07001 4.6031832695 2.6118114871    4.601  3.211  3.6637  1.497    4  0.000  0.362     0.00     0.00     0.00     0.00     0.00 -1    -1e-30      0.00 7.231e-01 2.723e-01 4.963e-04 7.509e-04 1.824e-03 -1.000 4.583e-03 -3.257 -3.161 -2.613 -3.864
0.0045 -0.53140 8.07001 4.6170501709 2.6118978392    4.615  3.191  3.6696  1.542    4  0.000  0.362     0.00     0.00     0.00     0.00     0.00 -1    -1e-30      0.00 7.231e-01 2.723e-01 4.965e-04 7.505e-04 1.825e-03 -1.000 4.589e-03 -3.207 -3.131 -2.600 -3.820
0.0045 -0.53140 8.07001 4.6216893196 2.6119265952    4.619  3.186  3.6717  1.555    4  0.000  0.362     0.00     0.00     0.00     0.00     0.00 -1    -1e-30      0.00 7.232e-01 2.723e-01 4.966e-04 7.503e-04 1.825e-03 -1.000 4.592e-03 -3.195 -3.125 -2.600 -3.810
0.0045 -0.53140 8.07001 4.6336383820 2.6120003571    4.631  3.208  3.6807  1.570    5  0.000  0.362     0.00     0.00     0.00     0.00     0.00 -1    -1e-30      0.00 7.232e-01 2.722e-01 4.968e-04 7.499e-04 1.825e-03 -1.000 4.598e-03 -3.251 -3.206 -2.705 -3.871
0.0045 -0.53140 8.07001 4.6397848129 2.6120381291    4.637  3.238  3.6910  1.582    5  0.000  0.362     0.00     0.00     0.00     0.00     0.00 -1    -1e-30      0.00 7.232e-01 2.722e-01 4.969e-04 7.497e-04 1.825e-03 -1.000 4.601e-03 -3.325 -3.307 -2.834 -3.950
0.0045 -0.53140 8.07001 4.6435613632 2.6120612803    4.641  3.261  3.7022  1.604    5  0.000  0.362     0.00     0.00     0.00     0.00     0.00 -1    -1e-30      0.00 7.233e-01 2.721e-01 4.970e-04 7.496e-04 1.825e-03 -1.000 4.603e-03 -3.383 -3.394 -2.949 -4.011
0.0045 -0.53140 8.07001 4.6467862129 2.6120810152    4.644  3.280  3.7168  1.644    5  0.000  0.362     0.00     0.00     0.00     0.00     0.00 -1    -1e-30      0.00 7.233e-01 2.721e-01 4.970e-04 7.495e-04 1.825e-03 -1.000 4.604e-03 -3.429 -3.472 -3.063 -4.054
0.0045 -0.53140 8.07001 4.6491637230 2.6120955445    4.647  3.291  3.7312  1.691    5  0.000  0.362     0.00     0.00     0.00     0.00     0.00 -1    -1e-30      0.00 7.233e-01 2.721e-01 4.970e-04 7.494e-04 1.825e-03 -1.000 4.605e-03 -3.458 -3.527 -3.153 -4.076
0.0045 -0.53140 8.07001 4.6510004997 2.6121067577    4.648  3.299  3.7438  1.734    5  0.000  0.362     0.00     0.00     0.00     0.00     0.00 -1    -1e-30      0.00 7.233e-01 2.721e-01 4.971e-04 7.493e-04 1.825e-03 -1.000 4.606e-03 -3.477 -3.567 -3.222 -4.084
0.0045 -0.53140 8.07001 4.6526556015 2.6121168530    4.650  3.305  3.7554  1.774    5  0.000  0.362     0.00     0.00     0.00     0.00     0.00 -1    -1e-30      0.00 7.233e-01 2.721e-01 4.971e-04 7.493e-04 1.825e-03 -1.000 4.607e-03 -3.493 -3.599 -3.282 -4.087
0.0045 -0.53140 8.07001 4.6541519165 2.6121259727    4.652  3.311  3.7660  1.811    5  0.000  0.362     0.00     0.00     0.00     0.00     0.00 -1    -1e-30      0.00 7.233e-01 2.721e-01 4.971e-04 7.492e-04 1.825e-03 -1.000 4.608e-03 -3.507 -3.625 -3.331 -4.086
0.0045 -0.53140 8.07001 4.6556315422 2.6121349840    4.653  3.316  3.7761  1.846    5  0.000  0.362     0.00     0.00     0.00     0.00     0.00 -1    -1e-30      0.00 7.233e-01 2.721e-01 4.971e-04 7.492e-04 1.825e-03 -1.000 4.609e-03 -3.520 -3.648 -3.377 -4.082
0.0045 -0.53140 8.07001 4.6571869850 2.6121444500    4.655  3.321  3.7865  1.883    5  0.000  0.362     0.00     0.00     0.00     0.00     0.00 -1    -1e-30      0.00 7.233e-01 2.721e-01 4.972e-04 7.491e-04 1.825e-03 -1.000 4.609e-03 -3.532 -3.669 -3.421 -4.075
0.0045 -0.53140 8.07001 4.6588549614 2.6121545928    4.656  3.326  3.7972  1.921    5  0.000  0.362     0.00     0.00     0.00     0.00     0.00 -1    -1e-30      0.00 7.233e-01 2.721e-01 4.972e-04 7.491e-04 1.825e-03 -1.000 4.610e-03 -3.545 -3.689 -3.464 -4.067
0.0045 -0.53140 8.07001 4.6605925560 2.6121651500    4.658  3.331  3.8076  1.958    5  0.000  0.362     0.00     0.00     0.00     0.00     0.00 -1    -1e-30      0.00 7.233e-01 2.721e-01 4.972e-04 7.490e-04 1.825e-03 -1.000 4.611e-03 -3.557 -3.708 -3.504 -4.057
0.0045 -0.53140 8.07001 4.6624684334 2.6121765372    4.660  3.336  3.8180  1.994    5  0.000  0.362     0.00     0.00     0.00     0.00     0.00 -1    -1e-30      0.00 7.233e-01 2.721e-01 4.972e-04 7.490e-04 1.825e-03 -1.000 4.612e-03 -3.570 -3.725 -3.542 -4.046
0.0045 -0.53140 8.07001 4.6644368172 2.6121884747    4.662  3.341  3.8282  2.030    5  0.000  0.362     0.00     0.00     0.00     0.00     0.00 -1    -1e-30      0.00 7.233e-01 2.720e-01 4.973e-04 7.489e-04 1.825e-03 -1.000 4.613e-03 -3.583 -3.741 -3.577 -4.033
0.0045 -0.53140 8.07001 4.6665472984 2.6122012611    4.664  3.346  3.8383  2.066    5  0.000  0.362     0.00     0.00     0.00     0.00     0.00 -1    -1e-30      0.00 7.234e-01 2.720e-01 4.973e-04 7.488e-04 1.825e-03 -1.000 4.614e-03 -3.596 -3.754 -3.609 -4.018
0.0045 -0.53140 8.07001 4.6686291695 2.6122138611    4.666  3.351  3.8474  2.098    5  0.000  0.362     0.00     0.00     0.00     0.00     0.00 -1    -1e-30      0.00 7.234e-01 2.720e-01 4.973e-04 7.488e-04 1.825e-03 -1.000 4.615e-03 -3.608 -3.765 -3.637 -4.003
0.0045 -0.53140 8.07001 4.6707878113 2.6122269121    4.668  3.356  3.8569  2.131    5  0.000  0.362     0.00     0.00     0.00     0.00     0.00 -1    -1e-30      0.00 7.234e-01 2.720e-01 4.974e-04 7.487e-04 1.825e-03 -1.000 4.616e-03 -3.620 -3.776 -3.665 -3.985
0.0045 -0.53140 8.07001 4.6737818718 2.6122449910    4.671  3.363  3.8688  2.172    5  0.000  0.362     0.00     0.00     0.00     0.00     0.00 -1    -1e-30      0.00 7.234e-01 2.720e-01 4.974e-04 7.486e-04 1.825e-03 -1.000 4.618e-03 -3.637 -3.786 -3.694 -3.963
0.0045 -0.53140 8.07001 4.6768240929 2.6122633335    4.674  3.369  3.8791  2.207    5  0.000  0.362     0.00     0.00     0.00     0.00     0.00 -1    -1e-30      0.00 7.234e-01 2.720e-01 4.975e-04 7.485e-04 1.825e-03 -1.000 4.619e-03 -3.652 -3.793 -3.717 -3.944
0.0045 -0.53140 8.07001 4.6807093620 2.6122867191    4.678  3.376  3.8896  2.243    5  0.000  0.362     0.00     0.00     0.00     0.00     0.00 -1    -1e-30      0.00 7.234e-01 2.720e-01 4.975e-04 7.484e-04 1.825e-03 -1.000 4.621e-03 -3.669 -3.800 -3.739 -3.924
0.0045 -0.53140 8.07001 4.6867733002 2.6123231292    4.684  3.385  3.9009  2.279    5  0.000  0.363     0.00     0.00     0.00     0.00     0.00 -1    -1e-30      0.00 7.234e-01 2.719e-01 4.976e-04 7.482e-04 1.826e-03 -1.000 4.624e-03 -3.693 -3.806 -3.758 -3.906
0.0045 -0.53140 8.07001 4.6937971115 2.6123651674    4.691  3.394  3.9074  2.297    5  0.000  0.363     0.00     0.00     0.00     0.00     0.00 -1    -1e-30      0.00 7.235e-01 2.719e-01 4.977e-04 7.479e-04 1.826e-03 -1.000 4.627e-03 -3.715 -3.816 -3.775 -3.903
0.0045 -0.53140 8.07001 4.6982731819 2.6123918818    4.696  3.397  3.9026  2.275    5  0.000  0.363     0.00     0.00     0.00     0.00     0.00 -1    -1e-30      0.00 7.235e-01 2.719e-01 4.978e-04 7.478e-04 1.826e-03 -1.000 4.629e-03 -3.724 -3.834 -3.788 -3.931
0.0045 -0.53140 8.07001 4.7034215927 2.6124225365    4.701  3.401  3.8964  2.246    6  0.000  0.363     0.00     0.00     0.00     0.00     0.00 -1    -1e-30      0.00 7.235e-01 2.719e-01 4.979e-04 7.476e-04 1.826e-03 -1.000 4.632e-03 -3.733 -3.855 -3.802 -3.964
0.0045 -0.53140 8.07001 4.7085323334 2.6124528908    4.706  3.405  3.8869  2.206    6  0.000  0.363     0.00     0.00     0.00     0.00     0.00 -1    -1e-30      0.00 7.235e-01 2.718e-01 4.979e-04 7.475e-04 1.826e-03 -1.000 4.634e-03 -3.741 -3.875 -3.811 -4.006
0.0045 -0.53140 8.07001 4.7123436928 2.6124754783    4.710  3.406  3.8765  2.163    6  0.000  0.363     0.00     0.00     0.00     0.00     0.00 -1    -1e-30      0.00 7.236e-01 2.718e-01 4.980e-04 7.473e-04 1.826e-03 -1.000 4.636e-03 -3.745 -3.889 -3.810 -4.045
0.0045 -0.53140 8.07001 4.7157015800 2.6124953436    4.713  3.407  3.8637  2.111    6  0.000  0.363     0.00     0.00     0.00     0.00     0.00 -1    -1e-30      0.00 7.236e-01 2.718e-01 4.980e-04 7.472e-04 1.826e-03 -1.000 4.638e-03 -3.747 -3.900 -3.802 -4.089
0.0045 -0.53140 8.07001 4.7181715965 2.6125099355    4.716  3.407  3.8519  2.064    6  0.000  0.363     0.00     0.00     0.00     0.00     0.00 -1    -1e-30      0.00 7.236e-01 2.718e-01 4.981e-04 7.471e-04 1.826e-03 -1.000 4.639e-03 -3.746 -3.904 -3.785 -4.127
0.0045 -0.53140 8.07001 4.7197341919 2.6125191576    4.717  3.406  3.8421  2.026    6  0.000  0.363     0.00     0.00     0.00     0.00     0.00 -1    -1e-30      0.00 7.236e-01 2.718e-01 4.981e-04 7.471e-04 1.826e-03 -1.000 4.640e-03 -3.744 -3.904 -3.767 -4.155
0.0045 -0.53140 8.07001 4.7211508751 2.6125275125    4.719  3.404  3.8309  1.983    6  0.000  0.363     0.00     0.00     0.00     0.00     0.00 -1    -1e-30      0.00 7.236e-01 2.718e-01 4.981e-04 7.470e-04 1.826e-03 -1.000 4.641e-03 -3.741 -3.901 -3.743 -4.185
0.0045 -0.53140 8.07001 4.7223849297 2.6125347857    4.720  3.403  3.8189  1.937    6  0.000  0.363     0.00     0.00     0.00     0.00     0.00 -1    -1e-30      0.00 7.236e-01 2.718e-01 4.982e-04 7.470e-04 1.826e-03 -1.000 4.641e-03 -3.737 -3.894 -3.713 -4.210
0.0045 -0.53140 8.07001 4.7234640121 2.6125411419    4.721  3.401  3.8069  1.891    6  0.000  0.363     0.00     0.00     0.00     0.00     0.00 -1    -1e-30      0.00 7.236e-01 2.718e-01 4.982e-04 7.470e-04 1.826e-03 -1.000 4.642e-03 -3.732 -3.884 -3.680 -4.234
0.0045 -0.53140 8.07001 4.7244081497 2.6125467005    4.722  3.399  3.7946  1.844    6  0.000  0.363     0.00     0.00     0.00     0.00     0.00 -1    -1e-30      0.00 7.236e-01 2.718e-01 4.982e-04 7.469e-04 1.826e-03 -1.000 4.642e-03 -3.727 -3.871 -3.641 -4.255
0.0045 -0.53140 8.07001 4.7252597809 2.6125517123    4.723  3.396  3.7813  1.794    6  0.000  0.363     0.00     0.00     0.00     0.00     0.00 -1    -1e-30      0.00 7.236e-01 2.717e-01 4.982e-04 7.469e-04 1.826e-03 -1.000 4.643e-03 -3.719 -3.854 -3.596 -4.274
0.0045 -0.53140 8.07001 4.7258434296 2.6125551458    4.723  3.393  3.7704  1.753    6  0.000  0.363     0.00     0.00     0.00     0.00     0.00 -1    -1e-30      0.00 7.236e-01 2.717e-01 4.982e-04 7.469e-04 1.826e-03 -1.000 4.643e-03 -3.713 -3.837 -3.553 -4.287
0.0045 -0.53140 8.07001 4.7263288498 2.6125580008    4.724  3.390  3.7600  1.714    6  0.000  0.363     0.00     0.00     0.00     0.00     0.00 -1    -1e-30      0.00 7.236e-01 2.717e-01 4.982e-04 7.469e-04 1.826e-03 -1.000 4.643e-03 -3.706 -3.819 -3.512 -4.296
0.0045 -0.53140 8.07001 4.7267737389 2.6125606167    4.724  3.387  3.7495  1.675    6  0.000  0.363     0.00     0.00     0.00     0.00     0.00 -1    -1e-30      0.00 7.236e-01 2.717e-01 4.982e-04 7.469e-04 1.826e-03 -1.000 4.643e-03 -3.698 -3.798 -3.466 -4.301
0.0045 -0.53140 8.07001 4.7272286415 2.6125632910    4.725  3.383  3.7381  1.634    6  0.000  0.363     0.00     0.00     0.00     0.00     0.00 -1    -1e-30      0.00 7.236e-01 2.717e-01 4.982e-04 7.468e-04 1.826e-03 -1.000 4.644e-03 -3.688 -3.771 -3.413 -4.303
0.0045 -0.53140 8.07001 4.7276978493 2.6125660487    4.725  3.378  3.7263  1.592    6  0.000  0.363     0.00     0.00     0.00     0.00     0.00 -1    -1e-30      0.00 7.236e-01 2.717e-01 4.982e-04 7.468e-04 1.826e-03 -1.000 4.644e-03 -3.675 -3.738 -3.351 -4.299
0.0045 -0.53140 8.07001 4.7282338142 2.6125691980    4.726  3.370  3.7135  1.549    6  0.000  0.363     0.00     0.00     0.00     0.00     0.00 -1    -1e-30      0.00 7.236e-01 2.717e-01 4.982e-04 7.468e-04 1.826e-03 -1.000 4.644e-03 -3.654 -3.692 -3.274 -4.283
0.0045 -0.53140 8.07001 4.7288537025 2.6125728394    4.727  3.356  3.7004  1.510    6  0.000  0.363     0.00     0.00     0.00     0.00     0.00 -1    -1e-30      0.00 7.236e-01 2.717e-01 4.982e-04 7.468e-04 1.826e-03 -1.000 4.644e-03 -3.619 -3.627 -3.176 -4.249
0.0045 -0.53140 8.07001 4.7294034958 2.6125760681    4.727  3.339  3.6903  1.487    6  0.000  0.363     0.00     0.00     0.00     0.00     0.00 -1    -1e-30      0.00 7.236e-01 2.717e-01 4.983e-04 7.468e-04 1.826e-03 -1.000 4.645e-03 -3.577 -3.559 -3.081 -4.204
0.0045 -0.53140 8.07001 4.7301363945 2.6125803708    4.728  3.313  3.6783  1.465    6  0.000  0.363     0.00     0.00     0.00     0.00     0.00 -1    -1e-30      0.00 7.236e-01 2.717e-01 4.983e-04 7.468e-04 1.826e-03 -1.000 4.645e-03 -3.513 -3.463 -2.953 -4.135
0.0045 -0.53140 8.07001 4.7309460640 2.6125851225    4.729  3.302  3.6644  1.421    6  0.000  0.363     0.00     0.00     0.00     0.00     0.00 -1    -1e-30      0.00 7.236e-01 2.717e-01 4.983e-04 7.467e-04 1.826e-03 -1.000 4.645e-03 -3.485 -3.392 -2.843 -4.094
0.0045 -0.53140 8.07001 4.7311072350 2.6125860681    4.729  3.305  3.6613  1.405    6  0.000  0.363     0.00     0.00     0.00     0.00     0.00 -1    -1e-30      0.00 7.236e-01 2.717e-01 4.983e-04 7.467e-04 1.826e-03 -1.000 4.645e-03 -3.492 -3.387 -2.829 -4.097
0.0045 -0.53140 8.07001 4.7312684059 2.6125870136    4.729  3.340  3.6552  1.345    7  0.000  0.363    14.44    11.14     7.98     5.83     4.79  4    -1e-30      0.00 7.236e-01 2.717e-01 4.983e-04 7.467e-04 1.826e-03 -1.000 4.646e-03 -3.580 -3.451 -2.873 -4.175
0.0045 -0.53140 8.07001 4.7314462662 2.6125880570    4.729  3.372  3.6512  1.297    7  0.000  0.363    15.99    12.15     8.67     6.35     5.21  4    -1e-30      0.00 7.236e-01 2.717e-01 4.983e-04 7.467e-04 1.826e-03 -1.000 4.646e-03 -3.661 -3.514 -2.923 -4.248
0.0045 -0.53140 8.07001 4.7320504189 2.6125916005    4.730  3.389  3.6491  1.272    7  0.000  0.363    16.86    12.71     9.05     6.63     5.45  4    -1e-30      0.00 7.236e-01 2.717e-01 4.983e-04 7.467e-04 1.826e-03 -1.000 4.646e-03 -3.703 -3.546 -2.948 -4.286
0.0045 -0.53140 8.07001 4.7323284149 2.6125932306    4.730  3.407  3.6466  1.244    7  0.000  0.363    17.88    13.37     9.49     6.96     5.72  4    -1e-30      0.00 7.236e-01 2.717e-01 4.983e-04 7.467e-04 1.826e-03 -1.000 4.646e-03 -3.747 -3.578 -2.972 -4.324
0.0045 -0.53140 8.07001 4.7325673103 2.6125946313    4.730  3.444  3.6425  1.191    7  0.000  0.363    20.00    14.72    10.41     7.64     6.28  4    -1e-30      0.00 7.236e-01 2.717e-01 4.983e-04 7.467e-04 1.826e-03 -1.000 4.646e-03 -3.839 -3.651 -3.030 -4.407
0.0045 -0.53140 8.07001 4.7328410149 2.6125962359    4.730  3.483  3.6385  1.136    7  0.000  0.363    22.49    16.27    11.45     8.42     6.92  4 -1.09e-30      0.00 7.236e-01 2.717e-01 4.983e-04 7.467e-04 1.826e-03 -1.000 4.646e-03 -3.938 -3.729 -3.094 -4.496
0.0045 -0.53140 8.07001 4.7331857681 2.6125982567    4.731  3.521  3.6347  1.082    7  0.000  0.363    25.19    17.93    12.56     9.26     7.61  4  -1.4e-30      0.00 7.236e-01 2.717e-01 4.983e-04 7.467e-04 1.826e-03 -1.000 4.647e-03 -4.034 -3.805 -3.155 -4.582
0.0045 -0.53140 8.07001 4.7336177826 2.6126007885    4.731  3.560  3.6311  1.029    7  0.000  0.363    28.19    19.73    13.77    10.16     8.35  4 -4.58e-25      0.00 7.236e-01 2.717e-01 4.982e-04 7.466e-04 1.826e-03 -1.000 4.647e-03 -4.130 -3.882 -3.219 -4.670
0.0045 -0.53140 8.07001 4.7341370583 2.6126038310    4.732  3.599  3.6277  0.977    7  0.000  0.363    31.50    21.69    15.07    11.14     9.16  4 -5.31e-21      0.00 7.236e-01 2.717e-01 4.978e-04 7.468e-04 1.826e-03 -1.000 4.648e-03 -4.227 -3.960 -3.282 -4.757
0.0045 -0.53140 8.07001 4.7347412109 2.6126073698    4.732  3.638  3.6245  0.925    7  0.000  0.361    35.13    23.82    16.48    12.19    10.03  4 -5.41e-12      0.00 7.237e-01 2.717e-01 4.962e-04 7.482e-04 1.826e-03 -1.000 4.671e-03 -4.325 -4.039 -3.347 -4.845
0.0045 -0.53140 8.07001 4.7354078293 2.6126112733    4.733  3.678  3.6212  0.872    7  0.000  0.359    39.27    26.20    18.05    13.37    11.00  4    -9e-11      0.00 7.237e-01 2.717e-01 4.927e-04 7.520e-04 1.826e-03 -1.000 4.672e-03 -4.424 -4.118 -3.411 -4.934
0.0045 -0.53140 8.07001 4.7360768318 2.6126151895    4.733  3.717  3.6179  0.820    7  0.000  0.356    43.89    28.81    19.76    14.66    12.07  4 -1.04e-08      0.00 7.237e-01 2.717e-01 4.889e-04 7.567e-04 1.826e-03 -1.000 4.681e-03 -4.522 -4.194 -3.472 -5.021
0.0045 -0.53140 8.07001 4.7366905212 2.6126187808    4.733  3.755  3.6145  0.768    7  0.000  0.354    48.98    31.64    21.61    16.06    13.22  4 -1.24e-08      0.00 7.237e-01 2.717e-01 4.856e-04 7.607e-04 1.826e-03 -1.000 4.681e-03 -4.618 -4.269 -3.531 -5.106
0.0045 -0.53140 8.07001 4.7372336388 2.6126219582    4.733  3.793  3.6111  0.717    7  0.000  0.352    54.57    34.70    23.60    17.56    14.46  4 -1.51e-08      0.00 7.237e-01 2.717e-01 4.830e-04 7.640e-04 1.826e-03 -1.000 4.681e-03 -4.712 -4.341 -3.587 -5.188
0.0045 -0.53140 8.07001 4.7377166748 2.6126247834    4.733  3.830  3.6078  0.666    7  0.000  0.350    60.74    38.03    25.76    19.19    15.81  4 -1.95e-08      0.00 7.237e-01 2.717e-01 4.808e-04 7.670e-04 1.826e-03 -1.000 4.681e-03 -4.805 -4.412 -3.641 -5.269
0.0045 -0.53140 8.07001 4.7381539345 2.6126273403    4.733  3.867  3.6044  0.616    7  0.000  0.349    67.57    41.65    28.10    20.96    17.27  3  -2.7e-08      0.00 7.237e-01 2.717e-01 4.789e-04 7.699e-04 1.825e-03 -1.000 4.664e-03 -4.897 -4.481 -3.693 -5.349
0.0045 -0.53140 8.07001 4.7385640144 2.6126297378    4.733  3.904  3.6011  0.565    7  0.000  0.348    75.24    45.66    30.68    22.91    18.88  3 -3.93e-08      0.00 7.237e-01 2.717e-01 4.774e-04 7.733e-04 1.823e-03 -1.000 4.674e-03 -4.990 -4.550 -3.745 -5.429
0.0045 -0.53140 8.07001 4.7389469147 2.6126319759    4.732  3.941  3.5976  0.514    7  0.000  0.348    83.78    50.05    33.49    25.05    20.65  3 -5.74e-08      0.00 7.236e-01 2.717e-01 4.760e-04 7.773e-04 1.820e-03 -1.000 4.681e-03 -5.083 -4.618 -3.794 -5.507
0.0045 -0.53140 8.07001 4.7393031120 2.6126340576    4.731  3.978  3.5942  0.464    7  0.000  0.348    93.24    54.84    36.54    27.37    22.56  3 -8.35e-08      0.00 7.236e-01 2.718e-01 4.749e-04 7.820e-04 1.817e-03 -1.000 4.675e-03 -5.175 -4.683 -3.839 -5.584
0.0045 -0.53140 8.07001 4.7396349907 2.6126359968    4.730  4.015  3.5908  0.414    7  0.000  0.348   103.67    60.04    39.85    29.88    24.64  3 -1.21e-07      0.00 7.234e-01 2.720e-01 4.737e-04 7.871e-04 1.812e-03 -1.000 4.665e-03 -5.266 -4.748 -3.882 -5.661
0.0045 -0.53140 8.07001 4.7399535179 2.6126378578    4.728  4.051  3.5874  0.363    7  0.000  0.347   115.37    65.78    43.48    32.65    26.93  3 -1.77e-07      0.00 7.226e-01 2.727e-01 4.722e-04 7.938e-04 1.807e-03 -1.000 4.681e-03 -5.358 -4.810 -3.921 -5.736
0.0045 -0.53140 8.07001 4.7402591705 2.6126396432    4.724  4.088  3.5840  0.312    7  0.000  0.348   128.41    72.08    47.45    35.68    29.44  3 -2.57e-07      0.00 7.204e-01 2.750e-01 4.701e-04 8.038e-04 1.799e-03 -1.000 4.681e-03 -5.450 -4.872 -3.959 -5.811
0.0045 -0.53140 8.07001 4.7405357361 2.6126412585    4.720  4.126  3.5802  0.259    7  0.000  0.348   143.68    79.35    52.00    39.16    32.32  2 -3.79e-07      0.00 7.068e-01 2.885e-01 4.612e-04 8.458e-04 1.763e-03 -1.000 4.672e-03 -5.544 -4.933 -3.994 -5.886
0.0045 -0.53140 8.07001 4.7407441139 2.6126424754    4.715  4.164  3.5757  0.202    7  0.000  0.348   161.90    87.88    57.33    43.24    35.69  2 -5.64e-07      0.00 6.803e-01 3.150e-01 4.449e-04 9.232e-04 1.699e-03 -1.000 4.633e-03 -5.640 -4.984 -4.007 -5.955
0.0045 -0.53140 8.07001 4.7409138680 2.6126434667    4.709  4.204  3.5708  0.142    7  0.000  0.349   183.78    97.94    63.58    48.03    39.66  2 -8.59e-07      0.00 6.604e-01 3.350e-01 4.331e-04 9.788e-04 1.652e-03 -1.000 4.646e-03 -5.740 -5.034 -4.016 -6.025
0.0045 -0.53140 8.07001 4.7410702705 2.6126443799    4.700  4.245  3.5660  0.081    7  0.000  0.349   209.18   109.41    70.67    53.48    44.17  2 -1.33e-06      0.01 6.519e-01 3.434e-01 4.282e-04 1.002e-03 1.633e-03 -1.000 4.654e-03 -5.843 -5.078 -4.010 -6.093
0.0045 -0.53140 8.07001 4.7412276268 2.6126452986    4.686  4.289  3.5610  0.016    7  0.000  0.349   239.70   122.96    79.00    59.89    49.48  2  -2.1e-06      0.01 6.476e-01 3.478e-01 4.257e-04 1.014e-03 1.622e-03 -1.000 4.637e-03 -5.952 -5.117 -3.991 -6.158
0.0045 -0.53140 8.07001 4.7413697243 2.6126461282    4.665  4.328  3.5562 -0.044    7  0.000  0.349   271.31   136.75    87.43    66.41    54.87  2 -3.17e-06      0.02 6.451e-01 3.502e-01 4.242e-04 1.021e-03 1.616e-03 -1.000 4.669e-03 -6.049 -5.130 -3.930 -6.200
0.0045 -0.53140 8.07001 4.7415313721 2.6126470718    4.630  4.369  3.5509 -0.110    7  0.000  0.349   310.87   153.77    97.78    74.41    61.50  2 -4.98e-06      0.04 6.437e-01 3.517e-01 4.233e-04 1.025e-03 1.613e-03 -1.000 4.613e-03 -6.152 -5.126 -3.833 -6.233
0.0045 -0.53140 8.07001 4.7417802811 2.6126485247    4.536  4.394  3.5466 -0.161    7  0.000  0.349   343.18   167.75   106.20    80.99    66.93  2 -6.92e-06      0.07 6.430e-01 3.524e-01 4.230e-04 1.027e-03 1.612e-03 -1.000 4.649e-03 -6.214 -5.069 -3.675 -6.212
0.0045 -0.53140 8.07001 4.7418384552 2.6126488642    4.511  4.380  3.5478 -0.144    7  0.000  0.349   330.85   162.66   103.11    78.61    64.96  2 -6.12e-06      0.06 6.429e-01 3.524e-01 4.229e-04 1.027e-03 1.612e-03 -1.000 4.640e-03 -6.180 -5.074 -3.712 -6.206
0.0045 -0.53140 8.07001 4.7418537140 2.6126489533    4.504  4.369  3.5490 -0.130    7  0.000  0.349   320.43   158.27   100.45    76.55    63.25  2  -5.5e-06      0.05 6.429e-01 3.524e-01 4.229e-04 1.027e-03 1.611e-03 -1.000 4.637e-03 -6.153 -5.083 -3.752 -6.204
0.0045 -0.53140 8.07001 4.7418637276 2.6126490117    4.501  4.356  3.5505 -0.111    7  0.000  0.349   307.83   152.91    97.19    74.04    61.17  2 -4.81e-06      0.04 6.429e-01 3.525e-01 4.229e-04 1.027e-03 1.611e-03 -1.000 4.630e-03 -6.120 -5.089 -3.792 -6.198
0.0045 -0.53140 8.07001 4.7418713570 2.6126490563    4.498  4.343  3.5520 -0.091    7  0.000  0.349   295.64   147.70    94.03    71.59    59.15  2  -4.2e-06      0.04 6.429e-01 3.525e-01 4.229e-04 1.027e-03 1.611e-03 -1.000 4.624e-03 -6.086 -5.087 -3.816 -6.185
0.0045 -0.53140 8.07001 4.7418856621 2.6126491398    4.494  4.324  3.5540 -0.066    7  0.000  0.349   279.97   140.95    89.92    68.42    56.52  2  -3.5e-06      0.03 6.429e-01 3.525e-01 4.229e-04 1.027e-03 1.611e-03 -1.000 4.633e-03 -6.041 -5.083 -3.847 -6.167
0.0045 -0.53140 8.07001 4.7418975830 2.6126492093    4.491  4.315  3.5550 -0.052    7  0.000  0.349   272.14   137.56    87.85    66.82    55.20  2 -3.19e-06      0.02 6.429e-01 3.525e-01 4.229e-04 1.028e-03 1.611e-03 -1.000 4.652e-03 -6.017 -5.080 -3.863 -6.157
0.0045 -0.53140 8.07001 4.7419195175 2.6126493373    4.488  4.259  3.5611  0.027    7  0.000  0.349   230.05   119.06    76.53    58.09    47.96  2  -1.8e-06      0.01 6.428e-01 3.525e-01 4.229e-04 1.028e-03 1.611e-03 -1.000 4.660e-03 -5.877 -5.049 -3.927 -6.088
0.0045 -0.53140 8.07001 4.7419505119 2.6126495182    4.484  4.286  3.5581 -0.011    7  0.000  0.349   249.55   127.70    81.82    62.17    51.34  2 -2.36e-06      0.01 6.428e-01 3.525e-01 4.229e-04 1.028e-03 1.611e-03 -1.000 4.660e-03 -5.944 -5.068 -3.904 -6.124
0.0045 -0.53140 8.07001 4.7419719696 2.6126496435    4.481  4.294  3.5572 -0.024    7  0.000  0.349   256.05   130.56    83.57    63.52    52.46  2 -2.57e-06      0.02 6.428e-01 3.525e-01 4.229e-04 1.028e-03 1.611e-03 -1.000 4.660e-03 -5.965 -5.073 -3.894 -6.135
0.0045 -0.53140 8.07001 4.7419729233 2.6126496490    4.481  4.291  3.5575 -0.019    7  0.000  0.349   253.62   129.50    82.92    63.02    52.05  2 -2.49e-06      0.02 6.428e-01 3.525e-01 4.229e-04 1.028e-03 1.611e-03 -1.000 4.660e-03 -5.957 -5.071 -3.898 -6.131
0.0045 -0.53140 8.07001 4.7419795990 2.6126496880    4.480  4.296  3.5569 -0.028    7  0.000  0.349   258.09   131.46    84.12    63.95    52.81  2 -2.64e-06      0.02 6.428e-01 3.525e-01 4.229e-04 1.028e-03 1.611e-03 -1.000 4.660e-03 -5.971 -5.074 -3.890 -6.138
0.0045 -0.53140 8.07001 4.7419896126 2.6126497464    4.478  4.309  3.5554 -0.046    7  0.000  0.349   268.46   135.99    86.89    66.08    54.58  2 -3.02e-06      0.02 6.428e-01 3.525e-01 4.229e-04 1.028e-03 1.611e-03 -1.000 4.660e-03 -6.003 -5.075 -3.865 -6.150
0.0045 -0.53140 8.07001 4.7420091629 2.6126498605    4.475  4.325  3.5535 -0.070    7  0.000  0.349   282.05   141.91    90.49    68.87    56.89  2 -3.58e-06      0.03 6.428e-01 3.525e-01 4.229e-04 1.028e-03 1.611e-03 -1.000 4.660e-03 -6.042 -5.076 -3.833 -6.163
