Zini MH logAge Mini int_IMF Mass logL logTe logg label McoreTP C_O period0 period1 period2 period3 period4 pmode Mloss tau1m X Y Xc Xn Xo Cexcess Z mbolmag Gmag G_BPmag G_RPmag
0.007 -0.33541 8.37001 0.0900000036 1.0816895926    0.090 -2.988  3.4244  5.030    0  0.000  0.545     0.00     0.00     0.00     0.00     0.00 -1 -1.33e-16      0.00 7.317e-01 2.612e-01 1.272e-03 3.431e-04 3.112e-03 -1.000 7.072e-03 12.240 13.982 16.727 12.538
0.007 -0.33541 8.37001 0.0964612737 1.1408473082    0.096 -2.928  3.4331  5.035    0  0.000  0.545     0.00     0.00     0.00     0.00     0.00 -1 -1.47e-16      0.00 7.317e-01 2.612e-01 1.272e-03 3.431e-04 3.112e-03 -1.000 7.072e-03 12.090 13.730 16.304 12.312
0.007 -0.33541 8.37001 0.0996483564 1.1681622722    0.100 -2.898  3.4378  5.038    0  0.000  0.545     0.00     0.00     0.00     0.00     0.00 -1 -1.54e-16      0.00 7.317e-01 2.612e-01 1.272e-03 3.431e-04 3.112e-03 -1.000 7.072e-03 12.015 13.603 16.096 12.198
0.007 -0.33541 8.37001 0.1072442159 1.2289196726    0.107 -2.840  3.4455  5.042    0  0.000  0.545     0.00     0.00     0.00     0.00     0.00 -1 -1.69e-16      0.00 7.317e-01 2.612e-01 1.272e-03 3.431e-04 3.112e-03 -1.000 7.072e-03 11.869 13.375 15.740 11.992
0.007 -0.33541 8.37001 0.1174600348 1.3023414670    0.117 -2.764  3.4557  5.046    0  0.000  0.545     0.00     0.00     0.00     0.00     0.00 -1 -1.92e-16      0.00 7.317e-01 2.612e-01 1.272e-03 3.431e-04 3.112e-03 -1.000 7.072e-03 11.679 13.075 15.261 11.724
0.007 -0.33541 8.37001 0.1189450845 1.3123229328    0.119 -2.753  3.4573  5.047    0  0.000  0.545     0.00     0.00     0.00     0.00     0.00 -1 -1.95e-16      0.00 7.317e-01 2.612e-01 1.272e-03 3.431e-04 3.112e-03 -1.000 7.072e-03 11.652 13.031 15.190 11.685
0.007 -0.33541 8.37001 0.1282598376 1.3714386970    0.128 -2.692  3.4649  5.049    0  0.000  0.545     0.00     0.00     0.00     0.00     0.00 -1 -2.16e-16      0.00 7.317e-01 2.612e-01 1.272e-03 3.431e-04 3.112e-03 -1.000 7.072e-03 11.500 12.800 14.833 11.479
0.007 -0.33541 8.37001 0.1382417977 1.4288911444    0.138 -2.628  3.4729  5.050    0  0.000  0.545     0.00     0.00     0.00     0.00     0.00 -1 -2.39e-16      0.00 7.317e-01 2.612e-01 1.272e-03 3.431e-04 3.112e-03 -1.000 7.072e-03 11.340 12.559 14.468 11.265
0.007 -0.33541 8.37001 0.1402115673 1.4395926966    0.140 -2.617  3.4741  5.050    0  0.000  0.545     0.00     0.00     0.00     0.00     0.00 -1 -2.43e-16      0.00 7.317e-01 2.612e-01 1.272e-03 3.431e-04 3.112e-03 -1.000 7.072e-03 11.312 12.519 14.409 11.230
0.007 -0.33541 8.37001 0.1511266232 1.4955442339    0.151 -2.552  3.4810  5.044    0  0.000  0.545     0.00     0.00     0.00     0.00     0.00 -1 -2.75e-16      0.00 7.317e-01 2.612e-01 1.272e-03 3.431e-04 3.112e-03 -1.000 7.072e-03 11.149 12.288 14.073 11.022
0.007 -0.33541 8.37001 0.1575385332 1.5260193710    0.157 -2.515  3.4848  5.041    0  0.000  0.545     0.00     0.00     0.00     0.00     0.00 -1 -2.94e-16      0.00 7.317e-01 2.612e-01 1.272e-03 3.431e-04 3.112e-03 -1.000 7.072e-03 11.057 12.157 13.884 10.906
0.007 -0.33541 8.37001 0.1961319745 1.6805893256    0.196 -2.324  3.5019  5.013    0  0.000  0.545     0.00     0.00     0.00     0.00     0.00 -1 -4.23e-16      0.00 7.317e-01 2.613e-01 1.272e-03 3.431e-04 3.112e-03 -1.000 7.072e-03 10.580 11.525 13.029 10.335
0.007 -0.33541 8.37001 0.2443737835 1.8258323712    0.244 -2.143  3.5167  4.987    0  0.000  0.545     0.00     0.00     0.00     0.00     0.00 -1 -5.94e-16      0.00 7.317e-01 2.613e-01 1.272e-03 3.431e-04 3.112e-03 -1.000 7.072e-03 10.128 10.953 12.301 9.815
0.007 -0.33541 8.37001 0.2926155925 1.9378845064    0.292 -2.003  3.5279  4.970    0  0.000  0.545     0.00     0.00     0.00     0.00     0.00 -1 -7.64e-16      0.00 7.317e-01 2.613e-01 1.272e-03 3.431e-04 3.112e-03 -1.000 7.072e-03 9.777 10.523 11.775 9.421
0.007 -0.33541 8.37001 0.3408574164 2.0281734154    0.340 -1.865  3.5386  4.941    0  0.000  0.545     0.00     0.00     0.00     0.00     0.00 -1 -1.01e-15      0.00 7.317e-01 2.612e-01 1.272e-03 3.431e-04 3.112e-03 -1.000 7.072e-03 9.432 10.110 11.282 9.039
0.007 -0.33541 8.37001 0.3890992403 2.1032117912    0.388 -1.711  3.5501  4.891    0  0.000  0.545     0.00     0.00     0.00     0.00     0.00 -1 -1.42e-15      0.00 7.317e-01 2.612e-01 1.272e-03 3.431e-04 3.112e-03 -1.000 7.072e-03 9.049 9.659 10.755 8.622
0.007 -0.33541 8.37001 0.4373410344 2.1670360615    0.437 -1.562  3.5636  4.846    0  0.000  0.545     0.00     0.00     0.00     0.00     0.00 -1 -1.98e-15      0.00 7.317e-01 2.612e-01 1.272e-03 3.431e-04 3.112e-03 -1.000 7.072e-03 8.675 9.209 10.223 8.211
0.007 -0.33541 8.37001 0.4829131663 2.2194382303    0.482 -1.421  3.5770  4.802    0  0.000  0.545     0.00     0.00     0.00     0.00     0.00 -1 -2.73e-15      0.00 7.317e-01 2.612e-01 1.272e-03 3.431e-04 3.112e-03 -1.000 7.072e-03 8.323 8.786 9.728 7.826
0.007 -0.33541 8.37001 0.4855828285 2.2223072234    0.485 -1.413  3.5778  4.800    0  0.000  0.545     0.00     0.00     0.00     0.00     0.00 -1 -2.79e-15      0.00 7.317e-01 2.612e-01 1.272e-03 3.431e-04 3.112e-03 -1.000 7.072e-03 8.301 8.760 9.698 7.802
0.007 -0.33541 8.37001 0.5338246226 2.2697980445    0.533 -1.249  3.5978  4.757    0  0.000  0.545     0.00     0.00     0.00     0.00     0.00 -1 -4.07e-15      0.00 7.320e-01 2.609e-01 1.270e-03 3.426e-04 3.107e-03 -1.000 7.071e-03 7.892 8.259 9.107 7.353
0.007 -0.33541 8.37001 0.5820664167 2.3085344924    0.581 -1.084  3.6216  4.725    0  0.000  0.545     0.00     0.00     0.00     0.00     0.00 -1  -5.9e-15      0.00 7.323e-01 2.606e-01 1.269e-03 3.424e-04 3.105e-03 -1.000 7.070e-03 7.480 7.755 8.507 6.907
0.007 -0.33541 8.37001 0.5848192573 2.3105243304    0.584 -1.075  3.6231  4.724    0  0.000  0.545     0.00     0.00     0.00     0.00     0.00 -1 -6.02e-15      0.00 7.323e-01 2.606e-01 1.269e-03 3.424e-04 3.105e-03 -1.000 7.070e-03 7.456 7.726 8.471 6.882
0.007 -0.33541 8.37001 0.6303082108 2.3405328719    0.630 -0.926  3.6480  4.707    0  0.000  0.545     0.00     0.00     0.00     0.00     0.00 -1 -8.32e-15      0.00 7.324e-01 2.606e-01 1.269e-03 3.423e-04 3.104e-03 -1.000 7.044e-03 7.085 7.254 7.897 6.480
0.007 -0.33541 8.37001 0.6785501242 2.3673564686    0.678 -0.772  3.6736  4.688    0  0.000  0.545     0.00     0.00     0.00     0.00     0.00 -1 -1.17e-14      0.00 7.325e-01 2.605e-01 1.268e-03 3.422e-04 3.103e-03 -1.000 7.021e-03 6.701 6.769 7.313 6.069
0.007 -0.33541 8.37001 0.6829510927 2.3695875285    0.683 -0.759  3.6759  4.686    0  0.000  0.544     0.00     0.00     0.00     0.00     0.00 -1  -1.2e-14      0.00 7.325e-01 2.604e-01 1.267e-03 3.421e-04 3.103e-03 -1.000 7.023e-03 6.667 6.727 7.264 6.034
0.007 -0.33541 8.37001 0.7267918587 2.3901268728    0.726 -0.631  3.6982  4.675    0  0.000  0.541     0.00     0.00     0.00     0.00     0.00 -1 -1.58e-14      0.00 7.326e-01 2.603e-01 1.257e-03 3.418e-04 3.103e-03 -1.000 7.063e-03 6.348 6.342 6.812 5.704
0.007 -0.33541 8.37001 0.7755740285 2.4098717853    0.775 -0.499  3.7200  4.659    0  0.000  0.538     0.00     0.00     0.00     0.00     0.00 -1 -2.12e-14      0.00 7.328e-01 2.602e-01 1.250e-03 3.414e-04 3.101e-03 -1.000 7.051e-03 6.018 5.964 6.379 5.377
0.007 -0.33541 8.37001 0.8243562579 2.4269537923    0.824 -0.375  3.7388  4.637    0  0.000  0.538     0.00     0.00     0.00     0.00     0.00 -1  -2.8e-14      0.00 7.330e-01 2.600e-01 1.250e-03 3.412e-04 3.099e-03 -1.000 7.039e-03 5.709 5.626 5.999 5.081
0.007 -0.33541 8.37001 0.8770051003 2.4429597545    0.876 -0.248  3.7565  4.607    0  0.000  0.537     0.00     0.00     0.00     0.00     0.00 -1 -3.77e-14      0.00 7.333e-01 2.597e-01 1.248e-03 3.408e-04 3.096e-03 -1.000 7.044e-03 5.390 5.293 5.627 4.786
0.007 -0.33541 8.37001 0.9153023362 2.4532818594    0.914 -0.160  3.7680  4.583    0  0.000  0.537     0.00     0.00     0.00     0.00     0.00 -1 -4.64e-14      0.00 7.336e-01 2.594e-01 1.247e-03 3.406e-04 3.094e-03 -1.000 7.072e-03 5.169 5.067 5.378 4.586
0.007 -0.33541 8.37001 0.9219205379 2.4549659816    0.921 -0.145  3.7699  4.579    0  0.000  0.537     0.00     0.00     0.00     0.00     0.00 -1  -4.8e-14      0.00 7.335e-01 2.594e-01 1.247e-03 3.406e-04 3.094e-03 -1.000 7.069e-03 5.133 5.030 5.337 4.554
0.007 -0.33541 8.37001 0.9270708561 2.4562574590    0.926 -0.133  3.7713  4.575    0  0.000  0.537     0.00     0.00     0.00     0.00     0.00 -1 -4.94e-14      0.00 7.336e-01 2.593e-01 1.247e-03 3.405e-04 3.093e-03 -1.000 7.072e-03 5.104 5.001 5.305 4.527
0.007 -0.33541 8.37001 0.9484498501 2.4614463803    0.948 -0.087  3.7771  4.562    0  0.000  0.538     0.00     0.00     0.00     0.00     0.00 -1 -5.52e-14      0.00 7.339e-01 2.591e-01 1.246e-03 3.402e-04 3.090e-03 -1.000 7.059e-03 4.988 4.884 5.176 4.424
0.007 -0.33541 8.37001 0.9707027674 2.4665691833    0.970 -0.040  3.7829  4.549    0  0.000  0.538     0.00     0.00     0.00     0.00     0.00 -1 -6.18e-14      0.00 7.341e-01 2.588e-01 1.245e-03 3.398e-04 3.087e-03 -1.000 7.040e-03 4.871 4.767 5.047 4.321
0.007 -0.33541 8.37001 1.0194849968 2.4769047482    1.019  0.062  3.7945  4.514    0  0.000  0.537     0.00     0.00     0.00     0.00     0.00 -1 -7.71e-14      0.00 7.352e-01 2.579e-01 1.239e-03 3.385e-04 3.075e-03 -1.000 6.966e-03 4.616 4.514 4.771 4.094
0.007 -0.33541 8.37001 1.0556848049 2.4838685887    1.055  0.135  3.8023  4.487    1  0.000  0.537     0.00     0.00     0.00     0.00     0.00 -1 -8.74e-14      0.00 7.354e-01 2.576e-01 1.239e-03 3.385e-04 3.075e-03 -1.000 6.973e-03 4.433 4.333 4.576 3.931
0.007 -0.33541 8.37001 1.0682671070 2.4861623348    1.067  0.160  3.8050  4.479    1  0.000  0.537     0.00     0.00     0.00     0.00     0.00 -1 -9.12e-14      0.00 7.354e-01 2.576e-01 1.240e-03 3.386e-04 3.076e-03 -1.000 6.977e-03 4.371 4.272 4.510 3.877
0.007 -0.33541 8.37001 1.1170494556 2.4944963106    1.116  0.253  3.8150  4.445    1  0.000  0.537     0.00     0.00     0.00     0.00     0.00 -1 -1.06e-13      0.00 7.354e-01 2.576e-01 1.241e-03 3.389e-04 3.079e-03 -1.000 6.985e-03 4.138 4.042 4.262 3.670
0.007 -0.33541 8.37001 1.1658315659 2.5020333135    1.165  0.341  3.8250  4.415    1  0.000  0.537     0.00     0.00     0.00     0.00     0.00 -1 -1.21e-13      0.00 7.356e-01 2.575e-01 1.241e-03 3.388e-04 3.077e-03 -1.000 6.991e-03 3.917 3.823 4.027 3.473
0.007 -0.33541 8.37001 1.2146137953 2.5088783730    1.214  0.425  3.8350  4.390    1  0.000  0.537     0.00     0.00     0.00     0.00     0.00 -1 -1.34e-13      0.00 7.355e-01 2.575e-01 1.240e-03 3.389e-04 3.078e-03 -1.000 6.972e-03 3.708 3.617 3.805 3.290
0.007 -0.33541 8.37001 1.2633960247 2.5151191170    1.263  0.504  3.8458  4.371    1  0.000  0.537     0.00     0.00     0.00     0.00     0.00 -1 -1.45e-13      0.00 7.355e-01 2.575e-01 1.241e-03 3.388e-04 3.077e-03 -1.000 7.008e-03 3.510 3.423 3.594 3.120
0.007 -0.33541 8.37001 1.2740539312 2.5164096410    1.274  0.521  3.8484  4.368    1  0.000  0.537     0.00     0.00     0.00     0.00     0.00 -1 -1.46e-13      0.00 7.355e-01 2.575e-01 1.240e-03 3.388e-04 3.077e-03 -1.000 7.003e-03 3.469 3.382 3.549 3.086
0.007 -0.33541 8.37001 1.3121781349 2.5208292482    1.312  0.579  3.8578  4.360    1  0.000  0.537     0.00     0.00     0.00     0.00     0.00 -1 -1.52e-13      0.00 7.357e-01 2.574e-01 1.240e-03 3.386e-04 3.076e-03 -1.000 6.986e-03 3.322 3.239 3.391 2.964
0.007 -0.33541 8.37001 1.3609604836 2.5260712240    1.361  0.651  3.8718  4.360    1  0.000  0.537     0.00     0.00     0.00     0.00     0.00 -1 -1.54e-13      0.00 7.358e-01 2.572e-01 1.239e-03 3.385e-04 3.075e-03 -1.000 6.979e-03 3.142 3.066 3.198 2.824
0.007 -0.33541 8.37001 1.4097425938 2.5308981725    1.410  0.720  3.8868  4.367    1  0.000  0.537     0.00     0.00     0.00     0.00     0.00 -1  -1.5e-13      0.00 7.359e-01 2.571e-01 1.239e-03 3.384e-04 3.074e-03 -1.000 6.999e-03 2.971 2.904 3.014 2.698
0.007 -0.33541 8.37001 1.4585247040 2.5353556906    1.459  0.786  3.9016  4.374    1  0.000  0.537     0.00     0.00     0.00     0.00     0.00 -1 -1.42e-13      0.00 7.360e-01 2.570e-01 1.238e-03 3.383e-04 3.073e-03 -1.000 6.972e-03 2.804 2.750 2.840 2.581
0.007 -0.33541 8.37001 1.5073068142 2.5394830383    1.507  0.850  3.9156  4.380    1  0.000  0.537     0.00     0.00     0.00     0.00     0.00 -1 -1.28e-13      0.00 7.362e-01 2.568e-01 1.238e-03 3.381e-04 3.072e-03 -1.000 6.987e-03 2.644 2.607 2.678 2.473
0.007 -0.33541 8.37001 1.5560891628 2.5433142270    1.556  0.912  3.9288  4.386    1  0.000  0.537     0.00     0.00     0.00     0.00     0.00 -1 -1.07e-13      0.00 7.363e-01 2.568e-01 1.238e-03 3.380e-04 3.071e-03 -1.000 6.976e-03 2.491 2.475 2.528 2.373
0.007 -0.33541 8.37001 1.5732350349 2.5445960809    1.573  0.933  3.9332  4.387    1  0.000  0.537     0.00     0.00     0.00     0.00     0.00 -1 -9.63e-14      0.00 7.363e-01 2.567e-01 1.237e-03 3.380e-04 3.071e-03 -1.000 6.972e-03 2.439 2.432 2.480 2.341
0.007 -0.33541 8.37001 1.6048712730 2.5468787904    1.604  0.971  3.9411  4.389    1  0.000  0.537     0.00     0.00     0.00     0.00     0.00 -1  -7.9e-14      0.00 7.364e-01 2.566e-01 1.237e-03 3.379e-04 3.070e-03 -1.000 6.972e-03 2.344 2.357 2.396 2.282
0.007 -0.33541 8.37001 1.6536533833 2.5502025845    1.653  1.027  3.9524  4.391    1  0.000  0.537     0.00     0.00     0.00     0.00     0.00 -1 -2.85e-15      0.00 7.365e-01 2.565e-01 1.237e-03 3.378e-04 3.069e-03 -1.000 6.968e-03 2.202 2.248 2.276 2.196
0.007 -0.33541 8.37001 1.7024356127 2.5533082844    1.702  1.081  3.9628  4.391    1  0.000  0.537     0.00     0.00     0.00     0.00     0.00 -1    -1e-30      0.00 7.366e-01 2.565e-01 1.236e-03 3.378e-04 3.068e-03 -1.000 6.975e-03 2.067 2.147 2.166 2.112
0.007 -0.33541 8.37001 1.7256338596 2.5547145422    1.725  1.106  3.9674  4.390    1  0.000  0.537     0.00     0.00     0.00     0.00     0.00 -1    -1e-30      0.00 7.366e-01 2.564e-01 1.236e-03 3.377e-04 3.068e-03 -1.000 6.971e-03 2.004 2.101 2.116 2.074
0.007 -0.33541 8.37001 1.7512178421 2.5562158455    1.750  1.134  3.9723  4.389    1  0.000  0.537     0.00     0.00     0.00     0.00     0.00 -1    -1e-30      0.00 7.367e-01 2.564e-01 1.236e-03 3.377e-04 3.068e-03 -1.000 6.959e-03 1.936 2.052 2.063 2.032
0.007 -0.33541 8.37001 1.7999999523 2.5589429085    1.799  1.184  3.9811  4.385    1  0.000  0.537     0.00     0.00     0.00     0.00     0.00 -1    -1e-30      0.00 7.367e-01 2.564e-01 1.236e-03 3.376e-04 3.068e-03 -1.000 6.935e-03 1.810 1.961 1.965 1.953
0.007 -0.33541 8.37001 1.8391871452 2.5610135099    1.838  1.224  3.9877  4.382    1  0.000  0.537     0.00     0.00     0.00     0.00     0.00 -1    -1e-30      0.00 7.367e-01 2.563e-01 1.236e-03 3.376e-04 3.067e-03 -1.000 6.957e-03 1.711 1.890 1.891 1.891
0.007 -0.33541 8.37001 1.8487784863 2.5615049516    1.848  1.233  3.9893  4.381    1  0.000  0.537     0.00     0.00     0.00     0.00     0.00 -1    -1e-30      0.00 7.367e-01 2.563e-01 1.236e-03 3.376e-04 3.067e-03 -1.000 6.963e-03 1.687 1.873 1.873 1.876
0.007 -0.33541 8.37001 1.8975570202 2.5639161075    1.897  1.281  3.9970  4.375    1  0.000  0.537     0.00     0.00     0.00     0.00     0.00 -1    -1e-30      0.00 7.368e-01 2.562e-01 1.236e-03 3.375e-04 3.067e-03 -1.000 6.972e-03 1.568 1.788 1.783 1.800
0.007 -0.33541 8.37001 1.9123108387 2.5646175928    1.911  1.295  3.9993  4.374    1  0.000  0.537     0.00     0.00     0.00     0.00     0.00 -1    -1e-30      0.00 7.368e-01 2.562e-01 1.236e-03 3.375e-04 3.066e-03 -1.000 6.972e-03 1.533 1.763 1.756 1.777
0.007 -0.33541 8.37001 1.9463355541 2.5661888074    1.946  1.327  4.0044  4.369    1  0.000  0.537     0.00     0.00     0.00     0.00     0.00 -1    -1e-30      0.00 7.368e-01 2.562e-01 1.236e-03 3.375e-04 3.067e-03 -1.000 6.972e-03 1.451 1.705 1.696 1.725
0.007 -0.33541 8.37001 1.9665610790 2.5670932207    1.966  1.347  4.0074  4.367    1  0.000  0.537     0.00     0.00     0.00     0.00     0.00 -1    -1e-30      0.00 7.368e-01 2.562e-01 1.236e-03 3.375e-04 3.066e-03 -1.000 6.966e-03 1.404 1.671 1.660 1.694
0.007 -0.33541 8.37001 1.9951140881 2.5683341806    1.995  1.373  4.0115  4.363    1  0.000  0.537     0.00     0.00     0.00     0.00     0.00 -1    -1e-30      0.00 7.369e-01 2.562e-01 1.235e-03 3.375e-04 3.066e-03 -1.000 6.954e-03 1.337 1.624 1.610 1.650
0.007 -0.33541 8.37001 2.0438926220 2.5703622186    2.043  1.418  4.0183  4.355    1  0.000  0.537     0.00     0.00     0.00     0.00     0.00 -1    -1e-30      0.00 7.369e-01 2.561e-01 1.235e-03 3.375e-04 3.066e-03 -1.000 6.985e-03 1.225 1.544 1.527 1.577
0.007 -0.33541 8.37001 2.0760426521 2.5716391444    2.075  1.447  4.0226  4.350    1  0.000  0.537     0.00     0.00     0.00     0.00     0.00 -1    -1e-30      0.00 7.369e-01 2.561e-01 1.235e-03 3.374e-04 3.066e-03 -1.000 6.982e-03 1.152 1.492 1.474 1.529
0.007 -0.33541 8.37001 2.0926709175 2.5722819057    2.092  1.462  4.0249  4.348    1  0.000  0.537     0.00     0.00     0.00     0.00     0.00 -1    -1e-30      0.00 7.369e-01 2.561e-01 1.235e-03 3.374e-04 3.065e-03 -1.000 6.980e-03 1.115 1.466 1.446 1.504
0.007 -0.33541 8.37001 2.1414496899 2.5741013849    2.140  1.506  4.0311  4.339    1  0.000  0.537     0.00     0.00     0.00     0.00     0.00 -1    -1e-30      0.00 7.369e-01 2.561e-01 1.236e-03 3.374e-04 3.066e-03 -1.000 6.972e-03 1.006 1.388 1.365 1.432
0.007 -0.33541 8.37001 2.1902279854 2.5758279618    2.189  1.548  4.0371  4.331    1  0.000  0.537     0.00     0.00     0.00     0.00     0.00 -1    -1e-30      0.00 7.369e-01 2.561e-01 1.235e-03 3.374e-04 3.066e-03 -1.000 6.972e-03 0.900 1.312 1.286 1.360
0.007 -0.33541 8.37001 2.2261629105 2.5770444183    2.224  1.579  4.0414  4.324    1  0.000  0.537     0.00     0.00     0.00     0.00     0.00 -1    -1e-30      0.00 7.370e-01 2.561e-01 1.235e-03 3.374e-04 3.066e-03 -1.000 6.973e-03 0.823 1.256 1.229 1.308
0.007 -0.33541 8.37001 2.2390067577 2.5774683258    2.238  1.590  4.0429  4.321    1  0.000  0.537     0.00     0.00     0.00     0.00     0.00 -1    -1e-30      0.00 7.370e-01 2.561e-01 1.235e-03 3.374e-04 3.066e-03 -1.000 6.973e-03 0.795 1.236 1.208 1.289
0.007 -0.33541 8.37001 2.2877850533 2.5790284923    2.286  1.632  4.0483  4.311    1  0.000  0.537     0.00     0.00     0.00     0.00     0.00 -1    -1e-30      0.00 7.370e-01 2.561e-01 1.235e-03 3.374e-04 3.065e-03 -1.000 6.974e-03 0.691 1.160 1.130 1.217
0.007 -0.33541 8.37001 2.3001420498 2.5794116677    2.299  1.642  4.0497  4.308    1  0.000  0.537     0.00     0.00     0.00     0.00     0.00 -1    -1e-30      0.00 7.370e-01 2.561e-01 1.235e-03 3.374e-04 3.065e-03 -1.000 6.974e-03 0.665 1.141 1.110 1.199
0.007 -0.33541 8.37001 2.3365635872 2.5805139911    2.335  1.672  4.0535  4.300    1  0.000  0.537     0.00     0.00     0.00     0.00     0.00 -1    -1e-30      0.00 7.370e-01 2.561e-01 1.235e-03 3.374e-04 3.065e-03 -1.000 6.971e-03 0.589 1.084 1.052 1.145
0.007 -0.33541 8.37001 2.3853423595 2.5819298447    2.384  1.713  4.0585  4.288    1  0.000  0.537     0.00     0.00     0.00     0.00     0.00 -1    -1e-30      0.00 7.369e-01 2.561e-01 1.235e-03 3.374e-04 3.065e-03 -1.000 6.970e-03 0.487 1.009 0.975 1.073
0.007 -0.33541 8.37001 2.4555530548 2.5838546574    2.455  1.770  4.0654  4.272    1  0.000  0.537     0.00     0.00     0.00     0.00     0.00 -1    -1e-30      0.00 7.355e-01 2.575e-01 1.241e-03 3.389e-04 3.079e-03 -1.000 7.000e-03 0.345 0.902 0.866 0.971
0.007 -0.33541 8.37001 2.5665762424 2.5866526003    2.566  1.859  4.0755  4.242    1  0.000  0.538     0.00     0.00     0.00     0.00     0.00 -1    -1e-30      0.00 7.327e-01 2.602e-01 1.252e-03 3.417e-04 3.105e-03 -1.000 7.053e-03 0.123 0.733 0.693 0.808
0.007 -0.33541 8.37001 2.5804562569 2.5869829787    2.580  1.870  4.0767  4.239    1  0.000  0.538     0.00     0.00     0.00     0.00     0.00 -1    -1e-30      0.00 7.324e-01 2.606e-01 1.253e-03 3.421e-04 3.108e-03 -1.000 7.062e-03 0.095 0.712 0.671 0.788
0.007 -0.33541 8.37001 2.6129195690 2.5877399486    2.612  1.895  4.0793  4.229    1  0.000  0.538     0.00     0.00     0.00     0.00     0.00 -1    -1e-30      0.00 7.323e-01 2.607e-01 1.254e-03 3.422e-04 3.109e-03 -1.000 7.064e-03 0.031 0.662 0.620 0.739
0.007 -0.33541 8.37001 2.6973352432 2.5896106107    2.697  1.962  4.0854  4.201    1  0.000  0.538     0.00     0.00     0.00     0.00     0.00 -1    -1e-30      0.00 7.320e-01 2.609e-01 1.254e-03 3.424e-04 3.111e-03 -1.000 7.068e-03 -0.135 0.528 0.484 0.609
0.007 -0.33541 8.37001 2.7730009556 2.5911765349    2.773  2.022  4.0900  4.171    1  0.000  0.538     0.00     0.00     0.00     0.00     0.00 -1    -1e-30      0.00 7.318e-01 2.611e-01 1.255e-03 3.426e-04 3.112e-03 -1.000 7.072e-03 -0.284 0.403 0.357 0.487
0.007 -0.33541 8.37001 2.7755703926 2.5912279891    2.775  2.024  4.0901  4.170    1  0.000  0.538     0.00     0.00     0.00     0.00     0.00 -1    -1e-30      0.00 7.318e-01 2.611e-01 1.255e-03 3.426e-04 3.113e-03 -1.000 7.072e-03 -0.289 0.399 0.353 0.483
0.007 -0.33541 8.37001 2.7792725563 2.5913019342    2.779  2.027  4.0903  4.169    1  0.000  0.538     0.00     0.00     0.00     0.00     0.00 -1    -1e-30      0.00 7.318e-01 2.611e-01 1.255e-03 3.426e-04 3.113e-03 -1.000 7.072e-03 -0.296 0.393 0.347 0.477
0.007 -0.33541 8.37001 2.8477168083 2.5926292736    2.847  2.080  4.0936  4.139    1  0.000  0.538     0.00     0.00     0.00     0.00     0.00 -1    -1e-30      0.00 7.318e-01 2.611e-01 1.255e-03 3.426e-04 3.113e-03 -1.000 7.072e-03 -0.430 0.276 0.230 0.362
0.007 -0.33541 8.37001 2.9102706909 2.5937797963    2.910  2.129  4.0960  4.109    1  0.000  0.538     0.00     0.00     0.00     0.00     0.00 -1    -1e-30      0.00 7.318e-01 2.611e-01 1.255e-03 3.426e-04 3.113e-03 -1.000 7.072e-03 -0.553 0.166 0.119 0.254
0.007 -0.33541 8.37001 2.9620032310 2.5946891874    2.961  2.170  4.0972  4.080    1  0.000  0.538     0.00     0.00     0.00     0.00     0.00 -1    -1e-30      0.00 7.318e-01 2.611e-01 1.255e-03 3.426e-04 3.113e-03 -1.000 7.072e-03 -0.655 0.070 0.022 0.159
0.007 -0.33541 8.37001 2.9706845284 2.5948382285    2.970  2.177  4.0973  4.075    1  0.000  0.538     0.00     0.00     0.00     0.00     0.00 -1    -1e-30      0.00 7.318e-01 2.611e-01 1.255e-03 3.426e-04 3.113e-03 -1.000 7.072e-03 -0.672 0.053 0.005 0.142
0.007 -0.33541 8.37001 3.0202136040 2.5956697339    3.019  2.216  4.0978  4.045    1  0.000  0.538     0.00     0.00     0.00     0.00     0.00 -1    -1e-30      0.00 7.318e-01 2.611e-01 1.255e-03 3.426e-04 3.113e-03 -1.000 7.072e-03 -0.770 -0.042 -0.091 0.046
0.007 -0.33541 8.37001 3.0820603371 2.5966650041    3.081  2.265  4.0973  4.003    1  0.000  0.538     0.00     0.00     0.00     0.00     0.00 -1    -1e-30      0.00 7.318e-01 2.611e-01 1.255e-03 3.426e-04 3.113e-03 -1.000 7.072e-03 -0.893 -0.168 -0.217 -0.080
0.007 -0.33541 8.37001 3.1374170780 2.5975176699    3.136  2.309  4.0956  3.959    1  0.000  0.538     0.00     0.00     0.00     0.00     0.00 -1    -1e-30      0.00 7.318e-01 2.611e-01 1.255e-03 3.426e-04 3.113e-03 -1.000 7.072e-03 -1.003 -0.289 -0.337 -0.201
0.007 -0.33541 8.37001 3.1657986641 2.5979415603    3.164  2.333  4.0938  3.933    1  0.000  0.538     0.00     0.00     0.00     0.00     0.00 -1    -1e-30      0.00 7.318e-01 2.611e-01 1.255e-03 3.426e-04 3.113e-03 -1.000 7.072e-03 -1.062 -0.357 -0.404 -0.271
0.007 -0.33541 8.37001 3.1911957264 2.5983135336    3.190  2.353  4.0921  3.909    1  0.000  0.538     0.00     0.00     0.00     0.00     0.00 -1    -1e-30      0.00 7.318e-01 2.611e-01 1.255e-03 3.426e-04 3.113e-03 -1.000 7.072e-03 -1.113 -0.418 -0.465 -0.333
0.007 -0.33541 8.37001 3.2425179482 2.5990448026    3.241  2.395  4.0872  3.854    1  0.000  0.538     0.00     0.00     0.00     0.00     0.00 -1    -1e-30      0.00 7.318e-01 2.611e-01 1.255e-03 3.426e-04 3.113e-03 -1.000 7.072e-03 -1.218 -0.550 -0.596 -0.468
0.007 -0.33541 8.37001 3.2850682735 2.5996312026    3.283  2.431  4.0815  3.802    1  0.000  0.538     0.00     0.00     0.00     0.00     0.00 -1    -1e-30      0.00 7.318e-01 2.611e-01 1.255e-03 3.426e-04 3.113e-03 -1.000 7.072e-03 -1.307 -0.670 -0.713 -0.591
0.007 -0.33541 8.37001 3.3264601231 2.6001851146    3.324  2.466  4.0735  3.740    1  0.000  0.538     0.00     0.00     0.00     0.00     0.00 -1    -1e-30      0.00 7.318e-01 2.611e-01 1.255e-03 3.426e-04 3.113e-03 -1.000 7.072e-03 -1.395 -0.801 -0.842 -0.727
0.007 -0.33541 8.37001 3.3609127998 2.6006342203    3.359  2.495  4.0656  3.683    1  0.000  0.538     0.00     0.00     0.00     0.00     0.00 -1    -1e-30      0.00 7.318e-01 2.611e-01 1.255e-03 3.426e-04 3.113e-03 -1.000 7.072e-03 -1.468 -0.917 -0.956 -0.848
0.007 -0.33541 8.37001 3.3799157143 2.6008774311    3.377  2.512  4.0610  3.651    1  0.000  0.538     0.00     0.00     0.00     0.00     0.00 -1    -1e-30      0.00 7.318e-01 2.611e-01 1.255e-03 3.426e-04 3.113e-03 -1.000 7.072e-03 -1.509 -0.982 -1.019 -0.916
0.007 -0.33541 8.37001 3.4044425488 2.6011867292    3.402  2.534  4.0535  3.601    1  0.000  0.538     0.00     0.00     0.00     0.00     0.00 -1    -1e-30      0.00 7.318e-01 2.611e-01 1.255e-03 3.426e-04 3.113e-03 -1.000 7.072e-03 -1.566 -1.078 -1.112 -1.016
0.007 -0.33541 8.37001 3.4319941998 2.6015281160    3.429  2.564  4.0484  3.555    1  0.000  0.538     0.00     0.00     0.00     0.00     0.00 -1    -1e-30      0.00 7.318e-01 2.611e-01 1.255e-03 3.426e-04 3.113e-03 -1.000 7.072e-03 -1.639 -1.178 -1.211 -1.120
0.007 -0.33541 8.37001 3.4370701313 2.6015903246    3.434  2.572  4.0508  3.557    1  0.000  0.538     0.00     0.00     0.00     0.00     0.00 -1    -1e-30      0.00 7.318e-01 2.611e-01 1.255e-03 3.426e-04 3.113e-03 -1.000 7.072e-03 -1.661 -1.187 -1.221 -1.127
0.007 -0.33541 8.37001 3.4469704628 2.6017110531    3.444  2.594  4.0605  3.575    1  0.000  0.538     0.00     0.00     0.00     0.00     0.00 -1    -1e-30      0.00 7.318e-01 2.611e-01 1.255e-03 3.426e-04 3.113e-03 -1.000 7.072e-03 -1.714 -1.191 -1.228 -1.125
0.007 -0.33541 8.37001 3.4499464035 2.6017471871    3.447  2.608  4.0701  3.600    1  0.000  0.538     0.00     0.00     0.00     0.00     0.00 -1    -1e-30      0.00 7.318e-01 2.611e-01 1.255e-03 3.426e-04 3.113e-03 -1.000 7.072e-03 -1.749 -1.175 -1.215 -1.103
0.007 -0.33541 8.37001 3.4513404369 2.6017640889    3.448  2.621  4.0797  3.626    1  0.000  0.538     0.00     0.00     0.00     0.00     0.00 -1    -1e-30      0.00 7.318e-01 2.611e-01 1.255e-03 3.426e-04 3.113e-03 -1.000 7.072e-03 -1.782 -1.157 -1.200 -1.080
0.007 -0.33541 8.37001 3.4521152973 2.6017734768    3.449  2.635  4.0893  3.649    1  0.000  0.538     0.00     0.00     0.00     0.00     0.00 -1    -1e-30      0.00 7.318e-01 2.611e-01 1.255e-03 3.426e-04 3.113e-03 -1.000 7.072e-03 -1.819 -1.142 -1.188 -1.059
0.007 -0.33541 8.37001 3.4525959492 2.6017792978    3.450  2.653  4.0989  3.671    1  0.000  0.538     0.00     0.00     0.00     0.00     0.00 -1    -1e-30      0.00 7.318e-01 2.611e-01 1.255e-03 3.426e-04 3.113e-03 -1.000 7.072e-03 -1.862 -1.132 -1.182 -1.044
0.007 -0.33541 8.37001 3.4529135227 2.6017831427    3.450  2.668  4.1071  3.688    1  0.000  0.538     0.00     0.00     0.00     0.00     0.00 -1    -1e-30      0.00 7.318e-01 2.611e-01 1.255e-03 3.426e-04 3.113e-03 -1.000 7.072e-03 -1.901 -1.127 -1.179 -1.033
0.007 -0.33541 8.37001 3.4530334473 2.6017845945    3.450  2.673  4.1098  3.694    1  0.000  0.538     0.00     0.00     0.00     0.00     0.00 -1    -1e-30      0.00 7.318e-01 2.611e-01 1.255e-03 3.426e-04 3.113e-03 -1.000 7.072e-03 -1.913 -1.123 -1.176 -1.028
0.007 -0.33541 8.37001 3.4530529976 2.6017848312    3.450  2.670  4.1090  3.694    1  0.000  0.538     0.00     0.00     0.00     0.00     0.00 -1    -1e-30      0.00 7.318e-01 2.611e-01 1.255e-03 3.426e-04 3.113e-03 -1.000 7.072e-03 -1.905 -1.119 -1.172 -1.025
0.007 -0.33541 8.37001 3.4532361031 2.6017870475    3.450  2.636  4.0989  3.688    2  0.000  0.538     0.00     0.00     0.00     0.00     0.00 -1    -1e-30      0.00 7.318e-01 2.611e-01 1.255e-03 3.426e-04 3.113e-03 -1.000 7.072e-03 -1.819 -1.089 -1.139 -1.001
0.007 -0.33541 8.37001 3.4533398151 2.6017883027    3.450  2.619  4.0895  3.667    2  0.000  0.538     0.00     0.00     0.00     0.00     0.00 -1    -1e-30      0.00 7.318e-01 2.611e-01 1.255e-03 3.426e-04 3.113e-03 -1.000 7.072e-03 -1.779 -1.100 -1.147 -1.017
0.007 -0.33541 8.37001 3.4534707069 2.6017898868    3.451  2.616  4.0779  3.623    2  0.000  0.538     0.00     0.00     0.00     0.00     0.00 -1    -1e-30      0.00 7.318e-01 2.611e-01 1.255e-03 3.426e-04 3.113e-03 -1.000 7.072e-03 -1.771 -1.155 -1.198 -1.079
0.007 -0.33541 8.37001 3.4536178112 2.6017916669    3.451  2.627  4.0664  3.566    2  0.000  0.538     0.00     0.00     0.00     0.00     0.00 -1    -1e-30      0.00 7.318e-01 2.611e-01 1.255e-03 3.426e-04 3.113e-03 -1.000 7.072e-03 -1.799 -1.244 -1.283 -1.175
0.007 -0.33541 8.37001 3.4537863731 2.6017937064    3.451  2.642  4.0548  3.505    2  0.000  0.538     0.00     0.00     0.00     0.00     0.00 -1    -1e-30      0.00 7.318e-01 2.611e-01 1.255e-03 3.426e-04 3.113e-03 -1.000 7.072e-03 -1.835 -1.341 -1.377 -1.279
0.007 -0.33541 8.37001 3.4539706707 2.6017959361    3.451  2.654  4.0432  3.447    2  0.000  0.538     0.00     0.00     0.00     0.00     0.00 -1    -1e-30      0.00 7.318e-01 2.611e-01 1.255e-03 3.426e-04 3.113e-03 -1.000 7.072e-03 -1.864 -1.430 -1.461 -1.375
0.007 -0.33541 8.37001 3.4541664124 2.6017983040    3.451  2.661  4.0315  3.393    2  0.000  0.538     0.00     0.00     0.00     0.00     0.00 -1    -1e-30      0.00 7.318e-01 2.611e-01 1.255e-03 3.426e-04 3.113e-03 -1.000 7.072e-03 -1.883 -1.507 -1.535 -1.461
0.007 -0.33541 8.37001 3.4543712139 2.6018007811    3.451  2.666  4.0197  3.341    2  0.000  0.538     0.00     0.00     0.00     0.00     0.00 -1    -1e-30      0.00 7.318e-01 2.611e-01 1.255e-03 3.426e-04 3.113e-03 -1.000 7.072e-03 -1.895 -1.577 -1.600 -1.538
0.007 -0.33541 8.37001 3.4545819759 2.6018033299    3.452  2.669  4.0080  3.291    2  0.000  0.538     0.00     0.00     0.00     0.00     0.00 -1    -1e-30      0.00 7.318e-01 2.611e-01 1.255e-03 3.426e-04 3.113e-03 -1.000 7.072e-03 -1.902 -1.640 -1.658 -1.610
0.007 -0.33541 8.37001 3.4547955990 2.6018059130    3.452  2.670  3.9962  3.243    2  0.000  0.538     0.00     0.00     0.00     0.00     0.00 -1    -1e-30      0.00 7.318e-01 2.611e-01 1.255e-03 3.426e-04 3.113e-03 -1.000 7.072e-03 -1.905 -1.697 -1.711 -1.677
0.007 -0.33541 8.37001 3.4550089836 2.6018084928    3.452  2.670  3.9843  3.196    2  0.000  0.538     0.00     0.00     0.00     0.00     0.00 -1    -1e-30      0.00 7.318e-01 2.611e-01 1.255e-03 3.426e-04 3.113e-03 -1.000 7.072e-03 -1.905 -1.750 -1.758 -1.740
0.007 -0.33541 8.37001 3.4552190304 2.6018110319    3.452  2.669  3.9725  3.149    2  0.000  0.538     0.00     0.00     0.00     0.00     0.00 -1    -1e-30      0.00 7.318e-01 2.611e-01 1.255e-03 3.426e-04 3.113e-03 -1.000 7.072e-03 -1.902 -1.797 -1.799 -1.798
0.007 -0.33541 8.37001 3.4554235935 2.6018135044    3.453  2.667  3.9606  3.104    2  0.000  0.538     0.00     0.00     0.00     0.00     0.00 -1    -1e-30      0.00 7.318e-01 2.611e-01 1.255e-03 3.426e-04 3.113e-03 -1.000 7.072e-03 -1.896 -1.840 -1.835 -1.854
0.007 -0.33541 8.37001 3.4556205273 2.6018158844    3.453  2.664  3.9486  3.059    2  0.000  0.538     0.00     0.00     0.00     0.00     0.00 -1    -1e-30      0.00 7.318e-01 2.611e-01 1.255e-03 3.426e-04 3.113e-03 -1.000 7.072e-03 -1.889 -1.877 -1.865 -1.906
0.007 -0.33541 8.37001 3.4558091164 2.6018181632    3.453  2.660  3.9366  3.015    2  0.000  0.538     0.00     0.00     0.00     0.00     0.00 -1    -1e-30      0.00 7.318e-01 2.611e-01 1.255e-03 3.426e-04 3.113e-03 -1.000 7.072e-03 -1.880 -1.908 -1.886 -1.954
0.007 -0.33541 8.37001 3.4559879303 2.6018203236    3.453  2.656  3.9246  2.971    2  0.000  0.538     0.00     0.00     0.00     0.00     0.00 -1    -1e-30      0.00 7.318e-01 2.611e-01 1.255e-03 3.426e-04 3.113e-03 -1.000 7.072e-03 -1.869 -1.931 -1.899 -1.997
0.007 -0.33541 8.37001 3.4561569691 2.6018223657    3.453  2.651  3.9125  2.928    2  0.000  0.538     0.00     0.00     0.00     0.00     0.00 -1    -1e-30      0.00 7.318e-01 2.611e-01 1.255e-03 3.426e-04 3.113e-03 -1.000 7.072e-03 -1.857 -1.945 -1.900 -2.035
0.007 -0.33541 8.37001 3.4563162327 2.6018242895    3.453  2.645  3.9005  2.885    2  0.000  0.538     0.00     0.00     0.00     0.00     0.00 -1    -1e-30      0.00 7.318e-01 2.611e-01 1.255e-03 3.426e-04 3.113e-03 -1.000 7.072e-03 -1.843 -1.953 -1.894 -2.069
0.007 -0.33541 8.37001 3.4564659595 2.6018260979    3.454  2.639  3.8884  2.842    2  0.000  0.538     0.00     0.00     0.00     0.00     0.00 -1    -1e-30      0.00 7.318e-01 2.611e-01 1.255e-03 3.426e-04 3.113e-03 -1.000 7.072e-03 -1.829 -1.953 -1.878 -2.099
0.007 -0.33541 8.37001 3.4566066265 2.6018277967    3.454  2.633  3.8763  2.800    2  0.000  0.538     0.00     0.00     0.00     0.00     0.00 -1    -1e-30      0.00 7.318e-01 2.611e-01 1.255e-03 3.426e-04 3.113e-03 -1.000 7.072e-03 -1.813 -1.948 -1.854 -2.126
0.007 -0.33541 8.37001 3.4567382336 2.6018293860    3.454  2.626  3.8642  2.759    2  0.000  0.538     0.00     0.00     0.00     0.00     0.00 -1    -1e-30      0.00 7.318e-01 2.611e-01 1.255e-03 3.426e-04 3.113e-03 -1.000 7.072e-03 -1.796 -1.938 -1.825 -2.149
0.007 -0.33541 8.37001 3.4568622112 2.6018308830    3.454  2.619  3.8521  2.717    2  0.000  0.538     0.00     0.00     0.00     0.00     0.00 -1    -1e-30      0.00 7.318e-01 2.611e-01 1.255e-03 3.426e-04 3.113e-03 -1.000 7.072e-03 -1.778 -1.924 -1.790 -2.169
0.007 -0.33541 8.37001 3.4569780827 2.6018322820    3.454  2.612  3.8399  2.676    2  0.000  0.538     0.00     0.00     0.00     0.00     0.00 -1    -1e-30      0.00 7.318e-01 2.611e-01 1.255e-03 3.426e-04 3.113e-03 -1.000 7.072e-03 -1.759 -1.907 -1.752 -2.185
0.007 -0.33541 8.37001 3.4570872784 2.6018336003    3.454  2.604  3.8278  2.636    2  0.000  0.538     0.00     0.00     0.00     0.00     0.00 -1    -1e-30      0.00 7.318e-01 2.611e-01 1.255e-03 3.426e-04 3.113e-03 -1.000 7.072e-03 -1.739 -1.887 -1.710 -2.197
0.007 -0.33541 8.37001 3.4571900368 2.6018348408    3.454  2.595  3.8157  2.596    2  0.000  0.538     0.00     0.00     0.00     0.00     0.00 -1    -1e-30      0.00 7.318e-01 2.611e-01 1.255e-03 3.426e-04 3.113e-03 -1.000 7.072e-03 -1.719 -1.864 -1.665 -2.205
0.007 -0.33541 8.37001 3.4572870731 2.6018360122    3.454  2.587  3.8036  2.556    2  0.000  0.538     0.00     0.00     0.00     0.00     0.00 -1    -1e-30      0.00 7.318e-01 2.611e-01 1.255e-03 3.426e-04 3.113e-03 -1.000 7.072e-03 -1.697 -1.839 -1.616 -2.211
0.007 -0.33541 8.37001 3.4573788643 2.6018371201    3.454  2.578  3.7918  2.518    2  0.000  0.538     0.00     0.00     0.00     0.00     0.00 -1    -1e-30      0.00 7.318e-01 2.611e-01 1.255e-03 3.426e-04 3.113e-03 -1.000 7.072e-03 -1.675 -1.810 -1.564 -2.213
0.007 -0.33541 8.37001 3.4574670792 2.6018381849    3.455  2.568  3.7805  2.482    2  0.000  0.538     0.00     0.00     0.00     0.00     0.00 -1    -1e-30      0.00 7.318e-01 2.611e-01 1.255e-03 3.426e-04 3.113e-03 -1.000 7.072e-03 -1.651 -1.779 -1.510 -2.211
0.007 -0.33541 8.37001 3.4575555325 2.6018392524    3.455  2.558  3.7696  2.449    2  0.000  0.538     0.00     0.00     0.00     0.00     0.00 -1    -1e-30      0.00 7.318e-01 2.611e-01 1.255e-03 3.426e-04 3.113e-03 -1.000 7.072e-03 -1.625 -1.742 -1.449 -2.203
0.007 -0.33541 8.37001 3.4576537609 2.6018404379    3.455  2.545  3.7591  2.420    2  0.000  0.538     0.00     0.00     0.00     0.00     0.00 -1    -1e-30      0.00 7.318e-01 2.611e-01 1.255e-03 3.426e-04 3.113e-03 -1.000 7.072e-03 -1.592 -1.699 -1.383 -2.184
0.007 -0.33541 8.37001 3.4577684402 2.6018418218    3.455  2.528  3.7489  2.396    2  0.000  0.538     0.00     0.00     0.00     0.00     0.00 -1    -1e-30      0.00 7.318e-01 2.611e-01 1.255e-03 3.426e-04 3.113e-03 -1.000 7.072e-03 -1.550 -1.643 -1.307 -2.153
0.007 -0.33541 8.37001 3.4579281807 2.6018437492    3.455  2.501  3.7378  2.378    2  0.000  0.538     0.00     0.00     0.00     0.00     0.00 -1    -1e-30      0.00 7.318e-01 2.611e-01 1.255e-03 3.426e-04 3.113e-03 -1.000 7.072e-03 -1.484 -1.560 -1.201 -2.094
0.007 -0.33541 8.37001 3.4580717087 2.6018454809    3.455  2.476  3.7296  2.371    2  0.000  0.538     0.00     0.00     0.00     0.00     0.00 -1    -1e-30      0.00 7.318e-01 2.611e-01 1.255e-03 3.426e-04 3.113e-03 -1.000 7.072e-03 -1.419 -1.483 -1.105 -2.035
0.007 -0.33541 8.37001 3.4582316875 2.6018474109    3.455  2.449  3.7212  2.364    2  0.000  0.538     0.00     0.00     0.00     0.00     0.00 -1    -1e-30      0.00 7.318e-01 2.611e-01 1.255e-03 3.426e-04 3.113e-03 -1.000 7.072e-03 -1.353 -1.402 -1.005 -1.973
0.007 -0.33541 8.37001 3.4584052563 2.6018495046    3.455  2.431  3.7126  2.348    2  0.000  0.538     0.00     0.00     0.00     0.00     0.00 -1    -1e-30      0.00 7.318e-01 2.611e-01 1.255e-03 3.426e-04 3.113e-03 -1.000 7.072e-03 -1.308 -1.340 -0.923 -1.930
0.007 -0.33541 8.37001 3.4584641457 2.6018502149    3.456  2.428  3.7097  2.340    2  0.000  0.538     0.00     0.00     0.00     0.00     0.00 -1    -1e-30      0.00 7.318e-01 2.611e-01 1.255e-03 3.426e-04 3.113e-03 -1.000 7.072e-03 -1.299 -1.325 -0.902 -1.922
0.007 -0.33541 8.37001 3.4585273266 2.6018509769    3.456  2.432  3.7067  2.323    2  0.000  0.538     0.00     0.00     0.00     0.00     0.00 -1    -1e-30      0.00 7.318e-01 2.611e-01 1.255e-03 3.426e-04 3.113e-03 -1.000 7.072e-03 -1.310 -1.330 -0.899 -1.933
0.007 -0.33541 8.37001 3.4587221146 2.6018533261    3.456  2.461  3.6978  2.258    3  0.000  0.538     0.00     0.00     0.00     0.00     0.00 -1    -1e-30      0.00 7.318e-01 2.612e-01 1.255e-03 3.427e-04 3.113e-03 -1.000 7.072e-03 -1.384 -1.383 -0.930 -2.006
0.007 -0.33541 8.37001 3.4588582516 2.6018549677    3.456  2.495  3.6922  2.202    3  0.000  0.537     0.00     0.00     0.00     0.00     0.00 -1    -1e-30      0.00 7.317e-01 2.612e-01 1.253e-03 3.430e-04 3.113e-03 -1.000 7.072e-03 -1.468 -1.453 -0.985 -2.089
0.007 -0.33541 8.37001 3.4590089321 2.6018567846    3.456  2.534  3.6870  2.143    3  0.000  0.533     2.86     2.43     1.85     1.34     1.09  4    -1e-30      0.00 7.316e-01 2.613e-01 1.244e-03 3.465e-04 3.113e-03 -1.000 7.072e-03 -1.565 -1.536 -1.055 -2.185
0.007 -0.33541 8.37001 3.4591965675 2.6018590468    3.456  2.573  3.6825  2.086    3  0.000  0.512     3.21     2.70     2.04     1.48     1.21  4    -1e-30      0.00 7.315e-01 2.614e-01 1.196e-03 3.865e-04 3.113e-03 -1.000 7.073e-03 -1.662 -1.621 -1.127 -2.280
0.007 -0.33541 8.37001 3.4594590664 2.6018622111    3.457  2.615  3.6779  2.025    3  0.000  0.469     3.64     3.01     2.27     1.65     1.35  4    -1e-30      0.00 7.313e-01 2.616e-01 1.095e-03 4.972e-04 3.113e-03 -1.000 7.100e-03 -1.768 -1.712 -1.206 -2.382
0.007 -0.33541 8.37001 3.4595341682 2.6018631163    3.457  2.626  3.6767  2.010    3  0.000  0.457     3.75     3.09     2.33     1.69     1.38  4    -1e-30      0.00 7.313e-01 2.616e-01 1.066e-03 5.320e-04 3.113e-03 -1.000 7.072e-03 -1.794 -1.735 -1.225 -2.408
0.007 -0.33541 8.37001 3.4595861435 2.6018637427    3.457  2.632  3.6760  2.000    3  0.000  0.450     3.82     3.14     2.37     1.72     1.40  4    -1e-30      0.00 7.313e-01 2.616e-01 1.049e-03 5.526e-04 3.113e-03 -1.000 7.094e-03 -1.811 -1.749 -1.237 -2.424
0.007 -0.33541 8.37001 3.4596898556 2.6018649927    3.457  2.645  3.6747  1.982    3  0.000  0.437     3.97     3.25     2.44     1.78     1.45  4    -1e-30      0.00 7.312e-01 2.617e-01 1.017e-03 5.918e-04 3.113e-03 -1.000 7.133e-03 -1.844 -1.778 -1.262 -2.456
0.007 -0.33541 8.37001 3.4598920345 2.6018674291    3.457  2.670  3.6723  1.948    3  0.000  0.417     4.25     3.46     2.59     1.88     1.54  4    -1e-30      0.00 7.310e-01 2.618e-01 9.717e-04 6.476e-04 3.112e-03 -1.000 7.128e-03 -1.904 -1.832 -1.308 -2.515
0.007 -0.33541 8.37001 3.4602150917 2.6018713215    3.457  2.708  3.6686  1.895    3  0.000  0.393     4.73     3.81     2.84     2.07     1.69  4    -1e-30      0.00 7.308e-01 2.621e-01 9.150e-04 7.175e-04 3.112e-03 -1.000 7.108e-03 -2.001 -1.917 -1.382 -2.609
0.007 -0.33541 8.37001 3.4605381489 2.6018752131    3.458  2.747  3.6650  1.842    3  0.000  0.376     5.27     4.19     3.11     2.27     1.86  4    -1e-30      0.00 7.305e-01 2.624e-01 8.762e-04 7.704e-04 3.106e-03 -1.000 7.120e-03 -2.097 -2.000 -1.454 -2.702
0.007 -0.33541 8.37001 3.4608612061 2.6018791038    3.458  2.785  3.6615  1.790    3  0.000  0.368     5.86     4.60     3.41     2.49     2.03  4    -1e-30      0.00 7.293e-01 2.635e-01 8.469e-04 8.410e-04 3.066e-03 -1.000 7.142e-03 -2.193 -2.084 -1.528 -2.794
0.007 -0.33541 8.37001 3.4611842632 2.6018829937    3.458  2.824  3.6583  1.738    3  0.000  0.366     6.50     5.05     3.72     2.72     2.23  4    -1e-30      0.00 7.264e-01 2.665e-01 8.233e-04 9.311e-04 2.996e-03 -1.000 7.127e-03 -2.289 -2.169 -1.602 -2.886
0.007 -0.33541 8.37001 3.4615476131 2.6018873678    3.459  2.867  3.6547  1.681    3  0.000  0.366     7.31     5.61     4.11     3.01     2.46  4    -1e-30      0.00 7.214e-01 2.715e-01 8.010e-04 1.027e-03 2.918e-03 -1.000 7.139e-03 -2.397 -2.262 -1.685 -2.988
0.007 -0.33541 8.37001 3.4618704319 2.6018912530    3.459  2.905  3.6516  1.630    3  0.000  0.365     8.11     6.15     4.49     3.29     2.69  4    -1e-30      0.00 7.163e-01 2.766e-01 7.848e-04 1.097e-03 2.861e-03 -1.000 7.122e-03 -2.494 -2.346 -1.759 -3.079
0.007 -0.33541 8.37001 3.4621930122 2.6018951346    3.459  2.944  3.6485  1.579    3  0.000  0.365     8.99     6.74     4.90     3.60     2.95  4    -1e-30      0.00 7.113e-01 2.815e-01 7.720e-04 1.153e-03 2.816e-03 -1.000 7.122e-03 -2.590 -2.429 -1.833 -3.169
0.007 -0.33541 8.37001 3.4625160694 2.6018990211    3.460  2.979  3.6456  1.533    3  0.000  0.365     9.87     7.33     5.31     3.90     3.19  4    -1e-30      0.00 7.074e-01 2.855e-01 7.632e-04 1.192e-03 2.784e-03 -1.000 7.127e-03 -2.677 -2.503 -1.898 -3.249
0.007 -0.33541 8.37001 3.4628829956 2.6019034343    3.460  3.004  3.6436  1.500    3  0.000  0.365    10.56     7.78     5.62     4.14     3.39  4    -1e-30      0.00 7.048e-01 2.881e-01 7.578e-04 1.215e-03 2.765e-03 -1.000 7.102e-03 -2.740 -2.557 -1.945 -3.307
0.007 -0.33541 8.37001 3.4631252289 2.6019063471    3.460  3.017  3.6426  1.483    3  0.000  0.365    10.93     8.02     5.79     4.26     3.49  4    -1e-30      0.00 7.035e-01 2.894e-01 7.551e-04 1.227e-03 2.755e-03 -1.000 7.094e-03 -2.772 -2.584 -1.969 -3.337
0.007 -0.33541 8.37001 3.4643902779 2.6019215518    3.461  3.006  3.6436  1.497    4  0.000  0.365     0.00     0.00     0.00     0.00     0.00 -1    -1e-30      0.00 7.035e-01 2.894e-01 7.552e-04 1.227e-03 2.755e-03 -1.000 7.094e-03 -2.746 -2.563 -1.951 -3.313
0.007 -0.33541 8.37001 3.4682486057 2.6019678465    3.465  2.973  3.6468  1.544    4  0.000  0.365     0.00     0.00     0.00     0.00     0.00 -1    -1e-30      0.00 7.035e-01 2.894e-01 7.553e-04 1.227e-03 2.755e-03 -1.000 7.094e-03 -2.662 -2.494 -1.892 -3.237
0.007 -0.33541 8.37001 3.4713964462 2.6020055287    3.468  2.939  3.6500  1.591    4  0.000  0.365     0.00     0.00     0.00     0.00     0.00 -1    -1e-30      0.00 7.035e-01 2.894e-01 7.553e-04 1.226e-03 2.755e-03 -1.000 7.094e-03 -2.578 -2.424 -1.832 -3.160
0.007 -0.33541 8.37001 3.4739887714 2.6020365020    3.471  2.904  3.6532  1.639    4  0.000  0.365     0.00     0.00     0.00     0.00     0.00 -1    -1e-30      0.00 7.036e-01 2.893e-01 7.554e-04 1.226e-03 2.755e-03 -1.000 7.094e-03 -2.491 -2.350 -1.768 -3.079
0.007 -0.33541 8.37001 3.4762663841 2.6020636712    3.473  2.867  3.6565  1.690    4  0.000  0.365     0.00     0.00     0.00     0.00     0.00 -1    -1e-30      0.00 7.036e-01 2.893e-01 7.555e-04 1.226e-03 2.755e-03 -1.000 7.094e-03 -2.397 -2.269 -1.697 -2.991
0.007 -0.33541 8.37001 3.4781987667 2.6020866901    3.475  2.832  3.6597  1.738    4  0.000  0.365     0.00     0.00     0.00     0.00     0.00 -1    -1e-30      0.00 7.036e-01 2.893e-01 7.555e-04 1.226e-03 2.755e-03 -1.000 7.094e-03 -2.309 -2.194 -1.632 -2.908
0.007 -0.33541 8.37001 3.4800078869 2.6021082141    3.477  2.798  3.6627  1.784    4  0.000  0.365     0.00     0.00     0.00     0.00     0.00 -1    -1e-30      0.00 7.036e-01 2.893e-01 7.555e-04 1.226e-03 2.755e-03 -1.000 7.094e-03 -2.225 -2.121 -1.568 -2.828
0.007 -0.33541 8.37001 3.4820899963 2.6021329541    3.479  2.760  3.6662  1.836    4  0.000  0.365     0.00     0.00     0.00     0.00     0.00 -1    -1e-30      0.00 7.036e-01 2.893e-01 7.556e-04 1.226e-03 2.755e-03 -1.000 7.094e-03 -2.131 -2.039 -1.496 -2.738
0.007 -0.33541 8.37001 3.4850692749 2.6021682953    3.482  2.711  3.6709  1.904    4  0.000  0.365     0.00     0.00     0.00     0.00     0.00 -1    -1e-30      0.00 7.036e-01 2.893e-01 7.557e-04 1.226e-03 2.755e-03 -1.000 7.094e-03 -2.008 -1.932 -1.404 -2.619
0.007 -0.33541 8.37001 3.4880616665 2.6022037222    3.485  2.670  3.6751  1.963    4  0.000  0.365     0.00     0.00     0.00     0.00     0.00 -1    -1e-30      0.00 7.037e-01 2.892e-01 7.557e-04 1.226e-03 2.755e-03 -1.000 7.094e-03 -1.904 -1.841 -1.325 -2.518
0.007 -0.33541 8.37001 3.4915995598 2.6022455173    3.488  2.633  3.6795  2.018    4  0.000  0.365     0.00     0.00     0.00     0.00     0.00 -1    -1e-30      0.00 7.037e-01 2.892e-01 7.558e-04 1.226e-03 2.755e-03 -1.000 7.094e-03 -1.812 -1.762 -1.260 -2.428
0.007 -0.33541 8.37001 3.4987766743 2.6023300058    3.496  2.594  3.6869  2.087    4  0.000  0.365     0.00     0.00     0.00     0.00     0.00 -1    -1e-30      0.00 7.037e-01 2.892e-01 7.560e-04 1.225e-03 2.755e-03 -1.000 7.095e-03 -1.714 -1.686 -1.203 -2.335
0.007 -0.33541 8.37001 3.5032951832 2.6023829933    3.500  2.581  3.6911  2.118    4  0.000  0.365     0.00     0.00     0.00     0.00     0.00 -1    -1e-30      0.00 7.038e-01 2.892e-01 7.561e-04 1.225e-03 2.755e-03 -1.000 7.095e-03 -1.683 -1.666 -1.195 -2.306
0.007 -0.33541 8.37001 3.5112631321 2.6024760495    3.508  2.614  3.7005  2.123    5  0.000  0.365     0.00     0.00     0.00     0.00     0.00 -1    -1e-30      0.00 7.038e-01 2.891e-01 7.563e-04 1.225e-03 2.756e-03 -1.000 7.095e-03 -1.765 -1.773 -1.324 -2.391
0.007 -0.33541 8.37001 3.5147211552 2.6025162841    3.511  2.638  3.7058  2.121    5  0.000  0.366     0.00     0.00     0.00     0.00     0.00 -1    -1e-30      0.00 7.038e-01 2.891e-01 7.564e-04 1.225e-03 2.756e-03 -1.000 7.095e-03 -1.825 -1.845 -1.409 -2.452
0.007 -0.33541 8.37001 3.5175733566 2.6025494015    3.514  2.663  3.7112  2.118    5  0.000  0.366     0.00     0.00     0.00     0.00     0.00 -1    -1e-30      0.00 7.038e-01 2.891e-01 7.564e-04 1.225e-03 2.756e-03 -1.000 7.095e-03 -1.887 -1.920 -1.497 -2.515
0.007 -0.33541 8.37001 3.5203192234 2.6025812259    3.517  2.689  3.7178  2.119    5  0.000  0.366     0.00     0.00     0.00     0.00     0.00 -1    -1e-30      0.00 7.039e-01 2.890e-01 7.565e-04 1.225e-03 2.756e-03 -1.000 7.095e-03 -1.952 -1.998 -1.591 -2.579
0.007 -0.33541 8.37001 3.5340662003 2.6027396977    3.531  2.734  3.7294  2.121    5  0.000  0.366     0.00     0.00     0.00     0.00     0.00 -1    -1e-30      0.00 7.040e-01 2.890e-01 7.568e-04 1.224e-03 2.756e-03 -1.000 7.096e-03 -2.066 -2.134 -1.753 -2.688
0.007 -0.33541 8.37001 3.5560264587 2.6029899292    3.553  2.776  3.7320  2.092    5  0.000  0.366     0.00     0.00     0.00     0.00     0.00 -1    -1e-30      0.00 7.041e-01 2.888e-01 7.573e-04 1.223e-03 2.756e-03 -1.000 7.096e-03 -2.170 -2.243 -1.868 -2.792
0.007 -0.33541 8.37001 3.5680501461 2.6031254364    3.565  2.798  3.7340  2.080    5  0.000  0.366     0.00     0.00     0.00     0.00     0.00 -1    -1e-30      0.00 7.042e-01 2.887e-01 7.575e-04 1.223e-03 2.756e-03 -1.000 7.096e-03 -2.226 -2.302 -1.931 -2.846
0.007 -0.33541 8.37001 3.5700120926 2.6031474479    3.567  2.802  3.7341  2.077    5  0.000  0.366     0.00     0.00     0.00     0.00     0.00 -1    -1e-30      0.00 7.042e-01 2.887e-01 7.575e-04 1.223e-03 2.756e-03 -1.000 7.096e-03 -2.234 -2.311 -1.941 -2.855
0.007 -0.33541 8.37001 3.5901975632 2.6033723082    3.587  2.827  3.7291  2.034    6  0.000  0.366     0.00     0.00     0.00     0.00     0.00 -1    -1e-30      0.00 7.043e-01 2.886e-01 7.577e-04 1.223e-03 2.756e-03 -1.000 7.096e-03 -2.297 -2.366 -1.984 -2.922
0.007 -0.33541 8.37001 3.6004257202 2.6034851407    3.597  2.836  3.7239  2.006    6  0.000  0.366     0.00     0.00     0.00     0.00     0.00 -1    -1e-30      0.00 7.044e-01 2.885e-01 7.579e-04 1.222e-03 2.756e-03 -1.000 7.096e-03 -2.319 -2.378 -1.984 -2.946
0.007 -0.33541 8.37001 3.6091973782 2.6035813202    3.606  2.837  3.7166  1.976    6  0.000  0.366     0.00     0.00     0.00     0.00     0.00 -1    -1e-30      0.00 7.045e-01 2.884e-01 7.580e-04 1.222e-03 2.757e-03 -1.000 7.096e-03 -2.323 -2.369 -1.957 -2.953
0.007 -0.33541 8.37001 3.6163537502 2.6036593911    3.613  2.831  3.7079  1.949    6  0.000  0.366     0.00     0.00     0.00     0.00     0.00 -1    -1e-30      0.00 7.045e-01 2.884e-01 7.581e-04 1.222e-03 2.757e-03 -1.000 7.096e-03 -2.306 -2.333 -1.900 -2.938
0.007 -0.33541 8.37001 3.6219241619 2.6037199147    3.619  2.818  3.6993  1.927    6  0.000  0.366     0.00     0.00     0.00     0.00     0.00 -1    -1e-30      0.00 7.046e-01 2.884e-01 7.581e-04 1.222e-03 2.757e-03 -1.000 7.096e-03 -2.275 -2.282 -1.827 -2.906
0.007 -0.33541 8.37001 3.6260011196 2.6037640762    3.623  2.804  3.6914  1.911    6  0.000  0.366     0.00     0.00     0.00     0.00     0.00 -1    -1e-30      0.00 7.046e-01 2.883e-01 7.582e-04 1.222e-03 2.757e-03 -1.000 7.096e-03 -2.240 -2.226 -1.752 -2.868
0.007 -0.33541 8.37001 3.6294128895 2.6038009447    3.626  2.797  3.6822  1.881    6  0.000  0.366     0.00     0.00     0.00     0.00     0.00 -1    -1e-30      0.00 7.046e-01 2.883e-01 7.582e-04 1.222e-03 2.757e-03 -1.000 7.096e-03 -2.223 -2.184 -1.686 -2.847
0.007 -0.33541 8.37001 3.6318099499 2.6038268004    3.629  2.818  3.6724  1.821    6  0.000  0.366     0.00     0.00     0.00     0.00     0.00 -1    -1e-30      0.00 7.046e-01 2.883e-01 7.582e-04 1.221e-03 2.757e-03 -1.000 7.096e-03 -2.275 -2.207 -1.682 -2.892
0.007 -0.33541 8.37001 3.6322970390 2.6038320495    3.629  2.850  3.6667  1.767    6  0.000  0.366     0.00     0.00     0.00     0.00     0.00 -1    -1e-30      0.00 7.046e-01 2.883e-01 7.582e-04 1.221e-03 2.757e-03 -1.000 7.096e-03 -2.355 -2.267 -1.725 -2.965
0.007 -0.33541 8.37001 3.6323189735 2.6038322858    3.629  2.853  3.6662  1.761    6  0.000  0.366     0.00     0.00     0.00     0.00     0.00 -1    -1e-30      0.00 7.046e-01 2.883e-01 7.582e-04 1.221e-03 2.757e-03 -1.000 7.096e-03 -2.363 -2.274 -1.730 -2.973
0.007 -0.33541 8.37001 3.6324110031 2.6038332774    3.629  2.885  3.6625  1.715    7  0.000  0.366     6.79     5.34     3.93     2.87     2.35  4    -1e-30      0.00 7.046e-01 2.883e-01 7.582e-04 1.221e-03 2.757e-03 -1.000 7.096e-03 -2.443 -2.341 -1.786 -3.048
0.007 -0.33541 8.37001 3.6324949265 2.6038341816    3.629  2.923  3.6587  1.662    7  0.000  0.366     7.56     5.87     4.30     3.15     2.58  4    -1e-30      0.00 7.046e-01 2.883e-01 7.582e-04 1.221e-03 2.757e-03 -1.000 7.096e-03 -2.537 -2.419 -1.853 -3.136
0.007 -0.33541 8.37001 3.6326406002 2.6038357509    3.629  2.946  3.6566  1.630    7  0.000  0.366     8.06     6.22     4.54     3.33     2.72  4    -1e-30      0.00 7.046e-01 2.883e-01 7.582e-04 1.221e-03 2.757e-03 -1.000 7.096e-03 -2.595 -2.469 -1.897 -3.190
0.007 -0.33541 8.37001 3.6328177452 2.6038376591    3.630  2.933  3.6580  1.649    7  0.000  0.366     7.76     6.02     4.40     3.22     2.64  4    -1e-30      0.00 7.046e-01 2.883e-01 7.582e-04 1.221e-03 2.757e-03 -1.000 7.096e-03 -2.563 -2.443 -1.875 -3.161
0.007 -0.33541 8.37001 3.6333928108 2.6038438522    3.630  2.939  3.6569  1.638    7  0.000  0.366     7.93     6.13     4.48     3.28     2.68  4    -1e-30      0.00 7.046e-01 2.883e-01 7.582e-04 1.221e-03 2.757e-03 -1.000 7.096e-03 -2.578 -2.453 -1.881 -3.173
0.007 -0.33541 8.37001 3.6337118149 2.6038472867    3.630  2.978  3.6530  1.584    7  0.000  0.366     8.86     6.76     4.92     3.61     2.96  4    -1e-30      0.00 7.046e-01 2.883e-01 7.583e-04 1.221e-03 2.757e-03 -1.000 7.096e-03 -2.675 -2.535 -1.951 -3.264
0.007 -0.33541 8.37001 3.6340417862 2.6038508386    3.631  3.017  3.6493  1.530    7  0.000  0.366     9.88     7.45     5.40     3.96     3.25  4    -1e-30      0.00 7.046e-01 2.883e-01 7.583e-04 1.221e-03 2.757e-03 -1.000 7.096e-03 -2.772 -2.615 -2.021 -3.353
0.007 -0.33541 8.37001 3.6344685555 2.6038554313    3.631  3.056  3.6455  1.476    7  0.000  0.366    11.05     8.22     5.93     4.36     3.57  4    -1e-30      0.00 7.046e-01 2.883e-01 7.583e-04 1.221e-03 2.757e-03 -1.000 7.096e-03 -2.871 -2.697 -2.090 -3.443
0.007 -0.33541 8.37001 3.6349871159 2.6038610101    3.632  3.096  3.6419  1.422    7  0.000  0.366    12.34     9.06     6.51     4.80     3.93  4    -1e-30      0.00 7.046e-01 2.883e-01 7.582e-04 1.221e-03 2.757e-03 -1.000 7.096e-03 -2.969 -2.778 -2.158 -3.534
0.007 -0.33541 8.37001 3.6355566978 2.6038671357    3.632  3.135  3.6383  1.368    7  0.000  0.366    13.77     9.99     7.14     5.27     4.32  4    -1e-30      0.00 7.046e-01 2.883e-01 7.582e-04 1.221e-03 2.757e-03 -1.000 7.096e-03 -3.068 -2.859 -2.226 -3.624
0.007 -0.33541 8.37001 3.6361374855 2.6038733796    3.633  3.175  3.6347  1.314    7  0.000  0.366    15.39    11.02     7.85     5.80     4.75  4    -1e-30      0.00 7.046e-01 2.883e-01 7.579e-04 1.221e-03 2.757e-03 -1.000 7.101e-03 -3.168 -2.940 -2.293 -3.715
0.007 -0.33541 8.37001 3.6366994381 2.6038794188    3.634  3.216  3.6310  1.259    7  0.000  0.366    17.23    12.18     8.63     6.38     5.23  4    -1e-30      0.00 7.046e-01 2.883e-01 7.570e-04 1.222e-03 2.757e-03 -1.000 7.105e-03 -3.269 -3.022 -2.362 -3.807
0.007 -0.33541 8.37001 3.6372249126 2.6038850641    3.634  3.256  3.6274  1.203    7  0.000  0.364    19.28    13.46     9.50     7.03     5.77  4    -1e-30      0.00 7.046e-01 2.882e-01 7.547e-04 1.225e-03 2.757e-03 -1.000 7.105e-03 -3.371 -3.103 -2.429 -3.899
0.007 -0.33541 8.37001 3.6377050877 2.6038902210    3.635  3.297  3.6238  1.148    7  0.000  0.363    21.58    14.86    10.44     7.75     6.35  4    -1e-30      0.00 7.046e-01 2.882e-01 7.515e-04 1.228e-03 2.757e-03 -1.000 7.105e-03 -3.473 -3.184 -2.495 -3.990
0.007 -0.33541 8.37001 3.6381402016 2.6038948926    3.635  3.338  3.6201  1.093    7  0.000  0.361    24.15    16.42    11.48     8.53     7.00  4    -1e-30      0.00 7.047e-01 2.882e-01 7.483e-04 1.232e-03 2.757e-03 -1.000 7.105e-03 -3.574 -3.264 -2.560 -4.080
0.007 -0.33541 8.37001 3.6385345459 2.6038991254    3.635  3.378  3.6165  1.039    7  0.000  0.360    27.01    18.13    12.62     9.39     7.71  4    -1e-30      0.00 7.047e-01 2.882e-01 7.455e-04 1.236e-03 2.757e-03 -1.000 7.106e-03 -3.675 -3.343 -2.623 -4.169
0.007 -0.33541 8.37001 3.6388933659 2.6039029760    3.636  3.418  3.6129  0.984    7  0.000  0.359    30.20    20.01    13.87    10.34     8.48  4  -7.3e-30      0.00 7.047e-01 2.882e-01 7.433e-04 1.238e-03 2.757e-03 -1.000 7.110e-03 -3.776 -3.421 -2.685 -4.257
0.007 -0.33541 8.37001 3.6392216682 2.6039064983    3.636  3.458  3.6091  0.929    7  0.000  0.358    33.79    22.10    15.25    11.38     9.34  4 -3.29e-22      0.00 7.046e-01 2.882e-01 7.415e-04 1.240e-03 2.757e-03 -1.000 7.147e-03 -3.875 -3.496 -2.742 -4.344
0.007 -0.33541 8.37001 3.6395251751 2.6039097540    3.636  3.498  3.6053  0.874    7  0.000  0.357    37.82    24.42    16.78    12.54    10.29  4 -2.36e-14      0.00 7.046e-01 2.882e-01 7.399e-04 1.243e-03 2.756e-03 -1.000 7.183e-03 -3.975 -3.569 -2.795 -4.429
0.007 -0.33541 8.37001 3.6398062706 2.6039127687    3.636  3.537  3.6014  0.819    7  0.000  0.357    42.30    26.96    18.44    13.80    11.33  4 -9.86e-09      0.00 7.046e-01 2.882e-01 7.386e-04 1.245e-03 2.756e-03 -1.000 7.204e-03 -4.073 -3.641 -2.848 -4.513
0.007 -0.33541 8.37001 3.6400668621 2.6039155630    3.636  3.576  3.5979  0.766    7  0.000  0.356    47.18    29.69    20.22    15.15    12.45  4 -1.18e-08      0.00 7.046e-01 2.882e-01 7.373e-04 1.248e-03 2.754e-03 -1.000 7.216e-03 -4.171 -3.713 -2.900 -4.596
0.007 -0.33541 8.37001 3.6403093338 2.6039181626    3.635  3.616  3.5944  0.712    7  0.000  0.356    52.63    32.70    22.17    16.64    13.68  4 -1.41e-08      0.00 7.046e-01 2.882e-01 7.362e-04 1.251e-03 2.753e-03 -1.000 7.217e-03 -4.269 -3.784 -2.951 -4.679
0.007 -0.33541 8.37001 3.6405339241 2.6039205701    3.635  3.655  3.5907  0.659    7  0.000  0.356    58.70    36.02    24.32    18.27    15.02  3 -1.68e-08      0.00 7.046e-01 2.882e-01 7.352e-04 1.254e-03 2.750e-03 -1.000 7.208e-03 -4.367 -3.853 -3.000 -4.761
0.007 -0.33541 8.37001 3.6407425404 2.6039228061    3.635  3.693  3.5871  0.606    7  0.000  0.356    65.44    39.65    26.65    20.06    16.49  3    -2e-08      0.00 7.045e-01 2.883e-01 7.343e-04 1.258e-03 2.747e-03 -1.000 7.189e-03 -4.463 -3.919 -3.043 -4.840
0.007 -0.33541 8.37001 3.6409366131 2.6039248859    3.634  3.731  3.5835  0.553    7  0.000  0.356    72.89    43.62    29.20    22.00    18.10  3 -2.42e-08      0.00 7.043e-01 2.885e-01 7.333e-04 1.262e-03 2.744e-03 -1.000 7.210e-03 -4.558 -3.983 -3.083 -4.918
0.007 -0.33541 8.37001 3.6411187649 2.6039268378    3.634  3.769  3.5798  0.500    7  0.000  0.356    81.19    47.98    31.98    24.14    19.85  3 -3.05e-08      0.00 7.040e-01 2.888e-01 7.324e-04 1.266e-03 2.740e-03 -1.000 7.214e-03 -4.653 -4.046 -3.121 -4.994
0.007 -0.33541 8.37001 3.6412901878 2.6039286745    3.633  3.807  3.5761  0.448    7  0.000  0.356    90.37    52.75    35.01    26.46    21.77  3 -4.07e-08      0.00 7.035e-01 2.893e-01 7.314e-04 1.270e-03 2.737e-03 -1.000 7.192e-03 -4.747 -4.102 -3.144 -5.066
0.007 -0.33541 8.37001 3.6414518356 2.6039304063    3.632  3.844  3.5724  0.396    7  0.000  0.356   100.50    57.95    38.29    28.98    23.85  3 -5.63e-08      0.00 7.027e-01 2.901e-01 7.302e-04 1.276e-03 2.732e-03 -1.000 7.174e-03 -4.840 -4.155 -3.164 -5.137
0.007 -0.33541 8.37001 3.6416056156 2.6039320536    3.630  3.880  3.5686  0.344    7  0.000  0.356   111.69    63.62    41.86    31.73    26.12  3 -8.21e-08      0.00 7.013e-01 2.914e-01 7.288e-04 1.282e-03 2.727e-03 -1.000 7.214e-03 -4.931 -4.205 -3.176 -5.204
0.007 -0.33541 8.37001 3.6417534351 2.6039336369    3.628  3.916  3.5647  0.292    7  0.000  0.356   124.18    69.87    45.78    34.75    28.61  2  -1.2e-07      0.00 6.986e-01 2.942e-01 7.260e-04 1.295e-03 2.716e-03 -1.000 7.212e-03 -5.021 -4.248 -3.175 -5.267
0.007 -0.33541 8.37001 3.6418957710 2.6039351613    3.625  3.952  3.5607  0.240    7  0.000  0.356   138.23    76.82    50.12    38.09    31.37  2 -1.73e-07      0.00 6.940e-01 2.988e-01 7.215e-04 1.316e-03 2.699e-03 -1.000 7.207e-03 -5.111 -4.289 -3.169 -5.329
0.007 -0.33541 8.37001 3.6420328617 2.6039366295    3.620  3.988  3.5565  0.186    7  0.000  0.356   154.05    84.54    54.92    41.81    34.43  2 -2.52e-07      0.00 6.885e-01 3.043e-01 7.161e-04 1.341e-03 2.679e-03 -1.000 7.227e-03 -5.201 -4.319 -3.139 -5.384
0.007 -0.33541 8.37001 3.6421771049 2.6039381741    3.613  4.028  3.5516  0.126    7  0.000  0.356   173.97    94.15    60.87    46.41    38.23  2 -3.82e-07      0.00 6.826e-01 3.102e-01 7.104e-04 1.367e-03 2.657e-03 -1.000 7.187e-03 -5.300 -4.347 -3.093 -5.441
0.007 -0.33541 8.37001 3.6422941685 2.6039394275    3.604  4.062  3.5474  0.075    7  0.000  0.356   193.21   103.32    66.51    50.78    41.85  2 -5.44e-07      0.00 6.793e-01 3.135e-01 7.071e-04 1.382e-03 2.644e-03 -1.000 7.204e-03 -5.384 -4.363 -3.031 -5.483
0.007 -0.33541 8.37001 3.6424098015 2.6039406655    3.592  4.096  3.5430  0.021    7  0.000  0.356   215.36   113.76    72.91    55.76    45.96  2 -7.93e-07      0.00 6.773e-01 3.155e-01 7.051e-04 1.391e-03 2.636e-03 -1.000 7.192e-03 -5.471 -4.370 -2.948 -5.520
0.007 -0.33541 8.37001 3.6425201893 2.6039418473    3.575  4.129  3.5385 -0.032    7  0.000  0.356   239.47   125.00    79.77    61.10    50.37  2 -1.14e-06      0.01 6.763e-01 3.165e-01 7.041e-04 1.396e-03 2.633e-03 -1.000 7.202e-03 -5.553 -4.367 -2.845 -5.548
0.007 -0.33541 8.37001 3.6426348686 2.6039430750    3.549  4.159  3.5343 -0.082    7  0.000  0.356   264.52   136.59    86.80    66.59    54.90  2 -1.58e-06      0.01 6.757e-01 3.171e-01 7.035e-04 1.398e-03 2.631e-03 -1.000 7.172e-03 -5.628 -4.346 -2.711 -5.559
0.007 -0.33541 8.37001 3.6428179741 2.6039450350    3.491  4.172  3.5313 -0.114    7  0.000  0.356   280.76   144.17    91.36    70.19    57.87  2 -1.92e-06      0.02 6.752e-01 3.176e-01 7.031e-04 1.401e-03 2.629e-03 -1.000 7.176e-03 -5.661 -4.312 -2.597 -5.547
0.007 -0.33541 8.37001 3.6428804398 2.6039457035    3.472  4.124  3.5369 -0.046    7  0.000  0.356   243.83   127.22    81.06    62.17    51.24  2 -1.19e-06      0.01 6.752e-01 3.177e-01 7.030e-04 1.401e-03 2.629e-03 -1.000 7.182e-03 -5.540 -4.321 -2.759 -5.513
0.007 -0.33541 8.37001 3.6428971291 2.6039458822    3.469  4.073  3.5430  0.029    7  0.000  0.356   209.46   111.14    71.25    54.54    44.94  2 -7.02e-07      0.00 6.752e-01 3.177e-01 7.030e-04 1.401e-03 2.629e-03 -1.000 7.182e-03 -5.413 -4.314 -2.894 -5.464
0.007 -0.33541 8.37001 3.6429059505 2.6039459766    3.468  4.027  3.5485  0.097    7  0.000  0.356   182.26    98.19    63.30    48.37    39.84  2 -4.34e-07      0.00 6.752e-01 3.177e-01 7.030e-04 1.401e-03 2.629e-03 -1.000 7.182e-03 -5.297 -4.296 -2.988 -5.409
0.007 -0.33541 8.37001 3.6429119110 2.6039460404    3.467  4.002  3.5515  0.134    7  0.000  0.356   169.12    91.87    59.40    45.34    37.34  2 -3.37e-07      0.00 6.752e-01 3.177e-01 7.030e-04 1.401e-03 2.629e-03 -1.000 7.182e-03 -5.234 -4.280 -3.025 -5.375
0.007 -0.33541 8.37001 3.6429173946 2.6039460991    3.467  3.995  3.5523  0.145    7  0.000  0.356   165.58    90.16    58.34    44.52    36.67  2 -3.12e-07      0.00 6.752e-01 3.177e-01 7.030e-04 1.401e-03 2.629e-03 -1.000 7.182e-03 -5.216 -4.274 -3.031 -5.364
0.007 -0.33541 8.37001 3.6429286003 2.6039462190    3.467  4.027  3.5485  0.097    7  0.000  0.356   182.54    98.33    63.38    48.43    39.89  2 -4.38e-07      0.00 6.752e-01 3.177e-01 7.030e-04 1.401e-03 2.629e-03 -1.000 7.181e-03 -5.298 -4.296 -2.987 -5.409
0.007 -0.33541 8.37001 3.6429350376 2.6039462879    3.466  4.054  3.5453  0.057    7  0.000  0.356   197.75   105.59    67.85    51.90    42.75  2 -5.79e-07      0.00 6.752e-01 3.177e-01 7.030e-04 1.401e-03 2.629e-03 -1.000 7.182e-03 -5.365 -4.308 -2.934 -5.441
0.007 -0.33541 8.37001 3.6429448128 2.6039463925    3.465  4.082  3.5419  0.015    7  0.000  0.356   215.27   113.88    72.92    55.84    46.01  2 -7.74e-07      0.00 6.752e-01 3.177e-01 7.030e-04 1.401e-03 2.629e-03 -1.000 7.182e-03 -5.435 -4.317 -2.874 -5.474
0.007 -0.33541 8.37001 3.6429622173 2.6039465788    3.462  4.087  3.5413  0.008    7  0.000  0.356   218.55   115.42    73.87    56.58    46.62  2  -8.1e-07      0.00 6.752e-01 3.177e-01 7.030e-04 1.401e-03 2.629e-03 -1.000 7.182e-03 -5.447 -4.317 -2.861 -5.478
0.007 -0.33541 8.37001 3.6429686546 2.6039466477    3.461  4.096  3.5401 -0.007    7  0.000  0.356   225.08   118.49    75.74    58.03    47.83  2 -8.97e-07      0.01 6.752e-01 3.177e-01 7.030e-04 1.401e-03 2.629e-03 -1.000 7.182e-03 -5.471 -4.320 -2.839 -5.489
0.007 -0.33541 8.37001 3.6429750919 2.6039467166    3.460  4.117  3.5376 -0.037    7  0.000  0.356   239.44   125.20    79.83    61.22    50.45  2 -1.11e-06      0.01 6.752e-01 3.177e-01 7.030e-04 1.401e-03 2.629e-03 -1.000 7.182e-03 -5.522 -4.317 -2.772 -5.505
0.007 -0.33541 8.37001 3.6429936886 2.6039469156    3.456  4.150  3.5334 -0.088    7  0.000  0.356   265.14   137.11    87.06    66.86    55.11  2 -1.58e-06      0.01 6.752e-01 3.177e-01 7.030e-04 1.401e-03 2.629e-03 -1.000 7.182e-03 -5.605 -4.306 -2.650 -5.525
