Zini MH logAge Mini int_IMF Mass logL logTe logg label McoreTP C_O period0 period1 period2 period3 period4 pmode Mloss tau1m X Y Xc Xn Xo Cexcess Z mbolmag Gmag G_BPmag G_RPmag
0.0045 -0.53140 6.77000 0.0900000036 1.0816895926    0.090 -1.782  3.4467  3.913    0  0.000  0.545     0.00     0.00     0.00     0.00     0.00 -1 -7.73e-15      0.00 7.384e-01 2.570e-01 8.238e-04 2.222e-04 2.016e-03 -1.000 4.581e-03 9.225 10.632 12.735 9.293
0.0045 -0.53140 6.77000 0.1084653065 1.2381650240    0.108 -1.682  3.4587  3.942    0  0.000  0.545     0.00     0.00     0.00     0.00     0.00 -1 -8.56e-15      0.00 7.384e-01 2.570e-01 8.238e-04 2.222e-04 2.016e-03 -1.000 4.581e-03 8.976 10.261 12.189 8.959
0.0045 -0.53140 6.77000 0.1194580942 1.3157334456    0.119 -1.633  3.4645  3.958    0  0.000  0.545     0.00     0.00     0.00     0.00     0.00 -1 -8.94e-15      0.00 7.384e-01 2.570e-01 8.238e-04 2.222e-04 2.016e-03 -1.000 4.581e-03 8.852 10.084 11.937 8.799
0.0045 -0.53140 6.77000 0.1207322255 1.3241221874    0.121 -1.627  3.4651  3.959    0  0.000  0.545     0.00     0.00     0.00     0.00     0.00 -1 -8.99e-15      0.00 7.384e-01 2.570e-01 8.238e-04 2.222e-04 2.016e-03 -1.000 4.581e-03 8.838 10.064 11.909 8.781
0.0045 -0.53140 6.77000 0.1240739822 1.3455878719    0.124 -1.610  3.4672  3.962    0  0.000  0.545     0.00     0.00     0.00     0.00     0.00 -1 -9.23e-15      0.00 7.384e-01 2.570e-01 8.238e-04 2.222e-04 2.016e-03 -1.000 4.581e-03 8.794 10.001 11.819 8.723
0.0045 -0.53140 6.77000 0.1284485608 1.3725782960    0.128 -1.587  3.4698  3.964    0  0.000  0.545     0.00     0.00     0.00     0.00     0.00 -1 -9.56e-15      0.00 7.384e-01 2.570e-01 8.238e-04 2.222e-04 2.016e-03 -1.000 4.581e-03 8.737 9.920 11.705 8.650
0.0045 -0.53140 6.77000 0.1395469308 1.4360037594    0.139 -1.543  3.4745  3.975    0  0.000  0.545     0.00     0.00     0.00     0.00     0.00 -1    -1e-14      0.00 7.384e-01 2.570e-01 8.238e-04 2.222e-04 2.016e-03 -1.000 4.581e-03 8.626 9.769 11.498 8.513
0.0045 -0.53140 6.77000 0.1400000006 1.4384526719    0.140 -1.541  3.4746  3.975    0  0.000  0.545     0.00     0.00     0.00     0.00     0.00 -1 -1.01e-14      0.00 7.384e-01 2.570e-01 8.238e-04 2.222e-04 2.016e-03 -1.000 4.581e-03 8.622 9.763 11.491 8.508
0.0045 -0.53140 6.77000 0.1498663574 1.4893563614    0.150 -1.498  3.4795  3.982    0  0.000  0.545     0.00     0.00     0.00     0.00     0.00 -1 -1.07e-14      0.00 7.384e-01 2.570e-01 8.238e-04 2.222e-04 2.016e-03 -1.000 4.581e-03 8.516 9.614 11.285 8.374
0.0045 -0.53140 6.77000 0.1715363562 1.5872780993    0.172 -1.419  3.4879  3.994    0  0.000  0.545     0.00     0.00     0.00     0.00     0.00 -1 -1.18e-14      0.00 7.384e-01 2.570e-01 8.238e-04 2.222e-04 2.016e-03 -1.000 4.581e-03 8.316 9.345 10.922 8.131
0.0045 -0.53140 6.77000 0.1864373386 1.6457278251    0.186 -1.367  3.4934  4.002    0  0.000  0.545     0.00     0.00     0.00     0.00     0.00 -1 -1.26e-14      0.00 7.384e-01 2.570e-01 8.238e-04 2.222e-04 2.016e-03 -1.000 4.581e-03 8.189 9.174 10.693 7.977
0.0045 -0.53140 6.77000 0.2026034743 1.7026373856    0.203 -1.323  3.4979  4.011    0  0.000  0.545     0.00     0.00     0.00     0.00     0.00 -1 -1.33e-14      0.00 7.384e-01 2.570e-01 8.238e-04 2.222e-04 2.016e-03 -1.000 4.581e-03 8.078 9.028 10.504 7.845
0.0045 -0.53140 6.77000 0.2196261883 1.7565097707    0.220 -1.271  3.5036  4.017    0  0.000  0.545     0.00     0.00     0.00     0.00     0.00 -1 -1.42e-14      0.00 7.384e-01 2.570e-01 8.238e-04 2.222e-04 2.016e-03 -1.000 4.581e-03 7.948 8.857 10.279 7.691
0.0045 -0.53140 6.77000 0.2363875508 1.8044974020    0.236 -1.225  3.5089  4.025    0  0.000  0.545     0.00     0.00     0.00     0.00     0.00 -1 -1.51e-14      0.00 7.384e-01 2.570e-01 8.238e-04 2.222e-04 2.016e-03 -1.000 4.581e-03 7.833 8.704 10.078 7.554
0.0045 -0.53140 6.77000 0.2658509016 1.8789781295    0.266 -1.155  3.5164  4.035    0  0.000  0.545     0.00     0.00     0.00     0.00     0.00 -1 -1.66e-14      0.00 7.384e-01 2.570e-01 8.238e-04 2.222e-04 2.016e-03 -1.000 4.581e-03 7.657 8.478 9.788 7.350
0.0045 -0.53140 6.77000 0.2954198718 1.9436495201    0.295 -1.091  3.5233  4.045    0  0.000  0.545     0.00     0.00     0.00     0.00     0.00 -1  -1.8e-14      0.00 7.384e-01 2.570e-01 8.238e-04 2.222e-04 2.016e-03 -1.000 4.581e-03 7.498 8.272 9.527 7.166
0.0045 -0.53140 6.77000 0.3000000119 1.9529139769    0.300 -1.082  3.5243  4.046    0  0.000  0.545     0.00     0.00     0.00     0.00     0.00 -1 -1.82e-14      0.00 7.384e-01 2.570e-01 8.238e-04 2.222e-04 2.016e-03 -1.000 4.581e-03 7.476 8.243 9.490 7.140
0.0045 -0.53140 6.77000 0.3391258717 2.0252263747    0.339 -1.009  3.5324  4.059    0  0.000  0.545     0.00     0.00     0.00     0.00     0.00 -1    -2e-14      0.00 7.384e-01 2.570e-01 8.238e-04 2.222e-04 2.016e-03 -1.000 4.581e-03 7.292 8.008 9.193 6.930
0.0045 -0.53140 6.77000 0.3499999642 2.0434174156    0.350 -0.989  3.5346  4.062    0  0.000  0.545     0.00     0.00     0.00     0.00     0.00 -1 -2.05e-14      0.00 7.384e-01 2.570e-01 8.238e-04 2.222e-04 2.016e-03 -1.000 4.581e-03 7.243 7.946 9.116 6.874
0.0045 -0.53140 6.77000 0.3969105482 2.1142243315    0.397 -0.914  3.5435  4.077    0  0.000  0.545     0.00     0.00     0.00     0.00     0.00 -1 -2.25e-14      0.00 7.384e-01 2.570e-01 8.238e-04 2.222e-04 2.016e-03 -1.000 4.581e-03 7.056 7.704 8.814 6.660
0.0045 -0.53140 6.77000 0.3999999762 2.1185023988    0.400 -0.909  3.5441  4.078    0  0.000  0.545     0.00     0.00     0.00     0.00     0.00 -1 -2.26e-14      0.00 7.384e-01 2.570e-01 8.238e-04 2.222e-04 2.016e-03 -1.000 4.581e-03 7.044 7.689 8.795 6.646
0.0045 -0.53140 6.77000 0.4499999881 2.1822809009    0.450 -0.838  3.5533  4.094    0  0.000  0.545     0.00     0.00     0.00     0.00     0.00 -1 -2.47e-14      0.00 7.384e-01 2.570e-01 8.238e-04 2.222e-04 2.016e-03 -1.000 4.581e-03 6.866 7.459 8.506 6.443
0.0045 -0.53140 6.77000 0.4999999404 2.2374540715    0.500 -0.773  3.5629  4.114    0  0.000  0.545     0.00     0.00     0.00     0.00     0.00 -1 -2.66e-14      0.00 7.384e-01 2.570e-01 8.238e-04 2.222e-04 2.016e-03 -1.000 4.581e-03 6.703 7.242 8.232 6.255
0.0045 -0.53140 6.77000 0.5203711987 2.2575122840    0.520 -0.747  3.5673  4.123    0  0.000  0.545     0.00     0.00     0.00     0.00     0.00 -1 -2.74e-14      0.00 7.384e-01 2.570e-01 8.238e-04 2.222e-04 2.016e-03 -1.000 4.581e-03 6.639 7.154 8.120 6.180
0.0045 -0.53140 6.77000 0.5445258021 2.2790735301    0.544 -0.719  3.5714  4.131    0  0.000  0.545     0.00     0.00     0.00     0.00     0.00 -1 -2.83e-14      0.00 7.384e-01 2.570e-01 8.238e-04 2.222e-04 2.016e-03 -1.000 4.581e-03 6.568 7.063 8.007 6.100
0.0045 -0.53140 6.77000 0.5500000119 2.2836582633    0.550 -0.713  3.5723  4.132    0  0.000  0.545     0.00     0.00     0.00     0.00     0.00 -1 -2.85e-14      0.00 7.384e-01 2.570e-01 8.238e-04 2.222e-04 2.016e-03 -1.000 4.581e-03 6.551 7.042 7.982 6.081
0.0045 -0.53140 6.77000 0.5710285902 2.3003339439    0.571 -0.685  3.5773  4.141    0  0.000  0.545     0.00     0.00     0.00     0.00     0.00 -1 -2.95e-14      0.00 7.384e-01 2.570e-01 8.238e-04 2.222e-04 2.016e-03 -1.000 4.581e-03 6.483 6.951 7.867 6.003
0.0045 -0.53140 6.77000 0.5999999642 2.3211212854    0.600 -0.651  3.5827  4.150    0  0.000  0.545     0.00     0.00     0.00     0.00     0.00 -1 -3.09e-14      0.00 7.384e-01 2.570e-01 8.238e-04 2.222e-04 2.016e-03 -1.000 4.581e-03 6.397 6.839 7.729 5.906
0.0045 -0.53140 6.77000 0.6085546613 2.3268257962    0.608 -0.640  3.5849  4.154    0  0.000  0.545     0.00     0.00     0.00     0.00     0.00 -1 -3.12e-14      0.00 7.384e-01 2.570e-01 8.238e-04 2.222e-04 2.016e-03 -1.000 4.581e-03 6.370 6.803 7.683 5.876
0.0045 -0.53140 6.77000 0.6373038292 2.3447128396    0.637 -0.603  3.5916  4.164    0  0.000  0.545     0.00     0.00     0.00     0.00     0.00 -1 -3.29e-14      0.00 7.384e-01 2.570e-01 8.238e-04 2.222e-04 2.016e-03 -1.000 4.581e-03 6.277 6.681 7.530 5.772
0.0045 -0.53140 6.77000 0.6499999166 2.3520352771    0.650 -0.588  3.5940  4.167    0  0.000  0.545     0.00     0.00     0.00     0.00     0.00 -1 -3.36e-14      0.00 7.384e-01 2.570e-01 8.238e-04 2.222e-04 2.016e-03 -1.000 4.581e-03 6.240 6.635 7.474 5.732
0.0045 -0.53140 6.77000 0.6688240767 2.3623058938    0.669 -0.563  3.5987  4.174    0  0.000  0.545     0.00     0.00     0.00     0.00     0.00 -1 -3.48e-14      0.00 7.384e-01 2.570e-01 8.238e-04 2.222e-04 2.016e-03 -1.000 4.581e-03 6.178 6.554 7.372 5.663
0.0045 -0.53140 6.77000 0.6999999881 2.3779266974    0.700 -0.522  3.6063  4.182    0  0.000  0.545     0.00     0.00     0.00     0.00     0.00 -1 -3.71e-14      0.00 7.384e-01 2.570e-01 8.238e-04 2.222e-04 2.016e-03 -1.000 4.581e-03 6.074 6.420 7.207 5.548
0.0045 -0.53140 6.77000 0.7483875155 2.3992331269    0.748 -0.398  3.6432  4.234    0  0.000  0.538     0.00     0.00     0.00     0.00     0.00 -1 -4.49e-14      0.00 7.384e-01 2.570e-01 8.133e-04 2.220e-04 2.016e-03 -1.000 4.581e-03 5.764 5.954 6.586 5.185
0.0045 -0.53140 6.77000 0.7774255276 2.4105652573    0.777 -0.366  3.6476  4.237    0  0.000  0.538     0.00     0.00     0.00     0.00     0.00 -1 -4.73e-14      0.00 7.384e-01 2.570e-01 8.131e-04 2.220e-04 2.016e-03 -1.000 4.581e-03 5.685 5.855 6.468 5.100
0.0045 -0.53140 6.77000 0.7967749834 2.4175913256    0.797 -0.346  3.6503  4.238    0  0.000  0.538     0.00     0.00     0.00     0.00     0.00 -1 -4.89e-14      0.00 7.384e-01 2.570e-01 8.130e-04 2.219e-04 2.016e-03 -1.000 4.581e-03 5.634 5.792 6.393 5.045
0.0045 -0.53140 6.77000 0.8391135335 2.4316734862    0.839 -0.294  3.6572  4.236    0  0.000  0.538     0.00     0.00     0.00     0.00     0.00 -1 -5.38e-14      0.00 7.384e-01 2.570e-01 8.130e-04 2.219e-04 2.016e-03 -1.000 4.581e-03 5.505 5.634 6.210 4.907
0.0045 -0.53140 6.77000 0.8451624513 2.4335533786    0.845 -0.286  3.6582  4.235    0  0.000  0.538     0.00     0.00     0.00     0.00     0.00 -1 -5.46e-14      0.00 7.384e-01 2.570e-01 8.130e-04 2.219e-04 2.016e-03 -1.000 4.581e-03 5.485 5.610 6.182 4.886
0.0045 -0.53140 6.77000 0.8832250834 2.4447063205    0.882 -0.240  3.6649  4.236    0  0.000  0.538     0.00     0.00     0.00     0.00     0.00 -1 -5.93e-14      0.00 7.384e-01 2.570e-01 8.130e-04 2.219e-04 2.016e-03 -1.000 4.581e-03 5.371 5.472 6.021 4.766
0.0045 -0.53140 6.77000 0.8935499191 2.4475438855    0.893 -0.228  3.6667  4.236    0  0.000  0.538     0.00     0.00     0.00     0.00     0.00 -1 -6.06e-14      0.00 7.384e-01 2.570e-01 8.130e-04 2.219e-04 2.016e-03 -1.000 4.581e-03 5.341 5.435 5.978 4.734
0.0045 -0.53140 6.77000 0.9002033472 2.4493328327    0.899 -0.221  3.6679  4.237    0  0.000  0.538     0.00     0.00     0.00     0.00     0.00 -1 -6.13e-14      0.00 7.384e-01 2.570e-01 8.130e-04 2.219e-04 2.016e-03 -1.000 4.581e-03 5.324 5.414 5.953 4.716
0.0045 -0.53140 6.77000 0.9419373274 2.4598943945    0.941 -0.167  3.6762  4.235    0  0.000  0.538     0.00     0.00     0.00     0.00     0.00 -1  -6.8e-14      0.00 7.384e-01 2.570e-01 8.130e-04 2.219e-04 2.016e-03 -1.000 4.581e-03 5.188 5.251 5.764 4.574
0.0045 -0.53140 6.77000 0.9903249145 2.4708673939    0.990 -0.104  3.6859  4.233    0  0.000  0.538     0.00     0.00     0.00     0.00     0.00 -1 -7.68e-14      0.00 7.384e-01 2.570e-01 8.130e-04 2.219e-04 2.016e-03 -1.000 4.581e-03 5.030 5.062 5.548 4.409
0.0045 -0.53140 6.77000 1.0387122631 2.4806730364    1.038 -0.041  3.6958  4.231    0  0.000  0.538     0.00     0.00     0.00     0.00     0.00 -1  -8.2e-14      0.00 7.384e-01 2.570e-01 8.130e-04 2.219e-04 2.016e-03 -1.000 4.581e-03 4.874 4.880 5.338 4.250
0.0045 -0.53140 6.77000 1.0395375490 2.4808311970    1.039 -0.040  3.6959  4.231    0  0.000  0.538     0.00     0.00     0.00     0.00     0.00 -1  -8.2e-14      0.00 7.384e-01 2.570e-01 8.130e-04 2.219e-04 2.016e-03 -1.000 4.581e-03 4.871 4.877 5.335 4.247
0.0045 -0.53140 6.77000 1.0616687536 2.4849672560    1.061 -0.012  3.7004  4.229    0  0.000  0.538     0.00     0.00     0.00     0.00     0.00 -1 -8.36e-14      0.00 7.384e-01 2.570e-01 8.130e-04 2.219e-04 2.016e-03 -1.000 4.581e-03 4.799 4.794 5.241 4.175
0.0045 -0.53140 6.77000 1.0870997906 2.4894816928    1.086  0.026  3.7061  4.224    0  0.000  0.538     0.00     0.00     0.00     0.00     0.00 -1 -8.69e-14      0.00 7.384e-01 2.570e-01 8.130e-04 2.219e-04 2.016e-03 -1.000 4.581e-03 4.704 4.687 5.120 4.081
0.0045 -0.53140 6.77000 1.1161695719 2.4943533942    1.115  0.070  3.7126  4.217    0  0.000  0.538     0.00     0.00     0.00     0.00     0.00 -1 -9.09e-14      0.00 7.385e-01 2.570e-01 8.130e-04 2.219e-04 2.016e-03 -1.000 4.581e-03 4.594 4.565 4.982 3.973
0.0045 -0.53140 6.77000 1.1354873180 2.4974326128    1.135  0.100  3.7169  4.213    0  0.000  0.538     0.00     0.00     0.00     0.00     0.00 -1 -9.37e-14      0.00 7.385e-01 2.570e-01 8.130e-04 2.219e-04 2.016e-03 -1.000 4.581e-03 4.521 4.484 4.891 3.901
0.0045 -0.53140 6.77000 1.1501213312 2.4996862312    1.149  0.121  3.7200  4.209    0  0.000  0.538     0.00     0.00     0.00     0.00     0.00 -1 -9.55e-14      0.00 7.385e-01 2.570e-01 8.130e-04 2.219e-04 2.016e-03 -1.000 4.581e-03 4.467 4.424 4.824 3.848
0.0045 -0.53140 6.77000 1.1838748455 2.5046407594    1.183  0.175  3.7276  4.199    0  0.000  0.538     0.00     0.00     0.00     0.00     0.00 -1 -1.01e-13      0.00 7.385e-01 2.570e-01 8.130e-04 2.219e-04 2.016e-03 -1.000 4.581e-03 4.333 4.279 4.663 3.719
0.0045 -0.53140 6.77000 1.2322621346 2.5112017713    1.232  0.256  3.7385  4.179    0  0.000  0.538     0.00     0.00     0.00     0.00     0.00 -1 -1.11e-13      0.00 7.385e-01 2.569e-01 8.130e-04 2.219e-04 2.016e-03 -1.000 4.581e-03 4.130 4.063 4.424 3.527
0.0045 -0.53140 6.77000 1.2630549669 2.5150774059    1.263  0.309  3.7454  4.164    0  0.000  0.538     0.00     0.00     0.00     0.00     0.00 -1 -1.17e-13      0.00 7.385e-01 2.569e-01 8.130e-04 2.219e-04 2.016e-03 -1.000 4.581e-03 3.998 3.924 4.271 3.403
0.0045 -0.53140 6.77000 1.2806496620 2.5171959299    1.280  0.342  3.7495  4.153    0  0.000  0.538     0.00     0.00     0.00     0.00     0.00 -1 -1.22e-13      0.00 7.385e-01 2.569e-01 8.130e-04 2.219e-04 2.016e-03 -1.000 4.581e-03 3.914 3.837 4.175 3.324
0.0045 -0.53140 6.77000 1.3023200035 2.5197149332    1.302  0.385  3.7544  4.137    0  0.000  0.538     0.00     0.00     0.00     0.00     0.00 -1 -1.28e-13      0.00 7.385e-01 2.569e-01 8.130e-04 2.219e-04 2.016e-03 -1.000 4.581e-03 3.807 3.727 4.055 3.225
0.0045 -0.53140 6.77000 1.3290373087 2.5226909434    1.329  0.443  3.7608  4.114    0  0.000  0.538     0.00     0.00     0.00     0.00     0.00 -1 -1.39e-13      0.00 7.385e-01 2.569e-01 8.130e-04 2.219e-04 2.016e-03 -1.000 4.581e-03 3.663 3.579 3.894 3.090
0.0045 -0.53140 6.77000 1.3472090960 2.5246377001    1.347  0.483  3.7650  4.096    0  0.000  0.538     0.00     0.00     0.00     0.00     0.00 -1 -1.47e-13      0.00 7.385e-01 2.569e-01 8.130e-04 2.219e-04 2.016e-03 -1.000 4.581e-03 3.562 3.476 3.782 2.997
0.0045 -0.53140 6.77000 1.3774247169 2.5277443269    1.377  0.558  3.7725  4.061    0  0.000  0.538     0.00     0.00     0.00     0.00     0.00 -1 -1.65e-13      0.00 7.385e-01 2.569e-01 8.130e-04 2.219e-04 2.016e-03 -1.000 4.581e-03 3.374 3.286 3.578 2.824
0.0045 -0.53140 6.77000 1.3968244791 2.5296576461    1.397  0.610  3.7774  4.035    0  0.000  0.538     0.00     0.00     0.00     0.00     0.00 -1 -1.78e-13      0.00 7.385e-01 2.569e-01 8.130e-04 2.219e-04 2.016e-03 -1.000 4.581e-03 3.245 3.155 3.438 2.704
0.0045 -0.53140 6.77000 1.4223319292 2.5320822268    1.422  0.681  3.7841  3.999    0  0.000  0.538     0.00     0.00     0.00     0.00     0.00 -1 -1.98e-13      0.00 7.385e-01 2.569e-01 8.130e-04 2.219e-04 2.016e-03 -1.000 4.581e-03 3.068 2.977 3.246 2.541
0.0045 -0.53140 6.77000 1.4258121252 2.5324053073    1.426  0.691  3.7851  3.994    0  0.000  0.538     0.00     0.00     0.00     0.00     0.00 -1 -2.02e-13      0.00 7.385e-01 2.569e-01 8.130e-04 2.219e-04 2.016e-03 -1.000 4.581e-03 3.044 2.952 3.220 2.519
0.0045 -0.53140 6.77000 1.4362500906 2.5333635158    1.436  0.720  3.7880  3.979    0  0.000  0.538     0.00     0.00     0.00     0.00     0.00 -1 -2.09e-13      0.00 7.385e-01 2.569e-01 8.130e-04 2.219e-04 2.016e-03 -1.000 4.581e-03 2.970 2.878 3.140 2.451
0.0045 -0.53140 6.77000 1.4594577551 2.5354376151    1.459  0.783  3.7947  3.950    0  0.000  0.538     0.00     0.00     0.00     0.00     0.00 -1 -2.26e-13      0.00 7.385e-01 2.569e-01 8.130e-04 2.219e-04 2.016e-03 -1.000 4.581e-03 2.812 2.719 2.968 2.307
0.0045 -0.53140 6.77000 1.4741996527 2.5367161847    1.474  0.822  3.7993  3.933    0  0.000  0.538     0.00     0.00     0.00     0.00     0.00 -1 -2.37e-13      0.00 7.385e-01 2.569e-01 8.130e-04 2.219e-04 2.016e-03 -1.000 4.581e-03 2.714 2.621 2.862 2.220
0.0045 -0.53140 6.77000 1.4784758091 2.5370815753    1.478  0.834  3.8007  3.929    0  0.000  0.538     0.00     0.00     0.00     0.00     0.00 -1 -2.38e-13      0.00 7.385e-01 2.569e-01 8.130e-04 2.219e-04 2.016e-03 -1.000 4.581e-03 2.686 2.592 2.831 2.195
0.0045 -0.53140 6.77000 1.5050719976 2.5393006702    1.505  0.901  3.8101  3.907    0  0.000  0.538     0.00     0.00     0.00     0.00     0.00 -1 -2.47e-13      0.00 7.385e-01 2.569e-01 8.130e-04 2.219e-04 2.016e-03 -1.000 4.581e-03 2.518 2.424 2.646 2.049
0.0045 -0.53140 6.77000 1.5225870609 2.5407134771    1.522  0.944  3.8173  3.898    0  0.000  0.538     0.00     0.00     0.00     0.00     0.00 -1 -2.52e-13      0.00 7.385e-01 2.569e-01 8.130e-04 2.219e-04 2.016e-03 -1.000 4.581e-03 2.410 2.317 2.526 1.959
0.0045 -0.53140 6.77000 1.5232467651 2.5407659607    1.523  0.945  3.8176  3.898    0  0.000  0.538     0.00     0.00     0.00     0.00     0.00 -1 -2.51e-13      0.00 7.385e-01 2.569e-01 8.130e-04 2.219e-04 2.016e-03 -1.000 4.581e-03 2.406 2.313 2.522 1.955
0.0045 -0.53140 6.77000 1.5441795588 2.5424045533    1.544  0.995  3.8287  3.899    0  0.000  0.538     0.00     0.00     0.00     0.00     0.00 -1 -2.43e-13      0.00 7.385e-01 2.569e-01 8.130e-04 2.219e-04 2.016e-03 -1.000 4.581e-03 2.283 2.190 2.380 1.858
0.0045 -0.53140 6.77000 1.5629281998 2.5438294028    1.563  1.038  3.8416  3.912    0  0.000  0.538     0.00     0.00     0.00     0.00     0.00 -1 -2.31e-13      0.00 7.385e-01 2.569e-01 8.130e-04 2.219e-04 2.016e-03 -1.000 4.581e-03 2.176 2.085 2.255 1.782
0.0045 -0.53140 6.77000 1.5709745884 2.5444289269    1.571  1.056  3.8480  3.922    0  0.000  0.538     0.00     0.00     0.00     0.00     0.00 -1 -2.25e-13      0.00 7.385e-01 2.569e-01 8.130e-04 2.219e-04 2.016e-03 -1.000 4.581e-03 2.131 2.041 2.201 1.754
0.0045 -0.53140 6.77000 1.5852853060 2.5454779235    1.585  1.087  3.8611  3.948    0  0.000  0.538     0.00     0.00     0.00     0.00     0.00 -1 -2.01e-13      0.00 7.385e-01 2.569e-01 8.130e-04 2.219e-04 2.016e-03 -1.000 4.581e-03 2.053 1.967 2.108 1.711
0.0045 -0.53140 6.77000 1.6004173756 2.5465636924    1.600  1.118  3.8758  3.979    0  0.000  0.538     0.00     0.00     0.00     0.00     0.00 -1 -1.77e-13      0.00 7.385e-01 2.569e-01 8.129e-04 2.219e-04 2.016e-03 -1.000 4.581e-03 1.975 1.896 2.015 1.676
0.0045 -0.53140 6.77000 1.6155351400 2.5476251100    1.615  1.147  3.8906  4.014    0  0.000  0.538     0.00     0.00     0.00     0.00     0.00 -1 -1.55e-13      0.00 7.385e-01 2.569e-01 8.129e-04 2.219e-04 2.016e-03 -1.000 4.581e-03 1.903 1.833 1.931 1.649
0.0045 -0.53140 6.77000 1.6193619967 2.5478901813    1.619  1.154  3.8943  4.023    0  0.000  0.538     0.00     0.00     0.00     0.00     0.00 -1  -1.5e-13      0.00 7.385e-01 2.569e-01 8.129e-04 2.219e-04 2.016e-03 -1.000 4.581e-03 1.886 1.819 1.912 1.645
0.0045 -0.53140 6.77000 1.6251417398 2.5482878010    1.625  1.164  3.8999  4.036    0  0.000  0.538     0.00     0.00     0.00     0.00     0.00 -1 -2.65e-14      0.00 7.385e-01 2.569e-01 8.129e-04 2.219e-04 2.016e-03 -1.000 4.581e-03 1.860 1.799 1.884 1.638
0.0045 -0.53140 6.77000 1.6414346695 2.5493913665    1.641  1.190  3.9150  4.076    0  0.000  0.538     0.00     0.00     0.00     0.00     0.00 -1 -2.07e-16      0.00 7.385e-01 2.569e-01 8.129e-04 2.219e-04 2.016e-03 -1.000 4.581e-03 1.796 1.755 1.820 1.631
0.0045 -0.53140 6.77000 1.6592420340 2.5505690470    1.658  1.213  3.9306  4.119    0  0.000  0.538     0.00     0.00     0.00     0.00     0.00 -1 -1.09e-18      0.00 7.385e-01 2.569e-01 8.129e-04 2.219e-04 2.016e-03 -1.000 4.581e-03 1.737 1.726 1.771 1.638
0.0045 -0.53140 6.77000 1.6640323400 2.5508809079    1.663  1.219  3.9347  4.131    0  0.000  0.538     0.00     0.00     0.00     0.00     0.00 -1 -2.68e-19      0.00 7.385e-01 2.569e-01 8.129e-04 2.219e-04 2.016e-03 -1.000 4.581e-03 1.723 1.722 1.763 1.642
0.0045 -0.53140 6.77000 1.6677495241 2.5511214867    1.667  1.222  3.9375  4.140    0  0.000  0.538     0.00     0.00     0.00     0.00     0.00 -1 -9.04e-20      0.00 7.385e-01 2.569e-01 8.129e-04 2.219e-04 2.016e-03 -1.000 4.581e-03 1.715 1.721 1.759 1.647
0.0045 -0.53140 6.77000 1.6815186739 2.5520019886    1.681  1.233  3.9478  4.173    0  0.000  0.538     0.00     0.00     0.00     0.00     0.00 -1 -6.28e-23      0.00 7.385e-01 2.569e-01 8.129e-04 2.219e-04 2.016e-03 -1.000 4.581e-03 1.687 1.723 1.752 1.667
0.0045 -0.53140 6.77000 1.7069878578 2.5535877055    1.706  1.240  3.9620  4.230    0  0.000  0.538     0.00     0.00     0.00     0.00     0.00 -1  -1.1e-28      0.00 7.385e-01 2.569e-01 8.129e-04 2.219e-04 2.016e-03 -1.000 4.581e-03 1.671 1.756 1.773 1.722
0.0045 -0.53140 6.77000 1.7161370516 2.5541441388    1.715  1.238  3.9658  4.249    0  0.000  0.538     0.00     0.00     0.00     0.00     0.00 -1    -1e-30      0.00 7.385e-01 2.569e-01 8.129e-04 2.219e-04 2.016e-03 -1.000 4.581e-03 1.674 1.773 1.787 1.745
0.0045 -0.53140 6.77000 1.7326961756 2.5551340648    1.732  1.232  3.9713  4.281    0  0.000  0.538     0.00     0.00     0.00     0.00     0.00 -1    -1e-30      0.00 7.385e-01 2.569e-01 8.129e-04 2.219e-04 2.016e-03 -1.000 4.581e-03 1.689 1.809 1.820 1.788
0.0045 -0.53140 6.77000 1.7578164339 2.5565949164    1.757  1.223  3.9779  4.323    0  0.000  0.538     0.00     0.00     0.00     0.00     0.00 -1    -1e-30      0.00 7.385e-01 2.569e-01 8.129e-04 2.219e-04 2.016e-03 -1.000 4.581e-03 1.713 1.859 1.866 1.847
0.0045 -0.53140 6.77000 1.7645244598 2.5569769339    1.763  1.225  3.9796  4.330    0  0.000  0.538     0.00     0.00     0.00     0.00     0.00 -1    -1e-30      0.00 7.385e-01 2.569e-01 8.129e-04 2.219e-04 2.016e-03 -1.000 4.581e-03 1.708 1.861 1.867 1.851
0.0045 -0.53140 6.77000 1.8143253326 2.5597117749    1.813  1.252  3.9968  4.383    0  0.000  0.538     0.00     0.00     0.00     0.00     0.00 -1    -1e-30      0.00 7.385e-01 2.569e-01 8.129e-04 2.219e-04 2.016e-03 -1.000 4.581e-03 1.639 1.867 1.863 1.877
0.0045 -0.53140 6.77000 1.8178883791 2.5599008466    1.817  1.254  3.9981  4.387    0  0.000  0.538     0.00     0.00     0.00     0.00     0.00 -1    -1e-30      0.00 7.385e-01 2.569e-01 8.129e-04 2.219e-04 2.016e-03 -1.000 4.581e-03 1.634 1.868 1.863 1.879
0.0045 -0.53140 6.77000 1.8490206003 2.5615172812    1.848  1.290  4.0119  4.414    0  0.000  0.538     0.00     0.00     0.00     0.00     0.00 -1    -1e-30      0.00 7.385e-01 2.569e-01 8.129e-04 2.219e-04 2.016e-03 -1.000 4.581e-03 1.545 1.843 1.831 1.868
0.0045 -0.53140 6.77000 1.8641264439 2.5622792652    1.863  1.305  4.0177  4.426    0  0.000  0.538     0.00     0.00     0.00     0.00     0.00 -1    -1e-30      0.00 7.385e-01 2.569e-01 8.129e-04 2.219e-04 2.016e-03 -1.000 4.581e-03 1.506 1.833 1.817 1.862
0.0045 -0.53140 6.77000 1.9139275551 2.5646937055    1.913  1.339  4.0309  4.456    0  0.000  0.538     0.00     0.00     0.00     0.00     0.00 -1    -1e-30      0.00 7.385e-01 2.569e-01 8.128e-04 2.219e-04 2.016e-03 -1.000 4.581e-03 1.422 1.813 1.792 1.854
0.0045 -0.53140 6.77000 1.9550708532 2.5665820590    1.955  1.362  4.0412  4.484    0  0.000  0.538     0.00     0.00     0.00     0.00     0.00 -1    -1e-30      0.00 7.385e-01 2.569e-01 8.128e-04 2.219e-04 2.016e-03 -1.000 4.581e-03 1.365 1.808 1.783 1.857
0.0045 -0.53140 6.77000 1.9637286663 2.5669678549    1.963  1.366  4.0428  4.489    0  0.000  0.538     0.00     0.00     0.00     0.00     0.00 -1    -1e-30      0.00 7.385e-01 2.569e-01 8.128e-04 2.219e-04 2.016e-03 -1.000 4.581e-03 1.355 1.808 1.782 1.857
0.0045 -0.53140 6.77000 1.9752292633 2.5674743167    1.975  1.370  4.0447  4.494    0  0.000  0.538     0.00     0.00     0.00     0.00     0.00 -1    -1e-30      0.00 7.385e-01 2.569e-01 8.126e-04 2.219e-04 2.016e-03 -1.000 4.581e-03 1.345 1.807 1.780 1.858
0.0045 -0.53140 6.77000 2.0135295391 2.5691131108    2.013  1.392  4.0502  4.502    0  0.000  0.538     0.00     0.00     0.00     0.00     0.00 -1    -1e-30      0.00 7.385e-01 2.569e-01 8.126e-04 2.219e-04 2.016e-03 -1.000 4.581e-03 1.289 1.779 1.750 1.834
0.0045 -0.53140 6.77000 2.0333485603 2.5699333072    2.033  1.405  4.0529  4.505    0  0.000  0.538     0.00     0.00     0.00     0.00     0.00 -1    -1e-30      0.00 7.385e-01 2.569e-01 8.126e-04 2.219e-04 2.016e-03 -1.000 4.581e-03 1.258 1.763 1.733 1.820
0.0045 -0.53140 6.77000 2.0633306503 2.5711397217    2.063  1.426  4.0574  4.508    0  0.000  0.538     0.00     0.00     0.00     0.00     0.00 -1    -1e-30      0.00 7.385e-01 2.569e-01 8.126e-04 2.219e-04 2.016e-03 -1.000 4.581e-03 1.204 1.732 1.700 1.792
0.0045 -0.53140 6.77000 2.1131315231 2.5730568631    2.112  1.464  4.0648  4.510    0  0.000  0.538     0.00     0.00     0.00     0.00     0.00 -1    -1e-30      0.00 7.385e-01 2.569e-01 8.126e-04 2.219e-04 2.016e-03 -1.000 4.581e-03 1.111 1.678 1.644 1.744
0.0045 -0.53140 6.77000 2.1160418987 2.5731656960    2.115  1.465  4.0651  4.511    0  0.000  0.538     0.00     0.00     0.00     0.00     0.00 -1    -1e-30      0.00 7.385e-01 2.569e-01 8.126e-04 2.219e-04 2.016e-03 -1.000 4.581e-03 1.107 1.676 1.642 1.742
0.0045 -0.53140 6.77000 2.1629328728 2.5748728496    2.162  1.502  4.0723  4.512    0  0.000  0.538     0.00     0.00     0.00     0.00     0.00 -1    -1e-30      0.00 7.386e-01 2.569e-01 8.126e-04 2.219e-04 2.016e-03 -1.000 4.581e-03 1.015 1.623 1.586 1.693
0.0045 -0.53140 6.77000 2.2127337456 2.5765951351    2.211  1.539  4.0794  4.514    0  0.000  0.538     0.00     0.00     0.00     0.00     0.00 -1    -1e-30      0.00 7.386e-01 2.569e-01 8.126e-04 2.219e-04 2.016e-03 -1.000 4.581e-03 0.923 1.569 1.529 1.644
0.0045 -0.53140 6.77000 2.2625348568 2.5782305270    2.261  1.576  4.0865  4.514    0  0.000  0.538     0.00     0.00     0.00     0.00     0.00 -1    -1e-30      0.00 7.386e-01 2.568e-01 8.128e-04 2.219e-04 2.015e-03 -1.000 4.581e-03 0.830 1.514 1.472 1.594
0.0045 -0.53140 6.77000 2.3123357296 2.5797851659    2.311  1.611  4.0930  4.515    0  0.000  0.538     0.00     0.00     0.00     0.00     0.00 -1    -1e-30      0.00 7.386e-01 2.568e-01 8.126e-04 2.219e-04 2.015e-03 -1.000 4.581e-03 0.743 1.463 1.419 1.546
0.0045 -0.53140 6.77000 2.3621368408 2.5812646664    2.361  1.646  4.0995  4.515    0  0.000  0.538     0.00     0.00     0.00     0.00     0.00 -1    -1e-30      0.00 7.386e-01 2.568e-01 8.128e-04 2.219e-04 2.015e-03 -1.000 4.581e-03 0.656 1.411 1.365 1.498
0.0045 -0.53140 6.77000 2.4119379520 2.5826741251    2.411  1.680  4.1057  4.515    0  0.000  0.538     0.00     0.00     0.00     0.00     0.00 -1    -1e-30      0.00 7.386e-01 2.568e-01 8.128e-04 2.219e-04 2.015e-03 -1.000 4.581e-03 0.571 1.361 1.313 1.452
0.0045 -0.53140 6.77000 2.6111419201 2.5876990578    2.611  1.806  4.1284  4.514    1  0.000  0.538     0.00     0.00     0.00     0.00     0.00 -1    -1e-30      0.00 7.385e-01 2.569e-01 8.131e-04 2.219e-04 2.017e-03 -1.000 4.581e-03 0.254 1.172 1.116 1.276
0.0045 -0.53140 6.77000 2.8103461266 2.5919137601    2.810  1.924  4.1486  4.510    1  0.000  0.538     0.00     0.00     0.00     0.00     0.00 -1    -1e-30      0.00 7.385e-01 2.569e-01 8.131e-04 2.219e-04 2.017e-03 -1.000 4.581e-03 -0.039 0.995 0.933 1.110
0.0045 -0.53140 6.77000 3.0095503330 2.5954933738    3.009  2.032  4.1665  4.503    1  0.000  0.538     0.00     0.00     0.00     0.00     0.00 -1    -1e-30      0.00 7.385e-01 2.569e-01 8.131e-04 2.219e-04 2.017e-03 -1.000 4.581e-03 -0.309 0.828 0.760 0.953
0.0045 -0.53140 6.77000 3.2087545395 2.5985667500    3.208  2.133  4.1843  4.501    0  0.000  0.538     0.00     0.00     0.00     0.00     0.00 -1    -1e-30      0.00 7.385e-01 2.569e-01 8.131e-04 2.219e-04 2.017e-03 -1.000 4.581e-03 -0.562 0.679 0.606 0.814
0.0045 -0.53140 6.77000 3.4079587460 2.6012306511    3.406  2.227  4.1998  4.494    0  0.000  0.538     0.00     0.00     0.00     0.00     0.00 -1    -1e-30      0.00 7.385e-01 2.569e-01 8.131e-04 2.219e-04 2.017e-03 -1.000 4.581e-03 -0.797 0.535 0.458 0.679
0.0045 -0.53140 6.77000 3.6071624756 2.6035590558    3.605  2.315  4.2127  4.482    1  0.000  0.538     0.00     0.00     0.00     0.00     0.00 -1    -1e-30      0.00 7.385e-01 2.569e-01 8.131e-04 2.219e-04 2.017e-03 -1.000 4.581e-03 -1.018 0.391 0.310 0.542
0.0045 -0.53140 6.77000 3.8063669205 2.6056094485    3.804  2.398  4.2254  4.474    1  0.000  0.538     0.00     0.00     0.00     0.00     0.00 -1    -1e-30      0.00 7.385e-01 2.569e-01 8.131e-04 2.219e-04 2.017e-03 -1.000 4.581e-03 -1.225 0.259 0.175 0.418
0.0045 -0.53140 6.77000 4.0055708885 2.6074270928    4.006  2.477  4.2388  4.471    1  0.000  0.538     0.00     0.00     0.00     0.00     0.00 -1    -1e-30      0.00 7.385e-01 2.569e-01 8.131e-04 2.219e-04 2.017e-03 -1.000 4.581e-03 -1.422 0.142 0.054 0.308
0.0045 -0.53140 6.77000 4.2047748566 2.6090481148    4.203  2.551  4.2500  4.463    1  0.000  0.538     0.00     0.00     0.00     0.00     0.00 -1    -1e-30      0.00 7.385e-01 2.569e-01 8.131e-04 2.219e-04 2.017e-03 -1.000 4.581e-03 -1.607 0.023 -0.068 0.195
0.0045 -0.53140 6.77000 4.2456064224 2.6093588512    4.243  2.565  4.2522  4.461    1  0.000  0.538     0.00     0.00     0.00     0.00     0.00 -1    -1e-30      0.00 7.385e-01 2.569e-01 8.131e-04 2.219e-04 2.017e-03 -1.000 4.581e-03 -1.644 -0.001 -0.093 0.173
0.0045 -0.53140 6.77000 4.4039793015 2.6105016626    4.401  2.621  4.2606  4.454    1  0.000  0.538     0.00     0.00     0.00     0.00     0.00 -1    -1e-30      0.00 7.385e-01 2.569e-01 8.131e-04 2.219e-04 2.017e-03 -1.000 4.581e-03 -1.783 -0.091 -0.186 0.087
0.0045 -0.53140 6.77000 4.6031832695 2.6118114871    4.601  2.688  4.2707  4.447    1  0.000  0.538     0.00     0.00     0.00     0.00     0.00 -1    -1e-30      0.00 7.385e-01 2.569e-01 8.131e-04 2.219e-04 2.017e-03 -1.000 4.581e-03 -1.951 -0.199 -0.296 -0.015
0.0045 -0.53140 6.77000 4.6462626457 2.6120778133    4.644  2.703  4.2729  4.446    1  0.000  0.538     0.00     0.00     0.00     0.00     0.00 -1    -1e-30      0.00 7.385e-01 2.569e-01 8.131e-04 2.219e-04 2.017e-03 -1.000 4.581e-03 -1.986 -0.222 -0.320 -0.037
0.0045 -0.53140 6.77000 4.8023877144 2.6129971422    4.800  2.753  4.2807  4.441    1  0.000  0.538     0.00     0.00     0.00     0.00     0.00 -1    -1e-30      0.00 7.385e-01 2.569e-01 8.131e-04 2.219e-04 2.017e-03 -1.000 4.581e-03 -2.112 -0.301 -0.401 -0.112
0.0045 -0.53140 6.77000 5.0015921593 2.6140748452    5.001  2.814  4.2893  4.432    1  0.000  0.538     0.00     0.00     0.00     0.00     0.00 -1    -1e-30      0.00 7.385e-01 2.569e-01 8.131e-04 2.219e-04 2.017e-03 -1.000 4.581e-03 -2.265 -0.404 -0.507 -0.210
0.0045 -0.53140 6.77000 5.2007956505 2.6150581564    5.201  2.873  4.2982  4.426    1  0.000  0.538     0.00     0.00     0.00     0.00     0.00 -1    -1e-30      0.00 7.385e-01 2.569e-01 8.131e-04 2.219e-04 2.017e-03 -1.000 4.581e-03 -2.412 -0.498 -0.604 -0.300
0.0045 -0.53140 6.77000 5.2482466698 2.6152797615    5.248  2.886  4.3002  4.425    1  0.000  0.538     0.00     0.00     0.00     0.00     0.00 -1    -1e-30      0.00 7.385e-01 2.569e-01 8.131e-04 2.219e-04 2.017e-03 -1.000 4.581e-03 -2.445 -0.521 -0.627 -0.321
0.0045 -0.53140 6.77000 5.4000000954 2.6159585105    5.401  2.929  4.3067  4.420    1  0.000  0.538     0.00     0.00     0.00     0.00     0.00 -1    -1e-30      0.00 7.385e-01 2.569e-01 8.131e-04 2.219e-04 2.017e-03 -1.000 4.581e-03 -2.552 -0.590 -0.698 -0.387
0.0045 -0.53140 6.77000 5.5875058174 2.6167388890    5.588  2.980  4.3145  4.415    1  0.000  0.538     0.00     0.00     0.00     0.00     0.00 -1    -1e-30      0.00 7.385e-01 2.569e-01 8.131e-04 2.219e-04 2.017e-03 -1.000 4.581e-03 -2.680 -0.673 -0.783 -0.466
0.0045 -0.53140 6.77000 5.7750120163 2.6174612803    5.775  3.029  4.3219  4.410    1  0.000  0.538     0.00     0.00     0.00     0.00     0.00 -1    -1e-30      0.00 7.385e-01 2.569e-01 8.131e-04 2.219e-04 2.017e-03 -1.000 4.581e-03 -2.803 -0.754 -0.865 -0.542
0.0045 -0.53140 6.77000 5.8283753395 2.6176571233    5.829  3.043  4.3238  4.408    1  0.000  0.538     0.00     0.00     0.00     0.00     0.00 -1    -1e-30      0.00 7.385e-01 2.569e-01 8.131e-04 2.219e-04 2.017e-03 -1.000 4.581e-03 -2.837 -0.777 -0.889 -0.564
0.0045 -0.53140 6.77000 5.9625177383 2.6181316696    5.962  3.077  4.3288  4.404    1  0.000  0.538     0.00     0.00     0.00     0.00     0.00 -1    -1e-30      0.00 7.385e-01 2.569e-01 8.131e-04 2.219e-04 2.017e-03 -1.000 4.581e-03 -2.922 -0.833 -0.947 -0.617
0.0045 -0.53140 6.77000 6.1500234604 2.6187552663    6.149  3.123  4.3357  4.399    1  0.000  0.538     0.00     0.00     0.00     0.00     0.00 -1    -1e-30      0.00 7.385e-01 2.569e-01 8.131e-04 2.219e-04 2.017e-03 -1.000 4.581e-03 -3.037 -0.909 -1.025 -0.690
0.0045 -0.53140 6.77000 6.1969332695 2.6189045054    6.196  3.134  4.3374  4.398    1  0.000  0.538     0.00     0.00     0.00     0.00     0.00 -1    -1e-30      0.00 7.385e-01 2.569e-01 8.131e-04 2.219e-04 2.017e-03 -1.000 4.581e-03 -3.065 -0.928 -1.044 -0.708
0.0045 -0.53140 6.77000 6.3375296593 2.6193366199    6.336  3.167  4.3424  4.394    1  0.000  0.538     0.00     0.00     0.00     0.00     0.00 -1    -1e-30      0.00 7.385e-01 2.569e-01 8.131e-04 2.219e-04 2.017e-03 -1.000 4.581e-03 -3.149 -0.983 -1.100 -0.760
0.0045 -0.53140 6.77000 6.9000468254 2.6208647769    6.893  3.292  4.3607  4.379    1  0.000  0.538     0.00     0.00     0.00     0.00     0.00 -1    -1e-30      0.00 7.385e-01 2.569e-01 8.131e-04 2.219e-04 2.017e-03 -1.000 4.581e-03 -3.460 -1.193 -1.315 -0.960
0.0045 -0.53140 6.77000 7.0445218086 2.6212122480    7.037  3.322  4.3651  4.375    1  0.000  0.538     0.00     0.00     0.00     0.00     0.00 -1    -1e-30      0.00 7.385e-01 2.569e-01 8.131e-04 2.219e-04 2.017e-03 -1.000 4.581e-03 -3.536 -1.244 -1.367 -1.009
0.0045 -0.53140 6.77000 7.8375759125 2.6228601690    7.828  3.479  4.3878  4.356    1  0.000  0.538     0.00     0.00     0.00     0.00     0.00 -1    -1e-30      0.00 7.385e-01 2.569e-01 8.131e-04 2.219e-04 2.017e-03 -1.000 4.581e-03 -3.927 -1.512 -1.641 -1.264
0.0045 -0.53140 6.77000 8.2871694565 2.6236350098    8.275  3.560  4.3993  4.345    1  0.000  0.538     0.00     0.00     0.00     0.00     0.00 -1    -1e-30      0.00 7.385e-01 2.569e-01 8.131e-04 2.219e-04 2.017e-03 -1.000 4.581e-03 -4.130 -1.653 -1.786 -1.400
0.0045 -0.53140 6.77000 8.7751054764 2.6243734684    8.760  3.644  4.4111  4.333    1  0.000  0.538     0.00     0.00     0.00     0.00     0.00 -1    -1e-30      0.00 7.385e-01 2.569e-01 8.131e-04 2.219e-04 2.017e-03 -1.000 4.581e-03 -4.341 -1.788 -1.923 -1.548
0.0045 -0.53140 6.77000 9.3592433929 2.6251421208    9.344  3.738  4.4242  4.319    1  0.000  0.538     0.00     0.00     0.00     0.00     0.00 -1    -1e-30      0.00 7.385e-01 2.569e-01 8.131e-04 2.219e-04 2.017e-03 -1.000 4.581e-03 -4.576 -1.934 -2.072 -1.683
0.0045 -0.53140 6.77000 9.7126350403 2.6255558715    9.699  3.793  4.4316  4.310    1  0.000  0.538     0.00     0.00     0.00     0.00     0.00 -1    -1e-30      0.00 7.385e-01 2.569e-01 8.131e-04 2.219e-04 2.017e-03 -1.000 4.581e-03 -4.712 -2.046 -2.187 -1.791
0.0045 -0.53140 6.77000 10.2694978714 2.6261418714   10.254  3.873  4.4424  4.298    1  0.000  0.538     0.00     0.00     0.00     0.00     0.00 -1    -1e-30      0.00 7.385e-01 2.569e-01 8.131e-04 2.219e-04 2.017e-03 -1.000 4.581e-03 -4.912 -2.216 -2.359 -1.953
0.0045 -0.53140 6.77000 10.6501636505 2.6265021586   10.633  3.926  4.4494  4.289    1  0.000  0.538     0.00     0.00     0.00     0.00     0.00 -1    -1e-30      0.00 7.385e-01 2.569e-01 8.131e-04 2.219e-04 2.017e-03 -1.000 4.581e-03 -5.044 -2.327 -2.472 -2.059
0.0045 -0.53140 6.77000 11.5729417801 2.6272635242   11.552  4.046  4.4650  4.267    1  0.000  0.538     0.00     0.00     0.00     0.00     0.00 -1    -1e-30      0.00 7.385e-01 2.569e-01 8.131e-04 2.219e-04 2.017e-03 -1.000 4.581e-03 -5.344 -2.537 -2.686 -2.261
0.0045 -0.53140 6.77000 11.5876932144 2.6272745677   11.566  4.047  4.4652  4.267    1  0.000  0.538     0.00     0.00     0.00     0.00     0.00 -1    -1e-30      0.00 7.385e-01 2.569e-01 8.131e-04 2.219e-04 2.017e-03 -1.000 4.581e-03 -5.349 -2.541 -2.690 -2.264
0.0045 -0.53140 6.77000 12.4222955704 2.6278505924   12.392  4.147  4.4776  4.247    1  0.000  0.540     0.00     0.00     0.00     0.00     0.00 -1 -1.65e-23      0.00 7.385e-01 2.569e-01 8.163e-04 2.220e-04 2.016e-03 -1.000 4.581e-03 -5.597 -2.718 -2.870 -2.435
0.0045 -0.53140 6.77000 13.1364269257 2.6282772366   13.097  4.228  4.4873  4.228    1  0.000  0.542     0.00     0.00     0.00     0.00     0.00 -1 -1.07e-17      0.00 7.385e-01 2.569e-01 8.189e-04 2.221e-04 2.016e-03 -1.000 4.581e-03 -5.801 -2.873 -3.027 -2.584
0.0045 -0.53140 6.77000 13.4627513885 2.6284549558   13.421  4.264  4.4915  4.219    1  0.000  0.543     0.00     0.00     0.00     0.00     0.00 -1 -3.86e-15      0.00 7.385e-01 2.569e-01 8.200e-04 2.221e-04 2.016e-03 -1.000 4.581e-03 -5.891 -2.943 -3.098 -2.651
0.0045 -0.53140 6.77000 14.0674695969 2.6287593628   14.019  4.327  4.4985  4.204    1  0.000  0.544     0.00     0.00     0.00     0.00     0.00 -1 -2.13e-13      0.00 7.385e-01 2.570e-01 8.211e-04 2.221e-04 2.016e-03 -1.000 4.581e-03 -6.048 -3.065 -3.222 -2.768
0.0045 -0.53140 6.77000 14.7955341339 2.6290881635   14.738  4.400  4.5064  4.184    1  0.000  0.544     0.00     0.00     0.00     0.00     0.00 -1 -2.14e-11      0.00 7.385e-01 2.570e-01 8.223e-04 2.222e-04 2.016e-03 -1.000 4.581e-03 -6.229 -3.208 -3.366 -2.907
0.0045 -0.53140 6.77000 15.3378105164 2.6293098752   15.275  4.452  4.5119  4.169    1  0.000  0.545     0.00     0.00     0.00     0.00     0.00 -1  -5.8e-10      0.00 7.385e-01 2.570e-01 8.232e-04 2.222e-04 2.016e-03 -1.000 4.581e-03 -6.360 -3.311 -3.470 -3.008
0.0045 -0.53140 6.77000 15.7506303787 2.6294669399   15.680  4.490  4.5156  4.158    1  0.000  0.545     0.00     0.00     0.00     0.00     0.00 -1 -1.09e-09      0.00 7.385e-01 2.570e-01 8.234e-04 2.222e-04 2.016e-03 -1.000 4.581e-03 -6.454 -3.385 -3.545 -3.081
0.0045 -0.53140 6.77000 16.4875183105 2.6297249497   16.401  4.555  4.5218  4.138    1  0.000  0.545     0.00     0.00     0.00     0.00     0.00 -1 -3.22e-09      0.00 7.384e-01 2.570e-01 8.236e-04 2.222e-04 2.016e-03 -1.000 4.581e-03 -6.617 -3.517 -3.677 -3.211
0.0045 -0.53140 6.77000 17.2128696442 2.6299542694   17.111  4.617  4.5272  4.115    1  0.000  0.545     0.00     0.00     0.00     0.00     0.00 -1 -9.02e-09      0.00 7.384e-01 2.570e-01 8.238e-04 2.222e-04 2.016e-03 -1.000 4.581e-03 -6.773 -3.651 -3.812 -3.345
0.0045 -0.53140 6.77000 17.7212467194 2.6301021894   17.609  4.659  4.5306  4.100    1  0.000  0.545     0.00     0.00     0.00     0.00     0.00 -1 -1.09e-08      0.00 7.384e-01 2.570e-01 8.238e-04 2.222e-04 2.016e-03 -1.000 4.581e-03 -6.876 -3.743 -3.904 -3.437
0.0045 -0.53140 6.77000 18.6763801575 2.6303552201   18.544  4.734  4.5360  4.068    1  0.000  0.545     0.00     0.00     0.00     0.00     0.00 -1 -1.54e-08      0.00 7.384e-01 2.570e-01 8.238e-04 2.222e-04 2.016e-03 -1.000 4.581e-03 -7.065 -3.908 -4.069 -3.601
0.0045 -0.53140 6.77000 19.0879287720 2.6304553117   18.948  4.766  4.5380  4.054    1  0.000  0.545     0.00     0.00     0.00     0.00     0.00 -1 -1.77e-08      0.00 7.384e-01 2.570e-01 8.238e-04 2.222e-04 2.016e-03 -1.000 4.581e-03 -7.144 -3.976 -4.137 -3.669
0.0045 -0.53140 6.77000 19.8325939178 2.6306243363   19.673  4.819  4.5411  4.029    1  0.000  0.545     0.00     0.00     0.00     0.00     0.00 -1 -2.24e-08      0.00 7.384e-01 2.570e-01 8.238e-04 2.222e-04 2.016e-03 -1.000 4.581e-03 -7.277 -4.089 -4.250 -3.781
0.0045 -0.53140 6.77000 20.7840404510 2.6308201602   20.597  4.885  4.5439  3.995    1  0.000  0.545     0.00     0.00     0.00     0.00     0.00 -1 -2.99e-08      0.00 7.384e-01 2.570e-01 8.238e-04 2.222e-04 2.016e-03 -1.000 4.581e-03 -7.442 -4.231 -4.393 -3.923
0.0045 -0.53140 6.77000 21.6509208679 2.6309814558   21.435  4.943  4.5453  3.959    1  0.000  0.545     0.00     0.00     0.00     0.00     0.00 -1 -3.88e-08      0.00 7.384e-01 2.570e-01 8.238e-04 2.222e-04 2.016e-03 -1.000 4.581e-03 -7.589 -4.374 -4.535 -4.068
0.0045 -0.53140 6.77000 22.5084476471 2.6311270356   22.259  5.000  4.5456  3.920    1  0.000  0.545     0.00     0.00     0.00     0.00     0.00 -1  -4.9e-08      0.00 7.384e-01 2.570e-01 8.238e-04 2.222e-04 2.016e-03 -1.000 4.581e-03 -7.730 -4.517 -4.678 -4.213
