Zini MH logAge Mini int_IMF Mass logL logTe logg label McoreTP C_O period0 period1 period2 period3 period4 pmode Mloss tau1m X Y Xc Xn Xo Cexcess Z mbolmag Gmag G_BPmag G_RPmag
0.0075 -0.30462 7.04001 0.0900000036 1.0816895926    0.090 -2.028  3.4274  4.082    0  0.000  0.545     0.00     0.00     0.00     0.00     0.00 -1 -3.61e-15      0.00 7.302e-01 2.622e-01 1.358e-03 3.663e-04 3.323e-03 -1.000 7.551e-03 9.841 11.555 13.982 10.148
0.0075 -0.30462 7.04001 0.0983173847 1.1568952206    0.098 -1.976  3.4332  4.092    0  0.000  0.545     0.00     0.00     0.00     0.00     0.00 -1 -3.85e-15      0.00 7.302e-01 2.622e-01 1.358e-03 3.663e-04 3.323e-03 -1.000 7.551e-03 9.711 11.355 13.690 9.966
0.0075 -0.30462 7.04001 0.0998300463 1.1696851497    0.100 -1.967  3.4342  4.093    0  0.000  0.545     0.00     0.00     0.00     0.00     0.00 -1  -3.9e-15      0.00 7.302e-01 2.622e-01 1.358e-03 3.663e-04 3.323e-03 -1.000 7.551e-03 9.688 11.321 13.641 9.935
0.0075 -0.30462 7.04001 0.1108435243 1.2557889582    0.111 -1.903  3.4420  4.105    0  0.000  0.545     0.00     0.00     0.00     0.00     0.00 -1 -4.23e-15      0.00 7.302e-01 2.622e-01 1.358e-03 3.663e-04 3.323e-03 -1.000 7.551e-03 9.527 11.073 13.283 9.708
0.0075 -0.30462 7.04001 0.1194901466 1.3159458992    0.119 -1.856  3.4475  4.113    0  0.000  0.545     0.00     0.00     0.00     0.00     0.00 -1  -4.5e-15      0.00 7.302e-01 2.622e-01 1.358e-03 3.663e-04 3.323e-03 -1.000 7.551e-03 9.410 10.896 13.028 9.546
0.0075 -0.30462 7.04001 0.1261180490 1.3583508710    0.126 -1.823  3.4512  4.118    0  0.000  0.545     0.00     0.00     0.00     0.00     0.00 -1  -4.7e-15      0.00 7.302e-01 2.622e-01 1.358e-03 3.663e-04 3.323e-03 -1.000 7.551e-03 9.327 10.773 12.854 9.434
0.0075 -0.30462 7.04001 0.1439300627 1.4592719090    0.144 -1.741  3.4601  4.129    0  0.000  0.545     0.00     0.00     0.00     0.00     0.00 -1 -5.25e-15      0.00 7.302e-01 2.622e-01 1.358e-03 3.663e-04 3.323e-03 -1.000 7.551e-03 9.122 10.472 12.424 9.161
0.0075 -0.30462 7.04001 0.1526453793 1.5029127514    0.153 -1.704  3.4640  4.134    0  0.000  0.545     0.00     0.00     0.00     0.00     0.00 -1 -5.49e-15      0.00 7.302e-01 2.622e-01 1.358e-03 3.663e-04 3.323e-03 -1.000 7.551e-03 9.031 10.343 12.248 9.043
0.0075 -0.30462 7.04001 0.1584384888 1.5301676641    0.158 -1.681  3.4664  4.137    0  0.000  0.545     0.00     0.00     0.00     0.00     0.00 -1 -5.65e-15      0.00 7.302e-01 2.622e-01 1.358e-03 3.663e-04 3.323e-03 -1.000 7.551e-03 8.974 10.262 12.136 8.970
0.0075 -0.30462 7.04001 0.1601173878 1.5378251813    0.160 -1.675  3.4671  4.138    0  0.000  0.545     0.00     0.00     0.00     0.00     0.00 -1  -5.7e-15      0.00 7.302e-01 2.622e-01 1.358e-03 3.663e-04 3.323e-03 -1.000 7.551e-03 8.958 10.240 12.104 8.949
0.0075 -0.30462 7.04001 0.1654466689 1.5614570446    0.165 -1.654  3.4692  4.139    0  0.000  0.545     0.00     0.00     0.00     0.00     0.00 -1 -5.91e-15      0.00 7.302e-01 2.622e-01 1.358e-03 3.663e-04 3.323e-03 -1.000 7.551e-03 8.905 10.166 12.005 8.882
0.0075 -0.30462 7.04001 0.1795767099 1.6196007008    0.179 -1.601  3.4745  4.143    0  0.000  0.545     0.00     0.00     0.00     0.00     0.00 -1 -6.38e-15      0.00 7.302e-01 2.622e-01 1.358e-03 3.663e-04 3.323e-03 -1.000 7.551e-03 8.774 9.986 11.761 8.717
0.0075 -0.30462 7.04001 0.1949212253 1.6763592476    0.195 -1.550  3.4799  4.149    0  0.000  0.545     0.00     0.00     0.00     0.00     0.00 -1 -6.84e-15      0.00 7.302e-01 2.622e-01 1.358e-03 3.663e-04 3.323e-03 -1.000 7.551e-03 8.645 9.808 11.520 8.555
0.0075 -0.30462 7.04001 0.2053224593 1.7116294509    0.205 -1.519  3.4832  4.153    0  0.000  0.545     0.00     0.00     0.00     0.00     0.00 -1 -7.13e-15      0.00 7.302e-01 2.622e-01 1.358e-03 3.663e-04 3.323e-03 -1.000 7.551e-03 8.566 9.700 11.374 8.457
0.0075 -0.30462 7.04001 0.2243532538 1.7705134826    0.224 -1.463  3.4890  4.160    0  0.000  0.545     0.00     0.00     0.00     0.00     0.00 -1 -7.69e-15      0.00 7.302e-01 2.622e-01 1.358e-03 3.663e-04 3.323e-03 -1.000 7.551e-03 8.428 9.511 11.119 8.286
0.0075 -0.30462 7.04001 0.2451033890 1.8277362318    0.245 -1.409  3.4949  4.167    0  0.000  0.545     0.00     0.00     0.00     0.00     0.00 -1 -8.28e-15      0.00 7.302e-01 2.622e-01 1.358e-03 3.663e-04 3.323e-03 -1.000 7.551e-03 8.291 9.326 10.876 8.119
0.0075 -0.30462 7.04001 0.2472807318 1.8333743544    0.247 -1.403  3.4955  4.168    0  0.000  0.545     0.00     0.00     0.00     0.00     0.00 -1 -8.35e-15      0.00 7.302e-01 2.622e-01 1.358e-03 3.663e-04 3.323e-03 -1.000 7.551e-03 8.277 9.307 10.851 8.102
0.0075 -0.30462 7.04001 0.2683022916 1.8846883137    0.268 -1.353  3.5007  4.174    0  0.000  0.545     0.00     0.00     0.00     0.00     0.00 -1 -8.92e-15      0.00 7.302e-01 2.622e-01 1.358e-03 3.663e-04 3.323e-03 -1.000 7.551e-03 8.152 9.142 10.637 7.952
0.0075 -0.30462 7.04001 0.2964309752 1.9457107145    0.296 -1.292  3.5071  4.181    0  0.000  0.545     0.00     0.00     0.00     0.00     0.00 -1 -9.69e-15      0.00 7.302e-01 2.622e-01 1.358e-03 3.663e-04 3.323e-03 -1.000 7.551e-03 7.999 8.942 10.379 7.770
0.0075 -0.30462 7.04001 0.2987962067 1.9504968856    0.298 -1.287  3.5077  4.182    0  0.000  0.545     0.00     0.00     0.00     0.00     0.00 -1 -9.75e-15      0.00 7.302e-01 2.622e-01 1.358e-03 3.663e-04 3.323e-03 -1.000 7.551e-03 7.987 8.925 10.358 7.756
0.0075 -0.30462 7.04001 0.3455812335 2.0361152310    0.345 -1.195  3.5181  4.195    0  0.000  0.545     0.00     0.00     0.00     0.00     0.00 -1  -1.1e-14      0.00 7.302e-01 2.622e-01 1.358e-03 3.663e-04 3.323e-03 -1.000 7.551e-03 7.757 8.621 9.964 7.482
0.0075 -0.30462 7.04001 0.3562015593 2.0534661548    0.356 -1.177  3.5201  4.198    0  0.000  0.545     0.00     0.00     0.00     0.00     0.00 -1 -1.13e-14      0.00 7.302e-01 2.622e-01 1.358e-03 3.663e-04 3.323e-03 -1.000 7.551e-03 7.712 8.561 9.886 7.428
0.0075 -0.30462 7.04001 0.3947314620 2.1111807335    0.394 -1.113  3.5272  4.207    0  0.000  0.545     0.00     0.00     0.00     0.00     0.00 -1 -1.23e-14      0.00 7.302e-01 2.622e-01 1.358e-03 3.663e-04 3.323e-03 -1.000 7.551e-03 7.552 8.354 9.624 7.242
0.0075 -0.30462 7.04001 0.4438816309 2.1749833073    0.443 -1.040  3.5356  4.219    0  0.000  0.545     0.00     0.00     0.00     0.00     0.00 -1 -1.35e-14      0.00 7.302e-01 2.622e-01 1.358e-03 3.663e-04 3.323e-03 -1.000 7.551e-03 7.371 8.119 9.328 7.032
0.0075 -0.30462 7.04001 0.4730167687 2.2086202753    0.473 -1.002  3.5403  4.228    0  0.000  0.545     0.00     0.00     0.00     0.00     0.00 -1 -1.41e-14      0.00 7.302e-01 2.622e-01 1.358e-03 3.663e-04 3.323e-03 -1.000 7.551e-03 7.276 7.994 9.169 6.921
0.0075 -0.30462 7.04001 0.4930318892 2.2302052303    0.493 -0.976  3.5435  4.233    0  0.000  0.545     0.00     0.00     0.00     0.00     0.00 -1 -1.46e-14      0.00 7.302e-01 2.622e-01 1.358e-03 3.663e-04 3.323e-03 -1.000 7.551e-03 7.211 7.908 9.062 6.845
0.0075 -0.30462 7.04001 0.5039479136 2.2414872542    0.504 -0.963  3.5455  4.237    0  0.000  0.545     0.00     0.00     0.00     0.00     0.00 -1 -1.48e-14      0.00 7.302e-01 2.622e-01 1.358e-03 3.663e-04 3.323e-03 -1.000 7.551e-03 7.178 7.863 9.003 6.806
0.0075 -0.30462 7.04001 0.5384998322 2.2739025415    0.538 -0.920  3.5513  4.246    0  0.000  0.545     0.00     0.00     0.00     0.00     0.00 -1 -1.57e-14      0.00 7.302e-01 2.622e-01 1.358e-03 3.663e-04 3.323e-03 -1.000 7.551e-03 7.070 7.720 8.822 6.680
0.0075 -0.30462 7.04001 0.5421820879 2.2770780545    0.542 -0.915  3.5519  4.246    0  0.000  0.545     0.00     0.00     0.00     0.00     0.00 -1 -1.58e-14      0.00 7.302e-01 2.622e-01 1.358e-03 3.663e-04 3.323e-03 -1.000 7.551e-03 7.058 7.705 8.802 6.666
0.0075 -0.30462 7.04001 0.5689643025 2.2987596138    0.568 -0.883  3.5569  4.255    0  0.000  0.545     0.00     0.00     0.00     0.00     0.00 -1 -1.65e-14      0.00 7.302e-01 2.622e-01 1.358e-03 3.663e-04 3.323e-03 -1.000 7.551e-03 6.977 7.593 8.659 6.570
0.0075 -0.30462 7.04001 0.5913323760 2.3151474903    0.591 -0.856  3.5607  4.260    0  0.000  0.545     0.00     0.00     0.00     0.00     0.00 -1 -1.71e-14      0.00 7.302e-01 2.622e-01 1.358e-03 3.663e-04 3.323e-03 -1.000 7.551e-03 6.910 7.503 8.545 6.491
0.0075 -0.30462 7.04001 0.6095311642 2.3274652563    0.609 -0.834  3.5645  4.266    0  0.000  0.545     0.00     0.00     0.00     0.00     0.00 -1 -1.76e-14      0.00 7.302e-01 2.622e-01 1.358e-03 3.663e-04 3.323e-03 -1.000 7.551e-03 6.854 7.424 8.443 6.424
0.0075 -0.30462 7.04001 0.6404825449 2.3465775003    0.640 -0.795  3.5705  4.273    0  0.000  0.545     0.00     0.00     0.00     0.00     0.00 -1 -1.86e-14      0.00 7.302e-01 2.622e-01 1.358e-03 3.663e-04 3.323e-03 -1.000 7.551e-03 6.757 7.292 8.276 6.310
0.0075 -0.30462 7.04001 0.6743158102 2.3651782513    0.674 -0.747  3.5788  4.281    0  0.000  0.545     0.00     0.00     0.00     0.00     0.00 -1 -2.01e-14      0.00 7.302e-01 2.622e-01 1.358e-03 3.663e-04 3.323e-03 -1.000 7.551e-03 6.637 7.130 8.070 6.171
0.0075 -0.30462 7.04001 0.6896328330 2.3729123002    0.689 -0.728  3.5820  4.285    0  0.000  0.545     0.00     0.00     0.00     0.00     0.00 -1 -2.06e-14      0.00 7.302e-01 2.622e-01 1.358e-03 3.663e-04 3.323e-03 -1.000 7.551e-03 6.590 7.066 7.990 6.116
0.0075 -0.30462 7.04001 0.6909924746 2.3735797971    0.691 -0.724  3.5832  4.287    0  0.000  0.545     0.00     0.00     0.00     0.00     0.00 -1 -2.07e-14      0.00 7.302e-01 2.622e-01 1.358e-03 3.663e-04 3.323e-03 -1.000 7.551e-03 6.581 7.051 7.969 6.104
0.0075 -0.30462 7.04001 0.7387830019 2.3952587666    0.739 -0.594  3.6248  4.352    0  0.000  0.539     0.00     0.00     0.00     0.00     0.00 -1 -2.51e-14      0.00 7.302e-01 2.622e-01 1.343e-03 3.660e-04 3.323e-03 -1.000 7.551e-03 6.255 6.535 7.267 5.699
0.0075 -0.30462 7.04001 0.7870201468 2.4140988623    0.787 -0.514  3.6405  4.362    0  0.000  0.538     0.00     0.00     0.00     0.00     0.00 -1  -2.9e-14      0.00 7.302e-01 2.622e-01 1.340e-03 3.659e-04 3.323e-03 -1.000 7.551e-03 6.055 6.262 6.926 5.472
0.0075 -0.30462 7.04001 0.8037263751 2.4200206859    0.803 -0.494  3.6431  4.361    0  0.000  0.538     0.00     0.00     0.00     0.00     0.00 -1    -3e-14      0.00 7.302e-01 2.622e-01 1.340e-03 3.659e-04 3.323e-03 -1.000 7.551e-03 6.005 6.200 6.853 5.419
0.0075 -0.30462 7.04001 0.8352572918 2.4304586797    0.835 -0.449  3.6486  4.355    0  0.000  0.538     0.00     0.00     0.00     0.00     0.00 -1 -3.29e-14      0.00 7.302e-01 2.622e-01 1.340e-03 3.659e-04 3.323e-03 -1.000 7.551e-03 5.893 6.062 6.691 5.298
0.0075 -0.30462 7.04001 0.8645681739 2.4393806550    0.864 -0.410  3.6545  4.354    0  0.000  0.538     0.00     0.00     0.00     0.00     0.00 -1 -3.53e-14      0.00 7.302e-01 2.622e-01 1.340e-03 3.659e-04 3.323e-03 -1.000 7.551e-03 5.796 5.939 6.545 5.192
0.0075 -0.30462 7.04001 0.8834944963 2.4447813327    0.883 -0.380  3.6589  4.352    0  0.000  0.538     0.00     0.00     0.00     0.00     0.00 -1 -3.74e-14      0.00 7.303e-01 2.622e-01 1.340e-03 3.659e-04 3.323e-03 -1.000 7.551e-03 5.720 5.845 6.433 5.111
0.0075 -0.30462 7.04001 0.9064304233 2.4509798119    0.906 -0.343  3.6647  4.349    0  0.000  0.538     0.00     0.00     0.00     0.00     0.00 -1 -4.02e-14      0.00 7.303e-01 2.622e-01 1.340e-03 3.659e-04 3.323e-03 -1.000 7.551e-03 5.628 5.730 6.298 5.012
0.0075 -0.30462 7.04001 0.9317315221 2.4574120116    0.931 -0.297  3.6722  4.344    0  0.000  0.538     0.00     0.00     0.00     0.00     0.00 -1 -4.43e-14      0.00 7.303e-01 2.622e-01 1.340e-03 3.659e-04 3.323e-03 -1.000 7.551e-03 5.512 5.586 6.128 4.888
0.0075 -0.30462 7.04001 0.9458078742 2.4608197393    0.945 -0.271  3.6764  4.342    0  0.000  0.538     0.00     0.00     0.00     0.00     0.00 -1 -4.68e-14      0.00 7.303e-01 2.621e-01 1.340e-03 3.659e-04 3.323e-03 -1.000 7.551e-03 5.448 5.508 6.036 4.820
0.0075 -0.30462 7.04001 0.9799686670 2.4686235370    0.980 -0.207  3.6871  4.336    0  0.000  0.538     0.00     0.00     0.00     0.00     0.00 -1 -5.36e-14      0.00 7.303e-01 2.621e-01 1.340e-03 3.659e-04 3.323e-03 -1.000 7.551e-03 5.287 5.312 5.809 4.652
0.0075 -0.30462 7.04001 0.9857282043 2.4698781303    0.985 -0.196  3.6889  4.335    0  0.000  0.538     0.00     0.00     0.00     0.00     0.00 -1 -5.45e-14      0.00 7.303e-01 2.621e-01 1.340e-03 3.659e-04 3.323e-03 -1.000 7.551e-03 5.261 5.281 5.773 4.625
0.0075 -0.30462 7.04001 1.0282058716 2.4786340095    1.028 -0.112  3.7029  4.325    0  0.000  0.538     0.00     0.00     0.00     0.00     0.00 -1  -6.3e-14      0.00 7.303e-01 2.621e-01 1.340e-03 3.659e-04 3.323e-03 -1.000 7.551e-03 5.050 5.034 5.487 4.411
0.0075 -0.30462 7.04001 1.0320858955 2.4793925853    1.032 -0.104  3.7042  4.324    0  0.000  0.538     0.00     0.00     0.00     0.00     0.00 -1 -6.37e-14      0.00 7.303e-01 2.621e-01 1.340e-03 3.659e-04 3.323e-03 -1.000 7.551e-03 5.031 5.011 5.461 4.392
0.0075 -0.30462 7.04001 1.0748620033 2.4873399428    1.074 -0.012  3.7190  4.309    0  0.000  0.538     0.00     0.00     0.00     0.00     0.00 -1 -7.35e-14      0.00 7.303e-01 2.621e-01 1.340e-03 3.659e-04 3.323e-03 -1.000 7.551e-03 4.800 4.749 5.163 4.163
0.0075 -0.30462 7.04001 1.0764429569 2.4876197788    1.076 -0.008  3.7196  4.308    0  0.000  0.538     0.00     0.00     0.00     0.00     0.00 -1  -7.4e-14      0.00 7.303e-01 2.621e-01 1.340e-03 3.659e-04 3.323e-03 -1.000 7.551e-03 4.790 4.739 5.151 4.154
0.0075 -0.30462 7.04001 1.1143143177 2.4940512011    1.113  0.080  3.7330  4.289    0  0.000  0.538     0.00     0.00     0.00     0.00     0.00 -1 -8.53e-14      0.00 7.303e-01 2.621e-01 1.340e-03 3.659e-04 3.323e-03 -1.000 7.551e-03 4.571 4.498 4.881 3.943
0.0075 -0.30462 7.04001 1.1246800423 2.4957249421    1.124  0.105  3.7368  4.283    0  0.000  0.538     0.00     0.00     0.00     0.00     0.00 -1 -8.91e-14      0.00 7.303e-01 2.621e-01 1.340e-03 3.659e-04 3.323e-03 -1.000 7.551e-03 4.508 4.430 4.804 3.883
0.0075 -0.30462 7.04001 1.1299690008 2.4965653503    1.129  0.118  3.7386  4.280    0  0.000  0.538     0.00     0.00     0.00     0.00     0.00 -1  -9.1e-14      0.00 7.303e-01 2.621e-01 1.340e-03 3.659e-04 3.323e-03 -1.000 7.551e-03 4.476 4.395 4.765 3.852
0.0075 -0.30462 7.04001 1.1583530903 2.5009251724    1.157  0.192  3.7490  4.258    0  0.000  0.538     0.00     0.00     0.00     0.00     0.00 -1 -1.04e-13      0.00 7.303e-01 2.621e-01 1.340e-03 3.659e-04 3.323e-03 -1.000 7.551e-03 4.291 4.200 4.548 3.680
0.0075 -0.30462 7.04001 1.1729172468 2.5030682724    1.172  0.231  3.7543  4.245    0  0.000  0.538     0.00     0.00     0.00     0.00     0.00 -1 -1.12e-13      0.00 7.303e-01 2.621e-01 1.340e-03 3.659e-04 3.323e-03 -1.000 7.551e-03 4.192 4.097 4.433 3.588
0.0075 -0.30462 7.04001 1.1735968590 2.5031667838    1.173  0.233  3.7546  4.244    0  0.000  0.538     0.00     0.00     0.00     0.00     0.00 -1 -1.12e-13      0.00 7.303e-01 2.621e-01 1.340e-03 3.659e-04 3.323e-03 -1.000 7.551e-03 4.187 4.092 4.428 3.584
0.0075 -0.30462 7.04001 1.2015010118 2.5071011604    1.201  0.315  3.7648  4.214    0  0.000  0.538     0.00     0.00     0.00     0.00     0.00 -1 -1.31e-13      0.00 7.303e-01 2.621e-01 1.340e-03 3.659e-04 3.323e-03 -1.000 7.551e-03 3.983 3.881 4.196 3.396
0.0075 -0.30462 7.04001 1.2211544514 2.5097484572    1.221  0.376  3.7722  4.189    0  0.000  0.538     0.00     0.00     0.00     0.00     0.00 -1 -1.48e-13      0.00 7.303e-01 2.621e-01 1.340e-03 3.659e-04 3.323e-03 -1.000 7.551e-03 3.829 3.725 4.024 3.257
0.0075 -0.30462 7.04001 1.2338068485 2.5114014975    1.233  0.417  3.7769  4.172    0  0.000  0.538     0.00     0.00     0.00     0.00     0.00 -1  -1.6e-13      0.00 7.303e-01 2.621e-01 1.340e-03 3.659e-04 3.323e-03 -1.000 7.551e-03 3.727 3.621 3.911 3.164
0.0075 -0.30462 7.04001 1.2543647289 2.5140057903    1.254  0.485  3.7849  4.143    0  0.000  0.538     0.00     0.00     0.00     0.00     0.00 -1 -1.84e-13      0.00 7.303e-01 2.621e-01 1.340e-03 3.659e-04 3.323e-03 -1.000 7.551e-03 3.557 3.450 3.723 3.011
0.0075 -0.30462 7.04001 1.2693915367 2.5158481562    1.269  0.535  3.7909  4.122    0  0.000  0.538     0.00     0.00     0.00     0.00     0.00 -1 -2.03e-13      0.00 7.303e-01 2.621e-01 1.340e-03 3.659e-04 3.323e-03 -1.000 7.551e-03 3.433 3.325 3.587 2.901
0.0075 -0.30462 7.04001 1.2721594572 2.5161820633    1.272  0.544  3.7921  4.119    0  0.000  0.538     0.00     0.00     0.00     0.00     0.00 -1 -2.06e-13      0.00 7.303e-01 2.621e-01 1.340e-03 3.659e-04 3.323e-03 -1.000 7.551e-03 3.410 3.302 3.562 2.880
0.0075 -0.30462 7.04001 1.2929109335 2.5186331311    1.293  0.610  3.8008  4.095    0  0.000  0.538     0.00     0.00     0.00     0.00     0.00 -1 -2.32e-13      0.00 7.303e-01 2.621e-01 1.340e-03 3.659e-04 3.323e-03 -1.000 7.551e-03 3.246 3.139 3.381 2.737
0.0075 -0.30462 7.04001 1.3164055347 2.5213012170    1.316  0.678  3.8117  4.078    0  0.000  0.538     0.00     0.00     0.00     0.00     0.00 -1  -2.6e-13      0.00 7.303e-01 2.621e-01 1.340e-03 3.659e-04 3.323e-03 -1.000 7.551e-03 3.075 2.969 3.192 2.593
0.0075 -0.30462 7.04001 1.3176286221 2.5214371194    1.317  0.681  3.8123  4.078    0  0.000  0.538     0.00     0.00     0.00     0.00     0.00 -1 -2.61e-13      0.00 7.303e-01 2.621e-01 1.340e-03 3.659e-04 3.323e-03 -1.000 7.551e-03 3.067 2.961 3.183 2.587
0.0075 -0.30462 7.04001 1.3346422911 2.5232979129    1.335  0.724  3.8210  4.075    0  0.000  0.538     0.00     0.00     0.00     0.00     0.00 -1 -2.74e-13      0.00 7.303e-01 2.621e-01 1.340e-03 3.659e-04 3.323e-03 -1.000 7.551e-03 2.959 2.855 3.062 2.501
0.0075 -0.30462 7.04001 1.3599759340 2.5259696964    1.360  0.775  3.8355  4.090    0  0.000  0.538     0.00     0.00     0.00     0.00     0.00 -1  -2.8e-13      0.00 7.303e-01 2.621e-01 1.340e-03 3.659e-04 3.323e-03 -1.000 7.551e-03 2.832 2.731 2.914 2.410
0.0075 -0.30462 7.04001 1.3658659458 2.5265745718    1.366  0.785  3.8391  4.097    0  0.000  0.538     0.00     0.00     0.00     0.00     0.00 -1  -2.8e-13      0.00 7.303e-01 2.621e-01 1.340e-03 3.659e-04 3.323e-03 -1.000 7.551e-03 2.807 2.706 2.884 2.393
0.0075 -0.30462 7.04001 1.3662571907 2.5266145384    1.366  0.786  3.8394  4.097    0  0.000  0.538     0.00     0.00     0.00     0.00     0.00 -1  -2.8e-13      0.00 7.303e-01 2.621e-01 1.340e-03 3.659e-04 3.323e-03 -1.000 7.551e-03 2.805 2.704 2.882 2.392
0.0075 -0.30462 7.04001 1.3976552486 2.5297382186    1.398  0.812  3.8588  4.158    0  0.000  0.538     0.00     0.00     0.00     0.00     0.00 -1 -2.49e-13      0.00 7.303e-01 2.621e-01 1.340e-03 3.659e-04 3.323e-03 -1.000 7.551e-03 2.739 2.646 2.794 2.379
0.0075 -0.30462 7.04001 1.4141030312 2.5313110259    1.414  0.810  3.8655  4.193    0  0.000  0.538     0.00     0.00     0.00     0.00     0.00 -1 -2.25e-13      0.00 7.303e-01 2.621e-01 1.340e-03 3.659e-04 3.323e-03 -1.000 7.551e-03 2.745 2.657 2.795 2.405
0.0075 -0.30462 7.04001 1.4288982153 2.5326902879    1.429  0.806  3.8722  4.228    0  0.000  0.538     0.00     0.00     0.00     0.00     0.00 -1 -2.02e-13      0.00 7.303e-01 2.621e-01 1.340e-03 3.659e-04 3.323e-03 -1.000 7.551e-03 2.755 2.671 2.800 2.434
0.0075 -0.30462 7.04001 1.4458270073 2.5342286981    1.446  0.791  3.8755  4.261    0  0.000  0.538     0.00     0.00     0.00     0.00     0.00 -1 -1.74e-13      0.00 7.303e-01 2.621e-01 1.340e-03 3.659e-04 3.323e-03 -1.000 7.551e-03 2.792 2.711 2.836 2.481
0.0075 -0.30462 7.04001 1.4623401165 2.5356899355    1.462  0.778  3.8770  4.285    0  0.000  0.538     0.00     0.00     0.00     0.00     0.00 -1 -1.53e-13      0.00 7.303e-01 2.621e-01 1.340e-03 3.659e-04 3.323e-03 -1.000 7.551e-03 2.825 2.746 2.869 2.520
0.0075 -0.30462 7.04001 1.4624546766 2.5356999404    1.462  0.778  3.8770  4.285    0  0.000  0.538     0.00     0.00     0.00     0.00     0.00 -1 -1.53e-13      0.00 7.303e-01 2.621e-01 1.340e-03 3.659e-04 3.323e-03 -1.000 7.551e-03 2.825 2.746 2.870 2.520
0.0075 -0.30462 7.04001 1.4893043041 2.5379960700    1.489  0.775  3.8803  4.309    0  0.000  0.538     0.00     0.00     0.00     0.00     0.00 -1 -1.29e-13      0.00 7.303e-01 2.621e-01 1.339e-03 3.658e-04 3.323e-03 -1.000 7.551e-03 2.832 2.756 2.875 2.537
0.0075 -0.30462 7.04001 1.5078263283 2.5395253433    1.508  0.787  3.8841  4.318    0  0.000  0.537     0.00     0.00     0.00     0.00     0.00 -1 -1.19e-13      0.00 7.303e-01 2.621e-01 1.339e-03 3.658e-04 3.323e-03 -1.000 7.551e-03 2.803 2.730 2.844 2.520
0.0075 -0.30462 7.04001 1.5105772018 2.5397487941    1.511  0.791  3.8852  4.319    0  0.000  0.537     0.00     0.00     0.00     0.00     0.00 -1 -1.18e-13      0.00 7.303e-01 2.621e-01 1.339e-03 3.658e-04 3.323e-03 -1.000 7.551e-03 2.792 2.719 2.831 2.512
0.0075 -0.30462 7.04001 1.5505429506 2.5428925982    1.550  0.859  3.9021  4.330    0  0.000  0.537     0.00     0.00     0.00     0.00     0.00 -1 -1.05e-13      0.00 7.303e-01 2.621e-01 1.339e-03 3.658e-04 3.323e-03 -1.000 7.551e-03 2.622 2.564 2.653 2.399
0.0075 -0.30462 7.04001 1.5588144064 2.5435201391    1.559  0.875  3.9064  4.333    0  0.000  0.537     0.00     0.00     0.00     0.00     0.00 -1 -1.02e-13      0.00 7.303e-01 2.621e-01 1.339e-03 3.658e-04 3.323e-03 -1.000 7.551e-03 2.583 2.530 2.612 2.375
0.0075 -0.30462 7.04001 1.5781790018 2.5449597556    1.578  0.912  3.9166  4.342    0  0.000  0.537     0.00     0.00     0.00     0.00     0.00 -1 -9.21e-14      0.00 7.303e-01 2.621e-01 1.339e-03 3.658e-04 3.323e-03 -1.000 7.551e-03 2.490 2.451 2.519 2.321
0.0075 -0.30462 7.04001 1.6070516109 2.5470323097    1.607  0.958  3.9301  4.358    0  0.000  0.537     0.00     0.00     0.00     0.00     0.00 -1 -7.72e-14      0.00 7.303e-01 2.621e-01 1.339e-03 3.658e-04 3.323e-03 -1.000 7.551e-03 2.375 2.358 2.409 2.261
0.0075 -0.30462 7.04001 1.6290314198 2.5485535673    1.628  0.988  3.9391  4.370    0  0.000  0.537     0.00     0.00     0.00     0.00     0.00 -1 -9.51e-15      0.00 7.304e-01 2.621e-01 1.339e-03 3.658e-04 3.322e-03 -1.000 7.551e-03 2.300 2.305 2.346 2.228
0.0075 -0.30462 7.04001 1.6552885771 2.5503101030    1.655  1.014  3.9465  4.381    0  0.000  0.538     0.00     0.00     0.00     0.00     0.00 -1 -7.97e-16      0.00 7.304e-01 2.621e-01 1.339e-03 3.658e-04 3.322e-03 -1.000 7.551e-03 2.236 2.262 2.295 2.199
0.0075 -0.30462 7.04001 1.6999856234 2.5531571892    1.699  1.053  3.9597  4.406    0  0.000  0.538     0.00     0.00     0.00     0.00     0.00 -1  -1.2e-29      0.00 7.304e-01 2.621e-01 1.339e-03 3.658e-04 3.322e-03 -1.000 7.551e-03 2.137 2.205 2.226 2.165
0.0075 -0.30462 7.04001 1.7035256624 2.5533753490    1.703  1.056  3.9607  4.408    0  0.000  0.538     0.00     0.00     0.00     0.00     0.00 -1    -1e-30      0.00 7.304e-01 2.621e-01 1.339e-03 3.658e-04 3.322e-03 -1.000 7.551e-03 2.130 2.202 2.222 2.163
0.0075 -0.30462 7.04001 1.7254171371 2.5547016057    1.724  1.071  3.9664  4.421    0  0.000  0.538     0.00     0.00     0.00     0.00     0.00 -1    -1e-30      0.00 7.304e-01 2.621e-01 1.339e-03 3.658e-04 3.322e-03 -1.000 7.551e-03 2.092 2.185 2.201 2.155
0.0075 -0.30462 7.04001 1.7517628670 2.5562472801    1.751  1.093  3.9718  4.427    0  0.000  0.538     0.00     0.00     0.00     0.00     0.00 -1    -1e-30      0.00 7.304e-01 2.620e-01 1.339e-03 3.658e-04 3.322e-03 -1.000 7.551e-03 2.036 2.149 2.161 2.128
0.0075 -0.30462 7.04001 1.7703338861 2.5573050880    1.769  1.109  3.9754  4.431    0  0.000  0.538     0.00     0.00     0.00     0.00     0.00 -1    -1e-30      0.00 7.304e-01 2.620e-01 1.339e-03 3.658e-04 3.322e-03 -1.000 7.551e-03 1.998 2.125 2.134 2.108
0.0075 -0.30462 7.04001 1.7999999523 2.5589429085    1.799  1.139  3.9817  4.433    0  0.000  0.538     0.00     0.00     0.00     0.00     0.00 -1    -1e-30      0.00 7.304e-01 2.620e-01 1.339e-03 3.657e-04 3.322e-03 -1.000 7.551e-03 1.923 2.076 2.081 2.068
0.0075 -0.30462 7.04001 1.8494096994 2.5615370882    1.848  1.186  3.9915  4.437    0  0.000  0.538     0.00     0.00     0.00     0.00     0.00 -1    -1e-30      0.00 7.305e-01 2.620e-01 1.339e-03 3.657e-04 3.322e-03 -1.000 7.550e-03 1.806 2.001 1.999 2.005
0.0075 -0.30462 7.04001 1.8988192081 2.5639766100    1.898  1.231  4.0009  4.441    0  0.000  0.537     0.00     0.00     0.00     0.00     0.00 -1    -1e-30      0.00 7.304e-01 2.621e-01 1.339e-03 3.657e-04 3.322e-03 -1.000 7.551e-03 1.692 1.929 1.922 1.944
0.0075 -0.30462 7.04001 1.9482289553 2.5662743901    1.948  1.276  4.0100  4.444    0  0.000  0.537     0.00     0.00     0.00     0.00     0.00 -1    -1e-30      0.00 7.304e-01 2.620e-01 1.339e-03 3.657e-04 3.322e-03 -1.000 7.550e-03 1.580 1.859 1.847 1.883
0.0075 -0.30462 7.04001 1.9976384640 2.5684419329    1.998  1.319  4.0185  4.446    0  0.000  0.537     0.00     0.00     0.00     0.00     0.00 -1    -1e-30      0.00 7.304e-01 2.620e-01 1.339e-03 3.657e-04 3.322e-03 -1.000 7.547e-03 1.473 1.793 1.777 1.825
0.0075 -0.30462 7.04001 2.0470480919 2.5704895894    2.047  1.360  4.0268  4.448    0  0.000  0.537     0.00     0.00     0.00     0.00     0.00 -1    -1e-30      0.00 7.304e-01 2.620e-01 1.339e-03 3.657e-04 3.322e-03 -1.000 7.543e-03 1.369 1.729 1.709 1.769
0.0075 -0.30462 7.04001 2.0964577198 2.5724266453    2.095  1.401  4.0346  4.449    0  0.000  0.537     0.00     0.00     0.00     0.00     0.00 -1    -1e-30      0.00 7.304e-01 2.620e-01 1.339e-03 3.657e-04 3.322e-03 -1.000 7.551e-03 1.268 1.667 1.643 1.713
0.0075 -0.30462 7.04001 2.1458675861 2.5742614836    2.145  1.440  4.0422  4.450    0  0.000  0.537     0.00     0.00     0.00     0.00     0.00 -1    -1e-30      0.00 7.304e-01 2.620e-01 1.339e-03 3.657e-04 3.322e-03 -1.000 7.550e-03 1.169 1.606 1.579 1.658
0.0075 -0.30462 7.04001 2.1952769756 2.5760016454    2.194  1.479  4.0495  4.450    0  0.000  0.537     0.00     0.00     0.00     0.00     0.00 -1    -1e-30      0.00 7.304e-01 2.620e-01 1.339e-03 3.657e-04 3.322e-03 -1.000 7.551e-03 1.073 1.547 1.517 1.605
0.0075 -0.30462 7.04001 2.2446868420 2.5776540172    2.243  1.516  4.0565  4.451    0  0.000  0.537     0.00     0.00     0.00     0.00     0.00 -1    -1e-30      0.00 7.305e-01 2.620e-01 1.339e-03 3.657e-04 3.321e-03 -1.000 7.551e-03 0.979 1.490 1.458 1.553
0.0075 -0.30462 7.04001 2.2940962315 2.5792247873    2.293  1.553  4.0634  4.451    0  0.000  0.538     0.00     0.00     0.00     0.00     0.00 -1    -1e-30      0.00 7.305e-01 2.620e-01 1.339e-03 3.657e-04 3.321e-03 -1.000 7.551e-03 0.887 1.434 1.399 1.501
0.0075 -0.30462 7.04001 2.3435058594 2.5807196375    2.342  1.589  4.0701  4.451    0  0.000  0.538     0.00     0.00     0.00     0.00     0.00 -1    -1e-30      0.00 7.305e-01 2.619e-01 1.339e-03 3.657e-04 3.321e-03 -1.000 7.551e-03 0.799 1.381 1.343 1.452
0.0075 -0.30462 7.04001 2.3929157257 2.5821437241    2.392  1.623  4.0762  4.451    0  0.000  0.538     0.00     0.00     0.00     0.00     0.00 -1    -1e-30      0.00 7.305e-01 2.620e-01 1.339e-03 3.656e-04 3.321e-03 -1.000 7.551e-03 0.713 1.328 1.288 1.403
0.0075 -0.30462 7.04001 2.5905542374 2.5872207788    2.590  1.752  4.0995  4.449    0  0.000  0.538     0.00     0.00     0.00     0.00     0.00 -1    -1e-30      0.00 7.304e-01 2.621e-01 1.340e-03 3.659e-04 3.323e-03 -1.000 7.551e-03 0.389 1.130 1.082 1.219
0.0075 -0.30462 7.04001 2.7881927490 2.5914791743    2.788  1.872  4.1201  4.444    1  0.000  0.538     0.00     0.00     0.00     0.00     0.00 -1    -1e-30      0.00 7.303e-01 2.621e-01 1.340e-03 3.659e-04 3.324e-03 -1.000 7.551e-03 0.090 0.944 0.890 1.046
0.0075 -0.30462 7.04001 2.9858312607 2.5950958837    2.986  1.983  4.1391  4.438    0  0.000  0.538     0.00     0.00     0.00     0.00     0.00 -1    -1e-30      0.00 7.303e-01 2.621e-01 1.340e-03 3.659e-04 3.324e-03 -1.000 7.551e-03 -0.188 0.773 0.713 0.886
0.0075 -0.30462 7.04001 3.1834697723 2.5982010991    3.182  2.086  4.1561  4.431    1  0.000  0.538     0.00     0.00     0.00     0.00     0.00 -1    -1e-30      0.00 7.303e-01 2.621e-01 1.340e-03 3.659e-04 3.324e-03 -1.000 7.551e-03 -0.446 0.613 0.548 0.735
0.0075 -0.30462 7.04001 3.3811082840 2.6008925895    3.379  2.183  4.1721  4.424    1  0.000  0.538     0.00     0.00     0.00     0.00     0.00 -1    -1e-30      0.00 7.303e-01 2.621e-01 1.340e-03 3.659e-04 3.324e-03 -1.000 7.551e-03 -0.687 0.464 0.394 0.595
0.0075 -0.30462 7.04001 3.5787467957 2.6032451081    3.576  2.273  4.1862  4.415    1  0.000  0.538     0.00     0.00     0.00     0.00     0.00 -1    -1e-30      0.00 7.303e-01 2.621e-01 1.340e-03 3.659e-04 3.324e-03 -1.000 7.551e-03 -0.914 0.321 0.246 0.459
0.0075 -0.30462 7.04001 3.7763853073 2.6053167230    3.774  2.359  4.1995  4.406    1  0.000  0.538     0.00     0.00     0.00     0.00     0.00 -1    -1e-30      0.00 7.303e-01 2.621e-01 1.340e-03 3.659e-04 3.324e-03 -1.000 7.551e-03 -1.127 0.186 0.108 0.332
0.0075 -0.30462 7.04001 3.9740238190 2.6071531812    3.974  2.439  4.2120  4.398    1  0.000  0.538     0.00     0.00     0.00     0.00     0.00 -1    -1e-30      0.00 7.303e-01 2.621e-01 1.340e-03 3.659e-04 3.324e-03 -1.000 7.551e-03 -1.328 0.059 -0.023 0.212
0.0075 -0.30462 7.04001 4.1716623306 2.6087909786    4.169  2.516  4.2239  4.390    1  0.000  0.538     0.00     0.00     0.00     0.00     0.00 -1    -1e-30      0.00 7.303e-01 2.621e-01 1.340e-03 3.659e-04 3.324e-03 -1.000 7.551e-03 -1.519 -0.062 -0.147 0.098
0.0075 -0.30462 7.04001 4.3693008423 2.6102595627    4.366  2.589  4.2352  4.383    1  0.000  0.538     0.00     0.00     0.00     0.00     0.00 -1    -1e-30      0.00 7.303e-01 2.621e-01 1.340e-03 3.659e-04 3.324e-03 -1.000 7.551e-03 -1.701 -0.177 -0.266 -0.011
0.0075 -0.30462 7.04001 4.5669393539 2.6115829379    4.564  2.658  4.2459  4.375    1  0.000  0.538     0.00     0.00     0.00     0.00     0.00 -1    -1e-30      0.00 7.303e-01 2.621e-01 1.340e-03 3.659e-04 3.324e-03 -1.000 7.551e-03 -1.875 -0.288 -0.380 -0.116
0.0075 -0.30462 7.04001 4.7645783424 2.6127808574    4.762  2.725  4.2563  4.368    1  0.000  0.538     0.00     0.00     0.00     0.00     0.00 -1    -1e-30      0.00 7.303e-01 2.621e-01 1.340e-03 3.659e-04 3.324e-03 -1.000 7.551e-03 -2.042 -0.394 -0.489 -0.216
0.0075 -0.30462 7.04001 4.9622163773 2.6138697015    4.961  2.789  4.2659  4.361    1  0.000  0.538     0.00     0.00     0.00     0.00     0.00 -1    -1e-30      0.00 7.303e-01 2.621e-01 1.340e-03 3.659e-04 3.324e-03 -1.000 7.551e-03 -2.201 -0.497 -0.594 -0.313
0.0075 -0.30462 7.04001 5.1598548889 2.6148631840    5.159  2.850  4.2751  4.353    1  0.000  0.538     0.00     0.00     0.00     0.00     0.00 -1    -1e-30      0.00 7.303e-01 2.621e-01 1.340e-03 3.659e-04 3.324e-03 -1.000 7.551e-03 -2.354 -0.595 -0.696 -0.407
0.0075 -0.30462 7.04001 5.3574934006 2.6157728459    5.357  2.908  4.2839  4.346    1  0.000  0.538     0.00     0.00     0.00     0.00     0.00 -1    -1e-30      0.00 7.303e-01 2.621e-01 1.340e-03 3.659e-04 3.324e-03 -1.000 7.551e-03 -2.501 -0.691 -0.794 -0.498
0.0075 -0.30462 7.04001 5.5551319122 2.6166084745    5.555  2.965  4.2922  4.339    1  0.000  0.538     0.00     0.00     0.00     0.00     0.00 -1    -1e-30      0.00 7.303e-01 2.621e-01 1.340e-03 3.659e-04 3.324e-03 -1.000 7.551e-03 -2.643 -0.784 -0.889 -0.586
0.0075 -0.30462 7.04001 5.6270895004 2.6168960047    5.627  2.985  4.2952  4.336    1  0.000  0.538     0.00     0.00     0.00     0.00     0.00 -1    -1e-30      0.00 7.303e-01 2.621e-01 1.340e-03 3.659e-04 3.324e-03 -1.000 7.551e-03 -2.693 -0.817 -0.923 -0.618
0.0075 -0.30462 7.04001 5.7530064583 2.6173793022    5.753  3.020  4.3004  4.331    1  0.000  0.538     0.00     0.00     0.00     0.00     0.00 -1    -1e-30      0.00 7.303e-01 2.621e-01 1.340e-03 3.659e-04 3.324e-03 -1.000 7.551e-03 -2.780 -0.875 -0.982 -0.672
0.0075 -0.30462 7.04001 5.9508819580 2.6180914801    5.951  3.073  4.3081  4.324    1  0.000  0.538     0.00     0.00     0.00     0.00     0.00 -1    -1e-30      0.00 7.303e-01 2.621e-01 1.340e-03 3.659e-04 3.324e-03 -1.000 7.551e-03 -2.912 -0.963 -1.072 -0.756
0.0075 -0.30462 7.04001 6.1487565041 2.6187511993    6.148  3.124  4.3156  4.317    1  0.000  0.538     0.00     0.00     0.00     0.00     0.00 -1    -1e-30      0.00 7.303e-01 2.621e-01 1.340e-03 3.659e-04 3.324e-03 -1.000 7.551e-03 -3.040 -1.048 -1.160 -0.837
0.0075 -0.30462 7.04001 6.3466310501 2.6193638347    6.345  3.174  4.3228  4.310    1  0.000  0.538     0.00     0.00     0.00     0.00     0.00 -1    -1e-30      0.00 7.303e-01 2.621e-01 1.340e-03 3.659e-04 3.324e-03 -1.000 7.551e-03 -3.164 -1.131 -1.245 -0.916
0.0075 -0.30462 7.04001 6.5445065498 2.6199340651    6.538  3.220  4.3295  4.303    1  0.000  0.538     0.00     0.00     0.00     0.00     0.00 -1    -1e-30      0.00 7.303e-01 2.621e-01 1.340e-03 3.659e-04 3.324e-03 -1.000 7.551e-03 -3.281 -1.210 -1.325 -0.992
0.0075 -0.30462 7.04001 7.0599465370 2.6212483804    7.048  3.338  4.3462  4.284    1  0.000  0.538     0.00     0.00     0.00     0.00     0.00 -1    -1e-30      0.00 7.303e-01 2.621e-01 1.340e-03 3.659e-04 3.324e-03 -1.000 7.551e-03 -3.576 -1.412 -1.532 -1.184
0.0075 -0.30462 7.04001 7.1381311417 2.6214287688    7.126  3.356  4.3486  4.281    1  0.000  0.538     0.00     0.00     0.00     0.00     0.00 -1    -1e-30      0.00 7.303e-01 2.621e-01 1.340e-03 3.659e-04 3.324e-03 -1.000 7.551e-03 -3.620 -1.442 -1.562 -1.213
0.0075 -0.30462 7.04001 7.7408299446 2.6226798465    7.732  3.483  4.3660  4.259    1  0.000  0.538     0.00     0.00     0.00     0.00     0.00 -1    -1e-30      0.00 7.303e-01 2.621e-01 1.340e-03 3.659e-04 3.324e-03 -1.000 7.551e-03 -3.938 -1.665 -1.790 -1.427
0.0075 -0.30462 7.04001 8.1275053024 2.6233711192    8.121  3.561  4.3764  4.244    1  0.000  0.538     0.00     0.00     0.00     0.00     0.00 -1    -1e-30      0.00 7.303e-01 2.621e-01 1.340e-03 3.659e-04 3.324e-03 -1.000 7.551e-03 -4.133 -1.803 -1.931 -1.559
0.0075 -0.30462 7.04001 8.1699476242 2.6234424252    8.163  3.569  4.3775  4.243    1  0.000  0.538     0.00     0.00     0.00     0.00     0.00 -1    -1e-30      0.00 7.303e-01 2.621e-01 1.340e-03 3.659e-04 3.324e-03 -1.000 7.551e-03 -4.153 -1.817 -1.946 -1.573
0.0075 -0.30462 7.04001 8.7533369064 2.6243425356    8.744  3.679  4.3915  4.218    1  0.000  0.538     0.00     0.00     0.00     0.00     0.00 -1    -1e-30      0.00 7.303e-01 2.621e-01 1.340e-03 3.659e-04 3.324e-03 -1.000 7.551e-03 -4.428 -2.018 -2.149 -1.767
0.0075 -0.30462 7.04001 9.1168794632 2.6248369406    9.106  3.745  4.3995  4.202    1  0.000  0.538     0.00     0.00     0.00     0.00     0.00 -1    -1e-30      0.00 7.303e-01 2.621e-01 1.340e-03 3.659e-04 3.324e-03 -1.000 7.551e-03 -4.594 -2.141 -2.275 -1.886
0.0075 -0.30462 7.04001 9.2216215134 2.6249710938    9.212  3.764  4.4017  4.197    1  0.000  0.538     0.00     0.00     0.00     0.00     0.00 -1    -1e-30      0.00 7.303e-01 2.621e-01 1.340e-03 3.659e-04 3.324e-03 -1.000 7.551e-03 -4.639 -2.186 -2.326 -1.927
0.0075 -0.30462 7.04001 9.7323846817 2.6255779769    9.724  3.851  4.4118  4.174    1  0.000  0.538     0.00     0.00     0.00     0.00     0.00 -1    -1e-30      0.00 7.303e-01 2.621e-01 1.340e-03 3.659e-04 3.324e-03 -1.000 7.551e-03 -4.858 -2.345 -2.488 -2.077
0.0075 -0.30462 7.04001 10.1062545776 2.6259777717   10.100  3.913  4.4186  4.155    1  0.000  0.538     0.00     0.00     0.00     0.00     0.00 -1    -1e-30      0.00 7.303e-01 2.621e-01 1.340e-03 3.659e-04 3.324e-03 -1.000 7.551e-03 -5.014 -2.462 -2.607 -2.188
0.0075 -0.30462 7.04001 10.5080308914 2.6263711449   10.504  3.977  4.4253  4.135    1  0.000  0.538     0.00     0.00     0.00     0.00     0.00 -1    -1e-30      0.00 7.303e-01 2.621e-01 1.340e-03 3.659e-04 3.324e-03 -1.000 7.551e-03 -5.173 -2.585 -2.733 -2.306
0.0075 -0.30462 7.04001 10.8857278824 2.6267106554   10.883  4.036  4.4310  4.115    1  0.000  0.538     0.00     0.00     0.00     0.00     0.00 -1    -1e-30      0.00 7.303e-01 2.621e-01 1.340e-03 3.659e-04 3.324e-03 -1.000 7.551e-03 -5.321 -2.715 -2.862 -2.439
0.0075 -0.30462 7.04001 11.0956296921 2.6268878864   11.093  4.069  4.4340  4.102    1  0.000  0.538     0.00     0.00     0.00     0.00     0.00 -1    -1e-30      0.00 7.303e-01 2.621e-01 1.340e-03 3.659e-04 3.324e-03 -1.000 7.551e-03 -5.402 -2.787 -2.934 -2.512
0.0075 -0.30462 7.04001 11.1905117035 2.6269654954   11.188  4.083  4.4352  4.097    1  0.000  0.538     0.00     0.00     0.00     0.00     0.00 -1 -1.23e-30      0.00 7.303e-01 2.621e-01 1.340e-03 3.659e-04 3.324e-03 -1.000 7.551e-03 -5.438 -2.818 -2.965 -2.544
0.0075 -0.30462 7.04001 11.5424966812 2.6272406291   11.538  4.135  4.4395  4.075    1  0.000  0.538     0.00     0.00     0.00     0.00     0.00 -1 -2.66e-30      0.00 7.303e-01 2.621e-01 1.341e-03 3.659e-04 3.324e-03 -1.000 7.551e-03 -5.568 -2.934 -3.080 -2.662
0.0075 -0.30462 7.04001 12.0563249588 2.6276092921   12.050  4.210  4.4449  4.040    1  0.000  0.538     0.00     0.00     0.00     0.00     0.00 -1 -7.84e-30      0.00 7.303e-01 2.621e-01 1.341e-03 3.659e-04 3.324e-03 -1.000 7.551e-03 -5.756 -3.099 -3.244 -2.831
0.0075 -0.30462 7.04001 12.0850038528 2.6276288090   12.078  4.214  4.4452  4.038    1  0.000  0.538     0.00     0.00     0.00     0.00     0.00 -1 -8.31e-30      0.00 7.303e-01 2.621e-01 1.341e-03 3.659e-04 3.324e-03 -1.000 7.551e-03 -5.766 -3.108 -3.253 -2.841
0.0075 -0.30462 7.04001 12.2136039734 2.6277150311   12.205  4.232  4.4463  4.030    1  0.000  0.539     0.00     0.00     0.00     0.00     0.00 -1 -2.33e-28      0.00 7.303e-01 2.621e-01 1.342e-03 3.659e-04 3.323e-03 -1.000 7.551e-03 -5.810 -3.148 -3.292 -2.881
0.0075 -0.30462 7.04001 12.6914720535 2.6280178946   12.674  4.298  4.4499  3.995    1  0.000  0.540     0.00     0.00     0.00     0.00     0.00 -1 -4.16e-23      0.00 7.303e-01 2.621e-01 1.347e-03 3.660e-04 3.323e-03 -1.000 7.551e-03 -5.975 -3.295 -3.438 -3.032
0.0075 -0.30462 7.04001 13.1190071106 2.6282674634   13.093  4.356  4.4521  3.959    1  0.000  0.542     0.00     0.00     0.00     0.00     0.00 -1 -1.45e-18      0.00 7.303e-01 2.622e-01 1.350e-03 3.661e-04 3.323e-03 -1.000 7.551e-03 -6.121 -3.428 -3.572 -3.164
0.0075 -0.30462 7.04001 13.5147466660 2.6284823627   13.480  4.410  4.4531  3.922    1  0.000  0.543     0.00     0.00     0.00     0.00     0.00 -1 -1.75e-14      0.00 7.303e-01 2.622e-01 1.354e-03 3.662e-04 3.323e-03 -1.000 7.551e-03 -6.255 -3.557 -3.701 -3.292
0.0075 -0.30462 7.04001 13.8993043900 2.6286777652   13.854  4.462  4.4533  3.883    1  0.000  0.545     0.00     0.00     0.00     0.00     0.00 -1 -1.26e-10      0.00 7.303e-01 2.622e-01 1.357e-03 3.663e-04 3.323e-03 -1.000 7.551e-03 -6.384 -3.688 -3.832 -3.423
0.0075 -0.30462 7.04001 14.0637540817 2.6287575842   14.016  4.484  4.4529  3.865    1  0.000  0.545     0.00     0.00     0.00     0.00     0.00 -1 -5.26e-09      0.00 7.302e-01 2.622e-01 1.358e-03 3.663e-04 3.323e-03 -1.000 7.551e-03 -6.439 -3.746 -3.890 -3.481
0.0075 -0.30462 7.04001 14.4584608078 2.6289406710   14.403  4.534  4.4513  3.820    1  0.000  0.545     0.00     0.00     0.00     0.00     0.00 -1 -6.44e-09      0.00 7.302e-01 2.622e-01 1.358e-03 3.663e-04 3.323e-03 -1.000 7.551e-03 -6.565 -3.884 -4.028 -3.620
0.0075 -0.30462 7.04001 14.9008092880 2.6291326589   14.837  4.590  4.4478  3.762    1  0.000  0.545     0.00     0.00     0.00     0.00     0.00 -1 -7.91e-09      0.00 7.302e-01 2.622e-01 1.358e-03 3.663e-04 3.323e-03 -1.000 7.551e-03 -6.705 -4.047 -4.191 -3.783
0.0075 -0.30462 7.04001 15.2971649170 2.6292938828   15.224  4.640  4.4430  3.704    1  0.000  0.545     0.00     0.00     0.00     0.00     0.00 -1 -9.44e-09      0.00 7.302e-01 2.622e-01 1.358e-03 3.663e-04 3.323e-03 -1.000 7.551e-03 -6.830 -4.205 -4.350 -3.939
0.0075 -0.30462 7.04001 15.6308670044 2.6294223557   15.549  4.683  4.4367  3.645    1  0.000  0.545     0.00     0.00     0.00     0.00     0.00 -1 -1.07e-08      0.00 7.302e-01 2.622e-01 1.358e-03 3.663e-04 3.323e-03 -1.000 7.551e-03 -6.938 -4.357 -4.502 -4.089
0.0075 -0.30462 7.04001 15.9403390884 2.6295359884   15.850  4.723  4.4291  3.583    1  0.000  0.545     0.00     0.00     0.00     0.00     0.00 -1 -1.16e-08      0.00 7.302e-01 2.622e-01 1.358e-03 3.663e-04 3.323e-03 -1.000 7.551e-03 -7.038 -4.513 -4.658 -4.244
0.0075 -0.30462 7.04001 16.0425014496 2.6295723955   15.949  4.736  4.4261  3.561    1  0.000  0.545     0.00     0.00     0.00     0.00     0.00 -1 -1.19e-08      0.00 7.302e-01 2.622e-01 1.358e-03 3.663e-04 3.323e-03 -1.000 7.551e-03 -7.071 -4.568 -4.712 -4.300
0.0075 -0.30462 7.04001 16.2589378357 2.6296477907   16.155  4.762  4.4199  3.516    1  0.000  0.545     0.00     0.00     0.00     0.00     0.00 -1 -1.26e-08      0.00 7.302e-01 2.622e-01 1.358e-03 3.663e-04 3.323e-03 -1.000 7.551e-03 -7.136 -4.672 -4.814 -4.411
0.0075 -0.30462 7.04001 16.5153026581 2.6297341612   16.399  4.794  4.4104  3.452    1  0.000  0.545     0.00     0.00     0.00     0.00     0.00 -1 -1.31e-08      0.00 7.302e-01 2.622e-01 1.358e-03 3.663e-04 3.323e-03 -1.000 7.551e-03 -7.216 -4.815 -4.952 -4.568
0.0075 -0.30462 7.04001 16.7580051422 2.6298131347   16.629  4.825  4.4002  3.386    1  0.000  0.545     0.00     0.00     0.00     0.00     0.00 -1 -1.31e-08      0.00 7.302e-01 2.622e-01 1.358e-03 3.663e-04 3.323e-03 -1.000 7.551e-03 -7.293 -4.961 -5.093 -4.725
0.0075 -0.30462 7.04001 17.0128955841 2.6298932906   16.870  4.859  4.3921  3.327    1  0.000  0.545     0.00     0.00     0.00     0.00     0.00 -1 -1.39e-08      0.00 7.302e-01 2.622e-01 1.358e-03 3.663e-04 3.323e-03 -1.000 7.551e-03 -7.377 -5.092 -5.223 -4.859
0.0075 -0.30462 7.04001 17.0475597382 2.6299039788   16.904  4.864  4.3914  3.320    1  0.000  0.545     0.00     0.00     0.00     0.00     0.00 -1  -1.4e-08      0.00 7.302e-01 2.622e-01 1.358e-03 3.663e-04 3.323e-03 -1.000 7.551e-03 -7.389 -5.108 -5.239 -4.876
0.0075 -0.30462 7.04001 17.1700172424 2.6299413398   17.019  4.885  4.4024  3.346    1  0.000  0.545     0.00     0.00     0.00     0.00     0.00 -1 -1.77e-08      0.00 7.302e-01 2.622e-01 1.358e-03 3.663e-04 3.323e-03 -1.000 7.551e-03 -7.442 -5.108 -5.241 -4.871
0.0075 -0.30462 7.04001 17.1929893494 2.6299482803   17.041  4.893  4.4130  3.380    1  0.000  0.545     0.00     0.00     0.00     0.00     0.00 -1 -2.09e-08      0.00 7.302e-01 2.622e-01 1.358e-03 3.663e-04 3.323e-03 -1.000 7.551e-03 -7.464 -5.070 -5.207 -4.822
0.0075 -0.30462 7.04001 17.2021446228 2.6299510404   17.049  4.903  4.4234  3.412    1  0.000  0.545     0.00     0.00     0.00     0.00     0.00 -1 -2.47e-08      0.00 7.302e-01 2.622e-01 1.358e-03 3.663e-04 3.323e-03 -1.000 7.551e-03 -7.488 -5.034 -5.175 -4.775
0.0075 -0.30462 7.04001 17.2069835663 2.6299524979   17.054  4.918  4.4350  3.444    1  0.000  0.545     0.00     0.00     0.00     0.00     0.00 -1 -2.98e-08      0.00 7.302e-01 2.622e-01 1.358e-03 3.663e-04 3.323e-03 -1.000 7.551e-03 -7.524 -4.988 -5.130 -4.726
0.0075 -0.30462 7.04001 17.2094860077 2.6299532512   17.056  4.931  4.4446  3.469    1  0.000  0.545     0.00     0.00     0.00     0.00     0.00 -1 -3.56e-08      0.00 7.302e-01 2.622e-01 1.358e-03 3.663e-04 3.323e-03 -1.000 7.551e-03 -7.558 -4.946 -5.090 -4.685
0.0075 -0.30462 7.04001 17.2102718353 2.6299534877   17.057  4.933  4.4466  3.475    1  0.000  0.545     0.00     0.00     0.00     0.00     0.00 -1 -3.66e-08      0.00 7.302e-01 2.622e-01 1.358e-03 3.663e-04 3.323e-03 -1.000 7.551e-03 -7.563 -4.936 -5.079 -4.674
0.0075 -0.30462 7.04001 17.2133808136 2.6299544232   17.060  4.919  4.4363  3.448    2  0.000  0.545     0.00     0.00     0.00     0.00     0.00 -1 -3.11e-08      0.00 7.302e-01 2.622e-01 1.358e-03 3.663e-04 3.323e-03 -1.000 7.551e-03 -7.527 -4.980 -5.123 -4.719
0.0075 -0.30462 7.04001 17.2147674561 2.6299548404   17.061  4.916  4.4242  3.403    2  0.000  0.545     0.00     0.00     0.00     0.00     0.00 -1 -2.71e-08      0.00 7.302e-01 2.622e-01 1.358e-03 3.663e-04 3.323e-03 -1.000 7.551e-03 -7.520 -5.066 -5.207 -4.806
0.0075 -0.30462 7.04001 17.2157554626 2.6299551375   17.062  4.917  4.4139  3.360    2  0.000  0.545     0.00     0.00     0.00     0.00     0.00 -1 -2.41e-08      0.00 7.302e-01 2.622e-01 1.358e-03 3.663e-04 3.323e-03 -1.000 7.551e-03 -7.523 -5.131 -5.268 -4.883
0.0075 -0.30462 7.04001 17.2167797089 2.6299554455   17.063  4.920  4.4017  3.308    2  0.000  0.545     0.00     0.00     0.00     0.00     0.00 -1 -2.14e-08      0.00 7.302e-01 2.622e-01 1.358e-03 3.663e-04 3.323e-03 -1.000 7.551e-03 -7.531 -5.210 -5.342 -4.975
0.0075 -0.30462 7.04001 17.2176628113 2.6299557111   17.064  4.923  4.3899  3.258    2  0.000  0.545     0.00     0.00     0.00     0.00     0.00 -1 -1.88e-08      0.00 7.302e-01 2.622e-01 1.358e-03 3.663e-04 3.323e-03 -1.000 7.551e-03 -7.538 -5.267 -5.397 -5.032
0.0075 -0.30462 7.04001 17.2184047699 2.6299559341   17.065  4.926  4.3792  3.213    2  0.000  0.545     0.00     0.00     0.00     0.00     0.00 -1 -1.66e-08      0.00 7.302e-01 2.622e-01 1.358e-03 3.663e-04 3.323e-03 -1.000 7.551e-03 -7.544 -5.340 -5.468 -5.109
0.0075 -0.30462 7.04001 17.2191696167 2.6299561641   17.065  4.928  4.3676  3.164    2  0.000  0.545     0.00     0.00     0.00     0.00     0.00 -1 -1.47e-08      0.00 7.302e-01 2.622e-01 1.358e-03 3.663e-04 3.323e-03 -1.000 7.551e-03 -7.550 -5.421 -5.548 -5.194
0.0075 -0.30462 7.04001 17.2197818756 2.6299563481   17.066  4.930  4.3578  3.123    2  0.000  0.545     0.00     0.00     0.00     0.00     0.00 -1  -2.4e-08      0.00 7.302e-01 2.622e-01 1.358e-03 3.663e-04 3.323e-03 -1.000 7.551e-03 -7.555 -5.463 -5.588 -5.238
0.0075 -0.30462 7.04001 17.2204017639 2.6299565344   17.066  4.931  4.3472  3.080    2  0.000  0.545     0.00     0.00     0.00     0.00     0.00 -1 -1.08e-07      0.00 7.302e-01 2.622e-01 1.358e-03 3.663e-04 3.323e-03 -1.000 7.551e-03 -7.558 -5.540 -5.664 -5.320
0.0075 -0.30462 7.04001 17.2210273743 2.6299567225   17.067  4.933  4.3360  3.033    2  0.000  0.545     0.00     0.00     0.00     0.00     0.00 -1 -2.75e-07      0.00 7.302e-01 2.622e-01 1.358e-03 3.663e-04 3.323e-03 -1.000 7.551e-03 -7.562 -5.608 -5.732 -5.388
0.0075 -0.30462 7.04001 17.2216663361 2.6299569145   17.067  4.934  4.3238  2.984    2  0.000  0.545     0.00     0.00     0.00     0.00     0.00 -1 -2.89e-07      0.00 7.302e-01 2.622e-01 1.358e-03 3.663e-04 3.323e-03 -1.000 7.551e-03 -7.565 -5.671 -5.793 -5.451
0.0075 -0.30462 7.04001 17.2221431732 2.6299570578   17.068  4.935  4.3143  2.945    2  0.000  0.545     0.00     0.00     0.00     0.00     0.00 -1 -2.84e-07      0.00 7.302e-01 2.622e-01 1.358e-03 3.663e-04 3.323e-03 -1.000 7.551e-03 -7.567 -5.724 -5.843 -5.512
0.0075 -0.30462 7.04001 17.2226238251 2.6299572022   17.068  4.936  4.3043  2.904    2  0.000  0.545     0.00     0.00     0.00     0.00     0.00 -1 -2.78e-07      0.00 7.302e-01 2.622e-01 1.358e-03 3.663e-04 3.323e-03 -1.000 7.551e-03 -7.569 -5.779 -5.895 -5.575
0.0075 -0.30462 7.04001 17.2231101990 2.6299573483   17.068  4.936  4.2938  2.861    2  0.000  0.545     0.00     0.00     0.00     0.00     0.00 -1 -2.72e-07      0.00 7.302e-01 2.622e-01 1.358e-03 3.663e-04 3.323e-03 -1.000 7.551e-03 -7.571 -5.758 -5.867 -5.561
0.0075 -0.30462 7.04001 17.2236042023 2.6299574968   17.069  4.937  4.2825  2.816    2  0.000  0.545     0.00     0.00     0.00     0.00     0.00 -1 -2.64e-07      0.00 7.302e-01 2.622e-01 1.358e-03 3.663e-04 3.323e-03 -1.000 7.551e-03 -7.572 -5.825 -5.930 -5.637
0.0075 -0.30462 7.04001 17.2241039276 2.6299576469   17.069  4.937  4.2706  2.767    2  0.000  0.545     0.00     0.00     0.00     0.00     0.00 -1 -2.56e-07      0.00 7.302e-01 2.622e-01 1.358e-03 3.663e-04 3.323e-03 -1.000 7.551e-03 -7.573 -5.894 -5.996 -5.714
0.0075 -0.30462 7.04001 17.2246208191 2.6299578022   17.070  4.937  4.2578  2.716    2  0.000  0.545     0.00     0.00     0.00     0.00     0.00 -1 -2.49e-07      0.00 7.302e-01 2.622e-01 1.358e-03 3.663e-04 3.323e-03 -1.000 7.551e-03 -7.573 -5.966 -6.064 -5.793
0.0075 -0.30462 7.04001 17.2251586914 2.6299579637   17.070  4.937  4.2435  2.659    2  0.000  0.545     0.00     0.00     0.00     0.00     0.00 -1 -2.41e-07      0.00 7.302e-01 2.622e-01 1.358e-03 3.663e-04 3.323e-03 -1.000 7.551e-03 -7.573 -6.045 -6.139 -5.881
0.0075 -0.30462 7.04001 17.2255325317 2.6299580760   17.070  4.937  4.2331  2.617    2  0.000  0.545     0.00     0.00     0.00     0.00     0.00 -1 -2.35e-07      0.00 7.302e-01 2.622e-01 1.358e-03 3.663e-04 3.323e-03 -1.000 7.551e-03 -7.573 -6.103 -6.193 -5.945
0.0075 -0.30462 7.04001 17.2259235382 2.6299581934   17.070  4.937  4.2217  2.572    2  0.000  0.545     0.00     0.00     0.00     0.00     0.00 -1 -2.28e-07      0.00 7.302e-01 2.622e-01 1.358e-03 3.663e-04 3.323e-03 -1.000 7.551e-03 -7.572 -6.166 -6.253 -6.015
0.0075 -0.30462 7.04001 17.2263431549 2.6299583195   17.071  4.936  4.2091  2.522    2  0.000  0.545     0.00     0.00     0.00     0.00     0.00 -1 -2.22e-07      0.00 7.302e-01 2.622e-01 1.358e-03 3.663e-04 3.323e-03 -1.000 7.551e-03 -7.571 -6.235 -6.318 -6.092
0.0075 -0.30462 7.04001 17.2268180847 2.6299584621   17.071  4.936  4.1936  2.461    2  0.000  0.545     0.00     0.00     0.00     0.00     0.00 -1 -2.14e-07      0.00 7.302e-01 2.622e-01 1.358e-03 3.663e-04 3.323e-03 -1.000 7.551e-03 -7.569 -6.320 -6.398 -6.186
0.0075 -0.30462 7.04001 17.2270908356 2.6299585440   17.071  4.935  4.1845  2.425    2  0.000  0.545     0.00     0.00     0.00     0.00     0.00 -1 -2.08e-07      0.00 7.302e-01 2.622e-01 1.358e-03 3.663e-04 3.323e-03 -1.000 7.551e-03 -7.568 -6.369 -6.445 -6.241
0.0075 -0.30462 7.04001 17.2273979187 2.6299586362   17.072  4.935  4.1738  2.383    2  0.000  0.545     0.00     0.00     0.00     0.00     0.00 -1 -2.03e-07      0.00 7.302e-01 2.622e-01 1.358e-03 3.663e-04 3.323e-03 -1.000 7.551e-03 -7.567 -6.427 -6.499 -6.306
0.0075 -0.30462 7.04001 17.2277412415 2.6299587393   17.072  4.934  4.1609  2.332    2  0.000  0.545     0.00     0.00     0.00     0.00     0.00 -1 -1.98e-07      0.00 7.302e-01 2.622e-01 1.358e-03 3.663e-04 3.323e-03 -1.000 7.551e-03 -7.565 -6.496 -6.563 -6.385
0.0075 -0.30462 7.04001 17.2281227112 2.6299588538   17.072  4.933  4.1462  2.274    2  0.000  0.545     0.00     0.00     0.00     0.00     0.00 -1 -1.92e-07      0.00 7.302e-01 2.622e-01 1.358e-03 3.663e-04 3.323e-03 -1.000 7.551e-03 -7.563 -6.573 -6.634 -6.474
0.0075 -0.30462 7.04001 17.2285499573 2.6299589821   17.073  4.932  4.1291  2.207    2  0.000  0.545     0.00     0.00     0.00     0.00     0.00 -1 -1.85e-07      0.00 7.302e-01 2.622e-01 1.358e-03 3.663e-04 3.323e-03 -1.000 7.551e-03 -7.560 -6.667 -6.724 -6.577
0.0075 -0.30462 7.04001 17.2290287018 2.6299591258   17.073  4.931  4.1085  2.125    2  0.000  0.545     0.00     0.00     0.00     0.00     0.00 -1 -1.77e-07      0.00 7.302e-01 2.622e-01 1.358e-03 3.663e-04 3.323e-03 -1.000 7.551e-03 -7.557 -6.783 -6.834 -6.700
0.0075 -0.30462 7.04001 17.2295646667 2.6299592867   17.073  4.930  4.0834  2.026    2  0.000  0.545     0.00     0.00     0.00     0.00     0.00 -1 -1.71e-07      0.00 7.302e-01 2.622e-01 1.358e-03 3.663e-04 3.323e-03 -1.000 7.551e-03 -7.554 -6.916 -6.959 -6.848
0.0075 -0.30462 7.04001 17.2301616669 2.6299594660   17.074  4.928  4.0534  1.908    2  0.000  0.545     0.00     0.00     0.00     0.00     0.00 -1 -1.77e-07      0.00 7.302e-01 2.622e-01 1.358e-03 3.663e-04 3.323e-03 -1.000 7.551e-03 -7.550 -7.056 -7.084 -7.022
0.0075 -0.30462 7.04001 17.2308330536 2.6299596675   17.074  4.926  4.0155  1.758    2  0.000  0.545     0.00     0.00     0.00     0.00     0.00 -1 -3.79e-07      0.00 7.302e-01 2.622e-01 1.358e-03 3.663e-04 3.323e-03 -1.000 7.551e-03 -7.545 -7.240 -7.254 -7.228
0.0075 -0.30462 7.04001 17.2315654755 2.6299598873   17.074  4.923  3.9696  1.578    2  0.000  0.545     0.00     0.00     0.00     0.00     0.00 -1 -4.67e-07      0.00 7.302e-01 2.622e-01 1.358e-03 3.663e-04 3.323e-03 -1.000 7.551e-03 -7.538 -7.441 -7.440 -7.456
0.0075 -0.30462 7.04001 17.2322959900 2.6299601065   17.074  4.920  3.9187  1.378    2  0.000  0.545     0.00     0.00     0.00     0.00     0.00 -1 -7.48e-07      0.00 7.302e-01 2.622e-01 1.358e-03 3.663e-04 3.323e-03 -1.000 7.551e-03 -7.529 -7.607 -7.575 -7.681
0.0075 -0.30462 7.04001 17.2330036163 2.6299603189   17.074  4.913  3.8630  1.161    2  0.000  0.545     0.00     0.00     0.00     0.00     0.00 -1 -1.18e-06      0.00 7.302e-01 2.622e-01 1.358e-03 3.663e-04 3.323e-03 -1.000 7.551e-03 -7.513 -7.691 -7.606 -7.861
0.0075 -0.30462 7.04001 17.2336654663 2.6299605174   17.074  4.904  3.8059  0.942    2  0.000  0.545     0.00     0.00     0.00     0.00     0.00 -1 -1.09e-06      0.00 7.302e-01 2.622e-01 1.358e-03 3.663e-04 3.323e-03 -1.000 7.551e-03 -7.489 -7.673 -7.474 -8.012
0.0075 -0.30462 7.04001 17.2339706421 2.6299606090   17.074  4.895  3.7783  0.840    2  0.000  0.545     0.00     0.00     0.00     0.00     0.00 -1 -9.75e-07      0.00 7.302e-01 2.622e-01 1.358e-03 3.663e-04 3.323e-03 -1.000 7.551e-03 -7.469 -7.636 -7.368 -8.062
0.0075 -0.30462 7.04001 17.2341403961 2.6299606599   17.074  4.889  3.7619  0.781    2  0.000  0.545     0.00     0.00     0.00     0.00     0.00 -1 -9.06e-07      0.00 7.302e-01 2.622e-01 1.358e-03 3.663e-04 3.323e-03 -1.000 7.551e-03 -7.453 -7.599 -7.286 -8.078
0.0075 -0.30462 7.04001 17.2343311310 2.6299607171   17.074  4.882  3.7433  0.714    2  0.000  0.545     0.00     0.00     0.00     0.00     0.00 -1 -8.34e-07      0.00 7.302e-01 2.622e-01 1.358e-03 3.663e-04 3.323e-03 -1.000 7.551e-03 -7.435 -7.555 -7.192 -8.088
0.0075 -0.30462 7.04001 17.2345409393 2.6299607801   17.074  4.874  3.7230  0.640    2  0.000  0.545     0.00     0.00     0.00     0.00     0.00 -1 -7.56e-07      0.00 7.302e-01 2.622e-01 1.358e-03 3.663e-04 3.323e-03 -1.000 7.551e-03 -7.415 -7.497 -7.078 -8.083
0.0075 -0.30462 7.04001 17.2347793579 2.6299608516   17.074  4.861  3.7034  0.575    2  0.000  0.545     0.00     0.00     0.00     0.00     0.00 -1 -6.51e-07      0.00 7.302e-01 2.622e-01 1.358e-03 3.663e-04 3.323e-03 -1.000 7.551e-03 -7.383 -7.416 -6.945 -8.051
0.0075 -0.30462 7.04001 17.2350444794 2.6299609311   17.074  4.843  3.6833  0.512    2  0.000  0.545     0.00     0.00     0.00     0.00     0.00 -1 -5.73e-07      0.00 7.302e-01 2.622e-01 1.358e-03 3.663e-04 3.323e-03 -1.000 7.551e-03 -7.338 -7.313 -6.786 -7.995
0.0075 -0.30462 7.04001 17.2353420258 2.6299610204   17.075  4.819  3.6602  0.444    2  0.000  0.545     0.00     0.00     0.00     0.00     0.00 -1 -4.93e-07      0.00 7.302e-01 2.622e-01 1.358e-03 3.663e-04 3.323e-03 -1.000 7.551e-03 -7.279 -7.172 -6.564 -7.915
0.0075 -0.30462 7.04001 17.2356452942 2.6299611114   17.075  4.789  3.6395  0.391    2  0.000  0.545     0.00     0.00     0.00     0.00     0.00 -1 -4.11e-07      0.00 7.302e-01 2.622e-01 1.358e-03 3.663e-04 3.323e-03 -1.000 7.551e-03 -7.202 -6.995 -6.319 -7.787
0.0075 -0.30462 7.04001 17.2362918854 2.6299613053   17.075  4.734  3.6152  0.349    2  0.000  0.545     0.00     0.00     0.00     0.00     0.00 -1 -2.67e-07      0.00 7.302e-01 2.622e-01 1.358e-03 3.663e-04 3.323e-03 -1.000 7.551e-03 -7.065 -6.715 -5.949 -7.567
0.0075 -0.30462 7.04001 17.2368621826 2.6299614763   17.076  4.764  3.6039  0.274    3  0.000  0.536   243.25   107.33    71.43    51.54    42.98  4 -2.59e-07      0.00 7.300e-01 2.625e-01 1.334e-03 3.879e-04 3.318e-03 -1.000 7.551e-03 -7.139 -6.712 -5.892 -7.597
0.0075 -0.30462 7.04001 17.2374782562 2.6299616611   17.076  4.854  3.5905  0.130    3  0.000  0.472   314.86   139.23    91.57    66.33    55.35  4 -3.06e-07      0.00 7.273e-01 2.651e-01 1.158e-03 5.951e-04 3.279e-03 -1.000 7.551e-03 -7.365 -6.836 -5.939 -7.765
0.0075 -0.30462 7.04001 17.2378501892 2.6299617726   17.076  4.910  3.5857  0.056    3  0.000  0.433   353.38   159.36   104.18    75.62    63.11  0 -4.19e-07      0.00 7.034e-01 2.891e-01 9.632e-04 1.107e-03 2.966e-03 -1.000 7.558e-03 -7.504 -6.932 -6.000 -7.880
0.0075 -0.30462 7.04001 17.2381038666 2.6299618487   17.076  4.933  3.5834  0.023    3  0.000  0.423   371.45   168.95   110.15    80.02    66.80  0 -5.18e-07      0.00 6.978e-01 2.946e-01 9.182e-04 1.224e-03 2.895e-03 -1.000 7.563e-03 -7.562 -6.970 -6.022 -7.926
0.0075 -0.30462 7.04001 17.2386188507 2.6299620031   17.077  4.958  3.5809 -0.012    3  0.000  0.413   392.58   180.24   117.18    85.21    71.14  0 -6.34e-07      0.00 6.928e-01 2.996e-01 8.777e-04 1.326e-03 2.834e-03 -1.000 7.567e-03 -7.626 -7.012 -6.045 -7.977
0.0075 -0.30462 7.04001 17.2391300201 2.6299621564   17.077  4.976  3.5792 -0.037    3  0.000  0.405   407.55   188.32   122.18    88.91    74.24  0 -7.24e-07      0.00 6.878e-01 3.046e-01 8.423e-04 1.421e-03 2.775e-03 -1.000 7.566e-03 -7.669 -7.038 -6.057 -8.012
0.0075 -0.30462 7.04001 17.2396411896 2.6299623096   17.077  4.987  3.5780 -0.053    3  0.000  0.400   417.76   193.85   125.61    91.44    76.35  0 -7.82e-07      0.00 6.825e-01 3.099e-01 8.184e-04 1.494e-03 2.725e-03 -1.000 7.552e-03 -7.697 -7.054 -6.061 -8.032
0.0075 -0.30462 7.04001 17.2407054901 2.6299626286   17.077  4.993  3.5774 -0.061    3  0.000  0.398   423.04   196.72   127.38    92.75    77.45  0 -8.23e-07      0.00 6.798e-01 3.126e-01 8.078e-04 1.529e-03 2.700e-03 -1.000 7.551e-03 -7.712 -7.063 -6.065 -8.044
0.0075 -0.30462 7.04001 17.2556915283 2.6299671162   17.083  4.977  3.5795 -0.036    4  0.000  0.399     0.00     0.00     0.00     0.00     0.00 -1 -7.64e-07      0.00 6.798e-01 3.127e-01 8.079e-04 1.529e-03 2.700e-03 -1.000 7.551e-03 -7.672 -7.044 -6.066 -8.016
0.0075 -0.30462 7.04001 17.2757110596 2.6299730970   17.090  4.956  3.5824 -0.003    4  0.000  0.399     0.00     0.00     0.00     0.00     0.00 -1 -6.94e-07      0.00 6.798e-01 3.127e-01 8.082e-04 1.529e-03 2.700e-03 -1.000 7.551e-03 -7.619 -7.018 -6.061 -7.979
0.0075 -0.30462 7.04001 17.3014850616 2.6299807735   17.102  4.935  3.5856  0.031    4  0.000  0.399     0.00     0.00     0.00     0.00     0.00 -1 -6.29e-07      0.00 6.798e-01 3.127e-01 8.086e-04 1.528e-03 2.700e-03 -1.000 7.551e-03 -7.567 -6.993 -6.059 -7.942
0.0075 -0.30462 7.04001 17.3430557251 2.6299930996   17.122  4.912  3.5901  0.072    4  0.000  0.399     0.00     0.00     0.00     0.00     0.00 -1 -5.62e-07      0.00 6.797e-01 3.127e-01 8.093e-04 1.526e-03 2.701e-03 -1.000 7.551e-03 -7.511 -6.977 -6.073 -7.910
0.0075 -0.30462 7.04001 17.3769588470 2.6300031020   17.140  4.903  3.5971  0.109    4  0.000  0.399     0.00     0.00     0.00     0.00     0.00 -1 -5.33e-07      0.00 6.797e-01 3.128e-01 8.098e-04 1.525e-03 2.701e-03 -1.000 7.551e-03 -7.488 -7.008 -6.143 -7.919
0.0075 -0.30462 7.04001 17.3969802856 2.6300089879   17.150  4.915  3.6007  0.112    4  0.000  0.399     0.00     0.00     0.00     0.00     0.00 -1 -5.62e-07      0.00 6.797e-01 3.128e-01 8.102e-04 1.525e-03 2.702e-03 -1.000 7.551e-03 -7.517 -7.064 -6.217 -7.965
0.0075 -0.30462 7.04001 17.4038600922 2.6300110068   17.154  4.929  3.6033  0.108    5  0.000  0.399     0.00     0.00     0.00     0.00     0.00 -1 -5.98e-07      0.00 6.797e-01 3.128e-01 8.103e-04 1.524e-03 2.702e-03 -1.000 7.551e-03 -7.554 -7.118 -6.281 -8.012
0.0075 -0.30462 7.04001 17.4061298370 2.6300116725   17.155  4.946  3.6070  0.107    5  0.000  0.399     0.00     0.00     0.00     0.00     0.00 -1 -6.55e-07      0.00 6.797e-01 3.128e-01 8.103e-04 1.524e-03 2.702e-03 -1.000 7.551e-03 -7.595 -7.184 -6.364 -8.069
0.0075 -0.30462 7.04001 17.4071846008 2.6300119818   17.155  4.955  3.6193  0.147    5  0.000  0.399     0.00     0.00     0.00     0.00     0.00 -1 -7.09e-07      0.00 6.797e-01 3.128e-01 8.103e-04 1.524e-03 2.702e-03 -1.000 7.551e-03 -7.617 -7.287 -6.521 -8.138
0.0075 -0.30462 7.04001 17.4076652527 2.6300121227   17.155  4.961  3.6267  0.171    5  0.000  0.399     0.00     0.00     0.00     0.00     0.00 -1 -7.43e-07      0.00 6.797e-01 3.128e-01 8.103e-04 1.524e-03 2.702e-03 -1.000 7.551e-03 -7.631 -7.347 -6.610 -8.180
0.0075 -0.30462 7.04001 17.4078445435 2.6300121752   17.155  4.963  3.6306  0.184    5  0.000  0.399     0.00     0.00     0.00     0.00     0.00 -1 -7.58e-07      0.00 6.797e-01 3.128e-01 8.103e-04 1.524e-03 2.702e-03 -1.000 7.551e-03 -7.636 -7.375 -6.653 -8.198
0.0075 -0.30462 7.04001 17.4080295563 2.6300122295   17.155  4.964  3.6360  0.204    5  0.000  0.399     0.00     0.00     0.00     0.00     0.00 -1 -7.72e-07      0.00 6.797e-01 3.128e-01 8.103e-04 1.524e-03 2.702e-03 -1.000 7.551e-03 -7.641 -7.410 -6.708 -8.219
0.0075 -0.30462 7.04001 17.4082126617 2.6300122832   17.155  4.966  3.6434  0.232    5  0.000  0.399     0.00     0.00     0.00     0.00     0.00 -1 -7.86e-07      0.00 6.797e-01 3.128e-01 8.103e-04 1.524e-03 2.702e-03 -1.000 7.551e-03 -7.644 -7.453 -6.777 -8.244
0.0075 -0.30462 7.04001 17.4083976746 2.6300123374   17.155  4.966  3.6522  0.267    5  0.000  0.399     0.00     0.00     0.00     0.00     0.00 -1 -8.09e-07      0.00 6.797e-01 3.128e-01 8.103e-04 1.524e-03 2.702e-03 -1.000 7.551e-03 -7.645 -7.499 -6.853 -8.269
0.0075 -0.30462 7.04001 17.4086036682 2.6300123978   17.155  4.965  3.6624  0.308    5  0.000  0.399     0.00     0.00     0.00     0.00     0.00 -1 -8.29e-07      0.00 6.797e-01 3.128e-01 8.103e-04 1.524e-03 2.702e-03 -1.000 7.551e-03 -7.644 -7.545 -6.935 -8.289
0.0075 -0.30462 7.04001 17.4088344574 2.6300124654   17.155  4.965  3.6722  0.348    5  0.000  0.399     0.00     0.00     0.00     0.00     0.00 -1 -8.45e-07      0.00 6.797e-01 3.128e-01 8.103e-04 1.524e-03 2.702e-03 -1.000 7.551e-03 -7.643 -7.582 -7.010 -8.299
0.0075 -0.30462 7.04001 17.4090900421 2.6300125404   17.155  4.965  3.6818  0.386    5  0.000  0.399     0.00     0.00     0.00     0.00     0.00 -1 -8.66e-07      0.00 6.797e-01 3.128e-01 8.104e-04 1.524e-03 2.702e-03 -1.000 7.551e-03 -7.643 -7.614 -7.076 -8.303
0.0075 -0.30462 7.04001 17.4093799591 2.6300126253   17.155  4.965  3.6909  0.423    5  0.000  0.399     0.00     0.00     0.00     0.00     0.00 -1 -8.87e-07      0.00 6.797e-01 3.128e-01 8.104e-04 1.524e-03 2.702e-03 -1.000 7.551e-03 -7.643 -7.641 -7.133 -8.308
0.0075 -0.30462 7.04001 17.4096984863 2.6300127187   17.155  4.965  3.6999  0.459    5  0.000  0.399     0.00     0.00     0.00     0.00     0.00 -1 -8.58e-07      0.00 6.797e-01 3.128e-01 8.104e-04 1.524e-03 2.702e-03 -1.000 7.551e-03 -7.643 -7.668 -7.185 -8.312
0.0075 -0.30462 7.04001 17.4100589752 2.6300128244   17.155  4.965  3.7090  0.495    5  0.000  0.399     0.00     0.00     0.00     0.00     0.00 -1 -7.79e-07      0.00 6.797e-01 3.128e-01 8.104e-04 1.524e-03 2.702e-03 -1.000 7.551e-03 -7.642 -7.691 -7.234 -8.313
0.0075 -0.30462 7.04001 17.4104614258 2.6300129423   17.155  4.965  3.7179  0.531    5  0.000  0.399     0.00     0.00     0.00     0.00     0.00 -1 -7.97e-07      0.00 6.797e-01 3.128e-01 8.104e-04 1.524e-03 2.702e-03 -1.000 7.551e-03 -7.642 -7.712 -7.280 -8.311
0.0075 -0.30462 7.04001 17.4109096527 2.6300130737   17.155  4.964  3.7266  0.567    5  0.000  0.399     0.00     0.00     0.00     0.00     0.00 -1 -8.12e-07      0.00 6.797e-01 3.128e-01 8.104e-04 1.524e-03 2.702e-03 -1.000 7.551e-03 -7.640 -7.730 -7.322 -8.307
0.0075 -0.30462 7.04001 17.4114112854 2.6300132207   17.155  4.963  3.7347  0.600    5  0.000  0.399     0.00     0.00     0.00     0.00     0.00 -1 -8.31e-07      0.00 6.797e-01 3.128e-01 8.104e-04 1.524e-03 2.702e-03 -1.000 7.551e-03 -7.639 -7.745 -7.358 -8.300
0.0075 -0.30462 7.04001 17.4119739532 2.6300133855   17.155  4.963  3.7421  0.630    5  0.000  0.399     0.00     0.00     0.00     0.00     0.00 -1 -8.42e-07      0.00 6.797e-01 3.128e-01 8.104e-04 1.524e-03 2.702e-03 -1.000 7.551e-03 -7.636 -7.755 -7.389 -8.291
0.0075 -0.30462 7.04001 17.4125995636 2.6300135688   17.155  4.962  3.7487  0.657    5  0.000  0.399     0.00     0.00     0.00     0.00     0.00 -1  -4.8e-07      0.00 6.797e-01 3.128e-01 8.104e-04 1.524e-03 2.702e-03 -1.000 7.551e-03 -7.634 -7.763 -7.414 -8.280
0.0075 -0.30462 7.04001 17.4132995605 2.6300137739   17.156  4.960  3.7544  0.682    5  0.000  0.399     0.00     0.00     0.00     0.00     0.00 -1 -4.86e-07      0.00 6.797e-01 3.128e-01 8.104e-04 1.524e-03 2.702e-03 -1.000 7.551e-03 -7.631 -7.768 -7.435 -8.269
0.0075 -0.30462 7.04001 17.4140834808 2.6300140035   17.156  4.959  3.7593  0.702    5  0.000  0.400     0.00     0.00     0.00     0.00     0.00 -1  -4.9e-07      0.00 6.797e-01 3.128e-01 8.104e-04 1.524e-03 2.702e-03 -1.000 7.551e-03 -7.628 -7.772 -7.452 -8.259
0.0075 -0.30462 7.04001 17.4149570465 2.6300142594   17.157  4.958  3.7633  0.719    5  0.000  0.400     0.00     0.00     0.00     0.00     0.00 -1 -4.94e-07      0.00 6.797e-01 3.128e-01 8.104e-04 1.524e-03 2.702e-03 -1.000 7.551e-03 -7.626 -7.775 -7.466 -8.250
0.0075 -0.30462 7.04001 17.4159336090 2.6300145454   17.157  4.958  3.7664  0.733    5  0.000  0.400     0.00     0.00     0.00     0.00     0.00 -1 -4.95e-07      0.00 6.797e-01 3.128e-01 8.105e-04 1.524e-03 2.702e-03 -1.000 7.551e-03 -7.624 -7.777 -7.477 -8.242
0.0075 -0.30462 7.04001 17.4170265198 2.6300148655   17.158  4.957  3.7690  0.743    5  0.000  0.400     0.00     0.00     0.00     0.00     0.00 -1 -4.99e-07      0.00 6.797e-01 3.128e-01 8.105e-04 1.524e-03 2.702e-03 -1.000 7.551e-03 -7.623 -7.779 -7.485 -8.236
0.0075 -0.30462 7.04001 17.4196052551 2.6300156204   17.159  4.957  3.7726  0.758    5  0.000  0.400     0.00     0.00     0.00     0.00     0.00 -1 -5.05e-07      0.00 6.797e-01 3.128e-01 8.105e-04 1.524e-03 2.702e-03 -1.000 7.551e-03 -7.622 -7.783 -7.500 -8.228
0.0075 -0.30462 7.04001 17.4228248596 2.6300165626   17.161  4.958  3.7747  0.766    5  0.000  0.400     0.00     0.00     0.00     0.00     0.00 -1 -5.08e-07      0.00 6.797e-01 3.128e-01 8.106e-04 1.524e-03 2.702e-03 -1.000 7.551e-03 -7.624 -7.787 -7.510 -8.225
0.0075 -0.30462 7.04001 17.4285297394 2.6300182312   17.164  4.963  3.7773  0.770    5  0.000  0.400     0.00     0.00     0.00     0.00     0.00 -1  -5.3e-07      0.00 6.797e-01 3.128e-01 8.107e-04 1.524e-03 2.702e-03 -1.000 7.551e-03 -7.638 -7.805 -7.536 -8.234
0.0075 -0.30462 7.04001 17.4365673065 2.6300205799   17.169  5.003  3.7842  0.759    5  0.000  0.400     0.00     0.00     0.00     0.00     0.00 -1 -6.56e-07      0.00 6.797e-01 3.128e-01 8.108e-04 1.523e-03 2.702e-03 -1.000 7.551e-03 -7.737 -7.911 -7.661 -8.318
0.0075 -0.30462 7.04001 17.4447288513 2.6300229623   17.168  5.045  4.0116  1.626    5  0.000  0.400     0.00     0.00     0.00     0.00     0.00 -1 -1.43e-06      0.00 6.797e-01 3.128e-01 8.109e-04 1.523e-03 2.702e-03 -1.000 7.551e-03 -7.843 -7.557 -7.570 -7.547
0.0075 -0.30462 7.04001 17.4568595886 2.6300264985   17.174  5.029  4.1410  2.160    5  0.000  0.400     0.00     0.00     0.00     0.00     0.00 -1 -4.03e-07      0.00 6.796e-01 3.128e-01 8.111e-04 1.523e-03 2.702e-03 -1.000 7.551e-03 -7.802 -6.838 -6.897 -6.746
0.0075 -0.30462 7.04001 17.4799575806 2.6300332162   17.188  5.026  4.2049  2.419    5  0.000  0.400     0.00     0.00     0.00     0.00     0.00 -1 -3.71e-07      0.00 6.796e-01 3.128e-01 8.115e-04 1.522e-03 2.703e-03 -1.000 7.551e-03 -7.795 -6.483 -6.565 -6.343
0.0075 -0.30462 7.04001 17.4949607849 2.6300375687   17.197  5.027  4.2276  2.509    5  0.000  0.400     0.00     0.00     0.00     0.00     0.00 -1 -3.56e-07      0.00 6.796e-01 3.128e-01 8.117e-04 1.522e-03 2.703e-03 -1.000 7.551e-03 -7.797 -6.359 -6.448 -6.206
0.0075 -0.30462 7.04001 17.5569095612 2.6300554500   17.238  5.032  4.2183  2.468    6  0.000  0.400     0.00     0.00     0.00     0.00     0.00 -1 -3.58e-07      0.00 6.796e-01 3.129e-01 8.127e-04 1.520e-03 2.704e-03 -1.000 7.551e-03 -7.810 -6.424 -6.509 -6.276
0.0075 -0.30462 7.04001 17.6669044495 2.6300868444   17.310  5.041  4.2027  2.398    6  0.000  0.401     0.00     0.00     0.00     0.00     0.00 -1 -3.61e-07      0.00 6.795e-01 3.130e-01 8.145e-04 1.516e-03 2.705e-03 -1.000 7.551e-03 -7.833 -6.533 -6.614 -6.394
0.0075 -0.30462 7.04001 17.7937240601 2.6301224875   17.389  5.051  4.1845  2.317    6  0.000  0.402     0.00     0.00     0.00     0.00     0.00 -1 -3.68e-07      0.00 6.794e-01 3.130e-01 8.165e-04 1.512e-03 2.707e-03 -1.000 7.551e-03 -7.859 -6.660 -6.735 -6.531
0.0075 -0.30462 7.04001 17.8692779541 2.6301434459   17.436  5.057  4.1673  2.244    6  0.000  0.402     0.00     0.00     0.00     0.00     0.00 -1 -3.62e-07      0.00 6.794e-01 3.131e-01 8.177e-04 1.510e-03 2.708e-03 -1.000 7.551e-03 -7.872 -6.767 -6.837 -6.652
0.0075 -0.30462 7.04001 17.9203071594 2.6301574862   17.469  5.060  4.1497  2.172    6  0.000  0.402     0.00     0.00     0.00     0.00     0.00 -1 -3.52e-07      0.00 6.793e-01 3.131e-01 8.185e-04 1.508e-03 2.709e-03 -1.000 7.551e-03 -7.879 -6.867 -6.928 -6.770
0.0075 -0.30462 7.04001 17.9607830048 2.6301685577   17.495  5.062  4.1339  2.106    6  0.000  0.403     0.00     0.00     0.00     0.00     0.00 -1 -3.43e-07      0.00 6.793e-01 3.132e-01 8.191e-04 1.507e-03 2.709e-03 -1.000 7.551e-03 -7.886 -6.963 -7.020 -6.874
0.0075 -0.30462 7.04001 17.9946250916 2.6301777706   17.516  5.064  4.1177  2.040    6  0.000  0.403     0.00     0.00     0.00     0.00     0.00 -1 -3.64e-07      0.00 6.793e-01 3.132e-01 8.197e-04 1.506e-03 2.710e-03 -1.000 7.551e-03 -7.891 -7.063 -7.117 -6.977
0.0075 -0.30462 7.04001 18.0212516785 2.6301849913   17.526  5.065  4.1009  1.972    6  0.000  0.403     0.00     0.00     0.00     0.00     0.00 -1 -5.47e-07      0.00 6.793e-01 3.132e-01 8.201e-04 1.505e-03 2.710e-03 -1.000 7.551e-03 -7.893 -7.160 -7.209 -7.082
0.0075 -0.30462 7.04001 18.0241756439 2.6301857828   17.525  5.065  4.0985  1.962    6  0.000  0.403     0.00     0.00     0.00     0.00     0.00 -1  -5.7e-07      0.00 6.793e-01 3.132e-01 8.204e-04 1.504e-03 2.711e-03 -1.000 7.551e-03 -7.893 -7.173 -7.221 -7.096
0.0075 -0.30462 7.04001 18.0503768921 2.6301928615   17.523  5.066  4.0728  1.859    6  0.000  0.404     0.00     0.00     0.00     0.00     0.00 -1 -5.54e-07      0.00 6.797e-01 3.128e-01 8.236e-04 1.497e-03 2.715e-03 -1.000 7.551e-03 -7.894 -7.302 -7.338 -7.252
0.0075 -0.30462 7.04001 18.0715713501 2.6301985704   17.523  5.065  4.0482  1.761    6  0.000  0.405     0.00     0.00     0.00     0.00     0.00 -1 -5.37e-07      0.00 6.800e-01 3.124e-01 8.260e-04 1.490e-03 2.719e-03 -1.000 7.551e-03 -7.894 -7.427 -7.452 -7.396
0.0075 -0.30462 7.04001 18.0899372101 2.6302035049   17.523  5.065  4.0221  1.657    6  0.000  0.405     0.00     0.00     0.00     0.00     0.00 -1 -5.07e-07      0.00 6.803e-01 3.122e-01 8.281e-04 1.485e-03 2.722e-03 -1.000 7.551e-03 -7.892 -7.556 -7.573 -7.540
0.0075 -0.30462 7.04001 18.1030044556 2.6302070088   17.524  5.064  3.9958  1.553    6  0.000  0.405     0.00     0.00     0.00     0.00     0.00 -1 -4.85e-07      0.00 6.805e-01 3.120e-01 8.295e-04 1.481e-03 2.724e-03 -1.000 7.551e-03 -7.889 -7.677 -7.685 -7.676
0.0075 -0.30462 7.04001 18.1178112030 2.6302109720   17.526  5.041  3.9470  1.380    6  0.000  0.406     0.00     0.00     0.00     0.00     0.00 -1 -3.91e-07      0.00 6.807e-01 3.118e-01 8.311e-04 1.477e-03 2.727e-03 -1.000 7.551e-03 -7.833 -7.811 -7.792 -7.862
0.0075 -0.30462 7.04001 18.1303348541 2.6302143184   17.528  5.056  3.9303  1.299    6  0.000  0.406     0.00     0.00     0.00     0.00     0.00 -1 -3.99e-07      0.00 6.809e-01 3.116e-01 8.323e-04 1.474e-03 2.729e-03 -1.000 7.551e-03 -7.870 -7.915 -7.891 -7.973
0.0075 -0.30462 7.04001 18.1421356201 2.6302174667   17.516  5.056  3.9169  1.245    6  0.000  0.406     0.00     0.00     0.00     0.00     0.00 -1 -2.52e-06      0.00 6.810e-01 3.115e-01 8.333e-04 1.471e-03 2.730e-03 -1.000 7.551e-03 -7.871 -7.950 -7.913 -8.033
0.0075 -0.30462 7.04001 18.1495075226 2.6302194311   17.505  5.056  3.9065  1.203    6  0.000  0.406     0.00     0.00     0.00     0.00     0.00 -1 -2.49e-06      0.00 6.811e-01 3.114e-01 8.339e-04 1.470e-03 2.731e-03 -1.000 7.551e-03 -7.871 -7.979 -7.935 -8.074
0.0075 -0.30462 7.04001 18.1564579010 2.6302212815   17.493  5.056  3.8954  1.158    6  0.000  0.406     0.00     0.00     0.00     0.00     0.00 -1 -2.41e-06      0.00 6.811e-01 3.113e-01 8.344e-04 1.468e-03 2.732e-03 -1.000 7.551e-03 -7.871 -8.008 -7.958 -8.113
0.0075 -0.30462 7.04001 18.1630134583 2.6302230252   17.484  5.056  3.8837  1.111    6  0.000  0.407     0.00     0.00     0.00     0.00     0.00 -1 -2.37e-06      0.00 6.812e-01 3.113e-01 8.348e-04 1.467e-03 2.733e-03 -1.000 7.551e-03 -7.871 -8.029 -7.969 -8.152
0.0075 -0.30462 7.04001 18.1691818237 2.6302246647   17.476  5.056  3.8714  1.062    6  0.000  0.407     0.00     0.00     0.00     0.00     0.00 -1  -2.3e-06      0.00 6.812e-01 3.112e-01 8.353e-04 1.466e-03 2.734e-03 -1.000 7.551e-03 -7.871 -8.043 -7.970 -8.192
0.0075 -0.30462 7.04001 18.1749877930 2.6302262066   17.468  5.056  3.8583  1.009    6  0.000  0.407     0.00     0.00     0.00     0.00     0.00 -1 -2.23e-06      0.00 6.813e-01 3.112e-01 8.356e-04 1.465e-03 2.734e-03 -1.000 7.551e-03 -7.870 -8.054 -7.963 -8.233
0.0075 -0.30462 7.04001 18.1804409027 2.6302276539   17.462  5.056  3.8445  0.954    6  0.000  0.407     0.00     0.00     0.00     0.00     0.00 -1 -2.16e-06      0.00 6.813e-01 3.111e-01 8.360e-04 1.464e-03 2.735e-03 -1.000 7.551e-03 -7.869 -8.058 -7.943 -8.275
0.0075 -0.30462 7.04001 18.1855545044 2.6302290101   17.456  5.055  3.8297  0.896    6  0.000  0.407     0.00     0.00     0.00     0.00     0.00 -1 -2.06e-06      0.00 6.814e-01 3.111e-01 8.363e-04 1.463e-03 2.736e-03 -1.000 7.551e-03 -7.868 -8.058 -7.916 -8.319
0.0075 -0.30462 7.04001 18.1879920959 2.6302296562   17.453  5.055  3.8220  0.865    6  0.000  0.407     0.00     0.00     0.00     0.00     0.00 -1 -2.03e-06      0.00 6.814e-01 3.110e-01 8.364e-04 1.463e-03 2.736e-03 -1.000 7.551e-03 -7.867 -8.057 -7.898 -8.341
0.0075 -0.30462 7.04001 18.1903495789 2.6302302810   17.451  5.054  3.8140  0.833    6  0.000  0.407     0.00     0.00     0.00     0.00     0.00 -1    -2e-06      0.00 6.814e-01 3.110e-01 8.366e-04 1.462e-03 2.736e-03 -1.000 7.551e-03 -7.866 -8.054 -7.877 -8.364
0.0075 -0.30462 7.04001 18.1926326752 2.6302308859   17.449  5.054  3.8057  0.801    6  0.000  0.407     0.00     0.00     0.00     0.00     0.00 -1 -1.94e-06      0.00 6.814e-01 3.110e-01 8.367e-04 1.462e-03 2.736e-03 -1.000 7.551e-03 -7.865 -8.050 -7.854 -8.387
0.0075 -0.30462 7.04001 18.1948394775 2.6302314703   17.447  5.053  3.7969  0.766    6  0.000  0.407     0.00     0.00     0.00     0.00     0.00 -1 -1.91e-06      0.00 6.815e-01 3.110e-01 8.368e-04 1.461e-03 2.737e-03 -1.000 7.551e-03 -7.863 -8.045 -7.827 -8.410
0.0075 -0.30462 7.04001 18.1969738007 2.6302320355   17.445  5.053  3.7876  0.730    6  0.000  0.407     0.00     0.00     0.00     0.00     0.00 -1 -1.85e-06      0.00 6.815e-01 3.110e-01 8.369e-04 1.461e-03 2.737e-03 -1.000 7.551e-03 -7.862 -8.039 -7.797 -8.433
0.0075 -0.30462 7.04001 18.1990375519 2.6302325818   17.443  5.052  3.7777  0.690    6  0.000  0.407     0.00     0.00     0.00     0.00     0.00 -1 -1.82e-06      0.00 6.815e-01 3.110e-01 8.371e-04 1.461e-03 2.737e-03 -1.000 7.551e-03 -7.860 -8.028 -7.760 -8.455
0.0075 -0.30462 7.04001 18.2010307312 2.6302331093   17.442  5.051  3.7669  0.648    6  0.000  0.407     0.00     0.00     0.00     0.00     0.00 -1 -1.77e-06      0.00 6.815e-01 3.110e-01 8.372e-04 1.460e-03 2.737e-03 -1.000 7.551e-03 -7.857 -8.012 -7.713 -8.476
0.0075 -0.30462 7.04001 18.2029571533 2.6302336190   17.441  5.050  3.7550  0.602    6  0.000  0.407     0.00     0.00     0.00     0.00     0.00 -1 -1.71e-06      0.00 6.815e-01 3.109e-01 8.373e-04 1.460e-03 2.738e-03 -1.000 7.551e-03 -7.854 -7.994 -7.662 -8.493
0.0075 -0.30462 7.04001 18.2048206329 2.6302341119   17.439  5.048  3.7418  0.550    6  0.000  0.407     0.00     0.00     0.00     0.00     0.00 -1 -1.66e-06      0.00 6.815e-01 3.109e-01 8.374e-04 1.460e-03 2.738e-03 -1.000 7.551e-03 -7.851 -7.970 -7.603 -8.507
0.0075 -0.30462 7.04001 18.2066192627 2.6302345875   17.438  5.046  3.7269  0.493    6  0.000  0.407     0.00     0.00     0.00     0.00     0.00 -1 -1.59e-06      0.00 6.815e-01 3.109e-01 8.374e-04 1.460e-03 2.738e-03 -1.000 7.551e-03 -7.846 -7.937 -7.529 -8.513
0.0075 -0.30462 7.04001 18.2083568573 2.6302350469   17.437  5.044  3.7097  0.426    6  0.000  0.407     0.00     0.00     0.00     0.00     0.00 -1 -1.51e-06      0.00 6.815e-01 3.109e-01 8.375e-04 1.459e-03 2.738e-03 -1.000 7.551e-03 -7.840 -7.891 -7.434 -8.513
0.0075 -0.30462 7.04001 18.2091941833 2.6302352683   17.437  5.042  3.7007  0.392    6  0.000  0.407     0.00     0.00     0.00     0.00     0.00 -1 -1.42e-06      0.00 6.816e-01 3.109e-01 8.376e-04 1.459e-03 2.738e-03 -1.000 7.551e-03 -7.835 -7.864 -7.381 -8.508
0.0075 -0.30462 7.04001 18.2101325989 2.6302355163   17.436  5.040  3.6893  0.349    6  0.000  0.407     0.00     0.00     0.00     0.00     0.00 -1  -1.4e-06      0.00 6.816e-01 3.109e-01 8.376e-04 1.459e-03 2.738e-03 -1.000 7.551e-03 -7.830 -7.824 -7.307 -8.497
0.0075 -0.30462 7.04001 18.2109489441 2.6302357321   17.436  5.037  3.6787  0.309    6  0.000  0.407     0.00     0.00     0.00     0.00     0.00 -1 -1.29e-06      0.00 6.816e-01 3.109e-01 8.376e-04 1.459e-03 2.738e-03 -1.000 7.551e-03 -7.823 -7.785 -7.233 -8.486
0.0075 -0.30462 7.04001 18.2116432190 2.6302359156   17.436  5.034  3.6687  0.272    6  0.000  0.407     0.00     0.00     0.00     0.00     0.00 -1 -1.25e-06      0.00 6.816e-01 3.109e-01 8.377e-04 1.459e-03 2.738e-03 -1.000 7.551e-03 -7.816 -7.742 -7.152 -8.472
0.0075 -0.30462 7.04001 18.2125110626 2.6302361449   17.435  5.030  3.6543  0.219    6  0.000  0.407     0.00     0.00     0.00     0.00     0.00 -1  -1.2e-06      0.00 6.816e-01 3.109e-01 8.377e-04 1.459e-03 2.738e-03 -1.000 7.551e-03 -7.804 -7.668 -7.024 -8.435
0.0075 -0.30462 7.04001 18.2130241394 2.6302362805   17.435  5.026  3.6451  0.186    6  0.000  0.407     0.00     0.00     0.00     0.00     0.00 -1 -1.16e-06      0.00 6.816e-01 3.109e-01 8.377e-04 1.459e-03 2.739e-03 -1.000 7.551e-03 -7.795 -7.613 -6.939 -8.402
0.0075 -0.30462 7.04001 18.2135944366 2.6302364311   17.435  5.021  3.6347  0.150    6  0.000  0.407     0.00     0.00     0.00     0.00     0.00 -1 -1.12e-06      0.00 6.816e-01 3.109e-01 8.378e-04 1.459e-03 2.739e-03 -1.000 7.551e-03 -7.782 -7.543 -6.832 -8.358
0.0075 -0.30462 7.04001 18.2142715454 2.6302366100   17.435  5.013  3.6241  0.115    6  0.000  0.407     0.00     0.00     0.00     0.00     0.00 -1 -1.02e-06      0.00 6.816e-01 3.109e-01 8.378e-04 1.459e-03 2.739e-03 -1.000 7.551e-03 -7.762 -7.461 -6.709 -8.302
0.0075 -0.30462 7.04001 18.2151184082 2.6302368337   17.435  4.997  3.6132  0.087    6  0.000  0.407     0.00     0.00     0.00     0.00     0.00 -1 -9.45e-07      0.00 6.816e-01 3.109e-01 8.378e-04 1.458e-03 2.739e-03 -1.000 7.551e-03 -7.723 -7.353 -6.558 -8.223
0.0075 -0.30462 7.04001 18.2159614563 2.6302370564   17.435  4.982  3.6063  0.074    6  0.000  0.407     0.00     0.00     0.00     0.00     0.00 -1 -8.33e-07      0.00 6.816e-01 3.109e-01 8.379e-04 1.458e-03 2.739e-03 -1.000 7.551e-03 -7.685 -7.269 -6.443 -8.156
0.0075 -0.30462 7.04001 18.2171401978 2.6302373677   17.434  4.959  3.6010  0.076    6  0.000  0.407     0.00     0.00     0.00     0.00     0.00 -1 -7.47e-07      0.00 6.816e-01 3.108e-01 8.379e-04 1.458e-03 2.739e-03 -1.000 7.551e-03 -7.628 -7.175 -6.326 -8.077
0.0075 -0.30462 7.04001 18.2187385559 2.6302377897   17.435  4.945  3.5926  0.057    6  0.000  0.407     0.00     0.00     0.00     0.00     0.00 -1 -6.39e-07      0.00 6.816e-01 3.108e-01 8.380e-04 1.458e-03 2.739e-03 -1.000 7.551e-03 -7.592 -7.077 -6.184 -8.003
0.0075 -0.30462 7.04001 18.2198867798 2.6302380929   17.435  4.984  3.5858 -0.010    6  0.000  0.407     0.00     0.00     0.00     0.00     0.00 -1 -7.03e-07      0.00 6.816e-01 3.108e-01 8.377e-04 1.458e-03 2.739e-03 -1.000 7.551e-03 -7.691 -7.117 -6.181 -8.067
0.0075 -0.30462 7.04001 18.2211189270 2.6302384181   17.435  5.013  3.5822 -0.053    6  0.000  0.398     0.00     0.00     0.00     0.00     0.00 -1  -8.5e-07      0.00 6.816e-01 3.108e-01 8.191e-04 1.471e-03 2.739e-03 -1.000 7.551e-03 -7.761 -7.156 -6.193 -8.120
0.0075 -0.30462 7.04001 18.2434234619 2.6302442969   17.431  5.044  3.5781 -0.100    6  0.000  0.392     0.00     0.00     0.00     0.00     0.00 -1 -1.04e-06      0.00 6.808e-01 3.117e-01 8.036e-04 1.492e-03 2.730e-03 -1.000 7.551e-03 -7.839 -7.194 -6.197 -8.175
0.0075 -0.30462 7.04001 18.2571582794 2.6302479088   17.428  5.072  3.5743 -0.143    6  0.000  0.388     0.00     0.00     0.00     0.00     0.00 -1 -1.19e-06      0.00 6.794e-01 3.131e-01 7.902e-04 1.518e-03 2.715e-03 -1.000 7.551e-03 -7.910 -7.226 -6.194 -8.224
0.0075 -0.30462 7.04001 18.2575206757 2.6302480040   17.427  5.075  3.5739 -0.148    7  0.000  0.388   486.88   231.63   148.96   108.64    90.77  0 -1.21e-06      0.00 6.792e-01 3.133e-01 7.888e-04 1.523e-03 2.713e-03 -1.000 7.551e-03 -7.918 -7.225 -6.186 -8.225
0.0075 -0.30462 7.04001 18.2603683472 2.6302487520   17.427  5.112  3.5698 -0.201    7  0.000  0.383   528.44   254.92   163.23   119.22    99.63  0 -1.42e-06      0.00 6.773e-01 3.151e-01 7.729e-04 1.557e-03 2.694e-03 -1.000 7.551e-03 -8.009 -7.271 -6.192 -8.290
0.0075 -0.30462 7.04001 18.2695865631 2.6302511717   17.421  5.157  3.5648 -0.267    7  0.000  0.376   584.74   286.98   182.78   133.73   111.80  0 -1.78e-06      0.01 6.727e-01 3.197e-01 7.456e-04 1.634e-03 2.645e-03 -1.000 7.618e-03 -8.123 -7.320 -6.177 -8.366
0.0075 -0.30462 7.04001 18.2721767426 2.6302518511   17.419  5.189  3.5614 -0.313    7  0.000  0.375   627.52   311.70   197.79   144.89   121.14  0 -2.07e-06      0.01 6.713e-01 3.211e-01 7.386e-04 1.658e-03 2.628e-03 -1.000 7.626e-03 -8.203 -7.356 -6.168 -8.420
0.0075 -0.30462 7.04001 18.2753982544 2.6302526957   17.415  5.226  3.5576 -0.365    7  0.000  0.375   680.70   342.82   216.61   158.90   132.89  0  -2.5e-06      0.01 6.699e-01 3.225e-01 7.328e-04 1.681e-03 2.610e-03 -1.000 7.574e-03 -8.296 -7.393 -6.143 -8.480
0.0075 -0.30462 7.04001 18.2784042358 2.6302534836   17.412  5.250  3.5551 -0.399    7  0.000  0.375   717.38   364.54   229.69   168.65   141.07  0 -2.82e-06      0.01 6.682e-01 3.243e-01 7.282e-04 1.702e-03 2.593e-03 -1.000 7.551e-03 -8.356 -7.412 -6.117 -8.515
