Zini MH logAge Mini int_IMF Mass logL logTe logg label McoreTP C_O period0 period1 period2 period3 period4 pmode Mloss tau1m X Y Xc Xn Xo Cexcess Z mbolmag Gmag G_BPmag G_RPmag
0.0075 -0.30462 7.68001 0.0900000036 1.0816895926    0.090 -2.477  3.4356  4.563    0  0.000  0.545     0.00     0.00     0.00     0.00     0.00 -1  -7.4e-16      0.00 7.302e-01 2.622e-01 1.358e-03 3.663e-04 3.323e-03 -1.000 7.551e-03 10.962 12.584 14.988 11.188
0.0075 -0.30462 7.68001 0.0901183784 1.0828226000    0.090 -2.476  3.4357  4.564    0  0.000  0.545     0.00     0.00     0.00     0.00     0.00 -1  -7.4e-16      0.00 7.302e-01 2.622e-01 1.358e-03 3.663e-04 3.323e-03 -1.000 7.551e-03 10.959 12.581 14.983 11.185
0.0075 -0.30462 7.68001 0.0982376337 1.1562138151    0.098 -2.416  3.4426  4.569    0  0.000  0.545     0.00     0.00     0.00     0.00     0.00 -1  -8.1e-16      0.00 7.302e-01 2.622e-01 1.358e-03 3.663e-04 3.323e-03 -1.000 7.551e-03 10.810 12.354 14.648 10.978
0.0075 -0.30462 7.68001 0.0998300463 1.1696851497    0.100 -2.405  3.4439  4.570    0  0.000  0.545     0.00     0.00     0.00     0.00     0.00 -1 -8.23e-16      0.00 7.302e-01 2.622e-01 1.358e-03 3.663e-04 3.323e-03 -1.000 7.551e-03 10.782 12.312 14.585 10.940
0.0075 -0.30462 7.68001 0.1110271215 1.2571290519    0.111 -2.334  3.4521  4.577    0  0.000  0.545     0.00     0.00     0.00     0.00     0.00 -1 -9.12e-16      0.00 7.302e-01 2.622e-01 1.358e-03 3.663e-04 3.323e-03 -1.000 7.551e-03 10.604 12.044 14.189 10.696
0.0075 -0.30462 7.68001 0.1194901466 1.3159458992    0.119 -2.283  3.4580  4.583    0  0.000  0.545     0.00     0.00     0.00     0.00     0.00 -1  -9.8e-16      0.00 7.302e-01 2.622e-01 1.358e-03 3.663e-04 3.323e-03 -1.000 7.551e-03 10.479 11.853 13.902 10.524
0.0075 -0.30462 7.68001 0.1228729114 1.3379602732    0.123 -2.265  3.4601  4.585    0  0.000  0.545     0.00     0.00     0.00     0.00     0.00 -1 -1.01e-15      0.00 7.302e-01 2.622e-01 1.358e-03 3.663e-04 3.323e-03 -1.000 7.551e-03 10.433 11.784 13.801 10.462
0.0075 -0.30462 7.68001 0.1391502321 1.4338510389    0.139 -2.181  3.4694  4.592    0  0.000  0.545     0.00     0.00     0.00     0.00     0.00 -1 -1.14e-15      0.00 7.302e-01 2.622e-01 1.358e-03 3.663e-04 3.323e-03 -1.000 7.551e-03 10.222 11.480 13.365 10.188
0.0075 -0.30462 7.68001 0.1588103175 1.5318726544    0.159 -2.093  3.4785  4.598    0  0.000  0.545     0.00     0.00     0.00     0.00     0.00 -1  -1.3e-15      0.00 7.302e-01 2.622e-01 1.358e-03 3.663e-04 3.323e-03 -1.000 7.551e-03 10.003 11.170 12.931 9.908
0.0075 -0.30462 7.68001 0.1981305033 1.6874979825    0.198 -1.949  3.4930  4.608    0  0.000  0.545     0.00     0.00     0.00     0.00     0.00 -1  -1.6e-15      0.00 7.302e-01 2.622e-01 1.358e-03 3.663e-04 3.323e-03 -1.000 7.551e-03 9.643 10.674 12.251 9.461
0.0075 -0.30462 7.68001 0.2348970324 1.8004116685    0.235 -1.840  3.5034  4.614    0  0.000  0.545     0.00     0.00     0.00     0.00     0.00 -1 -1.87e-15      0.00 7.302e-01 2.622e-01 1.358e-03 3.663e-04 3.323e-03 -1.000 7.551e-03 9.369 10.316 11.787 9.136
0.0075 -0.30462 7.68001 0.2472807318 1.8333743544    0.247 -1.807  3.5065  4.615    0  0.000  0.545     0.00     0.00     0.00     0.00     0.00 -1 -1.97e-15      0.00 7.302e-01 2.622e-01 1.358e-03 3.663e-04 3.323e-03 -1.000 7.551e-03 9.286 10.209 11.649 9.038
0.0075 -0.30462 7.68001 0.2699334919 1.8884505292    0.270 -1.749  3.5120  4.618    0  0.000  0.545     0.00     0.00     0.00     0.00     0.00 -1 -2.14e-15      0.00 7.302e-01 2.622e-01 1.358e-03 3.663e-04 3.323e-03 -1.000 7.551e-03 9.143 10.024 11.412 8.870
0.0075 -0.30462 7.68001 0.2964309752 1.9457107145    0.296 -1.688  3.5178  4.621    0  0.000  0.545     0.00     0.00     0.00     0.00     0.00 -1 -2.35e-15      0.00 7.302e-01 2.622e-01 1.358e-03 3.663e-04 3.323e-03 -1.000 7.551e-03 8.990 9.827 11.163 8.692
0.0075 -0.30462 7.68001 0.3295229375 2.0085197076    0.329 -1.618  3.5243  4.623    0  0.000  0.545     0.00     0.00     0.00     0.00     0.00 -1  -2.6e-15      0.00 7.302e-01 2.622e-01 1.358e-03 3.663e-04 3.323e-03 -1.000 7.551e-03 8.815 9.608 10.891 8.492
0.0075 -0.30462 7.68001 0.3523657322 2.0472778932    0.352 -1.573  3.5285  4.624    0  0.000  0.545     0.00     0.00     0.00     0.00     0.00 -1 -2.77e-15      0.00 7.302e-01 2.622e-01 1.358e-03 3.663e-04 3.323e-03 -1.000 7.551e-03 8.704 9.468 10.719 8.365
0.0075 -0.30462 7.68001 0.3762512505 2.0844585462    0.376 -1.527  3.5328  4.623    0  0.000  0.545     0.00     0.00     0.00     0.00     0.00 -1    -3e-15      0.00 7.302e-01 2.622e-01 1.358e-03 3.663e-04 3.323e-03 -1.000 7.551e-03 8.587 9.324 10.543 8.233
0.0075 -0.30462 7.68001 0.3947314620 2.1111807335    0.394 -1.493  3.5359  4.622    0  0.000  0.545     0.00     0.00     0.00     0.00     0.00 -1 -3.18e-15      0.00 7.302e-01 2.622e-01 1.358e-03 3.663e-04 3.323e-03 -1.000 7.551e-03 8.502 9.220 10.417 8.138
0.0075 -0.30462 7.68001 0.4385100901 2.1684678370    0.438 -1.406  3.5440  4.613    0  0.000  0.545     0.00     0.00     0.00     0.00     0.00 -1 -3.72e-15      0.00 7.302e-01 2.622e-01 1.358e-03 3.663e-04 3.323e-03 -1.000 7.551e-03 8.285 8.953 10.094 7.895
0.0075 -0.30462 7.68001 0.4438816309 2.1749833073    0.443 -1.396  3.5449  4.613    0  0.000  0.545     0.00     0.00     0.00     0.00     0.00 -1 -3.78e-15      0.00 7.302e-01 2.622e-01 1.358e-03 3.663e-04 3.323e-03 -1.000 7.551e-03 8.261 8.924 10.059 7.868
0.0075 -0.30462 7.68001 0.4673118293 2.2022494722    0.467 -1.345  3.5506  4.607    0  0.000  0.545     0.00     0.00     0.00     0.00     0.00 -1 -4.17e-15      0.00 7.302e-01 2.622e-01 1.358e-03 3.663e-04 3.323e-03 -1.000 7.551e-03 8.134 8.762 9.860 7.723
0.0075 -0.30462 7.68001 0.4930318892 2.2302052303    0.493 -1.294  3.5559  4.601    0  0.000  0.545     0.00     0.00     0.00     0.00     0.00 -1 -4.61e-15      0.00 7.302e-01 2.622e-01 1.358e-03 3.663e-04 3.323e-03 -1.000 7.551e-03 8.006 8.603 9.669 7.580
0.0075 -0.30462 7.68001 0.5071895123 2.2447448722    0.507 -1.266  3.5597  4.599    0  0.000  0.545     0.00     0.00     0.00     0.00     0.00 -1 -4.86e-15      0.00 7.302e-01 2.622e-01 1.358e-03 3.663e-04 3.323e-03 -1.000 7.551e-03 7.934 8.509 9.551 7.497
0.0075 -0.30462 7.68001 0.5421820879 2.2770780545    0.542 -1.181  3.5705  4.586    0  0.000  0.545     0.00     0.00     0.00     0.00     0.00 -1 -5.77e-15      0.00 7.303e-01 2.621e-01 1.358e-03 3.663e-04 3.323e-03 -1.000 7.551e-03 7.721 8.235 9.214 7.254
0.0075 -0.30462 7.68001 0.5502470732 2.2838627080    0.550 -1.161  3.5735  4.585    0  0.000  0.545     0.00     0.00     0.00     0.00     0.00 -1 -5.99e-15      0.00 7.303e-01 2.621e-01 1.358e-03 3.663e-04 3.323e-03 -1.000 7.551e-03 7.673 8.171 9.136 7.199
0.0075 -0.30462 7.68001 0.5611929297 2.2927131282    0.561 -1.129  3.5783  4.581    0  0.000  0.545     0.00     0.00     0.00     0.00     0.00 -1  -6.4e-15      0.00 7.303e-01 2.621e-01 1.358e-03 3.663e-04 3.323e-03 -1.000 7.551e-03 7.593 8.066 9.006 7.107
0.0075 -0.30462 7.68001 0.5899759531 2.3141943452    0.589 -1.036  3.5931  4.569    0  0.000  0.545     0.00     0.00     0.00     0.00     0.00 -1 -7.82e-15      0.00 7.303e-01 2.621e-01 1.358e-03 3.663e-04 3.323e-03 -1.000 7.551e-03 7.361 7.763 8.634 6.843
0.0075 -0.30462 7.68001 0.5913323760 2.3151474903    0.591 -1.032  3.5939  4.569    0  0.000  0.545     0.00     0.00     0.00     0.00     0.00 -1 -7.89e-15      0.00 7.303e-01 2.621e-01 1.358e-03 3.663e-04 3.323e-03 -1.000 7.551e-03 7.350 7.749 8.616 6.831
0.0075 -0.30462 7.68001 0.5942027569 2.3171479890    0.594 -1.022  3.5957  4.568    0  0.000  0.545     0.00     0.00     0.00     0.00     0.00 -1 -8.06e-15      0.00 7.303e-01 2.621e-01 1.357e-03 3.663e-04 3.323e-03 -1.000 7.551e-03 7.325 7.717 8.577 6.803
0.0075 -0.30462 7.68001 0.6115927696 2.3288075836    0.611 -0.956  3.6080  4.564    0  0.000  0.545     0.00     0.00     0.00     0.00     0.00 -1 -9.29e-15      0.00 7.303e-01 2.621e-01 1.357e-03 3.663e-04 3.323e-03 -1.000 7.551e-03 7.159 7.500 8.308 6.617
0.0075 -0.30462 7.68001 0.6272585392 2.3386770614    0.627 -0.890  3.6211  4.562    0  0.000  0.545     0.00     0.00     0.00     0.00     0.00 -1 -1.07e-14      0.00 7.303e-01 2.621e-01 1.357e-03 3.663e-04 3.322e-03 -1.000 7.551e-03 6.996 7.285 8.040 6.435
0.0075 -0.30462 7.68001 0.6404825449 2.3465775003    0.640 -0.834  3.6331  4.562    0  0.000  0.545     0.00     0.00     0.00     0.00     0.00 -1  -1.2e-14      0.00 7.303e-01 2.621e-01 1.357e-03 3.663e-04 3.322e-03 -1.000 7.551e-03 6.854 7.092 7.796 6.275
0.0075 -0.30462 7.68001 0.6497559547 2.3518976708    0.649 -0.794  3.6422  4.565    0  0.000  0.545     0.00     0.00     0.00     0.00     0.00 -1 -1.31e-14      0.00 7.303e-01 2.621e-01 1.357e-03 3.663e-04 3.322e-03 -1.000 7.551e-03 6.754 6.951 7.616 6.162
0.0075 -0.30462 7.68001 0.6650071740 2.3602773601    0.665 -0.730  3.6569  4.570    0  0.000  0.545     0.00     0.00     0.00     0.00     0.00 -1 -1.49e-14      0.00 7.303e-01 2.621e-01 1.357e-03 3.663e-04 3.322e-03 -1.000 7.551e-03 6.595 6.728 7.330 5.983
0.0075 -0.30462 7.68001 0.6887909174 2.3724974540    0.689 -0.637  3.6790  4.581    0  0.000  0.545     0.00     0.00     0.00     0.00     0.00 -1 -1.79e-14      0.00 7.303e-01 2.621e-01 1.357e-03 3.663e-04 3.322e-03 -1.000 7.551e-03 6.361 6.411 6.937 5.726
0.0075 -0.30462 7.68001 0.6896328330 2.3729123002    0.689 -0.633  3.6798  4.581    0  0.000  0.545     0.00     0.00     0.00     0.00     0.00 -1  -1.8e-14      0.00 7.303e-01 2.621e-01 1.357e-03 3.663e-04 3.322e-03 -1.000 7.551e-03 6.354 6.401 6.924 5.718
0.0075 -0.30462 7.68001 0.7032180429 2.3794486712    0.703 -0.581  3.6937  4.593    0  0.000  0.543     0.00     0.00     0.00     0.00     0.00 -1 -1.99e-14      0.00 7.303e-01 2.621e-01 1.353e-03 3.661e-04 3.322e-03 -1.000 7.551e-03 6.222 6.228 6.711 5.579
0.0075 -0.30462 7.68001 0.7078620195 2.3816170037    0.708 -0.564  3.6983  4.596    0  0.000  0.543     0.00     0.00     0.00     0.00     0.00 -1 -2.06e-14      0.00 7.303e-01 2.621e-01 1.352e-03 3.661e-04 3.322e-03 -1.000 7.551e-03 6.179 6.172 6.643 5.534
0.0075 -0.30462 7.68001 0.7135517597 2.3842294222    0.713 -0.550  3.7021  4.602    0  0.000  0.542     0.00     0.00     0.00     0.00     0.00 -1  -2.1e-14      0.00 7.303e-01 2.621e-01 1.350e-03 3.660e-04 3.322e-03 -1.000 7.551e-03 6.145 6.129 6.589 5.500
0.0075 -0.30462 7.68001 0.7387830019 2.3952587666    0.739 -0.511  3.7150  4.629    0  0.000  0.539     0.00     0.00     0.00     0.00     0.00 -1 -2.21e-14      0.00 7.303e-01 2.621e-01 1.343e-03 3.659e-04 3.322e-03 -1.000 7.549e-03 6.047 6.002 6.430 5.403
0.0075 -0.30462 7.68001 0.7785592675 2.4109880234    0.778 -0.467  3.7251  4.648    0  0.000  0.538     0.00     0.00     0.00     0.00     0.00 -1 -2.33e-14      0.00 7.304e-01 2.620e-01 1.340e-03 3.658e-04 3.322e-03 -1.000 7.548e-03 5.936 5.873 6.278 5.296
0.0075 -0.30462 7.68001 0.7870201468 2.4140988623    0.787 -0.453  3.7274  4.649    0  0.000  0.538     0.00     0.00     0.00     0.00     0.00 -1 -2.39e-14      0.00 7.304e-01 2.620e-01 1.339e-03 3.658e-04 3.322e-03 -1.000 7.551e-03 5.903 5.836 6.236 5.264
0.0075 -0.30462 7.68001 0.8352572918 2.4304586797    0.835 -0.343  3.7433  4.628    0  0.000  0.538     0.00     0.00     0.00     0.00     0.00 -1 -3.06e-14      0.00 7.304e-01 2.620e-01 1.339e-03 3.657e-04 3.321e-03 -1.000 7.551e-03 5.627 5.539 5.903 5.002
0.0075 -0.30462 7.68001 0.8789317608 2.4435037986    0.878 -0.263  3.7549  4.617    0  0.000  0.538     0.00     0.00     0.00     0.00     0.00 -1 -3.62e-14      0.00 7.304e-01 2.620e-01 1.339e-03 3.657e-04 3.321e-03 -1.000 7.551e-03 5.429 5.330 5.670 4.819
0.0075 -0.30462 7.68001 0.8834944963 2.4447813327    0.883 -0.253  3.7564  4.614    0  0.000  0.538     0.00     0.00     0.00     0.00     0.00 -1  -3.7e-14      0.00 7.305e-01 2.620e-01 1.339e-03 3.657e-04 3.321e-03 -1.000 7.551e-03 5.403 5.304 5.640 4.796
0.0075 -0.30462 7.68001 0.9317315221 2.4574120116    0.931 -0.147  3.7701  4.586    0  0.000  0.538     0.00     0.00     0.00     0.00     0.00 -1 -4.76e-14      0.00 7.305e-01 2.619e-01 1.339e-03 3.656e-04 3.321e-03 -1.000 7.551e-03 5.137 5.032 5.339 4.555
0.0075 -0.30462 7.68001 0.9799686670 2.4686235370    0.980 -0.044  3.7823  4.554    0  0.000  0.538     0.00     0.00     0.00     0.00     0.00 -1 -6.09e-14      0.00 7.306e-01 2.619e-01 1.339e-03 3.655e-04 3.319e-03 -1.000 7.534e-03 4.881 4.774 5.057 4.326
0.0075 -0.30462 7.68001 1.0282058716 2.4786340095    1.028  0.055  3.7933  4.520    0  0.000  0.538     0.00     0.00     0.00     0.00     0.00 -1 -7.44e-14      0.00 7.307e-01 2.617e-01 1.338e-03 3.653e-04 3.318e-03 -1.000 7.546e-03 4.633 4.529 4.789 4.106
0.0075 -0.30462 7.68001 1.0547800064 2.4837012174    1.054  0.108  3.7989  4.501    0  0.000  0.538     0.00     0.00     0.00     0.00     0.00 -1 -8.12e-14      0.00 7.308e-01 2.617e-01 1.338e-03 3.652e-04 3.318e-03 -1.000 7.543e-03 4.501 4.398 4.647 3.988
0.0075 -0.30462 7.68001 1.0764429569 2.4876197788    1.076  0.148  3.8032  4.486    0  0.000  0.538     0.00     0.00     0.00     0.00     0.00 -1 -8.68e-14      0.00 7.308e-01 2.616e-01 1.338e-03 3.652e-04 3.317e-03 -1.000 7.535e-03 4.400 4.298 4.540 3.898
0.0075 -0.30462 7.68001 1.1097487211 2.4933025831    1.109  0.216  3.8107  4.462    0  0.000  0.538     0.00     0.00     0.00     0.00     0.00 -1 -9.69e-14      0.00 7.310e-01 2.615e-01 1.337e-03 3.650e-04 3.316e-03 -1.000 7.511e-03 4.231 4.131 4.359 3.749
0.0075 -0.30462 7.68001 1.1113188267 2.4935608304    1.110  0.219  3.8111  4.461    0  0.000  0.538     0.00     0.00     0.00     0.00     0.00 -1 -9.75e-14      0.00 7.310e-01 2.615e-01 1.337e-03 3.650e-04 3.316e-03 -1.000 7.503e-03 4.222 4.123 4.350 3.741
0.0075 -0.30462 7.68001 1.1246800423 2.4957249421    1.124  0.244  3.8137  4.452    0  0.000  0.538     0.00     0.00     0.00     0.00     0.00 -1 -1.01e-13      0.00 7.309e-01 2.616e-01 1.338e-03 3.652e-04 3.317e-03 -1.000 7.520e-03 4.161 4.063 4.286 3.687
0.0075 -0.30462 7.68001 1.1729172468 2.5030682724    1.172  0.330  3.8234  4.423    0  0.000  0.538     0.00     0.00     0.00     0.00     0.00 -1 -1.15e-13      0.00 7.309e-01 2.615e-01 1.337e-03 3.652e-04 3.317e-03 -1.000 7.546e-03 3.945 3.848 4.055 3.495
0.0075 -0.30462 7.68001 1.2211544514 2.5097484572    1.221  0.412  3.8333  4.398    0  0.000  0.538     0.00     0.00     0.00     0.00     0.00 -1 -1.27e-13      0.00 7.309e-01 2.615e-01 1.337e-03 3.652e-04 3.317e-03 -1.000 7.543e-03 3.740 3.646 3.837 3.315
0.0075 -0.30462 7.68001 1.2693915367 2.5158481562    1.269  0.490  3.8437  4.379    0  0.000  0.538     0.00     0.00     0.00     0.00     0.00 -1 -1.37e-13      0.00 7.309e-01 2.615e-01 1.337e-03 3.652e-04 3.317e-03 -1.000 7.540e-03 3.546 3.455 3.629 3.148
0.0075 -0.30462 7.68001 1.3176286221 2.5214371194    1.317  0.563  3.8553  4.367    0  0.000  0.538     0.00     0.00     0.00     0.00     0.00 -1 -1.43e-13      0.00 7.310e-01 2.615e-01 1.337e-03 3.651e-04 3.317e-03 -1.000 7.537e-03 3.362 3.276 3.432 2.995
0.0075 -0.30462 7.68001 1.3658659458 2.5265745718    1.366  0.633  3.8685  4.366    0  0.000  0.538     0.00     0.00     0.00     0.00     0.00 -1 -1.45e-13      0.00 7.310e-01 2.615e-01 1.337e-03 3.651e-04 3.316e-03 -1.000 7.538e-03 3.187 3.107 3.243 2.857
0.0075 -0.30462 7.68001 1.4141030312 2.5313110259    1.414  0.699  3.8829  4.373    0  0.000  0.538     0.00     0.00     0.00     0.00     0.00 -1  -1.4e-13      0.00 7.310e-01 2.614e-01 1.337e-03 3.651e-04 3.316e-03 -1.000 7.539e-03 3.022 2.951 3.067 2.736
0.0075 -0.30462 7.68001 1.4623401165 2.5356899355    1.462  0.761  3.8974  4.383    1  0.000  0.538     0.00     0.00     0.00     0.00     0.00 -1 -1.31e-13      0.00 7.311e-01 2.614e-01 1.337e-03 3.650e-04 3.316e-03 -1.000 7.522e-03 2.866 2.806 2.902 2.627
0.0075 -0.30462 7.68001 1.5105772018 2.5397487941    1.511  0.824  3.9116  4.392    0  0.000  0.538     0.00     0.00     0.00     0.00     0.00 -1 -1.17e-13      0.00 7.311e-01 2.614e-01 1.337e-03 3.650e-04 3.315e-03 -1.000 7.495e-03 2.711 2.667 2.743 2.522
0.0075 -0.30462 7.68001 1.5588144064 2.5435201391    1.559  0.882  3.9248  4.400    1  0.000  0.538     0.00     0.00     0.00     0.00     0.00 -1  -9.7e-14      0.00 7.311e-01 2.614e-01 1.337e-03 3.650e-04 3.315e-03 -1.000 7.545e-03 2.565 2.540 2.599 2.429
0.0075 -0.30462 7.68001 1.6070516109 2.5470323097    1.607  0.939  3.9373  4.407    1  0.000  0.538     0.00     0.00     0.00     0.00     0.00 -1    -7e-14      0.00 7.311e-01 2.613e-01 1.336e-03 3.649e-04 3.315e-03 -1.000 7.551e-03 2.423 2.426 2.469 2.343
0.0075 -0.30462 7.68001 1.6552885771 2.5503101030    1.655  0.993  3.9493  4.413    0  0.000  0.538     0.00     0.00     0.00     0.00     0.00 -1 -7.41e-16      0.00 7.312e-01 2.613e-01 1.336e-03 3.649e-04 3.315e-03 -1.000 7.532e-03 2.287 2.322 2.353 2.263
0.0075 -0.30462 7.68001 1.7035256624 2.5533753490    1.703  1.045  3.9606  4.418    0  0.000  0.538     0.00     0.00     0.00     0.00     0.00 -1    -1e-30      0.00 7.312e-01 2.613e-01 1.336e-03 3.649e-04 3.314e-03 -1.000 7.539e-03 2.157 2.228 2.249 2.189
0.0075 -0.30462 7.68001 1.7517628670 2.5562472801    1.751  1.096  3.9712  4.422    1  0.000  0.537     0.00     0.00     0.00     0.00     0.00 -1    -1e-30      0.00 7.312e-01 2.612e-01 1.336e-03 3.649e-04 3.314e-03 -1.000 7.550e-03 2.031 2.141 2.154 2.119
0.0075 -0.30462 7.68001 1.7999999523 2.5589429085    1.799  1.144  3.9812  4.426    0  0.000  0.537     0.00     0.00     0.00     0.00     0.00 -1    -1e-30      0.00 7.313e-01 2.612e-01 1.336e-03 3.648e-04 3.314e-03 -1.000 7.518e-03 1.909 2.060 2.065 2.051
0.0075 -0.30462 7.68001 1.8494096994 2.5615370882    1.848  1.192  3.9909  4.429    1  0.000  0.537     0.00     0.00     0.00     0.00     0.00 -1    -1e-30      0.00 7.313e-01 2.612e-01 1.336e-03 3.648e-04 3.314e-03 -1.000 7.515e-03 1.791 1.983 1.981 1.986
0.0075 -0.30462 7.68001 1.8988192081 2.5639766100    1.898  1.238  4.0001  4.431    1  0.000  0.538     0.00     0.00     0.00     0.00     0.00 -1    -1e-30      0.00 7.313e-01 2.612e-01 1.336e-03 3.648e-04 3.314e-03 -1.000 7.551e-03 1.676 1.909 1.902 1.923
0.0075 -0.30462 7.68001 1.9482289553 2.5662743901    1.948  1.282  4.0087  4.432    1  0.000  0.537     0.00     0.00     0.00     0.00     0.00 -1    -1e-30      0.00 7.313e-01 2.612e-01 1.336e-03 3.648e-04 3.314e-03 -1.000 7.534e-03 1.564 1.837 1.826 1.860
0.0075 -0.30462 7.68001 1.9976384640 2.5684419329    1.998  1.325  4.0168  4.433    1  0.000  0.538     0.00     0.00     0.00     0.00     0.00 -1    -1e-30      0.00 7.313e-01 2.612e-01 1.336e-03 3.648e-04 3.313e-03 -1.000 7.498e-03 1.457 1.769 1.753 1.799
0.0075 -0.30462 7.68001 2.0470480919 2.5704895894    2.047  1.367  4.0247  4.433    1  0.000  0.538     0.00     0.00     0.00     0.00     0.00 -1    -1e-30      0.00 7.314e-01 2.612e-01 1.336e-03 3.648e-04 3.313e-03 -1.000 7.482e-03 1.352 1.702 1.683 1.740
0.0075 -0.30462 7.68001 2.0964577198 2.5724266453    2.095  1.408  4.0320  4.432    1  0.000  0.537     0.00     0.00     0.00     0.00     0.00 -1    -1e-30      0.00 7.313e-01 2.611e-01 1.336e-03 3.648e-04 3.313e-03 -1.000 7.551e-03 1.250 1.636 1.614 1.681
0.0075 -0.30462 7.68001 2.1458675861 2.5742614836    2.145  1.447  4.0392  4.431    1  0.000  0.538     0.00     0.00     0.00     0.00     0.00 -1    -1e-30      0.00 7.314e-01 2.611e-01 1.336e-03 3.647e-04 3.313e-03 -1.000 7.533e-03 1.152 1.573 1.548 1.623
0.0075 -0.30462 7.68001 2.1952769756 2.5760016454    2.194  1.486  4.0459  4.429    1  0.000  0.538     0.00     0.00     0.00     0.00     0.00 -1    -1e-30      0.00 7.313e-01 2.611e-01 1.336e-03 3.647e-04 3.313e-03 -1.000 7.551e-03 1.055 1.511 1.483 1.566
0.0075 -0.30462 7.68001 2.2446868420 2.5776540172    2.243  1.524  4.0525  4.427    1  0.000  0.538     0.00     0.00     0.00     0.00     0.00 -1    -1e-30      0.00 7.314e-01 2.611e-01 1.336e-03 3.647e-04 3.312e-03 -1.000 7.547e-03 0.960 1.450 1.419 1.510
0.0075 -0.30462 7.68001 2.2940962315 2.5792247873    2.293  1.561  4.0589  4.425    1  0.000  0.538     0.00     0.00     0.00     0.00     0.00 -1    -1e-30      0.00 7.314e-01 2.611e-01 1.336e-03 3.647e-04 3.312e-03 -1.000 7.513e-03 0.868 1.391 1.357 1.455
0.0075 -0.30462 7.68001 2.3435058594 2.5807196375    2.342  1.597  4.0649  4.423    1  0.000  0.538     0.00     0.00     0.00     0.00     0.00 -1    -1e-30      0.00 7.314e-01 2.610e-01 1.336e-03 3.647e-04 3.313e-03 -1.000 7.551e-03 0.778 1.333 1.297 1.401
0.0075 -0.30462 7.68001 2.3929157257 2.5821437241    2.392  1.632  4.0709  4.420    1  0.000  0.537     0.00     0.00     0.00     0.00     0.00 -1    -1e-30      0.00 7.314e-01 2.611e-01 1.335e-03 3.647e-04 3.312e-03 -1.000 7.493e-03 0.690 1.276 1.238 1.348
0.0075 -0.30462 7.68001 2.5411140919 2.5860357340    2.540  1.733  4.0876  4.412    1  0.000  0.538     0.00     0.00     0.00     0.00     0.00 -1    -1e-30      0.00 7.307e-01 2.618e-01 1.339e-03 3.655e-04 3.320e-03 -1.000 7.533e-03 0.438 1.113 1.069 1.195
0.0075 -0.30462 7.68001 2.5905542374 2.5872207788    2.590  1.765  4.0929  4.409    1  0.000  0.538     0.00     0.00     0.00     0.00     0.00 -1    -1e-30      0.00 7.304e-01 2.620e-01 1.340e-03 3.658e-04 3.323e-03 -1.000 7.551e-03 0.356 1.060 1.014 1.146
0.0075 -0.30462 7.68001 2.7791502476 2.5912994949    2.779  1.884  4.1117  4.397    1  0.000  0.538     0.00     0.00     0.00     0.00     0.00 -1    -1e-30      0.00 7.303e-01 2.621e-01 1.340e-03 3.659e-04 3.324e-03 -1.000 7.551e-03 0.060 0.867 0.815 0.963
0.0075 -0.30462 7.68001 2.7881927490 2.5914791743    2.788  1.890  4.1126  4.396    1  0.000  0.538     0.00     0.00     0.00     0.00     0.00 -1    -1e-30      0.00 7.303e-01 2.621e-01 1.340e-03 3.659e-04 3.324e-03 -1.000 7.551e-03 0.046 0.858 0.806 0.955
0.0075 -0.30462 7.68001 2.9741842747 2.5948980295    2.974  1.999  4.1295  4.383    1  0.000  0.538     0.00     0.00     0.00     0.00     0.00 -1    -1e-30      0.00 7.303e-01 2.621e-01 1.340e-03 3.659e-04 3.324e-03 -1.000 7.551e-03 -0.227 0.680 0.623 0.787
0.0075 -0.30462 7.68001 2.9858312607 2.5950958837    2.986  2.005  4.1305  4.382    1  0.000  0.538     0.00     0.00     0.00     0.00     0.00 -1    -1e-30      0.00 7.303e-01 2.621e-01 1.340e-03 3.659e-04 3.324e-03 -1.000 7.551e-03 -0.244 0.669 0.611 0.777
0.0075 -0.30462 7.68001 3.1834697723 2.5982010991    3.182  2.114  4.1471  4.367    1  0.000  0.538     0.00     0.00     0.00     0.00     0.00 -1    -1e-30      0.00 7.303e-01 2.621e-01 1.340e-03 3.659e-04 3.324e-03 -1.000 7.551e-03 -0.515 0.491 0.428 0.608
0.0075 -0.30462 7.68001 3.1898050308 2.5982933412    3.189  2.117  4.1476  4.367    1  0.000  0.538     0.00     0.00     0.00     0.00     0.00 -1    -1e-30      0.00 7.303e-01 2.621e-01 1.340e-03 3.659e-04 3.324e-03 -1.000 7.551e-03 -0.523 0.486 0.423 0.603
0.0075 -0.30462 7.68001 3.3811082840 2.6008925895    3.379  2.217  4.1625  4.352    1  0.000  0.538     0.00     0.00     0.00     0.00     0.00 -1    -1e-30      0.00 7.303e-01 2.621e-01 1.340e-03 3.659e-04 3.324e-03 -1.000 7.551e-03 -0.772 0.323 0.255 0.448
0.0075 -0.30462 7.68001 3.4735853672 2.6020316856    3.471  2.263  4.1693  4.344    1  0.000  0.538     0.00     0.00     0.00     0.00     0.00 -1    -1e-30      0.00 7.303e-01 2.621e-01 1.340e-03 3.659e-04 3.324e-03 -1.000 7.551e-03 -0.888 0.247 0.177 0.376
0.0075 -0.30462 7.68001 3.5787467957 2.6032451081    3.576  2.315  4.1768  4.336    1  0.000  0.538     0.00     0.00     0.00     0.00     0.00 -1    -1e-30      0.00 7.303e-01 2.621e-01 1.340e-03 3.659e-04 3.324e-03 -1.000 7.551e-03 -1.016 0.162 0.090 0.295
0.0075 -0.30462 7.68001 3.6711988449 2.6042461095    3.668  2.358  4.1832  4.329    1  0.000  0.538     0.00     0.00     0.00     0.00     0.00 -1    -1e-30      0.00 7.303e-01 2.621e-01 1.340e-03 3.659e-04 3.324e-03 -1.000 7.551e-03 -1.126 0.089 0.016 0.226
0.0075 -0.30462 7.68001 3.7763853073 2.6053167230    3.774  2.407  4.1902  4.320    1  0.000  0.538     0.00     0.00     0.00     0.00     0.00 -1    -1e-30      0.00 7.303e-01 2.621e-01 1.340e-03 3.659e-04 3.324e-03 -1.000 7.551e-03 -1.249 0.008 -0.068 0.149
0.0075 -0.30462 7.68001 3.8801014423 2.6063072766    3.879  2.454  4.1968  4.311    1  0.000  0.538     0.00     0.00     0.00     0.00     0.00 -1    -1e-30      0.00 7.303e-01 2.621e-01 1.340e-03 3.659e-04 3.324e-03 -1.000 7.551e-03 -1.366 -0.071 -0.148 0.074
0.0075 -0.30462 7.68001 3.9740238190 2.6071531812    3.974  2.496  4.2026  4.303    1  0.000  0.538     0.00     0.00     0.00     0.00     0.00 -1    -1e-30      0.00 7.303e-01 2.621e-01 1.340e-03 3.659e-04 3.324e-03 -1.000 7.551e-03 -1.471 -0.141 -0.221 0.007
0.0075 -0.30462 7.68001 4.0443854332 2.6077573718    4.043  2.527  4.2068  4.297    1  0.000  0.538     0.00     0.00     0.00     0.00     0.00 -1    -1e-30      0.00 7.303e-01 2.621e-01 1.340e-03 3.659e-04 3.324e-03 -1.000 7.551e-03 -1.548 -0.193 -0.274 -0.043
0.0075 -0.30462 7.68001 4.1716623306 2.6087909786    4.169  2.582  4.2141  4.284    1  0.000  0.538     0.00     0.00     0.00     0.00     0.00 -1    -1e-30      0.00 7.303e-01 2.621e-01 1.340e-03 3.659e-04 3.324e-03 -1.000 7.551e-03 -1.685 -0.288 -0.371 -0.133
0.0075 -0.30462 7.68001 4.3693008423 2.6102595627    4.366  2.665  4.2248  4.264    1  0.000  0.538     0.00     0.00     0.00     0.00     0.00 -1    -1e-30      0.00 7.303e-01 2.621e-01 1.340e-03 3.659e-04 3.324e-03 -1.000 7.551e-03 -1.893 -0.432 -0.518 -0.271
0.0075 -0.30462 7.68001 4.4808597565 2.6110230515    4.477  2.710  4.2305  4.253    1  0.000  0.538     0.00     0.00     0.00     0.00     0.00 -1    -1e-30      0.00 7.303e-01 2.621e-01 1.340e-03 3.659e-04 3.324e-03 -1.000 7.551e-03 -2.006 -0.512 -0.600 -0.348
0.0075 -0.30462 7.68001 4.5669393539 2.6115829379    4.564  2.745  4.2347  4.243    1  0.000  0.538     0.00     0.00     0.00     0.00     0.00 -1    -1e-30      0.00 7.303e-01 2.621e-01 1.340e-03 3.659e-04 3.324e-03 -1.000 7.551e-03 -2.093 -0.575 -0.664 -0.409
0.0075 -0.30462 7.68001 4.7413582802 2.6126460614    4.738  2.814  4.2426  4.222    1  0.000  0.538     0.00     0.00     0.00     0.00     0.00 -1    -1e-30      0.00 7.303e-01 2.621e-01 1.340e-03 3.659e-04 3.324e-03 -1.000 7.551e-03 -2.266 -0.701 -0.792 -0.530
0.0075 -0.30462 7.68001 4.7645783424 2.6127808574    4.762  2.823  4.2437  4.219    1  0.000  0.538     0.00     0.00     0.00     0.00     0.00 -1    -1e-30      0.00 7.303e-01 2.621e-01 1.340e-03 3.659e-04 3.324e-03 -1.000 7.551e-03 -2.288 -0.717 -0.809 -0.546
0.0075 -0.30462 7.68001 4.7858839035 2.6129032171    4.783  2.832  4.2446  4.217    1  0.000  0.538     0.00     0.00     0.00     0.00     0.00 -1    -1e-30      0.00 7.303e-01 2.621e-01 1.340e-03 3.659e-04 3.324e-03 -1.000 7.551e-03 -2.309 -0.733 -0.825 -0.561
0.0075 -0.30462 7.68001 4.9622163773 2.6138697015    4.961  2.900  4.2519  4.193    1  0.000  0.538     0.00     0.00     0.00     0.00     0.00 -1    -1e-30      0.00 7.303e-01 2.621e-01 1.340e-03 3.659e-04 3.324e-03 -1.000 7.551e-03 -2.479 -0.860 -0.954 -0.684
0.0075 -0.30462 7.68001 4.9971923828 2.6140521073    4.996  2.913  4.2533  4.189    1  0.000  0.538     0.00     0.00     0.00     0.00     0.00 -1    -1e-30      0.00 7.303e-01 2.621e-01 1.340e-03 3.659e-04 3.324e-03 -1.000 7.551e-03 -2.512 -0.885 -0.980 -0.709
0.0075 -0.30462 7.68001 5.1598548889 2.6148631840    5.159  2.975  4.2592  4.165    1  0.000  0.538     0.00     0.00     0.00     0.00     0.00 -1    -1e-30      0.00 7.303e-01 2.621e-01 1.340e-03 3.659e-04 3.324e-03 -1.000 7.551e-03 -2.667 -1.006 -1.102 -0.826
0.0075 -0.30462 7.68001 5.2494211197 2.6152851880    5.249  3.008  4.2623  4.151    1  0.000  0.538     0.00     0.00     0.00     0.00     0.00 -1    -1e-30      0.00 7.303e-01 2.621e-01 1.340e-03 3.659e-04 3.324e-03 -1.000 7.551e-03 -2.751 -1.072 -1.170 -0.890
0.0075 -0.30462 7.68001 5.3574934006 2.6157728459    5.357  3.049  4.2656  4.132    1  0.000  0.538     0.00     0.00     0.00     0.00     0.00 -1    -1e-30      0.00 7.303e-01 2.621e-01 1.340e-03 3.659e-04 3.324e-03 -1.000 7.551e-03 -2.853 -1.155 -1.254 -0.972
0.0075 -0.30462 7.68001 5.4020090103 2.6159672021    5.402  3.066  4.2669  4.124    1  0.000  0.538     0.00     0.00     0.00     0.00     0.00 -1    -1e-30      0.00 7.303e-01 2.621e-01 1.340e-03 3.659e-04 3.324e-03 -1.000 7.551e-03 -2.895 -1.189 -1.288 -1.005
0.0075 -0.30462 7.68001 5.5551319122 2.6166084745    5.555  3.123  4.2708  4.095    1  0.000  0.538     0.00     0.00     0.00     0.00     0.00 -1    -1e-30      0.00 7.303e-01 2.621e-01 1.340e-03 3.659e-04 3.324e-03 -1.000 7.551e-03 -3.037 -1.310 -1.410 -1.123
0.0075 -0.30462 7.68001 5.6206479073 2.6168706100    5.621  3.147  4.2724  4.082    1  0.000  0.538     0.00     0.00     0.00     0.00     0.00 -1    -1e-30      0.00 7.303e-01 2.621e-01 1.340e-03 3.659e-04 3.324e-03 -1.000 7.551e-03 -3.098 -1.361 -1.462 -1.174
0.0075 -0.30462 7.68001 5.7530064583 2.6173793022    5.753  3.196  4.2750  4.054    1  0.000  0.538     0.00     0.00     0.00     0.00     0.00 -1    -1e-30      0.00 7.303e-01 2.621e-01 1.340e-03 3.659e-04 3.324e-03 -1.000 7.551e-03 -3.220 -1.470 -1.571 -1.280
0.0075 -0.30462 7.68001 5.7575874329 2.6173964273    5.758  3.198  4.2751  4.053    1  0.000  0.538     0.00     0.00     0.00     0.00     0.00 -1    -1e-30      0.00 7.303e-01 2.621e-01 1.340e-03 3.659e-04 3.324e-03 -1.000 7.551e-03 -3.225 -1.473 -1.575 -1.284
0.0075 -0.30462 7.68001 5.8852977753 2.6178615328    5.885  3.246  4.2766  4.020    1  0.000  0.538     0.00     0.00     0.00     0.00     0.00 -1    -1e-30      0.00 7.303e-01 2.621e-01 1.340e-03 3.659e-04 3.324e-03 -1.000 7.551e-03 -3.345 -1.585 -1.687 -1.395
0.0075 -0.30462 7.68001 5.9508819580 2.6180914801    5.951  3.271  4.2771  4.002    1  0.000  0.538     0.00     0.00     0.00     0.00     0.00 -1    -1e-30      0.00 7.303e-01 2.621e-01 1.340e-03 3.659e-04 3.324e-03 -1.000 7.551e-03 -3.407 -1.645 -1.747 -1.454
0.0075 -0.30462 7.68001 5.9922938347 2.6182336981    5.992  3.286  4.2774  3.991    1  0.000  0.538     0.00     0.00     0.00     0.00     0.00 -1    -1e-30      0.00 7.303e-01 2.621e-01 1.340e-03 3.659e-04 3.324e-03 -1.000 7.551e-03 -3.445 -1.682 -1.784 -1.491
0.0075 -0.30462 7.68001 6.1323938370 2.6186985001    6.132  3.339  4.2775  3.949    1  0.000  0.538     0.00     0.00     0.00     0.00     0.00 -1    -1e-30      0.00 7.303e-01 2.621e-01 1.340e-03 3.659e-04 3.324e-03 -1.000 7.551e-03 -3.577 -1.815 -1.917 -1.624
0.0075 -0.30462 7.68001 6.1487565041 2.6187511993    6.148  3.345  4.2774  3.943    1  0.000  0.538     0.00     0.00     0.00     0.00     0.00 -1    -1e-30      0.00 7.303e-01 2.621e-01 1.340e-03 3.659e-04 3.324e-03 -1.000 7.551e-03 -3.593 -1.831 -1.934 -1.640
0.0075 -0.30462 7.68001 6.2501664162 2.6190707448    6.249  3.384  4.2764  3.908    1  0.000  0.538     0.00     0.00     0.00     0.00     0.00 -1    -1e-30      0.00 7.303e-01 2.621e-01 1.340e-03 3.659e-04 3.324e-03 -1.000 7.551e-03 -3.689 -1.934 -2.036 -1.744
0.0075 -0.30462 7.68001 6.3466310501 2.6193638347    6.345  3.421  4.2744  3.869    1  0.000  0.538     0.00     0.00     0.00     0.00     0.00 -1    -1e-30      0.00 7.303e-01 2.621e-01 1.340e-03 3.659e-04 3.324e-03 -1.000 7.551e-03 -3.783 -2.041 -2.142 -1.851
0.0075 -0.30462 7.68001 6.3900475502 2.6194924316    6.387  3.437  4.2735  3.852    1  0.000  0.538     0.00     0.00     0.00     0.00     0.00 -1    -1e-30      0.00 7.303e-01 2.621e-01 1.340e-03 3.659e-04 3.324e-03 -1.000 7.551e-03 -3.823 -2.087 -2.188 -1.898
0.0075 -0.30462 7.68001 6.5209903717 2.6198683784    6.514  3.487  4.2696  3.796    1  0.000  0.538     0.00     0.00     0.00     0.00     0.00 -1    -1e-30      0.00 7.303e-01 2.621e-01 1.340e-03 3.659e-04 3.324e-03 -1.000 7.551e-03 -3.947 -2.234 -2.335 -2.048
0.0075 -0.30462 7.68001 6.5445065498 2.6199340651    6.538  3.496  4.2686  3.784    1  0.000  0.538     0.00     0.00     0.00     0.00     0.00 -1    -1e-30      0.00 7.303e-01 2.621e-01 1.340e-03 3.659e-04 3.324e-03 -1.000 7.551e-03 -3.969 -2.263 -2.364 -2.077
0.0075 -0.30462 7.68001 6.6121487617 2.6201200152    6.605  3.522  4.2653  3.749    1  0.000  0.538     0.00     0.00     0.00     0.00     0.00 -1    -1e-30      0.00 7.303e-01 2.621e-01 1.340e-03 3.659e-04 3.324e-03 -1.000 7.551e-03 -4.036 -2.350 -2.450 -2.166
0.0075 -0.30462 7.68001 6.7044243813 2.6203667381    6.696  3.560  4.2590  3.692    1  0.000  0.538     0.00     0.00     0.00     0.00     0.00 -1    -1e-30      0.00 7.303e-01 2.621e-01 1.340e-03 3.659e-04 3.324e-03 -1.000 7.551e-03 -4.130 -2.482 -2.580 -2.301
0.0075 -0.30462 7.68001 6.7909774780 2.6205911658    6.782  3.596  4.2520  3.633    1  0.000  0.538     0.00     0.00     0.00     0.00     0.00 -1    -1e-30      0.00 7.303e-01 2.621e-01 1.340e-03 3.659e-04 3.324e-03 -1.000 7.551e-03 -4.220 -2.614 -2.710 -2.437
0.0075 -0.30462 7.68001 6.8640995026 2.6207757040    6.854  3.628  4.2450  3.578    1  0.000  0.538     0.00     0.00     0.00     0.00     0.00 -1    -1e-30      0.00 7.303e-01 2.621e-01 1.340e-03 3.659e-04 3.324e-03 -1.000 7.551e-03 -4.301 -2.736 -2.830 -2.563
0.0075 -0.30462 7.68001 6.9505639076 2.6209881629    6.940  3.670  4.2384  3.515    1  0.000  0.538     0.00     0.00     0.00     0.00     0.00 -1    -1e-30      0.00 7.303e-01 2.621e-01 1.340e-03 3.659e-04 3.324e-03 -1.000 7.551e-03 -4.404 -2.879 -2.971 -2.710
0.0075 -0.30462 7.68001 6.9888958931 2.6210804197    6.978  3.697  4.2497  3.536    1  0.000  0.538     0.00     0.00     0.00     0.00     0.00 -1    -1e-30      0.00 7.303e-01 2.621e-01 1.340e-03 3.659e-04 3.324e-03 -1.000 7.551e-03 -4.473 -2.882 -2.977 -2.706
0.0075 -0.30462 7.68001 6.9966473579 2.6210989346    6.986  3.710  4.2611  3.569    1  0.000  0.538     0.00     0.00     0.00     0.00     0.00 -1    -1e-30      0.00 7.303e-01 2.621e-01 1.340e-03 3.659e-04 3.324e-03 -1.000 7.551e-03 -4.504 -2.847 -2.946 -2.665
0.0075 -0.30462 7.68001 6.9998035431 2.6211064598    6.989  3.722  4.2720  3.600    1  0.000  0.538     0.00     0.00     0.00     0.00     0.00 -1    -1e-30      0.00 7.303e-01 2.621e-01 1.340e-03 3.659e-04 3.324e-03 -1.000 7.551e-03 -4.536 -2.816 -2.917 -2.628
0.0075 -0.30462 7.68001 7.0013842583 2.6211102257    6.990  3.738  4.2827  3.627    1  0.000  0.538     0.00     0.00     0.00     0.00     0.00 -1    -1e-30      0.00 7.303e-01 2.621e-01 1.340e-03 3.659e-04 3.324e-03 -1.000 7.551e-03 -4.576 -2.794 -2.899 -2.600
0.0075 -0.30462 7.68001 7.0022597313 2.6211123106    6.991  3.756  4.2920  3.647    1  0.000  0.538     0.00     0.00     0.00     0.00     0.00 -1    -1e-30      0.00 7.303e-01 2.621e-01 1.340e-03 3.659e-04 3.324e-03 -1.000 7.551e-03 -4.619 -2.784 -2.892 -2.585
0.0075 -0.30462 7.68001 7.0024285316 2.6211127126    6.991  3.757  4.2932  3.650    1  0.000  0.538     0.00     0.00     0.00     0.00     0.00 -1    -1e-30      0.00 7.303e-01 2.621e-01 1.340e-03 3.659e-04 3.324e-03 -1.000 7.551e-03 -4.624 -2.782 -2.889 -2.582
0.0075 -0.30462 7.68001 7.0029325485 2.6211139125    6.992  3.730  4.2826  3.636    2  0.000  0.538     0.00     0.00     0.00     0.00     0.00 -1    -1e-30      0.00 7.303e-01 2.621e-01 1.340e-03 3.659e-04 3.324e-03 -1.000 7.551e-03 -4.554 -2.772 -2.877 -2.578
0.0075 -0.30462 7.68001 7.0031995773 2.6211145482    6.992  3.716  4.2745  3.617    2  0.000  0.538     0.00     0.00     0.00     0.00     0.00 -1    -1e-30      0.00 7.303e-01 2.621e-01 1.340e-03 3.659e-04 3.324e-03 -1.000 7.551e-03 -4.520 -2.785 -2.887 -2.595
0.0075 -0.30462 7.68001 7.0034995079 2.6211152621    6.992  3.709  4.2625  3.576    2  0.000  0.538     0.00     0.00     0.00     0.00     0.00 -1    -1e-30      0.00 7.303e-01 2.621e-01 1.340e-03 3.659e-04 3.324e-03 -1.000 7.551e-03 -4.502 -2.837 -2.936 -2.654
0.0075 -0.30462 7.68001 7.0037884712 2.6211159499    6.993  3.712  4.2506  3.525    2  0.000  0.538     0.00     0.00     0.00     0.00     0.00 -1    -1e-30      0.00 7.303e-01 2.621e-01 1.340e-03 3.659e-04 3.324e-03 -1.000 7.551e-03 -4.510 -2.914 -3.010 -2.738
0.0075 -0.30462 7.68001 7.0040812492 2.6211166466    6.993  3.722  4.2386  3.467    2  0.000  0.538     0.00     0.00     0.00     0.00     0.00 -1    -1e-30      0.00 7.303e-01 2.621e-01 1.340e-03 3.659e-04 3.324e-03 -1.000 7.551e-03 -4.534 -3.009 -3.102 -2.840
0.0075 -0.30462 7.68001 7.0043792725 2.6211173558    6.993  3.733  4.2265  3.408    2  0.000  0.538     0.00     0.00     0.00     0.00     0.00 -1    -1e-30      0.00 7.303e-01 2.621e-01 1.340e-03 3.659e-04 3.324e-03 -1.000 7.551e-03 -4.562 -3.109 -3.198 -2.947
0.0075 -0.30462 7.68001 7.0046772957 2.6211180649    6.993  3.743  4.2144  3.349    2  0.000  0.538     0.00     0.00     0.00     0.00     0.00 -1    -1e-30      0.00 7.303e-01 2.621e-01 1.340e-03 3.659e-04 3.324e-03 -1.000 7.551e-03 -4.587 -3.205 -3.290 -3.050
0.0075 -0.30462 7.68001 7.0049748421 2.6211187728    6.994  3.751  4.2023  3.293    2  0.000  0.538     0.00     0.00     0.00     0.00     0.00 -1    -1e-30      0.00 7.303e-01 2.621e-01 1.340e-03 3.659e-04 3.324e-03 -1.000 7.551e-03 -4.608 -3.297 -3.378 -3.149
0.0075 -0.30462 7.68001 7.0052676201 2.6211194693    6.994  3.757  4.1901  3.238    2  0.000  0.538     0.00     0.00     0.00     0.00     0.00 -1    -1e-30      0.00 7.303e-01 2.621e-01 1.340e-03 3.659e-04 3.324e-03 -1.000 7.551e-03 -4.623 -3.383 -3.462 -3.243
0.0075 -0.30462 7.68001 7.0055541992 2.6211201509    6.994  3.762  4.1779  3.184    2  0.000  0.538     0.00     0.00     0.00     0.00     0.00 -1    -1e-30      0.00 7.303e-01 2.621e-01 1.340e-03 3.659e-04 3.324e-03 -1.000 7.551e-03 -4.635 -3.466 -3.540 -3.333
0.0075 -0.30462 7.68001 7.0058336258 2.6211208155    6.995  3.766  4.1657  3.132    2  0.000  0.538     0.00     0.00     0.00     0.00     0.00 -1    -1e-30      0.00 7.303e-01 2.621e-01 1.340e-03 3.659e-04 3.324e-03 -1.000 7.551e-03 -4.644 -3.545 -3.616 -3.420
0.0075 -0.30462 7.68001 7.0061039925 2.6211214585    6.995  3.768  4.1535  3.081    2  0.000  0.538     0.00     0.00     0.00     0.00     0.00 -1    -1e-30      0.00 7.303e-01 2.621e-01 1.340e-03 3.659e-04 3.324e-03 -1.000 7.551e-03 -4.650 -3.622 -3.689 -3.504
0.0075 -0.30462 7.68001 7.0063638687 2.6211220765    6.995  3.770  4.1413  3.030    2  0.000  0.538     0.00     0.00     0.00     0.00     0.00 -1    -1e-30      0.00 7.303e-01 2.621e-01 1.340e-03 3.659e-04 3.324e-03 -1.000 7.551e-03 -4.654 -3.695 -3.759 -3.585
0.0075 -0.30462 7.68001 7.0066137314 2.6211226707    6.995  3.770  4.1291  2.981    2  0.000  0.538     0.00     0.00     0.00     0.00     0.00 -1    -1e-30      0.00 7.303e-01 2.621e-01 1.340e-03 3.659e-04 3.324e-03 -1.000 7.551e-03 -4.656 -3.767 -3.826 -3.664
0.0075 -0.30462 7.68001 7.0068521500 2.6211232375    6.996  3.771  4.1169  2.932    2  0.000  0.538     0.00     0.00     0.00     0.00     0.00 -1    -1e-30      0.00 7.303e-01 2.621e-01 1.340e-03 3.659e-04 3.324e-03 -1.000 7.551e-03 -4.657 -3.836 -3.891 -3.742
0.0075 -0.30462 7.68001 7.0070800781 2.6211237794    6.996  3.770  4.1047  2.883    2  0.000  0.538     0.00     0.00     0.00     0.00     0.00 -1    -1e-30      0.00 7.303e-01 2.621e-01 1.340e-03 3.659e-04 3.324e-03 -1.000 7.551e-03 -4.656 -3.903 -3.954 -3.817
0.0075 -0.30462 7.68001 7.0072979927 2.6211242975    6.996  3.770  4.0925  2.835    2  0.000  0.538     0.00     0.00     0.00     0.00     0.00 -1    -1e-30      0.00 7.303e-01 2.621e-01 1.340e-03 3.659e-04 3.324e-03 -1.000 7.551e-03 -4.654 -3.968 -4.015 -3.889
0.0075 -0.30462 7.68001 7.0075054169 2.6211247905    6.996  3.769  4.0803  2.787    2  0.000  0.538     0.00     0.00     0.00     0.00     0.00 -1    -1e-30      0.00 7.303e-01 2.621e-01 1.340e-03 3.659e-04 3.324e-03 -1.000 7.551e-03 -4.652 -4.031 -4.074 -3.960
0.0075 -0.30462 7.68001 7.0077018738 2.6211252575    6.996  3.767  4.0681  2.740    2  0.000  0.538     0.00     0.00     0.00     0.00     0.00 -1    -1e-30      0.00 7.303e-01 2.621e-01 1.340e-03 3.659e-04 3.324e-03 -1.000 7.551e-03 -4.648 -4.091 -4.130 -4.028
0.0075 -0.30462 7.68001 7.0078887939 2.6211257018    6.997  3.765  4.0559  2.693    2  0.000  0.538     0.00     0.00     0.00     0.00     0.00 -1    -1e-30      0.00 7.303e-01 2.621e-01 1.340e-03 3.659e-04 3.324e-03 -1.000 7.551e-03 -4.643 -4.149 -4.184 -4.095
0.0075 -0.30462 7.68001 7.0080657005 2.6211261222    6.997  3.763  4.0436  2.647    2  0.000  0.538     0.00     0.00     0.00     0.00     0.00 -1    -1e-30      0.00 7.303e-01 2.621e-01 1.340e-03 3.659e-04 3.324e-03 -1.000 7.551e-03 -4.637 -4.205 -4.236 -4.159
0.0075 -0.30462 7.68001 7.0082335472 2.6211265211    6.997  3.760  4.0314  2.600    2  0.000  0.538     0.00     0.00     0.00     0.00     0.00 -1    -1e-30      0.00 7.303e-01 2.621e-01 1.340e-03 3.659e-04 3.324e-03 -1.000 7.551e-03 -4.631 -4.259 -4.285 -4.221
0.0075 -0.30462 7.68001 7.0083928108 2.6211268996    6.997  3.757  4.0192  2.554    2  0.000  0.538     0.00     0.00     0.00     0.00     0.00 -1    -1e-30      0.00 7.303e-01 2.621e-01 1.340e-03 3.659e-04 3.324e-03 -1.000 7.551e-03 -4.623 -4.311 -4.333 -4.281
0.0075 -0.30462 7.68001 7.0085434914 2.6211272576    6.997  3.754  4.0070  2.509    2  0.000  0.538     0.00     0.00     0.00     0.00     0.00 -1    -1e-30      0.00 7.303e-01 2.621e-01 1.340e-03 3.659e-04 3.324e-03 -1.000 7.551e-03 -4.616 -4.361 -4.378 -4.338
0.0075 -0.30462 7.68001 7.0086860657 2.6211275964    6.997  3.751  3.9948  2.463    2  0.000  0.538     0.00     0.00     0.00     0.00     0.00 -1    -1e-30      0.00 7.303e-01 2.621e-01 1.340e-03 3.659e-04 3.324e-03 -1.000 7.551e-03 -4.608 -4.407 -4.420 -4.394
0.0075 -0.30462 7.68001 7.0088214874 2.6211279182    6.998  3.748  3.9827  2.418    2  0.000  0.538     0.00     0.00     0.00     0.00     0.00 -1    -1e-30      0.00 7.303e-01 2.621e-01 1.340e-03 3.659e-04 3.324e-03 -1.000 7.551e-03 -4.599 -4.452 -4.459 -4.448
0.0075 -0.30462 7.68001 7.0089502335 2.6211282241    6.998  3.744  3.9705  2.373    2  0.000  0.538     0.00     0.00     0.00     0.00     0.00 -1    -1e-30      0.00 7.303e-01 2.621e-01 1.340e-03 3.659e-04 3.324e-03 -1.000 7.551e-03 -4.590 -4.494 -4.496 -4.500
0.0075 -0.30462 7.68001 7.0090718269 2.6211285130    6.998  3.740  3.9583  2.328    2  0.000  0.538     0.00     0.00     0.00     0.00     0.00 -1    -1e-30      0.00 7.303e-01 2.621e-01 1.340e-03 3.659e-04 3.324e-03 -1.000 7.551e-03 -4.580 -4.533 -4.530 -4.550
0.0075 -0.30462 7.68001 7.0091876984 2.6211287882    6.998  3.736  3.9462  2.284    2  0.000  0.538     0.00     0.00     0.00     0.00     0.00 -1    -1e-30      0.00 7.303e-01 2.621e-01 1.340e-03 3.659e-04 3.324e-03 -1.000 7.551e-03 -4.570 -4.569 -4.559 -4.598
0.0075 -0.30462 7.68001 7.0092973709 2.6211290488    6.998  3.732  3.9341  2.239    2  0.000  0.538     0.00     0.00     0.00     0.00     0.00 -1    -1e-30      0.00 7.303e-01 2.621e-01 1.340e-03 3.659e-04 3.324e-03 -1.000 7.551e-03 -4.560 -4.600 -4.583 -4.643
0.0075 -0.30462 7.68001 7.0094027519 2.6211292991    6.998  3.727  3.9218  2.195    2  0.000  0.538     0.00     0.00     0.00     0.00     0.00 -1    -1e-30      0.00 7.303e-01 2.621e-01 1.340e-03 3.659e-04 3.324e-03 -1.000 7.551e-03 -4.549 -4.626 -4.599 -4.686
0.0075 -0.30462 7.68001 7.0095024109 2.6211295359    6.998  3.723  3.9097  2.151    2  0.000  0.538     0.00     0.00     0.00     0.00     0.00 -1    -1e-30      0.00 7.303e-01 2.621e-01 1.340e-03 3.659e-04 3.324e-03 -1.000 7.551e-03 -4.538 -4.644 -4.607 -4.725
0.0075 -0.30462 7.68001 7.0095968246 2.6211297601    6.998  3.718  3.8975  2.106    2  0.000  0.538     0.00     0.00     0.00     0.00     0.00 -1    -1e-30      0.00 7.303e-01 2.621e-01 1.340e-03 3.659e-04 3.324e-03 -1.000 7.551e-03 -4.526 -4.656 -4.606 -4.760
0.0075 -0.30462 7.68001 7.0096864700 2.6211299731    6.998  3.714  3.8853  2.062    2  0.000  0.538     0.00     0.00     0.00     0.00     0.00 -1    -1e-30      0.00 7.303e-01 2.621e-01 1.340e-03 3.659e-04 3.324e-03 -1.000 7.551e-03 -4.514 -4.661 -4.596 -4.793
0.0075 -0.30462 7.68001 7.0097713470 2.6211301747    6.998  3.709  3.8731  2.019    2  0.000  0.538     0.00     0.00     0.00     0.00     0.00 -1    -1e-30      0.00 7.303e-01 2.621e-01 1.340e-03 3.659e-04 3.324e-03 -1.000 7.551e-03 -4.502 -4.661 -4.578 -4.822
0.0075 -0.30462 7.68001 7.0098514557 2.6211303650    6.999  3.704  3.8609  1.975    2  0.000  0.538     0.00     0.00     0.00     0.00     0.00 -1    -1e-30      0.00 7.303e-01 2.621e-01 1.340e-03 3.659e-04 3.324e-03 -1.000 7.551e-03 -4.490 -4.656 -4.555 -4.850
0.0075 -0.30462 7.68001 7.0099277496 2.6211305462    6.999  3.699  3.8486  1.931    2  0.000  0.538     0.00     0.00     0.00     0.00     0.00 -1    -1e-30      0.00 7.303e-01 2.621e-01 1.340e-03 3.659e-04 3.324e-03 -1.000 7.551e-03 -4.477 -4.648 -4.523 -4.878
0.0075 -0.30462 7.68001 7.0099997520 2.6211307172    6.999  3.694  3.8366  1.888    2  0.000  0.538     0.00     0.00     0.00     0.00     0.00 -1    -1e-30      0.00 7.303e-01 2.621e-01 1.340e-03 3.659e-04 3.324e-03 -1.000 7.551e-03 -4.464 -4.636 -4.489 -4.902
0.0075 -0.30462 7.68001 7.0100688934 2.6211308814    6.999  3.688  3.8243  1.844    2  0.000  0.538     0.00     0.00     0.00     0.00     0.00 -1    -1e-30      0.00 7.303e-01 2.621e-01 1.340e-03 3.659e-04 3.324e-03 -1.000 7.551e-03 -4.451 -4.622 -4.450 -4.923
0.0075 -0.30462 7.68001 7.0101332664 2.6211310343    6.999  3.683  3.8123  1.801    2  0.000  0.538     0.00     0.00     0.00     0.00     0.00 -1    -1e-30      0.00 7.303e-01 2.621e-01 1.340e-03 3.659e-04 3.324e-03 -1.000 7.551e-03 -4.437 -4.604 -4.409 -4.940
0.0075 -0.30462 7.68001 7.0101952553 2.6211311815    6.999  3.677  3.8002  1.759    2  0.000  0.538     0.00     0.00     0.00     0.00     0.00 -1    -1e-30      0.00 7.303e-01 2.621e-01 1.340e-03 3.659e-04 3.324e-03 -1.000 7.551e-03 -4.422 -4.584 -4.363 -4.955
0.0075 -0.30462 7.68001 7.0102539062 2.6211313208    6.999  3.671  3.7881  1.717    2  0.000  0.538     0.00     0.00     0.00     0.00     0.00 -1    -1e-30      0.00 7.303e-01 2.621e-01 1.340e-03 3.659e-04 3.324e-03 -1.000 7.551e-03 -4.407 -4.561 -4.313 -4.966
0.0075 -0.30462 7.68001 7.0103096962 2.6211314533    6.999  3.665  3.7760  1.674    2  0.000  0.538     0.00     0.00     0.00     0.00     0.00 -1    -1e-30      0.00 7.303e-01 2.621e-01 1.340e-03 3.659e-04 3.324e-03 -1.000 7.551e-03 -4.392 -4.536 -4.259 -4.976
0.0075 -0.30462 7.68001 7.0103631020 2.6211315801    6.999  3.658  3.7640  1.633    2  0.000  0.538     0.00     0.00     0.00     0.00     0.00 -1    -1e-30      0.00 7.303e-01 2.621e-01 1.340e-03 3.659e-04 3.324e-03 -1.000 7.551e-03 -4.376 -4.508 -4.200 -4.982
0.0075 -0.30462 7.68001 7.0104136467 2.6211317002    6.999  3.651  3.7520  1.592    2  0.000  0.538     0.00     0.00     0.00     0.00     0.00 -1    -1e-30      0.00 7.303e-01 2.621e-01 1.340e-03 3.659e-04 3.324e-03 -1.000 7.551e-03 -4.359 -4.476 -4.140 -4.982
0.0075 -0.30462 7.68001 7.0104627609 2.6211318168    6.999  3.644  3.7401  1.551    2  0.000  0.538     0.00     0.00     0.00     0.00     0.00 -1    -1e-30      0.00 7.303e-01 2.621e-01 1.340e-03 3.659e-04 3.324e-03 -1.000 7.551e-03 -4.341 -4.441 -4.074 -4.978
0.0075 -0.30462 7.68001 7.0105094910 2.6211319278    6.999  3.637  3.7287  1.513    2  0.000  0.538     0.00     0.00     0.00     0.00     0.00 -1    -1e-30      0.00 7.303e-01 2.621e-01 1.340e-03 3.659e-04 3.324e-03 -1.000 7.551e-03 -4.322 -4.402 -4.006 -4.968
0.0075 -0.30462 7.68001 7.0105562210 2.6211320387    6.999  3.628  3.7177  1.478    2  0.000  0.538     0.00     0.00     0.00     0.00     0.00 -1    -1e-30      0.00 7.303e-01 2.621e-01 1.340e-03 3.659e-04 3.324e-03 -1.000 7.551e-03 -4.301 -4.359 -3.937 -4.951
0.0075 -0.30462 7.68001 7.0106053352 2.6211321554    6.999  3.618  3.7071  1.445    2  0.000  0.538     0.00     0.00     0.00     0.00     0.00 -1    -1e-30      0.00 7.303e-01 2.621e-01 1.340e-03 3.659e-04 3.324e-03 -1.000 7.551e-03 -4.276 -4.310 -3.860 -4.927
0.0075 -0.30462 7.68001 7.0106616020 2.6211322890    6.999  3.606  3.6968  1.417    2  0.000  0.538     0.00     0.00     0.00     0.00     0.00 -1    -1e-30      0.00 7.303e-01 2.621e-01 1.340e-03 3.659e-04 3.324e-03 -1.000 7.551e-03 -4.244 -4.252 -3.775 -4.893
0.0075 -0.30462 7.68001 7.0107293129 2.6211324498    6.999  3.590  3.6871  1.394    2  0.000  0.538     0.00     0.00     0.00     0.00     0.00 -1    -1e-30      0.00 7.303e-01 2.621e-01 1.340e-03 3.659e-04 3.324e-03 -1.000 7.551e-03 -4.204 -4.184 -3.682 -4.847
0.0075 -0.30462 7.68001 7.0108342171 2.6211326988    7.000  3.566  3.6773  1.379    2  0.000  0.538     0.00     0.00     0.00     0.00     0.00 -1    -1e-30      0.00 7.303e-01 2.621e-01 1.340e-03 3.659e-04 3.324e-03 -1.000 7.551e-03 -4.144 -4.097 -3.570 -4.780
0.0075 -0.30462 7.68001 7.0109424591 2.6211329559    7.000  3.545  3.6688  1.366    2  0.000  0.538     0.00     0.00     0.00     0.00     0.00 -1    -1e-30      0.00 7.303e-01 2.621e-01 1.340e-03 3.659e-04 3.324e-03 -1.000 7.551e-03 -4.092 -4.017 -3.469 -4.717
0.0075 -0.30462 7.68001 7.0110640526 2.6211332446    7.000  3.531  3.6600  1.344    2  0.000  0.538     0.00     0.00     0.00     0.00     0.00 -1    -1e-30      0.00 7.303e-01 2.621e-01 1.340e-03 3.659e-04 3.324e-03 -1.000 7.551e-03 -4.058 -3.951 -3.381 -4.669
0.0075 -0.30462 7.68001 7.0111451149 2.6211334370    7.000  3.550  3.6536  1.300    3  0.000  0.537    16.37    13.38     9.58     6.93     5.71  4    -1e-30      0.00 7.303e-01 2.621e-01 1.340e-03 3.660e-04 3.324e-03 -1.000 7.551e-03 -4.104 -3.969 -3.380 -4.701
0.0075 -0.30462 7.68001 7.0112366676 2.6211336544    7.000  3.583  3.6460  1.236    3  0.000  0.535    18.87    15.02    10.70     7.75     6.39  4    -1e-30      0.00 7.303e-01 2.621e-01 1.334e-03 3.677e-04 3.324e-03 -1.000 7.552e-03 -4.189 -4.018 -3.404 -4.769
0.0075 -0.30462 7.68001 7.0113039017 2.6211338140    7.000  3.623  3.6401  1.173    3  0.000  0.525    21.72    16.83    11.93     8.66     7.14  4    -1e-30      0.00 7.303e-01 2.621e-01 1.308e-03 3.844e-04 3.324e-03 -1.000 7.570e-03 -4.287 -4.088 -3.453 -4.853
0.0075 -0.30462 7.68001 7.0113611221 2.6211339498    7.000  3.662  3.6351  1.113    3  0.000  0.499    24.77    18.74    13.22     9.61     7.92  4    -1e-30      0.00 7.303e-01 2.621e-01 1.243e-03 4.440e-04 3.324e-03 -1.000 7.598e-03 -4.386 -4.160 -3.507 -4.939
0.0075 -0.30462 7.68001 7.0114026070 2.6211340483    7.000  3.692  3.6317  1.070    3  0.000  0.472    27.27    20.26    14.24    10.36     8.55  4    -1e-30      0.00 7.302e-01 2.622e-01 1.175e-03 5.199e-04 3.324e-03 -1.000 7.551e-03 -4.459 -4.215 -3.549 -5.003
0.0075 -0.30462 7.68001 7.0114150047 2.6211340778    7.000  3.700  3.6307  1.058    3  0.000  0.463    28.02    20.71    14.55    10.59     8.73  4    -1e-30      0.00 7.302e-01 2.622e-01 1.154e-03 5.454e-04 3.324e-03 -1.000 7.551e-03 -4.480 -4.230 -3.561 -5.021
0.0075 -0.30462 7.68001 7.0114679337 2.6211342034    7.000  3.732  3.6273  1.012    3  0.000  0.440    31.00    22.48    15.73    11.46     9.46  4    -1e-30      0.00 7.302e-01 2.622e-01 1.093e-03 6.213e-04 3.324e-03 -1.000 7.551e-03 -4.559 -4.290 -3.608 -5.090
0.0075 -0.30462 7.68001 7.0114831924 2.6211342396    7.000  3.740  3.6263  1.000    3  0.000  0.434    31.85    22.98    16.07    11.71     9.66  4    -1e-30      0.00 7.302e-01 2.622e-01 1.079e-03 6.380e-04 3.324e-03 -1.000 7.551e-03 -4.580 -4.306 -3.619 -5.108
0.0075 -0.30462 7.68001 7.0115699768 2.6211344456    7.000  3.775  3.6228  0.952    3  0.000  0.415    35.48    25.09    17.47    12.75    10.52  4    -1e-30      0.00 7.302e-01 2.622e-01 1.032e-03 6.964e-04 3.323e-03 -1.000 7.613e-03 -4.666 -4.371 -3.670 -5.184
0.0075 -0.30462 7.68001 7.0117864609 2.6211349595    7.000  3.819  3.6183  0.889    3  0.000  0.395    40.82    28.12    19.48    14.24    11.76  4    -1e-30      0.00 7.301e-01 2.623e-01 9.835e-04 7.595e-04 3.319e-03 -1.000 7.641e-03 -4.779 -4.456 -3.734 -5.282
0.0075 -0.30462 7.68001 7.0123515129 2.6211363007    7.001  3.866  3.6135  0.823    3  0.000  0.381    47.20    31.65    21.81    15.97    13.19  4    -1e-30      0.00 7.292e-01 2.632e-01 9.356e-04 8.592e-04 3.273e-03 -1.000 7.625e-03 -4.895 -4.542 -3.798 -5.382
0.0075 -0.30462 7.68001 7.0130333900 2.6211379187    7.002  3.906  3.6096  0.767    3  0.000  0.379    53.50    35.05    24.04    17.63    14.56  4    -1e-30      0.00 7.251e-01 2.672e-01 8.992e-04 9.998e-04 3.163e-03 -1.000 7.639e-03 -4.996 -4.618 -3.856 -5.469
0.0075 -0.30462 7.68001 7.0137152672 2.6211395365    7.002  3.938  3.6067  0.724    3  0.000  0.378    58.80    37.85    25.87    19.00    15.70  4    -1e-30      0.00 7.208e-01 2.716e-01 8.751e-04 1.101e-03 3.081e-03 -1.000 7.632e-03 -5.074 -4.675 -3.898 -5.536
0.0075 -0.30462 7.68001 7.0151524544 2.6211429449    7.004  3.979  3.6030  0.668    3  0.000  0.378    66.68    41.92    28.53    20.98    17.33  4    -1e-30      0.00 7.138e-01 2.786e-01 8.476e-04 1.219e-03 2.986e-03 -1.000 7.603e-03 -5.178 -4.754 -3.958 -5.627
0.0075 -0.30462 7.68001 7.0164618492 2.6211460489    7.005  3.993  3.6018  0.649    3  0.000  0.378    69.52    43.37    29.47    21.68    17.92  4    -1e-30      0.00 7.116e-01 2.807e-01 8.408e-04 1.249e-03 2.962e-03 -1.000 7.647e-03 -5.213 -4.781 -3.979 -5.657
0.0075 -0.30462 7.68001 7.0357599258 2.6211916422    7.024  3.964  3.6053  0.694    4  0.000  0.378     0.00     0.00     0.00     0.00     0.00 -1    -1e-30      0.00 7.116e-01 2.807e-01 8.408e-04 1.249e-03 2.962e-03 -1.000 7.648e-03 -5.140 -4.731 -3.947 -5.597
0.0075 -0.30462 7.68001 7.0546417236 2.6212359744    7.043  3.930  3.6091  0.744    4  0.000  0.378     0.00     0.00     0.00     0.00     0.00 -1    -1e-30      0.00 7.116e-01 2.807e-01 8.409e-04 1.248e-03 2.962e-03 -1.000 7.648e-03 -5.056 -4.674 -3.909 -5.528
0.0075 -0.30462 7.68001 7.0709705353 2.6212740930    7.059  3.898  3.6127  0.792    4  0.000  0.378     0.00     0.00     0.00     0.00     0.00 -1    -1e-30      0.00 7.116e-01 2.807e-01 8.410e-04 1.248e-03 2.962e-03 -1.000 7.649e-03 -4.974 -4.616 -3.867 -5.459
0.0075 -0.30462 7.68001 7.0872430801 2.6213118794    7.075  3.864  3.6166  0.842    4  0.000  0.378     0.00     0.00     0.00     0.00     0.00 -1    -1e-30      0.00 7.116e-01 2.807e-01 8.411e-04 1.248e-03 2.962e-03 -1.000 7.650e-03 -4.891 -4.557 -3.827 -5.389
0.0075 -0.30462 7.68001 7.1052684784 2.6213535038    7.093  3.832  3.6210  0.893    4  0.000  0.378     0.00     0.00     0.00     0.00     0.00 -1    -1e-30      0.00 7.117e-01 2.807e-01 8.411e-04 1.248e-03 2.962e-03 -1.000 7.650e-03 -4.809 -4.503 -3.792 -5.321
0.0075 -0.30462 7.68001 7.1303734779 2.6214110735    7.118  3.802  3.6266  0.947    4  0.000  0.378     0.00     0.00     0.00     0.00     0.00 -1    -1e-30      0.00 7.117e-01 2.807e-01 8.412e-04 1.248e-03 2.962e-03 -1.000 7.651e-03 -4.734 -4.461 -3.773 -5.264
0.0075 -0.30462 7.68001 7.1381311417 2.6214287688    7.126  3.799  3.6284  0.957    4  0.000  0.378     0.00     0.00     0.00     0.00     0.00 -1    -1e-30      0.00 7.117e-01 2.807e-01 8.413e-04 1.248e-03 2.963e-03 -1.000 7.651e-03 -4.727 -4.465 -3.783 -5.263
0.0075 -0.30462 7.68001 7.1522951126 2.6214609632    7.141  3.794  3.6315  0.976    4  0.000  0.378     0.00     0.00     0.00     0.00     0.00 -1    -1e-30      0.00 7.117e-01 2.807e-01 8.413e-04 1.248e-03 2.963e-03 -1.000 7.651e-03 -4.716 -4.470 -3.801 -5.261
0.0075 -0.30462 7.68001 7.1646523476 2.6214889314    7.153  3.803  3.6357  0.985    5  0.000  0.378     0.00     0.00     0.00     0.00     0.00 -1    -1e-30      0.00 7.117e-01 2.806e-01 8.413e-04 1.248e-03 2.963e-03 -1.000 7.651e-03 -4.736 -4.513 -3.858 -5.294
0.0075 -0.30462 7.68001 7.1750383377 2.6215123524    7.163  3.835  3.6454  0.992    5  0.000  0.378     0.00     0.00     0.00     0.00     0.00 -1    -1e-30      0.00 7.117e-01 2.806e-01 8.414e-04 1.248e-03 2.963e-03 -1.000 7.650e-03 -4.818 -4.645 -4.021 -5.403
0.0075 -0.30462 7.68001 7.1774582863 2.6215177983    7.166  3.857  3.6525  0.999    5  0.000  0.378     0.00     0.00     0.00     0.00     0.00 -1    -1e-30      0.00 7.117e-01 2.806e-01 8.414e-04 1.248e-03 2.963e-03 -1.000 7.650e-03 -4.871 -4.732 -4.130 -5.474
0.0075 -0.30462 7.68001 7.1785979271 2.6215203616    7.167  3.869  3.6587  1.011    5  0.000  0.378     0.00     0.00     0.00     0.00     0.00 -1    -1e-30      0.00 7.117e-01 2.806e-01 8.414e-04 1.248e-03 2.963e-03 -1.000 7.650e-03 -4.903 -4.792 -4.208 -5.519
0.0075 -0.30462 7.68001 7.1789040565 2.6215210499    7.167  3.874  3.6626  1.022    5  0.000  0.378     0.00     0.00     0.00     0.00     0.00 -1    -1e-30      0.00 7.117e-01 2.806e-01 8.414e-04 1.248e-03 2.963e-03 -1.000 7.650e-03 -4.914 -4.818 -4.245 -5.538
0.0075 -0.30462 7.68001 7.1791501045 2.6215216032    7.168  3.877  3.6662  1.033    5  0.000  0.378     0.00     0.00     0.00     0.00     0.00 -1    -1e-30      0.00 7.117e-01 2.806e-01 8.414e-04 1.248e-03 2.963e-03 -1.000 7.650e-03 -4.922 -4.841 -4.277 -5.552
0.0075 -0.30462 7.68001 7.1793851852 2.6215221317    7.168  3.880  3.6701  1.046    5  0.000  0.378     0.00     0.00     0.00     0.00     0.00 -1    -1e-30      0.00 7.117e-01 2.806e-01 8.414e-04 1.248e-03 2.963e-03 -1.000 7.650e-03 -4.930 -4.863 -4.309 -5.567
0.0075 -0.30462 7.68001 7.1795516014 2.6215225058    7.168  3.882  3.6730  1.055    5  0.000  0.378     0.00     0.00     0.00     0.00     0.00 -1    -1e-30      0.00 7.117e-01 2.806e-01 8.414e-04 1.248e-03 2.963e-03 -1.000 7.650e-03 -4.935 -4.878 -4.331 -5.576
0.0075 -0.30462 7.68001 7.1797599792 2.6215229742    7.168  3.885  3.6765  1.067    5  0.000  0.378     0.00     0.00     0.00     0.00     0.00 -1    -1e-30      0.00 7.117e-01 2.806e-01 8.414e-04 1.248e-03 2.963e-03 -1.000 7.650e-03 -4.942 -4.896 -4.358 -5.587
0.0075 -0.30462 7.68001 7.1799364090 2.6215233708    7.168  3.887  3.6795  1.076    5  0.000  0.378     0.00     0.00     0.00     0.00     0.00 -1    -1e-30      0.00 7.117e-01 2.806e-01 8.414e-04 1.248e-03 2.963e-03 -1.000 7.650e-03 -4.947 -4.911 -4.380 -5.595
0.0075 -0.30462 7.68001 7.1801276207 2.6215238006    7.169  3.889  3.6834  1.090    5  0.000  0.378     0.00     0.00     0.00     0.00     0.00 -1    -1e-30      0.00 7.117e-01 2.806e-01 8.414e-04 1.248e-03 2.963e-03 -1.000 7.650e-03 -4.953 -4.928 -4.408 -5.604
0.0075 -0.30462 7.68001 7.1803398132 2.6215242775    7.169  3.892  3.6881  1.106    5  0.000  0.378     0.00     0.00     0.00     0.00     0.00 -1    -1e-30      0.00 7.117e-01 2.806e-01 8.414e-04 1.248e-03 2.963e-03 -1.000 7.650e-03 -4.960 -4.948 -4.440 -5.614
0.0075 -0.30462 7.68001 7.1805787086 2.6215248144    7.169  3.895  3.6931  1.123    5  0.000  0.378     0.00     0.00     0.00     0.00     0.00 -1    -1e-30      0.00 7.117e-01 2.806e-01 8.414e-04 1.248e-03 2.963e-03 -1.000 7.650e-03 -4.967 -4.969 -4.475 -5.624
0.0075 -0.30462 7.68001 7.1809306145 2.6215256052    7.169  3.898  3.7012  1.152    5  0.000  0.378     0.00     0.00     0.00     0.00     0.00 -1    -1e-30      0.00 7.117e-01 2.806e-01 8.414e-04 1.248e-03 2.963e-03 -1.000 7.650e-03 -4.976 -5.000 -4.528 -5.637
0.0075 -0.30462 7.68001 7.1812748909 2.6215263788    7.170  3.901  3.7108  1.188    5  0.000  0.378     0.00     0.00     0.00     0.00     0.00 -1    -1e-30      0.00 7.117e-01 2.806e-01 8.414e-04 1.248e-03 2.963e-03 -1.000 7.650e-03 -4.983 -5.031 -4.585 -5.644
0.0075 -0.30462 7.68001 7.1817073822 2.6215273504    7.170  3.904  3.7235  1.235    5  0.000  0.378     0.00     0.00     0.00     0.00     0.00 -1    -1e-30      0.00 7.117e-01 2.806e-01 8.414e-04 1.248e-03 2.963e-03 -1.000 7.650e-03 -4.990 -5.066 -4.653 -5.647
0.0075 -0.30462 7.68001 7.1822834015 2.6215286443    7.171  3.907  3.7400  1.298    5  0.000  0.378     0.00     0.00     0.00     0.00     0.00 -1    -1e-30      0.00 7.117e-01 2.806e-01 8.414e-04 1.247e-03 2.963e-03 -1.000 7.650e-03 -4.998 -5.104 -4.733 -5.644
0.0075 -0.30462 7.68001 7.1831016541 2.6215304820    7.171  3.910  3.7592  1.372    5  0.000  0.378     0.00     0.00     0.00     0.00     0.00 -1    -1e-30      0.00 7.117e-01 2.806e-01 8.414e-04 1.247e-03 2.963e-03 -1.000 7.650e-03 -5.005 -5.137 -4.817 -5.625
0.0075 -0.30462 7.68001 7.1847276688 2.6215341322    7.173  3.914  3.7843  1.469    5  0.000  0.378     0.00     0.00     0.00     0.00     0.00 -1    -1e-30      0.00 7.117e-01 2.806e-01 8.414e-04 1.247e-03 2.963e-03 -1.000 7.650e-03 -5.015 -5.173 -4.917 -5.586
0.0075 -0.30462 7.68001 7.1866369247 2.6215384159    7.175  3.918  3.8027  1.539    5  0.000  0.378     0.00     0.00     0.00     0.00     0.00 -1    -1e-30      0.00 7.117e-01 2.806e-01 8.414e-04 1.247e-03 2.963e-03 -1.000 7.650e-03 -5.025 -5.194 -4.981 -5.554
0.0075 -0.30462 7.68001 7.1888952255 2.6215434793    7.177  3.922  3.8190  1.600    5  0.000  0.378     0.00     0.00     0.00     0.00     0.00 -1    -1e-30      0.00 7.117e-01 2.806e-01 8.414e-04 1.247e-03 2.963e-03 -1.000 7.650e-03 -5.036 -5.211 -5.032 -5.523
0.0075 -0.30462 7.68001 7.1911253929 2.6215484761    7.180  3.926  3.8319  1.648    5  0.000  0.378     0.00     0.00     0.00     0.00     0.00 -1    -1e-30      0.00 7.117e-01 2.806e-01 8.414e-04 1.247e-03 2.963e-03 -1.000 7.650e-03 -5.046 -5.223 -5.071 -5.496
0.0075 -0.30462 7.68001 7.1945381165 2.6215561155    7.183  3.932  3.8494  1.712    5  0.000  0.378     0.00     0.00     0.00     0.00     0.00 -1    -1e-30      0.00 7.117e-01 2.806e-01 8.414e-04 1.247e-03 2.963e-03 -1.000 7.650e-03 -5.060 -5.234 -5.116 -5.456
0.0075 -0.30462 7.68001 7.1972069740 2.6215620840    7.186  3.936  3.8615  1.757    5  0.000  0.378     0.00     0.00     0.00     0.00     0.00 -1    -1e-30      0.00 7.117e-01 2.806e-01 8.414e-04 1.247e-03 2.963e-03 -1.000 7.650e-03 -5.070 -5.240 -5.143 -5.427
0.0075 -0.30462 7.68001 7.2009959221 2.6215705487    7.190  3.941  3.8771  1.814    5  0.000  0.378     0.00     0.00     0.00     0.00     0.00 -1    -1e-30      0.00 7.117e-01 2.806e-01 8.414e-04 1.247e-03 2.963e-03 -1.000 7.650e-03 -5.083 -5.242 -5.168 -5.388
0.0075 -0.30462 7.68001 7.2056703568 2.6215809774    7.194  3.947  3.8941  1.876    5  0.000  0.378     0.00     0.00     0.00     0.00     0.00 -1    -1e-30      0.00 7.117e-01 2.806e-01 8.414e-04 1.247e-03 2.963e-03 -1.000 7.650e-03 -5.099 -5.237 -5.185 -5.344
0.0075 -0.30462 7.68001 7.2104988098 2.6215917334    7.199  3.953  3.9095  1.932    5  0.000  0.378     0.00     0.00     0.00     0.00     0.00 -1    -1e-30      0.00 7.117e-01 2.806e-01 8.414e-04 1.247e-03 2.963e-03 -1.000 7.650e-03 -5.113 -5.222 -5.186 -5.300
0.0075 -0.30462 7.68001 7.2155380249 2.6216029413    7.204  3.959  3.9236  1.983    5  0.000  0.378     0.00     0.00     0.00     0.00     0.00 -1    -1e-30      0.00 7.117e-01 2.806e-01 8.414e-04 1.247e-03 2.963e-03 -1.000 7.650e-03 -5.127 -5.200 -5.176 -5.256
0.0075 -0.30462 7.68001 7.2211427689 2.6216153859    7.210  3.965  3.9368  2.030    5  0.000  0.378     0.00     0.00     0.00     0.00     0.00 -1    -1e-30      0.00 7.118e-01 2.806e-01 8.415e-04 1.247e-03 2.963e-03 -1.000 7.649e-03 -5.142 -5.173 -5.158 -5.213
0.0075 -0.30462 7.68001 7.2286901474 2.6216321087    7.217  3.972  3.9508  2.080    5  0.000  0.378     0.00     0.00     0.00     0.00     0.00 -1    -1e-30      0.00 7.118e-01 2.806e-01 8.415e-04 1.247e-03 2.963e-03 -1.000 7.649e-03 -5.159 -5.139 -5.131 -5.166
0.0075 -0.30462 7.68001 7.2516827583 2.6216828072    7.240  3.988  3.9694  2.139    5  0.000  0.378     0.00     0.00     0.00     0.00     0.00 -1    -1e-30      0.00 7.118e-01 2.806e-01 8.415e-04 1.247e-03 2.963e-03 -1.000 7.649e-03 -5.199 -5.106 -5.106 -5.117
0.0075 -0.30462 7.68001 7.2528662682 2.6216854069    7.242  3.992  3.9752  2.158    5  0.000  0.378     0.00     0.00     0.00     0.00     0.00 -1    -1e-30      0.00 7.118e-01 2.806e-01 8.415e-04 1.247e-03 2.963e-03 -1.000 7.649e-03 -5.211 -5.092 -5.095 -5.100
0.0075 -0.30462 7.68001 7.2532887459 2.6216863346    7.242  3.993  3.9779  2.169    5  0.000  0.378     0.00     0.00     0.00     0.00     0.00 -1    -1e-30      0.00 7.118e-01 2.806e-01 8.415e-04 1.247e-03 2.963e-03 -1.000 7.649e-03 -5.212 -5.082 -5.085 -5.087
0.0075 -0.30462 7.68001 7.2548170090 2.6216896896    7.244  3.990  3.9777  2.171    5  0.000  0.378     0.00     0.00     0.00     0.00     0.00 -1    -1e-30      0.00 7.118e-01 2.806e-01 8.415e-04 1.247e-03 2.963e-03 -1.000 7.649e-03 -5.204 -5.075 -5.078 -5.081
0.0075 -0.30462 7.68001 7.2613453865 2.6217040031    7.250  3.992  3.9715  2.144    6  0.000  0.378     0.00     0.00     0.00     0.00     0.00 -1    -1e-30      0.00 7.118e-01 2.806e-01 8.416e-04 1.247e-03 2.963e-03 -1.000 7.648e-03 -5.211 -5.108 -5.109 -5.119
0.0075 -0.30462 7.68001 7.2671647072 2.6217167370    7.256  3.994  3.9635  2.111    6  0.000  0.378     0.00     0.00     0.00     0.00     0.00 -1    -1e-30      0.00 7.118e-01 2.806e-01 8.416e-04 1.247e-03 2.963e-03 -1.000 7.648e-03 -5.215 -5.145 -5.142 -5.161
0.0075 -0.30462 7.68001 7.2723436356 2.6217280499    7.261  3.994  3.9514  2.062    6  0.000  0.378     0.00     0.00     0.00     0.00     0.00 -1    -1e-30      0.00 7.118e-01 2.806e-01 8.416e-04 1.247e-03 2.963e-03 -1.000 7.648e-03 -5.216 -5.194 -5.186 -5.220
0.0075 -0.30462 7.68001 7.2754464149 2.6217348188    7.264  3.994  3.9412  2.022    6  0.000  0.378     0.00     0.00     0.00     0.00     0.00 -1    -1e-30      0.00 7.118e-01 2.806e-01 8.416e-04 1.247e-03 2.963e-03 -1.000 7.648e-03 -5.216 -5.231 -5.219 -5.266
0.0075 -0.30462 7.68001 7.2782278061 2.6217408809    7.267  3.994  3.9303  1.979    6  0.000  0.378     0.00     0.00     0.00     0.00     0.00 -1    -1e-30      0.00 7.118e-01 2.806e-01 8.416e-04 1.247e-03 2.963e-03 -1.000 7.648e-03 -5.214 -5.267 -5.248 -5.314
0.0075 -0.30462 7.68001 7.2807183266 2.6217463045    7.270  3.993  3.9185  1.933    6  0.000  0.378     0.00     0.00     0.00     0.00     0.00 -1    -1e-30      0.00 7.118e-01 2.806e-01 8.416e-04 1.247e-03 2.963e-03 -1.000 7.648e-03 -5.212 -5.298 -5.270 -5.362
0.0075 -0.30462 7.68001 7.2828664780 2.6217509792    7.272  3.991  3.9066  1.887    6  0.000  0.378     0.00     0.00     0.00     0.00     0.00 -1    -1e-30      0.00 7.118e-01 2.805e-01 8.416e-04 1.247e-03 2.963e-03 -1.000 7.648e-03 -5.209 -5.323 -5.285 -5.407
0.0075 -0.30462 7.68001 7.2847013474 2.6217549695    7.274  3.990  3.8948  1.841    6  0.000  0.378     0.00     0.00     0.00     0.00     0.00 -1    -1e-30      0.00 7.118e-01 2.805e-01 8.416e-04 1.247e-03 2.963e-03 -1.000 7.648e-03 -5.205 -5.342 -5.292 -5.448
0.0075 -0.30462 7.68001 7.2862801552 2.6217584012    7.275  3.988  3.8828  1.795    6  0.000  0.378     0.00     0.00     0.00     0.00     0.00 -1    -1e-30      0.00 7.118e-01 2.805e-01 8.416e-04 1.247e-03 2.963e-03 -1.000 7.648e-03 -5.201 -5.354 -5.289 -5.487
0.0075 -0.30462 7.68001 7.2876420021 2.6217613599    7.277  3.987  3.8709  1.749    6  0.000  0.378     0.00     0.00     0.00     0.00     0.00 -1    -1e-30      0.00 7.118e-01 2.805e-01 8.416e-04 1.247e-03 2.963e-03 -1.000 7.648e-03 -5.197 -5.361 -5.280 -5.523
0.0075 -0.30462 7.68001 7.2888212204 2.6217639208    7.278  3.985  3.8589  1.703    6  0.000  0.378     0.00     0.00     0.00     0.00     0.00 -1    -1e-30      0.00 7.118e-01 2.805e-01 8.416e-04 1.247e-03 2.963e-03 -1.000 7.648e-03 -5.192 -5.364 -5.264 -5.557
0.0075 -0.30462 7.68001 7.2898430824 2.6217661392    7.279  3.983  3.8469  1.657    6  0.000  0.378     0.00     0.00     0.00     0.00     0.00 -1    -1e-30      0.00 7.118e-01 2.805e-01 8.416e-04 1.247e-03 2.963e-03 -1.000 7.648e-03 -5.186 -5.363 -5.241 -5.590
0.0075 -0.30462 7.68001 7.2907314301 2.6217680672    7.280  3.980  3.8348  1.611    6  0.000  0.378     0.00     0.00     0.00     0.00     0.00 -1    -1e-30      0.00 7.118e-01 2.805e-01 8.416e-04 1.247e-03 2.963e-03 -1.000 7.648e-03 -5.181 -5.359 -5.213 -5.622
0.0075 -0.30462 7.68001 7.2915053368 2.6217697463    7.280  3.978  3.8228  1.566    6  0.000  0.378     0.00     0.00     0.00     0.00     0.00 -1    -1e-30      0.00 7.118e-01 2.805e-01 8.416e-04 1.247e-03 2.963e-03 -1.000 7.648e-03 -5.174 -5.352 -5.182 -5.651
0.0075 -0.30462 7.68001 7.2921814919 2.6217712131    7.281  3.975  3.8107  1.520    6  0.000  0.378     0.00     0.00     0.00     0.00     0.00 -1    -1e-30      0.00 7.118e-01 2.805e-01 8.416e-04 1.247e-03 2.963e-03 -1.000 7.648e-03 -5.168 -5.342 -5.146 -5.677
0.0075 -0.30462 7.68001 7.2927737236 2.6217724975    7.282  3.972  3.7985  1.474    6  0.000  0.378     0.00     0.00     0.00     0.00     0.00 -1    -1e-30      0.00 7.118e-01 2.805e-01 8.416e-04 1.247e-03 2.963e-03 -1.000 7.648e-03 -5.161 -5.328 -5.106 -5.699
0.0075 -0.30462 7.68001 7.2932953835 2.6217736286    7.282  3.969  3.7863  1.428    6  0.000  0.378     0.00     0.00     0.00     0.00     0.00 -1    -1e-30      0.00 7.118e-01 2.805e-01 8.416e-04 1.247e-03 2.963e-03 -1.000 7.648e-03 -5.153 -5.313 -5.063 -5.720
0.0075 -0.30462 7.68001 7.2937550545 2.6217746252    7.283  3.966  3.7741  1.383    6  0.000  0.378     0.00     0.00     0.00     0.00     0.00 -1    -1e-30      0.00 7.118e-01 2.805e-01 8.416e-04 1.247e-03 2.963e-03 -1.000 7.648e-03 -5.145 -5.295 -5.013 -5.740
0.0075 -0.30462 7.68001 7.2941617966 2.6217755070    7.283  3.963  3.7618  1.337    6  0.000  0.378     0.00     0.00     0.00     0.00     0.00 -1    -1e-30      0.00 7.118e-01 2.805e-01 8.416e-04 1.247e-03 2.963e-03 -1.000 7.648e-03 -5.137 -5.272 -4.959 -5.753
0.0075 -0.30462 7.68001 7.2945227623 2.6217762894    7.283  3.959  3.7494  1.291    6  0.000  0.378     0.00     0.00     0.00     0.00     0.00 -1    -1e-30      0.00 7.118e-01 2.805e-01 8.416e-04 1.247e-03 2.963e-03 -1.000 7.648e-03 -5.128 -5.247 -4.902 -5.761
0.0075 -0.30462 7.68001 7.2948441505 2.6217769859    7.284  3.955  3.7371  1.246    6  0.000  0.378     0.00     0.00     0.00     0.00     0.00 -1    -1e-30      0.00 7.118e-01 2.805e-01 8.416e-04 1.247e-03 2.963e-03 -1.000 7.648e-03 -5.118 -5.219 -4.841 -5.767
0.0075 -0.30462 7.68001 7.2951292992 2.6217776038    7.284  3.951  3.7251  1.202    6  0.000  0.378     0.00     0.00     0.00     0.00     0.00 -1    -1e-30      0.00 7.118e-01 2.805e-01 8.416e-04 1.247e-03 2.963e-03 -1.000 7.648e-03 -5.107 -5.187 -4.777 -5.765
0.0075 -0.30462 7.68001 7.2953824997 2.6217781525    7.284  3.946  3.7140  1.162    6  0.000  0.378     0.00     0.00     0.00     0.00     0.00 -1    -1e-30      0.00 7.118e-01 2.805e-01 8.416e-04 1.247e-03 2.963e-03 -1.000 7.648e-03 -5.096 -5.151 -4.713 -5.757
0.0075 -0.30462 7.68001 7.2956094742 2.6217786443    7.285  3.941  3.7039  1.127    6  0.000  0.378     0.00     0.00     0.00     0.00     0.00 -1    -1e-30      0.00 7.118e-01 2.805e-01 8.416e-04 1.247e-03 2.963e-03 -1.000 7.648e-03 -5.083 -5.114 -4.648 -5.745
0.0075 -0.30462 7.68001 7.2958154678 2.6217790906    7.285  3.936  3.6947  1.096    6  0.000  0.378     0.00     0.00     0.00     0.00     0.00 -1    -1e-30      0.00 7.118e-01 2.805e-01 8.416e-04 1.247e-03 2.963e-03 -1.000 7.647e-03 -5.069 -5.076 -4.585 -5.728
0.0075 -0.30462 7.68001 7.2960076332 2.6217795069    7.285  3.929  3.6861  1.067    6  0.000  0.378     0.00     0.00     0.00     0.00     0.00 -1    -1e-30      0.00 7.118e-01 2.805e-01 8.416e-04 1.247e-03 2.963e-03 -1.000 7.647e-03 -5.054 -5.036 -4.522 -5.707
0.0075 -0.30462 7.68001 7.2961964607 2.6217799160    7.285  3.922  3.6789  1.046    6  0.000  0.378     0.00     0.00     0.00     0.00     0.00 -1    -1e-30      0.00 7.118e-01 2.805e-01 8.416e-04 1.247e-03 2.963e-03 -1.000 7.648e-03 -5.036 -4.998 -4.465 -5.684
0.0075 -0.30462 7.68001 7.2963986397 2.6217803539    7.285  3.914  3.6716  1.025    6  0.000  0.378     0.00     0.00     0.00     0.00     0.00 -1    -1e-30      0.00 7.118e-01 2.805e-01 8.416e-04 1.247e-03 2.963e-03 -1.000 7.648e-03 -5.015 -4.953 -4.402 -5.655
0.0075 -0.30462 7.68001 7.2966232300 2.6217808404    7.286  3.903  3.6641  1.005    6  0.000  0.378     0.00     0.00     0.00     0.00     0.00 -1    -1e-30      0.00 7.118e-01 2.805e-01 8.416e-04 1.247e-03 2.963e-03 -1.000 7.648e-03 -4.988 -4.898 -4.328 -5.615
0.0075 -0.30462 7.68001 7.2969031334 2.6217814466    7.286  3.888  3.6560  0.989    6  0.000  0.378     0.00     0.00     0.00     0.00     0.00 -1    -1e-30      0.00 7.118e-01 2.805e-01 8.416e-04 1.247e-03 2.963e-03 -1.000 7.648e-03 -4.949 -4.826 -4.233 -5.559
0.0075 -0.30462 7.68001 7.2972640991 2.6217822283    7.286  3.870  3.6474  0.973    6  0.000  0.378     0.00     0.00     0.00     0.00     0.00 -1    -1e-30      0.00 7.118e-01 2.805e-01 8.416e-04 1.247e-03 2.963e-03 -1.000 7.648e-03 -4.904 -4.740 -4.121 -5.494
0.0075 -0.30462 7.68001 7.2976002693 2.6217829563    7.286  3.853  3.6402  0.960    6  0.000  0.378     0.00     0.00     0.00     0.00     0.00 -1    -1e-30      0.00 7.118e-01 2.805e-01 8.416e-04 1.247e-03 2.963e-03 -1.000 7.648e-03 -4.863 -4.664 -4.023 -5.435
0.0075 -0.30462 7.68001 7.2980589867 2.6217839495    7.287  3.856  3.6318  0.924    6  0.000  0.378     0.00     0.00     0.00     0.00     0.00 -1    -1e-30      0.00 7.118e-01 2.805e-01 8.416e-04 1.247e-03 2.963e-03 -1.000 7.648e-03 -4.870 -4.626 -3.954 -5.417
0.0075 -0.30462 7.68001 7.2984137535 2.6217847175    7.287  3.871  3.6261  0.886    6  0.000  0.378     0.00     0.00     0.00     0.00     0.00 -1    -1e-30      0.00 7.118e-01 2.805e-01 8.416e-04 1.247e-03 2.963e-03 -1.000 7.648e-03 -4.907 -4.630 -3.937 -5.437
0.0075 -0.30462 7.68001 7.2988324165 2.6217856237    7.288  3.893  3.6206  0.842    6  0.000  0.378     0.00     0.00     0.00     0.00     0.00 -1    -1e-30      0.00 7.118e-01 2.805e-01 8.416e-04 1.247e-03 2.963e-03 -1.000 7.647e-03 -4.962 -4.653 -3.938 -5.474
0.0075 -0.30462 7.68001 7.2988905907 2.6217857496    7.288  3.897  3.6199  0.835    6  0.000  0.378     0.00     0.00     0.00     0.00     0.00 -1    -1e-30      0.00 7.118e-01 2.805e-01 8.416e-04 1.247e-03 2.963e-03 -1.000 7.647e-03 -4.971 -4.658 -3.940 -5.481
0.0075 -0.30462 7.68001 7.2990550995 2.6217861057    7.288  3.912  3.6178  0.812    7  0.000  0.378    48.88    32.64    22.48    16.45    13.59  4    -1e-30      0.00 7.118e-01 2.805e-01 8.416e-04 1.247e-03 2.963e-03 -1.000 7.647e-03 -5.009 -4.683 -3.955 -5.512
0.0075 -0.30462 7.68001 7.2997536659 2.6217876174    7.289  3.937  3.6148  0.775    7  0.000  0.378    53.12    34.91    23.97    17.55    14.50  4    -1e-30      0.00 7.118e-01 2.805e-01 8.416e-04 1.247e-03 2.963e-03 -1.000 7.648e-03 -5.072 -4.727 -3.986 -5.565
0.0075 -0.30462 7.68001 7.2999544144 2.6217880518    7.289  3.949  3.6135  0.757    7  0.000  0.378    55.23    36.03    24.71    18.10    14.96  4    -1e-30      0.00 7.118e-01 2.805e-01 8.416e-04 1.247e-03 2.963e-03 -1.000 7.647e-03 -5.103 -4.749 -4.002 -5.591
0.0075 -0.30462 7.68001 7.3001432419 2.6217884604    7.289  3.962  3.6121  0.739    7  0.000  0.378    57.50    37.23    25.49    18.68    15.44  4    -1e-30      0.00 7.118e-01 2.805e-01 8.416e-04 1.247e-03 2.963e-03 -1.000 7.647e-03 -5.135 -4.772 -4.019 -5.618
0.0075 -0.30462 7.68001 7.3003621101 2.6217889339    7.289  3.973  3.6109  0.723    7  0.000  0.378    59.65    38.35    26.22    19.23    15.89  4    -1e-30      0.00 7.118e-01 2.805e-01 8.412e-04 1.247e-03 2.963e-03 -1.000 7.647e-03 -5.164 -4.793 -4.034 -5.643
0.0075 -0.30462 7.68001 7.3007130623 2.6217896931    7.290  3.988  3.6093  0.701    7  0.000  0.377    62.59    39.87    27.21    19.97    16.50  4    -1e-30      0.00 7.118e-01 2.805e-01 8.389e-04 1.249e-03 2.963e-03 -1.000 7.647e-03 -5.201 -4.820 -4.053 -5.674
0.0075 -0.30462 7.68001 7.3010621071 2.6217904481    7.290  4.001  3.6078  0.683    7  0.000  0.376    65.19    41.21    28.09    20.62    17.04  4    -1e-30      0.00 7.118e-01 2.805e-01 8.364e-04 1.252e-03 2.963e-03 -1.000 7.647e-03 -5.232 -4.841 -4.067 -5.700
0.0075 -0.30462 7.68001 7.3015713692 2.6217915495    7.291  4.017  3.6060  0.660    7  0.000  0.375    68.64    42.96    29.23    21.47    17.75  4    -1e-30      0.00 7.118e-01 2.805e-01 8.340e-04 1.255e-03 2.963e-03 -1.000 7.646e-03 -5.272 -4.868 -4.084 -5.732
0.0075 -0.30462 7.68001 7.3020720482 2.6217926322    7.291  4.030  3.6044  0.640    7  0.000  0.374    71.77    44.54    30.25    22.23    18.38  4    -1e-30      0.00 7.118e-01 2.805e-01 8.325e-04 1.258e-03 2.963e-03 -1.000 7.645e-03 -5.305 -4.890 -4.098 -5.760
0.0075 -0.30462 7.68001 7.3027667999 2.6217941342    7.292  4.059  3.6011  0.598    7  0.000  0.374    78.80    48.04    32.52    23.93    19.78  4    -1e-30      0.00 7.118e-01 2.806e-01 8.310e-04 1.261e-03 2.961e-03 -1.000 7.622e-03 -5.377 -4.939 -4.131 -5.819
0.0075 -0.30462 7.68001 7.3033719063 2.6217954422    7.292  4.092  3.5975  0.551    7  0.000  0.374    87.53    52.31    35.27    25.98    21.49  4    -1e-30      0.00 7.117e-01 2.806e-01 8.297e-04 1.266e-03 2.957e-03 -1.000 7.647e-03 -5.459 -4.995 -4.167 -5.886
0.0075 -0.30462 7.68001 7.3038258553 2.6217964233    7.293  4.118  3.5948  0.515    7  0.000  0.374    94.98    55.88    37.57    27.70    22.92  4    -1e-30      0.00 7.115e-01 2.808e-01 8.288e-04 1.269e-03 2.954e-03 -1.000 7.647e-03 -5.524 -5.039 -4.196 -5.939
0.0075 -0.30462 7.68001 7.3046231270 2.6217981460    7.294  4.149  3.5916  0.471    7  0.000  0.374   104.76    60.49    40.53    29.92    24.75  4    -1e-30      0.00 7.112e-01 2.812e-01 8.282e-04 1.272e-03 2.952e-03 -1.000 7.647e-03 -5.602 -5.091 -4.230 -6.003
0.0075 -0.30462 7.68001 7.3065748215 2.6218023613    7.296  4.200  3.5866  0.400    7  0.000  0.373   122.82    68.80    45.83    33.89    28.05  3    -1e-30      0.00 7.100e-01 2.823e-01 8.258e-04 1.279e-03 2.947e-03 -1.000 7.627e-03 -5.729 -5.175 -4.279 -6.106
0.0075 -0.30462 7.68001 7.3098959923 2.6218095286    7.299  4.264  3.5804  0.311    7  0.000  0.370   149.77    80.78    53.42    39.60    32.79  3    -1e-30      0.00 7.085e-01 2.839e-01 8.161e-04 1.295e-03 2.941e-03 -1.000 7.625e-03 -5.890 -5.281 -4.340 -6.235
0.0075 -0.30462 7.68001 7.3179388046 2.6218268544    7.307  4.380  3.5691  0.150    7  0.000  0.364   214.60   108.07    70.54    52.52    43.51  3    -1e-30      0.00 7.081e-01 2.843e-01 8.014e-04 1.318e-03 2.935e-03 -1.000 7.619e-03 -6.180 -5.453 -4.409 -6.459
0.0075 -0.30462 7.68001 7.3212404251 2.6218339540    7.310  4.416  3.5657  0.101    7  0.000  0.363   239.65   118.16    76.82    57.27    47.46  3    -1e-30      0.00 7.070e-01 2.854e-01 7.960e-04 1.336e-03 2.922e-03 -1.000 7.624e-03 -6.270 -5.502 -4.417 -6.525
0.0075 -0.30462 7.68001 7.3223066330 2.6218362452    7.311  4.412  3.5663  0.107    7  0.000  0.363   236.24   116.80    75.97    56.62    46.92  3    -1e-30      0.00 7.025e-01 2.899e-01 7.898e-04 1.364e-03 2.898e-03 -1.000 7.591e-03 -6.260 -5.498 -4.421 -6.519
0.0075 -0.30462 7.68001 7.3227200508 2.6218371333    7.312  4.408  3.5668  0.113    7  0.000  0.363   233.38   115.65    75.26    56.09    46.48  3    -1e-30      0.00 7.008e-01 2.917e-01 7.873e-04 1.375e-03 2.889e-03 -1.000 7.578e-03 -6.251 -5.495 -4.423 -6.513
