Zini MH logAge Mini int_IMF Mass logL logTe logg label McoreTP C_O period0 period1 period2 period3 period4 pmode Mloss tau1m X Y Xc Xn Xo Cexcess Z mbolmag Gmag G_BPmag G_RPmag
0.004 -0.58336 8.85001 0.0900000036 1.0816895926    0.090 -3.246  3.4197  5.269    0  0.000  0.545     0.00     0.00     0.00     0.00     0.00 -1 -5.56e-17      0.00 7.399e-01 2.561e-01 7.193e-04 1.940e-04 1.760e-03 -1.000 4.000e-03 12.885 14.545 17.502 13.086
0.004 -0.58336 8.85001 0.0913170651 1.0941877475    0.091 -3.225  3.4226  5.266    0  0.000  0.545     0.00     0.00     0.00     0.00     0.00 -1 -5.82e-17      0.00 7.399e-01 2.561e-01 7.193e-04 1.940e-04 1.760e-03 -1.000 4.000e-03 12.832 14.465 17.360 13.013
0.004 -0.58336 8.85001 0.1000000015 1.1711064122    0.100 -3.071  3.4441  5.237    0  0.000  0.545     0.00     0.00     0.00     0.00     0.00 -1 -8.18e-17      0.00 7.399e-01 2.561e-01 7.193e-04 1.940e-04 1.760e-03 -1.000 4.000e-03 12.448 13.874 16.340 12.482
0.004 -0.58336 8.85001 0.1199999973 1.3193154249    0.120 -2.823  3.4750  5.192    0  0.000  0.545     0.00     0.00     0.00     0.00     0.00 -1 -1.39e-16      0.00 7.398e-01 2.562e-01 7.193e-04 1.940e-04 1.760e-03 -1.000 4.000e-03 11.826 12.963 14.865 11.674
0.004 -0.58336 8.85001 0.1400000006 1.4384526719    0.140 -2.642  3.4939  5.154    0  0.000  0.545     0.00     0.00     0.00     0.00     0.00 -1 -2.04e-16      0.00 7.397e-01 2.563e-01 7.193e-04 1.940e-04 1.760e-03 -1.000 4.000e-03 11.376 12.342 13.949 11.125
0.004 -0.58336 8.85001 0.1435312629 1.4571931660    0.143 -2.617  3.4963  5.149    0  0.000  0.545     0.00     0.00     0.00     0.00     0.00 -1 -2.14e-16      0.00 7.397e-01 2.563e-01 7.193e-04 1.940e-04 1.760e-03 -1.000 4.000e-03 11.313 12.259 13.834 11.051
0.004 -0.58336 8.85001 0.1599999964 1.5372931554    0.160 -2.502  3.5069  5.124    0  0.000  0.545     0.00     0.00     0.00     0.00     0.00 -1 -2.72e-16      0.00 7.397e-01 2.563e-01 7.193e-04 1.940e-04 1.760e-03 -1.000 4.000e-03 11.025 11.884 13.327 10.716
0.004 -0.58336 8.85001 0.1817962527 1.6281933696    0.182 -2.379  3.5170  5.097    0  0.000  0.545     0.00     0.00     0.00     0.00     0.00 -1 -3.48e-16      0.00 7.396e-01 2.564e-01 7.193e-04 1.940e-04 1.760e-03 -1.000 4.000e-03 10.718 11.497 12.828 10.367
0.004 -0.58336 8.85001 0.1999999881 1.6938790356    0.200 -2.287  3.5246  5.077    0  0.000  0.545     0.00     0.00     0.00     0.00     0.00 -1  -4.2e-16      0.00 7.395e-01 2.565e-01 7.193e-04 1.940e-04 1.760e-03 -1.000 4.000e-03 10.488 11.213 12.472 10.109
0.004 -0.58336 8.85001 0.2500000000 1.8403257998    0.250 -2.092  3.5382  5.033    0  0.000  0.545     0.00     0.00     0.00     0.00     0.00 -1  -6.2e-16      0.00 7.394e-01 2.566e-01 7.193e-04 1.940e-04 1.760e-03 -1.000 4.000e-03 10.001 10.637 11.785 9.577
0.004 -0.58336 8.85001 0.3161334395 1.9841385551    0.316 -1.886  3.5504  4.977    0  0.000  0.545     0.00     0.00     0.00     0.00     0.00 -1 -9.44e-16      0.00 7.397e-01 2.563e-01 7.193e-04 1.940e-04 1.760e-03 -1.000 4.000e-03 9.485 10.049 11.114 9.027
0.004 -0.58336 8.85001 0.3272643089 2.0044981529    0.327 -1.851  3.5523  4.965    0  0.000  0.545     0.00     0.00     0.00     0.00     0.00 -1 -1.02e-15      0.00 7.398e-01 2.562e-01 7.193e-04 1.940e-04 1.760e-03 -1.000 4.000e-03 9.397 9.952 11.004 8.935
0.004 -0.58336 8.85001 0.3499999642 2.0434174156    0.350 -1.790  3.5566  4.951    0  0.000  0.545     0.00     0.00     0.00     0.00     0.00 -1 -1.15e-15      0.00 7.399e-01 2.561e-01 7.193e-04 1.940e-04 1.760e-03 -1.000 4.000e-03 9.245 9.775 10.802 8.771
0.004 -0.58336 8.85001 0.3999999762 2.1185023988    0.400 -1.634  3.5683  4.899    0  0.000  0.545     0.00     0.00     0.00     0.00     0.00 -1 -1.64e-15      0.00 7.399e-01 2.561e-01 7.193e-04 1.940e-04 1.760e-03 -1.000 4.000e-03 8.854 9.323 10.282 8.353
0.004 -0.58336 8.85001 0.4315264821 2.1598401624    0.431 -1.526  3.5771  4.859    0  0.000  0.545     0.00     0.00     0.00     0.00     0.00 -1 -2.12e-15      0.00 7.399e-01 2.561e-01 7.193e-04 1.940e-04 1.760e-03 -1.000 4.000e-03 8.584 9.011 9.926 8.064
0.004 -0.58336 8.85001 0.4499999881 2.1822809009    0.450 -1.467  3.5818  4.837    0  0.000  0.545     0.00     0.00     0.00     0.00     0.00 -1 -2.44e-15      0.00 7.399e-01 2.561e-01 7.193e-04 1.940e-04 1.760e-03 -1.000 4.000e-03 8.437 8.843 9.736 7.908
0.004 -0.58336 8.85001 0.4859474003 2.2226974246    0.486 -1.338  3.5956  4.797    0  0.000  0.545     0.00     0.00     0.00     0.00     0.00 -1  -3.3e-15      0.00 7.399e-01 2.561e-01 7.193e-04 1.940e-04 1.760e-03 -1.000 4.000e-03 8.116 8.464 9.297 7.565
0.004 -0.58336 8.85001 0.4999999702 2.2374541023    0.500 -1.291  3.6008  4.783    0  0.000  0.545     0.00     0.00     0.00     0.00     0.00 -1  -3.7e-15      0.00 7.399e-01 2.561e-01 7.193e-04 1.940e-04 1.760e-03 -1.000 4.000e-03 7.997 8.325 9.137 7.438
0.004 -0.58336 8.85001 0.5031081438 2.2406354575    0.503 -1.279  3.6025  4.780    0  0.000  0.545     0.00     0.00     0.00     0.00     0.00 -1  -3.8e-15      0.00 7.401e-01 2.559e-01 7.188e-04 1.939e-04 1.759e-03 -1.000 4.000e-03 7.967 8.290 9.095 7.407
0.004 -0.58336 8.85001 0.5500000119 2.2836582633    0.550 -1.111  3.6271  4.750    0  0.000  0.545     0.00     0.00     0.00     0.00     0.00 -1 -5.53e-15      0.00 7.419e-01 2.541e-01 7.141e-04 1.926e-04 1.747e-03 -1.000 4.000e-03 7.548 7.785 8.494 6.963
0.004 -0.58336 8.85001 0.5709967613 2.3003097690    0.571 -1.034  3.6382  4.733    0  0.000  0.545     0.00     0.00     0.00     0.00     0.00 -1  -6.6e-15      0.00 7.423e-01 2.537e-01 7.132e-04 1.924e-04 1.745e-03 -1.000 4.000e-03 7.355 7.552 8.217 6.760
0.004 -0.58336 8.85001 0.5999999642 2.3211212854    0.600 -0.935  3.6546  4.721    0  0.000  0.545     0.00     0.00     0.00     0.00     0.00 -1 -8.21e-15      0.00 7.423e-01 2.538e-01 7.132e-04 1.925e-04 1.745e-03 -1.000 3.956e-03 7.107 7.242 7.840 6.499
0.004 -0.58336 8.85001 0.6499999166 2.3520352771    0.650 -0.770  3.6829  4.704    1  0.000  0.545     0.00     0.00     0.00     0.00     0.00 -1 -1.18e-14      0.00 7.426e-01 2.534e-01 7.123e-04 1.922e-04 1.743e-03 -1.000 4.000e-03 6.694 6.734 7.235 6.069
0.004 -0.58336 8.85001 0.6999999881 2.3779266974    0.700 -0.617  3.7091  4.688    1  0.000  0.545     0.00     0.00     0.00     0.00     0.00 -1 -1.64e-14      0.00 7.431e-01 2.530e-01 7.113e-04 1.919e-04 1.741e-03 -1.000 3.938e-03 6.311 6.286 6.716 5.682
0.004 -0.58336 8.85001 0.7477272749 2.3989636747    0.748 -0.480  3.7318  4.671    1  0.000  0.538     0.00     0.00     0.00     0.00     0.00 -1 -2.22e-14      0.00 7.436e-01 2.524e-01 7.011e-04 1.913e-04 1.738e-03 -1.000 3.986e-03 5.970 5.908 6.286 5.354
0.004 -0.58336 8.85001 0.7954545617 2.4171243451    0.795 -0.352  3.7509  4.646    1  0.000  0.538     0.00     0.00     0.00     0.00     0.00 -1 -2.97e-14      0.00 7.443e-01 2.518e-01 6.990e-04 1.909e-04 1.734e-03 -1.000 3.911e-03 5.651 5.571 5.910 5.057
0.004 -0.58336 8.85001 0.8431818485 2.4329412586    0.843 -0.232  3.7675  4.618    1  0.000  0.537     0.00     0.00     0.00     0.00     0.00 -1 -3.93e-14      0.00 7.453e-01 2.508e-01 6.966e-04 1.903e-04 1.728e-03 -1.000 3.909e-03 5.350 5.264 5.570 4.786
0.004 -0.58336 8.85001 0.8909090757 2.4468253017    0.890 -0.117  3.7817  4.583    1  0.000  0.537     0.00     0.00     0.00     0.00     0.00 -1 -5.19e-14      0.00 7.469e-01 2.492e-01 6.927e-04 1.892e-04 1.719e-03 -1.000 3.900e-03 5.062 4.976 5.254 4.530
0.004 -0.58336 8.85001 0.9058679342 2.4508321106    0.905 -0.082  3.7857  4.571    1  0.000  0.537     0.00     0.00     0.00     0.00     0.00 -1 -5.65e-14      0.00 7.477e-01 2.484e-01 6.908e-04 1.887e-04 1.714e-03 -1.000 3.900e-03 4.975 4.890 5.160 4.452
0.004 -0.58336 8.85001 0.9386363626 2.4590982838    0.938 -0.008  3.7941  4.546    1  0.000  0.537     0.00     0.00     0.00     0.00     0.00 -1 -6.79e-14      0.00 7.497e-01 2.464e-01 6.860e-04 1.874e-04 1.703e-03 -1.000 3.887e-03 4.789 4.706 4.960 4.287
0.004 -0.58336 8.85001 0.9863637090 2.4700155298    0.986  0.097  3.8054  4.508    1  0.000  0.537     0.00     0.00     0.00     0.00     0.00 -1  -8.8e-14      0.00 7.509e-01 2.453e-01 6.847e-04 1.871e-04 1.700e-03 -1.000 3.835e-03 4.527 4.448 4.682 4.054
0.004 -0.58336 8.85001 1.0157568455 2.4761550659    1.015  0.159  3.8121  4.486    1  0.000  0.537     0.00     0.00     0.00     0.00     0.00 -1 -9.96e-14      0.00 7.511e-01 2.451e-01 6.848e-04 1.871e-04 1.701e-03 -1.000 3.847e-03 4.371 4.294 4.517 3.916
0.004 -0.58336 8.85001 1.0340908766 2.4797820107    1.033  0.198  3.8162  4.471    1  0.000  0.537     0.00     0.00     0.00     0.00     0.00 -1 -1.07e-13      0.00 7.511e-01 2.450e-01 6.851e-04 1.872e-04 1.702e-03 -1.000 3.873e-03 4.276 4.200 4.416 3.830
0.004 -0.58336 8.85001 1.0818182230 2.4885641938    1.081  0.294  3.8269  4.438    1  0.000  0.537     0.00     0.00     0.00     0.00     0.00 -1 -1.27e-13      0.00 7.514e-01 2.447e-01 6.847e-04 1.871e-04 1.700e-03 -1.000 3.888e-03 4.035 3.962 4.160 3.616
0.004 -0.58336 8.85001 1.1295454502 2.4964983821    1.129  0.386  3.8380  4.409    1  0.000  0.537     0.00     0.00     0.00     0.00     0.00 -1 -1.46e-13      0.00 7.512e-01 2.449e-01 6.849e-04 1.872e-04 1.701e-03 -1.000 3.861e-03 3.806 3.735 3.917 3.414
0.004 -0.58336 8.85001 1.1329988241 2.4970427221    1.132  0.392  3.8388  4.407    1  0.000  0.537     0.00     0.00     0.00     0.00     0.00 -1 -1.47e-13      0.00 7.512e-01 2.449e-01 6.849e-04 1.872e-04 1.701e-03 -1.000 3.860e-03 3.790 3.719 3.900 3.400
0.004 -0.58336 8.85001 1.1772727966 2.5036973537    1.176  0.473  3.8498  4.387    1  0.000  0.537     0.00     0.00     0.00     0.00     0.00 -1 -1.64e-13      0.00 7.512e-01 2.449e-01 6.848e-04 1.871e-04 1.701e-03 -1.000 3.880e-03 3.588 3.520 3.684 3.226
0.004 -0.58336 8.85001 1.2214332819 2.5097853111    1.221  0.549  3.8623  4.376    1  0.000  0.537     0.00     0.00     0.00     0.00     0.00 -1 -1.78e-13      0.00 7.516e-01 2.446e-01 6.841e-04 1.870e-04 1.700e-03 -1.000 3.854e-03 3.396 3.333 3.478 3.068
0.004 -0.58336 8.85001 1.2250000238 2.5102550374    1.224  0.556  3.8632  4.375    1  0.000  0.537     0.00     0.00     0.00     0.00     0.00 -1 -1.79e-13      0.00 7.516e-01 2.445e-01 6.841e-04 1.870e-04 1.700e-03 -1.000 3.851e-03 3.381 3.318 3.462 3.055
0.004 -0.58336 8.85001 1.2727272511 2.5162503525    1.272  0.635  3.8785  4.374    1  0.000  0.537     0.00     0.00     0.00     0.00     0.00 -1  -1.9e-13      0.00 7.519e-01 2.442e-01 6.834e-04 1.868e-04 1.698e-03 -1.000 3.834e-03 3.182 3.126 3.248 2.900
0.004 -0.58336 8.85001 1.2750960588 2.5165344973    1.275  0.639  3.8793  4.374    1  0.000  0.537     0.00     0.00     0.00     0.00     0.00 -1 -1.91e-13      0.00 7.520e-01 2.442e-01 6.833e-04 1.868e-04 1.697e-03 -1.000 3.833e-03 3.173 3.117 3.238 2.892
0.004 -0.58336 8.85001 1.3204547167 2.5217500316    1.320  0.712  3.8945  4.377    1  0.000  0.537     0.00     0.00     0.00     0.00     0.00 -1 -1.97e-13      0.00 7.523e-01 2.439e-01 6.826e-04 1.866e-04 1.696e-03 -1.000 3.827e-03 2.991 2.944 3.044 2.757
0.004 -0.58336 8.85001 1.3681819439 2.5268107737    1.368  0.785  3.9098  4.380    1  0.000  0.537     0.00     0.00     0.00     0.00     0.00 -1    -2e-13      0.00 7.526e-01 2.435e-01 6.819e-04 1.864e-04 1.694e-03 -1.000 3.878e-03 2.806 2.773 2.852 2.624
0.004 -0.58336 8.85001 1.3926440477 2.5292505268    1.393  0.822  3.9173  4.381    1  0.000  0.537     0.00     0.00     0.00     0.00     0.00 -1 -1.99e-13      0.00 7.527e-01 2.434e-01 6.816e-04 1.863e-04 1.694e-03 -1.000 3.889e-03 2.714 2.691 2.760 2.560
0.004 -0.58336 8.85001 1.4159091711 2.5314811780    1.416  0.857  3.9242  4.381    1  0.000  0.537     0.00     0.00     0.00     0.00     0.00 -1 -1.98e-13      0.00 7.528e-01 2.433e-01 6.814e-04 1.863e-04 1.693e-03 -1.000 3.898e-03 2.628 2.615 2.675 2.501
0.004 -0.58336 8.85001 1.4190274477 2.5317737712    1.419  0.861  3.9250  4.381    1  0.000  0.537     0.00     0.00     0.00     0.00     0.00 -1 -1.97e-13      0.00 7.529e-01 2.432e-01 6.813e-04 1.862e-04 1.693e-03 -1.000 3.898e-03 2.616 2.605 2.664 2.494
0.004 -0.58336 8.85001 1.4636363983 2.5358030388    1.464  0.926  3.9369  4.377    1  0.000  0.537     0.00     0.00     0.00     0.00     0.00 -1 -1.91e-13      0.00 7.531e-01 2.430e-01 6.808e-04 1.861e-04 1.692e-03 -1.000 3.862e-03 2.455 2.469 2.513 2.384
0.004 -0.58336 8.85001 1.4924085140 2.5382554156    1.492  0.967  3.9438  4.372    1  0.000  0.537     0.00     0.00     0.00     0.00     0.00 -1 -1.81e-13      0.00 7.533e-01 2.429e-01 6.805e-04 1.860e-04 1.691e-03 -1.000 3.863e-03 2.353 2.385 2.422 2.315
0.004 -0.58336 8.85001 1.5113636255 2.5398125027    1.511  0.993  3.9481  4.369    1  0.000  0.537     0.00     0.00     0.00     0.00     0.00 -1 -1.76e-13      0.00 7.534e-01 2.428e-01 6.804e-04 1.860e-04 1.690e-03 -1.000 3.849e-03 2.287 2.331 2.363 2.270
0.004 -0.58336 8.85001 1.5370098352 2.5418490945    1.537  1.028  3.9535  4.362    1  0.000  0.537     0.00     0.00     0.00     0.00     0.00 -1 -1.62e-13      0.00 7.535e-01 2.427e-01 6.801e-04 1.859e-04 1.690e-03 -1.000 3.814e-03 2.200 2.260 2.287 2.209
0.004 -0.58336 8.85001 1.5590909719 2.5435409894    1.559  1.058  3.9579  4.356    1  0.000  0.537     0.00     0.00     0.00     0.00     0.00 -1 -1.52e-13      0.00 7.536e-01 2.426e-01 6.799e-04 1.859e-04 1.689e-03 -1.000 3.854e-03 2.124 2.199 2.222 2.156
0.004 -0.58336 8.85001 1.5685372353 2.5442480702    1.568  1.071  3.9597  4.353    1  0.000  0.537     0.00     0.00     0.00     0.00     0.00 -1 -1.44e-13      0.00 7.536e-01 2.425e-01 6.799e-04 1.859e-04 1.689e-03 -1.000 3.875e-03 2.093 2.174 2.195 2.133
0.004 -0.58336 8.85001 1.6068181992 2.5470158979    1.606  1.122  3.9667  4.340    1  0.000  0.537     0.00     0.00     0.00     0.00     0.00 -1 -1.15e-13      0.00 7.537e-01 2.424e-01 6.797e-04 1.858e-04 1.688e-03 -1.000 3.833e-03 1.965 2.070 2.086 2.041
0.004 -0.58336 8.85001 1.6250816584 2.5482836844    1.625  1.146  3.9699  4.334    1  0.000  0.537     0.00     0.00     0.00     0.00     0.00 -1 -2.47e-14      0.00 7.538e-01 2.424e-01 6.796e-04 1.858e-04 1.688e-03 -1.000 3.809e-03 1.905 2.022 2.035 1.997
0.004 -0.58336 8.85001 1.6545455456 2.5502612770    1.654  1.185  3.9747  4.322    1  0.000  0.537     0.00     0.00     0.00     0.00     0.00 -1 -2.14e-15      0.00 7.538e-01 2.424e-01 6.796e-04 1.858e-04 1.688e-03 -1.000 3.805e-03 1.808 1.944 1.953 1.926
0.004 -0.58336 8.85001 1.6809946299 2.5519687809    1.680  1.219  3.9787  4.311    1  0.000  0.537     0.00     0.00     0.00     0.00     0.00 -1  -6.1e-24      0.00 7.538e-01 2.424e-01 6.795e-04 1.857e-04 1.688e-03 -1.000 3.809e-03 1.722 1.874 1.880 1.862
0.004 -0.58336 8.85001 1.7022727728 2.5532982573    1.701  1.247  3.9817  4.301    1  0.000  0.537     0.00     0.00     0.00     0.00     0.00 -1    -1e-30      0.00 7.538e-01 2.424e-01 6.795e-04 1.857e-04 1.688e-03 -1.000 3.806e-03 1.653 1.817 1.821 1.809
0.004 -0.58336 8.85001 1.7118338346 2.5538832788    1.711  1.259  3.9829  4.296    1  0.000  0.537     0.00     0.00     0.00     0.00     0.00 -1    -1e-30      0.00 7.538e-01 2.424e-01 6.794e-04 1.858e-04 1.688e-03 -1.000 3.804e-03 1.622 1.791 1.794 1.785
0.004 -0.58336 8.85001 1.7485263348 2.5560602807    1.747  1.307  3.9874  4.275    1  0.000  0.537     0.00     0.00     0.00     0.00     0.00 -1    -1e-30      0.00 7.539e-01 2.423e-01 6.794e-04 1.858e-04 1.688e-03 -1.000 3.800e-03 1.503 1.691 1.691 1.691
0.004 -0.58336 8.85001 1.7500000000 2.5561455243    1.749  1.309  3.9876  4.275    1  0.000  0.536     0.00     0.00     0.00     0.00     0.00 -1    -1e-30      0.00 7.538e-01 2.424e-01 6.794e-04 1.858e-04 1.689e-03 -1.000 3.800e-03 1.499 1.687 1.687 1.687
0.004 -0.58336 8.85001 1.7840416431 2.5580696587    1.783  1.353  3.9912  4.253    1  0.000  0.537     0.00     0.00     0.00     0.00     0.00 -1    -1e-30      0.00 7.539e-01 2.422e-01 6.794e-04 1.859e-04 1.687e-03 -1.000 3.868e-03 1.388 1.592 1.590 1.597
0.004 -0.58336 8.85001 1.7999999523 2.5589429085    1.799  1.373  3.9927  4.242    1  0.000  0.538     0.00     0.00     0.00     0.00     0.00 -1    -1e-30      0.00 7.539e-01 2.422e-01 6.794e-04 1.863e-04 1.685e-03 -1.000 3.900e-03 1.336 1.547 1.543 1.553
0.004 -0.58336 8.85001 1.8041741848 2.5591683962    1.803  1.379  3.9931  4.240    1  0.000  0.538     0.00     0.00     0.00     0.00     0.00 -1    -1e-30      0.00 7.539e-01 2.422e-01 6.794e-04 1.863e-04 1.685e-03 -1.000 3.892e-03 1.323 1.535 1.531 1.542
0.004 -0.58336 8.85001 1.8499226570 2.5615631856    1.849  1.437  3.9965  4.206    1  0.000  0.536     0.00     0.00     0.00     0.00     0.00 -1    -1e-30      0.00 7.538e-01 2.423e-01 6.795e-04 1.858e-04 1.689e-03 -1.000 3.900e-03 1.176 1.403 1.397 1.415
0.004 -0.58336 8.85001 1.8500000238 2.5615671203    1.849  1.438  3.9965  4.205    1  0.000  0.536     0.00     0.00     0.00     0.00     0.00 -1    -1e-30      0.00 7.538e-01 2.423e-01 6.795e-04 1.858e-04 1.689e-03 -1.000 3.900e-03 1.176 1.403 1.397 1.414
0.004 -0.58336 8.85001 1.8857934475 2.5633477427    1.885  1.484  3.9978  4.172    1  0.000  0.537     0.00     0.00     0.00     0.00     0.00 -1    -1e-30      0.00 7.538e-01 2.424e-01 6.797e-04 1.858e-04 1.689e-03 -1.000 3.839e-03 1.059 1.291 1.284 1.305
0.004 -0.58336 8.85001 1.8999999762 2.5640331260    1.899  1.503  3.9979  4.157    1  0.000  0.537     0.00     0.00     0.00     0.00     0.00 -1    -1e-30      0.00 7.537e-01 2.424e-01 6.798e-04 1.858e-04 1.689e-03 -1.000 3.857e-03 1.013 1.245 1.238 1.259
0.004 -0.58336 8.85001 1.9196891785 2.5649637559    1.919  1.529  3.9980  4.137    1  0.000  0.537     0.00     0.00     0.00     0.00     0.00 -1    -1e-30      0.00 7.537e-01 2.425e-01 6.799e-04 1.858e-04 1.689e-03 -1.000 3.834e-03 0.949 1.182 1.174 1.195
0.004 -0.58336 8.85001 1.9500000477 2.5663542714    1.950  1.568  3.9974  4.102    1  0.000  0.537     0.00     0.00     0.00     0.00     0.00 -1    -1e-30      0.00 7.536e-01 2.426e-01 6.800e-04 1.859e-04 1.690e-03 -1.000 3.800e-03 0.850 1.080 1.072 1.094
0.004 -0.58336 8.85001 1.9572356939 2.5666788933    1.957  1.577  3.9971  4.093    1  0.000  0.537     0.00     0.00     0.00     0.00     0.00 -1    -1e-30      0.00 7.536e-01 2.426e-01 6.801e-04 1.859e-04 1.690e-03 -1.000 3.804e-03 0.827 1.055 1.048 1.069
0.004 -0.58336 8.85001 1.9872150421 2.5679949773    1.987  1.617  3.9945  4.050    1  0.000  0.537     0.00     0.00     0.00     0.00     0.00 -1    -1e-30      0.00 7.534e-01 2.427e-01 6.803e-04 1.858e-04 1.691e-03 -1.000 3.835e-03 0.728 0.944 0.938 0.956
0.004 -0.58336 8.85001 2.0000000000 2.5685424513    2.000  1.634  3.9930  4.029    1  0.000  0.536     0.00     0.00     0.00     0.00     0.00 -1    -1e-30      0.00 7.533e-01 2.428e-01 6.805e-04 1.858e-04 1.691e-03 -1.000 3.850e-03 0.686 0.895 0.889 0.905
0.004 -0.58336 8.85001 2.0290470123 2.5697568558    2.029  1.672  3.9884  3.979    1  0.000  0.537     0.00     0.00     0.00     0.00     0.00 -1    -1e-30      0.00 7.533e-01 2.429e-01 6.808e-04 1.860e-04 1.692e-03 -1.000 3.820e-03 0.590 0.779 0.775 0.785
0.004 -0.58336 8.85001 2.0499999523 2.5706083333    2.050  1.700  3.9839  3.937    1  0.000  0.537     0.00     0.00     0.00     0.00     0.00 -1    -1e-30      0.00 7.532e-01 2.430e-01 6.810e-04 1.861e-04 1.692e-03 -1.000 3.831e-03 0.520 0.689 0.688 0.691
0.004 -0.58336 8.85001 2.0683538914 2.5713379160    2.068  1.724  3.9789  3.897    1  0.000  0.537     0.00     0.00     0.00     0.00     0.00 -1    -1e-30      0.00 7.531e-01 2.431e-01 6.812e-04 1.862e-04 1.693e-03 -1.000 3.863e-03 0.459 0.606 0.607 0.602
0.004 -0.58336 8.85001 2.0910527706 2.5722198728    2.090  1.755  3.9707  3.838    1  0.000  0.537     0.00     0.00     0.00     0.00     0.00 -1    -1e-30      0.00 7.530e-01 2.432e-01 6.815e-04 1.863e-04 1.694e-03 -1.000 3.827e-03 0.382 0.496 0.502 0.483
0.004 -0.58336 8.85001 2.0999999046 2.5725614918    2.099  1.767  3.9671  3.813    1  0.000  0.537     0.00     0.00     0.00     0.00     0.00 -1    -1e-30      0.00 7.529e-01 2.433e-01 6.816e-04 1.863e-04 1.694e-03 -1.000 3.834e-03 0.352 0.451 0.459 0.434
0.004 -0.58336 8.85001 2.1077690125 2.5728554276    2.107  1.778  3.9639  3.792    1  0.000  0.537     0.00     0.00     0.00     0.00     0.00 -1    -1e-30      0.00 7.528e-01 2.433e-01 6.817e-04 1.863e-04 1.694e-03 -1.000 3.848e-03 0.326 0.413 0.423 0.391
0.004 -0.58336 8.85001 2.1258842945 2.5735312128    2.125  1.803  3.9554  3.736    1  0.000  0.537     0.00     0.00     0.00     0.00     0.00 -1    -1e-30      0.00 7.527e-01 2.434e-01 6.820e-04 1.864e-04 1.694e-03 -1.000 3.856e-03 0.262 0.317 0.333 0.285
0.004 -0.58336 8.85001 2.1422181129 2.5741292861    2.141  1.830  3.9492  3.688    1  0.000  0.537     0.00     0.00     0.00     0.00     0.00 -1    -1e-30      0.00 7.526e-01 2.435e-01 6.822e-04 1.865e-04 1.695e-03 -1.000 3.881e-03 0.196 0.229 0.249 0.188
0.004 -0.58336 8.85001 2.1471397877 2.5743074461    2.146  1.838  3.9476  3.674    1  0.000  0.537     0.00     0.00     0.00     0.00     0.00 -1    -1e-30      0.00 7.525e-01 2.436e-01 6.823e-04 1.865e-04 1.695e-03 -1.000 3.900e-03 0.175 0.203 0.224 0.160
0.004 -0.58336 8.85001 2.1500000954 2.5744105556    2.149  1.846  3.9504  3.677    1  0.000  0.537     0.00     0.00     0.00     0.00     0.00 -1    -1e-30      0.00 7.525e-01 2.436e-01 6.824e-04 1.865e-04 1.695e-03 -1.000 3.865e-03 0.154 0.190 0.209 0.152
0.004 -0.58336 8.85001 2.1501085758 2.5744144600    2.149  1.847  3.9505  3.677    1  0.000  0.537     0.00     0.00     0.00     0.00     0.00 -1    -1e-30      0.00 7.525e-01 2.436e-01 6.824e-04 1.865e-04 1.695e-03 -1.000 3.863e-03 0.153 0.190 0.209 0.151
0.004 -0.58336 8.85001 2.1562378407 2.5746343257    2.155  1.869  3.9602  3.695    1  0.000  0.537     0.00     0.00     0.00     0.00     0.00 -1    -1e-30      0.00 7.525e-01 2.437e-01 6.825e-04 1.866e-04 1.696e-03 -1.000 3.811e-03 0.097 0.168 0.179 0.143
0.004 -0.58336 8.85001 2.1579546928 2.5746956543    2.157  1.884  3.9696  3.719    1  0.000  0.537     0.00     0.00     0.00     0.00     0.00 -1    -1e-30      0.00 7.525e-01 2.437e-01 6.825e-04 1.866e-04 1.696e-03 -1.000 3.816e-03 0.061 0.169 0.174 0.156
0.004 -0.58336 8.85001 2.1587762833 2.5747249631    2.157  1.897  3.9791  3.743    1  0.000  0.537     0.00     0.00     0.00     0.00     0.00 -1    -1e-30      0.00 7.525e-01 2.437e-01 6.826e-04 1.866e-04 1.696e-03 -1.000 3.818e-03 0.027 0.173 0.173 0.172
0.004 -0.58336 8.85001 2.1592292786 2.5747411119    2.158  1.913  3.9889  3.766    1  0.000  0.537     0.00     0.00     0.00     0.00     0.00 -1    -1e-30      0.00 7.525e-01 2.437e-01 6.826e-04 1.866e-04 1.696e-03 -1.000 3.819e-03 -0.013 0.176 0.170 0.185
0.004 -0.58336 8.85001 2.1594927311 2.5747505001    2.158  1.931  3.9982  3.786    1  0.000  0.537     0.00     0.00     0.00     0.00     0.00 -1    -1e-30      0.00 7.525e-01 2.437e-01 6.826e-04 1.866e-04 1.696e-03 -1.000 3.819e-03 -0.057 0.174 0.163 0.191
0.004 -0.58336 8.85001 2.1596822739 2.5747572529    2.158  1.947  4.0064  3.802    1  0.000  0.537     0.00     0.00     0.00     0.00     0.00 -1    -1e-30      0.00 7.525e-01 2.437e-01 6.826e-04 1.866e-04 1.696e-03 -1.000 3.820e-03 -0.098 0.171 0.157 0.196
0.004 -0.58336 8.85001 2.1597723961 2.5747604632    2.158  1.955  4.0103  3.811    1  0.000  0.537     0.00     0.00     0.00     0.00     0.00 -1    -1e-30      0.00 7.525e-01 2.437e-01 6.826e-04 1.866e-04 1.696e-03 -1.000 3.820e-03 -0.117 0.170 0.154 0.199
0.004 -0.58336 8.85001 2.1598513126 2.5747632741    2.159  1.931  4.0043  3.810    2  0.000  0.537     0.00     0.00     0.00     0.00     0.00 -1    -1e-30      0.00 7.525e-01 2.437e-01 6.826e-04 1.866e-04 1.696e-03 -1.000 3.820e-03 -0.058 0.202 0.189 0.225
0.004 -0.58336 8.85001 2.1599202156 2.5747657281    2.159  1.910  3.9958  3.797    2  0.000  0.537     0.00     0.00     0.00     0.00     0.00 -1    -1e-30      0.00 7.525e-01 2.437e-01 6.826e-04 1.866e-04 1.696e-03 -1.000 3.820e-03 -0.005 0.215 0.206 0.230
0.004 -0.58336 8.85001 2.1600050926 2.5747687508    2.159  1.902  3.9842  3.759    2  0.000  0.537     0.00     0.00     0.00     0.00     0.00 -1    -1e-30      0.00 7.525e-01 2.437e-01 6.826e-04 1.866e-04 1.696e-03 -1.000 3.820e-03 0.015 0.184 0.181 0.188
0.004 -0.58336 8.85001 2.1601049900 2.5747723081    2.159  1.913  3.9729  3.703    2  0.000  0.537     0.00     0.00     0.00     0.00     0.00 -1    -1e-30      0.00 7.525e-01 2.437e-01 6.826e-04 1.866e-04 1.696e-03 -1.000 3.820e-03 -0.011 0.110 0.113 0.101
0.004 -0.58336 8.85001 2.1602284908 2.5747767053    2.159  1.928  3.9614  3.642    2  0.000  0.537     0.00     0.00     0.00     0.00     0.00 -1    -1e-30      0.00 7.525e-01 2.437e-01 6.826e-04 1.866e-04 1.696e-03 -1.000 3.821e-03 -0.050 0.025 0.035 0.003
0.004 -0.58336 8.85001 2.1603722572 2.5747818233    2.159  1.940  3.9497  3.583    2  0.000  0.537     0.00     0.00     0.00     0.00     0.00 -1    -1e-30      0.00 7.525e-01 2.437e-01 6.826e-04 1.866e-04 1.696e-03 -1.000 3.821e-03 -0.079 -0.047 -0.029 -0.084
0.004 -0.58336 8.85001 2.1605343819 2.5747875940    2.159  1.947  3.9381  3.530    2  0.000  0.537     0.00     0.00     0.00     0.00     0.00 -1    -1e-30      0.00 7.525e-01 2.437e-01 6.826e-04 1.866e-04 1.696e-03 -1.000 3.821e-03 -0.097 -0.102 -0.075 -0.158
0.004 -0.58336 8.85001 2.1607136726 2.5747939745    2.159  1.951  3.9263  3.478    2  0.000  0.537     0.00     0.00     0.00     0.00     0.00 -1    -1e-30      0.00 7.524e-01 2.437e-01 6.826e-04 1.866e-04 1.696e-03 -1.000 3.822e-03 -0.108 -0.145 -0.107 -0.221
0.004 -0.58336 8.85001 2.1609065533 2.5748008373    2.160  1.953  3.9145  3.429    2  0.000  0.537     0.00     0.00     0.00     0.00     0.00 -1    -1e-30      0.00 7.524e-01 2.437e-01 6.826e-04 1.866e-04 1.696e-03 -1.000 3.822e-03 -0.113 -0.175 -0.124 -0.276
0.004 -0.58336 8.85001 2.1611084938 2.5748080209    2.160  1.954  3.9026  3.381    2  0.000  0.537     0.00     0.00     0.00     0.00     0.00 -1    -1e-30      0.00 7.524e-01 2.437e-01 6.826e-04 1.866e-04 1.696e-03 -1.000 3.822e-03 -0.114 -0.196 -0.130 -0.324
0.004 -0.58336 8.85001 2.1613144875 2.5748153471    2.160  1.953  3.8906  3.334    2  0.000  0.537     0.00     0.00     0.00     0.00     0.00 -1    -1e-30      0.00 7.524e-01 2.437e-01 6.826e-04 1.866e-04 1.696e-03 -1.000 3.823e-03 -0.112 -0.208 -0.126 -0.366
0.004 -0.58336 8.85001 2.1615188122 2.5748226124    2.160  1.951  3.8786  3.288    2  0.000  0.537     0.00     0.00     0.00     0.00     0.00 -1    -1e-30      0.00 7.524e-01 2.437e-01 6.826e-04 1.866e-04 1.696e-03 -1.000 3.823e-03 -0.107 -0.212 -0.112 -0.402
0.004 -0.58336 8.85001 2.1617178917 2.5748296897    2.160  1.948  3.8665  3.243    2  0.000  0.537     0.00     0.00     0.00     0.00     0.00 -1    -1e-30      0.00 7.524e-01 2.437e-01 6.827e-04 1.866e-04 1.696e-03 -1.000 3.824e-03 -0.099 -0.212 -0.093 -0.432
0.004 -0.58336 8.85001 2.1619088650 2.5748364773    2.161  1.944  3.8544  3.198    2  0.000  0.537     0.00     0.00     0.00     0.00     0.00 -1    -1e-30      0.00 7.524e-01 2.437e-01 6.827e-04 1.866e-04 1.696e-03 -1.000 3.824e-03 -0.090 -0.206 -0.068 -0.457
0.004 -0.58336 8.85001 2.1620895863 2.5748428993    2.161  1.939  3.8423  3.155    2  0.000  0.537     0.00     0.00     0.00     0.00     0.00 -1    -1e-30      0.00 7.524e-01 2.437e-01 6.827e-04 1.866e-04 1.696e-03 -1.000 3.824e-03 -0.078 -0.196 -0.039 -0.478
0.004 -0.58336 8.85001 2.1622600555 2.5748489559    2.161  1.934  3.8302  3.112    2  0.000  0.537     0.00     0.00     0.00     0.00     0.00 -1    -1e-30      0.00 7.524e-01 2.437e-01 6.827e-04 1.866e-04 1.696e-03 -1.000 3.825e-03 -0.065 -0.183 -0.006 -0.496
0.004 -0.58336 8.85001 2.1624200344 2.5748546388    2.161  1.928  3.8182  3.070    2  0.000  0.537     0.00     0.00     0.00     0.00     0.00 -1    -1e-30      0.00 7.524e-01 2.438e-01 6.827e-04 1.866e-04 1.696e-03 -1.000 3.825e-03 -0.049 -0.167 0.031 -0.508
0.004 -0.58336 8.85001 2.1625714302 2.5748600159    2.161  1.921  3.8067  3.031    2  0.000  0.537     0.00     0.00     0.00     0.00     0.00 -1    -1e-30      0.00 7.524e-01 2.438e-01 6.827e-04 1.866e-04 1.696e-03 -1.000 3.825e-03 -0.032 -0.147 0.071 -0.516
0.004 -0.58336 8.85001 2.1627228260 2.5748653921    2.161  1.913  3.7961  2.997    2  0.000  0.537     0.00     0.00     0.00     0.00     0.00 -1    -1e-30      0.00 7.524e-01 2.438e-01 6.827e-04 1.866e-04 1.696e-03 -1.000 3.826e-03 -0.012 -0.122 0.116 -0.517
0.004 -0.58336 8.85001 2.1628930569 2.5748714361    2.162  1.901  3.7861  2.968    2  0.000  0.537     0.00     0.00     0.00     0.00     0.00 -1    -1e-30      0.00 7.524e-01 2.438e-01 6.827e-04 1.866e-04 1.696e-03 -1.000 3.826e-03 0.016 -0.089 0.167 -0.508
0.004 -0.58336 8.85001 2.1631083488 2.5748790785    2.162  1.883  3.7758  2.945    2  0.000  0.537     0.00     0.00     0.00     0.00     0.00 -1    -1e-30      0.00 7.524e-01 2.438e-01 6.827e-04 1.866e-04 1.696e-03 -1.000 3.826e-03 0.061 -0.038 0.239 -0.482
0.004 -0.58336 8.85001 2.1633136272 2.5748863637    2.162  1.863  3.7675  2.932    2  0.000  0.537     0.00     0.00     0.00     0.00     0.00 -1    -1e-30      0.00 7.523e-01 2.439e-01 6.829e-04 1.867e-04 1.697e-03 -1.000 3.834e-03 0.114 0.021 0.315 -0.442
0.004 -0.58336 8.85001 2.1635384560 2.5748943410    2.162  1.833  3.7592  2.929    2  0.000  0.537     0.00     0.00     0.00     0.00     0.00 -1    -1e-30      0.00 7.508e-01 2.453e-01 6.860e-04 1.875e-04 1.704e-03 -1.000 3.900e-03 0.188 0.103 0.412 -0.379
0.004 -0.58336 8.85001 2.1637382507 2.5749014284    2.162  1.802  3.7525  2.932    2  0.000  0.537     0.00     0.00     0.00     0.00     0.00 -1    -1e-30      0.00 7.465e-01 2.496e-01 6.956e-04 1.900e-04 1.727e-03 -1.000 3.902e-03 0.264 0.186 0.509 -0.310
0.004 -0.58336 8.85001 2.1639845371 2.5749101630    2.163  1.766  3.7441  2.935    2  0.000  0.537     0.00     0.00     0.00     0.00     0.00 -1    -1e-30      0.00 7.439e-01 2.522e-01 7.013e-04 1.916e-04 1.740e-03 -1.000 3.929e-03 0.354 0.287 0.626 -0.228
0.004 -0.58336 8.85001 2.1642305851 2.5749188869    2.163  1.748  3.7360  2.921    2  0.000  0.537     0.00     0.00     0.00     0.00     0.00 -1    -1e-30      0.00 7.425e-01 2.535e-01 7.041e-04 1.923e-04 1.747e-03 -1.000 4.000e-03 0.400 0.343 0.698 -0.189
0.004 -0.58336 8.85001 2.1643445492 2.5749229268    2.163  1.753  3.7326  2.902    3  0.000  0.537     0.00     0.00     0.00     0.00     0.00 -1    -1e-30      0.00 7.421e-01 2.539e-01 7.047e-04 1.925e-04 1.749e-03 -1.000 3.966e-03 0.386 0.335 0.697 -0.205
0.004 -0.58336 8.85001 2.1646292210 2.5749330160    2.163  1.781  3.7250  2.844    3  0.000  0.537     0.00     0.00     0.00     0.00     0.00 -1    -1e-30      0.00 7.413e-01 2.548e-01 7.048e-04 1.933e-04 1.751e-03 -1.000 3.931e-03 0.317 0.275 0.654 -0.280
0.004 -0.58336 8.85001 2.1648564339 2.5749410666    2.164  1.815  3.7205  2.792    3  0.000  0.529     0.00     0.00     0.00     0.00     0.00 -1    -1e-30      0.00 7.406e-01 2.554e-01 6.959e-04 1.986e-04 1.753e-03 -1.000 3.975e-03 0.231 0.197 0.585 -0.368
0.004 -0.58336 8.85001 2.1651406288 2.5749511335    2.164  1.857  3.7163  2.734    3  0.000  0.491     0.00     0.00     0.00     0.00     0.00 -1    -1e-30      0.00 7.398e-01 2.562e-01 6.456e-04 2.476e-04 1.754e-03 -1.000 3.992e-03 0.128 0.102 0.499 -0.473
0.004 -0.58336 8.85001 2.1654243469 2.5749611804    2.164  1.895  3.7128  2.681    3  0.000  0.446     0.00     0.00     0.00     0.00     0.00 -1    -1e-30      0.00 7.388e-01 2.572e-01 5.868e-04 3.171e-04 1.755e-03 -1.000 3.999e-03 0.032 0.011 0.416 -0.571
0.004 -0.58336 8.85001 2.1657075882 2.5749712074    2.164  1.933  3.7097  2.631    3  0.000  0.411     0.00     0.00     0.00     0.00     0.00 -1    -1e-30      0.00 7.379e-01 2.581e-01 5.412e-04 3.734e-04 1.755e-03 -1.000 4.000e-03 -0.063 -0.077 0.334 -0.666
0.004 -0.58336 8.85001 2.1659908295 2.5749812314    2.165  1.971  3.7069  2.582    3  0.000  0.387     0.00     0.00     0.00     0.00     0.00 -1    -1e-30      0.00 7.370e-01 2.590e-01 5.100e-04 4.122e-04 1.756e-03 -1.000 4.000e-03 -0.157 -0.165 0.253 -0.760
0.004 -0.58336 8.85001 2.1662735939 2.5749912356    2.165  2.008  3.7041  2.533    3  0.000  0.370     0.00     0.00     0.00     0.00     0.00 -1    -1e-30      0.00 7.360e-01 2.600e-01 4.869e-04 4.408e-04 1.756e-03 -1.000 4.047e-03 -0.251 -0.253 0.172 -0.854
0.004 -0.58336 8.85001 2.1663300991 2.5749932343    2.165  2.016  3.7035  2.524    3  0.000  0.367     0.00     0.00     0.00     0.00     0.00 -1    -1e-30      0.00 7.358e-01 2.601e-01 4.830e-04 4.458e-04 1.756e-03 -1.000 4.067e-03 -0.270 -0.271 0.155 -0.873
0.004 -0.58336 8.85001 2.1664543152 2.5749976279    2.165  2.033  3.7024  2.502    3  0.000  0.362     0.00     0.00     0.00     0.00     0.00 -1    -1e-30      0.00 7.354e-01 2.605e-01 4.764e-04 4.541e-04 1.756e-03 -1.000 4.067e-03 -0.311 -0.310 0.119 -0.914
0.004 -0.58336 8.85001 2.1665754318 2.5750019112    2.165  2.049  3.7012  2.481    3  0.000  0.358     0.00     0.00     0.00     0.00     0.00 -1    -1e-30      0.00 7.350e-01 2.610e-01 4.713e-04 4.617e-04 1.756e-03 -1.000 4.051e-03 -0.352 -0.348 0.083 -0.956
0.004 -0.58336 8.85001 2.1668784618 2.5750126255    2.165  2.090  3.6983  2.429    3  0.000  0.351     0.00     0.00     0.00     0.00     0.00 -1    -1e-30      0.00 7.335e-01 2.625e-01 4.596e-04 4.859e-04 1.748e-03 -1.000 4.026e-03 -0.454 -0.444 -0.005 -1.058
0.004 -0.58336 8.85001 2.1671812534 2.5750233280    2.166  2.130  3.6956  2.378    3  0.000  0.348     0.00     0.00     0.00     0.00     0.00 -1    -1e-30      0.00 7.309e-01 2.650e-01 4.501e-04 5.198e-04 1.723e-03 -1.000 4.021e-03 -0.555 -0.539 -0.093 -1.159
0.004 -0.58336 8.85001 2.1674838066 2.5750340186    2.166  2.170  3.6929  2.327    3  0.000  0.348     0.00     0.00     0.00     0.00     0.00 -1    -1e-30      0.00 7.276e-01 2.684e-01 4.424e-04 5.533e-04 1.696e-03 -1.000 4.027e-03 -0.655 -0.633 -0.180 -1.259
0.004 -0.58336 8.85001 2.1677861214 2.5750446974    2.166  2.210  3.6903  2.277    3  0.000  0.348     0.00     0.00     0.00     0.00     0.00 -1    -1e-30      0.00 7.241e-01 2.719e-01 4.362e-04 5.809e-04 1.674e-03 -1.000 4.060e-03 -0.754 -0.726 -0.266 -1.359
0.004 -0.58336 8.85001 2.1680877209 2.5750553475    2.167  2.250  3.6876  2.226    3  0.000  0.347     0.00     0.00     0.00     0.00     0.00 -1    -1e-30      0.00 7.207e-01 2.752e-01 4.312e-04 6.033e-04 1.655e-03 -1.000 4.045e-03 -0.854 -0.818 -0.351 -1.457
0.004 -0.58336 8.85001 2.1683895588 2.5750660026    2.167  2.290  3.6848  2.175    3  0.000  0.347     0.00     0.00     0.00     0.00     0.00 -1    -1e-30      0.00 7.179e-01 2.781e-01 4.274e-04 6.202e-04 1.641e-03 -1.000 4.008e-03 -0.955 -0.911 -0.436 -1.556
0.004 -0.58336 8.85001 2.1686987877 2.5750769150    2.167  2.332  3.6818  2.122    3  0.000  0.347     0.00     0.00     0.00     0.00     0.00 -1    -1e-30      0.00 7.155e-01 2.805e-01 4.244e-04 6.335e-04 1.630e-03 -1.000 4.025e-03 -1.059 -1.007 -0.524 -1.659
0.004 -0.58336 8.85001 2.1689715385 2.5750865373    2.168  2.369  3.6792  2.074    3  0.000  0.347     0.00     0.00     0.00     0.00     0.00 -1    -1e-30      0.00 7.137e-01 2.823e-01 4.224e-04 6.429e-04 1.622e-03 -1.000 4.048e-03 -1.152 -1.092 -0.602 -1.750
0.004 -0.58336 8.85001 2.1692473888 2.5750962660    2.168  2.406  3.6765  2.026    3  0.000  0.347     0.00     0.00     0.00     0.00     0.00 -1    -1e-30      0.00 7.121e-01 2.838e-01 4.207e-04 6.505e-04 1.616e-03 -1.000 4.061e-03 -1.246 -1.178 -0.681 -1.843
0.004 -0.58336 8.85001 2.1695616245 2.5751073450    2.168  2.450  3.6733  1.970    3  0.000  0.347     0.00     0.00     0.00     0.00     0.00 -1    -1e-30      0.00 7.108e-01 2.852e-01 4.192e-04 6.570e-04 1.611e-03 -1.000 4.061e-03 -1.354 -1.278 -0.770 -1.951
0.004 -0.58336 8.85001 2.1698281765 2.5751167400    2.168  2.486  3.6706  1.923    3  0.000  0.347     0.00     0.00     0.00     0.00     0.00 -1    -1e-30      0.00 7.100e-01 2.860e-01 4.184e-04 6.608e-04 1.607e-03 -1.000 4.060e-03 -1.445 -1.362 -0.846 -2.042
0.004 -0.58336 8.85001 2.1701343060 2.5751275266    2.169  2.525  3.6678  1.872    3  0.000  0.347     4.78     3.52     2.61     1.93     1.57  4    -1e-30      0.00 7.093e-01 2.866e-01 4.177e-04 6.636e-04 1.605e-03 -1.000 4.059e-03 -1.542 -1.451 -0.925 -2.138
0.004 -0.58336 8.85001 2.1702077389 2.5751301135    2.169  2.533  3.6672  1.862    3  0.000  0.347     4.88     3.59     2.66     1.97     1.60  4    -1e-30      0.00 7.092e-01 2.867e-01 4.176e-04 6.641e-04 1.605e-03 -1.000 4.059e-03 -1.563 -1.470 -0.943 -2.159
0.004 -0.58336 8.85001 2.1702318192 2.5751309618    2.169  2.528  3.6676  1.869    3  0.000  0.347     4.81     3.54     2.62     1.94     1.58  4    -1e-30      0.00 7.092e-01 2.867e-01 4.176e-04 6.641e-04 1.605e-03 -1.000 4.059e-03 -1.550 -1.458 -0.931 -2.146
0.004 -0.58336 8.85001 2.1703400612 2.5751347745    2.169  2.502  3.6695  1.903    4  0.000  0.347     0.00     0.00     0.00     0.00     0.00 -1    -1e-30      0.00 7.092e-01 2.867e-01 4.176e-04 6.641e-04 1.605e-03 -1.000 4.059e-03 -1.484 -1.398 -0.878 -2.081
0.004 -0.58336 8.85001 2.1704683304 2.5751392921    2.169  2.459  3.6728  1.958    4  0.000  0.347     0.00     0.00     0.00     0.00     0.00 -1    -1e-30      0.00 7.092e-01 2.867e-01 4.176e-04 6.641e-04 1.605e-03 -1.000 4.059e-03 -1.378 -1.301 -0.791 -1.975
0.004 -0.58336 8.85001 2.1706674099 2.5751463025    2.169  2.418  3.6759  2.012    4  0.000  0.347     0.00     0.00     0.00     0.00     0.00 -1    -1e-30      0.00 7.092e-01 2.867e-01 4.176e-04 6.642e-04 1.605e-03 -1.000 4.058e-03 -1.275 -1.206 -0.706 -1.872
0.004 -0.58336 8.85001 2.1709542274 2.5751563998    2.170  2.380  3.6788  2.062    4  0.000  0.347     0.00     0.00     0.00     0.00     0.00 -1    -1e-30      0.00 7.092e-01 2.867e-01 4.176e-04 6.642e-04 1.605e-03 -1.000 4.058e-03 -1.179 -1.118 -0.627 -1.778
0.004 -0.58336 8.85001 2.1713857651 2.5751715861    2.170  2.346  3.6814  2.106    4  0.000  0.347     0.00     0.00     0.00     0.00     0.00 -1    -1e-30      0.00 7.092e-01 2.867e-01 4.176e-04 6.643e-04 1.605e-03 -1.000 4.057e-03 -1.094 -1.041 -0.557 -1.694
0.004 -0.58336 8.85001 2.1719901562 2.5751928437    2.171  2.307  3.6843  2.157    4  0.000  0.347     0.00     0.00     0.00     0.00     0.00 -1    -1e-30      0.00 7.092e-01 2.867e-01 4.175e-04 6.644e-04 1.604e-03 -1.000 4.056e-03 -0.998 -0.953 -0.477 -1.599
0.004 -0.58336 8.85001 2.1724786758 2.5752100159    2.171  2.276  3.6865  2.197    4  0.000  0.347     0.00     0.00     0.00     0.00     0.00 -1    -1e-30      0.00 7.092e-01 2.867e-01 4.175e-04 6.645e-04 1.604e-03 -1.000 4.055e-03 -0.920 -0.882 -0.412 -1.523
0.004 -0.58336 8.85001 2.1728777885 2.5752240387    2.171  2.246  3.6888  2.236    4  0.000  0.347     0.00     0.00     0.00     0.00     0.00 -1    -1e-30      0.00 7.092e-01 2.867e-01 4.175e-04 6.646e-04 1.604e-03 -1.000 4.054e-03 -0.845 -0.813 -0.349 -1.449
0.004 -0.58336 8.85001 2.1732749939 2.5752379886    2.172  2.214  3.6911  2.277    4  0.000  0.347     0.00     0.00     0.00     0.00     0.00 -1    -1e-30      0.00 7.092e-01 2.867e-01 4.175e-04 6.647e-04 1.604e-03 -1.000 4.053e-03 -0.766 -0.739 -0.282 -1.370
0.004 -0.58336 8.85001 2.1736900806 2.5752525603    2.172  2.181  3.6936  2.321    4  0.000  0.347     0.00     0.00     0.00     0.00     0.00 -1    -1e-30      0.00 7.092e-01 2.867e-01 4.175e-04 6.647e-04 1.604e-03 -1.000 4.052e-03 -0.682 -0.661 -0.210 -1.286
0.004 -0.58336 8.85001 2.1741313934 2.5752680456    2.173  2.145  3.6961  2.367    4  0.000  0.347     0.00     0.00     0.00     0.00     0.00 -1    -1e-30      0.00 7.092e-01 2.867e-01 4.174e-04 6.648e-04 1.604e-03 -1.000 4.051e-03 -0.592 -0.578 -0.133 -1.196
0.004 -0.58336 8.85001 2.1745922565 2.5752842093    2.173  2.109  3.6987  2.413    4  0.000  0.347     0.00     0.00     0.00     0.00     0.00 -1    -1e-30      0.00 7.092e-01 2.867e-01 4.174e-04 6.649e-04 1.604e-03 -1.000 4.051e-03 -0.502 -0.493 -0.055 -1.106
0.004 -0.58336 8.85001 2.1750965118 2.5753018857    2.174  2.072  3.7014  2.461    4  0.000  0.347     0.00     0.00     0.00     0.00     0.00 -1    -1e-30      0.00 7.092e-01 2.868e-01 4.174e-04 6.650e-04 1.604e-03 -1.000 4.049e-03 -0.409 -0.406 0.025 -1.013
0.004 -0.58336 8.85001 2.1756641865 2.5753217741    2.174  2.034  3.7041  2.510    4  0.000  0.347     0.00     0.00     0.00     0.00     0.00 -1    -1e-30      0.00 7.092e-01 2.868e-01 4.174e-04 6.651e-04 1.604e-03 -1.000 4.048e-03 -0.314 -0.316 0.108 -0.917
0.004 -0.58336 8.85001 2.1765217781 2.5753517969    2.175  1.985  3.7077  2.573    4  0.000  0.347     0.00     0.00     0.00     0.00     0.00 -1    -1e-30      0.00 7.092e-01 2.868e-01 4.173e-04 6.653e-04 1.604e-03 -1.000 4.047e-03 -0.193 -0.204 0.213 -0.796
0.004 -0.58336 8.85001 2.1774435043 2.5753840347    2.176  1.944  3.7110  2.627    4  0.000  0.347     0.00     0.00     0.00     0.00     0.00 -1    -1e-30      0.00 7.092e-01 2.868e-01 4.173e-04 6.654e-04 1.604e-03 -1.000 4.045e-03 -0.091 -0.108 0.301 -0.694
0.004 -0.58336 8.85001 2.1790356636 2.5754396473    2.178  1.895  3.7155  2.695    4  0.000  0.347     0.00     0.00     0.00     0.00     0.00 -1    -1e-30      0.00 7.092e-01 2.868e-01 4.172e-04 6.657e-04 1.603e-03 -1.000 4.042e-03 0.032 0.006 0.405 -0.569
0.004 -0.58336 8.85001 2.1820721626 2.5755454507    2.181  1.853  3.7218  2.763    4  0.000  0.347     0.00     0.00     0.00     0.00     0.00 -1    -1e-30      0.00 7.091e-01 2.868e-01 4.171e-04 6.663e-04 1.603e-03 -1.000 4.036e-03 0.138 0.101 0.486 -0.461
0.004 -0.58336 8.85001 2.1839935780 2.5756122255    2.182  1.839  3.7252  2.791    4  0.000  0.347     0.00     0.00     0.00     0.00     0.00 -1    -1e-30      0.00 7.091e-01 2.868e-01 4.170e-04 6.666e-04 1.603e-03 -1.000 4.032e-03 0.173 0.131 0.509 -0.424
0.004 -0.58336 8.85001 2.1872022152 2.5757234342    2.186  1.846  3.7256  2.786    4  0.000  0.347     0.00     0.00     0.00     0.00     0.00 -1    -1e-30      0.00 7.091e-01 2.869e-01 4.168e-04 6.672e-04 1.602e-03 -1.000 4.025e-03 0.155 0.113 0.490 -0.442
0.004 -0.58336 8.85001 2.2000000477 2.5761632879    2.199  1.876  3.7267  2.762    4  0.000  0.347     0.00     0.00     0.00     0.00     0.00 -1    -1e-30      0.00 7.090e-01 2.870e-01 4.162e-04 6.696e-04 1.600e-03 -1.000 4.000e-03 0.079 0.035 0.410 -0.517
0.004 -0.58336 8.85001 2.2164404392 2.5767197711    2.215  1.917  3.7284  2.732    5  0.000  0.347     0.00     0.00     0.00     0.00     0.00 -1    -1e-30      0.00 7.089e-01 2.871e-01 4.159e-04 6.717e-04 1.598e-03 -1.000 4.000e-03 -0.023 -0.069 0.302 -0.617
0.004 -0.58336 8.85001 2.2371973991 2.5774089471    2.236  1.975  3.7287  2.679    5  0.000  0.347     0.00     0.00     0.00     0.00     0.00 -1    -1e-30      0.00 7.089e-01 2.871e-01 4.155e-04 6.744e-04 1.596e-03 -1.000 4.000e-03 -0.167 -0.214 0.156 -0.761
0.004 -0.58336 8.85001 2.2500000000 2.5778267375    2.249  2.012  3.7289  2.645    5  0.000  0.347     0.00     0.00     0.00     0.00     0.00 -1    -1e-30      0.00 7.088e-01 2.872e-01 4.153e-04 6.760e-04 1.594e-03 -1.000 4.000e-03 -0.261 -0.308 0.061 -0.855
0.004 -0.58336 8.85001 2.2691898346 2.5784428224    2.268  2.070  3.7288  2.591    5  0.000  0.348     0.00     0.00     0.00     0.00     0.00 -1    -1e-30      0.00 7.088e-01 2.872e-01 4.151e-04 6.781e-04 1.592e-03 -1.000 4.000e-03 -0.406 -0.453 -0.084 -1.000
0.004 -0.58336 8.85001 2.2902734280 2.5791060362    2.289  2.130  3.7276  2.530    5  0.000  0.348     0.00     0.00     0.00     0.00     0.00 -1    -1e-30      0.00 7.088e-01 2.872e-01 4.148e-04 6.804e-04 1.590e-03 -1.000 4.000e-03 -0.555 -0.601 -0.229 -1.150
0.004 -0.58336 8.85001 2.2911939621 2.5791346732    2.290  2.133  3.7275  2.527    5  0.000  0.348     0.00     0.00     0.00     0.00     0.00 -1    -1e-30      0.00 7.088e-01 2.872e-01 4.148e-04 6.805e-04 1.590e-03 -1.000 4.000e-03 -0.562 -0.607 -0.235 -1.156
0.004 -0.58336 8.85001 2.2973635197 2.5793259219    2.296  2.145  3.7260  2.510    5  0.000  0.348     0.00     0.00     0.00     0.00     0.00 -1    -1e-30      0.00 7.088e-01 2.872e-01 4.147e-04 6.812e-04 1.589e-03 -1.000 4.000e-03 -0.593 -0.636 -0.260 -1.189
0.004 -0.58336 8.85001 2.2999999523 2.5794072884    2.299  2.150  3.7252  2.502    6  0.000  0.348     0.00     0.00     0.00     0.00     0.00 -1    -1e-30      0.00 7.088e-01 2.872e-01 4.147e-04 6.815e-04 1.589e-03 -1.000 4.000e-03 -0.606 -0.648 -0.270 -1.202
0.004 -0.58336 8.85001 2.3041603565 2.5795352526    2.303  2.159  3.7240  2.490    6  0.000  0.348     0.00     0.00     0.00     0.00     0.00 -1    -1e-30      0.00 7.088e-01 2.872e-01 4.146e-04 6.820e-04 1.589e-03 -1.000 4.008e-03 -0.626 -0.666 -0.287 -1.224
0.004 -0.58336 8.85001 2.3216235638 2.5800666315    2.320  2.197  3.7109  2.402    6  0.000  0.348     0.00     0.00     0.00     0.00     0.00 -1    -1e-30      0.00 7.088e-01 2.872e-01 4.142e-04 6.840e-04 1.587e-03 -1.000 4.043e-03 -0.722 -0.740 -0.330 -1.326
0.004 -0.58336 8.85001 2.3233151436 2.5801176159    2.322  2.222  3.7054  2.356    6  0.000  0.348     0.00     0.00     0.00     0.00     0.00 -1    -1e-30      0.00 7.088e-01 2.872e-01 4.141e-04 6.842e-04 1.587e-03 -1.000 4.047e-03 -0.784 -0.791 -0.368 -1.390
0.004 -0.58336 8.85001 2.3237543106 2.5801308385    2.322  2.254  3.7007  2.305    6  0.000  0.348     0.00     0.00     0.00     0.00     0.00 -1    -1e-30      0.00 7.088e-01 2.872e-01 4.141e-04 6.842e-04 1.587e-03 -1.000 4.048e-03 -0.866 -0.863 -0.428 -1.472
0.004 -0.58336 8.85001 2.3238995075 2.5801352089    2.323  2.287  3.6970  2.257    6  0.000  0.348     0.00     0.00     0.00     0.00     0.00 -1    -1e-30      0.00 7.088e-01 2.872e-01 4.141e-04 6.842e-04 1.587e-03 -1.000 4.048e-03 -0.948 -0.937 -0.493 -1.555
0.004 -0.58336 8.85001 2.3239388466 2.5801363928    2.323  2.301  3.6957  2.238    6  0.000  0.348     0.00     0.00     0.00     0.00     0.00 -1    -1e-30      0.00 7.088e-01 2.872e-01 4.141e-04 6.842e-04 1.587e-03 -1.000 4.048e-03 -0.982 -0.967 -0.520 -1.588
0.004 -0.58336 8.85001 2.3239603043 2.5801370386    2.323  2.316  3.6942  2.216    6  0.000  0.348     0.00     0.00     0.00     0.00     0.00 -1    -1e-30      0.00 7.088e-01 2.872e-01 4.141e-04 6.842e-04 1.587e-03 -1.000 4.048e-03 -1.021 -1.003 -0.552 -1.628
0.004 -0.58336 8.85001 2.3240051270 2.5801383876    2.323  2.349  3.6913  2.173    7  0.000  0.348     0.00     0.00     0.00     0.00     0.00 -1    -1e-30      0.00 7.088e-01 2.872e-01 4.141e-04 6.843e-04 1.587e-03 -1.000 4.048e-03 -1.102 -1.077 -0.619 -1.708
0.004 -0.58336 8.85001 2.3241112232 2.5801415803    2.323  2.383  3.6885  2.127    7  0.000  0.348     0.00     0.00     0.00     0.00     0.00 -1    -1e-30      0.00 7.088e-01 2.872e-01 4.141e-04 6.843e-04 1.587e-03 -1.000 4.049e-03 -1.187 -1.155 -0.689 -1.793
0.004 -0.58336 8.85001 2.3243803978 2.5801496790    2.323  2.389  3.6882  2.120    7  0.000  0.348     0.00     0.00     0.00     0.00     0.00 -1 -3.25e-30      0.00 7.088e-01 2.871e-01 4.141e-04 6.843e-04 1.587e-03 -1.000 4.054e-03 -1.201 -1.168 -0.701 -1.807
0.004 -0.58336 8.85001 2.3263130188 2.5802077628    2.325  2.391  3.6877  2.116    7  0.000  0.348     0.00     0.00     0.00     0.00     0.00 -1 -1.13e-19      0.00 7.088e-01 2.870e-01 4.141e-04 6.845e-04 1.586e-03 -1.000 4.162e-03 -1.208 -1.173 -0.705 -1.813
0.004 -0.58336 8.85001 2.3270318508 2.5802293385    2.326  2.443  3.6833  2.047    7  0.000  0.348     0.00     0.00     0.00     0.00     0.00 -1 -1.17e-10      0.00 7.088e-01 2.869e-01 4.140e-04 6.846e-04 1.586e-03 -1.000 4.251e-03 -1.338 -1.291 -0.811 -1.940
0.004 -0.58336 8.85001 2.3276879787 2.5802490188    2.326  2.491  3.6794  1.983    7  0.000  0.348     0.00     0.00     0.00     0.00     0.00 -1 -2.93e-10      0.00 7.088e-01 2.869e-01 4.140e-04 6.847e-04 1.586e-03 -1.000 4.256e-03 -1.459 -1.401 -0.910 -2.060
0.004 -0.58336 8.85001 2.3282370567 2.5802654784    2.327  2.536  3.6757  1.923    7  0.000  0.348     4.48     3.27     2.43     1.79     1.46  4 -3.67e-10      0.00 7.088e-01 2.869e-01 4.140e-04 6.847e-04 1.586e-03 -1.000 4.257e-03 -1.570 -1.503 -1.000 -2.172
0.004 -0.58336 8.85001 2.3287181854 2.5802798938    2.327  2.580  3.6705  1.858    7  0.000  0.348     5.09     3.67     2.72     2.01     1.64  4 -4.62e-10      0.00 7.088e-01 2.869e-01 4.140e-04 6.848e-04 1.586e-03 -1.000 4.258e-03 -1.681 -1.599 -1.081 -2.281
0.004 -0.58336 8.85001 2.3291461468 2.5802927104    2.327  2.624  3.6648  1.792    7  0.000  0.348     5.80     4.14     3.05     2.26     1.84  4  -5.8e-10      0.00 7.088e-01 2.869e-01 4.140e-04 6.849e-04 1.586e-03 -1.000 4.259e-03 -1.790 -1.691 -1.155 -2.386
0.004 -0.58336 8.85001 2.3295242786 2.5803040302    2.327  2.668  3.6612  1.733    7  0.000  0.348     6.51     4.60     3.38     2.50     2.04  4 -7.24e-10      0.00 7.088e-01 2.869e-01 4.139e-04 6.849e-04 1.586e-03 -1.000 4.259e-03 -1.900 -1.789 -1.241 -2.493
0.004 -0.58336 8.85001 2.3298623562 2.5803141474    2.327  2.712  3.6578  1.676    7  0.000  0.348     7.29     5.11     3.73     2.77     2.26  4    -9e-10      0.00 7.088e-01 2.869e-01 4.137e-04 6.851e-04 1.586e-03 -1.000 4.260e-03 -2.010 -1.887 -1.328 -2.600
0.004 -0.58336 8.85001 2.3300838470 2.5803207738    2.327  2.744  3.6554  1.635    7  0.000  0.348     7.91     5.51     4.00     2.98     2.43  4 -1.05e-09      0.00 7.088e-01 2.869e-01 4.134e-04 6.854e-04 1.586e-03 -1.000 4.260e-03 -2.090 -1.958 -1.390 -2.676
0.004 -0.58336 8.85001 2.3303546906 2.5803288747    2.327  2.786  3.6522  1.579    7  0.000  0.347     8.82     6.08     4.41     3.28     2.67  4  -1.3e-09      0.00 7.088e-01 2.869e-01 4.125e-04 6.863e-04 1.586e-03 -1.000 4.261e-03 -2.196 -2.051 -1.473 -2.777
0.004 -0.58336 8.85001 2.3306024075 2.5803362821    2.327  2.829  3.6488  1.523    7  0.000  0.346     9.84     6.73     4.85     3.62     2.95  4  -1.6e-09      0.00 7.088e-01 2.869e-01 4.112e-04 6.878e-04 1.586e-03 -1.000 4.261e-03 -2.302 -2.143 -1.554 -2.877
0.004 -0.58336 8.85001 2.3308312893 2.5803431246    2.327  2.871  3.6453  1.467    7  0.000  0.345    11.01     7.46     5.35     3.99     3.26  4 -1.96e-09      0.00 7.088e-01 2.869e-01 4.099e-04 6.895e-04 1.586e-03 -1.000 4.262e-03 -2.408 -2.233 -1.632 -2.976
0.004 -0.58336 8.85001 2.3310446739 2.5803495024    2.327  2.914  3.6417  1.409    7  0.000  0.344    12.32     8.27     5.91     4.42     3.61  4 -2.42e-09      0.00 7.088e-01 2.869e-01 4.087e-04 6.910e-04 1.586e-03 -1.000 4.262e-03 -2.516 -2.323 -1.709 -3.076
0.004 -0.58336 8.85001 2.3312435150 2.5803554443    2.327  2.958  3.6381  1.352    7  0.000  0.343    13.80     9.18     6.53     4.89     3.99  4    -3e-09      0.00 7.088e-01 2.869e-01 4.077e-04 6.923e-04 1.586e-03 -1.000 4.266e-03 -2.624 -2.413 -1.786 -3.176
0.004 -0.58336 8.85001 2.3314299583 2.5803610147    2.326  3.001  3.6346  1.294    7  0.000  0.342    15.47    10.19     7.21     5.41     4.42  4  -3.7e-09      0.00 7.088e-01 2.869e-01 4.068e-04 6.934e-04 1.586e-03 -1.000 4.288e-03 -2.733 -2.504 -1.862 -3.276
0.004 -0.58336 8.85001 2.3316063881 2.5803662850    2.326  3.045  3.6310  1.235    7  0.000  0.341    17.36    11.33     7.98     5.99     4.90  4 -4.58e-09      0.00 7.088e-01 2.869e-01 4.060e-04 6.944e-04 1.586e-03 -1.000 4.300e-03 -2.843 -2.595 -1.939 -3.378
0.004 -0.58336 8.85001 2.3317761421 2.5803713549    2.325  3.090  3.6272  1.175    7  0.000  0.341    19.53    12.63     8.85     6.66     5.44  4 -5.64e-09      0.00 7.088e-01 2.869e-01 4.053e-04 6.952e-04 1.586e-03 -1.000 4.300e-03 -2.956 -2.686 -2.015 -3.479
0.004 -0.58336 8.85001 2.3319425583 2.5803763244    2.325  3.136  3.6233  1.114    7  0.000  0.340    22.04    14.11     9.84     7.41     6.06  4 -7.01e-09      0.00 7.088e-01 2.869e-01 4.047e-04 6.961e-04 1.585e-03 -1.000 4.294e-03 -3.070 -2.778 -2.091 -3.582
0.004 -0.58336 8.85001 2.3321106434 2.5803813429    2.324  3.183  3.6193  1.051    7  0.000  0.340    24.94    15.81    10.97     8.28     6.77  4  -8.8e-09      0.00 7.088e-01 2.870e-01 4.042e-04 6.969e-04 1.585e-03 -1.000 4.251e-03 -3.187 -2.871 -2.167 -3.686
0.004 -0.58336 8.85001 2.3322851658 2.5803865527    2.322  3.230  3.6151  0.987    7  0.000  0.340    28.28    17.75    12.25     9.26     7.57  4  -1.1e-08      0.00 7.088e-01 2.870e-01 4.038e-04 6.977e-04 1.584e-03 -1.000 4.235e-03 -3.304 -2.962 -2.240 -3.790
0.004 -0.58336 8.85001 2.3324599266 2.5803917687    2.321  3.272  3.6114  0.929    7  0.000  0.340    31.67    19.69    13.52    10.24     8.38  3 -1.34e-08      0.00 7.088e-01 2.870e-01 4.035e-04 6.985e-04 1.584e-03 -1.000 4.235e-03 -3.410 -3.044 -2.304 -3.884
0.004 -0.58336 8.85001 2.3325715065 2.5803950985    2.319  3.301  3.6089  0.890    7  0.000  0.340    34.18    21.12    14.46    10.96     8.97  3 -1.53e-08      0.00 7.088e-01 2.870e-01 4.034e-04 6.989e-04 1.584e-03 -1.000 4.235e-03 -3.482 -3.099 -2.347 -3.946
0.004 -0.58336 8.85001 2.3326342106 2.5803969696    2.319  3.322  3.6071  0.862    7  0.000  0.340    36.13    22.23    15.18    11.52     9.42  3 -1.69e-08      0.00 7.088e-01 2.870e-01 4.033e-04 6.991e-04 1.583e-03 -1.000 4.234e-03 -3.534 -3.139 -2.377 -3.992
0.004 -0.58336 8.85001 2.3326904774 2.5803986485    2.318  3.353  3.6044  0.820    7  0.000  0.340    39.26    23.99    16.33    12.40    10.15  3 -1.94e-08      0.00 7.088e-01 2.870e-01 4.032e-04 6.993e-04 1.583e-03 -1.000 4.234e-03 -3.612 -3.198 -2.422 -4.059
0.004 -0.58336 8.85001 2.3327450752 2.5804002775    2.317  3.388  3.6012  0.772    7  0.000  0.340    43.15    26.16    17.74    13.49    11.04  3 -2.27e-08      0.00 7.088e-01 2.870e-01 4.032e-04 6.995e-04 1.583e-03 -1.000 4.234e-03 -3.700 -3.264 -2.472 -4.136
0.004 -0.58336 8.85001 2.3327994347 2.5804018993    2.316  3.424  3.5980  0.723    7  0.000  0.340    47.48    28.56    19.29    14.69    12.03  3 -2.69e-08      0.00 7.088e-01 2.870e-01 4.031e-04 6.996e-04 1.583e-03 -1.000 4.234e-03 -3.789 -3.330 -2.521 -4.212
0.004 -0.58336 8.85001 2.3328568935 2.5804036135    2.314  3.459  3.5949  0.675    7  0.000  0.340    52.15    31.14    20.95    15.97    13.08  3 -3.14e-08      0.00 7.088e-01 2.870e-01 4.031e-04 6.996e-04 1.583e-03 -1.000 4.234e-03 -3.877 -3.394 -2.567 -4.286
0.004 -0.58336 8.85001 2.3329193592 2.5804054769    2.313  3.491  3.5919  0.631    7  0.000  0.340    56.96    33.76    22.63    17.27    14.15  3 -3.65e-08      0.00 7.088e-01 2.870e-01 4.031e-04 6.997e-04 1.583e-03 -1.000 4.234e-03 -3.958 -3.452 -2.608 -4.354
0.004 -0.58336 8.85001 2.3329851627 2.5804074398    2.310  3.549  3.5865  0.550    7  0.000  0.340    66.67    39.02    25.98    19.88    16.29  2 -4.76e-08      0.00 7.088e-01 2.870e-01 4.031e-04 6.997e-04 1.583e-03 -1.000 4.234e-03 -4.103 -3.554 -2.677 -4.474
0.004 -0.58336 8.85001 2.3329958916 2.5804077598    2.310  3.580  3.5835  0.507    7  0.000  0.340    72.61    42.20    28.00    21.44    17.57  2 -5.43e-08      0.00 7.088e-01 2.870e-01 4.031e-04 6.997e-04 1.583e-03 -1.000 4.234e-03 -4.181 -3.607 -2.711 -4.538
0.004 -0.58336 8.85001 2.3330042362 2.5804080087    2.310  3.598  3.5818  0.483    7  0.000  0.340    76.17    44.09    29.20    22.38    18.34  2 -5.86e-08      0.00 7.088e-01 2.870e-01 4.031e-04 6.997e-04 1.583e-03 -1.000 4.234e-03 -4.225 -3.636 -2.728 -4.573
0.004 -0.58336 8.85001 2.3330140114 2.5804083003    2.309  3.611  3.5804  0.463    7  0.000  0.340    79.11    45.65    30.18    23.15    18.97  2 -6.23e-08      0.00 7.088e-01 2.870e-01 4.031e-04 6.997e-04 1.583e-03 -1.000 4.234e-03 -4.259 -3.658 -2.741 -4.600
0.004 -0.58336 8.85001 2.3330335617 2.5804088834    2.308  3.613  3.5802  0.461    7  0.000  0.340    79.54    45.88    30.33    23.26    19.06  2 -6.29e-08      0.00 7.088e-01 2.870e-01 4.031e-04 6.997e-04 1.583e-03 -1.000 4.234e-03 -4.263 -3.661 -2.743 -4.604
0.004 -0.58336 8.85001 2.3330352306 2.5804089332    2.308  3.612  3.5803  0.462    7  0.000  0.340    79.31    45.76    30.25    23.20    19.02  2 -6.26e-08      0.00 7.088e-01 2.870e-01 4.031e-04 6.997e-04 1.583e-03 -1.000 4.234e-03 -4.261 -3.660 -2.742 -4.602
0.004 -0.58336 8.85001 2.3330354691 2.5804089403    2.308  3.612  3.5803  0.462    7  0.000  0.340    79.29    45.74    30.24    23.19    19.01  2 -6.25e-08      0.00 7.088e-01 2.870e-01 4.031e-04 6.997e-04 1.583e-03 -1.000 4.234e-03 -4.261 -3.659 -2.742 -4.602
0.004 -0.58336 8.85001 2.3330357075 2.5804089474    2.308  3.612  3.5803  0.462    7  0.000  0.340    79.27    45.73    30.24    23.19    19.01  2 -6.25e-08      0.00 7.088e-01 2.870e-01 4.031e-04 6.997e-04 1.583e-03 -1.000 4.234e-03 -4.260 -3.659 -2.742 -4.602
0.004 -0.58336 8.85001 2.3330359459 2.5804089545    2.308  3.612  3.5803  0.463    7  0.000  0.340    79.23    45.71    30.22    23.18    19.00  2 -6.25e-08      0.00 7.088e-01 2.870e-01 4.031e-04 6.997e-04 1.583e-03 -1.000 4.234e-03 -4.260 -3.659 -2.742 -4.602
0.004 -0.58336 8.85001 2.3330361843 2.5804089616    2.308  3.612  3.5804  0.463    7  0.000  0.340    79.20    45.70    30.21    23.17    18.99  2 -6.24e-08      0.00 7.088e-01 2.870e-01 4.031e-04 6.997e-04 1.583e-03 -1.000 4.234e-03 -4.260 -3.659 -2.742 -4.601
0.004 -0.58336 8.85001 2.3330364227 2.5804089688    2.308  3.612  3.5804  0.463    7  0.000  0.340    79.17    45.68    30.20    23.16    18.99  2 -6.24e-08      0.00 7.088e-01 2.870e-01 4.031e-04 6.997e-04 1.583e-03 -1.000 4.234e-03 -4.259 -3.659 -2.741 -4.601
0.004 -0.58336 8.85001 2.3330366611 2.5804089759    2.308  3.612  3.5804  0.463    7  0.000  0.340    79.15    45.67    30.20    23.16    18.98  2 -6.24e-08      0.00 7.088e-01 2.870e-01 4.031e-04 6.997e-04 1.583e-03 -1.000 4.234e-03 -4.259 -3.658 -2.741 -4.601
0.004 -0.58336 8.85001 2.3330368996 2.5804089830    2.307  3.611  3.5804  0.463    7  0.000  0.340    79.12    45.65    30.19    23.15    18.97  2 -6.23e-08      0.00 7.088e-01 2.870e-01 4.031e-04 6.997e-04 1.583e-03 -1.000 4.234e-03 -4.259 -3.658 -2.741 -4.601
0.004 -0.58336 8.85001 2.3330373764 2.5804089972    2.308  3.611  3.5804  0.464    7  0.000  0.340    79.06    45.62    30.17    23.13    18.96  2 -6.23e-08      0.00 7.088e-01 2.870e-01 4.031e-04 6.997e-04 1.583e-03 -1.000 4.234e-03 -4.258 -3.658 -2.741 -4.600
0.004 -0.58336 8.85001 2.3330376148 2.5804090043    2.308  3.611  3.5804  0.464    7  0.000  0.340    79.04    45.61    30.16    23.13    18.96  2 -6.22e-08      0.00 7.088e-01 2.870e-01 4.031e-04 6.997e-04 1.583e-03 -1.000 4.234e-03 -4.258 -3.658 -2.741 -4.600
0.004 -0.58336 8.85001 2.3330378532 2.5804090114    2.307  3.606  3.5809  0.470    7  0.000  0.340    78.01    45.07    29.82    22.86    18.74  2  -6.1e-08      0.00 7.088e-01 2.870e-01 4.031e-04 6.997e-04 1.583e-03 -1.000 4.234e-03 -4.246 -3.650 -2.736 -4.590
0.004 -0.58336 8.85001 2.3330380917 2.5804090185    2.307  3.597  3.5818  0.484    7  0.000  0.340    76.01    44.01    29.14    22.34    18.31  2 -5.85e-08      0.00 7.088e-01 2.870e-01 4.031e-04 6.997e-04 1.583e-03 -1.000 4.234e-03 -4.222 -3.634 -2.727 -4.571
0.004 -0.58336 8.85001 2.3330395222 2.5804090612    2.307  3.551  3.5862  0.547    7  0.000  0.340    67.13    39.26    26.14    20.00    16.39  2 -4.82e-08      0.00 7.088e-01 2.870e-01 4.031e-04 6.997e-04 1.583e-03 -1.000 4.234e-03 -4.108 -3.557 -2.678 -4.479
0.004 -0.58336 8.85001 2.3330411911 2.5804091110    2.307  3.518  3.5894  0.593    7  0.000  0.340    61.27    36.11    24.13    18.44    15.10  3 -4.15e-08      0.00 7.088e-01 2.870e-01 4.031e-04 6.997e-04 1.583e-03 -1.000 4.234e-03 -4.024 -3.500 -2.641 -4.410
0.004 -0.58336 8.85001 2.3330435753 2.5804091821    2.307  3.477  3.5932  0.649    7  0.000  0.340    54.82    32.60    21.89    16.70    13.68  3 -3.43e-08      0.00 7.088e-01 2.870e-01 4.031e-04 6.997e-04 1.583e-03 -1.000 4.234e-03 -3.921 -3.426 -2.589 -4.324
0.004 -0.58336 8.85001 2.3330500126 2.5804093741    2.307  3.449  3.5957  0.686    7  0.000  0.340    50.99    30.51    20.54    15.66    12.82  3 -3.06e-08      0.00 7.088e-01 2.870e-01 4.031e-04 6.997e-04 1.583e-03 -1.000 4.234e-03 -3.854 -3.377 -2.554 -4.266
0.004 -0.58336 8.85001 2.3330538273 2.5804094879    2.307  3.461  3.5946  0.671    7  0.000  0.340    52.59    31.38    21.10    16.09    13.18  3 -3.21e-08      0.00 7.088e-01 2.870e-01 4.031e-04 6.997e-04 1.583e-03 -1.000 4.234e-03 -3.882 -3.398 -2.569 -4.291
0.004 -0.58336 8.85001 2.3330571651 2.5804095874    2.307  3.468  3.5940  0.661    7  0.000  0.340    53.60    31.93    21.46    16.37    13.40  3 -3.31e-08      0.00 7.088e-01 2.870e-01 4.031e-04 6.997e-04 1.583e-03 -1.000 4.234e-03 -3.900 -3.410 -2.578 -4.306
0.004 -0.58336 8.85001 2.3330612183 2.5804097083    2.307  3.497  3.5913  0.621    7  0.000  0.340    57.97    34.32    22.98    17.55    14.38  3 -3.78e-08      0.00 7.088e-01 2.870e-01 4.031e-04 6.997e-04 1.583e-03 -1.000 4.234e-03 -3.973 -3.463 -2.616 -4.367
0.004 -0.58336 8.85001 2.3330659866 2.5804098506    2.307  3.540  3.5873  0.562    7  0.000  0.340    65.16    38.21    25.47    19.48    15.96  3 -4.61e-08      0.00 7.088e-01 2.870e-01 4.031e-04 6.997e-04 1.583e-03 -1.000 4.234e-03 -4.081 -3.538 -2.666 -4.456
0.004 -0.58336 8.85001 2.3330714703 2.5804100141    2.306  3.585  3.5830  0.500    7  0.000  0.340    73.64    42.75    28.35    21.72    17.80  2 -5.59e-08      0.00 7.088e-01 2.870e-01 4.031e-04 6.997e-04 1.583e-03 -1.000 4.234e-03 -4.193 -3.615 -2.716 -4.548
0.004 -0.58336 8.85001 2.3330774307 2.5804101919    2.306  3.626  3.5791  0.443    7  0.000  0.340    82.34    47.36    31.26    23.99    19.66  2 -6.71e-08      0.00 7.088e-01 2.870e-01 4.031e-04 6.997e-04 1.583e-03 -1.000 4.234e-03 -4.295 -3.682 -2.755 -4.630
0.004 -0.58336 8.85001 2.3330845833 2.5804104052    2.306  3.662  3.5755  0.393    7  0.000  0.340    90.85    51.83    34.08    26.18    21.47  2 -7.85e-08      0.00 7.088e-01 2.870e-01 4.031e-04 6.997e-04 1.583e-03 -1.000 4.234e-03 -4.385 -3.737 -2.780 -4.700
0.004 -0.58336 8.85001 2.3330945969 2.5804107039    2.305  3.694  3.5722  0.348    7  0.000  0.340    99.28    56.23    36.83    28.33    23.23  2 -9.03e-08      0.00 7.088e-01 2.870e-01 4.031e-04 6.997e-04 1.583e-03 -1.000 4.234e-03 -4.464 -3.784 -2.801 -4.761
0.004 -0.58336 8.85001 2.3331103325 2.5804111732    2.303  3.720  3.5695  0.311    7  0.000  0.340   106.78    60.12    39.26    30.23    24.80  2 -1.01e-07      0.00 7.088e-01 2.870e-01 4.031e-04 6.997e-04 1.583e-03 -1.000 4.234e-03 -4.529 -3.821 -2.814 -4.810
0.004 -0.58336 8.85001 2.3331332207 2.5804118558    2.302  3.742  3.5670  0.278    7  0.000  0.340   113.91    63.79    41.55    32.02    26.27  2 -1.12e-07      0.00 7.088e-01 2.870e-01 4.031e-04 6.997e-04 1.583e-03 -1.000 4.233e-03 -4.586 -3.850 -2.818 -4.850
