Zini MH logAge Mini int_IMF Mass logL logTe logg label McoreTP C_O period0 period1 period2 period3 period4 pmode Mloss tau1m X Y Xc Xn Xo Cexcess Z mbolmag Gmag G_BPmag G_RPmag
0.006 -0.40400 7.32000 0.0900000036 1.0816895926    0.090 -2.212  3.4422  4.325    0  0.000  0.545     0.00     0.00     0.00     0.00     0.00 -1 -1.79e-15      0.00 7.349e-01 2.591e-01 1.079e-03 2.911e-04 2.640e-03 -1.000 6.000e-03 10.299 11.796 14.039 10.430
0.006 -0.40400 7.32000 0.0907245725 1.0885945270    0.091 -2.207  3.4428  4.326    0  0.000  0.545     0.00     0.00     0.00     0.00     0.00 -1  -1.8e-15      0.00 7.349e-01 2.591e-01 1.079e-03 2.911e-04 2.640e-03 -1.000 6.000e-03 10.287 11.777 14.012 10.414
0.006 -0.40400 7.32000 0.0992424265 1.1647467926    0.099 -2.149  3.4494  4.333    0  0.000  0.545     0.00     0.00     0.00     0.00     0.00 -1 -1.95e-15      0.00 7.349e-01 2.591e-01 1.079e-03 2.911e-04 2.640e-03 -1.000 6.000e-03 10.142 11.563 13.699 10.218
0.006 -0.40400 7.32000 0.1045179293 1.2077748866    0.104 -2.117  3.4531  4.338    0  0.000  0.545     0.00     0.00     0.00     0.00     0.00 -1 -2.04e-15      0.00 7.349e-01 2.591e-01 1.079e-03 2.911e-04 2.640e-03 -1.000 6.000e-03 10.062 11.445 13.525 10.111
0.006 -0.40400 7.32000 0.1177272722 1.3041497160    0.117 -2.040  3.4615  4.346    0  0.000  0.545     0.00     0.00     0.00     0.00     0.00 -1 -2.27e-15      0.00 7.349e-01 2.591e-01 1.079e-03 2.911e-04 2.640e-03 -1.000 6.000e-03 9.870 11.167 13.119 9.860
0.006 -0.40400 7.32000 0.1362121254 1.4176547699    0.136 -1.947  3.4712  4.355    0  0.000  0.545     0.00     0.00     0.00     0.00     0.00 -1 -2.59e-15      0.00 7.349e-01 2.591e-01 1.079e-03 2.911e-04 2.640e-03 -1.000 6.000e-03 9.637 10.841 12.661 9.564
0.006 -0.40400 7.32000 0.1646425426 1.5579551464    0.164 -1.826  3.4833  4.365    0  0.000  0.545     0.00     0.00     0.00     0.00     0.00 -1 -3.07e-15      0.00 7.349e-01 2.591e-01 1.079e-03 2.911e-04 2.640e-03 -1.000 6.000e-03 9.336 10.429 12.095 9.190
0.006 -0.40400 7.32000 0.1905026436 1.6606270326    0.190 -1.734  3.4923  4.371    0  0.000  0.545     0.00     0.00     0.00     0.00     0.00 -1 -3.51e-15      0.00 7.349e-01 2.591e-01 1.079e-03 2.911e-04 2.640e-03 -1.000 6.000e-03 9.105 10.119 11.679 8.910
0.006 -0.40400 7.32000 0.1988918334 1.6901060157    0.198 -1.706  3.4950  4.373    0  0.000  0.545     0.00     0.00     0.00     0.00     0.00 -1 -3.66e-15      0.00 7.349e-01 2.591e-01 1.079e-03 2.911e-04 2.640e-03 -1.000 6.000e-03 9.035 10.027 11.560 8.827
0.006 -0.40400 7.32000 0.2120864242 1.7333427950    0.211 -1.664  3.4990  4.374    0  0.000  0.545     0.00     0.00     0.00     0.00     0.00 -1 -3.89e-15      0.00 7.349e-01 2.591e-01 1.079e-03 2.911e-04 2.640e-03 -1.000 6.000e-03 8.929 9.890 11.383 8.702
0.006 -0.40400 7.32000 0.2219354212 1.7633992070    0.221 -1.634  3.5017  4.375    0  0.000  0.545     0.00     0.00     0.00     0.00     0.00 -1 -4.06e-15      0.00 7.349e-01 2.591e-01 1.079e-03 2.911e-04 2.640e-03 -1.000 6.000e-03 8.854 9.794 11.259 8.615
0.006 -0.40400 7.32000 0.2279895097 1.7810272703    0.227 -1.616  3.5034  4.376    0  0.000  0.545     0.00     0.00     0.00     0.00     0.00 -1 -4.16e-15      0.00 7.349e-01 2.591e-01 1.079e-03 2.911e-04 2.640e-03 -1.000 6.000e-03 8.811 9.739 11.188 8.564
0.006 -0.40400 7.32000 0.2452394217 1.8280903859    0.244 -1.570  3.5078  4.378    0  0.000  0.545     0.00     0.00     0.00     0.00     0.00 -1 -4.49e-15      0.00 7.349e-01 2.591e-01 1.079e-03 2.911e-04 2.640e-03 -1.000 6.000e-03 8.694 9.588 10.996 8.428
0.006 -0.40400 7.32000 0.2701866031 1.8890316583    0.269 -1.509  3.5139  4.384    0  0.000  0.545     0.00     0.00     0.00     0.00     0.00 -1 -4.88e-15      0.00 7.349e-01 2.591e-01 1.079e-03 2.911e-04 2.640e-03 -1.000 6.000e-03 8.542 9.392 10.744 8.250
0.006 -0.40400 7.32000 0.2840909064 1.9199089181    0.283 -1.477  3.5172  4.387    0  0.000  0.545     0.00     0.00     0.00     0.00     0.00 -1 -5.11e-15      0.00 7.349e-01 2.591e-01 1.079e-03 2.911e-04 2.640e-03 -1.000 6.000e-03 8.461 9.288 10.611 8.157
0.006 -0.40400 7.32000 0.3015737236 1.9560548459    0.301 -1.440  3.5209  4.391    0  0.000  0.545     0.00     0.00     0.00     0.00     0.00 -1 -5.37e-15      0.00 7.349e-01 2.591e-01 1.079e-03 2.911e-04 2.640e-03 -1.000 6.000e-03 8.370 9.170 10.461 8.051
0.006 -0.40400 7.32000 0.3303030431 2.0099003913    0.329 -1.383  3.5266  4.397    0  0.000  0.545     0.00     0.00     0.00     0.00     0.00 -1 -5.82e-15      0.00 7.349e-01 2.591e-01 1.079e-03 2.911e-04 2.640e-03 -1.000 6.000e-03 8.227 8.990 10.238 7.887
0.006 -0.40400 7.32000 0.3543423116 2.0504775445    0.353 -1.340  3.5308  4.401    0  0.000  0.545     0.00     0.00     0.00     0.00     0.00 -1 -6.16e-15      0.00 7.349e-01 2.591e-01 1.079e-03 2.911e-04 2.640e-03 -1.000 6.000e-03 8.119 8.855 10.071 7.764
0.006 -0.40400 7.32000 0.3765151799 2.0848521217    0.376 -1.302  3.5345  4.405    0  0.000  0.545     0.00     0.00     0.00     0.00     0.00 -1 -6.48e-15      0.00 7.349e-01 2.591e-01 1.079e-03 2.911e-04 2.640e-03 -1.000 6.000e-03 8.026 8.739 9.929 7.659
0.006 -0.40400 7.32000 0.4227272868 2.1487074326    0.422 -1.227  3.5420  4.410    0  0.000  0.545     0.00     0.00     0.00     0.00     0.00 -1 -7.24e-15      0.00 7.349e-01 2.591e-01 1.079e-03 2.911e-04 2.640e-03 -1.000 6.000e-03 7.837 8.505 9.643 7.447
0.006 -0.40400 7.32000 0.4561789632 2.1895210427    0.455 -1.176  3.5475  4.414    0  0.000  0.545     0.00     0.00     0.00     0.00     0.00 -1 -7.79e-15      0.00 7.349e-01 2.591e-01 1.079e-03 2.911e-04 2.640e-03 -1.000 6.000e-03 7.711 8.345 9.448 7.304
0.006 -0.40400 7.32000 0.4689394236 2.2040773004    0.468 -1.157  3.5495  4.415    0  0.000  0.545     0.00     0.00     0.00     0.00     0.00 -1 -8.02e-15      0.00 7.349e-01 2.591e-01 1.079e-03 2.911e-04 2.640e-03 -1.000 6.000e-03 7.663 8.286 9.375 7.250
0.006 -0.40400 7.32000 0.5151515603 2.2525465222    0.515 -1.088  3.5572  4.419    0  0.000  0.545     0.00     0.00     0.00     0.00     0.00 -1 -8.93e-15      0.00 7.349e-01 2.591e-01 1.079e-03 2.911e-04 2.640e-03 -1.000 6.000e-03 7.491 8.069 9.110 7.056
0.006 -0.40400 7.32000 0.5174224377 2.2547211068    0.517 -1.085  3.5577  4.420    0  0.000  0.545     0.00     0.00     0.00     0.00     0.00 -1 -8.96e-15      0.00 7.349e-01 2.591e-01 1.079e-03 2.911e-04 2.640e-03 -1.000 6.000e-03 7.483 8.058 9.097 7.047
0.006 -0.40400 7.32000 0.5482057333 2.2821671264    0.547 -1.037  3.5641  4.421    0  0.000  0.545     0.00     0.00     0.00     0.00     0.00 -1 -9.72e-15      0.00 7.349e-01 2.591e-01 1.079e-03 2.911e-04 2.640e-03 -1.000 6.000e-03 7.362 7.901 8.902 6.908
0.006 -0.40400 7.32000 0.5613636374 2.2928480160    0.561 -1.015  3.5668  4.421    0  0.000  0.545     0.00     0.00     0.00     0.00     0.00 -1 -1.01e-14      0.00 7.349e-01 2.591e-01 1.079e-03 2.911e-04 2.640e-03 -1.000 6.000e-03 7.308 7.831 8.817 6.847
0.006 -0.40400 7.32000 0.5971248150 2.3191618019    0.597 -0.953  3.5755  4.420    0  0.000  0.545     0.00     0.00     0.00     0.00     0.00 -1 -1.13e-14      0.00 7.349e-01 2.591e-01 1.079e-03 2.911e-04 2.640e-03 -1.000 6.000e-03 7.151 7.630 8.571 6.670
0.006 -0.40400 7.32000 0.6075757742 2.3261824018    0.607 -0.932  3.5782  4.418    0  0.000  0.545     0.00     0.00     0.00     0.00     0.00 -1 -1.18e-14      0.00 7.349e-01 2.591e-01 1.079e-03 2.911e-04 2.640e-03 -1.000 6.000e-03 7.099 7.565 8.493 6.612
0.006 -0.40400 7.32000 0.6346042156 2.3431123434    0.634 -0.884  3.5861  4.421    0  0.000  0.545     0.00     0.00     0.00     0.00     0.00 -1 -1.28e-14      0.00 7.349e-01 2.591e-01 1.079e-03 2.911e-04 2.640e-03 -1.000 6.000e-03 6.981 7.409 8.298 6.477
0.006 -0.40400 7.32000 0.6537879109 2.3541567464    0.654 -0.848  3.5922  4.422    0  0.000  0.545     0.00     0.00     0.00     0.00     0.00 -1 -1.37e-14      0.00 7.349e-01 2.591e-01 1.079e-03 2.911e-04 2.640e-03 -1.000 6.000e-03 6.890 7.291 8.153 6.375
0.006 -0.40400 7.32000 0.6755912900 2.3658376891    0.676 -0.804  3.6006  4.426    0  0.000  0.545     0.00     0.00     0.00     0.00     0.00 -1 -1.48e-14      0.00 7.349e-01 2.591e-01 1.079e-03 2.911e-04 2.640e-03 -1.000 6.000e-03 6.779 7.145 7.973 6.250
0.006 -0.40400 7.32000 0.6937553287 2.3749269171    0.694 -0.759  3.6089  4.426    0  0.000  0.545     0.00     0.00     0.00     0.00     0.00 -1 -1.61e-14      0.00 7.349e-01 2.591e-01 1.079e-03 2.911e-04 2.640e-03 -1.000 6.000e-03 6.667 7.001 7.794 6.127
0.006 -0.40400 7.32000 0.6999999881 2.3779266974    0.700 -0.742  3.6121  4.425    0  0.000  0.545     0.00     0.00     0.00     0.00     0.00 -1 -1.67e-14      0.00 7.349e-01 2.591e-01 1.079e-03 2.911e-04 2.640e-03 -1.000 6.000e-03 6.625 6.946 7.726 6.080
0.006 -0.40400 7.32000 0.7500000000 2.3998889087    0.750 -0.577  3.6609  4.485    0  0.000  0.538     0.00     0.00     0.00     0.00     0.00 -1  -2.2e-14      0.00 7.350e-01 2.590e-01 1.065e-03 2.907e-04 2.640e-03 -1.000 6.000e-03 6.212 6.328 6.906 5.601
0.006 -0.40400 7.32000 0.7749181986 2.4096252325    0.775 -0.508  3.6721  4.475    0  0.000  0.538     0.00     0.00     0.00     0.00     0.00 -1 -2.56e-14      0.00 7.350e-01 2.590e-01 1.065e-03 2.907e-04 2.640e-03 -1.000 6.000e-03 6.039 6.114 6.653 5.417
0.006 -0.40400 7.32000 0.7977824807 2.4179464417    0.798 -0.437  3.6844  4.467    0  0.000  0.538     0.00     0.00     0.00     0.00     0.00 -1    -3e-14      0.00 7.350e-01 2.590e-01 1.065e-03 2.907e-04 2.640e-03 -1.000 6.000e-03 5.864 5.898 6.400 5.233
0.006 -0.40400 7.32000 0.8000000119 2.4187244405    0.800 -0.430  3.6857  4.466    0  0.000  0.538     0.00     0.00     0.00     0.00     0.00 -1 -3.04e-14      0.00 7.350e-01 2.590e-01 1.065e-03 2.907e-04 2.640e-03 -1.000 6.000e-03 5.846 5.877 6.375 5.215
0.006 -0.40400 7.32000 0.8129930496 2.4231850100    0.813 -0.390  3.6930  4.462    0  0.000  0.538     0.00     0.00     0.00     0.00     0.00 -1 -3.32e-14      0.00 7.350e-01 2.590e-01 1.065e-03 2.907e-04 2.640e-03 -1.000 6.000e-03 5.746 5.756 6.233 5.111
0.006 -0.40400 7.32000 0.8372692466 2.4310940981    0.837 -0.313  3.7072  4.455    0  0.000  0.538     0.00     0.00     0.00     0.00     0.00 -1 -3.95e-14      0.00 7.350e-01 2.590e-01 1.065e-03 2.907e-04 2.640e-03 -1.000 6.000e-03 5.553 5.529 5.969 4.919
0.006 -0.40400 7.32000 0.8500000238 2.4350346840    0.850 -0.272  3.7148  4.450    0  0.000  0.538     0.00     0.00     0.00     0.00     0.00 -1 -4.33e-14      0.00 7.350e-01 2.590e-01 1.065e-03 2.907e-04 2.640e-03 -1.000 6.000e-03 5.450 5.411 5.832 4.818
0.006 -0.40400 7.32000 0.8733014464 2.4419061707    0.873 -0.196  3.7286  4.441    0  0.000  0.538     0.00     0.00     0.00     0.00     0.00 -1 -5.14e-14      0.00 7.350e-01 2.590e-01 1.065e-03 2.907e-04 2.640e-03 -1.000 6.000e-03 5.259 5.196 5.585 4.633
0.006 -0.40400 7.32000 0.8985899687 2.4489018314    0.898 -0.111  3.7438  4.429    0  0.000  0.538     0.00     0.00     0.00     0.00     0.00 -1 -6.25e-14      0.00 7.350e-01 2.590e-01 1.065e-03 2.907e-04 2.640e-03 -1.000 6.000e-03 5.046 4.965 5.321 4.435
0.006 -0.40400 7.32000 0.8999999762 2.4492786016    0.899 -0.106  3.7446  4.428    0  0.000  0.538     0.00     0.00     0.00     0.00     0.00 -1 -6.32e-14      0.00 7.350e-01 2.590e-01 1.065e-03 2.907e-04 2.640e-03 -1.000 6.000e-03 5.035 4.952 5.307 4.424
0.006 -0.40400 7.32000 0.9179663658 2.4539631288    0.917 -0.045  3.7550  4.417    0  0.000  0.538     0.00     0.00     0.00     0.00     0.00 -1  -7.3e-14      0.00 7.350e-01 2.590e-01 1.065e-03 2.907e-04 2.640e-03 -1.000 6.000e-03 4.882 4.791 5.125 4.285
0.006 -0.40400 7.32000 0.9383415580 2.4590268708    0.938  0.025  3.7665  4.403    0  0.000  0.538     0.00     0.00     0.00     0.00     0.00 -1  -8.6e-14      0.00 7.350e-01 2.590e-01 1.065e-03 2.907e-04 2.640e-03 -1.000 6.000e-03 4.709 4.612 4.923 4.131
0.006 -0.40400 7.32000 0.9499999881 2.4618121868    0.950  0.062  3.7728  4.396    0  0.000  0.538     0.00     0.00     0.00     0.00     0.00 -1  -9.4e-14      0.00 7.350e-01 2.590e-01 1.065e-03 2.907e-04 2.640e-03 -1.000 6.000e-03 4.614 4.516 4.814 4.050
0.006 -0.40400 7.32000 0.9627875090 2.4647782211    0.962  0.104  3.7794  4.388    0  0.000  0.538     0.00     0.00     0.00     0.00     0.00 -1 -1.04e-13      0.00 7.350e-01 2.590e-01 1.065e-03 2.907e-04 2.640e-03 -1.000 6.000e-03 4.511 4.412 4.696 3.960
0.006 -0.40400 7.32000 0.9806517959 2.4687732282    0.981  0.150  3.7876  4.381    0  0.000  0.538     0.00     0.00     0.00     0.00     0.00 -1 -1.16e-13      0.00 7.350e-01 2.590e-01 1.065e-03 2.907e-04 2.640e-03 -1.000 6.000e-03 4.394 4.295 4.563 3.862
0.006 -0.40400 7.32000 1.0000000000 2.4729154477    1.000  0.178  3.7941  4.388    0  0.000  0.538     0.00     0.00     0.00     0.00     0.00 -1 -1.22e-13      0.00 7.350e-01 2.590e-01 1.064e-03 2.907e-04 2.640e-03 -1.000 6.000e-03 4.324 4.227 4.483 3.809
0.006 -0.40400 7.32000 1.0031335354 2.4735690324    1.003  0.183  3.7952  4.390    0  0.000  0.538     0.00     0.00     0.00     0.00     0.00 -1 -1.22e-13      0.00 7.350e-01 2.590e-01 1.064e-03 2.907e-04 2.640e-03 -1.000 6.000e-03 4.314 4.216 4.470 3.800
0.006 -0.40400 7.32000 1.0380493402 2.4805457821    1.038  0.213  3.8048  4.412    0  0.000  0.537     0.00     0.00     0.00     0.00     0.00 -1  -1.2e-13      0.00 7.350e-01 2.590e-01 1.064e-03 2.906e-04 2.640e-03 -1.000 6.000e-03 4.237 4.143 4.379 3.748
0.006 -0.40400 7.32000 1.0499999523 2.4828114860    1.050  0.220  3.8077  4.422    0  0.000  0.537     0.00     0.00     0.00     0.00     0.00 -1 -1.17e-13      0.00 7.350e-01 2.590e-01 1.064e-03 2.906e-04 2.640e-03 -1.000 6.000e-03 4.221 4.128 4.359 3.740
0.006 -0.40400 7.32000 1.0754253864 2.4874397727    1.075  0.231  3.8121  4.438    0  0.000  0.537     0.00     0.00     0.00     0.00     0.00 -1 -1.12e-13      0.00 7.350e-01 2.590e-01 1.064e-03 2.906e-04 2.640e-03 -1.000 6.000e-03 4.191 4.100 4.324 3.722
0.006 -0.40400 7.32000 1.1000000238 2.4916801480    1.099  0.250  3.8158  4.445    0  0.000  0.537     0.00     0.00     0.00     0.00     0.00 -1 -1.11e-13      0.00 7.351e-01 2.589e-01 1.064e-03 2.906e-04 2.640e-03 -1.000 6.000e-03 4.146 4.056 4.274 3.686
0.006 -0.40400 7.32000 1.1499999762 2.4996678137    1.149  0.310  3.8238  4.436    0  0.000  0.538     0.00     0.00     0.00     0.00     0.00 -1 -1.15e-13      0.00 7.351e-01 2.589e-01 1.064e-03 2.906e-04 2.639e-03 -1.000 6.000e-03 3.994 3.907 4.112 3.554
0.006 -0.40400 7.32000 1.1501924992 2.4996970299    1.150  0.310  3.8239  4.436    0  0.000  0.538     0.00     0.00     0.00     0.00     0.00 -1 -1.15e-13      0.00 7.351e-01 2.589e-01 1.064e-03 2.906e-04 2.639e-03 -1.000 6.000e-03 3.994 3.906 4.111 3.554
0.006 -0.40400 7.32000 1.1630291939 2.5016199851    1.162  0.333  3.8264  4.428    0  0.000  0.538     0.00     0.00     0.00     0.00     0.00 -1 -1.18e-13      0.00 7.351e-01 2.589e-01 1.064e-03 2.906e-04 2.639e-03 -1.000 6.000e-03 3.938 3.851 4.051 3.504
0.006 -0.40400 7.32000 1.2000000477 2.5068948796    1.200  0.396  3.8338  4.408    0  0.000  0.537     0.00     0.00     0.00     0.00     0.00 -1 -1.28e-13      0.00 7.351e-01 2.589e-01 1.064e-03 2.906e-04 2.639e-03 -1.000 6.000e-03 3.780 3.695 3.884 3.365
0.006 -0.40400 7.32000 1.2500000000 2.5134610955    1.250  0.480  3.8451  4.387    0  0.000  0.537     0.00     0.00     0.00     0.00     0.00 -1  -1.4e-13      0.00 7.351e-01 2.589e-01 1.064e-03 2.905e-04 2.639e-03 -1.000 6.000e-03 3.570 3.489 3.660 3.184
0.006 -0.40400 7.32000 1.2999999523 2.5194498592    1.300  0.560  3.8585  4.378    0  0.000  0.538     0.00     0.00     0.00     0.00     0.00 -1 -1.48e-13      0.00 7.351e-01 2.589e-01 1.064e-03 2.905e-04 2.639e-03 -1.000 6.000e-03 3.369 3.293 3.444 3.019
0.006 -0.40400 7.32000 1.3461327553 2.5245240740    1.346  0.631  3.8747  4.387    0  0.000  0.538     0.00     0.00     0.00     0.00     0.00 -1  -1.5e-13      0.00 7.352e-01 2.588e-01 1.064e-03 2.905e-04 2.639e-03 -1.000 6.000e-03 3.192 3.123 3.251 2.888
0.006 -0.40400 7.32000 1.3500001431 2.5249313723    1.350  0.637  3.8758  4.387    0  0.000  0.538     0.00     0.00     0.00     0.00     0.00 -1 -1.51e-13      0.00 7.352e-01 2.588e-01 1.064e-03 2.905e-04 2.639e-03 -1.000 6.000e-03 3.178 3.110 3.236 2.877
0.006 -0.40400 7.32000 1.4000000954 2.5299650415    1.400  0.705  3.8917  4.397    0  0.000  0.538     0.00     0.00     0.00     0.00     0.00 -1 -1.47e-13      0.00 7.351e-01 2.589e-01 1.064e-03 2.905e-04 2.639e-03 -1.000 6.000e-03 3.006 2.949 3.053 2.754
0.006 -0.40400 7.32000 1.4500000477 2.5346015836    1.450  0.771  3.9071  4.408    0  0.000  0.538     0.00     0.00     0.00     0.00     0.00 -1 -1.38e-13      0.00 7.352e-01 2.588e-01 1.064e-03 2.904e-04 2.639e-03 -1.000 5.998e-03 2.841 2.798 2.881 2.642
0.006 -0.40400 7.32000 1.5000000000 2.5388844597    1.500  0.835  3.9217  4.418    0  0.000  0.538     0.00     0.00     0.00     0.00     0.00 -1 -1.25e-13      0.00 7.352e-01 2.588e-01 1.064e-03 2.905e-04 2.638e-03 -1.000 6.000e-03 2.682 2.658 2.722 2.538
0.006 -0.40400 7.32000 1.5499999523 2.5428511323    1.550  0.895  3.9354  4.427    0  0.000  0.538     0.00     0.00     0.00     0.00     0.00 -1 -1.05e-13      0.00 7.352e-01 2.588e-01 1.064e-03 2.905e-04 2.638e-03 -1.000 5.995e-03 2.532 2.536 2.582 2.448
0.006 -0.40400 7.32000 1.6000000238 2.5465340628    1.600  0.954  3.9485  4.434    0  0.000  0.538     0.00     0.00     0.00     0.00     0.00 -1 -7.81e-14      0.00 7.353e-01 2.587e-01 1.064e-03 2.905e-04 2.638e-03 -1.000 6.000e-03 2.385 2.424 2.456 2.363
0.006 -0.40400 7.32000 1.6499999762 2.5499614773    1.649  1.010  3.9609  4.441    0  0.000  0.538     0.00     0.00     0.00     0.00     0.00 -1 -4.34e-14      0.00 7.353e-01 2.587e-01 1.063e-03 2.904e-04 2.638e-03 -1.000 5.996e-03 2.245 2.324 2.345 2.285
0.006 -0.40400 7.32000 1.7000000477 2.5531580802    1.699  1.063  3.9724  4.447    0  0.000  0.538     0.00     0.00     0.00     0.00     0.00 -1    -1e-30      0.00 7.353e-01 2.587e-01 1.063e-03 2.904e-04 2.638e-03 -1.000 5.991e-03 2.114 2.235 2.247 2.213
0.006 -0.40400 7.32000 1.7500000000 2.5561455243    1.749  1.114  3.9835  4.453    0  0.000  0.537     0.00     0.00     0.00     0.00     0.00 -1    -1e-30      0.00 7.353e-01 2.587e-01 1.063e-03 2.904e-04 2.638e-03 -1.000 6.000e-03 1.985 2.151 2.155 2.144
0.006 -0.40400 7.32000 1.7999999523 2.5589429085    1.799  1.165  3.9941  4.457    0  0.000  0.537     0.00     0.00     0.00     0.00     0.00 -1    -1e-30      0.00 7.353e-01 2.587e-01 1.063e-03 2.904e-04 2.638e-03 -1.000 6.000e-03 1.858 2.070 2.067 2.076
0.006 -0.40400 7.32000 1.8473684788 2.5614330735    1.846  1.210  4.0035  4.461    0  0.000  0.537     0.00     0.00     0.00     0.00     0.00 -1    -1e-30      0.00 7.353e-01 2.587e-01 1.063e-03 2.904e-04 2.638e-03 -1.000 6.000e-03 1.746 2.000 1.992 2.016
0.006 -0.40400 7.32000 1.8947367668 2.5637805846    1.894  1.253  4.0123  4.463    0  0.000  0.537     0.00     0.00     0.00     0.00     0.00 -1    -1e-30      0.00 7.353e-01 2.587e-01 1.063e-03 2.903e-04 2.638e-03 -1.000 6.000e-03 1.637 1.932 1.920 1.958
0.006 -0.40400 7.32000 1.9421052933 2.5659969039    1.941  1.296  4.0208  4.466    0  0.000  0.537     0.00     0.00     0.00     0.00     0.00 -1    -1e-30      0.00 7.353e-01 2.587e-01 1.063e-03 2.903e-04 2.638e-03 -1.000 5.999e-03 1.531 1.867 1.850 1.900
0.006 -0.40400 7.32000 1.9894737005 2.5680922856    1.989  1.337  4.0291  4.468    0  0.000  0.537     0.00     0.00     0.00     0.00     0.00 -1    -1e-30      0.00 7.353e-01 2.587e-01 1.063e-03 2.903e-04 2.638e-03 -1.000 6.000e-03 1.428 1.804 1.784 1.845
0.006 -0.40400 7.32000 2.0368421078 2.5700759835    2.036  1.377  4.0368  4.469    0  0.000  0.537     0.00     0.00     0.00     0.00     0.00 -1    -1e-30      0.00 7.353e-01 2.587e-01 1.063e-03 2.903e-04 2.637e-03 -1.000 6.000e-03 1.328 1.744 1.720 1.790
0.006 -0.40400 7.32000 2.0842103958 2.5719563403    2.083  1.415  4.0441  4.470    0  0.000  0.537     0.00     0.00     0.00     0.00     0.00 -1    -1e-30      0.00 7.354e-01 2.586e-01 1.063e-03 2.903e-04 2.637e-03 -1.000 6.000e-03 1.232 1.685 1.658 1.737
0.006 -0.40400 7.32000 2.1315791607 2.5737409310    2.130  1.453  4.0513  4.470    0  0.000  0.537     0.00     0.00     0.00     0.00     0.00 -1    -1e-30      0.00 7.353e-01 2.587e-01 1.063e-03 2.903e-04 2.637e-03 -1.000 6.000e-03 1.137 1.627 1.597 1.684
0.006 -0.40400 7.32000 2.1789474487 2.5754365685    2.178  1.490  4.0582  4.471    0  0.000  0.538     0.00     0.00     0.00     0.00     0.00 -1    -1e-30      0.00 7.354e-01 2.586e-01 1.063e-03 2.903e-04 2.637e-03 -1.000 6.000e-03 1.045 1.570 1.538 1.633
0.006 -0.40400 7.32000 2.2263157368 2.5770494954    2.225  1.526  4.0648  4.470    1  0.000  0.538     0.00     0.00     0.00     0.00     0.00 -1    -1e-30      0.00 7.354e-01 2.586e-01 1.063e-03 2.903e-04 2.637e-03 -1.000 6.000e-03 0.955 1.515 1.480 1.582
0.006 -0.40400 7.32000 2.2736840248 2.5785853799    2.272  1.561  4.0711  4.470    1  0.000  0.538     0.00     0.00     0.00     0.00     0.00 -1    -1e-30      0.00 7.354e-01 2.586e-01 1.063e-03 2.903e-04 2.637e-03 -1.000 6.000e-03 0.867 1.461 1.424 1.532
0.006 -0.40400 7.32000 2.2785491943 2.5787389763    2.277  1.565  4.0717  4.470    1  0.000  0.538     0.00     0.00     0.00     0.00     0.00 -1    -1e-30      0.00 7.354e-01 2.586e-01 1.063e-03 2.903e-04 2.637e-03 -1.000 6.000e-03 0.859 1.456 1.418 1.527
0.006 -0.40400 7.32000 2.3210525513 2.5800494018    2.320  1.595  4.0771  4.469    1  0.000  0.538     0.00     0.00     0.00     0.00     0.00 -1    -1e-30      0.00 7.354e-01 2.586e-01 1.063e-03 2.903e-04 2.637e-03 -1.000 6.000e-03 0.782 1.408 1.369 1.483
0.006 -0.40400 7.32000 2.3684210777 2.5814462823    2.367  1.629  4.0831  4.468    1  0.000  0.538     0.00     0.00     0.00     0.00     0.00 -1    -1e-30      0.00 7.354e-01 2.586e-01 1.063e-03 2.903e-04 2.637e-03 -1.000 6.000e-03 0.699 1.357 1.316 1.436
0.006 -0.40400 7.32000 2.4567239285 2.5838856857    2.455  1.688  4.0935  4.466    1  0.000  0.538     0.00     0.00     0.00     0.00     0.00 -1    -1e-30      0.00 7.353e-01 2.587e-01 1.064e-03 2.904e-04 2.638e-03 -1.000 6.000e-03 0.550 1.265 1.220 1.350
0.006 -0.40400 7.32000 2.5578947067 2.5864438610    2.556  1.754  4.1049  4.463    1  0.000  0.538     0.00     0.00     0.00     0.00     0.00 -1    -1e-30      0.00 7.351e-01 2.589e-01 1.065e-03 2.906e-04 2.640e-03 -1.000 6.000e-03 0.386 1.163 1.114 1.255
0.006 -0.40400 7.32000 2.7473683357 2.5906571649    2.746  1.870  4.1240  4.455    1  0.000  0.538     0.00     0.00     0.00     0.00     0.00 -1    -1e-30      0.00 7.350e-01 2.590e-01 1.065e-03 2.907e-04 2.641e-03 -1.000 6.000e-03 0.095 0.980 0.925 1.082
0.006 -0.40400 7.32000 2.9368422031 2.5942514910    2.936  1.978  4.1415  4.445    1  0.000  0.538     0.00     0.00     0.00     0.00     0.00 -1    -1e-30      0.00 7.350e-01 2.590e-01 1.065e-03 2.907e-04 2.641e-03 -1.000 6.000e-03 -0.176 0.808 0.748 0.921
0.006 -0.40400 7.32000 3.0679140091 2.5964414222    3.066  2.049  4.1526  4.438    1  0.000  0.538     0.00     0.00     0.00     0.00     0.00 -1    -1e-30      0.00 7.350e-01 2.590e-01 1.065e-03 2.907e-04 2.641e-03 -1.000 6.000e-03 -0.352 0.695 0.632 0.814
0.006 -0.40400 7.32000 3.1263158321 2.5973494584    3.125  2.079  4.1575  4.435    1  0.000  0.538     0.00     0.00     0.00     0.00     0.00 -1    -1e-30      0.00 7.350e-01 2.590e-01 1.065e-03 2.907e-04 2.641e-03 -1.000 6.000e-03 -0.428 0.647 0.582 0.769
0.006 -0.40400 7.32000 3.3157896996 2.6000438424    3.313  2.175  4.1730  4.427    1  0.000  0.538     0.00     0.00     0.00     0.00     0.00 -1    -1e-30      0.00 7.350e-01 2.590e-01 1.065e-03 2.907e-04 2.641e-03 -1.000 6.000e-03 -0.667 0.498 0.428 0.628
0.006 -0.40400 7.32000 3.5052630901 2.6024060213    3.502  2.265  4.1868  4.417    1  0.000  0.538     0.00     0.00     0.00     0.00     0.00 -1    -1e-30      0.00 7.350e-01 2.590e-01 1.065e-03 2.907e-04 2.641e-03 -1.000 6.000e-03 -0.891 0.355 0.281 0.493
0.006 -0.40400 7.32000 3.6301381588 2.6038087719    3.626  2.321  4.1956  4.411    1  0.000  0.538     0.00     0.00     0.00     0.00     0.00 -1    -1e-30      0.00 7.350e-01 2.590e-01 1.065e-03 2.907e-04 2.641e-03 -1.000 6.000e-03 -1.033 0.266 0.189 0.409
0.006 -0.40400 7.32000 3.6947369576 2.6044917793    3.691  2.350  4.2000  4.408    1  0.000  0.538     0.00     0.00     0.00     0.00     0.00 -1    -1e-30      0.00 7.350e-01 2.590e-01 1.065e-03 2.907e-04 2.641e-03 -1.000 6.000e-03 -1.104 0.221 0.143 0.366
0.006 -0.40400 7.32000 3.8842105865 2.6063452704    3.882  2.430  4.2124  4.398    1  0.000  0.538     0.00     0.00     0.00     0.00     0.00 -1    -1e-30      0.00 7.350e-01 2.590e-01 1.065e-03 2.907e-04 2.641e-03 -1.000 6.000e-03 -1.306 0.092 0.010 0.244
0.006 -0.40400 7.32000 4.0616121292 2.6079016326    4.060  2.502  4.2234  4.390    1  0.000  0.538     0.00     0.00     0.00     0.00     0.00 -1    -1e-30      0.00 7.350e-01 2.590e-01 1.065e-03 2.907e-04 2.641e-03 -1.000 6.000e-03 -1.486 -0.023 -0.108 0.135
0.006 -0.40400 7.32000 4.0736842155 2.6080018916    4.072  2.507  4.2241  4.389    1  0.000  0.538     0.00     0.00     0.00     0.00     0.00 -1    -1e-30      0.00 7.350e-01 2.590e-01 1.065e-03 2.907e-04 2.641e-03 -1.000 6.000e-03 -1.498 -0.031 -0.116 0.128
0.006 -0.40400 7.32000 4.2539186478 2.6094212690    4.250  2.577  4.2345  4.379    1  0.000  0.538     0.00     0.00     0.00     0.00     0.00 -1    -1e-30      0.00 7.350e-01 2.590e-01 1.065e-03 2.907e-04 2.641e-03 -1.000 6.000e-03 -1.673 -0.144 -0.232 0.020
0.006 -0.40400 7.32000 4.2631587982 2.6094903264    4.260  2.581  4.2350  4.379    1  0.000  0.538     0.00     0.00     0.00     0.00     0.00 -1    -1e-30      0.00 7.350e-01 2.590e-01 1.065e-03 2.907e-04 2.641e-03 -1.000 6.000e-03 -1.681 -0.150 -0.238 0.015
0.006 -0.40400 7.32000 4.4526314735 2.6108340176    4.449  2.651  4.2455  4.369    1  0.000  0.538     0.00     0.00     0.00     0.00     0.00 -1    -1e-30      0.00 7.350e-01 2.590e-01 1.065e-03 2.907e-04 2.641e-03 -1.000 6.000e-03 -1.858 -0.264 -0.355 -0.094
0.006 -0.40400 7.32000 4.5943202972 2.6117559814    4.591  2.702  4.2530  4.362    1  0.000  0.538     0.00     0.00     0.00     0.00     0.00 -1    -1e-30      0.00 7.350e-01 2.590e-01 1.065e-03 2.907e-04 2.641e-03 -1.000 6.000e-03 -1.985 -0.347 -0.440 -0.172
0.006 -0.40400 7.32000 4.6421055794 2.6120523611    4.639  2.719  4.2555  4.360    1  0.000  0.538     0.00     0.00     0.00     0.00     0.00 -1    -1e-30      0.00 7.350e-01 2.590e-01 1.065e-03 2.907e-04 2.641e-03 -1.000 6.000e-03 -2.027 -0.375 -0.469 -0.198
0.006 -0.40400 7.32000 4.7320709229 2.6125917207    4.729  2.750  4.2600  4.355    1  0.000  0.538     0.00     0.00     0.00     0.00     0.00 -1    -1e-30      0.00 7.350e-01 2.590e-01 1.065e-03 2.907e-04 2.641e-03 -1.000 6.000e-03 -2.105 -0.426 -0.521 -0.247
0.006 -0.40400 7.32000 4.8315792084 2.6131614690    4.829  2.784  4.2650  4.350    1  0.000  0.538     0.00     0.00     0.00     0.00     0.00 -1    -1e-30      0.00 7.350e-01 2.590e-01 1.065e-03 2.907e-04 2.641e-03 -1.000 6.000e-03 -2.190 -0.482 -0.578 -0.300
0.006 -0.40400 7.32000 5.0210523605 2.6141748657    5.020  2.846  4.2739  4.340    1  0.000  0.538     0.00     0.00     0.00     0.00     0.00 -1    -1e-30      0.00 7.350e-01 2.590e-01 1.065e-03 2.907e-04 2.641e-03 -1.000 6.000e-03 -2.346 -0.585 -0.685 -0.399
0.006 -0.40400 7.32000 5.0227537155 2.6141835678    5.021  2.847  4.2740  4.340    1  0.000  0.538     0.00     0.00     0.00     0.00     0.00 -1    -1e-30      0.00 7.350e-01 2.590e-01 1.065e-03 2.907e-04 2.641e-03 -1.000 6.000e-03 -2.347 -0.586 -0.686 -0.400
0.006 -0.40400 7.32000 5.2105264664 2.6151039795    5.210  2.907  4.2825  4.330    1  0.000  0.538     0.00     0.00     0.00     0.00     0.00 -1    -1e-30      0.00 7.350e-01 2.590e-01 1.065e-03 2.907e-04 2.641e-03 -1.000 6.000e-03 -2.497 -0.687 -0.789 -0.496
0.006 -0.40400 7.32000 5.3211145401 2.6156112350    5.321  2.941  4.2873  4.324    1  0.000  0.538     0.00     0.00     0.00     0.00     0.00 -1    -1e-30      0.00 7.350e-01 2.590e-01 1.065e-03 2.907e-04 2.641e-03 -1.000 6.000e-03 -2.583 -0.745 -0.848 -0.551
0.006 -0.40400 7.32000 5.4000000954 2.6159585105    5.401  2.965  4.2906  4.319    1  0.000  0.538     0.00     0.00     0.00     0.00     0.00 -1    -1e-30      0.00 7.350e-01 2.590e-01 1.065e-03 2.907e-04 2.641e-03 -1.000 6.000e-03 -2.644 -0.786 -0.890 -0.590
0.006 -0.40400 7.32000 5.5090351105 2.6164197336    5.510  2.998  4.2951  4.313    1  0.000  0.538     0.00     0.00     0.00     0.00     0.00 -1    -1e-30      0.00 7.350e-01 2.590e-01 1.065e-03 2.907e-04 2.641e-03 -1.000 6.000e-03 -2.726 -0.842 -0.947 -0.644
0.006 -0.40400 7.32000 5.5999999046 2.6167887565    5.601  3.025  4.2988  4.308    1  0.000  0.538     0.00     0.00     0.00     0.00     0.00 -1    -1e-30      0.00 7.350e-01 2.590e-01 1.065e-03 2.907e-04 2.641e-03 -1.000 6.000e-03 -2.793 -0.888 -0.995 -0.688
0.006 -0.40400 7.32000 5.7712035179 2.6174471438    5.772  3.075  4.3056  4.298    1  0.000  0.538     0.00     0.00     0.00     0.00     0.00 -1    -1e-30      0.00 7.350e-01 2.590e-01 1.065e-03 2.907e-04 2.641e-03 -1.000 6.000e-03 -2.918 -0.974 -1.082 -0.770
0.006 -0.40400 7.32000 5.8000001907 2.6175535027    5.801  3.083  4.3067  4.297    1  0.000  0.538     0.00     0.00     0.00     0.00     0.00 -1    -1e-30      0.00 7.350e-01 2.590e-01 1.065e-03 2.907e-04 2.641e-03 -1.000 6.000e-03 -2.938 -0.989 -1.097 -0.784
0.006 -0.40400 7.32000 5.8881688118 2.6178717225    5.889  3.108  4.3100  4.292    1  0.000  0.538     0.00     0.00     0.00     0.00     0.00 -1    -1e-30      0.00 7.350e-01 2.590e-01 1.065e-03 2.907e-04 2.641e-03 -1.000 6.000e-03 -3.001 -1.032 -1.142 -0.826
0.006 -0.40400 7.32000 6.0000000000 2.6182599138    6.000  3.140  4.3141  4.285    1  0.000  0.538     0.00     0.00     0.00     0.00     0.00 -1    -1e-30      0.00 7.350e-01 2.590e-01 1.065e-03 2.907e-04 2.641e-03 -1.000 6.000e-03 -3.080 -1.088 -1.198 -0.879
0.006 -0.40400 7.32000 6.1999998093 2.6189141709    6.200  3.195  4.3211  4.272    1  0.000  0.538     0.00     0.00     0.00     0.00     0.00 -1    -1e-30      0.00 7.350e-01 2.590e-01 1.065e-03 2.907e-04 2.641e-03 -1.000 6.000e-03 -3.217 -1.185 -1.297 -0.972
0.006 -0.40400 7.32000 6.3410091400 2.6193470348    6.340  3.233  4.3258  4.263    1  0.000  0.538     0.00     0.00     0.00     0.00     0.00 -1    -1e-30      0.00 7.350e-01 2.590e-01 1.065e-03 2.907e-04 2.641e-03 -1.000 6.000e-03 -3.312 -1.253 -1.367 -1.038
0.006 -0.40400 7.32000 6.4000000954 2.6195216279    6.399  3.248  4.3278  4.259    1  0.000  0.538     0.00     0.00     0.00     0.00     0.00 -1    -1e-30      0.00 7.350e-01 2.590e-01 1.065e-03 2.907e-04 2.641e-03 -1.000 6.000e-03 -3.351 -1.282 -1.396 -1.065
0.006 -0.40400 7.32000 6.6360116005 2.6201845754    6.633  3.310  4.3352  4.242    1  0.000  0.538     0.00     0.00     0.00     0.00     0.00 -1    -1e-30      0.00 7.350e-01 2.590e-01 1.065e-03 2.907e-04 2.641e-03 -1.000 6.000e-03 -3.505 -1.394 -1.511 -1.174
0.006 -0.40400 7.32000 6.9480681419 2.6209821155    6.944  3.390  4.3443  4.219    1  0.000  0.538     0.00     0.00     0.00     0.00     0.00 -1    -1e-30      0.00 7.350e-01 2.590e-01 1.065e-03 2.907e-04 2.641e-03 -1.000 6.000e-03 -3.704 -1.543 -1.662 -1.317
0.006 -0.40400 7.32000 7.0000000000 2.6211069280    6.996  3.403  4.3458  4.215    1  0.000  0.538     0.00     0.00     0.00     0.00     0.00 -1    -1e-30      0.00 7.350e-01 2.590e-01 1.065e-03 2.907e-04 2.641e-03 -1.000 6.000e-03 -3.737 -1.567 -1.687 -1.341
0.006 -0.40400 7.32000 7.0494894981 2.6212239047    7.046  3.415  4.3471  4.212    1  0.000  0.538     0.00     0.00     0.00     0.00     0.00 -1    -1e-30      0.00 7.350e-01 2.590e-01 1.065e-03 2.907e-04 2.641e-03 -1.000 6.000e-03 -3.767 -1.590 -1.710 -1.363
0.006 -0.40400 7.32000 7.3372702599 2.6218683194    7.335  3.484  4.3545  4.189    1  0.000  0.538     0.00     0.00     0.00     0.00     0.00 -1    -1e-30      0.00 7.350e-01 2.590e-01 1.065e-03 2.907e-04 2.641e-03 -1.000 6.000e-03 -3.941 -1.725 -1.846 -1.493
0.006 -0.40400 7.32000 7.6349325180 2.6224764301    7.634  3.555  4.3614  4.163    1  0.000  0.538     0.00     0.00     0.00     0.00     0.00 -1    -1e-30      0.00 7.350e-01 2.590e-01 1.065e-03 2.907e-04 2.641e-03 -1.000 6.000e-03 -4.118 -1.864 -1.988 -1.629
0.006 -0.40400 7.32000 7.8779048920 2.6229338348    7.878  3.613  4.3665  4.139    1  0.000  0.538     0.00     0.00     0.00     0.00     0.00 -1    -1e-30      0.00 7.350e-01 2.590e-01 1.065e-03 2.907e-04 2.641e-03 -1.000 6.000e-03 -4.262 -1.982 -2.107 -1.744
0.006 -0.40400 7.32000 8.0000000000 2.6231516585    8.001  3.642  4.3688  4.127    1  0.000  0.538     0.00     0.00     0.00     0.00     0.00 -1    -1e-30      0.00 7.350e-01 2.590e-01 1.065e-03 2.907e-04 2.641e-03 -1.000 6.000e-03 -4.335 -2.042 -2.167 -1.803
0.006 -0.40400 7.32000 8.1971502304 2.6234876812    8.197  3.687  4.3723  4.106    1  0.000  0.538     0.00     0.00     0.00     0.00     0.00 -1    -1e-30      0.00 7.350e-01 2.590e-01 1.065e-03 2.907e-04 2.641e-03 -1.000 6.000e-03 -4.447 -2.137 -2.263 -1.896
0.006 -0.40400 7.32000 8.4091978073 2.6238289457    8.407  3.735  4.3755  4.082    1  0.000  0.538     0.00     0.00     0.00     0.00     0.00 -1    -1e-30      0.00 7.350e-01 2.590e-01 1.065e-03 2.907e-04 2.641e-03 -1.000 6.000e-03 -4.567 -2.240 -2.368 -1.998
0.006 -0.40400 7.32000 8.6315832138 2.6241662119    8.628  3.785  4.3783  4.054    1  0.000  0.538     0.00     0.00     0.00     0.00     0.00 -1    -1e-30      0.00 7.350e-01 2.590e-01 1.065e-03 2.907e-04 2.641e-03 -1.000 6.000e-03 -4.693 -2.352 -2.480 -2.108
0.006 -0.40400 7.32000 8.9034271240 2.6245522823    8.898  3.847  4.3808  4.016    1  0.000  0.538     0.00     0.00     0.00     0.00     0.00 -1    -1e-30      0.00 7.350e-01 2.590e-01 1.065e-03 2.907e-04 2.641e-03 -1.000 6.000e-03 -4.848 -2.495 -2.624 -2.250
0.006 -0.40400 7.32000 9.0000000000 2.6246829947    8.995  3.869  4.3814  4.000    1  0.000  0.538     0.00     0.00     0.00     0.00     0.00 -1    -1e-30      0.00 7.350e-01 2.590e-01 1.065e-03 2.907e-04 2.641e-03 -1.000 6.000e-03 -4.903 -2.548 -2.677 -2.303
0.006 -0.40400 7.32000 9.1593923569 2.6248918164    9.155  3.905  4.3822  3.976    1  0.000  0.538     0.00     0.00     0.00     0.00     0.00 -1    -1e-30      0.00 7.350e-01 2.590e-01 1.065e-03 2.907e-04 2.641e-03 -1.000 6.000e-03 -4.991 -2.634 -2.763 -2.388
0.006 -0.40400 7.32000 9.3984899521 2.6251898394    9.394  3.958  4.3825  3.935    1  0.000  0.538     0.00     0.00     0.00     0.00     0.00 -1    -1e-30      0.00 7.350e-01 2.590e-01 1.065e-03 2.907e-04 2.641e-03 -1.000 6.000e-03 -5.124 -2.768 -2.898 -2.522
0.006 -0.40400 7.32000 9.6171112061 2.6254474778    9.614  4.007  4.3816  3.892    1  0.000  0.538     0.00     0.00     0.00     0.00     0.00 -1    -1e-30      0.00 7.350e-01 2.590e-01 1.065e-03 2.907e-04 2.641e-03 -1.000 6.000e-03 -5.248 -2.899 -3.029 -2.653
0.006 -0.40400 7.32000 9.8168973923 2.6256714164    9.814  4.053  4.3794  3.846    1  0.000  0.538     0.00     0.00     0.00     0.00     0.00 -1    -1e-30      0.00 7.350e-01 2.590e-01 1.065e-03 2.907e-04 2.641e-03 -1.000 6.000e-03 -5.362 -3.028 -3.158 -2.784
0.006 -0.40400 7.32000 10.0000000000 2.6258676431    9.998  4.095  4.3763  3.800    1  0.000  0.538     0.00     0.00     0.00     0.00     0.00 -1    -1e-30      0.00 7.350e-01 2.590e-01 1.065e-03 2.907e-04 2.641e-03 -1.000 6.000e-03 -5.468 -3.154 -3.283 -2.911
0.006 -0.40400 7.32000 10.1519041061 2.6260242722   10.151  4.130  4.3730  3.759    1  0.000  0.538     0.00     0.00     0.00     0.00     0.00 -1    -1e-30      0.00 7.350e-01 2.590e-01 1.065e-03 2.907e-04 2.641e-03 -1.000 6.000e-03 -5.554 -3.260 -3.388 -3.019
0.006 -0.40400 7.32000 10.3358192444 2.6262068403   10.335  4.173  4.3670  3.700    1  0.000  0.538     0.00     0.00     0.00     0.00     0.00 -1    -1e-30      0.00 7.350e-01 2.590e-01 1.065e-03 2.907e-04 2.641e-03 -1.000 6.000e-03 -5.662 -3.403 -3.530 -3.165
0.006 -0.40400 7.32000 10.5048046112 2.6263681236   10.505  4.213  4.3600  3.639    1  0.000  0.538     0.00     0.00     0.00     0.00     0.00 -1    -1e-30      0.00 7.350e-01 2.590e-01 1.065e-03 2.907e-04 2.641e-03 -1.000 6.000e-03 -5.762 -3.544 -3.669 -3.310
0.006 -0.40400 7.32000 10.6613302231 2.6265122816   10.662  4.251  4.3520  3.575    1  0.000  0.538     0.00     0.00     0.00     0.00     0.00 -1    -1e-30      0.00 7.350e-01 2.590e-01 1.065e-03 2.907e-04 2.641e-03 -1.000 6.000e-03 -5.857 -3.686 -3.809 -3.456
0.006 -0.40400 7.32000 10.7958078384 2.6266323020   10.797  4.286  4.3447  3.516    1  0.000  0.538     0.00     0.00     0.00     0.00     0.00 -1    -1e-30      0.00 7.350e-01 2.590e-01 1.065e-03 2.907e-04 2.641e-03 -1.000 6.000e-03 -5.944 -3.816 -3.937 -3.589
0.006 -0.40400 7.32000 10.9096136093 2.6267312191   10.911  4.316  4.3398  3.471    1  0.000  0.538     0.00     0.00     0.00     0.00     0.00 -1    -1e-30      0.00 7.350e-01 2.590e-01 1.065e-03 2.907e-04 2.641e-03 -1.000 6.000e-03 -6.021 -3.921 -4.041 -3.697
0.006 -0.40400 7.32000 10.9575138092 2.6267721468   10.959  4.334  4.3490  3.492    1  0.000  0.538     0.00     0.00     0.00     0.00     0.00 -1    -1e-30      0.00 7.350e-01 2.590e-01 1.065e-03 2.907e-04 2.641e-03 -1.000 6.000e-03 -6.065 -3.915 -4.038 -3.687
0.006 -0.40400 7.32000 10.9825448990 2.6267933711   10.984  4.346  4.3571  3.513    1  0.000  0.538     0.00     0.00     0.00     0.00     0.00 -1    -1e-30      0.00 7.350e-01 2.590e-01 1.065e-03 2.907e-04 2.641e-03 -1.000 6.000e-03 -6.094 -3.899 -4.024 -3.667
0.006 -0.40400 7.32000 10.9915304184 2.6268009629   10.993  4.355  4.3659  3.540    1  0.000  0.538     0.00     0.00     0.00     0.00     0.00 -1    -1e-30      0.00 7.350e-01 2.590e-01 1.065e-03 2.907e-04 2.641e-03 -1.000 6.000e-03 -6.117 -3.874 -4.001 -3.637
0.006 -0.40400 7.32000 10.9965581894 2.6268052047   10.998  4.370  4.3784  3.575    1  0.000  0.538     0.00     0.00     0.00     0.00     0.00 -1    -1e-30      0.00 7.350e-01 2.590e-01 1.065e-03 2.907e-04 2.641e-03 -1.000 6.000e-03 -6.155 -3.844 -3.973 -3.600
0.006 -0.40400 7.32000 10.9985666275 2.6268068979   11.000  4.383  4.3874  3.597    1  0.000  0.538     0.00     0.00     0.00     0.00     0.00 -1    -1e-30      0.00 7.350e-01 2.590e-01 1.065e-03 2.907e-04 2.641e-03 -1.000 6.000e-03 -6.189 -3.829 -3.961 -3.581
0.006 -0.40400 7.32000 10.9996166229 2.6268077828   11.001  4.393  4.3932  3.611    1  0.000  0.538     0.00     0.00     0.00     0.00     0.00 -1    -1e-30      0.00 7.350e-01 2.590e-01 1.065e-03 2.907e-04 2.641e-03 -1.000 6.000e-03 -6.212 -3.821 -3.955 -3.571
0.006 -0.40400 7.32000 11.0000000000 2.6268081058   11.001  4.385  4.3905  3.608    2  0.000  0.538     0.00     0.00     0.00     0.00     0.00 -1    -1e-30      0.00 7.350e-01 2.590e-01 1.065e-03 2.907e-04 2.641e-03 -1.000 6.000e-03 -6.193 -3.816 -3.949 -3.567
0.006 -0.40400 7.32000 11.0002584457 2.6268083236   11.002  4.380  4.3888  3.606    2  0.000  0.538     0.00     0.00     0.00     0.00     0.00 -1    -1e-30      0.00 7.350e-01 2.590e-01 1.065e-03 2.907e-04 2.641e-03 -1.000 6.000e-03 -6.181 -3.813 -3.946 -3.565
0.006 -0.40400 7.32000 11.0010747910 2.6268090113   11.002  4.361  4.3775  3.580    2  0.000  0.538     0.00     0.00     0.00     0.00     0.00 -1    -1e-30      0.00 7.350e-01 2.590e-01 1.065e-03 2.907e-04 2.641e-03 -1.000 6.000e-03 -6.134 -3.827 -3.957 -3.584
0.006 -0.40400 7.32000 11.0016336441 2.6268094821   11.003  4.354  4.3665  3.544    2  0.000  0.538     0.00     0.00     0.00     0.00     0.00 -1    -1e-30      0.00 7.350e-01 2.590e-01 1.065e-03 2.907e-04 2.641e-03 -1.000 6.000e-03 -6.114 -3.867 -3.994 -3.630
0.006 -0.40400 7.32000 11.0022144318 2.6268099713   11.003  4.352  4.3533  3.493    2  0.000  0.538     0.00     0.00     0.00     0.00     0.00 -1    -1e-30      0.00 7.350e-01 2.590e-01 1.065e-03 2.907e-04 2.641e-03 -1.000 6.000e-03 -6.110 -3.937 -4.061 -3.706
0.006 -0.40400 7.32000 11.0027208328 2.6268103978   11.004  4.356  4.3406  3.438    2  0.000  0.538     0.00     0.00     0.00     0.00     0.00 -1    -1e-30      0.00 7.350e-01 2.590e-01 1.065e-03 2.907e-04 2.641e-03 -1.000 6.000e-03 -6.120 -4.018 -4.139 -3.794
0.006 -0.40400 7.32000 11.0031881332 2.6268107913   11.004  4.361  4.3281  3.383    2  0.000  0.538     0.00     0.00     0.00     0.00     0.00 -1    -1e-30      0.00 7.350e-01 2.590e-01 1.065e-03 2.907e-04 2.641e-03 -1.000 6.000e-03 -6.133 -4.103 -4.220 -3.885
0.006 -0.40400 7.32000 11.0036258698 2.6268111598   11.005  4.367  4.3159  3.328    2  0.000  0.538     0.00     0.00     0.00     0.00     0.00 -1    -1e-30      0.00 7.350e-01 2.590e-01 1.065e-03 2.907e-04 2.641e-03 -1.000 6.000e-03 -6.148 -4.187 -4.301 -3.976
0.006 -0.40400 7.32000 11.0040426254 2.6268115107   11.005  4.373  4.3037  3.274    2  0.000  0.538     0.00     0.00     0.00     0.00     0.00 -1    -1e-30      0.00 7.350e-01 2.590e-01 1.065e-03 2.907e-04 2.641e-03 -1.000 6.000e-03 -6.161 -4.270 -4.380 -4.066
0.006 -0.40400 7.32000 11.0044393539 2.6268118447   11.006  4.377  4.2915  3.220    2  0.000  0.538     0.00     0.00     0.00     0.00     0.00 -1    -1e-30      0.00 7.350e-01 2.590e-01 1.065e-03 2.907e-04 2.641e-03 -1.000 6.000e-03 -6.174 -4.351 -4.458 -4.154
0.006 -0.40400 7.32000 11.0048170090 2.6268121626   11.006  4.382  4.2795  3.168    2  0.000  0.538     0.00     0.00     0.00     0.00     0.00 -1    -1e-30      0.00 7.350e-01 2.590e-01 1.065e-03 2.907e-04 2.641e-03 -1.000 6.000e-03 -6.184 -4.430 -4.534 -4.240
0.006 -0.40400 7.32000 11.0051794052 2.6268124677   11.006  4.385  4.2674  3.116    2  0.000  0.538     0.00     0.00     0.00     0.00     0.00 -1    -1e-30      0.00 7.350e-01 2.590e-01 1.065e-03 2.907e-04 2.641e-03 -1.000 6.000e-03 -6.193 -4.508 -4.608 -4.325
0.006 -0.40400 7.32000 11.0055265427 2.6268127598   11.007  4.388  4.2553  3.065    2  0.000  0.538     0.00     0.00     0.00     0.00     0.00 -1    -1e-30      0.00 7.350e-01 2.590e-01 1.065e-03 2.907e-04 2.641e-03 -1.000 6.000e-03 -6.200 -4.584 -4.681 -4.408
0.006 -0.40400 7.32000 11.0059366226 2.6268131050   11.007  4.391  4.2403  3.002    2  0.000  0.538     0.00     0.00     0.00     0.00     0.00 -1    -1e-30      0.00 7.350e-01 2.590e-01 1.065e-03 2.907e-04 2.641e-03 -1.000 6.000e-03 -6.207 -4.677 -4.770 -4.510
0.006 -0.40400 7.32000 11.0063247681 2.6268134316   11.008  4.393  4.2252  2.940    2  0.000  0.538     0.00     0.00     0.00     0.00     0.00 -1    -1e-30      0.00 7.350e-01 2.590e-01 1.065e-03 2.907e-04 2.641e-03 -1.000 6.000e-03 -6.212 -4.768 -4.857 -4.611
0.006 -0.40400 7.32000 11.0066909790 2.6268137398   11.008  4.394  4.2101  2.878    2  0.000  0.538     0.00     0.00     0.00     0.00     0.00 -1    -1e-30      0.00 7.350e-01 2.590e-01 1.065e-03 2.907e-04 2.641e-03 -1.000 6.000e-03 -6.215 -4.858 -4.942 -4.711
0.006 -0.40400 7.32000 11.0069665909 2.6268139717   11.008  4.395  4.1981  2.829    2  0.000  0.538     0.00     0.00     0.00     0.00     0.00 -1    -1e-30      0.00 7.350e-01 2.590e-01 1.065e-03 2.907e-04 2.641e-03 -1.000 6.000e-03 -6.217 -4.929 -5.009 -4.789
0.006 -0.40400 7.32000 11.0072298050 2.6268141931   11.008  4.395  4.1861  2.781    2  0.000  0.538     0.00     0.00     0.00     0.00     0.00 -1    -1e-30      0.00 7.350e-01 2.590e-01 1.065e-03 2.907e-04 2.641e-03 -1.000 6.000e-03 -6.218 -4.998 -5.074 -4.866
0.006 -0.40400 7.32000 11.0074815750 2.6268144049   11.009  4.395  4.1740  2.733    2  0.000  0.538     0.00     0.00     0.00     0.00     0.00 -1    -1e-30      0.00 7.350e-01 2.590e-01 1.065e-03 2.907e-04 2.641e-03 -1.000 6.000e-03 -6.218 -5.067 -5.139 -4.943
0.006 -0.40400 7.32000 11.0077781677 2.6268146544   11.009  4.395  4.1589  2.673    2  0.000  0.538     0.00     0.00     0.00     0.00     0.00 -1    -1e-30      0.00 7.350e-01 2.590e-01 1.065e-03 2.907e-04 2.641e-03 -1.000 6.000e-03 -6.216 -5.151 -5.219 -5.037
0.006 -0.40400 7.32000 11.0080575943 2.6268148895   11.009  4.394  4.1439  2.614    2  0.000  0.538     0.00     0.00     0.00     0.00     0.00 -1    -1e-30      0.00 7.350e-01 2.590e-01 1.065e-03 2.907e-04 2.641e-03 -1.000 6.000e-03 -6.214 -5.234 -5.296 -5.129
0.006 -0.40400 7.32000 11.0083189011 2.6268151093   11.010  4.392  4.1289  2.555    2  0.000  0.538     0.00     0.00     0.00     0.00     0.00 -1    -1e-30      0.00 7.350e-01 2.590e-01 1.065e-03 2.907e-04 2.641e-03 -1.000 6.000e-03 -6.211 -5.315 -5.372 -5.220
0.006 -0.40400 7.32000 11.0085163116 2.6268152754   11.010  4.391  4.1169  2.508    2  0.000  0.538     0.00     0.00     0.00     0.00     0.00 -1    -1e-30      0.00 7.350e-01 2.590e-01 1.065e-03 2.907e-04 2.641e-03 -1.000 6.000e-03 -6.208 -5.379 -5.432 -5.292
0.006 -0.40400 7.32000 11.0087041855 2.6268154334   11.010  4.390  4.1049  2.461    2  0.000  0.538     0.00     0.00     0.00     0.00     0.00 -1    -1e-30      0.00 7.350e-01 2.590e-01 1.065e-03 2.907e-04 2.641e-03 -1.000 6.000e-03 -6.205 -5.442 -5.491 -5.362
0.006 -0.40400 7.32000 11.0088825226 2.6268155834   11.010  4.388  4.0928  2.415    2  0.000  0.538     0.00     0.00     0.00     0.00     0.00 -1    -1e-30      0.00 7.350e-01 2.590e-01 1.065e-03 2.907e-04 2.641e-03 -1.000 6.000e-03 -6.201 -5.504 -5.550 -5.432
0.006 -0.40400 7.32000 11.0090923309 2.6268157598   11.010  4.386  4.0777  2.356    2  0.000  0.538     0.00     0.00     0.00     0.00     0.00 -1    -1e-30      0.00 7.350e-01 2.590e-01 1.065e-03 2.907e-04 2.641e-03 -1.000 6.000e-03 -6.196 -5.579 -5.619 -5.517
0.006 -0.40400 7.32000 11.0092906952 2.6268159266   11.010  4.384  4.0627  2.298    2  0.000  0.538     0.00     0.00     0.00     0.00     0.00 -1    -1e-30      0.00 7.350e-01 2.590e-01 1.065e-03 2.907e-04 2.641e-03 -1.000 6.000e-03 -6.190 -5.649 -5.682 -5.601
0.006 -0.40400 7.32000 11.0094404221 2.6268160526   11.011  4.382  4.0506  2.252    2  0.000  0.538     0.00     0.00     0.00     0.00     0.00 -1    -1e-30      0.00 7.350e-01 2.590e-01 1.065e-03 2.907e-04 2.641e-03 -1.000 6.000e-03 -6.185 -5.705 -5.734 -5.665
0.006 -0.40400 7.32000 11.0095815659 2.6268161713   11.011  4.380  4.0387  2.207    2  0.000  0.538     0.00     0.00     0.00     0.00     0.00 -1    -1e-30      0.00 7.350e-01 2.590e-01 1.065e-03 2.907e-04 2.641e-03 -1.000 6.000e-03 -6.180 -5.759 -5.783 -5.728
0.006 -0.40400 7.32000 11.0097160339 2.6268162843   11.011  4.378  4.0267  2.161    2  0.000  0.538     0.00     0.00     0.00     0.00     0.00 -1    -1e-30      0.00 7.350e-01 2.590e-01 1.065e-03 2.907e-04 2.641e-03 -1.000 6.000e-03 -6.174 -5.812 -5.832 -5.789
0.006 -0.40400 7.32000 11.0098743439 2.6268164175   11.011  4.375  4.0118  2.104    2  0.000  0.538     0.00     0.00     0.00     0.00     0.00 -1    -1e-30      0.00 7.350e-01 2.590e-01 1.065e-03 2.907e-04 2.641e-03 -1.000 6.000e-03 -6.167 -5.876 -5.890 -5.864
0.006 -0.40400 7.32000 11.0099954605 2.6268165193   11.011  4.372  3.9997  2.058    2  0.000  0.538     0.00     0.00     0.00     0.00     0.00 -1    -1e-30      0.00 7.350e-01 2.590e-01 1.065e-03 2.907e-04 2.641e-03 -1.000 6.000e-03 -6.161 -5.926 -5.935 -5.922
0.006 -0.40400 7.32000 11.0101079941 2.6268166139   11.011  4.370  3.9879  2.013    2  0.000  0.538     0.00     0.00     0.00     0.00     0.00 -1    -1e-30      0.00 7.350e-01 2.590e-01 1.065e-03 2.907e-04 2.641e-03 -1.000 6.000e-03 -6.155 -5.973 -5.978 -5.977
0.006 -0.40400 7.32000 11.0102176666 2.6268167061   11.011  4.367  3.9758  1.968    2  0.000  0.538     0.00     0.00     0.00     0.00     0.00 -1    -1e-30      0.00 7.350e-01 2.590e-01 1.065e-03 2.907e-04 2.641e-03 -1.000 6.000e-03 -6.148 -6.020 -6.020 -6.031
0.006 -0.40400 7.32000 11.0103454590 2.6268168136   11.012  4.364  3.9611  1.912    2  0.000  0.538     0.00     0.00     0.00     0.00     0.00 -1    -1e-30      0.00 7.350e-01 2.590e-01 1.065e-03 2.907e-04 2.641e-03 -1.000 6.000e-03 -6.140 -6.072 -6.067 -6.095
0.006 -0.40400 7.32000 11.0104436874 2.6268168962   11.012  4.361  3.9492  1.867    2  0.000  0.538     0.00     0.00     0.00     0.00     0.00 -1    -1e-30      0.00 7.350e-01 2.590e-01 1.065e-03 2.907e-04 2.641e-03 -1.000 6.000e-03 -6.133 -6.110 -6.098 -6.145
0.006 -0.40400 7.32000 11.0105371475 2.6268169747   11.012  4.358  3.9374  1.823    2  0.000  0.538     0.00     0.00     0.00     0.00     0.00 -1    -1e-30      0.00 7.350e-01 2.590e-01 1.065e-03 2.907e-04 2.641e-03 -1.000 6.000e-03 -6.126 -6.146 -6.129 -6.192
0.006 -0.40400 7.32000 11.0106267929 2.6268170501   11.012  4.355  3.9256  1.779    2  0.000  0.538     0.00     0.00     0.00     0.00     0.00 -1    -1e-30      0.00 7.350e-01 2.590e-01 1.065e-03 2.907e-04 2.641e-03 -1.000 6.000e-03 -6.118 -6.178 -6.154 -6.235
0.006 -0.40400 7.32000 11.0107345581 2.6268171407   11.012  4.351  3.9107  1.724    2  0.000  0.538     0.00     0.00     0.00     0.00     0.00 -1    -1e-30      0.00 7.350e-01 2.590e-01 1.065e-03 2.907e-04 2.641e-03 -1.000 6.000e-03 -6.108 -6.210 -6.176 -6.286
0.006 -0.40400 7.32000 11.0108165741 2.6268172097   11.012  4.348  3.8987  1.679    2  0.000  0.538     0.00     0.00     0.00     0.00     0.00 -1    -1e-30      0.00 7.350e-01 2.590e-01 1.065e-03 2.907e-04 2.641e-03 -1.000 6.000e-03 -6.100 -6.228 -6.183 -6.323
0.006 -0.40400 7.32000 11.0108957291 2.6268172762   11.012  4.344  3.8868  1.635    2  0.000  0.538     0.00     0.00     0.00     0.00     0.00 -1    -1e-30      0.00 7.350e-01 2.590e-01 1.065e-03 2.907e-04 2.641e-03 -1.000 6.000e-03 -6.091 -6.238 -6.180 -6.357
0.006 -0.40400 7.32000 11.0109701157 2.6268173388   11.012  4.340  3.8748  1.590    2  0.000  0.538     0.00     0.00     0.00     0.00     0.00 -1    -1e-30      0.00 7.350e-01 2.590e-01 1.065e-03 2.907e-04 2.641e-03 -1.000 6.000e-03 -6.081 -6.242 -6.169 -6.389
0.006 -0.40400 7.32000 11.0110416412 2.6268173989   11.012  4.336  3.8627  1.546    2  0.000  0.538     0.00     0.00     0.00     0.00     0.00 -1    -1e-30      0.00 7.350e-01 2.590e-01 1.065e-03 2.907e-04 2.641e-03 -1.000 6.000e-03 -6.071 -6.241 -6.151 -6.418
0.006 -0.40400 7.32000 11.0111093521 2.6268174558   11.012  4.332  3.8506  1.502    2  0.000  0.538     0.00     0.00     0.00     0.00     0.00 -1    -1e-30      0.00 7.350e-01 2.590e-01 1.065e-03 2.907e-04 2.641e-03 -1.000 6.000e-03 -6.061 -6.236 -6.125 -6.446
0.006 -0.40400 7.32000 11.0111742020 2.6268175103   11.012  4.328  3.8386  1.458    2  0.000  0.538     0.00     0.00     0.00     0.00     0.00 -1    -1e-30      0.00 7.350e-01 2.590e-01 1.065e-03 2.907e-04 2.641e-03 -1.000 6.000e-03 -6.050 -6.227 -6.094 -6.473
0.006 -0.40400 7.32000 11.0112361908 2.6268175624   11.012  4.323  3.8265  1.415    2  0.000  0.538     0.00     0.00     0.00     0.00     0.00 -1    -1e-30      0.00 7.350e-01 2.590e-01 1.065e-03 2.907e-04 2.641e-03 -1.000 6.000e-03 -6.038 -6.215 -6.058 -6.498
0.006 -0.40400 7.32000 11.0112943649 2.6268176113   11.012  4.318  3.8147  1.372    2  0.000  0.538     0.00     0.00     0.00     0.00     0.00 -1    -1e-30      0.00 7.350e-01 2.590e-01 1.065e-03 2.907e-04 2.641e-03 -1.000 6.000e-03 -6.026 -6.201 -6.018 -6.518
0.006 -0.40400 7.32000 11.0113515854 2.6268176594   11.013  4.313  3.8028  1.330    2  0.000  0.538     0.00     0.00     0.00     0.00     0.00 -1    -1e-30      0.00 7.350e-01 2.590e-01 1.065e-03 2.907e-04 2.641e-03 -1.000 6.000e-03 -6.013 -6.182 -5.974 -6.536
0.006 -0.40400 7.32000 11.0114059448 2.6268177051   11.013  4.308  3.7907  1.287    2  0.000  0.538     0.00     0.00     0.00     0.00     0.00 -1    -1e-30      0.00 7.350e-01 2.590e-01 1.065e-03 2.907e-04 2.641e-03 -1.000 6.000e-03 -5.999 -6.162 -5.926 -6.551
0.006 -0.40400 7.32000 11.0114574432 2.6268177484   11.013  4.302  3.7789  1.246    2  0.000  0.538     0.00     0.00     0.00     0.00     0.00 -1    -1e-30      0.00 7.350e-01 2.590e-01 1.065e-03 2.907e-04 2.641e-03 -1.000 6.000e-03 -5.985 -6.139 -5.875 -6.563
0.006 -0.40400 7.32000 11.0115060806 2.6268177893   11.013  4.296  3.7673  1.205    2  0.000  0.538     0.00     0.00     0.00     0.00     0.00 -1    -1e-30      0.00 7.350e-01 2.590e-01 1.065e-03 2.907e-04 2.641e-03 -1.000 6.000e-03 -5.969 -6.109 -5.815 -6.569
0.006 -0.40400 7.32000 11.0115547180 2.6268178302   11.013  4.289  3.7554  1.165    2  0.000  0.538     0.00     0.00     0.00     0.00     0.00 -1    -1e-30      0.00 7.350e-01 2.590e-01 1.065e-03 2.907e-04 2.641e-03 -1.000 6.000e-03 -5.952 -6.077 -5.753 -6.571
0.006 -0.40400 7.32000 11.0116004944 2.6268178687   11.013  4.281  3.7436  1.125    2  0.000  0.538     0.00     0.00     0.00     0.00     0.00 -1    -1e-30      0.00 7.350e-01 2.590e-01 1.065e-03 2.907e-04 2.641e-03 -1.000 6.000e-03 -5.933 -6.044 -5.689 -6.569
0.006 -0.40400 7.32000 11.0116453171 2.6268179063   11.013  4.273  3.7318  1.086    2  0.000  0.538     0.00     0.00     0.00     0.00     0.00 -1    -1e-30      0.00 7.350e-01 2.590e-01 1.065e-03 2.907e-04 2.641e-03 -1.000 6.000e-03 -5.913 -6.005 -5.620 -6.561
0.006 -0.40400 7.32000 11.0116882324 2.6268179424   11.013  4.264  3.7201  1.048    2  0.000  0.538     0.00     0.00     0.00     0.00     0.00 -1    -1e-30      0.00 7.350e-01 2.590e-01 1.065e-03 2.907e-04 2.641e-03 -1.000 6.000e-03 -5.891 -5.960 -5.544 -6.546
0.006 -0.40400 7.32000 11.0117301941 2.6268179777   11.013  4.255  3.7085  1.011    2  0.000  0.538     0.00     0.00     0.00     0.00     0.00 -1    -1e-30      0.00 7.350e-01 2.590e-01 1.065e-03 2.907e-04 2.641e-03 -1.000 6.000e-03 -5.867 -5.910 -5.462 -6.525
0.006 -0.40400 7.32000 11.0117712021 2.6268180122   11.013  4.244  3.6977  0.978    2  0.000  0.538     0.00     0.00     0.00     0.00     0.00 -1    -1e-30      0.00 7.350e-01 2.590e-01 1.065e-03 2.907e-04 2.641e-03 -1.000 6.000e-03 -5.841 -5.856 -5.378 -6.497
0.006 -0.40400 7.32000 11.0118131638 2.6268180474   11.013  4.232  3.6876  0.950    2  0.000  0.538     0.00     0.00     0.00     0.00     0.00 -1    -1e-30      0.00 7.350e-01 2.590e-01 1.065e-03 2.907e-04 2.641e-03 -1.000 6.000e-03 -5.810 -5.797 -5.293 -6.460
0.006 -0.40400 7.32000 11.0118579865 2.6268180851   11.013  4.217  3.6782  0.928    2  0.000  0.538     0.00     0.00     0.00     0.00     0.00 -1    -1e-30      0.00 7.350e-01 2.590e-01 1.065e-03 2.907e-04 2.641e-03 -1.000 6.000e-03 -5.773 -5.733 -5.202 -6.418
0.006 -0.40400 7.32000 11.0119113922 2.6268181300   11.013  4.199  3.6690  0.909    2  0.000  0.538     0.00     0.00     0.00     0.00     0.00 -1    -1e-30      0.00 7.350e-01 2.590e-01 1.065e-03 2.907e-04 2.641e-03 -1.000 6.000e-03 -5.727 -5.655 -5.098 -6.361
0.006 -0.40400 7.32000 11.0119638443 2.6268181741   11.013  4.182  3.6624  0.900    2  0.000  0.538     0.00     0.00     0.00     0.00     0.00 -1    -1e-30      0.00 7.350e-01 2.590e-01 1.065e-03 2.907e-04 2.641e-03 -1.000 6.000e-03 -5.685 -5.588 -5.012 -6.309
0.006 -0.40400 7.32000 11.0120611191 2.6268182558   11.013  4.157  3.6539  0.890    2  0.000  0.538     0.00     0.00     0.00     0.00     0.00 -1    -1e-30      0.00 7.350e-01 2.590e-01 1.065e-03 2.907e-04 2.641e-03 -1.000 6.000e-03 -5.623 -5.489 -4.887 -6.229
0.006 -0.40400 7.32000 11.0121841431 2.6268183592   11.013  4.138  3.6451  0.874    2  0.000  0.538     0.00     0.00     0.00     0.00     0.00 -1    -1e-30      0.00 7.350e-01 2.590e-01 1.065e-03 2.907e-04 2.641e-03 -1.000 6.000e-03 -5.576 -5.400 -4.771 -6.160
0.006 -0.40400 7.32000 11.0122251511 2.6268183937   11.013  4.133  3.6422  0.867    2  0.000  0.538     0.00     0.00     0.00     0.00     0.00 -1    -1e-30      0.00 7.350e-01 2.590e-01 1.065e-03 2.907e-04 2.641e-03 -1.000 6.000e-03 -5.564 -5.373 -4.735 -6.141
0.006 -0.40400 7.32000 11.0123043060 2.6268184602   11.014  4.151  3.6355  0.823    3  0.000  0.537    53.69    35.59    24.65    17.78    14.74  4    -1e-30      0.00 7.350e-01 2.590e-01 1.063e-03 2.911e-04 2.641e-03 -1.000 6.000e-03 -5.608 -5.383 -4.721 -6.167
0.006 -0.40400 7.32000 11.0123834610 2.6268185267   11.014  4.191  3.6279  0.753    3  0.000  0.521    63.25    40.38    27.81    20.10    16.66  4    -1e-30      0.00 7.350e-01 2.590e-01 1.031e-03 3.152e-04 2.641e-03 -1.000 6.000e-03 -5.706 -5.438 -4.747 -6.243
0.006 -0.40400 7.32000 11.0124292374 2.6268185652   11.014  4.229  3.6225  0.693    3  0.000  0.483    72.87    45.04    30.86    22.34    18.53  4    -1e-30      0.00 7.350e-01 2.590e-01 9.563e-04 3.875e-04 2.641e-03 -1.000 6.030e-03 -5.803 -5.503 -4.789 -6.323
0.006 -0.40400 7.32000 11.0124645233 2.6268185949   11.014  4.266  3.6181  0.639    3  0.000  0.444    82.67    49.64    33.86    24.55    20.37  4    -1e-30      0.00 7.349e-01 2.590e-01 8.802e-04 4.772e-04 2.641e-03 -1.000 6.085e-03 -5.894 -5.567 -4.834 -6.399
0.006 -0.40400 7.32000 11.0124883652 2.6268186149   11.014  4.293  3.6150  0.599    3  0.000  0.420    90.64    53.29    36.24    26.30    21.82  4    -1e-30      0.00 7.349e-01 2.590e-01 8.326e-04 5.358e-04 2.641e-03 -1.000 6.100e-03 -5.961 -5.615 -4.868 -6.456
0.006 -0.40400 7.32000 11.0124912262 2.6268186173   11.014  4.296  3.6147  0.595    3  0.000  0.418    91.59    53.71    36.51    26.51    21.99  4    -1e-30      0.00 7.349e-01 2.590e-01 8.289e-04 5.403e-04 2.641e-03 -1.000 6.100e-03 -5.969 -5.620 -4.872 -6.463
0.006 -0.40400 7.32000 11.0125017166 2.6268186261   11.014  4.309  3.6133  0.576    3  0.000  0.411    95.82    55.62    37.75    27.42    22.75  4    -1e-30      0.00 7.349e-01 2.590e-01 8.138e-04 5.592e-04 2.640e-03 -1.000 6.099e-03 -6.003 -5.645 -4.890 -6.492
0.006 -0.40400 7.32000 11.0125045776 2.6268186285   11.014  4.313  3.6130  0.571    3  0.000  0.409    96.87    56.09    38.05    27.64    22.93  4    -1e-30      0.00 7.349e-01 2.590e-01 8.104e-04 5.635e-04 2.640e-03 -1.000 6.099e-03 -6.011 -5.651 -4.895 -6.499
0.006 -0.40400 7.32000 11.0125131607 2.6268186357   11.014  4.322  3.6120  0.558    3  0.000  0.406    99.98    57.47    38.95    28.30    23.48  4    -1e-30      0.00 7.345e-01 2.594e-01 8.017e-04 5.814e-04 2.631e-03 -1.000 6.093e-03 -6.035 -5.669 -4.908 -6.519
0.006 -0.40400 7.32000 11.0125541687 2.6268186702   11.014  4.367  3.6075  0.496    3  0.000  0.394   115.67    64.30    43.36    31.56    26.19  4    -1e-30      0.00 7.325e-01 2.614e-01 7.635e-04 6.692e-04 2.585e-03 -1.000 6.049e-03 -6.146 -5.750 -4.967 -6.614
0.006 -0.40400 7.32000 11.0126047134 2.6268187127   11.014  4.412  3.6031  0.432    3  0.000  0.387   134.19    72.10    48.37    35.26    29.28  4    -1e-30      0.00 7.294e-01 2.646e-01 7.324e-04 7.640e-04 2.521e-03 -1.000 6.000e-03 -6.261 -5.833 -5.025 -6.711
0.006 -0.40400 7.32000 11.0126791000 2.6268187752   11.014  4.463  3.5983  0.362    3  0.000  0.382   158.13    81.82    54.58    39.86    33.11  4    -1e-30      0.00 7.268e-01 2.672e-01 7.079e-04 8.400e-04 2.469e-03 -1.000 6.000e-03 -6.388 -5.924 -5.088 -6.818
0.006 -0.40400 7.32000 11.0128335953 2.6268189050   11.014  4.506  3.5942  0.303    3  0.000  0.379   181.60    91.03    60.43    44.21    36.73  4    -1e-30      0.00 7.252e-01 2.688e-01 6.931e-04 8.857e-04 2.438e-03 -1.000 6.016e-03 -6.494 -5.998 -5.138 -6.907
0.006 -0.40400 7.32000 11.0134210587 2.6268193987   11.015  4.529  3.5920  0.271    3  0.000  0.378   195.94    96.52    63.91    46.79    38.88  4    -1e-30      0.00 7.241e-01 2.699e-01 6.851e-04 9.119e-04 2.419e-03 -1.000 6.026e-03 -6.553 -6.039 -5.164 -6.955
0.006 -0.40400 7.32000 11.0157928467 2.6268213911   11.017  4.576  3.5875  0.206    3  0.000  0.375   228.01   108.48    71.45    52.40    43.55  3    -1e-30      0.00 7.211e-01 2.729e-01 6.683e-04 9.697e-04 2.377e-03 -1.000 6.035e-03 -6.669 -6.118 -5.213 -7.051
0.006 -0.40400 7.32000 11.0179042816 2.6268231639   11.019  4.585  3.5866  0.193    3  0.000  0.375   235.23   111.12    73.11    53.64    44.58  3    -1e-30      0.00 7.201e-01 2.738e-01 6.643e-04 9.848e-04 2.365e-03 -1.000 6.098e-03 -6.694 -6.134 -5.223 -7.071
0.006 -0.40400 7.32000 11.0458087921 2.6268465207   11.047  4.567  3.5889  0.222    4  0.000  0.375     0.00     0.00     0.00     0.00     0.00 -1    -1e-30      0.00 7.199e-01 2.740e-01 6.640e-04 9.866e-04 2.363e-03 -1.000 6.095e-03 -6.648 -6.109 -5.214 -7.037
0.006 -0.40400 7.32000 11.0838050842 2.6268781073   11.085  4.542  3.5922  0.261    4  0.000  0.375     0.00     0.00     0.00     0.00     0.00 -1    -1e-30      0.00 7.196e-01 2.743e-01 6.636e-04 9.891e-04 2.361e-03 -1.000 6.091e-03 -6.585 -6.072 -5.198 -6.989
0.006 -0.40400 7.32000 11.1288166046 2.6269152048   11.130  4.513  3.5960  0.307    4  0.000  0.375     0.00     0.00     0.00     0.00     0.00 -1    -1e-30      0.00 7.193e-01 2.747e-01 6.631e-04 9.921e-04 2.358e-03 -1.000 6.087e-03 -6.513 -6.030 -5.178 -6.934
0.006 -0.40400 7.32000 11.1797924042 2.6269568034   11.181  4.486  3.6000  0.352    4  0.000  0.375     0.00     0.00     0.00     0.00     0.00 -1    -1e-30      0.00 7.189e-01 2.750e-01 6.626e-04 9.954e-04 2.355e-03 -1.000 6.081e-03 -6.446 -5.994 -5.167 -6.885
0.006 -0.40400 7.32000 11.3107309341 2.6270616818   11.312  4.465  3.6079  0.410    4  0.000  0.376     0.00     0.00     0.00     0.00     0.00 -1    -1e-30      0.00 7.179e-01 2.760e-01 6.612e-04 1.004e-03 2.347e-03 -1.000 6.068e-03 -6.393 -5.996 -5.207 -6.863
0.006 -0.40400 7.32000 11.3514871597 2.6270937592   11.353  4.475  3.6104  0.412    4  0.000  0.376     0.00     0.00     0.00     0.00     0.00 -1    -1e-30      0.00 7.176e-01 2.763e-01 6.608e-04 1.007e-03 2.345e-03 -1.000 6.064e-03 -6.417 -6.037 -5.259 -6.898
0.006 -0.40400 7.32000 11.3581895828 2.6270990090   11.359  4.488  3.6133  0.411    4  0.000  0.376     0.00     0.00     0.00     0.00     0.00 -1    -1e-30      0.00 7.176e-01 2.764e-01 6.607e-04 1.007e-03 2.345e-03 -1.000 6.063e-03 -6.450 -6.088 -5.321 -6.941
0.006 -0.40400 7.32000 11.3598117828 2.6271002786   11.361  4.503  3.6177  0.413    5  0.000  0.376     0.00     0.00     0.00     0.00     0.00 -1    -1e-30      0.00 7.176e-01 2.764e-01 6.607e-04 1.007e-03 2.345e-03 -1.000 6.063e-03 -6.487 -6.153 -5.404 -6.995
0.006 -0.40400 7.32000 11.3601455688 2.6271005397   11.361  4.510  3.6223  0.425    5  0.000  0.376     0.00     0.00     0.00     0.00     0.00 -1    -1e-30      0.00 7.176e-01 2.764e-01 6.607e-04 1.007e-03 2.345e-03 -1.000 6.063e-03 -6.505 -6.199 -5.467 -7.029
0.006 -0.40400 7.32000 11.3602981567 2.6271006591   11.361  4.513  3.6262  0.438    5  0.000  0.376     0.00     0.00     0.00     0.00     0.00 -1    -1e-30      0.00 7.176e-01 2.764e-01 6.607e-04 1.007e-03 2.345e-03 -1.000 6.063e-03 -6.512 -6.229 -5.513 -7.050
0.006 -0.40400 7.32000 11.3604269028 2.6271007598   11.362  4.514  3.6311  0.456    5  0.000  0.376     0.00     0.00     0.00     0.00     0.00 -1    -1e-30      0.00 7.176e-01 2.764e-01 6.607e-04 1.007e-03 2.345e-03 -1.000 6.063e-03 -6.516 -6.263 -5.565 -7.070
0.006 -0.40400 7.32000 11.3605194092 2.6271008322   11.362  4.515  3.6358  0.473    5  0.000  0.376     0.00     0.00     0.00     0.00     0.00 -1    -1e-30      0.00 7.176e-01 2.764e-01 6.607e-04 1.007e-03 2.345e-03 -1.000 6.063e-03 -6.519 -6.291 -5.611 -7.087
0.006 -0.40400 7.32000 11.3605985641 2.6271008941   11.362  4.516  3.6404  0.491    5  0.000  0.376     0.00     0.00     0.00     0.00     0.00 -1    -1e-30      0.00 7.176e-01 2.764e-01 6.607e-04 1.007e-03 2.344e-03 -1.000 6.063e-03 -6.520 -6.318 -5.654 -7.102
0.006 -0.40400 7.32000 11.3606910706 2.6271009665   11.362  4.517  3.6460  0.513    5  0.000  0.376     0.00     0.00     0.00     0.00     0.00 -1    -1e-30      0.00 7.176e-01 2.764e-01 6.607e-04 1.007e-03 2.344e-03 -1.000 6.063e-03 -6.522 -6.348 -5.702 -7.119
0.006 -0.40400 7.32000 11.3607826233 2.6271010381   11.362  4.517  3.6515  0.535    5  0.000  0.376     0.00     0.00     0.00     0.00     0.00 -1    -1e-30      0.00 7.176e-01 2.764e-01 6.607e-04 1.007e-03 2.344e-03 -1.000 6.063e-03 -6.523 -6.376 -5.749 -7.134
0.006 -0.40400 7.32000 11.3608751297 2.6271011105   11.362  4.517  3.6571  0.556    5  0.000  0.376     0.00     0.00     0.00     0.00     0.00 -1    -1e-30      0.00 7.176e-01 2.764e-01 6.607e-04 1.007e-03 2.344e-03 -1.000 6.063e-03 -6.524 -6.403 -5.793 -7.148
0.006 -0.40400 7.32000 11.3609724045 2.6271011866   11.362  4.518  3.6626  0.578    5  0.000  0.376     0.00     0.00     0.00     0.00     0.00 -1    -1e-30      0.00 7.176e-01 2.764e-01 6.607e-04 1.007e-03 2.344e-03 -1.000 6.063e-03 -6.524 -6.427 -5.837 -7.158
0.006 -0.40400 7.32000 11.3610725403 2.6271012650   11.362  4.518  3.6682  0.600    5  0.000  0.376     0.00     0.00     0.00     0.00     0.00 -1    -1e-30      0.00 7.176e-01 2.764e-01 6.607e-04 1.007e-03 2.344e-03 -1.000 6.063e-03 -6.525 -6.449 -5.879 -7.166
0.006 -0.40400 7.32000 11.3611774445 2.6271013470   11.362  4.518  3.6737  0.622    5  0.000  0.376     0.00     0.00     0.00     0.00     0.00 -1    -1e-30      0.00 7.176e-01 2.764e-01 6.607e-04 1.007e-03 2.344e-03 -1.000 6.063e-03 -6.525 -6.469 -5.918 -7.171
0.006 -0.40400 7.32000 11.3612871170 2.6271014328   11.362  4.518  3.6792  0.644    5  0.000  0.376     0.00     0.00     0.00     0.00     0.00 -1    -1e-30      0.00 7.176e-01 2.764e-01 6.607e-04 1.007e-03 2.344e-03 -1.000 6.063e-03 -6.526 -6.488 -5.955 -7.175
0.006 -0.40400 7.32000 11.3614025116 2.6271015231   11.363  4.518  3.6847  0.666    5  0.000  0.376     0.00     0.00     0.00     0.00     0.00 -1    -1e-30      0.00 7.176e-01 2.764e-01 6.607e-04 1.007e-03 2.344e-03 -1.000 6.063e-03 -6.526 -6.504 -5.989 -7.176
0.006 -0.40400 7.32000 11.3615255356 2.6271016193   11.363  4.518  3.6903  0.688    5  0.000  0.376     0.00     0.00     0.00     0.00     0.00 -1    -1e-30      0.00 7.176e-01 2.764e-01 6.607e-04 1.007e-03 2.344e-03 -1.000 6.063e-03 -6.526 -6.521 -6.022 -7.180
0.006 -0.40400 7.32000 11.3616571426 2.6271017223   11.363  4.518  3.6958  0.710    5  0.000  0.376     0.00     0.00     0.00     0.00     0.00 -1    -1e-30      0.00 7.176e-01 2.764e-01 6.607e-04 1.007e-03 2.344e-03 -1.000 6.063e-03 -6.526 -6.536 -6.053 -7.183
0.006 -0.40400 7.32000 11.3617982864 2.6271018327   11.363  4.518  3.7013  0.732    5  0.000  0.376     0.00     0.00     0.00     0.00     0.00 -1    -1e-30      0.00 7.176e-01 2.764e-01 6.607e-04 1.007e-03 2.344e-03 -1.000 6.063e-03 -6.526 -6.551 -6.082 -7.185
0.006 -0.40400 7.32000 11.3619213104 2.6271019289   11.363  4.518  3.7058  0.750    5  0.000  0.376     0.00     0.00     0.00     0.00     0.00 -1    -1e-30      0.00 7.176e-01 2.764e-01 6.607e-04 1.007e-03 2.344e-03 -1.000 6.063e-03 -6.526 -6.563 -6.106 -7.186
0.006 -0.40400 7.32000 11.3620872498 2.6271020587   11.363  4.518  3.7113  0.772    5  0.000  0.376     0.00     0.00     0.00     0.00     0.00 -1    -1e-30      0.00 7.176e-01 2.764e-01 6.607e-04 1.007e-03 2.344e-03 -1.000 6.063e-03 -6.525 -6.576 -6.134 -7.185
0.006 -0.40400 7.32000 11.3622713089 2.6271022026   11.363  4.518  3.7168  0.795    5  0.000  0.376     0.00     0.00     0.00     0.00     0.00 -1    -1e-30      0.00 7.176e-01 2.764e-01 6.607e-04 1.007e-03 2.344e-03 -1.000 6.063e-03 -6.525 -6.588 -6.161 -7.184
0.006 -0.40400 7.32000 11.3624334335 2.6271023294   11.364  4.518  3.7212  0.813    5  0.000  0.376     0.00     0.00     0.00     0.00     0.00 -1    -1e-30      0.00 7.176e-01 2.764e-01 6.607e-04 1.007e-03 2.344e-03 -1.000 6.063e-03 -6.524 -6.597 -6.183 -7.182
0.006 -0.40400 7.32000 11.3626604080 2.6271025069   11.364  4.517  3.7267  0.835    5  0.000  0.376     0.00     0.00     0.00     0.00     0.00 -1    -1e-30      0.00 7.176e-01 2.764e-01 6.607e-04 1.007e-03 2.344e-03 -1.000 6.063e-03 -6.523 -6.608 -6.208 -7.178
0.006 -0.40400 7.32000 11.3629188538 2.6271027090   11.364  4.517  3.7322  0.858    5  0.000  0.376     0.00     0.00     0.00     0.00     0.00 -1    -1e-30      0.00 7.176e-01 2.764e-01 6.607e-04 1.007e-03 2.344e-03 -1.000 6.063e-03 -6.522 -6.618 -6.232 -7.173
0.006 -0.40400 7.32000 11.3631572723 2.6271028955   11.364  4.516  3.7367  0.876    5  0.000  0.376     0.00     0.00     0.00     0.00     0.00 -1    -1e-30      0.00 7.175e-01 2.764e-01 6.607e-04 1.007e-03 2.344e-03 -1.000 6.063e-03 -6.521 -6.625 -6.251 -7.169
0.006 -0.40400 7.32000 11.3635082245 2.6271031699   11.365  4.516  3.7421  0.898    5  0.000  0.376     0.00     0.00     0.00     0.00     0.00 -1    -1e-30      0.00 7.175e-01 2.764e-01 6.607e-04 1.007e-03 2.344e-03 -1.000 6.063e-03 -6.519 -6.632 -6.272 -7.162
0.006 -0.40400 7.32000 11.3638553619 2.6271034413   11.365  4.515  3.7465  0.917    5  0.000  0.376     0.00     0.00     0.00     0.00     0.00 -1    -1e-30      0.00 7.175e-01 2.764e-01 6.607e-04 1.007e-03 2.344e-03 -1.000 6.063e-03 -6.518 -6.635 -6.288 -7.153
0.006 -0.40400 7.32000 11.3642959595 2.6271037858   11.365  4.515  3.7509  0.935    5  0.000  0.376     0.00     0.00     0.00     0.00     0.00 -1    -1e-30      0.00 7.175e-01 2.764e-01 6.607e-04 1.007e-03 2.344e-03 -1.000 6.063e-03 -6.516 -6.639 -6.303 -7.145
0.006 -0.40400 7.32000 11.3648967743 2.6271042554   11.366  4.514  3.7552  0.953    5  0.000  0.376     0.00     0.00     0.00     0.00     0.00 -1    -1e-30      0.00 7.175e-01 2.764e-01 6.607e-04 1.007e-03 2.344e-03 -1.000 6.063e-03 -6.515 -6.644 -6.319 -7.138
0.006 -0.40400 7.32000 11.3658266068 2.6271049822   11.367  4.514  3.7595  0.970    5  0.000  0.376     0.00     0.00     0.00     0.00     0.00 -1    -1e-30      0.00 7.175e-01 2.764e-01 6.607e-04 1.007e-03 2.344e-03 -1.000 6.062e-03 -6.514 -6.649 -6.335 -7.131
0.006 -0.40400 7.32000 11.3683462143 2.6271069509   11.370  4.514  3.7649  0.992    5  0.000  0.376     0.00     0.00     0.00     0.00     0.00 -1    -1e-30      0.00 7.175e-01 2.764e-01 6.606e-04 1.008e-03 2.344e-03 -1.000 6.062e-03 -6.514 -6.655 -6.356 -7.121
0.006 -0.40400 7.32000 11.3782100677 2.6271146482   11.379  4.516  3.7737  1.025    5  0.000  0.376     0.00     0.00     0.00     0.00     0.00 -1    -1e-30      0.00 7.174e-01 2.765e-01 6.605e-04 1.008e-03 2.343e-03 -1.000 6.061e-03 -6.521 -6.674 -6.397 -7.113
0.006 -0.40400 7.32000 11.3948440552 2.6271275939   11.396  4.521  3.7853  1.067    5  0.000  0.376     0.00     0.00     0.00     0.00     0.00 -1    -1e-30      0.00 7.173e-01 2.766e-01 6.604e-04 1.009e-03 2.342e-03 -1.000 6.059e-03 -6.533 -6.698 -6.451 -7.101
0.006 -0.40400 7.32000 11.4093990326 2.6271388860   11.411  4.525  3.7933  1.095    5  0.000  0.376     0.00     0.00     0.00     0.00     0.00 -1    -1e-30      0.00 7.172e-01 2.767e-01 6.602e-04 1.010e-03 2.342e-03 -1.000 6.058e-03 -6.543 -6.712 -6.484 -7.091
0.006 -0.40400 7.32000 11.4396324158 2.6271622362   11.441  4.538  3.8025  1.121    5  0.000  0.376     0.00     0.00     0.00     0.00     0.00 -1    -1e-30      0.00 7.170e-01 2.769e-01 6.599e-04 1.012e-03 2.340e-03 -1.000 6.055e-03 -6.575 -6.749 -6.542 -7.099
0.006 -0.40400 7.32000 11.4598789215 2.6271777940   11.461  4.546  3.8057  1.126    6  0.000  0.376     0.00     0.00     0.00     0.00     0.00 -1    -1e-30      0.00 7.169e-01 2.771e-01 6.597e-04 1.013e-03 2.339e-03 -1.000 6.053e-03 -6.595 -6.771 -6.571 -7.112
0.006 -0.40400 7.32000 11.4755887985 2.6271898223   11.477  4.552  3.8063  1.123    6  0.000  0.376     0.00     0.00     0.00     0.00     0.00 -1    -1e-30      0.00 7.167e-01 2.772e-01 6.595e-04 1.014e-03 2.338e-03 -1.000 6.051e-03 -6.610 -6.786 -6.588 -7.125
0.006 -0.40400 7.32000 11.4856910706 2.6271975372   11.487  4.555  3.8029  1.107    6  0.000  0.376     0.00     0.00     0.00     0.00     0.00 -1    -1e-30      0.00 7.167e-01 2.773e-01 6.594e-04 1.015e-03 2.337e-03 -1.000 6.050e-03 -6.618 -6.792 -6.586 -7.141
0.006 -0.40400 7.32000 11.4905891418 2.6272012721   11.492  4.556  3.7994  1.091    6  0.000  0.376     0.00     0.00     0.00     0.00     0.00 -1    -1e-30      0.00 7.166e-01 2.773e-01 6.594e-04 1.015e-03 2.337e-03 -1.000 6.050e-03 -6.621 -6.794 -6.580 -7.154
0.006 -0.40400 7.32000 11.4949226379 2.6272045734   11.496  4.560  3.7948  1.070    6  0.000  0.376     0.00     0.00     0.00     0.00     0.00 -1    -1e-30      0.00 7.166e-01 2.773e-01 6.593e-04 1.016e-03 2.337e-03 -1.000 6.049e-03 -6.629 -6.800 -6.575 -7.174
0.006 -0.40400 7.32000 11.4995317459 2.6272080816   11.501  4.563  3.7881  1.040    6  0.000  0.376     0.00     0.00     0.00     0.00     0.00 -1    -1e-30      0.00 7.166e-01 2.774e-01 6.593e-04 1.016e-03 2.336e-03 -1.000 6.049e-03 -6.637 -6.805 -6.565 -7.199
0.006 -0.40400 7.32000 11.5024967194 2.6272103367   11.504  4.565  3.7824  1.016    6  0.000  0.376     0.00     0.00     0.00     0.00     0.00 -1    -1e-30      0.00 7.166e-01 2.774e-01 6.593e-04 1.016e-03 2.336e-03 -1.000 6.049e-03 -6.642 -6.806 -6.553 -7.217
0.006 -0.40400 7.32000 11.5049657822 2.6272122135   11.506  4.566  3.7766  0.991    6  0.000  0.376     0.00     0.00     0.00     0.00     0.00 -1    -1e-30      0.00 7.165e-01 2.774e-01 6.592e-04 1.016e-03 2.336e-03 -1.000 6.048e-03 -6.646 -6.804 -6.535 -7.233
0.006 -0.40400 7.32000 11.5075273514 2.6272141597   11.509  4.567  3.7692  0.960    6  0.000  0.376     0.00     0.00     0.00     0.00     0.00 -1    -1e-30      0.00 7.165e-01 2.774e-01 6.592e-04 1.016e-03 2.336e-03 -1.000 6.048e-03 -6.648 -6.796 -6.507 -7.249
0.006 -0.40400 7.32000 11.5092420578 2.6272154620   11.510  4.568  3.7631  0.935    6  0.000  0.376     0.00     0.00     0.00     0.00     0.00 -1    -1e-30      0.00 7.165e-01 2.774e-01 6.592e-04 1.017e-03 2.336e-03 -1.000 6.048e-03 -6.650 -6.790 -6.486 -7.261
0.006 -0.40400 7.32000 11.5107145309 2.6272165799   11.512  4.568  3.7569  0.911    6  0.000  0.376     0.00     0.00     0.00     0.00     0.00 -1    -1e-30      0.00 7.165e-01 2.775e-01 6.592e-04 1.017e-03 2.336e-03 -1.000 6.048e-03 -6.651 -6.783 -6.462 -7.272
0.006 -0.40400 7.32000 11.5119819641 2.6272175419   11.513  4.568  3.7507  0.886    6  0.000  0.376     0.00     0.00     0.00     0.00     0.00 -1    -1e-30      0.00 7.165e-01 2.775e-01 6.592e-04 1.017e-03 2.336e-03 -1.000 6.048e-03 -6.651 -6.774 -6.437 -7.281
0.006 -0.40400 7.32000 11.5130758286 2.6272183719   11.514  4.568  3.7444  0.861    6  0.000  0.376     0.00     0.00     0.00     0.00     0.00 -1    -1e-30      0.00 7.165e-01 2.775e-01 6.592e-04 1.017e-03 2.336e-03 -1.000 6.048e-03 -6.650 -6.766 -6.412 -7.290
0.006 -0.40400 7.32000 11.5140151978 2.6272190846   11.515  4.568  3.7380  0.836    6  0.000  0.376     0.00     0.00     0.00     0.00     0.00 -1    -1e-30      0.00 7.165e-01 2.775e-01 6.591e-04 1.017e-03 2.336e-03 -1.000 6.047e-03 -6.649 -6.756 -6.386 -7.297
0.006 -0.40400 7.32000 11.5148296356 2.6272197023   11.516  4.567  3.7316  0.811    6  0.000  0.376     0.00     0.00     0.00     0.00     0.00 -1    -1e-30      0.00 7.165e-01 2.775e-01 6.591e-04 1.017e-03 2.336e-03 -1.000 6.047e-03 -6.648 -6.743 -6.356 -7.300
0.006 -0.40400 7.32000 11.5155467987 2.6272202462   11.517  4.567  3.7252  0.786    6  0.000  0.376     0.00     0.00     0.00     0.00     0.00 -1    -1e-30      0.00 7.165e-01 2.775e-01 6.591e-04 1.017e-03 2.335e-03 -1.000 6.047e-03 -6.647 -6.729 -6.325 -7.303
0.006 -0.40400 7.32000 11.5161819458 2.6272207279   11.517  4.566  3.7188  0.761    6  0.000  0.376     0.00     0.00     0.00     0.00     0.00 -1    -1e-30      0.00 7.165e-01 2.775e-01 6.591e-04 1.017e-03 2.335e-03 -1.000 6.047e-03 -6.645 -6.713 -6.292 -7.304
0.006 -0.40400 7.32000 11.5167465210 2.6272211560   11.518  4.566  3.7123  0.734    6  0.000  0.376     0.00     0.00     0.00     0.00     0.00 -1    -1e-30      0.00 7.165e-01 2.775e-01 6.591e-04 1.017e-03 2.335e-03 -1.000 6.047e-03 -6.645 -6.698 -6.259 -7.305
0.006 -0.40400 7.32000 11.5172510147 2.6272215384   11.518  4.566  3.7057  0.708    6  0.000  0.376     0.00     0.00     0.00     0.00     0.00 -1    -1e-30      0.00 7.165e-01 2.775e-01 6.591e-04 1.017e-03 2.335e-03 -1.000 6.047e-03 -6.645 -6.682 -6.225 -7.305
0.006 -0.40400 7.32000 11.5177021027 2.6272218804   11.519  4.566  3.6991  0.682    6  0.000  0.376     0.00     0.00     0.00     0.00     0.00 -1    -1e-30      0.00 7.164e-01 2.775e-01 6.591e-04 1.017e-03 2.335e-03 -1.000 6.047e-03 -6.645 -6.664 -6.189 -7.304
0.006 -0.40400 7.32000 11.5181083679 2.6272221883   11.519  4.565  3.6926  0.656    6  0.000  0.376     0.00     0.00     0.00     0.00     0.00 -1    -1e-30      0.00 7.164e-01 2.775e-01 6.591e-04 1.017e-03 2.335e-03 -1.000 6.047e-03 -6.644 -6.645 -6.152 -7.299
0.006 -0.40400 7.32000 11.5184755325 2.6272224666   11.520  4.565  3.6860  0.631    6  0.000  0.376     0.00     0.00     0.00     0.00     0.00 -1    -1e-30      0.00 7.164e-01 2.775e-01 6.591e-04 1.017e-03 2.335e-03 -1.000 6.047e-03 -6.642 -6.623 -6.112 -7.293
0.006 -0.40400 7.32000 11.5188074112 2.6272227182   11.520  4.564  3.6794  0.605    6  0.000  0.376     0.00     0.00     0.00     0.00     0.00 -1    -1e-30      0.00 7.164e-01 2.775e-01 6.591e-04 1.017e-03 2.335e-03 -1.000 6.047e-03 -6.640 -6.603 -6.070 -7.290
0.006 -0.40400 7.32000 11.5191793442 2.6272230000   11.520  4.563  3.6712  0.574    6  0.000  0.376     0.00     0.00     0.00     0.00     0.00 -1    -1e-30      0.00 7.164e-01 2.775e-01 6.591e-04 1.017e-03 2.335e-03 -1.000 6.047e-03 -6.637 -6.572 -6.011 -7.281
0.006 -0.40400 7.32000 11.5194444656 2.6272232009   11.520  4.561  3.6647  0.549    6  0.000  0.376     0.00     0.00     0.00     0.00     0.00 -1    -1e-30      0.00 7.164e-01 2.775e-01 6.591e-04 1.017e-03 2.335e-03 -1.000 6.047e-03 -6.633 -6.544 -5.960 -7.271
0.006 -0.40400 7.32000 11.5196866989 2.6272233845   11.521  4.560  3.6581  0.524    6  0.000  0.376     0.00     0.00     0.00     0.00     0.00 -1    -1e-30      0.00 7.164e-01 2.775e-01 6.591e-04 1.017e-03 2.335e-03 -1.000 6.047e-03 -6.629 -6.513 -5.904 -7.257
0.006 -0.40400 7.32000 11.5199079514 2.6272235521   11.521  4.558  3.6516  0.500    6  0.000  0.376     0.00     0.00     0.00     0.00     0.00 -1    -1e-30      0.00 7.164e-01 2.775e-01 6.591e-04 1.017e-03 2.335e-03 -1.000 6.047e-03 -6.624 -6.478 -5.849 -7.237
0.006 -0.40400 7.32000 11.5201177597 2.6272237111   11.521  4.555  3.6451  0.476    6  0.000  0.376     0.00     0.00     0.00     0.00     0.00 -1    -1e-30      0.00 7.164e-01 2.775e-01 6.591e-04 1.017e-03 2.335e-03 -1.000 6.047e-03 -6.619 -6.440 -5.789 -7.214
0.006 -0.40400 7.32000 11.5203218460 2.6272238657   11.521  4.553  3.6387  0.454    6  0.000  0.376     0.00     0.00     0.00     0.00     0.00 -1    -1e-30      0.00 7.164e-01 2.775e-01 6.591e-04 1.017e-03 2.335e-03 -1.000 6.047e-03 -6.611 -6.399 -5.726 -7.189
0.006 -0.40400 7.32000 11.5205917358 2.6272240702   11.522  4.547  3.6308  0.427    6  0.000  0.376     0.00     0.00     0.00     0.00     0.00 -1    -1e-30      0.00 7.164e-01 2.775e-01 6.591e-04 1.017e-03 2.335e-03 -1.000 6.047e-03 -6.599 -6.343 -5.642 -7.153
0.006 -0.40400 7.32000 11.5208435059 2.6272242609   11.522  4.541  3.6246  0.409    6  0.000  0.376     0.00     0.00     0.00     0.00     0.00 -1    -1e-30      0.00 7.164e-01 2.775e-01 6.591e-04 1.017e-03 2.335e-03 -1.000 6.047e-03 -6.583 -6.290 -5.566 -7.116
0.006 -0.40400 7.32000 11.5211448669 2.6272244892   11.522  4.531  3.6186  0.395    6  0.000  0.376     0.00     0.00     0.00     0.00     0.00 -1    -1e-30      0.00 7.164e-01 2.775e-01 6.591e-04 1.017e-03 2.335e-03 -1.000 6.047e-03 -6.557 -6.228 -5.480 -7.069
0.006 -0.40400 7.32000 11.5216217041 2.6272248504   11.523  4.516  3.6136  0.389    6  0.000  0.376     0.00     0.00     0.00     0.00     0.00 -1    -1e-30      0.00 7.164e-01 2.775e-01 6.591e-04 1.017e-03 2.335e-03 -1.000 6.047e-03 -6.521 -6.161 -5.393 -7.014
0.006 -0.40400 7.32000 11.5221652985 2.6272252621   11.523  4.498  3.6088  0.388    6  0.000  0.376     0.00     0.00     0.00     0.00     0.00 -1    -1e-30      0.00 7.164e-01 2.775e-01 6.591e-04 1.017e-03 2.335e-03 -1.000 6.047e-03 -6.476 -6.085 -5.298 -6.950
0.006 -0.40400 7.32000 11.5227050781 2.6272256709   11.524  4.510  3.6025  0.352    6  0.000  0.376     0.00     0.00     0.00     0.00     0.00 -1    -1e-30      0.00 7.164e-01 2.775e-01 6.591e-04 1.017e-03 2.335e-03 -1.000 6.047e-03 -6.504 -6.069 -5.252 -6.953
0.006 -0.40400 7.32000 11.5229625702 2.6272258659   11.524  4.531  3.5993  0.318    6  0.000  0.376     0.00     0.00     0.00     0.00     0.00 -1    -1e-30      0.00 7.164e-01 2.775e-01 6.591e-04 1.017e-03 2.335e-03 -1.000 6.047e-03 -6.556 -6.098 -5.264 -6.992
0.006 -0.40400 7.32000 11.5232810974 2.6272261071   11.524  4.554  3.5963  0.283    6  0.000  0.376     0.00     0.00     0.00     0.00     0.00 -1    -1e-30      0.00 7.164e-01 2.775e-01 6.591e-04 1.017e-03 2.335e-03 -1.000 6.047e-03 -6.614 -6.132 -5.281 -7.037
0.006 -0.40400 7.32000 11.5238866806 2.6272265656   11.525  4.579  3.5933  0.246    6  0.000  0.376     0.00     0.00     0.00     0.00     0.00 -1    -1e-30      0.00 7.164e-01 2.775e-01 6.590e-04 1.018e-03 2.335e-03 -1.000 6.047e-03 -6.677 -6.172 -5.302 -7.087
0.006 -0.40400 7.32000 11.5247392654 2.6272272111   11.526  4.605  3.5903  0.208    6  0.000  0.376     0.00     0.00     0.00     0.00     0.00 -1    -1e-30      0.00 7.164e-01 2.776e-01 6.590e-04 1.018e-03 2.335e-03 -1.000 6.046e-03 -6.743 -6.214 -5.325 -7.138
0.006 -0.40400 7.32000 11.5251150131 2.6272274955   11.526  4.623  3.5883  0.182    7  0.000  0.376   246.92   114.68    75.42    55.27    45.96  3    -1e-30      0.00 7.164e-01 2.776e-01 6.590e-04 1.018e-03 2.335e-03 -1.000 6.046e-03 -6.787 -6.242 -5.340 -7.174
0.006 -0.40400 7.32000 11.5262174606 2.6272283298   11.527  4.659  3.5845  0.131    7  0.000  0.376   278.75   125.85    82.42    60.48    50.30  3    -1e-30      0.00 7.164e-01 2.776e-01 6.590e-04 1.018e-03 2.335e-03 -1.000 6.046e-03 -6.878 -6.298 -5.370 -7.245
0.006 -0.40400 7.32000 11.5282611847 2.6272298761   11.529  4.659  3.5844  0.130    7  0.000  0.376   279.05   125.95    82.48    60.53    50.34  3    -1e-30      0.00 7.164e-01 2.776e-01 6.588e-04 1.018e-03 2.335e-03 -1.000 6.046e-03 -6.878 -6.298 -5.369 -7.245
0.006 -0.40400 7.32000 11.5293874741 2.6272307280   11.530  4.678  3.5824  0.104    7  0.000  0.376   297.02   132.13    86.34    63.41    52.74  3    -1e-30      0.00 7.164e-01 2.776e-01 6.587e-04 1.018e-03 2.335e-03 -1.000 6.046e-03 -6.925 -6.328 -5.386 -7.282
0.006 -0.40400 7.32000 11.5304756165 2.6272315508   11.532  4.701  3.5801  0.071    7  0.000  0.376   312.09   140.10    91.31    67.11    55.83  3    -1e-30      0.00 7.164e-01 2.776e-01 6.586e-04 1.018e-03 2.335e-03 -1.000 6.044e-03 -6.983 -6.366 -5.407 -7.328
0.006 -0.40400 7.32000 11.5316524506 2.6272324405   11.533  4.731  3.5771  0.029    7  0.000  0.375   332.75   151.14    98.17    72.23    60.10  3    -1e-30      0.00 7.162e-01 2.778e-01 6.563e-04 1.022e-03 2.333e-03 -1.000 6.000e-03 -7.058 -6.410 -5.425 -7.385
0.006 -0.40400 7.32000 11.5331983566 2.6272336089   11.534  4.772  3.5728 -0.029    7  0.000  0.373   363.79   167.96   108.58    80.02    66.60  3    -1e-30      0.00 7.144e-01 2.796e-01 6.483e-04 1.045e-03 2.318e-03 -1.000 6.000e-03 -7.161 -6.470 -5.447 -7.464
0.006 -0.40400 7.32000 11.5345716476 2.6272346466   11.536  4.804  3.5696 -0.074    7  0.000  0.371   389.60   182.15   117.32    86.56    72.06  3    -1e-30      0.00 7.127e-01 2.813e-01 6.419e-04 1.065e-03 2.304e-03 -1.000 6.003e-03 -7.241 -6.516 -5.462 -7.524
0.006 -0.40400 7.32000 11.5377731323 2.6272370645   11.539  4.857  3.5644 -0.148    7  0.000  0.370   436.05   208.11   133.25    98.50    82.03  0    -1e-30      0.00 7.111e-01 2.829e-01 6.358e-04 1.082e-03 2.293e-03 -1.000 6.066e-03 -7.374 -6.587 -5.472 -7.622
0.006 -0.40400 7.32000 11.5474891663 2.6272443930   11.548  4.933  3.5572 -0.252    7  0.000  0.369   511.27   251.22   159.49   118.23    98.50  0    -1e-30      0.00 7.058e-01 2.881e-01 6.283e-04 1.113e-03 2.268e-03 -1.000 6.054e-03 -7.563 -6.682 -5.469 -7.757
0.006 -0.40400 7.32000 11.5603199005 2.6272540492   11.561  4.965  3.5543 -0.295    7  0.000  0.370   546.68   271.92   172.02   127.66   106.38  0    -1e-30      0.00 6.971e-01 2.969e-01 6.205e-04 1.149e-03 2.239e-03 -1.000 6.043e-03 -7.644 -6.721 -5.460 -7.813
