Zini MH logAge Mini int_IMF Mass logL logTe logg label McoreTP C_O period0 period1 period2 period3 period4 pmode Mloss tau1m X Y Xc Xn Xo Cexcess Z mbolmag Gmag G_BPmag G_RPmag
0.0045 -0.53140 8.43000 0.0900000036 1.0816895926    0.090 -3.013  3.4370  5.105    0  0.000  0.545     0.00     0.00     0.00     0.00     0.00 -1 -1.15e-16      0.00 7.384e-01 2.570e-01 8.238e-04 2.222e-04 2.016e-03 -1.000 4.581e-03 12.302 13.816 16.360 12.410
0.0045 -0.53140 8.43000 0.0945729390 1.1241034953    0.095 -2.970  3.4433  5.108    0  0.000  0.545     0.00     0.00     0.00     0.00     0.00 -1 -1.24e-16      0.00 7.384e-01 2.570e-01 8.238e-04 2.222e-04 2.016e-03 -1.000 4.581e-03 12.194 13.646 16.080 12.257
0.0045 -0.53140 8.43000 0.1000000089 1.1711064744    0.100 -2.917  3.4512  5.112    0  0.000  0.545     0.00     0.00     0.00     0.00     0.00 -1 -1.35e-16      0.00 7.384e-01 2.570e-01 8.238e-04 2.222e-04 2.016e-03 -1.000 4.581e-03 12.063 13.438 15.730 12.072
0.0045 -0.53140 8.43000 0.1079439595 1.2342343394    0.108 -2.851  3.4602  5.115    0  0.000  0.545     0.00     0.00     0.00     0.00     0.00 -1 -1.51e-16      0.00 7.384e-01 2.570e-01 8.238e-04 2.222e-04 2.016e-03 -1.000 4.581e-03 11.897 13.184 15.312 11.848
0.0045 -0.53140 8.43000 0.1149506047 1.2850963459    0.115 -2.793  3.4682  5.116    0  0.000  0.545     0.00     0.00     0.00     0.00     0.00 -1 -1.67e-16      0.00 7.384e-01 2.570e-01 8.238e-04 2.222e-04 2.016e-03 -1.000 4.581e-03 11.752 12.963 14.957 11.653
0.0045 -0.53140 8.43000 0.1199999973 1.3193154249    0.120 -2.749  3.4741  5.115    0  0.000  0.545     0.00     0.00     0.00     0.00     0.00 -1  -1.8e-16      0.00 7.384e-01 2.570e-01 8.238e-04 2.222e-04 2.016e-03 -1.000 4.581e-03 11.643 12.798 14.696 11.509
0.0045 -0.53140 8.43000 0.1215317026 1.3293273193    0.121 -2.738  3.4754  5.114    0  0.000  0.545     0.00     0.00     0.00     0.00     0.00 -1 -1.84e-16      0.00 7.384e-01 2.570e-01 8.238e-04 2.222e-04 2.016e-03 -1.000 4.581e-03 11.614 12.758 14.635 11.473
0.0045 -0.53140 8.43000 0.1400000006 1.4384526719    0.140 -2.600  3.4906  5.098    0  0.000  0.545     0.00     0.00     0.00     0.00     0.00 -1  -2.4e-16      0.00 7.384e-01 2.570e-01 8.238e-04 2.222e-04 2.016e-03 -1.000 4.581e-03 11.270 12.272 13.913 11.045
0.0045 -0.53140 8.43000 0.1454406679 1.4670785574    0.145 -2.568  3.4940  5.097    0  0.000  0.545     0.00     0.00     0.00     0.00     0.00 -1 -2.54e-16      0.00 7.384e-01 2.570e-01 8.238e-04 2.222e-04 2.016e-03 -1.000 4.581e-03 11.191 12.164 13.762 10.949
0.0045 -0.53140 8.43000 0.1599999964 1.5372931554    0.160 -2.475  3.5028  5.080    0  0.000  0.545     0.00     0.00     0.00     0.00     0.00 -1 -3.07e-16      0.00 7.384e-01 2.570e-01 8.238e-04 2.222e-04 2.016e-03 -1.000 4.581e-03 10.957 11.857 13.344 10.674
0.0045 -0.53140 8.43000 0.1999999881 1.6938790356    0.200 -2.274  3.5200  5.045    0  0.000  0.545     0.00     0.00     0.00     0.00     0.00 -1 -4.53e-16      0.00 7.384e-01 2.570e-01 8.238e-04 2.222e-04 2.016e-03 -1.000 4.581e-03 10.455 11.219 12.518 10.099
0.0045 -0.53140 8.43000 0.2364937961 1.8047873570    0.237 -2.139  3.5305  5.025    0  0.000  0.545     0.00     0.00     0.00     0.00     0.00 -1 -5.81e-16      0.00 7.384e-01 2.570e-01 8.238e-04 2.222e-04 2.016e-03 -1.000 4.581e-03 10.119 10.812 12.021 9.726
0.0045 -0.53140 8.43000 0.2500000000 1.8403257998    0.250 -2.094  3.5341  5.018    0  0.000  0.545     0.00     0.00     0.00     0.00     0.00 -1 -6.33e-16      0.00 7.384e-01 2.570e-01 8.238e-04 2.222e-04 2.016e-03 -1.000 4.581e-03 10.005 10.676 11.859 9.601
0.0045 -0.53140 8.43000 0.3000000119 1.9529139769    0.300 -1.949  3.5440  4.992    0  0.000  0.545     0.00     0.00     0.00     0.00     0.00 -1 -8.28e-16      0.00 7.384e-01 2.570e-01 8.238e-04 2.222e-04 2.016e-03 -1.000 4.581e-03 9.642 10.252 11.365 9.208
0.0045 -0.53140 8.43000 0.3499999642 2.0434174156    0.350 -1.804  3.5541  4.955    0  0.000  0.545     0.00     0.00     0.00     0.00     0.00 -1 -1.12e-15      0.00 7.384e-01 2.570e-01 8.238e-04 2.222e-04 2.016e-03 -1.000 4.581e-03 9.281 9.833 10.880 8.818
0.0045 -0.53140 8.43000 0.3999999762 2.1185023988    0.400 -1.648  3.5660  4.904    0  0.000  0.545     0.00     0.00     0.00     0.00     0.00 -1 -1.58e-15      0.00 7.384e-01 2.570e-01 8.238e-04 2.222e-04 2.016e-03 -1.000 4.581e-03 8.891 9.379 10.357 8.399
0.0045 -0.53140 8.43000 0.4269984961 2.1541486065    0.427 -1.557  3.5735  4.871    0  0.000  0.545     0.00     0.00     0.00     0.00     0.00 -1 -1.96e-15      0.00 7.384e-01 2.570e-01 8.238e-04 2.222e-04 2.016e-03 -1.000 4.581e-03 8.662 9.113 10.051 8.154
0.0045 -0.53140 8.43000 0.4499999881 2.1822809009    0.450 -1.482  3.5799  4.845    0  0.000  0.545     0.00     0.00     0.00     0.00     0.00 -1 -2.34e-15      0.00 7.384e-01 2.570e-01 8.238e-04 2.222e-04 2.016e-03 -1.000 4.581e-03 8.475 8.896 9.803 7.954
0.0045 -0.53140 8.43000 0.4999999404 2.2374540715    0.500 -1.308  3.5983  4.790    0  0.000  0.545     0.00     0.00     0.00     0.00     0.00 -1 -3.53e-15      0.00 7.384e-01 2.570e-01 8.238e-04 2.222e-04 2.016e-03 -1.000 4.581e-03 8.040 8.383 9.210 7.488
0.0045 -0.53140 8.43000 0.5500000119 2.2836582633    0.550 -1.133  3.6237  4.757    0  0.000  0.545     0.00     0.00     0.00     0.00     0.00 -1 -5.23e-15      0.00 7.392e-01 2.563e-01 8.218e-04 2.217e-04 2.010e-03 -1.000 4.580e-03 7.601 7.853 8.580 7.020
0.0045 -0.53140 8.43000 0.5999999642 2.3211212854    0.600 -0.960  3.6505  4.730    0  0.000  0.545     0.00     0.00     0.00     0.00     0.00 -1 -7.69e-15      0.00 7.393e-01 2.562e-01 8.213e-04 2.216e-04 2.010e-03 -1.000 4.569e-03 7.169 7.321 7.939 6.563
0.0045 -0.53140 8.43000 0.6421708465 2.3475592443    0.642 -0.818  3.6735  4.709    0  0.000  0.545     0.00     0.00     0.00     0.00     0.00 -1 -1.05e-14      0.00 7.394e-01 2.560e-01 8.208e-04 2.215e-04 2.008e-03 -1.000 4.577e-03 6.814 6.884 7.417 6.191
0.0045 -0.53140 8.43000 0.6499999166 2.3520352771    0.650 -0.793  3.6778  4.707    0  0.000  0.545     0.00     0.00     0.00     0.00     0.00 -1 -1.11e-14      0.00 7.394e-01 2.560e-01 8.209e-04 2.215e-04 2.009e-03 -1.000 4.580e-03 6.752 6.808 7.327 6.127
0.0045 -0.53140 8.43000 0.6999999881 2.3779266974    0.700 -0.641  3.7039  4.692    0  0.000  0.545     0.00     0.00     0.00     0.00     0.00 -1 -1.55e-14      0.00 7.396e-01 2.559e-01 8.204e-04 2.214e-04 2.008e-03 -1.000 4.512e-03 6.373 6.357 6.803 5.740
0.0045 -0.53140 8.43000 0.7483875155 2.3992331269    0.748 -0.505  3.7272  4.678    0  0.000  0.538     0.00     0.00     0.00     0.00     0.00 -1 -2.08e-14      0.00 7.398e-01 2.557e-01 8.095e-04 2.210e-04 2.007e-03 -1.000 4.574e-03 6.032 5.974 6.365 5.409
0.0045 -0.53140 8.43000 0.7967749834 2.4175913256    0.797 -0.378  3.7464  4.655    0  0.000  0.538     0.00     0.00     0.00     0.00     0.00 -1 -2.77e-14      0.00 7.400e-01 2.554e-01 8.085e-04 2.208e-04 2.005e-03 -1.000 4.547e-03 5.715 5.635 5.985 5.111
0.0045 -0.53140 8.43000 0.8451624513 2.4335533786    0.845 -0.258  3.7632  4.628    0  0.000  0.538     0.00     0.00     0.00     0.00     0.00 -1 -3.66e-14      0.00 7.404e-01 2.551e-01 8.076e-04 2.206e-04 2.003e-03 -1.000 4.534e-03 5.415 5.327 5.643 4.839
0.0045 -0.53140 8.43000 0.8935499191 2.4475438855    0.893 -0.144  3.7777  4.596    0  0.000  0.538     0.00     0.00     0.00     0.00     0.00 -1  -4.8e-14      0.00 7.408e-01 2.546e-01 8.059e-04 2.201e-04 1.999e-03 -1.000 4.547e-03 5.130 5.040 5.327 4.584
0.0045 -0.53140 8.43000 0.9419373274 2.4598943945    0.941 -0.036  3.7904  4.561    1  0.000  0.538     0.00     0.00     0.00     0.00     0.00 -1 -6.24e-14      0.00 7.418e-01 2.537e-01 8.040e-04 2.195e-04 1.994e-03 -1.000 4.515e-03 4.859 4.771 5.033 4.343
0.0045 -0.53140 8.43000 0.9903249145 2.4708673939    0.990  0.068  3.8018  4.525    1  0.000  0.537     0.00     0.00     0.00     0.00     0.00 -1 -8.06e-14      0.00 7.425e-01 2.530e-01 8.021e-04 2.191e-04 1.990e-03 -1.000 4.526e-03 4.599 4.515 4.756 4.113
0.0045 -0.53140 8.43000 1.0184788704 2.4767030511    1.018  0.126  3.8081  4.504    1  0.000  0.537     0.00     0.00     0.00     0.00     0.00 -1    -9e-14      0.00 7.426e-01 2.528e-01 8.020e-04 2.191e-04 1.990e-03 -1.000 4.532e-03 4.454 4.372 4.602 3.984
0.0045 -0.53140 8.43000 1.0387122631 2.4806730364    1.038  0.167  3.8126  4.490    1  0.000  0.537     0.00     0.00     0.00     0.00     0.00 -1 -9.71e-14      0.00 7.427e-01 2.528e-01 8.020e-04 2.191e-04 1.991e-03 -1.000 4.532e-03 4.353 4.272 4.495 3.895
0.0045 -0.53140 8.43000 1.0870997906 2.4894816928    1.086  0.261  3.8231  4.457    1  0.000  0.537     0.00     0.00     0.00     0.00     0.00 -1 -1.13e-13      0.00 7.428e-01 2.527e-01 8.021e-04 2.191e-04 1.990e-03 -1.000 4.505e-03 4.117 4.039 4.244 3.685
0.0045 -0.53140 8.43000 1.1082383394 2.4930533647    1.107  0.301  3.8278  4.445    1  0.000  0.537     0.00     0.00     0.00     0.00     0.00 -1  -1.2e-13      0.00 7.429e-01 2.527e-01 8.020e-04 2.190e-04 1.990e-03 -1.000 4.493e-03 4.018 3.941 4.139 3.597
0.0045 -0.53140 8.43000 1.1354873180 2.4974326128    1.135  0.351  3.8338  4.429    1  0.000  0.537     0.00     0.00     0.00     0.00     0.00 -1  -1.3e-13      0.00 7.428e-01 2.527e-01 8.020e-04 2.190e-04 1.990e-03 -1.000 4.486e-03 3.894 3.818 4.007 3.488
0.0045 -0.53140 8.43000 1.1838748455 2.5046407594    1.183  0.435  3.8449  4.408    1  0.000  0.537     0.00     0.00     0.00     0.00     0.00 -1 -1.44e-13      0.00 7.428e-01 2.527e-01 8.019e-04 2.191e-04 1.990e-03 -1.000 4.491e-03 3.684 3.612 3.783 3.306
0.0045 -0.53140 8.43000 1.2322621346 2.5112017713    1.232  0.514  3.8573  4.395    1  0.000  0.537     0.00     0.00     0.00     0.00     0.00 -1 -1.56e-13      0.00 7.429e-01 2.525e-01 8.017e-04 2.190e-04 1.989e-03 -1.000 4.543e-03 3.484 3.416 3.569 3.140
0.0045 -0.53140 8.43000 1.2806496620 2.5171959299    1.280  0.590  3.8714  4.393    1  0.000  0.537     0.00     0.00     0.00     0.00     0.00 -1 -1.64e-13      0.00 7.431e-01 2.524e-01 8.013e-04 2.189e-04 1.989e-03 -1.000 4.514e-03 3.295 3.233 3.365 2.989
0.0045 -0.53140 8.43000 1.3290373087 2.5226909434    1.329  0.663  3.8870  4.399    1  0.000  0.537     0.00     0.00     0.00     0.00     0.00 -1 -1.68e-13      0.00 7.432e-01 2.522e-01 8.008e-04 2.188e-04 1.988e-03 -1.000 4.510e-03 3.113 3.059 3.170 2.853
0.0045 -0.53140 8.43000 1.3774247169 2.5277443269    1.377  0.732  3.9026  4.407    1  0.000  0.537     0.00     0.00     0.00     0.00     0.00 -1 -1.66e-13      0.00 7.434e-01 2.521e-01 8.006e-04 2.187e-04 1.987e-03 -1.000 4.539e-03 2.939 2.898 2.987 2.730
0.0045 -0.53140 8.43000 1.3931721449 2.5293021116    1.393  0.754  3.9075  4.410    1  0.000  0.537     0.00     0.00     0.00     0.00     0.00 -1 -1.64e-13      0.00 7.434e-01 2.521e-01 8.005e-04 2.186e-04 1.986e-03 -1.000 4.533e-03 2.884 2.848 2.930 2.692
0.0045 -0.53140 8.43000 1.4258121252 2.5324053073    1.426  0.800  3.9176  4.415    1  0.000  0.537     0.00     0.00     0.00     0.00     0.00 -1  -1.6e-13      0.00 7.435e-01 2.520e-01 8.002e-04 2.186e-04 1.986e-03 -1.000 4.517e-03 2.771 2.747 2.816 2.616
0.0045 -0.53140 8.43000 1.4656920433 2.5359819265    1.466  0.853  3.9293  4.420    1  0.000  0.537     0.00     0.00     0.00     0.00     0.00 -1 -1.51e-13      0.00 7.436e-01 2.518e-01 8.000e-04 2.185e-04 1.985e-03 -1.000 4.530e-03 2.637 2.632 2.686 2.530
0.0045 -0.53140 8.43000 1.4741996527 2.5367161847    1.474  0.864  3.9318  4.421    1  0.000  0.537     0.00     0.00     0.00     0.00     0.00 -1 -1.49e-13      0.00 7.437e-01 2.518e-01 8.000e-04 2.185e-04 1.985e-03 -1.000 4.536e-03 2.609 2.610 2.660 2.512
0.0045 -0.53140 8.43000 1.5058175325 2.5393615774    1.506  0.905  3.9406  4.425    1  0.000  0.537     0.00     0.00     0.00     0.00     0.00 -1 -1.38e-13      0.00 7.437e-01 2.517e-01 7.998e-04 2.185e-04 1.985e-03 -1.000 4.525e-03 2.507 2.529 2.569 2.451
0.0045 -0.53140 8.43000 1.5225870609 2.5407134771    1.522  0.927  3.9451  4.426    1  0.000  0.537     0.00     0.00     0.00     0.00     0.00 -1 -1.32e-13      0.00 7.438e-01 2.517e-01 7.997e-04 2.185e-04 1.984e-03 -1.000 4.517e-03 2.453 2.488 2.524 2.419
0.0045 -0.53140 8.43000 1.5709745884 2.5444289269    1.571  0.987  3.9576  4.430    1  0.000  0.537     0.00     0.00     0.00     0.00     0.00 -1 -1.07e-13      0.00 7.439e-01 2.516e-01 7.994e-04 2.184e-04 1.984e-03 -1.000 4.535e-03 2.303 2.377 2.401 2.331
0.0045 -0.53140 8.43000 1.6193619967 2.5478901813    1.619  1.044  3.9690  4.431    1  0.000  0.537     0.00     0.00     0.00     0.00     0.00 -1 -7.26e-14      0.00 7.440e-01 2.515e-01 7.990e-04 2.183e-04 1.983e-03 -1.000 4.512e-03 2.160 2.273 2.288 2.246
0.0045 -0.53140 8.43000 1.6677495241 2.5511214867    1.667  1.099  3.9794  4.430    1  0.000  0.537     0.00     0.00     0.00     0.00     0.00 -1 -6.05e-20      0.00 7.441e-01 2.514e-01 7.988e-04 2.182e-04 1.983e-03 -1.000 4.516e-03 2.021 2.176 2.183 2.163
0.0045 -0.53140 8.43000 1.7161370516 2.5541441388    1.715  1.153  3.9890  4.428    1  0.000  0.537     0.00     0.00     0.00     0.00     0.00 -1    -1e-30      0.00 7.442e-01 2.513e-01 7.988e-04 2.182e-04 1.982e-03 -1.000 4.509e-03 1.888 2.083 2.083 2.082
0.0045 -0.53140 8.43000 1.7316770554 2.5550737689    1.731  1.169  3.9919  4.426    1  0.000  0.537     0.00     0.00     0.00     0.00     0.00 -1    -1e-30      0.00 7.442e-01 2.513e-01 7.987e-04 2.182e-04 1.982e-03 -1.000 4.500e-03 1.846 2.053 2.052 2.057
0.0045 -0.53140 8.43000 1.7645244598 2.5569769339    1.763  1.204  3.9979  4.424    1  0.000  0.537     0.00     0.00     0.00     0.00     0.00 -1    -1e-30      0.00 7.443e-01 2.512e-01 7.986e-04 2.181e-04 1.982e-03 -1.000 4.478e-03 1.759 1.992 1.988 2.002
0.0045 -0.53140 8.43000 1.8143253326 2.5597117749    1.813  1.256  4.0065  4.418    1  0.000  0.537     0.00     0.00     0.00     0.00     0.00 -1    -1e-30      0.00 7.443e-01 2.512e-01 7.984e-04 2.181e-04 1.981e-03 -1.000 4.486e-03 1.630 1.903 1.893 1.922
0.0045 -0.53140 8.43000 1.8481367826 2.5614722550    1.847  1.290  4.0121  4.414    1  0.000  0.537     0.00     0.00     0.00     0.00     0.00 -1    -1e-30      0.00 7.444e-01 2.512e-01 7.983e-04 2.180e-04 1.981e-03 -1.000 4.481e-03 1.544 1.843 1.831 1.868
0.0045 -0.53140 8.43000 1.8641264439 2.5622792652    1.863  1.306  4.0146  4.412    1  0.000  0.537     0.00     0.00     0.00     0.00     0.00 -1    -1e-30      0.00 7.444e-01 2.512e-01 7.983e-04 2.180e-04 1.981e-03 -1.000 4.481e-03 1.504 1.815 1.802 1.842
0.0045 -0.53140 8.43000 1.9139275551 2.5646937055    1.913  1.356  4.0223  4.405    1  0.000  0.537     0.00     0.00     0.00     0.00     0.00 -1    -1e-30      0.00 7.444e-01 2.511e-01 7.982e-04 2.181e-04 1.981e-03 -1.000 4.481e-03 1.381 1.729 1.712 1.763
0.0045 -0.53140 8.43000 1.9637286663 2.5669678549    1.963  1.404  4.0298  4.398    1  0.000  0.537     0.00     0.00     0.00     0.00     0.00 -1    -1e-30      0.00 7.445e-01 2.511e-01 7.980e-04 2.180e-04 1.981e-03 -1.000 4.463e-03 1.260 1.645 1.624 1.686
0.0045 -0.53140 8.43000 2.0135295391 2.5691131108    2.013  1.451  4.0368  4.390    1  0.000  0.537     0.00     0.00     0.00     0.00     0.00 -1    -1e-30      0.00 7.445e-01 2.510e-01 7.980e-04 2.180e-04 1.981e-03 -1.000 4.497e-03 1.142 1.562 1.538 1.608
0.0045 -0.53140 8.43000 2.0633306503 2.5711397217    2.063  1.498  4.0435  4.381    1  0.000  0.537     0.00     0.00     0.00     0.00     0.00 -1    -1e-30      0.00 7.445e-01 2.510e-01 7.979e-04 2.180e-04 1.980e-03 -1.000 4.482e-03 1.025 1.480 1.453 1.531
0.0045 -0.53140 8.43000 2.0703306198 2.5714156055    2.070  1.504  4.0444  4.379    1  0.000  0.537     0.00     0.00     0.00     0.00     0.00 -1    -1e-30      0.00 7.445e-01 2.510e-01 7.979e-04 2.180e-04 1.980e-03 -1.000 4.487e-03 1.009 1.469 1.441 1.520
0.0045 -0.53140 8.43000 2.1131315231 2.5730568631    2.112  1.544  4.0498  4.370    1  0.000  0.537     0.00     0.00     0.00     0.00     0.00 -1    -1e-30      0.00 7.445e-01 2.510e-01 7.979e-04 2.180e-04 1.981e-03 -1.000 4.521e-03 0.910 1.397 1.368 1.453
0.0045 -0.53140 8.43000 2.1629328728 2.5748728496    2.162  1.589  4.0559  4.359    1  0.000  0.537     0.00     0.00     0.00     0.00     0.00 -1    -1e-30      0.00 7.445e-01 2.510e-01 7.978e-04 2.179e-04 1.980e-03 -1.000 4.481e-03 0.797 1.316 1.284 1.376
0.0045 -0.53140 8.43000 2.2127337456 2.5765951351    2.211  1.634  4.0616  4.347    1  0.000  0.537     0.00     0.00     0.00     0.00     0.00 -1    -1e-30      0.00 7.445e-01 2.510e-01 7.979e-04 2.180e-04 1.980e-03 -1.000 4.522e-03 0.685 1.234 1.200 1.297
0.0045 -0.53140 8.43000 2.2625348568 2.5782305270    2.261  1.678  4.0670  4.334    1  0.000  0.537     0.00     0.00     0.00     0.00     0.00 -1    -1e-30      0.00 7.446e-01 2.510e-01 7.980e-04 2.180e-04 1.980e-03 -1.000 4.480e-03 0.574 1.152 1.116 1.219
0.0045 -0.53140 8.43000 2.2920539379 2.5791614024    2.291  1.704  4.0701  4.326    1  0.000  0.537     0.00     0.00     0.00     0.00     0.00 -1    -1e-30      0.00 7.446e-01 2.509e-01 7.980e-04 2.179e-04 1.980e-03 -1.000 4.517e-03 0.510 1.103 1.066 1.173
0.0045 -0.53140 8.43000 2.3123357296 2.5797851659    2.311  1.722  4.0721  4.320    1  0.000  0.537     0.00     0.00     0.00     0.00     0.00 -1    -1e-30      0.00 7.445e-01 2.509e-01 7.980e-04 2.179e-04 1.980e-03 -1.000 4.543e-03 0.465 1.070 1.032 1.140
0.0045 -0.53140 8.43000 2.3621368408 2.5812646664    2.361  1.765  4.0769  4.305    1  0.000  0.537     0.00     0.00     0.00     0.00     0.00 -1    -1e-30      0.00 7.445e-01 2.510e-01 7.978e-04 2.180e-04 1.980e-03 -1.000 4.481e-03 0.357 0.987 0.947 1.061
0.0045 -0.53140 8.43000 2.4119379520 2.5826741251    2.411  1.808  4.0813  4.290    1  0.000  0.537     0.00     0.00     0.00     0.00     0.00 -1    -1e-30      0.00 7.442e-01 2.513e-01 7.989e-04 2.182e-04 1.983e-03 -1.000 4.487e-03 0.251 0.905 0.863 0.981
0.0045 -0.53140 8.43000 2.4614441395 2.5840104278    2.460  1.850  4.0856  4.274    1  0.000  0.537     0.00     0.00     0.00     0.00     0.00 -1    -1e-30      0.00 7.430e-01 2.525e-01 8.020e-04 2.191e-04 1.991e-03 -1.000 4.511e-03 0.146 0.823 0.780 0.902
0.0045 -0.53140 8.43000 2.5342457294 2.5858668925    2.533  1.912  4.0910  4.246    1  0.000  0.537     0.00     0.00     0.00     0.00     0.00 -1    -1e-30      0.00 7.409e-01 2.545e-01 8.072e-04 2.204e-04 2.002e-03 -1.000 4.546e-03 -0.009 0.697 0.652 0.779
0.0045 -0.53140 8.43000 2.5999686718 2.5874405694    2.599  1.968  4.0951  4.218    1  0.000  0.538     0.00     0.00     0.00     0.00     0.00 -1    -1e-30      0.00 7.389e-01 2.565e-01 8.122e-04 2.217e-04 2.014e-03 -1.000 4.576e-03 -0.149 0.579 0.533 0.664
0.0045 -0.53140 8.43000 2.6111419201 2.5876990578    2.611  1.977  4.0957  4.213    1  0.000  0.538     0.00     0.00     0.00     0.00     0.00 -1    -1e-30      0.00 7.385e-01 2.569e-01 8.131e-04 2.219e-04 2.017e-03 -1.000 4.581e-03 -0.173 0.559 0.512 0.644
0.0045 -0.53140 8.43000 2.6598629951 2.5887970713    2.660  2.018  4.0980  4.189    1  0.000  0.538     0.00     0.00     0.00     0.00     0.00 -1    -1e-30      0.00 7.385e-01 2.569e-01 8.131e-04 2.219e-04 2.017e-03 -1.000 4.581e-03 -0.275 0.468 0.421 0.555
0.0045 -0.53140 8.43000 2.7146141529 2.5899770543    2.714  2.064  4.1000  4.159    1  0.000  0.538     0.00     0.00     0.00     0.00     0.00 -1    -1e-30      0.00 7.385e-01 2.569e-01 8.131e-04 2.219e-04 2.017e-03 -1.000 4.581e-03 -0.391 0.363 0.315 0.451
0.0045 -0.53140 8.43000 2.7836360931 2.5913887989    2.784  2.124  4.1009  4.114    1  0.000  0.538     0.00     0.00     0.00     0.00     0.00 -1    -1e-30      0.00 7.385e-01 2.569e-01 8.131e-04 2.219e-04 2.017e-03 -1.000 4.581e-03 -0.540 0.219 0.171 0.307
0.0045 -0.53140 8.43000 2.8103461266 2.5919137601    2.810  2.147  4.1008  4.095    1  0.000  0.538     0.00     0.00     0.00     0.00     0.00 -1    -1e-30      0.00 7.385e-01 2.569e-01 8.131e-04 2.219e-04 2.017e-03 -1.000 4.581e-03 -0.598 0.160 0.112 0.248
0.0045 -0.53140 8.43000 2.8408193588 2.5924988408    2.841  2.174  4.1007  4.072    1  0.000  0.538     0.00     0.00     0.00     0.00     0.00 -1    -1e-30      0.00 7.385e-01 2.569e-01 8.131e-04 2.219e-04 2.017e-03 -1.000 4.581e-03 -0.664 0.093 0.045 0.181
0.0045 -0.53140 8.43000 2.8926405907 2.5934613231    2.893  2.219  4.0993  4.030    1  0.000  0.538     0.00     0.00     0.00     0.00     0.00 -1    -1e-30      0.00 7.385e-01 2.569e-01 8.131e-04 2.219e-04 2.017e-03 -1.000 4.581e-03 -0.777 -0.028 -0.076 0.059
0.0045 -0.53140 8.43000 2.9426395893 2.5943531045    2.943  2.263  4.0961  3.980    1  0.000  0.538     0.00     0.00     0.00     0.00     0.00 -1    -1e-30      0.00 7.385e-01 2.569e-01 8.131e-04 2.219e-04 2.017e-03 -1.000 4.581e-03 -0.888 -0.157 -0.204 -0.071
0.0045 -0.53140 8.43000 2.9899790287 2.5951659164    2.990  2.306  4.0915  3.926    1  0.000  0.538     0.00     0.00     0.00     0.00     0.00 -1    -1e-30      0.00 7.385e-01 2.569e-01 8.131e-04 2.219e-04 2.017e-03 -1.000 4.581e-03 -0.994 -0.289 -0.335 -0.206
0.0045 -0.53140 8.43000 3.0095503330 2.5954933738    3.009  2.323  4.0889  3.901    1  0.000  0.538     0.00     0.00     0.00     0.00     0.00 -1    -1e-30      0.00 7.385e-01 2.569e-01 8.131e-04 2.219e-04 2.017e-03 -1.000 4.581e-03 -1.039 -0.348 -0.393 -0.267
0.0045 -0.53140 8.43000 3.0294542313 2.5958214106    3.029  2.341  4.0861  3.875    1  0.000  0.538     0.00     0.00     0.00     0.00     0.00 -1    -1e-30      0.00 7.385e-01 2.569e-01 8.131e-04 2.219e-04 2.017e-03 -1.000 4.581e-03 -1.083 -0.408 -0.452 -0.328
0.0045 -0.53140 8.43000 3.0680811405 2.5964440775    3.068  2.377  4.0784  3.813    1  0.000  0.538     0.00     0.00     0.00     0.00     0.00 -1    -1e-30      0.00 7.385e-01 2.569e-01 8.131e-04 2.219e-04 2.017e-03 -1.000 4.581e-03 -1.173 -0.540 -0.582 -0.465
0.0045 -0.53140 8.43000 3.1019172668 2.5969748890    3.101  2.409  4.0703  3.754    1  0.000  0.538     0.00     0.00     0.00     0.00     0.00 -1    -1e-30      0.00 7.385e-01 2.569e-01 8.131e-04 2.219e-04 2.017e-03 -1.000 4.581e-03 -1.252 -0.663 -0.702 -0.593
0.0045 -0.53140 8.43000 3.1269571781 2.5973592137    3.126  2.433  4.0633  3.705    1  0.000  0.538     0.00     0.00     0.00     0.00     0.00 -1    -1e-30      0.00 7.385e-01 2.569e-01 8.131e-04 2.219e-04 2.017e-03 -1.000 4.581e-03 -1.314 -0.762 -0.799 -0.697
0.0045 -0.53140 8.43000 3.1498136520 2.5977038983    3.149  2.458  4.0571  3.658    1  0.000  0.538     0.00     0.00     0.00     0.00     0.00 -1    -1e-30      0.00 7.385e-01 2.569e-01 8.131e-04 2.219e-04 2.017e-03 -1.000 4.581e-03 -1.375 -0.857 -0.891 -0.795
0.0045 -0.53140 8.43000 3.1658315659 2.5979420466    3.165  2.477  4.0541  3.630    1  0.000  0.538     0.00     0.00     0.00     0.00     0.00 -1    -1e-30      0.00 7.385e-01 2.569e-01 8.131e-04 2.219e-04 2.017e-03 -1.000 4.581e-03 -1.423 -0.920 -0.954 -0.860
0.0045 -0.53140 8.43000 3.1764125824 2.5980978471    3.176  2.498  4.0619  3.641    1  0.000  0.538     0.00     0.00     0.00     0.00     0.00 -1    -1e-30      0.00 7.385e-01 2.569e-01 8.131e-04 2.219e-04 2.017e-03 -1.000 4.581e-03 -1.475 -0.932 -0.968 -0.867
0.0045 -0.53140 8.43000 3.1810903549 2.5981663453    3.180  2.512  4.0704  3.662    1  0.000  0.538     0.00     0.00     0.00     0.00     0.00 -1    -1e-30      0.00 7.385e-01 2.569e-01 8.131e-04 2.219e-04 2.017e-03 -1.000 4.581e-03 -1.511 -0.922 -0.961 -0.852
0.0045 -0.53140 8.43000 3.1830172539 2.5981944942    3.182  2.525  4.0801  3.688    1  0.000  0.538     0.00     0.00     0.00     0.00     0.00 -1    -1e-30      0.00 7.385e-01 2.569e-01 8.131e-04 2.219e-04 2.017e-03 -1.000 4.581e-03 -1.543 -0.902 -0.945 -0.827
0.0045 -0.53140 8.43000 3.1841361523 2.5982108215    3.183  2.541  4.0915  3.718    1  0.000  0.538     0.00     0.00     0.00     0.00     0.00 -1    -1e-30      0.00 7.385e-01 2.569e-01 8.131e-04 2.219e-04 2.017e-03 -1.000 4.581e-03 -1.584 -0.880 -0.926 -0.798
0.0045 -0.53140 8.43000 3.1846716404 2.5982186309    3.184  2.558  4.1012  3.740    1  0.000  0.538     0.00     0.00     0.00     0.00     0.00 -1    -1e-30      0.00 7.385e-01 2.569e-01 8.131e-04 2.219e-04 2.017e-03 -1.000 4.581e-03 -1.624 -0.867 -0.917 -0.779
0.0045 -0.53140 8.43000 3.1849803925 2.5982231322    3.184  2.571  4.1088  3.757    1  0.000  0.538     0.00     0.00     0.00     0.00     0.00 -1    -1e-30      0.00 7.385e-01 2.569e-01 8.131e-04 2.219e-04 2.017e-03 -1.000 4.581e-03 -1.658 -0.859 -0.911 -0.767
0.0045 -0.53140 8.43000 3.1851847172 2.5982261105    3.184  2.580  4.1141  3.769    1  0.000  0.538     0.00     0.00     0.00     0.00     0.00 -1    -1e-30      0.00 7.385e-01 2.569e-01 8.131e-04 2.219e-04 2.017e-03 -1.000 4.581e-03 -1.681 -0.853 -0.906 -0.757
0.0045 -0.53140 8.43000 3.1853015423 2.5982278132    3.184  2.561  4.1088  3.768    2  0.000  0.538     0.00     0.00     0.00     0.00     0.00 -1    -1e-30      0.00 7.385e-01 2.569e-01 8.131e-04 2.219e-04 2.017e-03 -1.000 4.581e-03 -1.632 -0.833 -0.884 -0.740
0.0045 -0.53140 8.43000 3.1854014397 2.5982292691    3.185  2.540  4.1007  3.756    2  0.000  0.538     0.00     0.00     0.00     0.00     0.00 -1    -1e-30      0.00 7.385e-01 2.569e-01 8.131e-04 2.219e-04 2.017e-03 -1.000 4.581e-03 -1.579 -0.825 -0.874 -0.737
0.0045 -0.53140 8.43000 3.1855261326 2.5982310862    3.185  2.528  4.0891  3.721    2  0.000  0.538     0.00     0.00     0.00     0.00     0.00 -1    -1e-30      0.00 7.385e-01 2.569e-01 8.131e-04 2.219e-04 2.017e-03 -1.000 4.581e-03 -1.551 -0.861 -0.906 -0.780
0.0045 -0.53140 8.43000 3.1856634617 2.5982330872    3.185  2.535  4.0776  3.668    2  0.000  0.538     0.00     0.00     0.00     0.00     0.00 -1    -1e-30      0.00 7.385e-01 2.569e-01 8.131e-04 2.219e-04 2.017e-03 -1.000 4.581e-03 -1.568 -0.941 -0.983 -0.867
0.0045 -0.53140 8.43000 3.1858272552 2.5982354736    3.185  2.551  4.0658  3.605    2  0.000  0.538     0.00     0.00     0.00     0.00     0.00 -1    -1e-30      0.00 7.385e-01 2.569e-01 8.131e-04 2.219e-04 2.017e-03 -1.000 4.581e-03 -1.609 -1.045 -1.082 -0.978
0.0045 -0.53140 8.43000 3.1860125065 2.5982381723    3.185  2.566  4.0540  3.543    2  0.000  0.538     0.00     0.00     0.00     0.00     0.00 -1    -1e-30      0.00 7.385e-01 2.569e-01 8.131e-04 2.219e-04 2.017e-03 -1.000 4.581e-03 -1.644 -1.143 -1.177 -1.083
0.0045 -0.53140 8.43000 3.1862137318 2.5982411033    3.185  2.576  4.0421  3.486    2  0.000  0.538     0.00     0.00     0.00     0.00     0.00 -1    -1e-30      0.00 7.385e-01 2.569e-01 8.131e-04 2.219e-04 2.017e-03 -1.000 4.581e-03 -1.669 -1.229 -1.259 -1.177
0.0045 -0.53140 8.43000 3.1864283085 2.5982442282    3.186  2.582  4.0301  3.432    2  0.000  0.538     0.00     0.00     0.00     0.00     0.00 -1    -1e-30      0.00 7.385e-01 2.569e-01 8.131e-04 2.219e-04 2.017e-03 -1.000 4.581e-03 -1.686 -1.306 -1.332 -1.262
0.0045 -0.53140 8.43000 3.1866521835 2.5982474881    3.186  2.586  4.0181  3.379    2  0.000  0.538     0.00     0.00     0.00     0.00     0.00 -1    -1e-30      0.00 7.385e-01 2.569e-01 8.131e-04 2.219e-04 2.017e-03 -1.000 4.581e-03 -1.696 -1.375 -1.397 -1.340
0.0045 -0.53140 8.43000 3.1868813038 2.5982508238    3.186  2.589  4.0061  3.329    2  0.000  0.538     0.00     0.00     0.00     0.00     0.00 -1    -1e-30      0.00 7.385e-01 2.569e-01 8.131e-04 2.219e-04 2.017e-03 -1.000 4.581e-03 -1.702 -1.439 -1.456 -1.413
0.0045 -0.53140 8.43000 3.1871111393 2.5982541694    3.186  2.590  3.9940  3.279    2  0.000  0.538     0.00     0.00     0.00     0.00     0.00 -1    -1e-30      0.00 7.385e-01 2.569e-01 8.131e-04 2.219e-04 2.017e-03 -1.000 4.581e-03 -1.705 -1.498 -1.509 -1.481
0.0045 -0.53140 8.43000 3.1873376369 2.5982574658    3.186  2.590  3.9819  3.231    2  0.000  0.538     0.00     0.00     0.00     0.00     0.00 -1    -1e-30      0.00 7.385e-01 2.569e-01 8.131e-04 2.219e-04 2.017e-03 -1.000 4.581e-03 -1.704 -1.551 -1.557 -1.545
0.0045 -0.53140 8.43000 3.1875579357 2.5982606715    3.187  2.589  3.9698  3.184    2  0.000  0.538     0.00     0.00     0.00     0.00     0.00 -1    -1e-30      0.00 7.385e-01 2.569e-01 8.131e-04 2.219e-04 2.017e-03 -1.000 4.581e-03 -1.702 -1.600 -1.599 -1.605
0.0045 -0.53140 8.43000 3.1877698898 2.5982637553    3.187  2.587  3.9576  3.137    2  0.000  0.538     0.00     0.00     0.00     0.00     0.00 -1    -1e-30      0.00 7.385e-01 2.569e-01 8.131e-04 2.219e-04 2.017e-03 -1.000 4.581e-03 -1.697 -1.642 -1.635 -1.662
0.0045 -0.53140 8.43000 3.1879713535 2.5982666860    3.187  2.584  3.9454  3.091    2  0.000  0.538     0.00     0.00     0.00     0.00     0.00 -1    -1e-30      0.00 7.385e-01 2.569e-01 8.131e-04 2.219e-04 2.017e-03 -1.000 4.581e-03 -1.690 -1.680 -1.664 -1.715
0.0045 -0.53140 8.43000 3.1881616116 2.5982694533    3.187  2.581  3.9332  3.046    2  0.000  0.538     0.00     0.00     0.00     0.00     0.00 -1    -1e-30      0.00 7.385e-01 2.569e-01 8.131e-04 2.219e-04 2.017e-03 -1.000 4.581e-03 -1.682 -1.711 -1.686 -1.764
0.0045 -0.53140 8.43000 3.1883406639 2.5982720573    3.187  2.577  3.9210  3.001    2  0.000  0.538     0.00     0.00     0.00     0.00     0.00 -1    -1e-30      0.00 7.385e-01 2.569e-01 8.131e-04 2.219e-04 2.017e-03 -1.000 4.581e-03 -1.672 -1.733 -1.697 -1.808
0.0045 -0.53140 8.43000 3.1885082722 2.5982744946    3.188  2.572  3.9088  2.956    2  0.000  0.538     0.00     0.00     0.00     0.00     0.00 -1    -1e-30      0.00 7.385e-01 2.569e-01 8.131e-04 2.219e-04 2.017e-03 -1.000 4.581e-03 -1.660 -1.747 -1.698 -1.846
0.0045 -0.53140 8.43000 3.1886646748 2.5982767686    3.188  2.567  3.8966  2.913    2  0.000  0.538     0.00     0.00     0.00     0.00     0.00 -1    -1e-30      0.00 7.385e-01 2.569e-01 8.131e-04 2.219e-04 2.017e-03 -1.000 4.581e-03 -1.648 -1.754 -1.689 -1.880
0.0045 -0.53140 8.43000 3.1888101101 2.5982788830    3.188  2.562  3.8844  2.869    2  0.000  0.538     0.00     0.00     0.00     0.00     0.00 -1    -1e-30      0.00 7.385e-01 2.569e-01 8.131e-04 2.219e-04 2.017e-03 -1.000 4.581e-03 -1.634 -1.753 -1.672 -1.911
0.0045 -0.53140 8.43000 3.1889460087 2.5982808585    3.188  2.556  3.8722  2.827    2  0.000  0.538     0.00     0.00     0.00     0.00     0.00 -1    -1e-30      0.00 7.385e-01 2.569e-01 8.131e-04 2.219e-04 2.017e-03 -1.000 4.581e-03 -1.620 -1.748 -1.647 -1.938
0.0045 -0.53140 8.43000 3.1890726089 2.5982826986    3.188  2.550  3.8601  2.784    2  0.000  0.538     0.00     0.00     0.00     0.00     0.00 -1    -1e-30      0.00 7.385e-01 2.569e-01 8.131e-04 2.219e-04 2.017e-03 -1.000 4.581e-03 -1.604 -1.738 -1.618 -1.961
0.0045 -0.53140 8.43000 3.1891901493 2.5982844070    3.188  2.543  3.8479  2.742    2  0.000  0.538     0.00     0.00     0.00     0.00     0.00 -1    -1e-30      0.00 7.385e-01 2.569e-01 8.131e-04 2.219e-04 2.017e-03 -1.000 4.581e-03 -1.587 -1.724 -1.583 -1.979
0.0045 -0.53140 8.43000 3.1892998219 2.5982860008    3.188  2.536  3.8358  2.701    2  0.000  0.538     0.00     0.00     0.00     0.00     0.00 -1    -1e-30      0.00 7.385e-01 2.569e-01 8.131e-04 2.219e-04 2.017e-03 -1.000 4.581e-03 -1.570 -1.707 -1.545 -1.994
0.0045 -0.53140 8.43000 3.1894023418 2.5982874906    3.189  2.528  3.8238  2.660    2  0.000  0.538     0.00     0.00     0.00     0.00     0.00 -1    -1e-30      0.00 7.385e-01 2.569e-01 8.131e-04 2.219e-04 2.017e-03 -1.000 4.581e-03 -1.551 -1.687 -1.504 -2.006
0.0045 -0.53140 8.43000 3.1894981861 2.5982888833    3.189  2.521  3.8119  2.620    2  0.000  0.538     0.00     0.00     0.00     0.00     0.00 -1    -1e-30      0.00 7.385e-01 2.569e-01 8.131e-04 2.219e-04 2.017e-03 -1.000 4.581e-03 -1.532 -1.665 -1.461 -2.014
0.0045 -0.53140 8.43000 3.1895885468 2.5982901962    3.189  2.513  3.8002  2.582    2  0.000  0.538     0.00     0.00     0.00     0.00     0.00 -1    -1e-30      0.00 7.385e-01 2.569e-01 8.131e-04 2.219e-04 2.017e-03 -1.000 4.581e-03 -1.512 -1.640 -1.413 -2.019
0.0045 -0.53140 8.43000 3.1896739006 2.5982914362    3.189  2.504  3.7889  2.545    2  0.000  0.538     0.00     0.00     0.00     0.00     0.00 -1    -1e-30      0.00 7.385e-01 2.569e-01 8.131e-04 2.219e-04 2.017e-03 -1.000 4.581e-03 -1.491 -1.612 -1.363 -2.020
0.0045 -0.53140 8.43000 3.1897554398 2.5982926208    3.189  2.495  3.7783  2.511    2  0.000  0.538     0.00     0.00     0.00     0.00     0.00 -1    -1e-30      0.00 7.385e-01 2.569e-01 8.131e-04 2.219e-04 2.017e-03 -1.000 4.581e-03 -1.469 -1.582 -1.312 -2.016
0.0045 -0.53140 8.43000 3.1898424625 2.5982938850    3.189  2.485  3.7683  2.482    2  0.000  0.538     0.00     0.00     0.00     0.00     0.00 -1    -1e-30      0.00 7.385e-01 2.569e-01 8.131e-04 2.219e-04 2.017e-03 -1.000 4.581e-03 -1.442 -1.546 -1.255 -2.005
0.0045 -0.53140 8.43000 3.1899454594 2.5982953811    3.189  2.471  3.7586  2.457    2  0.000  0.538     0.00     0.00     0.00     0.00     0.00 -1    -1e-30      0.00 7.385e-01 2.569e-01 8.131e-04 2.219e-04 2.017e-03 -1.000 4.581e-03 -1.407 -1.500 -1.190 -1.982
0.0045 -0.53140 8.43000 3.1900844574 2.5982974000    3.189  2.449  3.7482  2.437    2  0.000  0.538     0.00     0.00     0.00     0.00     0.00 -1    -1e-30      0.00 7.385e-01 2.569e-01 8.131e-04 2.219e-04 2.017e-03 -1.000 4.581e-03 -1.353 -1.433 -1.102 -1.939
0.0045 -0.53140 8.43000 3.1902201176 2.5982993703    3.189  2.426  3.7403  2.429    2  0.000  0.538     0.00     0.00     0.00     0.00     0.00 -1    -1e-30      0.00 7.385e-01 2.569e-01 8.131e-04 2.219e-04 2.017e-03 -1.000 4.581e-03 -1.294 -1.362 -1.015 -1.885
0.0045 -0.53140 8.43000 3.1903798580 2.5983016900    3.189  2.398  3.7321  2.424    2  0.000  0.538     0.00     0.00     0.00     0.00     0.00 -1    -1e-30      0.00 7.385e-01 2.569e-01 8.131e-04 2.219e-04 2.017e-03 -1.000 4.581e-03 -1.224 -1.280 -0.916 -1.822
0.0045 -0.53140 8.43000 3.1905496120 2.5983041548    3.190  2.377  3.7236  2.412    2  0.000  0.538     0.00     0.00     0.00     0.00     0.00 -1    -1e-30      0.00 7.385e-01 2.569e-01 8.131e-04 2.219e-04 2.017e-03 -1.000 4.581e-03 -1.171 -1.215 -0.831 -1.774
0.0045 -0.53140 8.43000 3.1906716824 2.5983059270    3.190  2.370  3.7177  2.395    2  0.000  0.538     0.00     0.00     0.00     0.00     0.00 -1    -1e-30      0.00 7.385e-01 2.569e-01 8.131e-04 2.219e-04 2.017e-03 -1.000 4.581e-03 -1.154 -1.187 -0.791 -1.760
0.0045 -0.53140 8.43000 3.1907289028 2.5983067577    3.190  2.375  3.7151  2.380    3  0.000  0.538     0.00     0.00     0.00     0.00     0.00 -1    -1e-30      0.00 7.385e-01 2.569e-01 8.131e-04 2.219e-04 2.017e-03 -1.000 4.581e-03 -1.167 -1.195 -0.793 -1.774
0.0045 -0.53140 8.43000 3.1908946037 2.5983091631    3.190  2.404  3.7079  2.322    3  0.000  0.537     0.00     0.00     0.00     0.00     0.00 -1    -1e-30      0.00 7.385e-01 2.569e-01 8.129e-04 2.220e-04 2.017e-03 -1.000 4.581e-03 -1.239 -1.254 -0.834 -1.849
0.0045 -0.53140 8.43000 3.1910469532 2.5983113744    3.190  2.439  3.7020  2.263    3  0.000  0.536     0.00     0.00     0.00     0.00     0.00 -1    -1e-30      0.00 7.384e-01 2.570e-01 8.112e-04 2.224e-04 2.017e-03 -1.000 4.581e-03 -1.328 -1.330 -0.896 -1.939
0.0045 -0.53140 8.43000 3.1911883354 2.5983134263    3.190  2.473  3.6976  2.211    3  0.000  0.530     0.00     0.00     0.00     0.00     0.00 -1    -1e-30      0.00 7.383e-01 2.571e-01 8.021e-04 2.268e-04 2.017e-03 -1.000 4.581e-03 -1.413 -1.405 -0.960 -2.024
0.0045 -0.53140 8.43000 3.1913645267 2.5983159831    3.190  2.508  3.6937  2.161    3  0.000  0.508     2.82     2.31     1.76     1.27     1.04  4    -1e-30      0.00 7.382e-01 2.572e-01 7.672e-04 2.570e-04 2.017e-03 -1.000 4.581e-03 -1.500 -1.483 -1.027 -2.110
0.0045 -0.53140 8.43000 3.1916465759 2.5983200754    3.191  2.551  3.6890  2.099    3  0.000  0.456     3.19     2.58     1.96     1.42     1.16  4    -1e-30      0.00 7.379e-01 2.575e-01 6.891e-04 3.461e-04 2.017e-03 -1.000 4.593e-03 -1.608 -1.579 -1.112 -2.218
0.0045 -0.53140 8.43000 3.1916816235 2.5983205838    3.191  2.556  3.6885  2.092    3  0.000  0.450     3.24     2.61     1.98     1.44     1.17  4    -1e-30      0.00 7.379e-01 2.575e-01 6.797e-04 3.573e-04 2.017e-03 -1.000 4.583e-03 -1.620 -1.590 -1.121 -2.230
0.0045 -0.53140 8.43000 3.1917569637 2.5983216768    3.191  2.566  3.6875  2.078    3  0.000  0.439     3.33     2.68     2.03     1.47     1.20  4    -1e-30      0.00 7.378e-01 2.576e-01 6.636e-04 3.771e-04 2.017e-03 -1.000 4.608e-03 -1.645 -1.612 -1.140 -2.254
0.0045 -0.53140 8.43000 3.1919407845 2.5983243432    3.191  2.589  3.6854  2.047    3  0.000  0.417     3.54     2.83     2.14     1.56     1.27  4    -1e-30      0.00 7.377e-01 2.577e-01 6.301e-04 4.184e-04 2.017e-03 -1.000 4.584e-03 -1.702 -1.663 -1.186 -2.310
0.0045 -0.53140 8.43000 3.1922352314 2.5983286136    3.191  2.624  3.6820  1.997    3  0.000  0.391     3.91     3.10     2.33     1.70     1.38  4    -1e-30      0.00 7.374e-01 2.580e-01 5.908e-04 4.669e-04 2.016e-03 -1.000 4.587e-03 -1.791 -1.742 -1.256 -2.397
0.0045 -0.53140 8.43000 3.1925292015 2.5983328761    3.192  2.660  3.6787  1.949    3  0.000  0.373     4.31     3.38     2.53     1.85     1.51  4    -1e-30      0.00 7.371e-01 2.583e-01 5.639e-04 5.003e-04 2.015e-03 -1.000 4.661e-03 -1.880 -1.824 -1.327 -2.486
0.0045 -0.53140 8.43000 3.1928234100 2.5983371412    3.192  2.696  3.6757  1.901    3  0.000  0.361     4.75     3.69     2.75     2.01     1.64  4    -1e-30      0.00 7.367e-01 2.587e-01 5.437e-04 5.302e-04 2.010e-03 -1.000 4.673e-03 -1.970 -1.905 -1.400 -2.576
0.0045 -0.53140 8.43000 3.1931171417 2.5983413985    3.192  2.732  3.6727  1.853    3  0.000  0.356     5.23     4.02     2.99     2.19     1.79  4    -1e-30      0.00 7.351e-01 2.602e-01 5.277e-04 5.794e-04 1.976e-03 -1.000 4.638e-03 -2.059 -1.987 -1.472 -2.665
0.0045 -0.53140 8.43000 3.1934475899 2.5983461868    3.193  2.772  3.6693  1.799    3  0.000  0.354     5.82     4.43     3.28     2.40     1.96  4    -1e-30      0.00 7.318e-01 2.636e-01 5.131e-04 6.389e-04 1.928e-03 -1.000 4.621e-03 -2.160 -2.078 -1.552 -2.764
0.0045 -0.53140 8.43000 3.1937413216 2.5983504422    3.193  2.808  3.6665  1.752    3  0.000  0.354     6.40     4.82     3.56     2.61     2.13  4    -1e-30      0.00 7.276e-01 2.678e-01 5.021e-04 6.878e-04 1.888e-03 -1.000 4.632e-03 -2.249 -2.158 -1.624 -2.851
0.0045 -0.53140 8.43000 3.1940348148 2.5983546932    3.193  2.844  3.6638  1.706    3  0.000  0.354     7.03     5.25     3.85     2.83     2.31  4    -1e-30      0.00 7.231e-01 2.723e-01 4.931e-04 7.279e-04 1.855e-03 -1.000 4.612e-03 -2.339 -2.239 -1.696 -2.939
0.0045 -0.53140 8.43000 3.1943283081 2.5983589433    3.193  2.879  3.6609  1.659    3  0.000  0.354     7.72     5.72     4.18     3.07     2.51  4    -1e-30      0.00 7.188e-01 2.766e-01 4.860e-04 7.598e-04 1.829e-03 -1.000 4.612e-03 -2.428 -2.318 -1.766 -3.025
0.0045 -0.53140 8.43000 3.1946618557 2.5983637724    3.194  2.915  3.6581  1.611    3  0.000  0.353     8.49     6.23     4.54     3.34     2.73  4    -1e-30      0.00 7.149e-01 2.805e-01 4.804e-04 7.846e-04 1.808e-03 -1.000 4.585e-03 -2.518 -2.398 -1.837 -3.111
0.0045 -0.53140 8.43000 3.1948821545 2.5983669612    3.194  2.926  3.6572  1.597    3  0.000  0.353     8.73     6.39     4.65     3.42     2.80  4    -1e-30      0.00 7.135e-01 2.819e-01 4.785e-04 7.932e-04 1.801e-03 -1.000 4.604e-03 -2.545 -2.421 -1.857 -3.137
0.0045 -0.53140 8.43000 3.1964340210 2.5983894101    3.195  2.910  3.6587  1.619    3  0.000  0.353     8.36     6.14     4.48     3.29     2.69  4    -1e-30      0.00 7.135e-01 2.819e-01 4.785e-04 7.933e-04 1.801e-03 -1.000 4.604e-03 -2.506 -2.388 -1.829 -3.100
0.0045 -0.53140 8.43000 3.1999473572 2.5984401407    3.199  2.878  3.6618  1.664    4  0.000  0.353     0.00     0.00     0.00     0.00     0.00 -1    -1e-30      0.00 7.135e-01 2.819e-01 4.784e-04 7.934e-04 1.801e-03 -1.000 4.605e-03 -2.426 -2.320 -1.770 -3.025
0.0045 -0.53140 8.43000 3.2034595013 2.5984907262    3.202  2.844  3.6649  1.711    4  0.000  0.353     0.00     0.00     0.00     0.00     0.00 -1    -1e-30      0.00 7.135e-01 2.819e-01 4.785e-04 7.933e-04 1.801e-03 -1.000 4.605e-03 -2.341 -2.245 -1.705 -2.942
0.0045 -0.53140 8.43000 3.2063019276 2.5985315724    3.205  2.811  3.6679  1.757    4  0.000  0.353     0.00     0.00     0.00     0.00     0.00 -1    -1e-30      0.00 7.135e-01 2.819e-01 4.785e-04 7.932e-04 1.801e-03 -1.000 4.605e-03 -2.257 -2.171 -1.641 -2.861
0.0045 -0.53140 8.43000 3.2084167004 2.5985619081    3.207  2.782  3.6705  1.796    4  0.000  0.353     0.00     0.00     0.00     0.00     0.00 -1    -1e-30      0.00 7.135e-01 2.819e-01 4.785e-04 7.932e-04 1.801e-03 -1.000 4.606e-03 -2.185 -2.108 -1.585 -2.791
0.0045 -0.53140 8.43000 3.2087545395 2.5985667500    3.208  2.777  3.6709  1.802    4  0.000  0.353     0.00     0.00     0.00     0.00     0.00 -1    -1e-30      0.00 7.135e-01 2.819e-01 4.785e-04 7.931e-04 1.801e-03 -1.000 4.606e-03 -2.174 -2.097 -1.576 -2.779
0.0045 -0.53140 8.43000 3.2090947628 2.5985716249    3.208  2.773  3.6713  1.809    4  0.000  0.353     0.00     0.00     0.00     0.00     0.00 -1    -1e-30      0.00 7.135e-01 2.819e-01 4.785e-04 7.931e-04 1.801e-03 -1.000 4.605e-03 -2.162 -2.087 -1.567 -2.768
0.0045 -0.53140 8.43000 3.2114493847 2.5986053307    3.211  2.738  3.6744  1.856    4  0.000  0.353     0.00     0.00     0.00     0.00     0.00 -1    -1e-30      0.00 7.136e-01 2.818e-01 4.785e-04 7.931e-04 1.801e-03 -1.000 4.605e-03 -2.076 -2.009 -1.499 -2.683
0.0045 -0.53140 8.43000 3.2138018608 2.5986389491    3.213  2.704  3.6775  1.903    4  0.000  0.353     0.00     0.00     0.00     0.00     0.00 -1    -1e-30      0.00 7.136e-01 2.818e-01 4.786e-04 7.930e-04 1.801e-03 -1.000 4.605e-03 -1.990 -1.931 -1.431 -2.598
0.0045 -0.53140 8.43000 3.2160773277 2.5986714132    3.215  2.672  3.6805  1.947    4  0.000  0.354     0.00     0.00     0.00     0.00     0.00 -1    -1e-30      0.00 7.136e-01 2.818e-01 4.786e-04 7.930e-04 1.801e-03 -1.000 4.605e-03 -1.909 -1.858 -1.367 -2.517
0.0045 -0.53140 8.43000 3.2186937332 2.5987086762    3.218  2.637  3.6838  1.996    4  0.000  0.354     0.00     0.00     0.00     0.00     0.00 -1    -1e-30      0.00 7.136e-01 2.818e-01 4.787e-04 7.929e-04 1.801e-03 -1.000 4.604e-03 -1.823 -1.780 -1.298 -2.430
0.0045 -0.53140 8.43000 3.2217233181 2.5987517367    3.221  2.603  3.6874  2.045    4  0.000  0.354     0.00     0.00     0.00     0.00     0.00 -1    -1e-30      0.00 7.137e-01 2.817e-01 4.787e-04 7.929e-04 1.801e-03 -1.000 4.604e-03 -1.737 -1.704 -1.232 -2.346
0.0045 -0.53140 8.43000 3.2265768051 2.5988205273    3.226  2.564  3.6926  2.105    4  0.000  0.354     0.00     0.00     0.00     0.00     0.00 -1    -1e-30      0.00 7.137e-01 2.817e-01 4.788e-04 7.927e-04 1.801e-03 -1.000 4.604e-03 -1.639 -1.620 -1.161 -2.250
0.0045 -0.53140 8.43000 3.2347769737 2.5989362126    3.234  2.536  3.7003  2.165    4  0.000  0.354     0.00     0.00     0.00     0.00     0.00 -1    -1e-30      0.00 7.138e-01 2.816e-01 4.790e-04 7.926e-04 1.801e-03 -1.000 4.603e-03 -1.570 -1.569 -1.130 -2.182
0.0045 -0.53140 8.43000 3.2354912758 2.5989462578    3.234  2.535  3.7010  2.169    4  0.000  0.354     0.00     0.00     0.00     0.00     0.00 -1    -1e-30      0.00 7.138e-01 2.816e-01 4.790e-04 7.926e-04 1.801e-03 -1.000 4.603e-03 -1.568 -1.569 -1.131 -2.180
0.0045 -0.53140 8.43000 3.2458562851 2.5990914488    3.245  2.590  3.7151  2.171    5  0.000  0.354     0.00     0.00     0.00     0.00     0.00 -1    -1e-30      0.00 7.139e-01 2.815e-01 4.792e-04 7.923e-04 1.801e-03 -1.000 4.602e-03 -1.706 -1.737 -1.332 -2.317
0.0045 -0.53140 8.43000 3.2565212250 2.5992397323    3.255  2.669  3.7412  2.198    5  0.000  0.354     0.00     0.00     0.00     0.00     0.00 -1    -1e-30      0.00 7.140e-01 2.814e-01 4.793e-04 7.921e-04 1.801e-03 -1.000 4.601e-03 -1.903 -1.978 -1.631 -2.499
0.0045 -0.53140 8.43000 3.2631568909 2.5993314311    3.262  2.689  3.7478  2.206    5  0.000  0.354     0.00     0.00     0.00     0.00     0.00 -1    -1e-30      0.00 7.140e-01 2.814e-01 4.795e-04 7.919e-04 1.801e-03 -1.000 4.600e-03 -1.953 -2.037 -1.705 -2.543
0.0045 -0.53140 8.43000 3.2676734924 2.5993936014    3.266  2.701  3.7487  2.198    5  0.000  0.354     0.00     0.00     0.00     0.00     0.00 -1    -1e-30      0.00 7.141e-01 2.813e-01 4.795e-04 7.918e-04 1.801e-03 -1.000 4.599e-03 -1.983 -2.069 -1.739 -2.573
0.0045 -0.53140 8.43000 3.2720115185 2.5994531279    3.271  2.713  3.7504  2.193    5  0.000  0.354     0.00     0.00     0.00     0.00     0.00 -1    -1e-30      0.00 7.141e-01 2.813e-01 4.796e-04 7.918e-04 1.801e-03 -1.000 4.599e-03 -2.013 -2.101 -1.774 -2.601
0.0045 -0.53140 8.43000 3.2751941681 2.5994966850    3.274  2.722  3.7525  2.193    5  0.000  0.354     0.00     0.00     0.00     0.00     0.00 -1    -1e-30      0.00 7.141e-01 2.813e-01 4.797e-04 7.917e-04 1.801e-03 -1.000 4.599e-03 -2.034 -2.125 -1.803 -2.621
0.0045 -0.53140 8.43000 3.2779982090 2.5995349800    3.277  2.729  3.7556  2.199    5  0.000  0.354     0.00     0.00     0.00     0.00     0.00 -1    -1e-30      0.00 7.141e-01 2.813e-01 4.797e-04 7.916e-04 1.801e-03 -1.000 4.598e-03 -2.053 -2.148 -1.832 -2.636
0.0045 -0.53140 8.43000 3.2803897858 2.5995675824    3.279  2.736  3.7589  2.206    5  0.000  0.354     0.00     0.00     0.00     0.00     0.00 -1    -1e-30      0.00 7.142e-01 2.812e-01 4.798e-04 7.916e-04 1.801e-03 -1.000 4.598e-03 -2.069 -2.168 -1.859 -2.648
0.0045 -0.53140 8.43000 3.2827930450 2.5996002890    3.281  2.742  3.7623  2.213    5  0.000  0.354     0.00     0.00     0.00     0.00     0.00 -1    -1e-30      0.00 7.142e-01 2.812e-01 4.798e-04 7.915e-04 1.801e-03 -1.000 4.598e-03 -2.084 -2.187 -1.885 -2.659
0.0045 -0.53140 8.43000 3.2854189873 2.5996359634    3.284  2.748  3.7656  2.221    5  0.000  0.354     0.00     0.00     0.00     0.00     0.00 -1    -1e-30      0.00 7.142e-01 2.812e-01 4.798e-04 7.915e-04 1.801e-03 -1.000 4.598e-03 -2.100 -2.207 -1.912 -2.671
0.0045 -0.53140 8.43000 3.2892045975 2.5996872769    3.288  2.756  3.7691  2.227    5  0.000  0.354     0.00     0.00     0.00     0.00     0.00 -1    -1e-30      0.00 7.142e-01 2.812e-01 4.799e-04 7.914e-04 1.801e-03 -1.000 4.597e-03 -2.121 -2.231 -1.944 -2.687
0.0045 -0.53140 8.43000 3.2938840389 2.5997505187    3.292  2.766  3.7715  2.228    5  0.000  0.355     0.00     0.00     0.00     0.00     0.00 -1    -1e-30      0.00 7.143e-01 2.811e-01 4.800e-04 7.913e-04 1.801e-03 -1.000 4.597e-03 -2.145 -2.258 -1.975 -2.707
0.0045 -0.53140 8.43000 3.2987105846 2.5998155326    3.297  2.773  3.7693  2.212    6  0.000  0.355     0.00     0.00     0.00     0.00     0.00 -1    -1e-30      0.00 7.143e-01 2.811e-01 4.801e-04 7.912e-04 1.801e-03 -1.000 4.596e-03 -2.163 -2.274 -1.986 -2.729
0.0045 -0.53140 8.43000 3.3217816353 2.6001233018    3.320  2.807  3.7619  2.152    6  0.000  0.355     0.00     0.00     0.00     0.00     0.00 -1    -1e-30      0.00 7.145e-01 2.809e-01 4.805e-04 7.907e-04 1.801e-03 -1.000 4.594e-03 -2.247 -2.351 -2.048 -2.824
0.0045 -0.53140 8.43000 3.3291912079 2.6002211058    3.328  2.814  3.7551  2.118    6  0.000  0.355     0.00     0.00     0.00     0.00     0.00 -1    -1e-30      0.00 7.146e-01 2.808e-01 4.806e-04 7.905e-04 1.801e-03 -1.000 4.593e-03 -2.266 -2.362 -2.045 -2.851
0.0045 -0.53140 8.43000 3.3334755898 2.6002774302    3.332  2.817  3.7486  2.091    6  0.000  0.355     0.00     0.00     0.00     0.00     0.00 -1    -1e-30      0.00 7.146e-01 2.808e-01 4.807e-04 7.904e-04 1.801e-03 -1.000 4.593e-03 -2.271 -2.359 -2.029 -2.863
0.0045 -0.53140 8.43000 3.3368802071 2.6003220702    3.335  2.817  3.7421  2.065    6  0.000  0.355     0.00     0.00     0.00     0.00     0.00 -1    -1e-30      0.00 7.147e-01 2.808e-01 4.807e-04 7.904e-04 1.801e-03 -1.000 4.592e-03 -2.272 -2.350 -2.006 -2.870
0.0045 -0.53140 8.43000 3.3397986889 2.6003602529    3.338  2.816  3.7356  2.040    6  0.000  0.355     0.00     0.00     0.00     0.00     0.00 -1    -1e-30      0.00 7.147e-01 2.807e-01 4.808e-04 7.903e-04 1.801e-03 -1.000 4.592e-03 -2.270 -2.339 -1.980 -2.874
0.0045 -0.53140 8.43000 3.3428564072 2.6004001750    3.341  2.813  3.7282  2.013    6  0.000  0.355     0.00     0.00     0.00     0.00     0.00 -1    -1e-30      0.00 7.147e-01 2.807e-01 4.808e-04 7.902e-04 1.801e-03 -1.000 4.592e-03 -2.263 -2.321 -1.945 -2.873
0.0045 -0.53140 8.43000 3.3450372219 2.6004285969    3.343  2.809  3.7218  1.992    6  0.000  0.355     0.00     0.00     0.00     0.00     0.00 -1    -1e-30      0.00 7.147e-01 2.807e-01 4.809e-04 7.902e-04 1.801e-03 -1.000 4.591e-03 -2.252 -2.299 -1.908 -2.865
0.0045 -0.53140 8.43000 3.3479576111 2.6004665906    3.346  2.800  3.7134  1.968    6  0.000  0.355     0.00     0.00     0.00     0.00     0.00 -1    -1e-30      0.00 7.148e-01 2.807e-01 4.809e-04 7.901e-04 1.801e-03 -1.000 4.591e-03 -2.229 -2.259 -1.848 -2.845
0.0045 -0.53140 8.43000 3.3500831127 2.6004941952    3.348  2.787  3.7057  1.950    6  0.000  0.355     0.00     0.00     0.00     0.00     0.00 -1    -1e-30      0.00 7.148e-01 2.806e-01 4.810e-04 7.901e-04 1.801e-03 -1.000 4.591e-03 -2.198 -2.212 -1.782 -2.815
0.0045 -0.53140 8.43000 3.3514032364 2.6005113197    3.350  2.776  3.6992  1.936    6  0.000  0.355     0.00     0.00     0.00     0.00     0.00 -1    -1e-30      0.00 7.148e-01 2.806e-01 4.810e-04 7.901e-04 1.801e-03 -1.000 4.591e-03 -2.170 -2.169 -1.724 -2.787
0.0045 -0.53140 8.43000 3.3528110981 2.6005295654    3.351  2.772  3.6911  1.908    6  0.000  0.355     0.00     0.00     0.00     0.00     0.00 -1    -1e-30      0.00 7.148e-01 2.806e-01 4.810e-04 7.900e-04 1.801e-03 -1.000 4.591e-03 -2.159 -2.138 -1.672 -2.774
0.0045 -0.53140 8.43000 3.3539175987 2.6005438930    3.352  2.790  3.6817  1.852    6  0.000  0.355     0.00     0.00     0.00     0.00     0.00 -1    -1e-30      0.00 7.148e-01 2.806e-01 4.810e-04 7.900e-04 1.801e-03 -1.000 4.590e-03 -2.205 -2.160 -1.669 -2.818
0.0045 -0.53140 8.43000 3.3541300297 2.6005466425    3.352  2.803  3.6786  1.827    6  0.000  0.355     0.00     0.00     0.00     0.00     0.00 -1    -1e-30      0.00 7.148e-01 2.806e-01 4.810e-04 7.900e-04 1.801e-03 -1.000 4.590e-03 -2.238 -2.184 -1.684 -2.849
0.0045 -0.53140 8.43000 3.3541498184 2.6005468986    3.352  2.810  3.6777  1.816    6  0.000  0.355     0.00     0.00     0.00     0.00     0.00 -1    -1e-30      0.00 7.148e-01 2.806e-01 4.810e-04 7.900e-04 1.801e-03 -1.000 4.590e-03 -2.255 -2.199 -1.697 -2.866
0.0045 -0.53140 8.43000 3.3542518616 2.6005482191    3.352  2.854  3.6726  1.752    7  0.000  0.355     6.35     4.89     3.60     2.64     2.16  4    -1e-30      0.00 7.148e-01 2.806e-01 4.810e-04 7.900e-04 1.801e-03 -1.000 4.590e-03 -2.364 -2.295 -1.777 -2.974
0.0045 -0.53140 8.43000 3.3543226719 2.6005491355    3.353  2.882  3.6696  1.712    7  0.000  0.355     6.89     5.26     3.86     2.83     2.31  4    -1e-30      0.00 7.148e-01 2.806e-01 4.810e-04 7.900e-04 1.801e-03 -1.000 4.590e-03 -2.435 -2.357 -1.830 -3.044
0.0045 -0.53140 8.43000 3.3544871807 2.6005512641    3.353  2.897  3.6685  1.692    7  0.000  0.355     7.17     5.45     4.00     2.93     2.39  4    -1e-30      0.00 7.148e-01 2.806e-01 4.810e-04 7.900e-04 1.801e-03 -1.000 4.590e-03 -2.472 -2.390 -1.860 -3.080
0.0045 -0.53140 8.43000 3.3547189236 2.6005542623    3.353  2.883  3.6698  1.711    7  0.000  0.355     6.90     5.27     3.87     2.84     2.32  4    -1e-30      0.00 7.148e-01 2.806e-01 4.810e-04 7.900e-04 1.801e-03 -1.000 4.590e-03 -2.439 -2.361 -1.835 -3.048
0.0045 -0.53140 8.43000 3.3552527428 2.6005611669    3.353  2.914  3.6662  1.666    7  0.000  0.355     7.57     5.72     4.18     3.07     2.51  4    -1e-30      0.00 7.148e-01 2.806e-01 4.810e-04 7.900e-04 1.801e-03 -1.000 4.590e-03 -2.516 -2.427 -1.889 -3.121
0.0045 -0.53140 8.43000 3.3555212021 2.6005646382    3.354  2.952  3.6626  1.614    7  0.000  0.355     8.39     6.27     4.57     3.36     2.75  4    -1e-30      0.00 7.148e-01 2.806e-01 4.810e-04 7.900e-04 1.801e-03 -1.000 4.590e-03 -2.609 -2.507 -1.959 -3.210
0.0045 -0.53140 8.43000 3.3558561802 2.6005689688    3.354  2.990  3.6589  1.561    7  0.000  0.355     9.35     6.91     5.01     3.69     3.02  4    -1e-30      0.00 7.148e-01 2.806e-01 4.811e-04 7.900e-04 1.801e-03 -1.000 4.590e-03 -2.705 -2.590 -2.031 -3.302
0.0045 -0.53140 8.43000 3.3562762737 2.6005743984    3.354  3.030  3.6552  1.507    7  0.000  0.355    10.43     7.62     5.51     4.06     3.32  4    -1e-30      0.00 7.148e-01 2.806e-01 4.810e-04 7.900e-04 1.801e-03 -1.000 4.590e-03 -2.804 -2.675 -2.103 -3.395
0.0045 -0.53140 8.43000 3.3567590714 2.6005806365    3.355  3.070  3.6517  1.453    7  0.000  0.355    11.64     8.40     6.05     4.46     3.65  4    -1e-30      0.00 7.148e-01 2.806e-01 4.810e-04 7.900e-04 1.801e-03 -1.000 4.590e-03 -2.904 -2.759 -2.176 -3.489
0.0045 -0.53140 8.43000 3.3572700024 2.6005872358    3.355  3.110  3.6480  1.398    7  0.000  0.355    13.01     9.28     6.65     4.91     4.02  4    -1e-30      0.00 7.148e-01 2.806e-01 4.809e-04 7.900e-04 1.801e-03 -1.000 4.590e-03 -3.006 -2.844 -2.248 -3.583
0.0045 -0.53140 8.43000 3.3577756882 2.6005937651    3.356  3.151  3.6443  1.342    7  0.000  0.355    14.57    10.27     7.32     5.42     4.44  4    -1e-30      0.00 7.148e-01 2.806e-01 4.803e-04 7.905e-04 1.801e-03 -1.000 4.590e-03 -3.108 -2.928 -2.319 -3.677
0.0045 -0.53140 8.43000 3.3582556248 2.6005999598    3.356  3.192  3.6406  1.286    7  0.000  0.354    16.31    11.36     8.06     5.98     4.89  4    -1e-30      0.00 7.148e-01 2.806e-01 4.788e-04 7.919e-04 1.801e-03 -1.000 4.590e-03 -3.211 -3.013 -2.390 -3.772
0.0045 -0.53140 8.43000 3.3587000370 2.6006056942    3.357  3.234  3.6370  1.230    7  0.000  0.352    18.25    12.56     8.88     6.59     5.40  4    -1e-30      0.00 7.148e-01 2.806e-01 4.765e-04 7.946e-04 1.801e-03 -1.000 4.590e-03 -3.314 -3.098 -2.461 -3.866
0.0045 -0.53140 8.43000 3.3591032028 2.6006108949    3.357  3.275  3.6334  1.175    7  0.000  0.350    20.42    13.89     9.77     7.26     5.95  4    -1e-30      0.00 7.148e-01 2.806e-01 4.740e-04 7.976e-04 1.801e-03 -1.000 4.590e-03 -3.417 -3.181 -2.530 -3.960
0.0045 -0.53140 8.43000 3.3594677448 2.6006155961    3.358  3.315  3.6297  1.119    7  0.000  0.348    22.84    15.35    10.75     8.00     6.56  4    -1e-30      0.00 7.148e-01 2.806e-01 4.718e-04 8.002e-04 1.801e-03 -1.000 4.590e-03 -3.518 -3.263 -2.599 -4.052
0.0045 -0.53140 8.43000 3.3597986698 2.6006198628    3.358  3.356  3.6261  1.065    7  0.000  0.347    25.52    16.95    11.82     8.81     7.22  4    -1e-30      0.00 7.149e-01 2.806e-01 4.700e-04 8.025e-04 1.801e-03 -1.000 4.590e-03 -3.620 -3.344 -2.665 -4.142
0.0045 -0.53140 8.43000 3.3601014614 2.6006237659    3.358  3.396  3.6225  1.010    7  0.000  0.346    28.52    18.72    12.99     9.70     7.95  4 -1.62e-30      0.00 7.149e-01 2.806e-01 4.684e-04 8.045e-04 1.801e-03 -1.000 4.590e-03 -3.721 -3.424 -2.730 -4.233
0.0045 -0.53140 8.43000 3.3603801727 2.6006273578    3.358  3.437  3.6189  0.955    7  0.000  0.345    31.87    20.67    14.28    10.68     8.76  4  -2.2e-28      0.00 7.149e-01 2.805e-01 4.671e-04 8.063e-04 1.801e-03 -1.000 4.598e-03 -3.822 -3.503 -2.793 -4.322
0.0045 -0.53140 8.43000 3.3606379032 2.6006306788    3.359  3.477  3.6150  0.899    7  0.000  0.344    35.64    22.85    15.72    11.77     9.66  4 -2.75e-20      0.00 7.149e-01 2.805e-01 4.661e-04 8.080e-04 1.800e-03 -1.000 4.641e-03 -3.922 -3.579 -2.851 -4.410
0.0045 -0.53140 8.43000 3.3608760834 2.6006337473    3.359  3.517  3.6111  0.844    7  0.000  0.344    39.88    25.27    17.30    12.97    10.65  4 -1.26e-09      0.00 7.148e-01 2.805e-01 4.652e-04 8.098e-04 1.799e-03 -1.000 4.709e-03 -4.022 -3.653 -2.907 -4.496
0.0045 -0.53140 8.43000 3.3610975742 2.6006366004    3.358  3.557  3.6075  0.789    7  0.000  0.343    44.53    27.88    19.01    14.27    11.72  4 -1.49e-08      0.00 7.148e-01 2.805e-01 4.644e-04 8.119e-04 1.798e-03 -1.000 4.710e-03 -4.122 -3.728 -2.964 -4.582
0.0045 -0.53140 8.43000 3.3613038063 2.6006392565    3.358  3.597  3.6039  0.735    7  0.000  0.343    49.70    30.75    20.87    15.70    12.89  3 -1.78e-08      0.00 7.148e-01 2.805e-01 4.636e-04 8.143e-04 1.796e-03 -1.000 4.713e-03 -4.222 -3.804 -3.021 -4.669
0.0045 -0.53140 8.43000 3.3614943027 2.6006417097    3.357  3.636  3.6003  0.681    7  0.000  0.343    55.42    33.90    22.91    17.25    14.17  3 -2.13e-08      0.00 7.147e-01 2.806e-01 4.630e-04 8.169e-04 1.794e-03 -1.000 4.698e-03 -4.321 -3.878 -3.077 -4.754
0.0045 -0.53140 8.43000 3.3616716862 2.6006439936    3.356  3.676  3.5967  0.627    7  0.000  0.343    61.79    37.36    25.14    18.96    15.57  3 -2.55e-08      0.00 7.146e-01 2.807e-01 4.623e-04 8.196e-04 1.792e-03 -1.000 4.699e-03 -4.419 -3.949 -3.128 -4.838
0.0045 -0.53140 8.43000 3.3618369102 2.6006461208    3.356  3.715  3.5931  0.574    7  0.000  0.343    68.86    41.16    27.57    20.82    17.11  3 -3.04e-08      0.00 7.145e-01 2.808e-01 4.617e-04 8.223e-04 1.790e-03 -1.000 4.732e-03 -4.517 -4.020 -3.178 -4.920
0.0045 -0.53140 8.43000 3.3619923592 2.6006481219    3.355  3.754  3.5896  0.520    7  0.000  0.343    76.72    45.33    30.23    22.87    18.80  3 -3.69e-08      0.00 7.142e-01 2.811e-01 4.611e-04 8.250e-04 1.787e-03 -1.000 4.740e-03 -4.614 -4.090 -3.228 -5.001
0.0045 -0.53140 8.43000 3.3621385098 2.6006500031    3.354  3.792  3.5859  0.467    7  0.000  0.343    85.46    49.92    33.15    25.11    20.65  3 -4.72e-08      0.00 7.138e-01 2.815e-01 4.605e-04 8.278e-04 1.785e-03 -1.000 4.719e-03 -4.711 -4.155 -3.269 -5.081
0.0045 -0.53140 8.43000 3.3622763157 2.6006517767    3.352  3.831  3.5822  0.414    7  0.000  0.343    95.18    54.97    36.34    27.57    22.67  3 -6.41e-08      0.00 7.131e-01 2.822e-01 4.598e-04 8.309e-04 1.783e-03 -1.000 4.743e-03 -4.806 -4.219 -3.307 -5.158
0.0045 -0.53140 8.43000 3.3624074459 2.6006534643    3.350  3.868  3.5785  0.361    7  0.000  0.343   105.94    60.49    39.82    30.25    24.88  2 -9.19e-08      0.00 7.121e-01 2.832e-01 4.591e-04 8.345e-04 1.780e-03 -1.000 4.711e-03 -4.901 -4.280 -3.341 -5.234
0.0045 -0.53140 8.43000 3.3625338078 2.6006550903    3.348  3.906  3.5747  0.307    7  0.000  0.343   117.98    66.60    43.65    33.21    27.32  2 -1.34e-07      0.00 7.104e-01 2.849e-01 4.580e-04 8.393e-04 1.775e-03 -1.000 4.729e-03 -4.996 -4.337 -3.366 -5.307
0.0045 -0.53140 8.43000 3.3626558781 2.6006566610    3.344  3.944  3.5708  0.254    7  0.000  0.343   131.40    73.33    47.86    36.46    30.00  2 -1.96e-07      0.00 7.074e-01 2.879e-01 4.563e-04 8.476e-04 1.769e-03 -1.000 4.718e-03 -5.089 -4.392 -3.389 -5.378
0.0045 -0.53140 8.43000 3.3627710342 2.6006581426    3.338  3.980  3.5669  0.201    7  0.000  0.343   146.10    80.62    52.39    39.97    32.90  2 -2.87e-07      0.00 7.031e-01 2.922e-01 4.538e-04 8.595e-04 1.759e-03 -1.000 4.720e-03 -5.180 -4.439 -3.396 -5.443
0.0045 -0.53140 8.43000 3.3628902435 2.6006596762    3.330  4.019  3.5624  0.143    7  0.000  0.343   164.01    89.41    57.83    44.19    36.38  2 -4.28e-07      0.00 6.978e-01 2.975e-01 4.507e-04 8.744e-04 1.746e-03 -1.000 4.683e-03 -5.277 -4.484 -3.394 -5.509
0.0045 -0.53140 8.43000 3.3630056381 2.6006611606    3.318  4.058  3.5577  0.084    7  0.000  0.343   184.86    99.52    64.05    49.03    40.38  2 -6.48e-07      0.00 6.938e-01 3.015e-01 4.483e-04 8.856e-04 1.737e-03 -1.000 4.685e-03 -5.375 -4.521 -3.373 -5.572
0.0045 -0.53140 8.43000 3.3631136417 2.6006625499    3.301  4.096  3.5529  0.024    7  0.000  0.343   208.17   110.70    70.90    54.37    44.78  2 -9.81e-07      0.00 6.916e-01 3.038e-01 4.470e-04 8.920e-04 1.731e-03 -1.000 4.686e-03 -5.471 -4.548 -3.332 -5.626
0.0045 -0.53140 8.43000 3.3632135391 2.6006638348    3.276  4.132  3.5482 -0.033    7  0.000  0.343   233.20   122.60    78.15    60.03    49.45  2 -1.45e-06      0.01 6.905e-01 3.048e-01 4.463e-04 8.951e-04 1.729e-03 -1.000 4.702e-03 -5.559 -4.561 -3.268 -5.668
0.0045 -0.53140 8.43000 3.3633143902 2.6006651318    3.239  4.159  3.5441 -0.081    7  0.000  0.343   255.92   133.34    84.65    65.13    53.66  2 -1.99e-06      0.01 6.898e-01 3.054e-01 4.459e-04 8.969e-04 1.727e-03 -1.000 4.725e-03 -5.626 -4.554 -3.180 -5.689
0.0045 -0.53140 8.43000 3.3634667397 2.6006670910    3.166  4.151  3.5433 -0.087    7  0.000  0.343   256.77   133.90    84.95    65.42    53.89  2 -1.99e-06      0.01 6.893e-01 3.060e-01 4.456e-04 8.986e-04 1.726e-03 -1.000 4.684e-03 -5.607 -4.522 -3.133 -5.661
0.0045 -0.53140 8.43000 3.3634989262 2.6006675049    3.152  4.111  3.5478 -0.031    7  0.000  0.343   229.23   120.91    77.05    59.26    48.80  2 -1.34e-06      0.01 6.893e-01 3.060e-01 4.456e-04 8.986e-04 1.726e-03 -1.000 4.681e-03 -5.507 -4.505 -3.205 -5.613
0.0045 -0.53140 8.43000 3.3635115623 2.6006676674    3.149  4.060  3.5536  0.043    7  0.000  0.343   197.46   105.70    67.77    52.02    42.82  2  -7.9e-07      0.00 6.893e-01 3.060e-01 4.456e-04 8.986e-04 1.726e-03 -1.000 4.681e-03 -5.379 -4.469 -3.265 -5.542
0.0045 -0.53140 8.43000 3.3635182381 2.6006677533    3.148  4.016  3.5585  0.106    7  0.000  0.343   174.07    94.34    60.79    46.59    38.34  2 -5.06e-07      0.00 6.893e-01 3.060e-01 4.456e-04 8.986e-04 1.726e-03 -1.000 4.681e-03 -5.271 -4.429 -3.294 -5.474
0.0045 -0.53140 8.43000 3.3635234833 2.6006678207    3.148  3.987  3.5618  0.148    7  0.000  0.343   159.81    87.34    56.48    43.23    35.58  2 -3.75e-07      0.00 6.893e-01 3.060e-01 4.456e-04 8.986e-04 1.726e-03 -1.000 4.681e-03 -5.196 -4.397 -3.302 -5.425
0.0045 -0.53140 8.43000 3.3635280132 2.6006678790    3.147  3.975  3.5631  0.165    7  0.000  0.343   154.60    84.77    54.89    42.00    34.56  2 -3.32e-07      0.00 6.893e-01 3.060e-01 4.456e-04 8.986e-04 1.726e-03 -1.000 4.681e-03 -5.168 -4.384 -3.302 -5.406
0.0045 -0.53140 8.43000 3.3635373116 2.6006679985    3.147  4.009  3.5595  0.117    7  0.000  0.343   170.13    92.41    59.61    45.66    37.58  2 -4.69e-07      0.00 6.893e-01 3.060e-01 4.456e-04 8.986e-04 1.726e-03 -1.000 4.681e-03 -5.251 -4.423 -3.302 -5.463
0.0045 -0.53140 8.43000 3.3635427952 2.6006680690    3.146  4.034  3.5566  0.080    7  0.000  0.343   183.32    98.85    63.56    48.75    40.12  2 -6.12e-07      0.00 6.893e-01 3.060e-01 4.456e-04 8.986e-04 1.726e-03 -1.000 4.681e-03 -5.315 -4.447 -3.285 -5.503
0.0045 -0.53140 8.43000 3.3635506630 2.6006681702    3.145  4.064  3.5531  0.035    7  0.000  0.343   200.40   107.12    68.63    52.70    43.38  2 -8.35e-07      0.00 6.893e-01 3.060e-01 4.456e-04 8.986e-04 1.726e-03 -1.000 4.681e-03 -5.391 -4.472 -3.260 -5.548
0.0045 -0.53140 8.43000 3.3635656834 2.6006683634    3.142  4.067  3.5528  0.032    7  0.000  0.343   201.89   107.84    69.07    53.04    43.67  2  -8.6e-07      0.00 6.893e-01 3.060e-01 4.456e-04 8.986e-04 1.726e-03 -1.000 4.681e-03 -5.397 -4.474 -3.258 -5.552
0.0045 -0.53140 8.43000 3.3635678291 2.6006683909    3.142  4.062  3.5533  0.039    7  0.000  0.343   199.07   106.48    68.24    52.39    43.13  2 -8.17e-07      0.00 6.893e-01 3.060e-01 4.456e-04 8.986e-04 1.726e-03 -1.000 4.681e-03 -5.385 -4.470 -3.261 -5.544
0.0045 -0.53140 8.43000 3.3635716438 2.6006684400    3.141  4.076  3.5516  0.017    7  0.000  0.343   207.69   110.63    70.78    54.37    44.77  2 -9.51e-07      0.00 6.893e-01 3.060e-01 4.456e-04 8.986e-04 1.726e-03 -1.000 4.681e-03 -5.420 -4.481 -3.249 -5.565
0.0045 -0.53140 8.43000 3.3635768890 2.6006685074    3.140  4.100  3.5488 -0.018    7  0.000  0.343   222.83   117.88    75.20    57.82    47.62  2 -1.21e-06      0.01 6.893e-01 3.060e-01 4.456e-04 8.986e-04 1.726e-03 -1.000 4.681e-03 -5.480 -4.496 -3.217 -5.598
0.0045 -0.53140 8.43000 3.3635914326 2.6006686944    3.135  4.131  3.5451 -0.064    7  0.000  0.343   244.40   128.13    81.43    62.69    51.64  2 -1.67e-06      0.01 6.893e-01 3.060e-01 4.456e-04 8.986e-04 1.726e-03 -1.000 4.681e-03 -5.557 -4.506 -3.154 -5.633
0.0045 -0.53140 8.43000 3.3635950089 2.6006687404    3.134  4.136  3.5444 -0.073    7  0.000  0.343   248.55   130.10    82.62    63.63    52.41  2 -1.76e-06      0.01 6.893e-01 3.060e-01 4.456e-04 8.986e-04 1.726e-03 -1.000 4.681e-03 -5.571 -4.507 -3.141 -5.639
