Zini MH logAge Mini int_IMF Mass logL logTe logg label McoreTP C_O period0 period1 period2 period3 period4 pmode Mloss tau1m X Y Xc Xn Xo Cexcess Z mbolmag Gmag G_BPmag G_RPmag
0.006 -0.40400 7.43500 0.0900000036 1.0816895926    0.090 -2.292  3.4435  4.410    0  0.000  0.545     0.00     0.00     0.00     0.00     0.00 -1 -1.35e-15      0.00 7.349e-01 2.591e-01 1.079e-03 2.911e-04 2.640e-03 -1.000 6.000e-03 10.499 11.984 14.224 10.619
0.006 -0.40400 7.43500 0.0934462473 1.1139047023    0.093 -2.268  3.4463  4.414    0  0.000  0.545     0.00     0.00     0.00     0.00     0.00 -1 -1.39e-15      0.00 7.349e-01 2.591e-01 1.079e-03 2.911e-04 2.640e-03 -1.000 6.000e-03 10.440 11.895 14.093 10.539
0.006 -0.40400 7.43500 0.0992424265 1.1647467926    0.099 -2.228  3.4508  4.418    0  0.000  0.545     0.00     0.00     0.00     0.00     0.00 -1 -1.48e-15      0.00 7.349e-01 2.591e-01 1.079e-03 2.911e-04 2.640e-03 -1.000 6.000e-03 10.340 11.747 13.875 10.404
0.006 -0.40400 7.43500 0.1063373983 1.2219647940    0.106 -2.184  3.4557  4.423    0  0.000  0.545     0.00     0.00     0.00     0.00     0.00 -1 -1.57e-15      0.00 7.349e-01 2.591e-01 1.079e-03 2.911e-04 2.640e-03 -1.000 6.000e-03 10.230 11.586 13.636 10.258
0.006 -0.40400 7.43500 0.1177272722 1.3041497160    0.117 -2.117  3.4631  4.429    0  0.000  0.545     0.00     0.00     0.00     0.00     0.00 -1 -1.73e-15      0.00 7.349e-01 2.591e-01 1.079e-03 2.911e-04 2.640e-03 -1.000 6.000e-03 10.062 11.343 13.281 10.039
0.006 -0.40400 7.43500 0.1358793080 1.4157914999    0.136 -2.024  3.4730  4.438    0  0.000  0.545     0.00     0.00     0.00     0.00     0.00 -1 -1.97e-15      0.00 7.349e-01 2.591e-01 1.079e-03 2.911e-04 2.640e-03 -1.000 6.000e-03 9.830 11.017 12.820 9.744
0.006 -0.40400 7.43500 0.1362121254 1.4176547699    0.136 -2.022  3.4732  4.438    0  0.000  0.545     0.00     0.00     0.00     0.00     0.00 -1 -1.98e-15      0.00 7.349e-01 2.591e-01 1.079e-03 2.911e-04 2.640e-03 -1.000 6.000e-03 9.826 11.011 12.813 9.739
0.006 -0.40400 7.43500 0.1546969712 1.5127164559    0.154 -1.941  3.4816  4.446    0  0.000  0.545     0.00     0.00     0.00     0.00     0.00 -1 -2.22e-15      0.00 7.349e-01 2.591e-01 1.079e-03 2.911e-04 2.640e-03 -1.000 6.000e-03 9.622 10.729 12.420 9.484
0.006 -0.40400 7.43500 0.1626940370 1.5493765712    0.162 -1.909  3.4847  4.448    0  0.000  0.545     0.00     0.00     0.00     0.00     0.00 -1 -2.32e-15      0.00 7.349e-01 2.591e-01 1.079e-03 2.911e-04 2.640e-03 -1.000 6.000e-03 9.543 10.620 12.272 9.386
0.006 -0.40400 7.43500 0.2078565806 1.7198718663    0.207 -1.752  3.4999  4.457    0  0.000  0.545     0.00     0.00     0.00     0.00     0.00 -1 -2.93e-15      0.00 7.349e-01 2.591e-01 1.079e-03 2.911e-04 2.640e-03 -1.000 6.000e-03 9.149 10.099 11.581 8.914
0.006 -0.40400 7.43500 0.2274235189 1.7794051564    0.226 -1.693  3.5055  4.460    0  0.000  0.545     0.00     0.00     0.00     0.00     0.00 -1 -3.19e-15      0.00 7.349e-01 2.591e-01 1.079e-03 2.911e-04 2.640e-03 -1.000 6.000e-03 9.002 9.910 11.338 8.742
0.006 -0.40400 7.43500 0.2467642277 1.8320427467    0.246 -1.640  3.5105  4.462    0  0.000  0.545     0.00     0.00     0.00     0.00     0.00 -1 -3.44e-15      0.00 7.349e-01 2.591e-01 1.079e-03 2.911e-04 2.640e-03 -1.000 6.000e-03 8.870 9.739 11.120 8.588
0.006 -0.40400 7.43500 0.2606977224 1.8667481798    0.260 -1.604  3.5138  4.464    0  0.000  0.545     0.00     0.00     0.00     0.00     0.00 -1 -3.61e-15      0.00 7.349e-01 2.591e-01 1.079e-03 2.911e-04 2.640e-03 -1.000 6.000e-03 8.781 9.626 10.977 8.485
0.006 -0.40400 7.43500 0.2630049288 1.8722623373    0.262 -1.599  3.5144  4.464    0  0.000  0.545     0.00     0.00     0.00     0.00     0.00 -1 -3.64e-15      0.00 7.349e-01 2.591e-01 1.079e-03 2.911e-04 2.640e-03 -1.000 6.000e-03 8.767 9.608 10.955 8.469
0.006 -0.40400 7.43500 0.2840693593 1.9198625974    0.283 -1.549  3.5192  4.468    0  0.000  0.545     0.00     0.00     0.00     0.00     0.00 -1 -3.94e-15      0.00 7.349e-01 2.591e-01 1.079e-03 2.911e-04 2.640e-03 -1.000 6.000e-03 8.643 9.450 10.753 8.326
0.006 -0.40400 7.43500 0.2847197354 1.9212587309    0.284 -1.548  3.5193  4.468    0  0.000  0.545     0.00     0.00     0.00     0.00     0.00 -1 -3.94e-15      0.00 7.349e-01 2.591e-01 1.079e-03 2.911e-04 2.640e-03 -1.000 6.000e-03 8.640 9.445 10.747 8.322
0.006 -0.40400 7.43500 0.3201302886 1.9915550157    0.319 -1.474  3.5265  4.474    0  0.000  0.545     0.00     0.00     0.00     0.00     0.00 -1 -4.38e-15      0.00 7.349e-01 2.591e-01 1.079e-03 2.911e-04 2.640e-03 -1.000 6.000e-03 8.455 9.213 10.460 8.111
0.006 -0.40400 7.43500 0.3303030431 2.0099003913    0.329 -1.454  3.5284  4.476    0  0.000  0.545     0.00     0.00     0.00     0.00     0.00 -1  -4.5e-15      0.00 7.349e-01 2.591e-01 1.079e-03 2.911e-04 2.640e-03 -1.000 6.000e-03 8.406 9.152 10.384 8.056
0.006 -0.40400 7.43500 0.3765151799 2.0848521217    0.376 -1.371  3.5363  4.481    0  0.000  0.545     0.00     0.00     0.00     0.00     0.00 -1 -5.08e-15      0.00 7.349e-01 2.591e-01 1.079e-03 2.911e-04 2.640e-03 -1.000 6.000e-03 8.198 8.894 10.070 7.821
0.006 -0.40400 7.43500 0.3988420367 2.1169039974    0.398 -1.332  3.5401  4.483    0  0.000  0.545     0.00     0.00     0.00     0.00     0.00 -1 -5.38e-15      0.00 7.349e-01 2.591e-01 1.079e-03 2.911e-04 2.640e-03 -1.000 6.000e-03 8.101 8.774 9.924 7.712
0.006 -0.40400 7.43500 0.4227272868 2.1487074326    0.422 -1.292  3.5439  4.483    0  0.000  0.545     0.00     0.00     0.00     0.00     0.00 -1 -5.73e-15      0.00 7.349e-01 2.591e-01 1.079e-03 2.911e-04 2.640e-03 -1.000 6.000e-03 8.001 8.653 9.778 7.601
0.006 -0.40400 7.43500 0.4689394236 2.2040773004    0.468 -1.218  3.5517  4.485    0  0.000  0.545     0.00     0.00     0.00     0.00     0.00 -1 -6.44e-15      0.00 7.349e-01 2.591e-01 1.079e-03 2.911e-04 2.640e-03 -1.000 6.000e-03 7.815 8.420 9.495 7.391
0.006 -0.40400 7.43500 0.5151515603 2.2525465222    0.515 -1.142  3.5601  4.483    0  0.000  0.545     0.00     0.00     0.00     0.00     0.00 -1 -7.33e-15      0.00 7.349e-01 2.591e-01 1.079e-03 2.911e-04 2.640e-03 -1.000 6.000e-03 7.624 8.182 9.206 7.178
0.006 -0.40400 7.43500 0.5444802046 2.2790348960    0.544 -1.089  3.5669  4.482    0  0.000  0.545     0.00     0.00     0.00     0.00     0.00 -1 -8.05e-15      0.00 7.349e-01 2.591e-01 1.079e-03 2.911e-04 2.640e-03 -1.000 6.000e-03 7.493 8.012 8.997 7.028
0.006 -0.40400 7.43500 0.5613636374 2.2928480160    0.561 -1.056  3.5711  4.479    0  0.000  0.545     0.00     0.00     0.00     0.00     0.00 -1 -8.58e-15      0.00 7.349e-01 2.591e-01 1.079e-03 2.911e-04 2.640e-03 -1.000 6.000e-03 7.411 7.907 8.869 6.935
0.006 -0.40400 7.43500 0.6008165479 2.3216738758    0.600 -0.976  3.5827  4.475    0  0.000  0.545     0.00     0.00     0.00     0.00     0.00 -1    -1e-14      0.00 7.349e-01 2.591e-01 1.079e-03 2.911e-04 2.640e-03 -1.000 6.000e-03 7.209 7.649 8.555 6.708
0.006 -0.40400 7.43500 0.6075757742 2.3261824018    0.607 -0.961  3.5849  4.473    0  0.000  0.545     0.00     0.00     0.00     0.00     0.00 -1 -1.03e-14      0.00 7.349e-01 2.591e-01 1.079e-03 2.911e-04 2.640e-03 -1.000 6.000e-03 7.171 7.601 8.496 6.666
0.006 -0.40400 7.43500 0.6286395192 2.3395199917    0.628 -0.918  3.5926  4.476    0  0.000  0.545     0.00     0.00     0.00     0.00     0.00 -1 -1.11e-14      0.00 7.349e-01 2.591e-01 1.079e-03 2.911e-04 2.640e-03 -1.000 6.000e-03 7.064 7.459 8.321 6.544
0.006 -0.40400 7.43500 0.6537879109 2.3541567464    0.654 -0.847  3.6049  4.472    0  0.000  0.545     0.00     0.00     0.00     0.00     0.00 -1 -1.29e-14      0.00 7.350e-01 2.590e-01 1.079e-03 2.911e-04 2.640e-03 -1.000 6.000e-03 6.888 7.235 8.046 6.350
0.006 -0.40400 7.43500 0.6687893867 2.3622875774    0.669 -0.804  3.6134  4.473    0  0.000  0.545     0.00     0.00     0.00     0.00     0.00 -1  -1.4e-14      0.00 7.350e-01 2.590e-01 1.079e-03 2.911e-04 2.640e-03 -1.000 6.000e-03 6.780 7.094 7.869 6.230
0.006 -0.40400 7.43500 0.6916891932 2.3739206722    0.692 -0.728  3.6290  4.474    0  0.000  0.545     0.00     0.00     0.00     0.00     0.00 -1 -1.64e-14      0.00 7.350e-01 2.590e-01 1.079e-03 2.911e-04 2.640e-03 -1.000 6.000e-03 6.590 6.844 7.557 6.021
0.006 -0.40400 7.43500 0.6999999881 2.3779266974    0.700 -0.699  3.6351  4.475    0  0.000  0.545     0.00     0.00     0.00     0.00     0.00 -1 -1.74e-14      0.00 7.350e-01 2.590e-01 1.079e-03 2.911e-04 2.640e-03 -1.000 6.000e-03 6.518 6.745 7.431 5.940
0.006 -0.40400 7.43500 0.7171920538 2.3858758642    0.717 -0.634  3.6531  4.492    0  0.000  0.542     0.00     0.00     0.00     0.00     0.00 -1 -1.95e-14      0.00 7.350e-01 2.590e-01 1.074e-03 2.910e-04 2.640e-03 -1.000 6.000e-03 6.355 6.503 7.111 5.753
0.006 -0.40400 7.43500 0.7396624684 2.3956276304    0.740 -0.544  3.6768  4.510    0  0.000  0.539     0.00     0.00     0.00     0.00     0.00 -1 -2.31e-14      0.00 7.350e-01 2.590e-01 1.068e-03 2.908e-04 2.640e-03 -1.000 6.000e-03 6.130 6.189 6.714 5.504
0.006 -0.40400 7.43500 0.7500000000 2.3998889087    0.750 -0.502  3.6875  4.517    0  0.000  0.538     0.00     0.00     0.00     0.00     0.00 -1 -2.51e-14      0.00 7.350e-01 2.590e-01 1.065e-03 2.907e-04 2.640e-03 -1.000 6.000e-03 6.025 6.050 6.544 5.392
0.006 -0.40400 7.43500 0.7614704370 2.4044618024    0.761 -0.461  3.6951  4.514    0  0.000  0.538     0.00     0.00     0.00     0.00     0.00 -1 -2.75e-14      0.00 7.350e-01 2.590e-01 1.065e-03 2.907e-04 2.640e-03 -1.000 6.000e-03 5.924 5.928 6.400 5.288
0.006 -0.40400 7.43500 0.7794358730 2.4113139359    0.779 -0.398  3.7072  4.509    0  0.000  0.538     0.00     0.00     0.00     0.00     0.00 -1 -3.16e-14      0.00 7.350e-01 2.590e-01 1.065e-03 2.907e-04 2.640e-03 -1.000 6.000e-03 5.765 5.741 6.181 5.129
0.006 -0.40400 7.43500 0.7983983755 2.4181630208    0.798 -0.331  3.7201  4.504    0  0.000  0.538     0.00     0.00     0.00     0.00     0.00 -1 -3.67e-14      0.00 7.350e-01 2.590e-01 1.065e-03 2.907e-04 2.640e-03 -1.000 6.000e-03 5.598 5.549 5.958 4.966
0.006 -0.40400 7.43500 0.8000000119 2.4187244405    0.800 -0.326  3.7212  4.503    0  0.000  0.538     0.00     0.00     0.00     0.00     0.00 -1 -3.71e-14      0.00 7.350e-01 2.590e-01 1.065e-03 2.907e-04 2.640e-03 -1.000 6.000e-03 5.584 5.533 5.939 4.953
0.006 -0.40400 7.43500 0.8088477850 2.4217798181    0.809 -0.295  3.7271  4.501    0  0.000  0.538     0.00     0.00     0.00     0.00     0.00 -1 -3.98e-14      0.00 7.350e-01 2.590e-01 1.065e-03 2.907e-04 2.640e-03 -1.000 6.000e-03 5.506 5.445 5.839 4.878
0.006 -0.40400 7.43500 0.8294982314 2.4286202338    0.829 -0.224  3.7406  4.495    0  0.000  0.538     0.00     0.00     0.00     0.00     0.00 -1 -4.66e-14      0.00 7.350e-01 2.590e-01 1.065e-03 2.907e-04 2.640e-03 -1.000 6.000e-03 5.329 5.250 5.614 4.712
0.006 -0.40400 7.43500 0.8500000238 2.4350346840    0.850 -0.157  3.7534  4.490    0  0.000  0.538     0.00     0.00     0.00     0.00     0.00 -1 -5.39e-14      0.00 7.350e-01 2.590e-01 1.065e-03 2.907e-04 2.640e-03 -1.000 6.000e-03 5.163 5.073 5.410 4.563
0.006 -0.40400 7.43500 0.8533112407 2.4360374790    0.853 -0.147  3.7554  4.489    0  0.000  0.538     0.00     0.00     0.00     0.00     0.00 -1 -5.52e-14      0.00 7.350e-01 2.590e-01 1.065e-03 2.907e-04 2.640e-03 -1.000 6.000e-03 5.136 5.045 5.379 4.539
0.006 -0.40400 7.43500 0.8636093140 2.4390997879    0.863 -0.115  3.7613  4.486    0  0.000  0.538     0.00     0.00     0.00     0.00     0.00 -1 -5.92e-14      0.00 7.350e-01 2.590e-01 1.065e-03 2.907e-04 2.640e-03 -1.000 6.000e-03 5.057 4.963 5.285 4.469
0.006 -0.40400 7.43500 0.8775298595 2.4431082065    0.877 -0.082  3.7678  4.486    0  0.000  0.538     0.00     0.00     0.00     0.00     0.00 -1 -6.35e-14      0.00 7.350e-01 2.590e-01 1.065e-03 2.907e-04 2.640e-03 -1.000 6.000e-03 4.976 4.879 5.187 4.400
0.006 -0.40400 7.43500 0.8999999762 2.4492786016    0.899 -0.052  3.7751  4.496    0  0.000  0.538     0.00     0.00     0.00     0.00     0.00 -1 -6.69e-14      0.00 7.350e-01 2.590e-01 1.065e-03 2.907e-04 2.640e-03 -1.000 6.000e-03 4.899 4.801 5.094 4.338
0.006 -0.40400 7.43500 0.9276078343 2.4563911608    0.927 -0.023  3.7831  4.512    0  0.000  0.537     0.00     0.00     0.00     0.00     0.00 -1 -6.96e-14      0.00 7.350e-01 2.590e-01 1.064e-03 2.906e-04 2.640e-03 -1.000 6.000e-03 4.827 4.728 5.006 4.284
0.006 -0.40400 7.43500 0.9499999881 2.4618121868    0.950 -0.007  3.7874  4.524    0  0.000  0.537     0.00     0.00     0.00     0.00     0.00 -1 -7.02e-14      0.00 7.351e-01 2.590e-01 1.064e-03 2.906e-04 2.640e-03 -1.000 5.948e-03 4.788 4.690 4.959 4.255
0.006 -0.40400 7.43500 0.9584922194 2.4637920880    0.958 -0.002  3.7890  4.529    0  0.000  0.537     0.00     0.00     0.00     0.00     0.00 -1 -7.04e-14      0.00 7.351e-01 2.590e-01 1.064e-03 2.906e-04 2.640e-03 -1.000 5.936e-03 4.774 4.677 4.943 4.245
0.006 -0.40400 7.43500 0.9885205626 2.4704803385    0.989  0.033  3.7940  4.528    0  0.000  0.538     0.00     0.00     0.00     0.00     0.00 -1  -7.5e-14      0.00 7.351e-01 2.589e-01 1.064e-03 2.906e-04 2.639e-03 -1.000 5.985e-03 4.688 4.592 4.848 4.172
0.006 -0.40400 7.43500 1.0000000000 2.4729154477    1.000  0.049  3.7960  4.525    0  0.000  0.538     0.00     0.00     0.00     0.00     0.00 -1 -7.77e-14      0.00 7.351e-01 2.589e-01 1.064e-03 2.906e-04 2.639e-03 -1.000 6.000e-03 4.646 4.550 4.804 4.135
0.006 -0.40400 7.43500 1.0376898050 2.4804766877    1.037  0.105  3.8025  4.511    0  0.000  0.538     0.00     0.00     0.00     0.00     0.00 -1 -8.29e-14      0.00 7.351e-01 2.589e-01 1.064e-03 2.906e-04 2.639e-03 -1.000 6.000e-03 4.508 4.415 4.656 4.014
0.006 -0.40400 7.43500 1.0499999523 2.4828114860    1.050  0.129  3.8051  4.502    0  0.000  0.538     0.00     0.00     0.00     0.00     0.00 -1 -8.65e-14      0.00 7.351e-01 2.589e-01 1.064e-03 2.906e-04 2.639e-03 -1.000 6.000e-03 4.447 4.355 4.591 3.960
0.006 -0.40400 7.43500 1.0588544607 2.4844523239    1.058  0.147  3.8069  4.496    0  0.000  0.538     0.00     0.00     0.00     0.00     0.00 -1  -8.9e-14      0.00 7.351e-01 2.589e-01 1.064e-03 2.906e-04 2.639e-03 -1.000 6.000e-03 4.404 4.311 4.545 3.921
0.006 -0.40400 7.43500 1.1000000238 2.4916801480    1.099  0.227  3.8154  4.466    0  0.000  0.538     0.00     0.00     0.00     0.00     0.00 -1 -1.01e-13      0.00 7.352e-01 2.588e-01 1.064e-03 2.905e-04 2.638e-03 -1.000 6.000e-03 4.204 4.114 4.333 3.742
0.006 -0.40400 7.43500 1.1499999762 2.4996678137    1.149  0.317  3.8255  4.435    0  0.000  0.538     0.00     0.00     0.00     0.00     0.00 -1 -1.16e-13      0.00 7.352e-01 2.588e-01 1.064e-03 2.905e-04 2.638e-03 -1.000 6.000e-03 3.977 3.890 4.092 3.541
0.006 -0.40400 7.43500 1.1921424866 2.5058052417    1.192  0.393  3.8350  4.413    0  0.000  0.538     0.00     0.00     0.00     0.00     0.00 -1 -1.28e-13      0.00 7.352e-01 2.588e-01 1.064e-03 2.905e-04 2.638e-03 -1.000 6.000e-03 3.787 3.703 3.890 3.375
0.006 -0.40400 7.43500 1.2000000477 2.5068948796    1.200  0.406  3.8366  4.409    0  0.000  0.538     0.00     0.00     0.00     0.00     0.00 -1  -1.3e-13      0.00 7.352e-01 2.588e-01 1.064e-03 2.905e-04 2.638e-03 -1.000 6.000e-03 3.754 3.670 3.855 3.346
0.006 -0.40400 7.43500 1.2500000000 2.5134610955    1.250  0.488  3.8478  4.390    0  0.000  0.538     0.00     0.00     0.00     0.00     0.00 -1 -1.42e-13      0.00 7.353e-01 2.587e-01 1.064e-03 2.905e-04 2.639e-03 -1.000 6.000e-03 3.550 3.470 3.637 3.172
0.006 -0.40400 7.43500 1.2999999523 2.5194498592    1.300  0.564  3.8609  4.383    0  0.000  0.538     0.00     0.00     0.00     0.00     0.00 -1 -1.49e-13      0.00 7.353e-01 2.587e-01 1.064e-03 2.904e-04 2.638e-03 -1.000 5.996e-03 3.359 3.284 3.432 3.016
0.006 -0.40400 7.43500 1.3500001431 2.5249313723    1.350  0.637  3.8758  4.386    0  0.000  0.538     0.00     0.00     0.00     0.00     0.00 -1 -1.51e-13      0.00 7.353e-01 2.587e-01 1.064e-03 2.904e-04 2.638e-03 -1.000 5.993e-03 3.177 3.109 3.235 2.876
0.006 -0.40400 7.43500 1.4000000954 2.5299650415    1.400  0.706  3.8917  4.397    0  0.000  0.538     0.00     0.00     0.00     0.00     0.00 -1 -1.47e-13      0.00 7.353e-01 2.587e-01 1.064e-03 2.904e-04 2.638e-03 -1.000 6.000e-03 3.005 2.947 3.051 2.753
0.006 -0.40400 7.43500 1.4500000477 2.5346015836    1.450  0.772  3.9072  4.408    0  0.000  0.538     0.00     0.00     0.00     0.00     0.00 -1 -1.38e-13      0.00 7.353e-01 2.587e-01 1.063e-03 2.903e-04 2.638e-03 -1.000 5.993e-03 2.840 2.797 2.880 2.640
0.006 -0.40400 7.43500 1.5000000000 2.5388844597    1.500  0.836  3.9218  4.417    0  0.000  0.538     0.00     0.00     0.00     0.00     0.00 -1 -1.25e-13      0.00 7.353e-01 2.587e-01 1.063e-03 2.904e-04 2.637e-03 -1.000 6.000e-03 2.680 2.656 2.720 2.536
0.006 -0.40400 7.43500 1.5499999523 2.5428511323    1.550  0.896  3.9355  4.426    0  0.000  0.538     0.00     0.00     0.00     0.00     0.00 -1 -1.05e-13      0.00 7.354e-01 2.587e-01 1.063e-03 2.904e-04 2.637e-03 -1.000 5.989e-03 2.530 2.534 2.580 2.446
0.006 -0.40400 7.43500 1.6000000238 2.5465340628    1.600  0.955  3.9485  4.433    0  0.000  0.538     0.00     0.00     0.00     0.00     0.00 -1 -7.82e-14      0.00 7.354e-01 2.586e-01 1.063e-03 2.903e-04 2.637e-03 -1.000 6.000e-03 2.383 2.422 2.454 2.361
0.006 -0.40400 7.43500 1.6499999762 2.5499614773    1.649  1.011  3.9609  4.440    0  0.000  0.538     0.00     0.00     0.00     0.00     0.00 -1 -4.35e-14      0.00 7.354e-01 2.586e-01 1.063e-03 2.903e-04 2.637e-03 -1.000 5.993e-03 2.243 2.322 2.343 2.282
0.006 -0.40400 7.43500 1.7000000477 2.5531580802    1.699  1.064  3.9724  4.446    0  0.000  0.538     0.00     0.00     0.00     0.00     0.00 -1    -1e-30      0.00 7.354e-01 2.586e-01 1.063e-03 2.903e-04 2.637e-03 -1.000 5.984e-03 2.111 2.232 2.244 2.210
0.006 -0.40400 7.43500 1.7500000000 2.5561455243    1.749  1.115  3.9835  4.451    0  0.000  0.537     0.00     0.00     0.00     0.00     0.00 -1    -1e-30      0.00 7.355e-01 2.585e-01 1.063e-03 2.903e-04 2.637e-03 -1.000 6.000e-03 1.982 2.148 2.152 2.141
0.006 -0.40400 7.43500 1.7999999523 2.5589429085    1.799  1.166  3.9940  4.455    0  0.000  0.537     0.00     0.00     0.00     0.00     0.00 -1    -1e-30      0.00 7.354e-01 2.586e-01 1.063e-03 2.903e-04 2.637e-03 -1.000 6.000e-03 1.855 2.067 2.064 2.073
0.006 -0.40400 7.43500 1.8473684788 2.5614330735    1.846  1.211  4.0034  4.459    0  0.000  0.537     0.00     0.00     0.00     0.00     0.00 -1    -1e-30      0.00 7.354e-01 2.586e-01 1.063e-03 2.902e-04 2.637e-03 -1.000 6.000e-03 1.743 1.997 1.989 2.013
0.006 -0.40400 7.43500 1.8947367668 2.5637805846    1.894  1.254  4.0121  4.462    0  0.000  0.537     0.00     0.00     0.00     0.00     0.00 -1    -1e-30      0.00 7.354e-01 2.586e-01 1.063e-03 2.902e-04 2.636e-03 -1.000 6.000e-03 1.634 1.929 1.916 1.954
0.006 -0.40400 7.43500 1.9421052933 2.5659969039    1.941  1.297  4.0206  4.464    0  0.000  0.537     0.00     0.00     0.00     0.00     0.00 -1    -1e-30      0.00 7.355e-01 2.585e-01 1.063e-03 2.902e-04 2.636e-03 -1.000 5.999e-03 1.528 1.863 1.846 1.896
0.006 -0.40400 7.43500 1.9894737005 2.5680922856    1.989  1.338  4.0288  4.466    1  0.000  0.537     0.00     0.00     0.00     0.00     0.00 -1    -1e-30      0.00 7.355e-01 2.585e-01 1.063e-03 2.902e-04 2.636e-03 -1.000 6.000e-03 1.425 1.800 1.780 1.840
0.006 -0.40400 7.43500 2.0368421078 2.5700759835    2.036  1.378  4.0364  4.467    0  0.000  0.537     0.00     0.00     0.00     0.00     0.00 -1    -1e-30      0.00 7.355e-01 2.585e-01 1.063e-03 2.902e-04 2.636e-03 -1.000 6.000e-03 1.325 1.739 1.715 1.785
0.006 -0.40400 7.43500 2.0842103958 2.5719563403    2.083  1.416  4.0437  4.467    1  0.000  0.537     0.00     0.00     0.00     0.00     0.00 -1    -1e-30      0.00 7.355e-01 2.585e-01 1.063e-03 2.902e-04 2.636e-03 -1.000 6.000e-03 1.229 1.680 1.653 1.731
0.006 -0.40400 7.43500 2.1315791607 2.5737409310    2.130  1.454  4.0507  4.467    1  0.000  0.538     0.00     0.00     0.00     0.00     0.00 -1    -1e-30      0.00 7.355e-01 2.585e-01 1.063e-03 2.902e-04 2.636e-03 -1.000 6.000e-03 1.134 1.621 1.591 1.678
0.006 -0.40400 7.43500 2.1789474487 2.5754365685    2.178  1.491  4.0575  4.467    1  0.000  0.538     0.00     0.00     0.00     0.00     0.00 -1    -1e-30      0.00 7.355e-01 2.585e-01 1.063e-03 2.902e-04 2.636e-03 -1.000 6.000e-03 1.042 1.564 1.531 1.626
0.006 -0.40400 7.43500 2.2263157368 2.5770494954    2.225  1.527  4.0640  4.466    1  0.000  0.538     0.00     0.00     0.00     0.00     0.00 -1    -1e-30      0.00 7.355e-01 2.585e-01 1.063e-03 2.902e-04 2.636e-03 -1.000 6.000e-03 0.952 1.508 1.473 1.574
0.006 -0.40400 7.43500 2.2736840248 2.5785853799    2.272  1.563  4.0703  4.465    1  0.000  0.538     0.00     0.00     0.00     0.00     0.00 -1    -1e-30      0.00 7.356e-01 2.585e-01 1.063e-03 2.902e-04 2.636e-03 -1.000 5.995e-03 0.863 1.453 1.416 1.523
0.006 -0.40400 7.43500 2.3210525513 2.5800494018    2.320  1.596  4.0761  4.464    1  0.000  0.538     0.00     0.00     0.00     0.00     0.00 -1    -1e-30      0.00 7.356e-01 2.584e-01 1.063e-03 2.902e-04 2.636e-03 -1.000 6.000e-03 0.779 1.400 1.361 1.474
0.006 -0.40400 7.43500 2.3684210777 2.5814462823    2.367  1.630  4.0822  4.463    1  0.000  0.538     0.00     0.00     0.00     0.00     0.00 -1    -1e-30      0.00 7.356e-01 2.584e-01 1.063e-03 2.902e-04 2.636e-03 -1.000 6.000e-03 0.695 1.348 1.307 1.426
0.006 -0.40400 7.43500 2.5578947067 2.5864438610    2.556  1.755  4.1033  4.456    1  0.000  0.538     0.00     0.00     0.00     0.00     0.00 -1    -1e-30      0.00 7.351e-01 2.589e-01 1.064e-03 2.906e-04 2.640e-03 -1.000 6.000e-03 0.381 1.150 1.102 1.241
0.006 -0.40400 7.43500 2.5731279850 2.5868090586    2.572  1.765  4.1049  4.455    1  0.000  0.538     0.00     0.00     0.00     0.00     0.00 -1    -1e-30      0.00 7.351e-01 2.589e-01 1.064e-03 2.906e-04 2.640e-03 -1.000 6.000e-03 0.357 1.135 1.086 1.226
0.006 -0.40400 7.43500 2.7473683357 2.5906571649    2.746  1.873  4.1226  4.447    1  0.000  0.538     0.00     0.00     0.00     0.00     0.00 -1    -1e-30      0.00 7.350e-01 2.590e-01 1.065e-03 2.907e-04 2.641e-03 -1.000 6.000e-03 0.088 0.965 0.910 1.067
0.006 -0.40400 7.43500 2.9368422031 2.5942514910    2.936  1.982  4.1401  4.436    1  0.000  0.538     0.00     0.00     0.00     0.00     0.00 -1    -1e-30      0.00 7.350e-01 2.590e-01 1.065e-03 2.907e-04 2.641e-03 -1.000 6.000e-03 -0.185 0.791 0.731 0.902
0.006 -0.40400 7.43500 3.1263158321 2.5973494584    3.125  2.084  4.1563  4.426    1  0.000  0.538     0.00     0.00     0.00     0.00     0.00 -1    -1e-30      0.00 7.350e-01 2.590e-01 1.065e-03 2.907e-04 2.641e-03 -1.000 6.000e-03 -0.440 0.628 0.563 0.749
0.006 -0.40400 7.43500 3.2446043491 2.5990739686    3.242  2.145  4.1659  4.420    1  0.000  0.538     0.00     0.00     0.00     0.00     0.00 -1    -1e-30      0.00 7.350e-01 2.590e-01 1.065e-03 2.907e-04 2.641e-03 -1.000 6.000e-03 -0.592 0.532 0.464 0.658
0.006 -0.40400 7.43500 3.3157896996 2.6000438424    3.313  2.180  4.1715  4.416    1  0.000  0.538     0.00     0.00     0.00     0.00     0.00 -1    -1e-30      0.00 7.350e-01 2.590e-01 1.065e-03 2.907e-04 2.641e-03 -1.000 6.000e-03 -0.681 0.476 0.406 0.605
0.006 -0.40400 7.43500 3.5052630901 2.6024060213    3.502  2.271  4.1854  4.405    1  0.000  0.538     0.00     0.00     0.00     0.00     0.00 -1    -1e-30      0.00 7.350e-01 2.590e-01 1.065e-03 2.907e-04 2.641e-03 -1.000 6.000e-03 -0.908 0.330 0.256 0.467
0.006 -0.40400 7.43500 3.6535410881 2.6040594219    3.650  2.339  4.1957  4.396    1  0.000  0.538     0.00     0.00     0.00     0.00     0.00 -1    -1e-30      0.00 7.350e-01 2.590e-01 1.065e-03 2.907e-04 2.641e-03 -1.000 6.000e-03 -1.078 0.221 0.144 0.364
0.006 -0.40400 7.43500 3.6947369576 2.6044917793    3.691  2.358  4.1985  4.394    1  0.000  0.538     0.00     0.00     0.00     0.00     0.00 -1    -1e-30      0.00 7.350e-01 2.590e-01 1.065e-03 2.907e-04 2.641e-03 -1.000 6.000e-03 -1.124 0.191 0.114 0.336
0.006 -0.40400 7.43500 3.8842105865 2.6063452704    3.882  2.440  4.2109  4.383    1  0.000  0.538     0.00     0.00     0.00     0.00     0.00 -1    -1e-30      0.00 7.350e-01 2.590e-01 1.065e-03 2.907e-04 2.641e-03 -1.000 6.000e-03 -1.329 0.059 -0.022 0.211
0.006 -0.40400 7.43500 3.9789345264 2.6071961474    3.977  2.479  4.2168  4.378    1  0.000  0.538     0.00     0.00     0.00     0.00     0.00 -1    -1e-30      0.00 7.350e-01 2.590e-01 1.065e-03 2.907e-04 2.641e-03 -1.000 6.000e-03 -1.428 -0.004 -0.087 0.150
0.006 -0.40400 7.43500 4.0736842155 2.6080018916    4.072  2.518  4.2226  4.372    1  0.000  0.538     0.00     0.00     0.00     0.00     0.00 -1    -1e-30      0.00 7.350e-01 2.590e-01 1.065e-03 2.907e-04 2.641e-03 -1.000 6.000e-03 -1.525 -0.067 -0.152 0.091
0.006 -0.40400 7.43500 4.1284651756 2.6084483893    4.126  2.540  4.2258  4.369    1  0.000  0.538     0.00     0.00     0.00     0.00     0.00 -1    -1e-30      0.00 7.350e-01 2.590e-01 1.065e-03 2.907e-04 2.641e-03 -1.000 6.000e-03 -1.580 -0.103 -0.188 0.057
0.006 -0.40400 7.43500 4.2631587982 2.6094903264    4.260  2.593  4.2336  4.361    1  0.000  0.538     0.00     0.00     0.00     0.00     0.00 -1    -1e-30      0.00 7.350e-01 2.590e-01 1.065e-03 2.907e-04 2.641e-03 -1.000 6.000e-03 -1.712 -0.190 -0.277 -0.026
0.006 -0.40400 7.43500 4.3502211571 2.6101244677    4.347  2.626  4.2384  4.356    1  0.000  0.538     0.00     0.00     0.00     0.00     0.00 -1    -1e-30      0.00 7.350e-01 2.590e-01 1.065e-03 2.907e-04 2.641e-03 -1.000 6.000e-03 -1.796 -0.244 -0.334 -0.078
0.006 -0.40400 7.43500 4.4526314735 2.6108340176    4.449  2.665  4.2440  4.349    1  0.000  0.538     0.00     0.00     0.00     0.00     0.00 -1    -1e-30      0.00 7.350e-01 2.590e-01 1.065e-03 2.907e-04 2.641e-03 -1.000 6.000e-03 -1.892 -0.308 -0.399 -0.138
0.006 -0.40400 7.43500 4.6421055794 2.6120523611    4.639  2.734  4.2539  4.338    1  0.000  0.538     0.00     0.00     0.00     0.00     0.00 -1    -1e-30      0.00 7.350e-01 2.590e-01 1.065e-03 2.907e-04 2.641e-03 -1.000 6.000e-03 -2.066 -0.423 -0.517 -0.248
0.006 -0.40400 7.43500 4.7533211708 2.6127156969    4.751  2.774  4.2595  4.331    1  0.000  0.538     0.00     0.00     0.00     0.00     0.00 -1    -1e-30      0.00 7.350e-01 2.590e-01 1.065e-03 2.907e-04 2.641e-03 -1.000 6.000e-03 -2.164 -0.489 -0.584 -0.310
0.006 -0.40400 7.43500 4.8315792084 2.6131614690    4.829  2.801  4.2633  4.326    1  0.000  0.538     0.00     0.00     0.00     0.00     0.00 -1    -1e-30      0.00 7.350e-01 2.590e-01 1.065e-03 2.907e-04 2.641e-03 -1.000 6.000e-03 -2.233 -0.535 -0.631 -0.354
0.006 -0.40400 7.43500 4.9885048866 2.6140070751    4.987  2.854  4.2706  4.316    1  0.000  0.538     0.00     0.00     0.00     0.00     0.00 -1    -1e-30      0.00 7.350e-01 2.590e-01 1.065e-03 2.907e-04 2.641e-03 -1.000 6.000e-03 -2.366 -0.626 -0.724 -0.441
0.006 -0.40400 7.43500 5.0210523605 2.6141748657    5.020  2.865  4.2721  4.314    1  0.000  0.538     0.00     0.00     0.00     0.00     0.00 -1    -1e-30      0.00 7.350e-01 2.590e-01 1.065e-03 2.907e-04 2.641e-03 -1.000 6.000e-03 -2.394 -0.644 -0.743 -0.459
0.006 -0.40400 7.43500 5.1832075119 2.6149748303    5.183  2.919  4.2793  4.303    1  0.000  0.538     0.00     0.00     0.00     0.00     0.00 -1    -1e-30      0.00 7.350e-01 2.590e-01 1.065e-03 2.907e-04 2.641e-03 -1.000 6.000e-03 -2.528 -0.736 -0.837 -0.547
0.006 -0.40400 7.43500 5.2105264664 2.6151039795    5.210  2.928  4.2805  4.301    1  0.000  0.538     0.00     0.00     0.00     0.00     0.00 -1    -1e-30      0.00 7.350e-01 2.590e-01 1.065e-03 2.907e-04 2.641e-03 -1.000 6.000e-03 -2.550 -0.752 -0.853 -0.562
0.006 -0.40400 7.43500 5.4000000954 2.6159585105    5.401  2.989  4.2884  4.287    1  0.000  0.538     0.00     0.00     0.00     0.00     0.00 -1    -1e-30      0.00 7.350e-01 2.590e-01 1.065e-03 2.907e-04 2.641e-03 -1.000 6.000e-03 -2.702 -0.858 -0.962 -0.664
0.006 -0.40400 7.43500 5.5999999046 2.6167887565    5.601  3.051  4.2963  4.272    1  0.000  0.538     0.00     0.00     0.00     0.00     0.00 -1    -1e-30      0.00 7.350e-01 2.590e-01 1.065e-03 2.907e-04 2.641e-03 -1.000 6.000e-03 -2.858 -0.969 -1.075 -0.770
0.006 -0.40400 7.43500 5.7048931122 2.6171975280    5.706  3.083  4.3002  4.264    1  0.000  0.538     0.00     0.00     0.00     0.00     0.00 -1    -1e-30      0.00 7.350e-01 2.590e-01 1.065e-03 2.907e-04 2.641e-03 -1.000 6.000e-03 -2.939 -1.027 -1.133 -0.825
0.006 -0.40400 7.43500 5.8000001907 2.6175535027    5.801  3.112  4.3037  4.256    1  0.000  0.538     0.00     0.00     0.00     0.00     0.00 -1    -1e-30      0.00 7.350e-01 2.590e-01 1.065e-03 2.907e-04 2.641e-03 -1.000 6.000e-03 -3.011 -1.079 -1.187 -0.876
0.006 -0.40400 7.43500 5.8562722206 2.6177578725    5.857  3.129  4.3057  4.251    1  0.000  0.538     0.00     0.00     0.00     0.00     0.00 -1    -1e-30      0.00 7.350e-01 2.590e-01 1.065e-03 2.907e-04 2.641e-03 -1.000 6.000e-03 -3.053 -1.110 -1.218 -0.906
0.006 -0.40400 7.43500 6.0000000000 2.6182599138    6.000  3.172  4.3106  4.239    1  0.000  0.538     0.00     0.00     0.00     0.00     0.00 -1    -1e-30      0.00 7.350e-01 2.590e-01 1.065e-03 2.907e-04 2.641e-03 -1.000 6.000e-03 -3.160 -1.189 -1.299 -0.982
0.006 -0.40400 7.43500 6.1517791748 2.6187608991    6.152  3.216  4.3156  4.225    1  0.000  0.538     0.00     0.00     0.00     0.00     0.00 -1    -1e-30      0.00 7.350e-01 2.590e-01 1.065e-03 2.907e-04 2.641e-03 -1.000 6.000e-03 -3.270 -1.271 -1.383 -1.062
0.006 -0.40400 7.43500 6.1999998093 2.6189141709    6.200  3.230  4.3171  4.221    1  0.000  0.538     0.00     0.00     0.00     0.00     0.00 -1    -1e-30      0.00 7.350e-01 2.590e-01 1.065e-03 2.907e-04 2.641e-03 -1.000 6.000e-03 -3.305 -1.298 -1.410 -1.087
0.006 -0.40400 7.43500 6.4000000954 2.6195216279    6.399  3.287  4.3232  4.202    1  0.000  0.538     0.00     0.00     0.00     0.00     0.00 -1    -1e-30      0.00 7.350e-01 2.590e-01 1.065e-03 2.907e-04 2.641e-03 -1.000 6.000e-03 -3.448 -1.407 -1.520 -1.193
0.006 -0.40400 7.43500 6.5777482986 2.6200259971    6.576  3.337  4.3282  4.184    1  0.000  0.538     0.00     0.00     0.00     0.00     0.00 -1    -1e-30      0.00 7.350e-01 2.590e-01 1.065e-03 2.907e-04 2.641e-03 -1.000 6.000e-03 -3.572 -1.503 -1.617 -1.286
0.006 -0.40400 7.43500 6.7632260323 2.6205199270    6.760  3.388  4.3330  4.164    1  0.000  0.538     0.00     0.00     0.00     0.00     0.00 -1    -1e-30      0.00 7.350e-01 2.590e-01 1.065e-03 2.907e-04 2.641e-03 -1.000 6.000e-03 -3.700 -1.604 -1.721 -1.385
0.006 -0.40400 7.43500 6.9593987465 2.6210095301    6.955  3.442  4.3376  4.140    1  0.000  0.538     0.00     0.00     0.00     0.00     0.00 -1    -1e-30      0.00 7.350e-01 2.590e-01 1.065e-03 2.907e-04 2.641e-03 -1.000 6.000e-03 -3.836 -1.716 -1.833 -1.493
0.006 -0.40400 7.43500 7.0000000000 2.6211069280    6.996  3.454  4.3384  4.135    1  0.000  0.538     0.00     0.00     0.00     0.00     0.00 -1    -1e-30      0.00 7.350e-01 2.590e-01 1.065e-03 2.907e-04 2.641e-03 -1.000 6.000e-03 -3.864 -1.739 -1.857 -1.516
0.006 -0.40400 7.43500 7.0661001205 2.6212627445    7.062  3.471  4.3398  4.127    1  0.000  0.538     0.00     0.00     0.00     0.00     0.00 -1    -1e-30      0.00 7.350e-01 2.590e-01 1.065e-03 2.907e-04 2.641e-03 -1.000 6.000e-03 -3.908 -1.776 -1.894 -1.552
0.006 -0.40400 7.43500 7.2703528404 2.6217237034    7.268  3.526  4.3436  4.100    1  0.000  0.538     0.00     0.00     0.00     0.00     0.00 -1    -1e-30      0.00 7.350e-01 2.590e-01 1.065e-03 2.907e-04 2.641e-03 -1.000 6.000e-03 -4.045 -1.892 -2.011 -1.667
0.006 -0.40400 7.43500 7.4388885498 2.6220822166    7.437  3.571  4.3464  4.076    1  0.000  0.538     0.00     0.00     0.00     0.00     0.00 -1    -1e-30      0.00 7.350e-01 2.590e-01 1.065e-03 2.907e-04 2.641e-03 -1.000 6.000e-03 -4.157 -1.990 -2.110 -1.763
0.006 -0.40400 7.43500 7.6147785187 2.6224369790    7.614  3.618  4.3486  4.048    1  0.000  0.538     0.00     0.00     0.00     0.00     0.00 -1    -1e-30      0.00 7.350e-01 2.590e-01 1.065e-03 2.907e-04 2.641e-03 -1.000 6.000e-03 -4.276 -2.097 -2.218 -1.868
0.006 -0.40400 7.43500 7.8296179771 2.6228455297    7.830  3.676  4.3505  4.009    1  0.000  0.538     0.00     0.00     0.00     0.00     0.00 -1    -1e-30      0.00 7.350e-01 2.590e-01 1.065e-03 2.907e-04 2.641e-03 -1.000 6.000e-03 -4.421 -2.234 -2.355 -2.004
0.006 -0.40400 7.43500 8.0000000000 2.6231516585    8.001  3.723  4.3512  3.975    1  0.000  0.538     0.00     0.00     0.00     0.00     0.00 -1    -1e-30      0.00 7.350e-01 2.590e-01 1.065e-03 2.907e-04 2.641e-03 -1.000 6.000e-03 -4.537 -2.348 -2.469 -2.118
0.006 -0.40400 7.43500 8.1197767258 2.6233580424    8.120  3.754  4.3513  3.950    1  0.000  0.538     0.00     0.00     0.00     0.00     0.00 -1    -1e-30      0.00 7.350e-01 2.590e-01 1.065e-03 2.907e-04 2.641e-03 -1.000 6.000e-03 -4.616 -2.427 -2.549 -2.197
0.006 -0.40400 7.43500 8.2977371216 2.6236520643    8.297  3.802  4.3504  3.908    1  0.000  0.538     0.00     0.00     0.00     0.00     0.00 -1    -1e-30      0.00 7.350e-01 2.590e-01 1.065e-03 2.907e-04 2.641e-03 -1.000 6.000e-03 -4.735 -2.554 -2.675 -2.324
0.006 -0.40400 7.43500 8.4601726532 2.6239080559    8.458  3.846  4.3483  3.864    1  0.000  0.538     0.00     0.00     0.00     0.00     0.00 -1    -1e-30      0.00 7.350e-01 2.590e-01 1.065e-03 2.907e-04 2.641e-03 -1.000 6.000e-03 -4.846 -2.679 -2.800 -2.450
0.006 -0.40400 7.43500 8.6497192383 2.6241928385    8.646  3.899  4.3445  3.806    1  0.000  0.538     0.00     0.00     0.00     0.00     0.00 -1    -1e-30      0.00 7.350e-01 2.590e-01 1.065e-03 2.907e-04 2.641e-03 -1.000 6.000e-03 -4.977 -2.834 -2.955 -2.608
0.006 -0.40400 7.43500 8.8146266937 2.6244291787    8.810  3.946  4.3391  3.745    1  0.000  0.538     0.00     0.00     0.00     0.00     0.00 -1    -1e-30      0.00 7.350e-01 2.590e-01 1.065e-03 2.907e-04 2.641e-03 -1.000 6.000e-03 -5.095 -2.984 -3.104 -2.761
0.006 -0.40400 7.43500 8.9555444717 2.6246232264    8.949  3.987  4.3326  3.685    1  0.000  0.538     0.00     0.00     0.00     0.00     0.00 -1    -1e-30      0.00 7.350e-01 2.590e-01 1.065e-03 2.907e-04 2.641e-03 -1.000 6.000e-03 -5.198 -3.127 -3.244 -2.906
0.006 -0.40400 7.43500 9.0000000000 2.6246829947    8.995  4.001  4.3301  3.664    1  0.000  0.538     0.00     0.00     0.00     0.00     0.00 -1    -1e-30      0.00 7.350e-01 2.590e-01 1.065e-03 2.907e-04 2.641e-03 -1.000 6.000e-03 -5.231 -3.174 -3.291 -2.955
0.006 -0.40400 7.43500 9.0910835266 2.6248033552    9.086  4.027  4.3252  3.623    1  0.000  0.538     0.00     0.00     0.00     0.00     0.00 -1    -1e-30      0.00 7.350e-01 2.590e-01 1.065e-03 2.907e-04 2.641e-03 -1.000 6.000e-03 -5.297 -3.268 -3.384 -3.052
0.006 -0.40400 7.43500 9.2017221451 2.6249458769    9.197  4.061  4.3173  3.562    1  0.000  0.538     0.00     0.00     0.00     0.00     0.00 -1    -1e-30      0.00 7.350e-01 2.590e-01 1.065e-03 2.907e-04 2.641e-03 -1.000 6.000e-03 -5.382 -3.400 -3.514 -3.187
0.006 -0.40400 7.43500 9.3247804642 2.6250998373    9.320  4.101  4.3112  3.503    1  0.000  0.538     0.00     0.00     0.00     0.00     0.00 -1    -1e-30      0.00 7.350e-01 2.590e-01 1.065e-03 2.907e-04 2.641e-03 -1.000 6.000e-03 -5.483 -3.537 -3.649 -3.328
0.006 -0.40400 7.43500 9.3290567398 2.6251051035    9.325  4.102  4.3110  3.501    1  0.000  0.538     0.00     0.00     0.00     0.00     0.00 -1    -1e-30      0.00 7.350e-01 2.590e-01 1.065e-03 2.907e-04 2.641e-03 -1.000 6.000e-03 -5.486 -3.542 -3.654 -3.333
0.006 -0.40400 7.43500 9.3559398651 2.6251380831    9.352  4.113  4.3138  3.503    1  0.000  0.538     0.00     0.00     0.00     0.00     0.00 -1    -1e-30      0.00 7.350e-01 2.590e-01 1.065e-03 2.907e-04 2.641e-03 -1.000 6.000e-03 -5.513 -3.553 -3.666 -3.342
0.006 -0.40400 7.43500 9.3921079636 2.6251821110    9.388  4.132  4.3266  3.536    1  0.000  0.538     0.00     0.00     0.00     0.00     0.00 -1    -1e-30      0.00 7.350e-01 2.590e-01 1.065e-03 2.907e-04 2.641e-03 -1.000 6.000e-03 -5.561 -3.529 -3.646 -3.312
0.006 -0.40400 7.43500 9.4010658264 2.6251929553    9.397  4.147  4.3400  3.576    1  0.000  0.538     0.00     0.00     0.00     0.00     0.00 -1    -1e-30      0.00 7.350e-01 2.590e-01 1.065e-03 2.907e-04 2.641e-03 -1.000 6.000e-03 -5.597 -3.490 -3.610 -3.266
0.006 -0.40400 7.43500 9.4045133591 2.6251971226    9.400  4.161  4.3512  3.607    1  0.000  0.538     0.00     0.00     0.00     0.00     0.00 -1    -1e-30      0.00 7.350e-01 2.590e-01 1.065e-03 2.907e-04 2.641e-03 -1.000 6.000e-03 -5.633 -3.464 -3.587 -3.234
0.006 -0.40400 7.43500 9.4060554504 2.6251989854    9.402  4.175  4.3601  3.628    1  0.000  0.538     0.00     0.00     0.00     0.00     0.00 -1    -1e-30      0.00 7.350e-01 2.590e-01 1.065e-03 2.907e-04 2.641e-03 -1.000 6.000e-03 -5.668 -3.451 -3.576 -3.217
0.006 -0.40400 7.43500 9.4066772461 2.6251997364    9.402  4.183  4.3644  3.638    1  0.000  0.538     0.00     0.00     0.00     0.00     0.00 -1    -1e-30      0.00 7.350e-01 2.590e-01 1.065e-03 2.907e-04 2.641e-03 -1.000 6.000e-03 -5.687 -3.447 -3.573 -3.210
0.006 -0.40400 7.43500 9.4073295593 2.6252005241    9.403  4.164  4.3566  3.626    2  0.000  0.538     0.00     0.00     0.00     0.00     0.00 -1    -1e-30      0.00 7.350e-01 2.590e-01 1.065e-03 2.907e-04 2.641e-03 -1.000 6.000e-03 -5.640 -3.441 -3.566 -3.209
0.006 -0.40400 7.43500 9.4079513550 2.6252012748    9.404  4.146  4.3449  3.597    2  0.000  0.538     0.00     0.00     0.00     0.00     0.00 -1    -1e-30      0.00 7.350e-01 2.590e-01 1.065e-03 2.907e-04 2.641e-03 -1.000 6.000e-03 -5.594 -3.460 -3.581 -3.233
0.006 -0.40400 7.43500 9.4085435867 2.6252019897    9.404  4.138  4.3289  3.541    2  0.000  0.538     0.00     0.00     0.00     0.00     0.00 -1    -1e-30      0.00 7.350e-01 2.590e-01 1.065e-03 2.907e-04 2.641e-03 -1.000 6.000e-03 -5.576 -3.531 -3.648 -3.312
0.006 -0.40400 7.43500 9.4089555740 2.6252024869    9.405  4.141  4.3165  3.488    2  0.000  0.538     0.00     0.00     0.00     0.00     0.00 -1    -1e-30      0.00 7.350e-01 2.590e-01 1.065e-03 2.907e-04 2.641e-03 -1.000 6.000e-03 -5.583 -3.609 -3.723 -3.397
0.006 -0.40400 7.43500 9.4093418121 2.6252029531    9.405  4.148  4.3043  3.432    2  0.000  0.538     0.00     0.00     0.00     0.00     0.00 -1    -1e-30      0.00 7.350e-01 2.590e-01 1.065e-03 2.907e-04 2.641e-03 -1.000 6.000e-03 -5.600 -3.697 -3.807 -3.492
0.006 -0.40400 7.43500 9.4097118378 2.6252033996    9.406  4.156  4.2922  3.376    2  0.000  0.538     0.00     0.00     0.00     0.00     0.00 -1    -1e-30      0.00 7.350e-01 2.590e-01 1.065e-03 2.907e-04 2.641e-03 -1.000 6.000e-03 -5.620 -3.786 -3.894 -3.588
0.006 -0.40400 7.43500 9.4100675583 2.6252038289    9.406  4.163  4.2802  3.321    2  0.000  0.538     0.00     0.00     0.00     0.00     0.00 -1    -1e-30      0.00 7.350e-01 2.590e-01 1.065e-03 2.907e-04 2.641e-03 -1.000 6.000e-03 -5.639 -3.874 -3.978 -3.683
0.006 -0.40400 7.43500 9.4104108810 2.6252042431    9.406  4.170  4.2682  3.266    2  0.000  0.538     0.00     0.00     0.00     0.00     0.00 -1    -1e-30      0.00 7.350e-01 2.590e-01 1.065e-03 2.907e-04 2.641e-03 -1.000 6.000e-03 -5.655 -3.959 -4.060 -3.775
0.006 -0.40400 7.43500 9.4107418060 2.6252046423    9.407  4.175  4.2563  3.213    2  0.000  0.538     0.00     0.00     0.00     0.00     0.00 -1    -1e-30      0.00 7.350e-01 2.590e-01 1.065e-03 2.907e-04 2.641e-03 -1.000 6.000e-03 -5.669 -4.042 -4.139 -3.865
0.006 -0.40400 7.43500 9.4110622406 2.6252050289    9.407  4.180  4.2444  3.161    2  0.000  0.538     0.00     0.00     0.00     0.00     0.00 -1    -1e-30      0.00 7.350e-01 2.590e-01 1.065e-03 2.907e-04 2.641e-03 -1.000 6.000e-03 -5.680 -4.122 -4.216 -3.952
0.006 -0.40400 7.43500 9.4113693237 2.6252053993    9.407  4.184  4.2325  3.110    2  0.000  0.538     0.00     0.00     0.00     0.00     0.00 -1    -1e-30      0.00 7.350e-01 2.590e-01 1.065e-03 2.907e-04 2.641e-03 -1.000 6.000e-03 -5.689 -4.199 -4.290 -4.036
0.006 -0.40400 7.43500 9.4116649628 2.6252057559    9.407  4.186  4.2207  3.060    2  0.000  0.538     0.00     0.00     0.00     0.00     0.00 -1    -1e-30      0.00 7.350e-01 2.590e-01 1.065e-03 2.907e-04 2.641e-03 -1.000 6.000e-03 -5.696 -4.275 -4.362 -4.120
0.006 -0.40400 7.43500 9.4119491577 2.6252060987    9.408  4.189  4.2087  3.010    2  0.000  0.538     0.00     0.00     0.00     0.00     0.00 -1    -1e-30      0.00 7.350e-01 2.590e-01 1.065e-03 2.907e-04 2.641e-03 -1.000 6.000e-03 -5.702 -4.350 -4.433 -4.201
0.006 -0.40400 7.43500 9.4122209549 2.6252064265    9.408  4.190  4.1969  2.961    2  0.000  0.538     0.00     0.00     0.00     0.00     0.00 -1    -1e-30      0.00 7.350e-01 2.590e-01 1.065e-03 2.907e-04 2.641e-03 -1.000 6.000e-03 -5.706 -4.422 -4.502 -4.281
0.006 -0.40400 7.43500 9.4125442505 2.6252068163    9.408  4.192  4.1820  2.900    2  0.000  0.538     0.00     0.00     0.00     0.00     0.00 -1    -1e-30      0.00 7.350e-01 2.590e-01 1.065e-03 2.907e-04 2.641e-03 -1.000 6.000e-03 -5.709 -4.511 -4.587 -4.380
0.006 -0.40400 7.43500 9.4127893448 2.6252071119    9.409  4.192  4.1701  2.851    2  0.000  0.538     0.00     0.00     0.00     0.00     0.00 -1    -1e-30      0.00 7.350e-01 2.590e-01 1.065e-03 2.907e-04 2.641e-03 -1.000 6.000e-03 -5.711 -4.581 -4.653 -4.458
0.006 -0.40400 7.43500 9.4130249023 2.6252073959    9.409  4.193  4.1582  2.803    2  0.000  0.538     0.00     0.00     0.00     0.00     0.00 -1    -1e-30      0.00 7.350e-01 2.590e-01 1.065e-03 2.907e-04 2.641e-03 -1.000 6.000e-03 -5.712 -4.650 -4.718 -4.534
0.006 -0.40400 7.43500 9.4133024216 2.6252077305    9.409  4.193  4.1433  2.744    2  0.000  0.538     0.00     0.00     0.00     0.00     0.00 -1    -1e-30      0.00 7.350e-01 2.590e-01 1.065e-03 2.907e-04 2.641e-03 -1.000 6.000e-03 -5.712 -4.734 -4.797 -4.628
0.006 -0.40400 7.43500 9.4135122299 2.6252079835    9.409  4.192  4.1314  2.697    2  0.000  0.538     0.00     0.00     0.00     0.00     0.00 -1    -1e-30      0.00 7.350e-01 2.590e-01 1.065e-03 2.907e-04 2.641e-03 -1.000 6.000e-03 -5.711 -4.800 -4.859 -4.702
0.006 -0.40400 7.43500 9.4137134552 2.6252082261    9.410  4.192  4.1195  2.650    2  0.000  0.538     0.00     0.00     0.00     0.00     0.00 -1    -1e-30      0.00 7.350e-01 2.590e-01 1.065e-03 2.907e-04 2.641e-03 -1.000 6.000e-03 -5.709 -4.865 -4.920 -4.774
0.006 -0.40400 7.43500 9.4139509201 2.6252085123    9.410  4.190  4.1047  2.592    2  0.000  0.538     0.00     0.00     0.00     0.00     0.00 -1    -1e-30      0.00 7.350e-01 2.590e-01 1.065e-03 2.907e-04 2.641e-03 -1.000 6.000e-03 -5.706 -4.944 -4.994 -4.863
0.006 -0.40400 7.43500 9.4141292572 2.6252087273    9.410  4.189  4.0927  2.545    2  0.000  0.538     0.00     0.00     0.00     0.00     0.00 -1    -1e-30      0.00 7.350e-01 2.590e-01 1.065e-03 2.907e-04 2.641e-03 -1.000 6.000e-03 -5.703 -5.006 -5.052 -4.933
0.006 -0.40400 7.43500 9.4143009186 2.6252089342    9.410  4.188  4.0808  2.499    2  0.000  0.538     0.00     0.00     0.00     0.00     0.00 -1    -1e-30      0.00 7.350e-01 2.590e-01 1.065e-03 2.907e-04 2.641e-03 -1.000 6.000e-03 -5.699 -5.067 -5.108 -5.002
0.006 -0.40400 7.43500 9.4144630432 2.6252091296    9.410  4.186  4.0689  2.453    2  0.000  0.538     0.00     0.00     0.00     0.00     0.00 -1    -1e-30      0.00 7.350e-01 2.590e-01 1.065e-03 2.907e-04 2.641e-03 -1.000 6.000e-03 -5.695 -5.125 -5.162 -5.068
0.006 -0.40400 7.43500 9.4146175385 2.6252093158    9.411  4.184  4.0570  2.407    2  0.000  0.538     0.00     0.00     0.00     0.00     0.00 -1    -1e-30      0.00 7.350e-01 2.590e-01 1.065e-03 2.907e-04 2.641e-03 -1.000 6.000e-03 -5.691 -5.181 -5.214 -5.133
0.006 -0.40400 7.43500 9.4147634506 2.6252094917    9.411  4.182  4.0453  2.362    2  0.000  0.538     0.00     0.00     0.00     0.00     0.00 -1    -1e-30      0.00 7.350e-01 2.590e-01 1.065e-03 2.907e-04 2.641e-03 -1.000 6.000e-03 -5.686 -5.236 -5.264 -5.196
0.006 -0.40400 7.43500 9.4149026871 2.6252096595    9.411  4.180  4.0334  2.317    2  0.000  0.538     0.00     0.00     0.00     0.00     0.00 -1    -1e-30      0.00 7.350e-01 2.590e-01 1.065e-03 2.907e-04 2.641e-03 -1.000 6.000e-03 -5.681 -5.289 -5.313 -5.258
0.006 -0.40400 7.43500 9.4150362015 2.6252098204    9.411  4.178  4.0214  2.271    2  0.000  0.538     0.00     0.00     0.00     0.00     0.00 -1    -1e-30      0.00 7.350e-01 2.590e-01 1.065e-03 2.907e-04 2.641e-03 -1.000 6.000e-03 -5.675 -5.341 -5.360 -5.318
0.006 -0.40400 7.43500 9.4151620865 2.6252099721    9.411  4.176  4.0096  2.226    2  0.000  0.538     0.00     0.00     0.00     0.00     0.00 -1    -1e-30      0.00 7.350e-01 2.590e-01 1.065e-03 2.907e-04 2.641e-03 -1.000 6.000e-03 -5.669 -5.390 -5.405 -5.376
0.006 -0.40400 7.43500 9.4152822495 2.6252101169    9.411  4.173  3.9976  2.181    2  0.000  0.538     0.00     0.00     0.00     0.00     0.00 -1    -1e-30      0.00 7.350e-01 2.590e-01 1.065e-03 2.907e-04 2.641e-03 -1.000 6.000e-03 -5.663 -5.439 -5.449 -5.433
0.006 -0.40400 7.43500 9.4154233932 2.6252102870    9.411  4.170  3.9828  2.125    2  0.000  0.538     0.00     0.00     0.00     0.00     0.00 -1    -1e-30      0.00 7.350e-01 2.590e-01 1.065e-03 2.907e-04 2.641e-03 -1.000 6.000e-03 -5.654 -5.496 -5.501 -5.501
0.006 -0.40400 7.43500 9.4155311584 2.6252104169    9.411  4.167  3.9710  2.081    2  0.000  0.538     0.00     0.00     0.00     0.00     0.00 -1    -1e-30      0.00 7.350e-01 2.590e-01 1.065e-03 2.907e-04 2.641e-03 -1.000 6.000e-03 -5.647 -5.540 -5.540 -5.553
0.006 -0.40400 7.43500 9.4156332016 2.6252105398    9.411  4.164  3.9592  2.036    2  0.000  0.538     0.00     0.00     0.00     0.00     0.00 -1    -1e-30      0.00 7.350e-01 2.590e-01 1.065e-03 2.907e-04 2.641e-03 -1.000 6.000e-03 -5.640 -5.582 -5.577 -5.603
0.006 -0.40400 7.43500 9.4157543182 2.6252106858    9.412  4.160  3.9444  1.981    2  0.000  0.538     0.00     0.00     0.00     0.00     0.00 -1    -1e-30      0.00 7.350e-01 2.590e-01 1.065e-03 2.907e-04 2.641e-03 -1.000 6.000e-03 -5.631 -5.629 -5.618 -5.663
0.006 -0.40400 7.43500 9.4158477783 2.6252107984    9.412  4.157  3.9326  1.937    2  0.000  0.538     0.00     0.00     0.00     0.00     0.00 -1    -1e-30      0.00 7.350e-01 2.590e-01 1.065e-03 2.907e-04 2.641e-03 -1.000 6.000e-03 -5.623 -5.663 -5.644 -5.709
0.006 -0.40400 7.43500 9.4159364700 2.6252109053    9.412  4.154  3.9207  1.893    2  0.000  0.538     0.00     0.00     0.00     0.00     0.00 -1    -1e-30      0.00 7.350e-01 2.590e-01 1.065e-03 2.907e-04 2.641e-03 -1.000 6.000e-03 -5.615 -5.691 -5.665 -5.752
0.006 -0.40400 7.43500 9.4160203934 2.6252110064    9.412  4.150  3.9089  1.849    2  0.000  0.538     0.00     0.00     0.00     0.00     0.00 -1    -1e-30      0.00 7.350e-01 2.590e-01 1.065e-03 2.907e-04 2.641e-03 -1.000 6.000e-03 -5.606 -5.712 -5.676 -5.791
0.006 -0.40400 7.43500 9.4161014557 2.6252111040    9.412  4.147  3.8970  1.805    2  0.000  0.538     0.00     0.00     0.00     0.00     0.00 -1    -1e-30      0.00 7.350e-01 2.590e-01 1.065e-03 2.907e-04 2.641e-03 -1.000 6.000e-03 -5.597 -5.727 -5.680 -5.828
0.006 -0.40400 7.43500 9.4161968231 2.6252112189    9.412  4.142  3.8822  1.750    2  0.000  0.538     0.00     0.00     0.00     0.00     0.00 -1    -1e-30      0.00 7.350e-01 2.590e-01 1.065e-03 2.907e-04 2.641e-03 -1.000 6.000e-03 -5.586 -5.737 -5.672 -5.869
0.006 -0.40400 7.43500 9.4162683487 2.6252113051    9.412  4.139  3.8705  1.707    2  0.000  0.538     0.00     0.00     0.00     0.00     0.00 -1    -1e-30      0.00 7.350e-01 2.590e-01 1.065e-03 2.907e-04 2.641e-03 -1.000 6.000e-03 -5.577 -5.739 -5.658 -5.899
0.006 -0.40400 7.43500 9.4163360596 2.6252113867    9.412  4.135  3.8587  1.664    2  0.000  0.538     0.00     0.00     0.00     0.00     0.00 -1    -1e-30      0.00 7.350e-01 2.590e-01 1.065e-03 2.907e-04 2.641e-03 -1.000 6.000e-03 -5.567 -5.736 -5.637 -5.927
0.006 -0.40400 7.43500 9.4164009094 2.6252114648    9.412  4.131  3.8470  1.621    2  0.000  0.538     0.00     0.00     0.00     0.00     0.00 -1    -1e-30      0.00 7.350e-01 2.590e-01 1.065e-03 2.907e-04 2.641e-03 -1.000 6.000e-03 -5.556 -5.730 -5.610 -5.954
0.006 -0.40400 7.43500 9.4164628983 2.6252115395    9.412  4.126  3.8353  1.578    2  0.000  0.538     0.00     0.00     0.00     0.00     0.00 -1    -1e-30      0.00 7.350e-01 2.590e-01 1.065e-03 2.907e-04 2.641e-03 -1.000 6.000e-03 -5.546 -5.721 -5.578 -5.980
0.006 -0.40400 7.43500 9.4165220261 2.6252116107    9.412  4.122  3.8235  1.536    2  0.000  0.538     0.00     0.00     0.00     0.00     0.00 -1    -1e-30      0.00 7.350e-01 2.590e-01 1.065e-03 2.907e-04 2.641e-03 -1.000 6.000e-03 -5.534 -5.708 -5.542 -6.003
0.006 -0.40400 7.43500 9.4165782928 2.6252116785    9.412  4.117  3.8118  1.494    2  0.000  0.538     0.00     0.00     0.00     0.00     0.00 -1    -1e-30      0.00 7.350e-01 2.590e-01 1.065e-03 2.907e-04 2.641e-03 -1.000 6.000e-03 -5.523 -5.694 -5.503 -6.023
0.006 -0.40400 7.43500 9.4166316986 2.6252117429    9.412  4.112  3.8001  1.452    2  0.000  0.538     0.00     0.00     0.00     0.00     0.00 -1    -1e-30      0.00 7.350e-01 2.590e-01 1.065e-03 2.907e-04 2.641e-03 -1.000 6.000e-03 -5.510 -5.675 -5.459 -6.039
0.006 -0.40400 7.43500 9.4166831970 2.6252118049    9.413  4.107  3.7883  1.410    2  0.000  0.538     0.00     0.00     0.00     0.00     0.00 -1    -1e-30      0.00 7.350e-01 2.590e-01 1.065e-03 2.907e-04 2.641e-03 -1.000 6.000e-03 -5.497 -5.654 -5.412 -6.052
0.006 -0.40400 7.43500 9.4167327881 2.6252118646    9.413  4.101  3.7766  1.369    2  0.000  0.538     0.00     0.00     0.00     0.00     0.00 -1    -1e-30      0.00 7.350e-01 2.590e-01 1.065e-03 2.907e-04 2.641e-03 -1.000 6.000e-03 -5.483 -5.631 -5.360 -6.064
0.006 -0.40400 7.43500 9.4167804718 2.6252119221    9.413  4.095  3.7648  1.328    2  0.000  0.538     0.00     0.00     0.00     0.00     0.00 -1    -1e-30      0.00 7.350e-01 2.590e-01 1.065e-03 2.907e-04 2.641e-03 -1.000 6.000e-03 -5.468 -5.603 -5.302 -6.070
0.006 -0.40400 7.43500 9.4168252945 2.6252119761    9.413  4.089  3.7532  1.288    2  0.000  0.538     0.00     0.00     0.00     0.00     0.00 -1    -1e-30      0.00 7.350e-01 2.590e-01 1.065e-03 2.907e-04 2.641e-03 -1.000 6.000e-03 -5.452 -5.572 -5.242 -6.071
0.006 -0.40400 7.43500 9.4168691635 2.6252120289    9.413  4.082  3.7416  1.248    2  0.000  0.538     0.00     0.00     0.00     0.00     0.00 -1    -1e-30      0.00 7.350e-01 2.590e-01 1.065e-03 2.907e-04 2.641e-03 -1.000 6.000e-03 -5.435 -5.540 -5.180 -6.070
0.006 -0.40400 7.43500 9.4169111252 2.6252120795    9.413  4.075  3.7301  1.210    2  0.000  0.538     0.00     0.00     0.00     0.00     0.00 -1    -1e-30      0.00 7.350e-01 2.590e-01 1.065e-03 2.907e-04 2.641e-03 -1.000 6.000e-03 -5.416 -5.502 -5.114 -6.062
0.006 -0.40400 7.43500 9.4169521332 2.6252121289    9.413  4.066  3.7186  1.172    2  0.000  0.538     0.00     0.00     0.00     0.00     0.00 -1    -1e-30      0.00 7.350e-01 2.590e-01 1.065e-03 2.907e-04 2.641e-03 -1.000 6.000e-03 -5.396 -5.459 -5.041 -6.047
0.006 -0.40400 7.43500 9.4169931412 2.6252121783    9.413  4.057  3.7074  1.136    2  0.000  0.538     0.00     0.00     0.00     0.00     0.00 -1    -1e-30      0.00 7.350e-01 2.590e-01 1.065e-03 2.907e-04 2.641e-03 -1.000 6.000e-03 -5.373 -5.411 -4.962 -6.027
0.006 -0.40400 7.43500 9.4170379639 2.6252122322    9.413  4.046  3.6960  1.102    2  0.000  0.538     0.00     0.00     0.00     0.00     0.00 -1    -1e-30      0.00 7.350e-01 2.590e-01 1.065e-03 2.907e-04 2.641e-03 -1.000 6.000e-03 -5.345 -5.353 -4.874 -5.996
0.006 -0.40400 7.43500 9.4170913696 2.6252122966    9.413  4.031  3.6845  1.071    2  0.000  0.538     0.00     0.00     0.00     0.00     0.00 -1    -1e-30      0.00 7.350e-01 2.590e-01 1.065e-03 2.907e-04 2.641e-03 -1.000 6.000e-03 -5.306 -5.283 -4.772 -5.952
0.006 -0.40400 7.43500 9.4171571732 2.6252123758    9.413  4.010  3.6734  1.048    2  0.000  0.538     0.00     0.00     0.00     0.00     0.00 -1    -1e-30      0.00 7.350e-01 2.590e-01 1.065e-03 2.907e-04 2.641e-03 -1.000 6.000e-03 -5.254 -5.197 -4.657 -5.891
0.006 -0.40400 7.43500 9.4172677994 2.6252125091    9.413  3.982  3.6624  1.032    2  0.000  0.538     0.00     0.00     0.00     0.00     0.00 -1    -1e-30      0.00 7.350e-01 2.590e-01 1.065e-03 2.907e-04 2.641e-03 -1.000 6.000e-03 -5.184 -5.087 -4.517 -5.805
0.006 -0.40400 7.43500 9.4173860550 2.6252126515    9.413  3.958  3.6532  1.018    2  0.000  0.538     0.00     0.00     0.00     0.00     0.00 -1    -1e-30      0.00 7.350e-01 2.590e-01 1.065e-03 2.907e-04 2.641e-03 -1.000 6.000e-03 -5.126 -4.990 -4.393 -5.728
0.006 -0.40400 7.43500 9.4174270630 2.6252127009    9.413  3.952  3.6502  1.013    2  0.000  0.538     0.00     0.00     0.00     0.00     0.00 -1    -1e-30      0.00 7.350e-01 2.590e-01 1.065e-03 2.907e-04 2.641e-03 -1.000 6.000e-03 -5.109 -4.959 -4.353 -5.704
0.006 -0.40400 7.43500 9.4175090790 2.6252127997    9.413  3.966  3.6433  0.971    3  0.000  0.537    36.37    26.15    18.30    13.22    10.94  4    -1e-30      0.00 7.350e-01 2.590e-01 1.064e-03 2.909e-04 2.641e-03 -1.000 6.000e-03 -5.146 -4.962 -4.333 -5.723
0.006 -0.40400 7.43500 9.4175949097 2.6252129031    9.413  3.999  3.6354  0.906    3  0.000  0.532    42.18    29.38    20.45    14.80    12.25  4    -1e-30      0.00 7.350e-01 2.590e-01 1.053e-03 2.967e-04 2.641e-03 -1.000 6.000e-03 -5.227 -5.002 -4.345 -5.784
0.006 -0.40400 7.43500 9.4176492691 2.6252129685    9.413  4.037  3.6297  0.846    3  0.000  0.508    48.51    32.79    22.71    16.46    13.62  4    -1e-30      0.00 7.350e-01 2.590e-01 1.007e-03 3.348e-04 2.641e-03 -1.000 6.010e-03 -5.322 -5.065 -4.386 -5.863
0.006 -0.40400 7.43500 9.4176912308 2.6252130191    9.414  4.074  3.6250  0.789    3  0.000  0.472    55.23    36.31    25.03    18.17    15.04  4    -1e-30      0.00 7.349e-01 2.590e-01 9.351e-04 4.129e-04 2.641e-03 -1.000 6.065e-03 -5.416 -5.131 -4.431 -5.941
0.006 -0.40400 7.43500 9.4177207947 2.6252130547    9.414  4.102  3.6216  0.749    3  0.000  0.444    60.65    39.08    26.85    19.51    16.16  4    -1e-30      0.00 7.349e-01 2.590e-01 8.785e-04 4.796e-04 2.641e-03 -1.000 6.100e-03 -5.484 -5.179 -4.466 -5.999
0.006 -0.40400 7.43500 9.4177236557 2.6252130581    9.414  4.105  3.6213  0.744    3  0.000  0.441    61.30    39.40    27.07    19.67    16.29  4    -1e-30      0.00 7.349e-01 2.590e-01 8.737e-04 4.856e-04 2.641e-03 -1.000 6.100e-03 -5.492 -5.185 -4.470 -6.006
0.006 -0.40400 7.43500 9.4177370071 2.6252130742    9.414  4.118  3.6199  0.725    3  0.000  0.431    64.08    40.80    27.98    20.35    16.85  4    -1e-30      0.00 7.349e-01 2.590e-01 8.533e-04 5.108e-04 2.641e-03 -1.000 6.100e-03 -5.526 -5.211 -4.490 -6.036
0.006 -0.40400 7.43500 9.4177408218 2.6252130788    9.414  4.122  3.6195  0.720    3  0.000  0.428    64.85    41.19    28.23    20.53    17.00  4    -1e-30      0.00 7.349e-01 2.590e-01 8.478e-04 5.176e-04 2.641e-03 -1.000 6.100e-03 -5.535 -5.217 -4.494 -6.044
0.006 -0.40400 7.43500 9.4177513123 2.6252130914    9.414  4.132  3.6183  0.705    3  0.000  0.421    67.12    42.31    28.97    21.08    17.46  4    -1e-30      0.00 7.349e-01 2.591e-01 8.344e-04 5.345e-04 2.640e-03 -1.000 6.033e-03 -5.561 -5.236 -4.508 -6.065
0.006 -0.40400 7.43500 9.4177980423 2.6252131477    9.414  4.174  3.6141  0.646    3  0.000  0.402    76.76    47.02    32.04    23.35    19.34  4    -1e-30      0.00 7.347e-01 2.593e-01 7.941e-04 5.911e-04 2.632e-03 -1.000 6.021e-03 -5.664 -5.312 -4.564 -6.154
0.006 -0.40400 7.43500 9.4178524017 2.6252132132    9.414  4.214  3.6101  0.591    3  0.000  0.389    87.29    52.00    35.28    25.74    21.33  4    -1e-30      0.00 7.343e-01 2.596e-01 7.648e-04 6.395e-04 2.618e-03 -1.000 6.019e-03 -5.764 -5.386 -4.620 -6.240
0.006 -0.40400 7.43500 9.4179449081 2.6252133246    9.414  4.256  3.6059  0.531    3  0.000  0.379   100.11    57.91    39.10    28.57    23.68  4    -1e-30      0.00 7.339e-01 2.600e-01 7.396e-04 6.859e-04 2.601e-03 -1.000 6.078e-03 -5.871 -5.464 -4.676 -6.331
0.006 -0.40400 7.43500 9.4181632996 2.6252135876    9.414  4.296  3.6020  0.476    3  0.000  0.375   113.73    64.01    43.02    31.49    26.11  4    -1e-30      0.00 7.327e-01 2.613e-01 7.175e-04 7.559e-04 2.552e-03 -1.000 6.042e-03 -5.970 -5.536 -4.727 -6.415
0.006 -0.40400 7.43500 9.4189224243 2.6252145017    9.415  4.335  3.5981  0.421    3  0.000  0.374   128.90    70.62    47.25    34.64    28.72  4    -1e-30      0.00 7.289e-01 2.650e-01 6.937e-04 8.523e-04 2.475e-03 -1.000 6.032e-03 -6.067 -5.604 -4.773 -6.497
0.006 -0.40400 7.43500 9.4202442169 2.6252160928    9.416  4.369  3.5950  0.375    3  0.000  0.374   143.56    76.85    51.23    37.60    31.18  4    -1e-30      0.00 7.232e-01 2.708e-01 6.738e-04 9.389e-04 2.405e-03 -1.000 6.011e-03 -6.153 -5.664 -4.814 -6.568
0.006 -0.40400 7.43500 9.4225873947 2.6252189123    9.418  4.388  3.5932  0.349    3  0.000  0.374   152.35    80.52    53.56    39.34    32.63  4    -1e-30      0.00 7.202e-01 2.738e-01 6.648e-04 9.781e-04 2.373e-03 -1.000 6.000e-03 -6.200 -5.698 -4.837 -6.608
0.006 -0.40400 7.43500 9.4426021576 2.6252429299    9.438  4.371  3.5954  0.376    3  0.000  0.374   143.40    76.77    51.18    37.56    31.15  4    -1e-30      0.00 7.202e-01 2.738e-01 6.648e-04 9.782e-04 2.373e-03 -1.000 6.000e-03 -6.158 -5.673 -4.825 -6.575
0.006 -0.40400 7.43500 9.4757213593 2.6252824165    9.472  4.343  3.5990  0.420    4  0.000  0.374     0.00     0.00     0.00     0.00     0.00 -1    -1e-30      0.00 7.202e-01 2.738e-01 6.648e-04 9.784e-04 2.373e-03 -1.000 6.000e-03 -6.087 -5.630 -4.804 -6.520
0.006 -0.40400 7.43500 9.5080175400 2.6253206174    9.504  4.315  3.6026  0.463    4  0.000  0.374     0.00     0.00     0.00     0.00     0.00 -1    -1e-30      0.00 7.203e-01 2.737e-01 6.648e-04 9.785e-04 2.372e-03 -1.000 6.000e-03 -6.018 -5.587 -4.780 -6.466
0.006 -0.40400 7.43500 9.5451641083 2.6253641881    9.541  4.290  3.6064  0.506    4  0.000  0.374     0.00     0.00     0.00     0.00     0.00 -1    -1e-30      0.00 7.203e-01 2.737e-01 6.648e-04 9.786e-04 2.372e-03 -1.000 6.000e-03 -5.954 -5.550 -4.763 -6.417
0.006 -0.40400 7.43500 9.6042079926 2.6254326460    9.601  4.270  3.6117  0.549    4  0.000  0.374     0.00     0.00     0.00     0.00     0.00 -1    -1e-30      0.00 7.203e-01 2.737e-01 6.648e-04 9.789e-04 2.372e-03 -1.000 6.000e-03 -5.905 -5.536 -4.774 -6.388
0.006 -0.40400 7.43500 9.6567668915 2.6254927757    9.653  4.261  3.6161  0.578    4  0.000  0.374     0.00     0.00     0.00     0.00     0.00 -1    -1e-30      0.00 7.203e-01 2.737e-01 6.648e-04 9.791e-04 2.372e-03 -1.000 6.000e-03 -5.882 -5.542 -4.798 -6.381
0.006 -0.40400 7.43500 9.6748695374 2.6255133121    9.672  4.265  3.6172  0.579    4  0.000  0.374     0.00     0.00     0.00     0.00     0.00 -1    -1e-30      0.00 7.203e-01 2.737e-01 6.648e-04 9.791e-04 2.372e-03 -1.000 6.000e-03 -5.893 -5.560 -4.820 -6.396
0.006 -0.40400 7.43500 9.6797151566 2.6255187941    9.677  4.267  3.6175  0.579    5  0.000  0.374     0.00     0.00     0.00     0.00     0.00 -1    -1e-30      0.00 7.203e-01 2.737e-01 6.648e-04 9.792e-04 2.372e-03 -1.000 6.000e-03 -5.897 -5.565 -4.827 -6.401
0.006 -0.40400 7.43500 9.6809024811 2.6255201364    9.678  4.267  3.6177  0.579    5  0.000  0.374     0.00     0.00     0.00     0.00     0.00 -1    -1e-30      0.00 7.203e-01 2.737e-01 6.648e-04 9.792e-04 2.372e-03 -1.000 6.000e-03 -5.899 -5.568 -4.830 -6.403
0.006 -0.40400 7.43500 9.6813297272 2.6255206194    9.678  4.268  3.6177  0.579    5  0.000  0.374     0.00     0.00     0.00     0.00     0.00 -1    -1e-30      0.00 7.203e-01 2.737e-01 6.648e-04 9.792e-04 2.372e-03 -1.000 6.000e-03 -5.899 -5.569 -4.831 -6.404
0.006 -0.40400 7.43500 9.6814975739 2.6255208091    9.678  4.268  3.6178  0.579    5  0.000  0.374     0.00     0.00     0.00     0.00     0.00 -1    -1e-30      0.00 7.203e-01 2.737e-01 6.648e-04 9.792e-04 2.372e-03 -1.000 6.000e-03 -5.899 -5.569 -4.832 -6.404
0.006 -0.40400 7.43500 9.6816320419 2.6255209611    9.678  4.268  3.6178  0.579    5  0.000  0.374     0.00     0.00     0.00     0.00     0.00 -1    -1e-30      0.00 7.203e-01 2.737e-01 6.648e-04 9.792e-04 2.372e-03 -1.000 6.000e-03 -5.900 -5.570 -4.832 -6.405
0.006 -0.40400 7.43500 9.6817340851 2.6255210764    9.678  4.268  3.6178  0.579    5  0.000  0.374     0.00     0.00     0.00     0.00     0.00 -1    -1e-30      0.00 7.203e-01 2.737e-01 6.648e-04 9.792e-04 2.372e-03 -1.000 6.000e-03 -5.900 -5.570 -4.833 -6.405
0.006 -0.40400 7.43500 9.6818227768 2.6255211766    9.678  4.268  3.6178  0.579    5  0.000  0.374     0.00     0.00     0.00     0.00     0.00 -1    -1e-30      0.00 7.203e-01 2.737e-01 6.648e-04 9.792e-04 2.372e-03 -1.000 6.000e-03 -5.900 -5.570 -4.833 -6.405
0.006 -0.40400 7.43500 9.6819076538 2.6255212725    9.679  4.268  3.6178  0.579    5  0.000  0.374     0.00     0.00     0.00     0.00     0.00 -1    -1e-30      0.00 7.203e-01 2.737e-01 6.648e-04 9.792e-04 2.372e-03 -1.000 6.000e-03 -5.900 -5.570 -4.833 -6.405
0.006 -0.40400 7.43500 9.6819944382 2.6255213706    9.679  4.268  3.6178  0.579    5  0.000  0.374     0.00     0.00     0.00     0.00     0.00 -1    -1e-30      0.00 7.203e-01 2.737e-01 6.648e-04 9.792e-04 2.372e-03 -1.000 6.000e-03 -5.900 -5.570 -4.833 -6.405
0.006 -0.40400 7.43500 9.6820831299 2.6255214708    9.679  4.268  3.6178  0.579    5  0.000  0.374     0.00     0.00     0.00     0.00     0.00 -1    -1e-30      0.00 7.203e-01 2.737e-01 6.648e-04 9.792e-04 2.372e-03 -1.000 6.000e-03 -5.900 -5.571 -4.834 -6.406
0.006 -0.40400 7.43500 9.6821765900 2.6255215764    9.679  4.268  3.6179  0.579    5  0.000  0.374     0.00     0.00     0.00     0.00     0.00 -1    -1e-30      0.00 7.203e-01 2.737e-01 6.648e-04 9.792e-04 2.372e-03 -1.000 6.000e-03 -5.900 -5.571 -4.834 -6.406
0.006 -0.40400 7.43500 9.6822767258 2.6255216896    9.679  4.268  3.6179  0.579    5  0.000  0.374     0.00     0.00     0.00     0.00     0.00 -1    -1e-30      0.00 7.203e-01 2.737e-01 6.648e-04 9.792e-04 2.372e-03 -1.000 6.000e-03 -5.901 -5.571 -4.834 -6.406
0.006 -0.40400 7.43500 9.6823844910 2.6255218114    9.679  4.268  3.6179  0.579    5  0.000  0.374     0.00     0.00     0.00     0.00     0.00 -1    -1e-30      0.00 7.203e-01 2.737e-01 6.648e-04 9.792e-04 2.372e-03 -1.000 6.000e-03 -5.901 -5.571 -4.834 -6.406
0.006 -0.40400 7.43500 9.6825323105 2.6255219784    9.679  4.268  3.6179  0.579    5  0.000  0.374     0.00     0.00     0.00     0.00     0.00 -1    -1e-30      0.00 7.203e-01 2.737e-01 6.648e-04 9.792e-04 2.372e-03 -1.000 6.000e-03 -5.901 -5.572 -4.835 -6.406
0.006 -0.40400 7.43500 9.6826992035 2.6255221670    9.679  4.268  3.6179  0.579    5  0.000  0.374     0.00     0.00     0.00     0.00     0.00 -1    -1e-30      0.00 7.203e-01 2.737e-01 6.648e-04 9.792e-04 2.372e-03 -1.000 6.000e-03 -5.901 -5.572 -4.835 -6.407
0.006 -0.40400 7.43500 9.6828527451 2.6255223405    9.680  4.269  3.6179  0.579    5  0.000  0.374     0.00     0.00     0.00     0.00     0.00 -1    -1e-30      0.00 7.203e-01 2.737e-01 6.648e-04 9.792e-04 2.372e-03 -1.000 6.000e-03 -5.901 -5.572 -4.836 -6.407
0.006 -0.40400 7.43500 9.6830291748 2.6255225398    9.680  4.269  3.6180  0.579    5  0.000  0.374     0.00     0.00     0.00     0.00     0.00 -1    -1e-30      0.00 7.203e-01 2.737e-01 6.648e-04 9.792e-04 2.372e-03 -1.000 6.000e-03 -5.902 -5.573 -4.836 -6.407
0.006 -0.40400 7.43500 9.6832399368 2.6255227779    9.680  4.269  3.6180  0.579    5  0.000  0.374     0.00     0.00     0.00     0.00     0.00 -1    -1e-30      0.00 7.203e-01 2.737e-01 6.648e-04 9.792e-04 2.372e-03 -1.000 6.000e-03 -5.902 -5.573 -4.837 -6.408
0.006 -0.40400 7.43500 9.6835756302 2.6255231571    9.680  4.269  3.6180  0.579    5  0.000  0.374     0.00     0.00     0.00     0.00     0.00 -1    -1e-30      0.00 7.203e-01 2.737e-01 6.648e-04 9.792e-04 2.372e-03 -1.000 6.000e-03 -5.902 -5.574 -4.838 -6.409
0.006 -0.40400 7.43500 9.6839437485 2.6255235730    9.681  4.269  3.6181  0.579    5  0.000  0.374     0.00     0.00     0.00     0.00     0.00 -1    -1e-30      0.00 7.203e-01 2.737e-01 6.648e-04 9.792e-04 2.372e-03 -1.000 6.000e-03 -5.903 -5.575 -4.839 -6.409
0.006 -0.40400 7.43500 9.6846580505 2.6255243798    9.681  4.270  3.6182  0.579    5  0.000  0.374     0.00     0.00     0.00     0.00     0.00 -1    -1e-30      0.00 7.203e-01 2.737e-01 6.648e-04 9.792e-04 2.372e-03 -1.000 6.000e-03 -5.904 -5.577 -4.841 -6.411
0.006 -0.40400 7.43500 9.6856861115 2.6255255407    9.682  4.270  3.6183  0.579    5  0.000  0.374     0.00     0.00     0.00     0.00     0.00 -1    -1e-30      0.00 7.203e-01 2.737e-01 6.648e-04 9.792e-04 2.372e-03 -1.000 6.000e-03 -5.905 -5.579 -4.844 -6.413
0.006 -0.40400 7.43500 9.6876287460 2.6255277336    9.684  4.271  3.6186  0.579    5  0.000  0.374     0.00     0.00     0.00     0.00     0.00 -1    -1e-30      0.00 7.203e-01 2.737e-01 6.648e-04 9.792e-04 2.372e-03 -1.000 6.000e-03 -5.908 -5.583 -4.849 -6.416
0.006 -0.40400 7.43500 9.6899271011 2.6255303267    9.687  4.273  3.6189  0.579    5  0.000  0.374     0.00     0.00     0.00     0.00     0.00 -1    -1e-30      0.00 7.203e-01 2.737e-01 6.648e-04 9.792e-04 2.371e-03 -1.000 6.000e-03 -5.911 -5.589 -4.856 -6.421
0.006 -0.40400 7.43500 9.6926336288 2.6255333786    9.689  4.274  3.6193  0.579    5  0.000  0.374     0.00     0.00     0.00     0.00     0.00 -1    -1e-30      0.00 7.203e-01 2.737e-01 6.648e-04 9.792e-04 2.371e-03 -1.000 6.000e-03 -5.915 -5.595 -4.863 -6.426
0.006 -0.40400 7.43500 9.6956157684 2.6255367390    9.692  4.276  3.6197  0.579    5  0.000  0.374     0.00     0.00     0.00     0.00     0.00 -1    -1e-30      0.00 7.203e-01 2.737e-01 6.648e-04 9.792e-04 2.371e-03 -1.000 6.000e-03 -5.919 -5.601 -4.871 -6.432
0.006 -0.40400 7.43500 9.6994047165 2.6255410051    9.696  4.279  3.6205  0.580    5  0.000  0.374     0.00     0.00     0.00     0.00     0.00 -1    -1e-30      0.00 7.203e-01 2.737e-01 6.648e-04 9.792e-04 2.371e-03 -1.000 6.000e-03 -5.927 -5.614 -4.887 -6.442
0.006 -0.40400 7.43500 9.7039232254 2.6255460876    9.701  4.299  3.6391  0.635    5  0.000  0.374     0.00     0.00     0.00     0.00     0.00 -1    -1e-30      0.00 7.203e-01 2.737e-01 6.648e-04 9.793e-04 2.371e-03 -1.000 6.000e-03 -5.977 -5.769 -5.109 -6.552
0.006 -0.40400 7.43500 9.7112007141 2.6255542620    9.708  4.300  3.6869  0.824    5  0.000  0.374     0.00     0.00     0.00     0.00     0.00 -1    -1e-30      0.00 7.203e-01 2.737e-01 6.648e-04 9.793e-04 2.371e-03 -1.000 6.000e-03 -5.981 -5.965 -5.459 -6.632
0.006 -0.40400 7.43500 9.7283010483 2.6255734146    9.725  4.303  3.6865  0.821    5  0.000  0.374     0.00     0.00     0.00     0.00     0.00 -1    -1e-30      0.00 7.203e-01 2.737e-01 6.648e-04 9.794e-04 2.371e-03 -1.000 6.000e-03 -5.988 -5.971 -5.463 -6.638
0.006 -0.40400 7.43500 9.7306232452 2.6255760096    9.727  4.304  3.6854  0.815    5  0.000  0.374     0.00     0.00     0.00     0.00     0.00 -1    -1e-30      0.00 7.203e-01 2.737e-01 6.648e-04 9.794e-04 2.371e-03 -1.000 6.000e-03 -5.990 -5.970 -5.459 -6.640
0.006 -0.40400 7.43500 9.7315073013 2.6255769971    9.728  4.305  3.6850  0.813    5  0.000  0.374     0.00     0.00     0.00     0.00     0.00 -1    -1e-30      0.00 7.203e-01 2.737e-01 6.648e-04 9.794e-04 2.371e-03 -1.000 6.000e-03 -5.991 -5.970 -5.457 -6.641
0.006 -0.40400 7.43500 9.7322778702 2.6255778576    9.729  4.305  3.6846  0.812    5  0.000  0.374     0.00     0.00     0.00     0.00     0.00 -1    -1e-30      0.00 7.203e-01 2.737e-01 6.648e-04 9.794e-04 2.371e-03 -1.000 6.000e-03 -5.992 -5.969 -5.456 -6.641
0.006 -0.40400 7.43500 9.7350654602 2.6255809695    9.732  4.306  3.6833  0.806    5  0.000  0.374     0.00     0.00     0.00     0.00     0.00 -1    -1e-30      0.00 7.203e-01 2.737e-01 6.648e-04 9.794e-04 2.371e-03 -1.000 6.000e-03 -5.995 -5.968 -5.451 -6.643
0.006 -0.40400 7.43500 9.7481412888 2.6255955392    9.745  4.311  3.6769  0.776    5  0.000  0.374     0.00     0.00     0.00     0.00     0.00 -1    -1e-30      0.00 7.203e-01 2.737e-01 6.649e-04 9.794e-04 2.371e-03 -1.000 6.000e-03 -6.007 -5.961 -5.424 -6.652
0.006 -0.40400 7.43500 9.7654113770 2.6256147135    9.762  4.317  3.6657  0.725    6  0.000  0.374     0.00     0.00     0.00     0.00     0.00 -1    -1e-30      0.00 7.203e-01 2.737e-01 6.649e-04 9.795e-04 2.371e-03 -1.000 6.000e-03 -6.022 -5.938 -5.364 -6.657
0.006 -0.40400 7.43500 9.7758026123 2.6256262130    9.773  4.322  3.6622  0.707    6  0.000  0.374     0.00     0.00     0.00     0.00     0.00 -1    -1e-30      0.00 7.203e-01 2.737e-01 6.649e-04 9.795e-04 2.371e-03 -1.000 6.000e-03 -6.036 -5.938 -5.352 -6.665
0.006 -0.40400 7.43500 9.7831830978 2.6256343635    9.780  4.324  3.6625  0.706    6  0.000  0.374     0.00     0.00     0.00     0.00     0.00 -1    -1e-30      0.00 7.203e-01 2.737e-01 6.649e-04 9.796e-04 2.371e-03 -1.000 6.000e-03 -6.041 -5.943 -5.358 -6.671
0.006 -0.40400 7.43500 9.7896070480 2.6256414462    9.787  4.326  3.6554  0.676    6  0.000  0.374     0.00     0.00     0.00     0.00     0.00 -1    -1e-30      0.00 7.203e-01 2.737e-01 6.649e-04 9.796e-04 2.371e-03 -1.000 6.000e-03 -6.046 -5.918 -5.309 -6.663
0.006 -0.40400 7.43500 9.7941236496 2.6256464196    9.791  4.328  3.6495  0.651    6  0.000  0.374     0.00     0.00     0.00     0.00     0.00 -1    -1e-30      0.00 7.203e-01 2.737e-01 6.649e-04 9.796e-04 2.371e-03 -1.000 6.000e-03 -6.049 -5.893 -5.266 -6.652
0.006 -0.40400 7.43500 9.7981328964 2.6256508299    9.795  4.331  3.6427  0.620    6  0.000  0.374     0.00     0.00     0.00     0.00     0.00 -1    -1e-30      0.00 7.203e-01 2.737e-01 6.649e-04 9.796e-04 2.371e-03 -1.000 6.000e-03 -6.059 -5.869 -5.220 -6.644
0.006 -0.40400 7.43500 9.8016796112 2.6256547279    9.799  4.335  3.6349  0.586    6  0.000  0.374     0.00     0.00     0.00     0.00     0.00 -1    -1e-30      0.00 7.203e-01 2.737e-01 6.649e-04 9.796e-04 2.371e-03 -1.000 6.000e-03 -6.068 -5.837 -5.160 -6.631
0.006 -0.40400 7.43500 9.8047504425 2.6256581003    9.802  4.337  3.6252  0.545    6  0.000  0.374     0.00     0.00     0.00     0.00     0.00 -1    -1e-30      0.00 7.203e-01 2.737e-01 6.649e-04 9.797e-04 2.371e-03 -1.000 6.000e-03 -6.074 -5.787 -5.075 -6.605
0.006 -0.40400 7.43500 9.8070077896 2.6256605778    9.804  4.337  3.6159  0.508    6  0.000  0.374     0.00     0.00     0.00     0.00     0.00 -1    -1e-30      0.00 7.203e-01 2.737e-01 6.649e-04 9.797e-04 2.371e-03 -1.000 6.000e-03 -6.072 -5.729 -4.980 -6.571
0.006 -0.40400 7.43500 9.8092021942 2.6256629849    9.806  4.330  3.6103  0.492    6  0.000  0.374     0.00     0.00     0.00     0.00     0.00 -1    -1e-30      0.00 7.203e-01 2.737e-01 6.649e-04 9.797e-04 2.371e-03 -1.000 6.000e-03 -6.056 -5.678 -4.906 -6.534
0.006 -0.40400 7.43500 9.8110561371 2.6256650176    9.808  4.332  3.6071  0.478    6  0.000  0.374     0.00     0.00     0.00     0.00     0.00 -1    -1e-30      0.00 7.203e-01 2.737e-01 6.649e-04 9.797e-04 2.371e-03 -1.000 6.000e-03 -6.060 -5.660 -4.874 -6.526
0.006 -0.40400 7.43500 9.8126335144 2.6256667464    9.810  4.336  3.6063  0.471    6  0.000  0.374     0.00     0.00     0.00     0.00     0.00 -1    -1e-30      0.00 7.203e-01 2.737e-01 6.649e-04 9.797e-04 2.371e-03 -1.000 6.000e-03 -6.070 -5.664 -4.873 -6.532
0.006 -0.40400 7.43500 9.8142948151 2.6256685665    9.812  4.340  3.6056  0.464    6  0.000  0.374     0.00     0.00     0.00     0.00     0.00 -1    -1e-30      0.00 7.203e-01 2.737e-01 6.649e-04 9.797e-04 2.371e-03 -1.000 6.000e-03 -6.079 -5.669 -4.875 -6.539
0.006 -0.40400 7.43500 9.8154172897 2.6256697958    9.813  4.342  3.6052  0.460    6  0.000  0.374     0.00     0.00     0.00     0.00     0.00 -1    -1e-30      0.00 7.203e-01 2.737e-01 6.649e-04 9.797e-04 2.371e-03 -1.000 6.000e-03 -6.086 -5.672 -4.876 -6.544
0.006 -0.40400 7.43500 9.8166160583 2.6256711084    9.814  4.345  3.6047  0.456    6  0.000  0.374     0.00     0.00     0.00     0.00     0.00 -1    -1e-30      0.00 7.203e-01 2.737e-01 6.649e-04 9.797e-04 2.371e-03 -1.000 6.000e-03 -6.092 -5.676 -4.877 -6.549
0.006 -0.40400 7.43500 9.8174400330 2.6256720103    9.815  4.347  3.6044  0.453    6  0.000  0.374     0.00     0.00     0.00     0.00     0.00 -1    -1e-30      0.00 7.203e-01 2.737e-01 6.649e-04 9.797e-04 2.371e-03 -1.000 6.000e-03 -6.097 -5.678 -4.878 -6.552
0.006 -0.40400 7.43500 9.8183288574 2.6256729831    9.816  4.349  3.6041  0.449    6  0.000  0.374     0.00     0.00     0.00     0.00     0.00 -1    -1e-30      0.00 7.203e-01 2.737e-01 6.649e-04 9.797e-04 2.371e-03 -1.000 6.000e-03 -6.102 -5.681 -4.879 -6.556
0.006 -0.40400 7.43500 9.8189487457 2.6256736614    9.816  4.351  3.6037  0.446    6  0.000  0.374     0.00     0.00     0.00     0.00     0.00 -1    -1e-30      0.00 7.203e-01 2.737e-01 6.649e-04 9.797e-04 2.371e-03 -1.000 6.000e-03 -6.108 -5.684 -4.880 -6.560
0.006 -0.40400 7.43500 9.8196258545 2.6256744022    9.817  4.356  3.6031  0.438    6  0.000  0.374     0.00     0.00     0.00     0.00     0.00 -1    -1e-30      0.00 7.203e-01 2.737e-01 6.649e-04 9.797e-04 2.371e-03 -1.000 6.000e-03 -6.120 -5.692 -4.885 -6.570
0.006 -0.40400 7.43500 9.8200979233 2.6256749186    9.817  4.360  3.6027  0.433    6  0.000  0.374     0.00     0.00     0.00     0.00     0.00 -1    -1e-30      0.00 7.203e-01 2.737e-01 6.649e-04 9.797e-04 2.371e-03 -1.000 6.000e-03 -6.129 -5.698 -4.889 -6.578
0.006 -0.40400 7.43500 9.8205184937 2.6256753786    9.818  4.363  3.6023  0.428    6  0.000  0.374     0.00     0.00     0.00     0.00     0.00 -1    -1e-30      0.00 7.203e-01 2.737e-01 6.649e-04 9.797e-04 2.371e-03 -1.000 6.000e-03 -6.137 -5.703 -4.891 -6.584
0.006 -0.40400 7.43500 9.8208971024 2.6256757927    9.818  4.366  3.6019  0.424    6  0.000  0.374     0.00     0.00     0.00     0.00     0.00 -1    -1e-30      0.00 7.203e-01 2.737e-01 6.649e-04 9.797e-04 2.371e-03 -1.000 6.000e-03 -6.144 -5.707 -4.894 -6.590
0.006 -0.40400 7.43500 9.8212423325 2.6256761703    9.818  4.368  3.6016  0.420    6  0.000  0.374     0.00     0.00     0.00     0.00     0.00 -1    -1e-30      0.00 7.203e-01 2.737e-01 6.649e-04 9.797e-04 2.371e-03 -1.000 6.000e-03 -6.151 -5.712 -4.897 -6.595
0.006 -0.40400 7.43500 9.8215684891 2.6256765269    9.819  4.371  3.6013  0.417    6  0.000  0.374     0.00     0.00     0.00     0.00     0.00 -1    -1e-30      0.00 7.203e-01 2.737e-01 6.649e-04 9.797e-04 2.371e-03 -1.000 6.000e-03 -6.157 -5.715 -4.899 -6.600
0.006 -0.40400 7.43500 9.8218946457 2.6256768836    9.819  4.373  3.6010  0.413    6  0.000  0.374     0.00     0.00     0.00     0.00     0.00 -1    -1e-30      0.00 7.203e-01 2.737e-01 6.649e-04 9.797e-04 2.371e-03 -1.000 6.000e-03 -6.163 -5.719 -4.901 -6.605
0.006 -0.40400 7.43500 9.8222436905 2.6256772652    9.819  4.376  3.6006  0.409    6  0.000  0.374     0.00     0.00     0.00     0.00     0.00 -1    -1e-30      0.00 7.203e-01 2.737e-01 6.649e-04 9.797e-04 2.371e-03 -1.000 6.000e-03 -6.169 -5.724 -4.904 -6.610
0.006 -0.40400 7.43500 9.8226432800 2.6256777021    9.820  4.379  3.6003  0.405    6  0.000  0.374     0.00     0.00     0.00     0.00     0.00 -1    -1e-30      0.00 7.203e-01 2.737e-01 6.649e-04 9.797e-04 2.371e-03 -1.000 6.000e-03 -6.177 -5.728 -4.906 -6.616
0.006 -0.40400 7.43500 9.8231945038 2.6256783046    9.820  4.383  3.5998  0.398    6  0.000  0.374     0.00     0.00     0.00     0.00     0.00 -1    -1e-30      0.00 7.203e-01 2.737e-01 6.649e-04 9.797e-04 2.371e-03 -1.000 6.000e-03 -6.187 -5.735 -4.910 -6.624
0.006 -0.40400 7.43500 9.8238563538 2.6256790280    9.821  4.388  3.5991  0.391    6  0.000  0.374     0.00     0.00     0.00     0.00     0.00 -1    -1e-30      0.00 7.203e-01 2.737e-01 6.649e-04 9.797e-04 2.371e-03 -1.000 6.000e-03 -6.199 -5.742 -4.914 -6.634
0.006 -0.40400 7.43500 9.8245344162 2.6256797690    9.822  4.399  3.5978  0.374    6  0.000  0.374     0.00     0.00     0.00     0.00     0.00 -1    -1e-30      0.00 7.203e-01 2.737e-01 6.649e-04 9.797e-04 2.371e-03 -1.000 6.000e-03 -6.228 -5.761 -4.924 -6.656
0.006 -0.40400 7.43500 9.8252382278 2.6256805380    9.823  4.419  3.5956  0.345    6  0.000  0.374     0.00     0.00     0.00     0.00     0.00 -1    -1e-30      0.00 7.203e-01 2.737e-01 6.649e-04 9.797e-04 2.371e-03 -1.000 6.000e-03 -6.278 -5.793 -4.943 -6.697
0.006 -0.40400 7.43500 9.8256320953 2.6256809683    9.823  4.431  3.5943  0.329    6  0.000  0.374     0.00     0.00     0.00     0.00     0.00 -1    -1e-30      0.00 7.203e-01 2.737e-01 6.649e-04 9.797e-04 2.371e-03 -1.000 6.000e-03 -6.307 -5.812 -4.954 -6.720
0.006 -0.40400 7.43500 9.8258476257 2.6256812038    9.823  4.441  3.5932  0.314    6  0.000  0.374     0.00     0.00     0.00     0.00     0.00 -1    -1e-30      0.00 7.203e-01 2.737e-01 6.649e-04 9.797e-04 2.371e-03 -1.000 6.000e-03 -6.333 -5.829 -4.965 -6.741
0.006 -0.40400 7.43500 9.8259735107 2.6256813413    9.823  4.450  3.5922  0.301    6  0.000  0.374     0.00     0.00     0.00     0.00     0.00 -1    -1e-30      0.00 7.203e-01 2.737e-01 6.649e-04 9.797e-04 2.371e-03 -1.000 6.000e-03 -6.356 -5.845 -4.974 -6.759
0.006 -0.40400 7.43500 9.8262472153 2.6256816403    9.823  4.468  3.5905  0.277    7  0.000  0.374   183.38    92.76    61.37    45.10    37.43  3    -1e-30      0.00 7.203e-01 2.737e-01 6.649e-04 9.797e-04 2.371e-03 -1.000 6.000e-03 -6.399 -5.874 -4.993 -6.795
0.006 -0.40400 7.43500 9.8269214630 2.6256823767    9.824  4.474  3.5899  0.268    7  0.000  0.374   186.92    94.16    62.25    45.75    37.98  3    -1e-30      0.00 7.203e-01 2.737e-01 6.649e-04 9.797e-04 2.371e-03 -1.000 6.000e-03 -6.414 -5.884 -5.000 -6.807
0.006 -0.40400 7.43500 9.8283176422 2.6256839012    9.825  4.471  3.5902  0.273    7  0.000  0.374   185.06    93.42    61.79    45.41    37.69  3    -1e-30      0.00 7.203e-01 2.737e-01 6.649e-04 9.797e-04 2.371e-03 -1.000 6.000e-03 -6.406 -5.880 -4.997 -6.801
0.006 -0.40400 7.43500 9.8287830353 2.6256844093    9.826  4.473  3.5900  0.269    7  0.000  0.374   186.59    94.03    62.17    45.69    37.93  3    -1e-30      0.00 7.203e-01 2.737e-01 6.649e-04 9.797e-04 2.371e-03 -1.000 6.000e-03 -6.413 -5.884 -4.999 -6.806
0.006 -0.40400 7.43500 9.8293790817 2.6256850599    9.827  4.485  3.5887  0.252    7  0.000  0.374   194.09    96.96    64.02    47.07    39.08  3    -1e-30      0.00 7.203e-01 2.737e-01 6.649e-04 9.797e-04 2.371e-03 -1.000 6.000e-03 -6.443 -5.903 -5.010 -6.830
0.006 -0.40400 7.43500 9.8301429749 2.6256858936    9.827  4.503  3.5869  0.227    7  0.000  0.374   205.52   101.40    66.81    49.16    40.82  3    -1e-30      0.00 7.203e-01 2.737e-01 6.648e-04 9.798e-04 2.371e-03 -1.000 6.000e-03 -6.487 -5.931 -5.025 -6.865
0.006 -0.40400 7.43500 9.8311195374 2.6256869592    9.828  4.530  3.5841  0.189    7  0.000  0.374   224.68   108.71    71.41    52.59    43.67  3    -1e-30      0.00 7.203e-01 2.737e-01 6.645e-04 9.801e-04 2.371e-03 -1.000 6.000e-03 -6.555 -5.976 -5.051 -6.920
0.006 -0.40400 7.43500 9.8322029114 2.6256881411    9.829  4.568  3.5804  0.137    7  0.000  0.373   253.59   119.48    78.15    57.64    47.88  3    -1e-30      0.00 7.203e-01 2.737e-01 6.639e-04 9.808e-04 2.371e-03 -1.000 6.000e-03 -6.649 -6.037 -5.086 -6.996
0.006 -0.40400 7.43500 9.8334159851 2.6256894641    9.831  4.604  3.5769  0.086    7  0.000  0.373   284.85   130.84    85.23    62.95    52.29  3    -1e-30      0.00 7.202e-01 2.738e-01 6.629e-04 9.822e-04 2.370e-03 -1.000 6.000e-03 -6.739 -6.092 -5.111 -7.065
0.006 -0.40400 7.43500 9.8350772858 2.6256912753    9.832  4.647  3.5725  0.026    7  0.000  0.372   321.54   146.04    94.66    70.03    58.19  3    -1e-30      0.00 7.189e-01 2.751e-01 6.590e-04 9.967e-04 2.359e-03 -1.000 6.000e-03 -6.848 -6.156 -5.138 -7.148
0.006 -0.40400 7.43500 9.8363218307 2.6256926317    9.833  4.678  3.5694 -0.018    7  0.000  0.372   343.37   157.91   102.00    75.54    62.79  3    -1e-30      0.00 7.163e-01 2.777e-01 6.531e-04 1.023e-03 2.338e-03 -1.000 6.026e-03 -6.925 -6.201 -5.153 -7.207
0.006 -0.40400 7.43500 9.8381433487 2.6256946162    9.835  4.717  3.5657 -0.071    7  0.000  0.373   372.58   174.02   111.92    83.00    69.00  2    -1e-30      0.00 7.135e-01 2.804e-01 6.473e-04 1.049e-03 2.317e-03 -1.000 6.072e-03 -7.022 -6.252 -5.159 -7.277
0.006 -0.40400 7.43500 9.8430614471 2.6256999702    9.840  4.764  3.5612 -0.136    7  0.000  0.373   411.00   195.58   125.12    92.95    77.30  0    -1e-30      0.00 7.103e-01 2.836e-01 6.428e-04 1.068e-03 2.301e-03 -1.000 6.088e-03 -7.139 -6.316 -5.170 -7.364
0.006 -0.40400 7.43500 9.8523273468 2.6257100406    9.850  4.800  3.5578 -0.185    7  0.000  0.373   443.16   213.91   136.30   101.39    84.34  0    -1e-30      0.00 7.055e-01 2.885e-01 6.384e-04 1.089e-03 2.284e-03 -1.000 6.098e-03 -7.230 -6.361 -5.167 -7.429
0.006 -0.40400 7.43500 9.8729066849 2.6257323291    9.870  4.828  3.5555 -0.221    7  0.000  0.373   468.35   228.42   145.13   108.05    89.89  0    -1e-30      0.00 6.989e-01 2.950e-01 6.331e-04 1.114e-03 2.262e-03 -1.000 6.020e-03 -7.299 -6.397 -5.165 -7.479
0.006 -0.40400 7.43500 9.8783369064 2.6257381925    9.876  4.831  3.5553 -0.225    7  0.000  0.373   471.30   230.13   146.16   108.83    90.54  0    -1e-30      0.00 6.975e-01 2.965e-01 6.319e-04 1.119e-03 2.258e-03 -1.000 6.000e-03 -7.308 -6.402 -5.167 -7.485
