Zini MH logAge Mini int_IMF Mass logL logTe logg label McoreTP C_O period0 period1 period2 period3 period4 pmode Mloss tau1m X Y Xc Xn Xo Cexcess Z mbolmag Gmag G_BPmag G_RPmag
0.0055 -0.44261 8.98001 0.0900000036 1.0816895926    0.090 -3.304  3.4044  5.266    0  0.000  0.545     0.00     0.00     0.00     0.00     0.00 -1 -4.89e-17      0.00 7.359e-01 2.585e-01 1.002e-03 2.703e-04 2.451e-03 -1.000 5.571e-03 13.029 14.791 17.791 13.320
0.0055 -0.44261 8.98001 0.0962789431 1.1392492431    0.096 -3.190  3.4212  5.248    0  0.000  0.545     0.00     0.00     0.00     0.00     0.00 -1 -6.26e-17      0.00 7.359e-01 2.585e-01 1.002e-03 2.703e-04 2.451e-03 -1.000 5.571e-03 12.746 14.467 17.378 13.008
0.0055 -0.44261 8.98001 0.1000000015 1.1711064122    0.100 -3.122  3.4314  5.237    0  0.000  0.545     0.00     0.00     0.00     0.00     0.00 -1 -7.28e-17      0.00 7.359e-01 2.585e-01 1.002e-03 2.703e-04 2.451e-03 -1.000 5.571e-03 12.574 14.185 16.872 12.755
0.0055 -0.44261 8.98001 0.1076725870 1.2321785521    0.108 -3.020  3.4437  5.217    0  0.000  0.545     0.00     0.00     0.00     0.00     0.00 -1 -9.03e-17      0.00 7.359e-01 2.586e-01 1.002e-03 2.703e-04 2.451e-03 -1.000 5.571e-03 12.321 13.807 16.267 12.412
0.0055 -0.44261 8.98001 0.1199999973 1.3193154249    0.120 -2.865  3.4624  5.183    0  0.000  0.545     0.00     0.00     0.00     0.00     0.00 -1 -1.27e-16      0.00 7.358e-01 2.586e-01 1.002e-03 2.703e-04 2.451e-03 -1.000 5.571e-03 11.932 13.228 15.342 11.894
0.0055 -0.44261 8.98001 0.1400000006 1.4384526719    0.140 -2.681  3.4818  5.144    0  0.000  0.545     0.00     0.00     0.00     0.00     0.00 -1 -1.89e-16      0.00 7.357e-01 2.587e-01 1.002e-03 2.703e-04 2.451e-03 -1.000 5.571e-03 11.471 12.578 14.367 11.313
0.0055 -0.44261 8.98001 0.1473308206 1.4766994911    0.147 -2.626  3.4868  5.132    0  0.000  0.545     0.00     0.00     0.00     0.00     0.00 -1  -2.1e-16      0.00 7.357e-01 2.587e-01 1.002e-03 2.703e-04 2.451e-03 -1.000 5.571e-03 11.336 12.394 14.103 11.149
0.0055 -0.44261 8.98001 0.1599999964 1.5372931554    0.160 -2.539  3.4950  5.113    1  0.000  0.545     0.00     0.00     0.00     0.00     0.00 -1 -2.53e-16      0.00 7.356e-01 2.588e-01 1.002e-03 2.703e-04 2.451e-03 -1.000 5.571e-03 11.117 12.101 13.696 10.886
0.0055 -0.44261 8.98001 0.1999999881 1.6938790356    0.200 -2.324  3.5129  5.066    0  0.000  0.545     0.00     0.00     0.00     0.00     0.00 -1 -3.91e-16      0.00 7.355e-01 2.589e-01 1.002e-03 2.703e-04 2.451e-03 -1.000 5.571e-03 10.579 11.414 12.795 10.265
0.0055 -0.44261 8.98001 0.2360829115 1.8036650678    0.236 -2.176  3.5238  5.035    0  0.000  0.545     0.00     0.00     0.00     0.00     0.00 -1 -5.24e-16      0.00 7.354e-01 2.590e-01 1.002e-03 2.703e-04 2.451e-03 -1.000 5.571e-03 10.211 10.964 12.238 9.853
0.0055 -0.44261 8.98001 0.2500000000 1.8403257998    0.250 -2.125  3.5276  5.024    0  0.000  0.545     0.00     0.00     0.00     0.00     0.00 -1  -5.8e-16      0.00 7.353e-01 2.591e-01 1.002e-03 2.703e-04 2.451e-03 -1.000 5.571e-03 10.084 10.811 12.053 9.712
0.0055 -0.44261 8.98001 0.3231999874 1.9971698278    0.323 -1.893  3.5417  4.959    0  0.000  0.545     0.00     0.00     0.00     0.00     0.00 -1 -9.37e-16      0.00 7.358e-01 2.586e-01 1.002e-03 2.703e-04 2.451e-03 -1.000 5.571e-03 9.503 10.142 11.280 9.086
0.0055 -0.44261 8.98001 0.3374302089 2.0223213849    0.337 -1.850  3.5442  4.945    0  0.000  0.545     0.00     0.00     0.00     0.00     0.00 -1 -1.03e-15      0.00 7.359e-01 2.585e-01 1.002e-03 2.703e-04 2.451e-03 -1.000 5.571e-03 9.395 10.020 11.141 8.971
0.0055 -0.44261 8.98001 0.3499999642 2.0434174156    0.350 -1.817  3.5467  4.938    0  0.000  0.545     0.00     0.00     0.00     0.00     0.00 -1  -1.1e-15      0.00 7.360e-01 2.585e-01 1.002e-03 2.703e-04 2.451e-03 -1.000 5.571e-03 9.312 9.922 11.026 8.881
0.0055 -0.44261 8.98001 0.3937380016 2.1097858778    0.394 -1.682  3.5564  4.892    0  0.000  0.545     0.00     0.00     0.00     0.00     0.00 -1 -1.49e-15      0.00 7.360e-01 2.585e-01 1.002e-03 2.703e-04 2.451e-03 -1.000 5.571e-03 8.974 9.529 10.572 8.517
0.0055 -0.44261 8.98001 0.3999999762 2.1185023988    0.400 -1.664  3.5577  4.887    0  0.000  0.545     0.00     0.00     0.00     0.00     0.00 -1 -1.55e-15      0.00 7.360e-01 2.585e-01 1.002e-03 2.703e-04 2.451e-03 -1.000 5.571e-03 8.930 9.478 10.513 8.469
0.0055 -0.44261 8.98001 0.4126094878 2.1355280083    0.412 -1.620  3.5613  4.871    0  0.000  0.545     0.00     0.00     0.00     0.00     0.00 -1 -1.72e-15      0.00 7.360e-01 2.585e-01 1.002e-03 2.703e-04 2.451e-03 -1.000 5.571e-03 8.821 9.349 10.362 8.351
0.0055 -0.44261 8.98001 0.4442466199 2.1754223029    0.444 -1.518  3.5699  4.835    0  0.000  0.545     0.00     0.00     0.00     0.00     0.00 -1 -2.19e-15      0.00 7.360e-01 2.585e-01 1.002e-03 2.703e-04 2.451e-03 -1.000 5.571e-03 8.565 9.047 10.011 8.074
0.0055 -0.44261 8.98001 0.4499999881 2.1822809009    0.450 -1.500  3.5715  4.829    0  0.000  0.545     0.00     0.00     0.00     0.00     0.00 -1 -2.28e-15      0.00 7.360e-01 2.585e-01 1.002e-03 2.703e-04 2.451e-03 -1.000 5.571e-03 8.521 8.995 9.952 8.026
0.0055 -0.44261 8.98001 0.4999999702 2.2374541023    0.500 -1.329  3.5895  4.776    0  0.000  0.545     0.00     0.00     0.00     0.00     0.00 -1 -3.41e-15      0.00 7.360e-01 2.585e-01 1.002e-03 2.703e-04 2.451e-03 -1.000 5.571e-03 8.093 8.482 9.353 7.561
0.0055 -0.44261 8.98001 0.5261033177 2.2628352596    0.526 -1.234  3.6019  4.753    0  0.000  0.545     0.00     0.00     0.00     0.00     0.00 -1 -4.25e-15      0.00 7.380e-01 2.565e-01 9.946e-04 2.683e-04 2.434e-03 -1.000 5.571e-03 7.855 8.194 9.014 7.303
0.0055 -0.44261 8.98001 0.5500000119 2.2836582633    0.550 -1.153  3.6137  4.738    0  0.000  0.545     0.00     0.00     0.00     0.00     0.00 -1  -5.1e-15      0.00 7.386e-01 2.558e-01 9.924e-04 2.678e-04 2.428e-03 -1.000 5.570e-03 7.652 7.947 8.720 7.085
0.0055 -0.44261 8.98001 0.5782716274 2.3057557530    0.578 -1.052  3.6285  4.718    0  0.000  0.545     0.00     0.00     0.00     0.00     0.00 -1  -6.4e-15      0.00 7.389e-01 2.555e-01 9.911e-04 2.674e-04 2.426e-03 -1.000 5.526e-03 7.401 7.643 8.358 6.818
0.0055 -0.44261 8.98001 0.5999999642 2.3211212854    0.600 -0.979  3.6402  4.708    0  0.000  0.545     0.00     0.00     0.00     0.00     0.00 -1 -7.52e-15      0.00 7.391e-01 2.555e-01 9.909e-04 2.673e-04 2.425e-03 -1.000 5.484e-03 7.218 7.415 8.082 6.622
0.0055 -0.44261 8.98001 0.6499999762 2.3520353107    0.650 -0.813  3.6692  4.693    1  0.000  0.545     0.00     0.00     0.00     0.00     0.00 -1 -1.08e-14      0.00 7.394e-01 2.550e-01 9.895e-04 2.670e-04 2.422e-03 -1.000 5.508e-03 6.803 6.887 7.439 6.180
0.0055 -0.44261 8.98001 0.6999999881 2.3779266974    0.700 -0.659  3.6958  4.677    1  0.000  0.545     0.00     0.00     0.00     0.00     0.00 -1 -1.51e-14      0.00 7.400e-01 2.545e-01 9.878e-04 2.665e-04 2.418e-03 -1.000 5.500e-03 6.417 6.419 6.891 5.780
0.0055 -0.44261 8.98001 0.7413402200 2.3963285183    0.741 -0.540  3.7162  4.664    1  0.000  0.539     0.00     0.00     0.00     0.00     0.00 -1 -1.96e-14      0.00 7.405e-01 2.540e-01 9.755e-04 2.659e-04 2.414e-03 -1.000 5.497e-03 6.119 6.076 6.496 5.485
0.0055 -0.44261 8.98001 0.7495123148 2.3996909141    0.750 -0.517  3.7201  4.662    1  0.000  0.538     0.00     0.00     0.00     0.00     0.00 -1 -2.06e-14      0.00 7.406e-01 2.540e-01 9.732e-04 2.657e-04 2.414e-03 -1.000 5.495e-03 6.062 6.012 6.422 5.429
0.0055 -0.44261 8.98001 0.7990245819 2.4183828323    0.799 -0.384  3.7402  4.637    1  0.000  0.538     0.00     0.00     0.00     0.00     0.00 -1 -2.78e-14      0.00 7.414e-01 2.532e-01 9.707e-04 2.650e-04 2.407e-03 -1.000 5.472e-03 5.730 5.651 6.017 5.112
0.0055 -0.44261 8.98001 0.8485368490 2.4345886963    0.848 -0.258  3.7581  4.609    1  0.000  0.537     0.00     0.00     0.00     0.00     0.00 -1 -3.72e-14      0.00 7.425e-01 2.521e-01 9.667e-04 2.641e-04 2.399e-03 -1.000 5.400e-03 5.416 5.324 5.652 4.824
0.0055 -0.44261 8.98001 0.8980491161 2.4487569484    0.897 -0.139  3.7736  4.576    1  0.000  0.537     0.00     0.00     0.00     0.00     0.00 -1 -4.95e-14      0.00 7.440e-01 2.506e-01 9.615e-04 2.626e-04 2.386e-03 -1.000 5.394e-03 5.117 5.021 5.318 4.555
0.0055 -0.44261 8.98001 0.8991456628 2.4490504815    0.899 -0.136  3.7739  4.575    1  0.000  0.537     0.00     0.00     0.00     0.00     0.00 -1 -4.99e-14      0.00 7.441e-01 2.505e-01 9.614e-04 2.626e-04 2.385e-03 -1.000 5.393e-03 5.111 5.015 5.311 4.549
0.0055 -0.44261 8.98001 0.9405724406 2.4595659969    0.940 -0.041  3.7851  4.544    1  0.000  0.537     0.00     0.00     0.00     0.00     0.00 -1 -6.29e-14      0.00 7.463e-01 2.483e-01 9.543e-04 2.607e-04 2.369e-03 -1.000 5.387e-03 4.872 4.776 5.050 4.336
0.0055 -0.44261 8.98001 0.9475613832 2.4612360964    0.947 -0.025  3.7869  4.539    1  0.000  0.537     0.00     0.00     0.00     0.00     0.00 -1 -6.54e-14      0.00 7.468e-01 2.478e-01 9.531e-04 2.603e-04 2.366e-03 -1.000 5.380e-03 4.833 4.737 5.007 4.302
0.0055 -0.44261 8.98001 0.9588695168 2.4638791168    0.958  0.000  3.7896  4.530    1  0.000  0.537     0.00     0.00     0.00     0.00     0.00 -1 -6.97e-14      0.00 7.476e-01 2.471e-01 9.505e-04 2.597e-04 2.359e-03 -1.000 5.365e-03 4.769 4.674 4.939 4.245
0.0055 -0.44261 8.98001 0.9970737100 2.4723008218    0.997  0.085  3.7987  4.499    1  0.000  0.537     0.00     0.00     0.00     0.00     0.00 -1  -8.6e-14      0.00 7.505e-01 2.442e-01 9.409e-04 2.571e-04 2.336e-03 -1.000 5.313e-03 4.558 4.466 4.714 4.057
0.0055 -0.44261 8.98001 1.0279488564 2.4785835283    1.027  0.151  3.8056  4.473    1  0.000  0.537     0.00     0.00     0.00     0.00     0.00 -1 -9.72e-14      0.00 7.509e-01 2.438e-01 9.418e-04 2.574e-04 2.339e-03 -1.000 5.301e-03 4.393 4.303 4.538 3.910
0.0055 -0.44261 8.98001 1.0465859175 2.4821702926    1.046  0.190  3.8097  4.458    1  0.000  0.537     0.00     0.00     0.00     0.00     0.00 -1 -1.05e-13      0.00 7.509e-01 2.438e-01 9.429e-04 2.578e-04 2.343e-03 -1.000 5.304e-03 4.295 4.206 4.434 3.822
0.0055 -0.44261 8.98001 1.0890022516 2.4898096768    1.088  0.277  3.8188  4.425    1  0.000  0.537     0.00     0.00     0.00     0.00     0.00 -1 -1.22e-13      0.00 7.512e-01 2.435e-01 9.429e-04 2.577e-04 2.343e-03 -1.000 5.323e-03 4.077 3.990 4.203 3.627
0.0055 -0.44261 8.98001 1.0960983038 2.4910214938    1.095  0.292  3.8203  4.419    1  0.000  0.537     0.00     0.00     0.00     0.00     0.00 -1 -1.25e-13      0.00 7.512e-01 2.435e-01 9.431e-04 2.577e-04 2.343e-03 -1.000 5.317e-03 4.041 3.955 4.165 3.595
0.0055 -0.44261 8.98001 1.1212655306 2.4951775350    1.120  0.341  3.8258  4.401    1  0.000  0.536     0.00     0.00     0.00     0.00     0.00 -1 -1.35e-13      0.00 7.514e-01 2.433e-01 9.423e-04 2.576e-04 2.342e-03 -1.000 5.302e-03 3.917 3.832 4.033 3.484
0.0055 -0.44261 8.98001 1.1456104517 2.4989986192    1.145  0.388  3.8309  4.384    1  0.000  0.536     0.00     0.00     0.00     0.00     0.00 -1 -1.46e-13      0.00 7.514e-01 2.433e-01 9.422e-04 2.576e-04 2.342e-03 -1.000 5.314e-03 3.799 3.715 3.908 3.379
0.0055 -0.44261 8.98001 1.1951228380 2.5062204782    1.194  0.480  3.8420  4.355    1  0.000  0.537     0.00     0.00     0.00     0.00     0.00 -1 -1.66e-13      0.00 7.509e-01 2.437e-01 9.433e-04 2.579e-04 2.344e-03 -1.000 5.340e-03 3.570 3.489 3.665 3.179
0.0055 -0.44261 8.98001 1.2446351051 2.5127855629    1.244  0.568  3.8542  4.334    1  0.000  0.536     0.00     0.00     0.00     0.00     0.00 -1 -1.84e-13      0.00 7.513e-01 2.433e-01 9.418e-04 2.575e-04 2.341e-03 -1.000 5.323e-03 3.351 3.274 3.431 2.992
0.0055 -0.44261 8.98001 1.2656093836 2.5153891809    1.265  0.603  3.8603  4.330    1  0.000  0.536     0.00     0.00     0.00     0.00     0.00 -1  -1.9e-13      0.00 7.515e-01 2.432e-01 9.414e-04 2.573e-04 2.340e-03 -1.000 5.304e-03 3.261 3.186 3.334 2.918
0.0055 -0.44261 8.98001 1.2941472530 2.5187763088    1.294  0.652  3.8685  4.324    1  0.000  0.537     0.00     0.00     0.00     0.00     0.00 -1 -1.97e-13      0.00 7.518e-01 2.429e-01 9.409e-04 2.572e-04 2.338e-03 -1.000 5.299e-03 3.141 3.069 3.205 2.821
0.0055 -0.44261 8.98001 1.3033453226 2.5198317338    1.303  0.667  3.8715  4.324    1  0.000  0.537     0.00     0.00     0.00     0.00     0.00 -1 -1.99e-13      0.00 7.519e-01 2.428e-01 9.406e-04 2.571e-04 2.338e-03 -1.000 5.303e-03 3.103 3.033 3.164 2.791
0.0055 -0.44261 8.98001 1.3436598778 2.5242622264    1.343  0.733  3.8840  4.322    1  0.000  0.536     0.00     0.00     0.00     0.00     0.00 -1 -2.05e-13      0.00 7.522e-01 2.425e-01 9.394e-04 2.568e-04 2.335e-03 -1.000 5.298e-03 2.938 2.875 2.988 2.664
0.0055 -0.44261 8.98001 1.3931720257 2.5293020999    1.393  0.811  3.8989  4.319    1  0.000  0.537     0.00     0.00     0.00     0.00     0.00 -1 -2.09e-13      0.00 7.525e-01 2.421e-01 9.388e-04 2.566e-04 2.333e-03 -1.000 5.369e-03 2.743 2.690 2.782 2.516
0.0055 -0.44261 8.98001 1.3946275711 2.5294440459    1.395  0.813  3.8993  4.318    1  0.000  0.537     0.00     0.00     0.00     0.00     0.00 -1 -2.09e-13      0.00 7.525e-01 2.421e-01 9.388e-04 2.566e-04 2.333e-03 -1.000 5.370e-03 2.737 2.685 2.777 2.512
0.0055 -0.44261 8.98001 1.4389328957 2.5336072170    1.439  0.881  3.9106  4.309    1  0.000  0.536     0.00     0.00     0.00     0.00     0.00 -1 -2.07e-13      0.00 7.529e-01 2.418e-01 9.374e-04 2.564e-04 2.331e-03 -1.000 5.284e-03 2.568 2.527 2.603 2.383
0.0055 -0.44261 8.98001 1.4426841736 2.5339462294    1.443  0.886  3.9115  4.308    1  0.000  0.536     0.00     0.00     0.00     0.00     0.00 -1 -2.07e-13      0.00 7.529e-01 2.418e-01 9.374e-04 2.563e-04 2.331e-03 -1.000 5.277e-03 2.554 2.514 2.588 2.372
0.0055 -0.44261 8.98001 1.4472874403 2.5343594776    1.447  0.893  3.9125  4.307    1  0.000  0.536     0.00     0.00     0.00     0.00     0.00 -1 -2.06e-13      0.00 7.529e-01 2.418e-01 9.373e-04 2.563e-04 2.331e-03 -1.000 5.272e-03 2.537 2.498 2.571 2.359
0.0055 -0.44261 8.98001 1.4833253622 2.5374930312    1.483  0.946  3.9201  4.295    1  0.000  0.536     0.00     0.00     0.00     0.00     0.00 -1 -1.99e-13      0.00 7.532e-01 2.416e-01 9.368e-04 2.562e-04 2.329e-03 -1.000 5.279e-03 2.404 2.375 2.438 2.256
0.0055 -0.44261 8.98001 1.4921965599 2.5382377471    1.492  0.959  3.9219  4.292    1  0.000  0.536     0.00     0.00     0.00     0.00     0.00 -1 -1.98e-13      0.00 7.532e-01 2.415e-01 9.367e-04 2.561e-04 2.329e-03 -1.000 5.292e-03 2.371 2.346 2.406 2.231
0.0055 -0.44261 8.98001 1.5417087078 2.5422138004    1.541  1.031  3.9307  4.270    1  0.000  0.536     0.00     0.00     0.00     0.00     0.00 -1 -1.79e-13      0.00 7.533e-01 2.413e-01 9.363e-04 2.560e-04 2.328e-03 -1.000 5.338e-03 2.193 2.183 2.232 2.090
0.0055 -0.44261 8.98001 1.5667347908 2.5441139087    1.566  1.066  3.9346  4.257    1  0.000  0.536     0.00     0.00     0.00     0.00     0.00 -1 -1.61e-13      0.00 7.535e-01 2.413e-01 9.360e-04 2.560e-04 2.327e-03 -1.000 5.294e-03 2.104 2.103 2.147 2.018
0.0055 -0.44261 8.98001 1.5912210941 2.5459066641    1.591  1.101  3.9380  4.242    1  0.000  0.536     0.00     0.00     0.00     0.00     0.00 -1 -1.46e-13      0.00 7.535e-01 2.412e-01 9.361e-04 2.559e-04 2.327e-03 -1.000 5.293e-03 2.016 2.023 2.063 1.946
0.0055 -0.44261 8.98001 1.5959422588 2.5462450554    1.595  1.108  3.9386  4.239    1  0.000  0.536     0.00     0.00     0.00     0.00     0.00 -1  -1.4e-13      0.00 7.535e-01 2.412e-01 9.361e-04 2.559e-04 2.327e-03 -1.000 5.293e-03 2.000 2.008 2.047 1.933
0.0055 -0.44261 8.98001 1.6298085451 2.5486064904    1.629  1.156  3.9426  4.216    1  0.000  0.537     0.00     0.00     0.00     0.00     0.00 -1 -1.02e-13      0.00 7.535e-01 2.412e-01 9.360e-04 2.560e-04 2.326e-03 -1.000 5.292e-03 1.879 1.898 1.932 1.832
0.0055 -0.44261 8.98001 1.6407332420 2.5493443758    1.640  1.172  3.9438  4.208    1  0.000  0.537     0.00     0.00     0.00     0.00     0.00 -1  -9.3e-14      0.00 7.535e-01 2.413e-01 9.361e-04 2.560e-04 2.326e-03 -1.000 5.286e-03 1.841 1.863 1.896 1.799
0.0055 -0.44261 8.98001 1.6561365128 2.5503657610    1.655  1.193  3.9453  4.197    1  0.000  0.537     0.00     0.00     0.00     0.00     0.00 -1 -4.81e-18      0.00 7.535e-01 2.413e-01 9.361e-04 2.561e-04 2.326e-03 -1.000 5.284e-03 1.787 1.813 1.844 1.752
0.0055 -0.44261 8.98001 1.6840603352 2.5521627120    1.683  1.232  3.9477  4.174    1  0.000  0.537     0.00     0.00     0.00     0.00     0.00 -1 -9.96e-26      0.00 7.534e-01 2.413e-01 9.363e-04 2.565e-04 2.325e-03 -1.000 5.292e-03 1.689 1.721 1.750 1.666
0.0055 -0.44261 8.98001 1.6902457476 2.5525515288    1.689  1.241  3.9481  4.169    1  0.000  0.537     0.00     0.00     0.00     0.00     0.00 -1 -2.05e-27      0.00 7.534e-01 2.413e-01 9.365e-04 2.565e-04 2.325e-03 -1.000 5.290e-03 1.667 1.700 1.729 1.646
0.0055 -0.44261 8.98001 1.7085416317 2.5536826857    1.708  1.267  3.9491  4.152    1  0.000  0.537     0.00     0.00     0.00     0.00     0.00 -1  -1.2e-28      0.00 7.534e-01 2.413e-01 9.366e-04 2.564e-04 2.325e-03 -1.000 5.284e-03 1.603 1.639 1.666 1.587
0.0055 -0.44261 8.98001 1.7380352020 2.5554486177    1.737  1.309  3.9496  4.119    1  0.000  0.537     0.00     0.00     0.00     0.00     0.00 -1  -1.3e-30      0.00 7.536e-01 2.411e-01 9.366e-04 2.567e-04 2.326e-03 -1.000 5.259e-03 1.498 1.534 1.560 1.484
0.0055 -0.44261 8.98001 1.7397580147 2.5555496449    1.739  1.311  3.9496  4.117    1  0.000  0.537     0.00     0.00     0.00     0.00     0.00 -1    -1e-30      0.00 7.536e-01 2.411e-01 9.366e-04 2.567e-04 2.326e-03 -1.000 5.255e-03 1.492 1.528 1.554 1.478
0.0055 -0.44261 8.98001 1.7527248859 2.5563027102    1.752  1.330  3.9496  4.102    1  0.000  0.537     0.00     0.00     0.00     0.00     0.00 -1    -1e-30      0.00 7.535e-01 2.413e-01 9.367e-04 2.566e-04 2.327e-03 -1.000 5.236e-03 1.446 1.482 1.508 1.433
0.0055 -0.44261 8.98001 1.7752757072 2.5575822908    1.774  1.361  3.9493  4.075    1  0.000  0.537     0.00     0.00     0.00     0.00     0.00 -1    -1e-30      0.00 7.533e-01 2.414e-01 9.372e-04 2.564e-04 2.328e-03 -1.000 5.289e-03 1.366 1.401 1.426 1.352
0.0055 -0.44261 8.98001 1.7892701626 2.5583577403    1.788  1.381  3.9486  4.056    1  0.000  0.537     0.00     0.00     0.00     0.00     0.00 -1    -1e-30      0.00 7.531e-01 2.416e-01 9.373e-04 2.563e-04 2.329e-03 -1.000 5.292e-03 1.317 1.349 1.375 1.299
0.0055 -0.44261 8.98001 1.8109896183 2.5595339908    1.810  1.412  3.9468  4.023    1  0.000  0.537     0.00     0.00     0.00     0.00     0.00 -1    -1e-30      0.00 7.531e-01 2.416e-01 9.376e-04 2.564e-04 2.330e-03 -1.000 5.293e-03 1.240 1.266 1.293 1.213
0.0055 -0.44261 8.98001 1.8384780884 2.5609769451    1.837  1.451  3.9428  3.974    1  0.000  0.537     0.00     0.00     0.00     0.00     0.00 -1    -1e-30      0.00 7.530e-01 2.417e-01 9.379e-04 2.565e-04 2.331e-03 -1.000 5.293e-03 1.142 1.155 1.185 1.097
0.0055 -0.44261 8.98001 1.8387321234 2.5609900490    1.838  1.452  3.9428  3.974    1  0.000  0.537     0.00     0.00     0.00     0.00     0.00 -1    -1e-30      0.00 7.530e-01 2.417e-01 9.379e-04 2.565e-04 2.331e-03 -1.000 5.293e-03 1.141 1.154 1.184 1.096
0.0055 -0.44261 8.98001 1.8461623192 2.5613714867    1.845  1.462  3.9415  3.960    1  0.000  0.537     0.00     0.00     0.00     0.00     0.00 -1    -1e-30      0.00 7.529e-01 2.418e-01 9.379e-04 2.566e-04 2.330e-03 -1.000 5.293e-03 1.115 1.123 1.154 1.063
0.0055 -0.44261 8.98001 1.8734066486 2.5627403854    1.872  1.500  3.9352  3.903    1  0.000  0.537     0.00     0.00     0.00     0.00     0.00 -1    -1e-30      0.00 7.527e-01 2.420e-01 9.384e-04 2.570e-04 2.329e-03 -1.000 5.313e-03 1.020 1.010 1.046 0.940
0.0055 -0.44261 8.98001 1.8881943226 2.5634644041    1.887  1.521  3.9301  3.866    1  0.000  0.537     0.00     0.00     0.00     0.00     0.00 -1    -1e-30      0.00 7.526e-01 2.421e-01 9.387e-04 2.572e-04 2.329e-03 -1.000 5.293e-03 0.968 0.945 0.985 0.865
0.0055 -0.44261 8.98001 1.8950022459 2.5637933615    1.894  1.530  3.9278  3.848    1  0.000  0.537     0.00     0.00     0.00     0.00     0.00 -1    -1e-30      0.00 7.526e-01 2.422e-01 9.389e-04 2.572e-04 2.330e-03 -1.000 5.292e-03 0.945 0.916 0.959 0.831
0.0055 -0.44261 8.98001 1.9131612778 2.5646576487    1.912  1.555  3.9202  3.797    1  0.000  0.537     0.00     0.00     0.00     0.00     0.00 -1    -1e-30      0.00 7.524e-01 2.423e-01 9.396e-04 2.571e-04 2.333e-03 -1.000 5.291e-03 0.882 0.836 0.887 0.736
0.0055 -0.44261 8.98001 1.9301974773 2.5654515145    1.929  1.579  3.9120  3.745    1  0.000  0.537     0.00     0.00     0.00     0.00     0.00 -1    -1e-30      0.00 7.522e-01 2.424e-01 9.400e-04 2.571e-04 2.335e-03 -1.000 5.333e-03 0.823 0.762 0.823 0.644
0.0055 -0.44261 8.98001 1.9376561642 2.5657940315    1.937  1.589  3.9080  3.720    1  0.000  0.537     0.00     0.00     0.00     0.00     0.00 -1    -1e-30      0.00 7.521e-01 2.425e-01 9.402e-04 2.571e-04 2.337e-03 -1.000 5.343e-03 0.796 0.729 0.795 0.602
0.0055 -0.44261 8.98001 1.9488425255 2.5663020827    1.948  1.606  3.9014  3.679    1  0.000  0.537     0.00     0.00     0.00     0.00     0.00 -1    -1e-30      0.00 7.521e-01 2.426e-01 9.407e-04 2.572e-04 2.337e-03 -1.000 5.301e-03 0.756 0.678 0.752 0.536
0.0055 -0.44261 8.98001 1.9648575783 2.5670178716    1.965  1.634  3.8952  3.630    1  0.000  0.536     0.00     0.00     0.00     0.00     0.00 -1    -1e-30      0.00 7.519e-01 2.428e-01 9.408e-04 2.573e-04 2.338e-03 -1.000 5.292e-03 0.684 0.598 0.681 0.441
0.0055 -0.44261 8.98001 1.9694794416 2.5672219571    1.969  1.648  3.8985  3.630    1  0.000  0.536     0.00     0.00     0.00     0.00     0.00 -1    -1e-30      0.00 7.518e-01 2.428e-01 9.410e-04 2.573e-04 2.339e-03 -1.000 5.367e-03 0.649 0.566 0.644 0.418
0.0055 -0.44261 8.98001 1.9734549522 2.5673966226    1.973  1.670  3.9088  3.651    1  0.000  0.536     0.00     0.00     0.00     0.00     0.00 -1    -1e-30      0.00 7.518e-01 2.429e-01 9.412e-04 2.573e-04 2.340e-03 -1.000 5.292e-03 0.596 0.527 0.590 0.405
0.0055 -0.44261 8.98001 1.9748053551 2.5674557691    1.975  1.686  3.9192  3.676    1  0.000  0.536     0.00     0.00     0.00     0.00     0.00 -1    -1e-30      0.00 7.518e-01 2.429e-01 9.413e-04 2.574e-04 2.340e-03 -1.000 5.292e-03 0.555 0.503 0.554 0.406
0.0055 -0.44261 8.98001 1.9754719734 2.5674849321    1.975  1.702  3.9293  3.701    1  0.000  0.536     0.00     0.00     0.00     0.00     0.00 -1    -1e-30      0.00 7.518e-01 2.429e-01 9.413e-04 2.574e-04 2.340e-03 -1.000 5.292e-03 0.514 0.484 0.523 0.408
0.0055 -0.44261 8.98001 1.9758492708 2.5675014280    1.976  1.720  3.9393  3.723    1  0.000  0.536     0.00     0.00     0.00     0.00     0.00 -1    -1e-30      0.00 7.518e-01 2.429e-01 9.413e-04 2.574e-04 2.340e-03 -1.000 5.292e-03 0.470 0.467 0.496 0.409
0.0055 -0.44261 8.98001 1.9760770798 2.5675113845    1.976  1.741  3.9491  3.742    1  0.000  0.536     0.00     0.00     0.00     0.00     0.00 -1    -1e-30      0.00 7.518e-01 2.429e-01 9.414e-04 2.574e-04 2.340e-03 -1.000 5.292e-03 0.419 0.446 0.467 0.405
0.0055 -0.44261 8.98001 1.9762347937 2.5675182760    1.976  1.762  3.9582  3.757    1  0.000  0.536     0.00     0.00     0.00     0.00     0.00 -1    -1e-30      0.00 7.518e-01 2.429e-01 9.414e-04 2.574e-04 2.340e-03 -1.000 5.292e-03 0.365 0.425 0.439 0.397
0.0055 -0.44261 8.98001 1.9762891531 2.5675206510    1.976  1.765  3.9601  3.762    1  0.000  0.536     0.00     0.00     0.00     0.00     0.00 -1    -1e-30      0.00 7.518e-01 2.429e-01 9.414e-04 2.574e-04 2.340e-03 -1.000 5.292e-03 0.358 0.425 0.437 0.400
0.0055 -0.44261 8.98001 1.9763114452 2.5675216249    1.976  1.757  3.9583  3.762    1  0.000  0.536     0.00     0.00     0.00     0.00     0.00 -1    -1e-30      0.00 7.518e-01 2.429e-01 9.414e-04 2.574e-04 2.340e-03 -1.000 5.292e-03 0.378 0.438 0.452 0.410
0.0055 -0.44261 8.98001 1.9763928652 2.5675251818    1.976  1.727  3.9503  3.760    2  0.000  0.536     0.00     0.00     0.00     0.00     0.00 -1    -1e-30      0.00 7.518e-01 2.429e-01 9.414e-04 2.574e-04 2.340e-03 -1.000 5.292e-03 0.453 0.485 0.505 0.445
0.0055 -0.44261 8.98001 1.9764646292 2.5675283166    1.976  1.708  3.9389  3.733    2  0.000  0.536     0.00     0.00     0.00     0.00     0.00 -1    -1e-30      0.00 7.518e-01 2.429e-01 9.414e-04 2.574e-04 2.340e-03 -1.000 5.292e-03 0.500 0.496 0.525 0.437
0.0055 -0.44261 8.98001 1.9765455723 2.5675318520    1.976  1.709  3.9274  3.686    2  0.000  0.536     0.00     0.00     0.00     0.00     0.00 -1    -1e-30      0.00 7.518e-01 2.429e-01 9.414e-04 2.574e-04 2.340e-03 -1.000 5.292e-03 0.497 0.462 0.503 0.382
0.0055 -0.44261 8.98001 1.9766473770 2.5675362982    1.976  1.722  3.9156  3.626    2  0.000  0.536     0.00     0.00     0.00     0.00     0.00 -1    -1e-30      0.00 7.518e-01 2.429e-01 9.414e-04 2.574e-04 2.340e-03 -1.000 5.292e-03 0.464 0.405 0.459 0.300
0.0055 -0.44261 8.98001 1.9767689705 2.5675416079    1.977  1.734  3.9037  3.566    2  0.000  0.536     0.00     0.00     0.00     0.00     0.00 -1    -1e-30      0.00 7.518e-01 2.429e-01 9.414e-04 2.574e-04 2.340e-03 -1.000 5.292e-03 0.435 0.356 0.424 0.224
0.0055 -0.44261 8.98001 1.9769091606 2.5675477288    1.977  1.741  3.8916  3.511    2  0.000  0.536     0.00     0.00     0.00     0.00     0.00 -1    -1e-30      0.00 7.518e-01 2.429e-01 9.414e-04 2.574e-04 2.340e-03 -1.000 5.292e-03 0.417 0.322 0.407 0.160
0.0055 -0.44261 8.98001 1.9770677090 2.5675546500    1.977  1.745  3.8795  3.459    2  0.000  0.536     0.00     0.00     0.00     0.00     0.00 -1    -1e-30      0.00 7.518e-01 2.429e-01 9.414e-04 2.574e-04 2.340e-03 -1.000 5.292e-03 0.407 0.303 0.406 0.110
0.0055 -0.44261 8.98001 1.9772422314 2.5675622671    1.977  1.746  3.8673  3.409    2  0.000  0.536     0.00     0.00     0.00     0.00     0.00 -1    -1e-30      0.00 7.518e-01 2.429e-01 9.414e-04 2.574e-04 2.340e-03 -1.000 5.292e-03 0.405 0.293 0.414 0.069
0.0055 -0.44261 8.98001 1.9774285555 2.5675703975    1.977  1.745  3.8550  3.361    2  0.000  0.536     0.00     0.00     0.00     0.00     0.00 -1    -1e-30      0.00 7.518e-01 2.429e-01 9.414e-04 2.574e-04 2.340e-03 -1.000 5.292e-03 0.407 0.290 0.431 0.035
0.0055 -0.44261 8.98001 1.9776216745 2.5675788226    1.977  1.743  3.8427  3.314    2  0.000  0.536     0.00     0.00     0.00     0.00     0.00 -1    -1e-30      0.00 7.518e-01 2.429e-01 9.414e-04 2.574e-04 2.340e-03 -1.000 5.292e-03 0.412 0.293 0.453 0.008
0.0055 -0.44261 8.98001 1.9778159857 2.5675872978    1.978  1.739  3.8305  3.269    2  0.000  0.536     0.00     0.00     0.00     0.00     0.00 -1    -1e-30      0.00 7.518e-01 2.429e-01 9.415e-04 2.574e-04 2.340e-03 -1.000 5.292e-03 0.422 0.301 0.481 -0.014
0.0055 -0.44261 8.98001 1.9780074358 2.5675956463    1.978  1.735  3.8189  3.227    2  0.000  0.536     0.00     0.00     0.00     0.00     0.00 -1    -1e-30      0.00 7.518e-01 2.429e-01 9.415e-04 2.574e-04 2.340e-03 -1.000 5.292e-03 0.434 0.314 0.513 -0.030
0.0055 -0.44261 8.98001 1.9781928062 2.5676037279    1.978  1.729  3.8085  3.191    2  0.000  0.536     0.00     0.00     0.00     0.00     0.00 -1    -1e-30      0.00 7.518e-01 2.429e-01 9.415e-04 2.574e-04 2.340e-03 -1.000 5.292e-03 0.448 0.330 0.547 -0.039
0.0055 -0.44261 8.98001 1.9783724546 2.5676115584    1.978  1.722  3.7995  3.163    2  0.000  0.536     0.00     0.00     0.00     0.00     0.00 -1    -1e-30      0.00 7.518e-01 2.430e-01 9.415e-04 2.574e-04 2.340e-03 -1.000 5.292e-03 0.465 0.349 0.583 -0.041
0.0055 -0.44261 8.98001 1.9785586596 2.5676196730    1.978  1.713  3.7913  3.138    2  0.000  0.536     0.00     0.00     0.00     0.00     0.00 -1    -1e-30      0.00 7.518e-01 2.430e-01 9.415e-04 2.574e-04 2.340e-03 -1.000 5.292e-03 0.487 0.373 0.623 -0.037
0.0055 -0.44261 8.98001 1.9787684679 2.5676288141    1.979  1.701  3.7835  3.119    2  0.000  0.536     0.00     0.00     0.00     0.00     0.00 -1    -1e-30      0.00 7.518e-01 2.430e-01 9.415e-04 2.574e-04 2.340e-03 -1.000 5.292e-03 0.518 0.408 0.673 -0.021
0.0055 -0.44261 8.98001 1.9790371656 2.5676405176    1.979  1.681  3.7745  3.103    2  0.000  0.536     0.00     0.00     0.00     0.00     0.00 -1    -1e-30      0.00 7.516e-01 2.431e-01 9.421e-04 2.576e-04 2.342e-03 -1.000 5.297e-03 0.567 0.462 0.745 0.012
0.0055 -0.44261 8.98001 1.9792814255 2.5676511536    1.979  1.659  3.7670  3.095    2  0.000  0.537     0.00     0.00     0.00     0.00     0.00 -1    -1e-30      0.00 7.503e-01 2.443e-01 9.460e-04 2.586e-04 2.351e-03 -1.000 5.324e-03 0.623 0.524 0.823 0.056
0.0055 -0.44261 8.98001 1.9795469046 2.5676627100    1.979  1.628  3.7592  3.095    2  0.000  0.537     0.00     0.00     0.00     0.00     0.00 -1    -1e-30      0.00 7.470e-01 2.476e-01 9.563e-04 2.613e-04 2.375e-03 -1.000 5.400e-03 0.699 0.607 0.921 0.122
0.0055 -0.44261 8.98001 1.9797772169 2.5676727328    1.980  1.599  3.7525  3.098    2  0.000  0.537     0.00     0.00     0.00     0.00     0.00 -1    -1e-30      0.00 7.435e-01 2.511e-01 9.665e-04 2.641e-04 2.400e-03 -1.000 5.463e-03 0.774 0.689 1.016 0.189
0.0055 -0.44261 8.98001 1.9800459146 2.5676844226    1.980  1.567  3.7448  3.099    2  0.000  0.537     0.00     0.00     0.00     0.00     0.00 -1    -1e-30      0.00 7.409e-01 2.536e-01 9.738e-04 2.661e-04 2.417e-03 -1.000 5.504e-03 0.853 0.778 1.120 0.260
0.0055 -0.44261 8.98001 1.9803121090 2.5676960000    1.980  1.546  3.7373  3.090    2  0.000  0.537     0.00     0.00     0.00     0.00     0.00 -1    -1e-30      0.00 7.394e-01 2.551e-01 9.780e-04 2.672e-04 2.427e-03 -1.000 5.544e-03 0.905 0.839 1.197 0.306
0.0055 -0.44261 8.98001 1.9803785086 2.5676988873    1.980  1.542  3.7354  3.086    2  0.000  0.537     0.00     0.00     0.00     0.00     0.00 -1    -1e-30      0.00 7.391e-01 2.554e-01 9.789e-04 2.675e-04 2.430e-03 -1.000 5.554e-03 0.915 0.852 1.214 0.315
0.0055 -0.44261 8.98001 1.9804422855 2.5677016603    1.980  1.544  3.7339  3.079    2  0.000  0.537     0.00     0.00     0.00     0.00     0.00 -1    -1e-30      0.00 7.389e-01 2.556e-01 9.793e-04 2.676e-04 2.431e-03 -1.000 5.540e-03 0.911 0.850 1.215 0.309
0.0055 -0.44261 8.98001 1.9808238745 2.5677182476    1.981  1.566  3.7254  3.022    3  0.000  0.535     0.00     0.00     0.00     0.00     0.00 -1    -1e-30      0.00 7.377e-01 2.568e-01 9.785e-04 2.692e-04 2.436e-03 -1.000 5.504e-03 0.855 0.807 1.190 0.248
0.0055 -0.44261 8.98001 1.9811408520 2.5677320208    1.981  1.602  3.7200  2.965    3  0.000  0.522     0.00     0.00     0.00     0.00     0.00 -1    -1e-30      0.00 7.366e-01 2.579e-01 9.549e-04 2.889e-04 2.439e-03 -1.000 5.511e-03 0.765 0.726 1.121 0.155
0.0055 -0.44261 8.98001 1.9814571142 2.5677457578    1.981  1.642  3.7159  2.909    3  0.000  0.481     0.00     0.00     0.00     0.00     0.00 -1    -1e-30      0.00 7.354e-01 2.590e-01 8.798e-04 3.645e-04 2.441e-03 -1.000 5.571e-03 0.665 0.633 1.037 0.054
0.0055 -0.44261 8.98001 1.9817725420 2.5677594535    1.982  1.682  3.7125  2.855    3  0.000  0.432     0.00     0.00     0.00     0.00     0.00 -1    -1e-30      0.00 7.341e-01 2.604e-01 7.898e-04 4.747e-04 2.443e-03 -1.000 5.572e-03 0.565 0.539 0.951 -0.047
0.0055 -0.44261 8.98001 1.9820870161 2.5677731028    1.982  1.722  3.7095  2.802    3  0.000  0.401     0.00     0.00     0.00     0.00     0.00 -1    -1e-30      0.00 7.327e-01 2.617e-01 7.341e-04 5.440e-04 2.443e-03 -1.000 5.572e-03 0.464 0.444 0.862 -0.149
0.0055 -0.44261 8.98001 1.9824007750 2.5677867162    1.982  1.763  3.7065  2.750    3  0.000  0.381     0.00     0.00     0.00     0.00     0.00 -1    -1e-30      0.00 7.314e-01 2.630e-01 6.975e-04 5.897e-04 2.444e-03 -1.000 5.572e-03 0.362 0.349 0.774 -0.250
0.0055 -0.44261 8.98001 1.9827136993 2.5678002884    1.983  1.804  3.7037  2.698    3  0.000  0.367     0.00     0.00     0.00     0.00     0.00 -1    -1e-30      0.00 7.302e-01 2.642e-01 6.733e-04 6.207e-04 2.445e-03 -1.000 5.614e-03 0.260 0.253 0.683 -0.352
0.0055 -0.44261 8.98001 1.9829634428 2.5678111167    1.983  1.837  3.7015  2.656    3  0.000  0.360     0.00     0.00     0.00     0.00     0.00 -1    -1e-30      0.00 7.291e-01 2.652e-01 6.593e-04 6.413e-04 2.445e-03 -1.000 5.636e-03 0.177 0.175 0.611 -0.434
0.0055 -0.44261 8.98001 1.9832127094 2.5678219213    1.983  1.870  3.6993  2.614    3  0.000  0.354     0.00     0.00     0.00     0.00     0.00 -1    -1e-30      0.00 7.280e-01 2.664e-01 6.482e-04 6.628e-04 2.440e-03 -1.000 5.602e-03 0.095 0.098 0.539 -0.517
0.0055 -0.44261 8.98001 1.9832837582 2.5678250004    1.983  1.880  3.6986  2.602    3  0.000  0.353     0.00     0.00     0.00     0.00     0.00 -1    -1e-30      0.00 7.275e-01 2.669e-01 6.457e-04 6.714e-04 2.434e-03 -1.000 5.636e-03 0.071 0.076 0.518 -0.540
0.0055 -0.44261 8.98001 1.9833546877 2.5678280740    1.983  1.889  3.6981  2.591    3  0.000  0.353     0.00     0.00     0.00     0.00     0.00 -1    -1e-30      0.00 7.270e-01 2.673e-01 6.431e-04 6.802e-04 2.427e-03 -1.000 5.661e-03 0.048 0.054 0.498 -0.563
0.0055 -0.44261 8.98001 1.9836975336 2.5678429273    1.984  1.933  3.6952  2.535    3  0.000  0.352     0.00     0.00     0.00     0.00     0.00 -1    -1e-30      0.00 7.239e-01 2.705e-01 6.327e-04 7.240e-04 2.393e-03 -1.000 5.599e-03 -0.063 -0.049 0.402 -0.673
0.0055 -0.44261 8.98001 1.9840399027 2.5678577540    1.984  1.977  3.6924  2.480    3  0.000  0.352     0.00     0.00     0.00     0.00     0.00 -1    -1e-30      0.00 7.206e-01 2.738e-01 6.240e-04 7.613e-04 2.362e-03 -1.000 5.616e-03 -0.173 -0.152 0.306 -0.782
0.0055 -0.44261 8.98001 1.9843817949 2.5678725541    1.984  2.021  3.6895  2.424    3  0.000  0.352     0.00     0.00     0.00     0.00     0.00 -1    -1e-30      0.00 7.173e-01 2.770e-01 6.171e-04 7.917e-04 2.338e-03 -1.000 5.659e-03 -0.283 -0.256 0.210 -0.892
0.0055 -0.44261 8.98001 1.9847201109 2.5678871937    1.985  2.065  3.6866  2.369    3  0.000  0.352     0.00     0.00     0.00     0.00     0.00 -1    -1e-30      0.00 7.146e-01 2.798e-01 6.118e-04 8.152e-04 2.318e-03 -1.000 5.630e-03 -0.393 -0.358 0.116 -1.002
0.0055 -0.44261 8.98001 1.9850275517 2.5679004923    1.985  2.106  3.6838  2.317    3  0.000  0.351     0.00     0.00     0.00     0.00     0.00 -1    -1e-30      0.00 7.125e-01 2.819e-01 6.082e-04 8.312e-04 2.305e-03 -1.000 5.571e-03 -0.495 -0.452 0.030 -1.102
0.0055 -0.44261 8.98001 1.9853419065 2.5679140851    1.985  2.148  3.6809  2.264    3  0.000  0.351     0.00     0.00     0.00     0.00     0.00 -1    -1e-30      0.00 7.108e-01 2.836e-01 6.054e-04 8.437e-04 2.295e-03 -1.000 5.573e-03 -0.600 -0.549 -0.059 -1.206
0.0055 -0.44261 8.98001 1.9856095314 2.5679256533    1.986  2.184  3.6785  2.218    3  0.000  0.351     0.00     0.00     0.00     0.00     0.00 -1    -1e-30      0.00 7.096e-01 2.848e-01 6.035e-04 8.521e-04 2.288e-03 -1.000 5.651e-03 -0.689 -0.631 -0.134 -1.294
0.0055 -0.44261 8.98001 1.9859181643 2.5679389897    1.986  2.226  3.6755  2.164    3  0.000  0.351     0.00     0.00     0.00     0.00     0.00 -1    -1e-30      0.00 7.085e-01 2.859e-01 6.019e-04 8.593e-04 2.282e-03 -1.000 5.593e-03 -0.795 -0.727 -0.221 -1.398
0.0055 -0.44261 8.98001 1.9862154722 2.5679518323    1.986  2.267  3.6725  2.111    3  0.000  0.351     0.00     0.00     0.00     0.00     0.00 -1    -1e-30      0.00 7.078e-01 2.866e-01 6.008e-04 8.641e-04 2.278e-03 -1.000 5.589e-03 -0.898 -0.821 -0.306 -1.499
0.0055 -0.44261 8.98001 1.9864915609 2.5679637542    1.986  2.306  3.6697  2.061    3  0.000  0.351     0.00     0.00     0.00     0.00     0.00 -1    -1e-30      0.00 7.074e-01 2.870e-01 6.002e-04 8.669e-04 2.276e-03 -1.000 5.634e-03 -0.995 -0.909 -0.386 -1.594
0.0055 -0.44261 8.98001 1.9867589474 2.5679752968    1.987  2.344  3.6669  2.011    3  0.000  0.351     0.00     0.00     0.00     0.00     0.00 -1    -1e-30      0.00 7.071e-01 2.872e-01 5.998e-04 8.684e-04 2.275e-03 -1.000 5.652e-03 -1.091 -0.996 -0.464 -1.688
0.0055 -0.44261 8.98001 1.9870327711 2.5679871136    1.987  2.385  3.6638  1.959    3  0.000  0.351     0.00     0.00     0.00     0.00     0.00 -1    -1e-30      0.00 7.070e-01 2.873e-01 5.997e-04 8.690e-04 2.274e-03 -1.000 5.650e-03 -1.191 -1.086 -0.545 -1.786
0.0055 -0.44261 8.98001 1.9871184826 2.5679908116    1.987  2.397  3.6629  1.943    3  0.000  0.351     0.00     0.00     0.00     0.00     0.00 -1    -1e-30      0.00 7.070e-01 2.873e-01 5.997e-04 8.691e-04 2.274e-03 -1.000 5.650e-03 -1.223 -1.115 -0.570 -1.817
0.0055 -0.44261 8.98001 1.9871677160 2.5679929357    1.987  2.404  3.6624  1.934    3  0.000  0.351     0.00     0.00     0.00     0.00     0.00 -1    -1e-30      0.00 7.070e-01 2.873e-01 5.997e-04 8.691e-04 2.274e-03 -1.000 5.649e-03 -1.241 -1.131 -0.585 -1.834
0.0055 -0.44261 8.98001 1.9874849319 2.5680066182    1.987  2.450  3.6590  1.874    3  0.000  0.351     0.00     0.00     0.00     0.00     0.00 -1    -1e-30      0.00 7.070e-01 2.873e-01 5.997e-04 8.693e-04 2.273e-03 -1.000 5.650e-03 -1.356 -1.234 -0.677 -1.946
0.0055 -0.44261 8.98001 1.9877827168 2.5680194580    1.988  2.493  3.6556  1.818    3  0.000  0.351     0.00     0.00     0.00     0.00     0.00 -1    -1e-30      0.00 7.070e-01 2.873e-01 5.997e-04 8.694e-04 2.273e-03 -1.000 5.650e-03 -1.462 -1.327 -0.759 -2.047
0.0055 -0.44261 8.98001 1.9878954887 2.5680243193    1.988  2.505  3.6547  1.803    3  0.000  0.351     5.26     3.90     2.87     2.14     1.74  4    -1e-30      0.00 7.070e-01 2.873e-01 5.996e-04 8.694e-04 2.273e-03 -1.000 5.650e-03 -1.492 -1.354 -0.783 -2.076
0.0055 -0.44261 8.98001 1.9879683256 2.5680274588    1.988  2.459  3.6583  1.863    4  0.000  0.351     0.00     0.00     0.00     0.00     0.00 -1    -1e-30      0.00 7.070e-01 2.873e-01 5.996e-04 8.694e-04 2.273e-03 -1.000 5.650e-03 -1.377 -1.253 -0.693 -1.966
0.0055 -0.44261 8.98001 1.9879921675 2.5680284864    1.988  2.416  3.6616  1.918    4  0.000  0.351     0.00     0.00     0.00     0.00     0.00 -1    -1e-30      0.00 7.070e-01 2.873e-01 5.996e-04 8.694e-04 2.273e-03 -1.000 5.650e-03 -1.271 -1.158 -0.610 -1.864
0.0055 -0.44261 8.98001 1.9880158901 2.5680295088    1.988  2.378  3.6646  1.969    4  0.000  0.351     0.00     0.00     0.00     0.00     0.00 -1    -1e-30      0.00 7.070e-01 2.873e-01 5.996e-04 8.695e-04 2.273e-03 -1.000 5.650e-03 -1.175 -1.072 -0.533 -1.770
0.0055 -0.44261 8.98001 1.9880543947 2.5680311683    1.988  2.333  3.6679  2.028    4  0.000  0.351     0.00     0.00     0.00     0.00     0.00 -1    -1e-30      0.00 7.070e-01 2.874e-01 5.996e-04 8.695e-04 2.273e-03 -1.000 5.650e-03 -1.062 -0.970 -0.441 -1.659
0.0055 -0.44261 8.98001 1.9881116152 2.5680336342    1.988  2.287  3.6713  2.087    4  0.000  0.351     0.00     0.00     0.00     0.00     0.00 -1    -1e-30      0.00 7.070e-01 2.874e-01 5.996e-04 8.695e-04 2.273e-03 -1.000 5.650e-03 -0.947 -0.867 -0.349 -1.548
0.0055 -0.44261 8.98001 1.9881957769 2.5680372609    1.988  2.241  3.6748  2.147    4  0.000  0.351     0.00     0.00     0.00     0.00     0.00 -1    -1e-30      0.00 7.070e-01 2.874e-01 5.996e-04 8.695e-04 2.273e-03 -1.000 5.650e-03 -0.832 -0.762 -0.255 -1.435
0.0055 -0.44261 8.98001 1.9883096218 2.5680421661    1.988  2.194  3.6782  2.207    4  0.000  0.351     0.00     0.00     0.00     0.00     0.00 -1    -1e-30      0.00 7.070e-01 2.874e-01 5.996e-04 8.696e-04 2.273e-03 -1.000 5.650e-03 -0.715 -0.656 -0.158 -1.320
0.0055 -0.44261 8.98001 1.9884580374 2.5680485599    1.988  2.149  3.6814  2.265    4  0.000  0.351     0.00     0.00     0.00     0.00     0.00 -1    -1e-30      0.00 7.070e-01 2.874e-01 5.996e-04 8.696e-04 2.273e-03 -1.000 5.650e-03 -0.602 -0.553 -0.064 -1.209
0.0055 -0.44261 8.98001 1.9886634350 2.5680574067    1.989  2.106  3.6846  2.321    4  0.000  0.351     0.00     0.00     0.00     0.00     0.00 -1    -1e-30      0.00 7.070e-01 2.874e-01 5.996e-04 8.697e-04 2.273e-03 -1.000 5.650e-03 -0.495 -0.455 0.025 -1.104
0.0055 -0.44261 8.98001 1.9890167713 2.5680726205    1.989  2.066  3.6875  2.373    4  0.000  0.351     0.00     0.00     0.00     0.00     0.00 -1    -1e-30      0.00 7.070e-01 2.874e-01 5.996e-04 8.698e-04 2.273e-03 -1.000 5.650e-03 -0.394 -0.361 0.111 -1.003
0.0055 -0.44261 8.98001 1.9895064831 2.5680936961    1.989  2.020  3.6907  2.431    4  0.000  0.351     0.00     0.00     0.00     0.00     0.00 -1    -1e-30      0.00 7.070e-01 2.874e-01 5.996e-04 8.700e-04 2.273e-03 -1.000 5.650e-03 -0.281 -0.257 0.206 -0.891
0.0055 -0.44261 8.98001 1.9898334742 2.5681077620    1.990  1.978  3.6937  2.486    4  0.000  0.351     0.00     0.00     0.00     0.00     0.00 -1    -1e-30      0.00 7.070e-01 2.874e-01 5.995e-04 8.701e-04 2.273e-03 -1.000 5.651e-03 -0.175 -0.158 0.297 -0.785
0.0055 -0.44261 8.98001 1.9901170731 2.5681199571    1.990  1.940  3.6963  2.535    4  0.000  0.351     0.00     0.00     0.00     0.00     0.00 -1    -1e-30      0.00 7.070e-01 2.874e-01 5.995e-04 8.702e-04 2.273e-03 -1.000 5.651e-03 -0.079 -0.068 0.380 -0.689
0.0055 -0.44261 8.98001 1.9904255867 2.5681332190    1.990  1.903  3.6990  2.582    4  0.000  0.351     0.00     0.00     0.00     0.00     0.00 -1    -1e-30      0.00 7.070e-01 2.874e-01 5.995e-04 8.703e-04 2.272e-03 -1.000 5.651e-03 0.013 0.017 0.459 -0.598
0.0055 -0.44261 8.98001 1.9909005165 2.5681536253    1.991  1.856  3.7021  2.641    4  0.000  0.351     0.00     0.00     0.00     0.00     0.00 -1    -1e-30      0.00 7.069e-01 2.874e-01 5.995e-04 8.705e-04 2.272e-03 -1.000 5.651e-03 0.129 0.125 0.560 -0.483
0.0055 -0.44261 8.98001 1.9915107489 2.5681798287    1.991  1.809  3.7055  2.702    4  0.000  0.351     0.00     0.00     0.00     0.00     0.00 -1    -1e-30      0.00 7.069e-01 2.874e-01 5.995e-04 8.707e-04 2.272e-03 -1.000 5.651e-03 0.247 0.236 0.663 -0.365
0.0055 -0.44261 8.98001 1.9922865629 2.5682131156    1.992  1.763  3.7090  2.762    4  0.000  0.351     0.00     0.00     0.00     0.00     0.00 -1    -1e-30      0.00 7.069e-01 2.874e-01 5.994e-04 8.710e-04 2.272e-03 -1.000 5.652e-03 0.362 0.344 0.763 -0.250
0.0055 -0.44261 8.98001 1.9933747053 2.5682597529    1.993  1.719  3.7127  2.821    4  0.000  0.351     0.00     0.00     0.00     0.00     0.00 -1    -1e-30      0.00 7.069e-01 2.874e-01 5.994e-04 8.714e-04 2.271e-03 -1.000 5.652e-03 0.472 0.447 0.858 -0.139
0.0055 -0.44261 8.98001 1.9948155880 2.5683214185    1.995  1.684  3.7162  2.871    4  0.000  0.352     0.00     0.00     0.00     0.00     0.00 -1    -1e-30      0.00 7.069e-01 2.875e-01 5.993e-04 8.719e-04 2.271e-03 -1.000 5.653e-03 0.561 0.528 0.931 -0.050
0.0055 -0.44261 8.98001 1.9971256256 2.5684200679    1.997  1.660  3.7196  2.909    4  0.000  0.352     0.00     0.00     0.00     0.00     0.00 -1    -1e-30      0.00 7.068e-01 2.875e-01 5.992e-04 8.727e-04 2.270e-03 -1.000 5.654e-03 0.620 0.581 0.977 0.010
0.0055 -0.44261 8.98001 2.0134685040 2.5691105563    2.013  1.691  3.7199  2.882    5  0.000  0.352     0.00     0.00     0.00     0.00     0.00 -1    -1e-30      0.00 7.065e-01 2.878e-01 5.984e-04 8.785e-04 2.265e-03 -1.000 5.661e-03 0.542 0.503 0.897 -0.068
0.0055 -0.44261 8.98001 2.0365805626 2.5700653215    2.036  1.739  3.7204  2.841    5  0.000  0.352     0.00     0.00     0.00     0.00     0.00 -1    -1e-30      0.00 7.061e-01 2.882e-01 5.972e-04 8.866e-04 2.257e-03 -1.000 5.671e-03 0.422 0.382 0.775 -0.188
0.0055 -0.44261 8.98001 2.0463197231 2.5704602288    2.046  1.761  3.7206  2.822    5  0.000  0.352     0.00     0.00     0.00     0.00     0.00 -1    -1e-30      0.00 7.060e-01 2.884e-01 5.967e-04 8.892e-04 2.255e-03 -1.000 5.652e-03 0.368 0.328 0.721 -0.241
0.0055 -0.44261 8.98001 2.0674259663 2.5713013877    2.067  1.812  3.7206  2.775    5  0.000  0.353     0.00     0.00     0.00     0.00     0.00 -1    -1e-30      0.00 7.057e-01 2.887e-01 5.956e-04 8.948e-04 2.250e-03 -1.000 5.612e-03 0.239 0.199 0.592 -0.370
0.0055 -0.44261 8.98001 2.0860424042 2.5720270946    2.085  1.860  3.7203  2.731    5  0.000  0.353     0.00     0.00     0.00     0.00     0.00 -1    -1e-30      0.00 7.054e-01 2.890e-01 5.946e-04 8.998e-04 2.245e-03 -1.000 5.577e-03 0.120 0.080 0.473 -0.489
0.0055 -0.44261 8.98001 2.0869600773 2.5720624825    2.086  1.862  3.7203  2.728    5  0.000  0.353     0.00     0.00     0.00     0.00     0.00 -1    -1e-30      0.00 7.054e-01 2.890e-01 5.946e-04 8.999e-04 2.245e-03 -1.000 5.578e-03 0.114 0.074 0.468 -0.495
0.0055 -0.44261 8.98001 2.1105110645 2.5729585761    2.109  1.923  3.7190  2.667    5  0.000  0.353     0.00     0.00     0.00     0.00     0.00 -1    -1e-30      0.00 7.052e-01 2.892e-01 5.936e-04 9.037e-04 2.242e-03 -1.000 5.609e-03 -0.038 -0.075 0.321 -0.647
0.0055 -0.44261 8.98001 2.1114881039 2.5729952553    2.110  1.926  3.7189  2.664    5  0.000  0.353     0.00     0.00     0.00     0.00     0.00 -1    -1e-30      0.00 7.052e-01 2.892e-01 5.936e-04 9.038e-04 2.242e-03 -1.000 5.611e-03 -0.044 -0.081 0.315 -0.654
0.0055 -0.44261 8.98001 2.1169242859 2.5731986247    2.116  1.939  3.7178  2.648    5  0.000  0.352     0.00     0.00     0.00     0.00     0.00 -1    -1e-30      0.00 7.051e-01 2.893e-01 5.934e-04 9.047e-04 2.242e-03 -1.000 5.618e-03 -0.078 -0.113 0.286 -0.688
0.0055 -0.44261 8.98001 2.1345682144 2.5738504906    2.133  1.995  3.7123  2.573    6  0.000  0.352     0.00     0.00     0.00     0.00     0.00 -1    -1e-30      0.00 7.049e-01 2.894e-01 5.927e-04 9.075e-04 2.240e-03 -1.000 5.641e-03 -0.217 -0.241 0.170 -0.828
0.0055 -0.44261 8.98001 2.1355042458 2.5738847270    2.134  1.998  3.7120  2.569    6  0.000  0.352     0.00     0.00     0.00     0.00     0.00 -1    -1e-30      0.00 7.049e-01 2.894e-01 5.927e-04 9.076e-04 2.240e-03 -1.000 5.642e-03 -0.225 -0.249 0.163 -0.836
0.0055 -0.44261 8.98001 2.1388523579 2.5740069059    2.138  1.994  3.7134  2.580    6  0.000  0.352     0.00     0.00     0.00     0.00     0.00 -1    -1e-30      0.00 7.049e-01 2.895e-01 5.926e-04 9.083e-04 2.239e-03 -1.000 5.639e-03 -0.214 -0.241 0.167 -0.826
0.0055 -0.44261 8.98001 2.1436667442 2.5741818229    2.142  2.025  3.7070  2.523    6  0.000  0.353     0.00     0.00     0.00     0.00     0.00 -1    -1e-30      0.00 7.048e-01 2.895e-01 5.924e-04 9.093e-04 2.238e-03 -1.000 5.635e-03 -0.294 -0.308 0.116 -0.905
0.0055 -0.44261 8.98001 2.1447973251 2.5742227684    2.143  2.060  3.7022  2.470    6  0.000  0.353     0.00     0.00     0.00     0.00     0.00 -1    -1e-30      0.00 7.048e-01 2.895e-01 5.924e-04 9.095e-04 2.238e-03 -1.000 5.634e-03 -0.380 -0.384 0.051 -0.992
0.0055 -0.44261 8.98001 2.1452238560 2.5742382029    2.144  2.102  3.6976  2.410    6  0.000  0.353     0.00     0.00     0.00     0.00     0.00 -1    -1e-30      0.00 7.048e-01 2.896e-01 5.924e-04 9.096e-04 2.238e-03 -1.000 5.634e-03 -0.484 -0.477 -0.031 -1.096
0.0055 -0.44261 8.98001 2.1453635693 2.5742432571    2.144  2.140  3.6940  2.357    6  0.000  0.353     0.00     0.00     0.00     0.00     0.00 -1    -1e-30      0.00 7.048e-01 2.896e-01 5.924e-04 9.096e-04 2.238e-03 -1.000 5.634e-03 -0.579 -0.564 -0.108 -1.192
0.0055 -0.44261 8.98001 2.1454343796 2.5742458183    2.144  2.180  3.6903  2.302    6  0.000  0.353     0.00     0.00     0.00     0.00     0.00 -1    -1e-30      0.00 7.048e-01 2.896e-01 5.924e-04 9.097e-04 2.238e-03 -1.000 5.634e-03 -0.680 -0.656 -0.191 -1.293
0.0055 -0.44261 8.98001 2.1454391479 2.5742459908    2.144  2.184  3.6900  2.298    6  0.000  0.353     0.00     0.00     0.00     0.00     0.00 -1    -1e-30      0.00 7.048e-01 2.896e-01 5.924e-04 9.097e-04 2.238e-03 -1.000 5.634e-03 -0.689 -0.665 -0.199 -1.302
0.0055 -0.44261 8.98001 2.1454780102 2.5742473964    2.144  2.216  3.6873  2.255    7  0.000  0.353     0.00     0.00     0.00     0.00     0.00 -1 -2.32e-21      0.00 7.048e-01 2.895e-01 5.924e-04 9.097e-04 2.238e-03 -1.000 5.727e-03 -0.770 -0.738 -0.264 -1.381
0.0055 -0.44261 8.98001 2.1455128193 2.5742486554    2.144  2.233  3.6859  2.232    7  0.000  0.353     0.00     0.00     0.00     0.00     0.00 -1 -4.27e-19      0.00 7.048e-01 2.894e-01 5.924e-04 9.097e-04 2.238e-03 -1.000 5.750e-03 -0.812 -0.776 -0.299 -1.423
0.0055 -0.44261 8.98001 2.1455483437 2.5742499401    2.144  2.241  3.6853  2.221    7  0.000  0.353     0.00     0.00     0.00     0.00     0.00 -1 -4.14e-19      0.00 7.048e-01 2.894e-01 5.924e-04 9.097e-04 2.238e-03 -1.000 5.750e-03 -0.834 -0.796 -0.317 -1.444
0.0055 -0.44261 8.98001 2.1456470490 2.5742535096    2.144  2.232  3.6861  2.233    7  0.000  0.353     0.00     0.00     0.00     0.00     0.00 -1 -3.64e-19      0.00 7.048e-01 2.894e-01 5.924e-04 9.097e-04 2.238e-03 -1.000 5.750e-03 -0.811 -0.776 -0.299 -1.422
0.0055 -0.44261 8.98001 2.1457612514 2.5742576391    2.144  2.220  3.6871  2.249    7  0.000  0.353     0.00     0.00     0.00     0.00     0.00 -1 -6.63e-19      0.00 7.048e-01 2.894e-01 5.924e-04 9.097e-04 2.238e-03 -1.000 5.754e-03 -0.781 -0.748 -0.273 -1.392
0.0055 -0.44261 8.98001 2.1467416286 2.5742930680    2.145  2.225  3.6867  2.244    7  0.000  0.353     0.00     0.00     0.00     0.00     0.00 -1 -5.75e-13      0.00 7.048e-01 2.894e-01 5.924e-04 9.099e-04 2.238e-03 -1.000 5.842e-03 -0.792 -0.758 -0.282 -1.402
0.0055 -0.44261 8.98001 2.1477210522 2.5743284253    2.146  2.255  3.6842  2.203    7  0.000  0.353     0.00     0.00     0.00     0.00     0.00 -1 -4.97e-11      0.00 7.048e-01 2.893e-01 5.923e-04 9.101e-04 2.237e-03 -1.000 5.871e-03 -0.868 -0.828 -0.345 -1.478
0.0055 -0.44261 8.98001 2.1484453678 2.5743545493    2.147  2.289  3.6815  2.159    7  0.000  0.353     0.00     0.00     0.00     0.00     0.00 -1 -1.37e-10      0.00 7.048e-01 2.893e-01 5.923e-04 9.103e-04 2.237e-03 -1.000 5.877e-03 -0.952 -0.903 -0.414 -1.560
0.0055 -0.44261 8.98001 2.1490538120 2.5743764785    2.147  2.327  3.6784  2.108    7  0.000  0.353     0.00     0.00     0.00     0.00     0.00 -1 -1.67e-10      0.00 7.048e-01 2.893e-01 5.923e-04 9.104e-04 2.237e-03 -1.000 5.877e-03 -1.048 -0.990 -0.492 -1.655
0.0055 -0.44261 8.98001 2.1495573521 2.5743946161    2.148  2.376  3.6744  2.043    7  0.000  0.353     0.00     0.00     0.00     0.00     0.00 -1 -2.13e-10      0.00 7.048e-01 2.894e-01 5.923e-04 9.105e-04 2.237e-03 -1.000 5.877e-03 -1.170 -1.100 -0.590 -1.774
0.0055 -0.44261 8.98001 2.1499879360 2.5744101180    2.148  2.423  3.6707  1.982    7  0.000  0.353     0.00     0.00     0.00     0.00     0.00 -1  -2.7e-10      0.00 7.048e-01 2.894e-01 5.923e-04 9.106e-04 2.237e-03 -1.000 5.877e-03 -1.287 -1.206 -0.684 -1.889
0.0055 -0.44261 8.98001 2.1503627300 2.5744236055    2.148  2.466  3.6672  1.925    7  0.000  0.353     0.00     0.00     0.00     0.00     0.00 -1 -3.34e-10      0.00 7.048e-01 2.894e-01 5.923e-04 9.106e-04 2.237e-03 -1.000 5.877e-03 -1.394 -1.302 -0.769 -1.994
0.0055 -0.44261 8.98001 2.1506938934 2.5744355184    2.148  2.506  3.6639  1.872    7  0.000  0.353     4.76     3.51     2.60     1.93     1.57  4 -4.07e-10      0.00 7.048e-01 2.894e-01 5.922e-04 9.107e-04 2.237e-03 -1.000 5.876e-03 -1.494 -1.391 -0.848 -2.091
0.0055 -0.44261 8.98001 2.1509869099 2.5744460556    2.148  2.544  3.6607  1.821    7  0.000  0.353     5.27     3.85     2.84     2.11     1.72  4 -4.94e-10      0.00 7.048e-01 2.894e-01 5.922e-04 9.108e-04 2.237e-03 -1.000 5.872e-03 -1.591 -1.477 -0.924 -2.185
0.0055 -0.44261 8.98001 2.1512529850 2.5744556210    2.148  2.582  3.6563  1.765    7  0.000  0.353     5.88     4.26     3.13     2.32     1.89  4 -5.98e-10      0.00 7.048e-01 2.894e-01 5.921e-04 9.109e-04 2.237e-03 -1.000 5.871e-03 -1.686 -1.556 -0.989 -2.274
0.0055 -0.44261 8.98001 2.1514902115 2.5744641471    2.148  2.619  3.6520  1.711    7  0.000  0.352     6.55     4.70     3.44     2.56     2.08  4  -7.2e-10      0.00 7.047e-01 2.894e-01 5.920e-04 9.110e-04 2.237e-03 -1.000 5.871e-03 -1.778 -1.631 -1.051 -2.360
0.0055 -0.44261 8.98001 2.1517112255 2.5744720885    2.149  2.657  3.6488  1.660    7  0.000  0.352     7.23     5.15     3.75     2.79     2.27  4 -8.71e-10      0.00 7.047e-01 2.894e-01 5.916e-04 9.113e-04 2.237e-03 -1.000 5.871e-03 -1.872 -1.712 -1.121 -2.448
0.0055 -0.44261 8.98001 2.1519193649 2.5744795656    2.148  2.695  3.6458  1.611    7  0.000  0.352     7.98     5.63     4.08     3.04     2.48  4 -1.05e-09      0.00 7.047e-01 2.894e-01 5.908e-04 9.121e-04 2.237e-03 -1.000 5.871e-03 -1.966 -1.792 -1.192 -2.535
0.0055 -0.44261 8.98001 2.1521177292 2.5744866899    2.148  2.732  3.6426  1.561    7  0.000  0.351     8.81     6.16     4.45     3.32     2.71  4 -1.26e-09      0.00 7.047e-01 2.894e-01 5.898e-04 9.133e-04 2.236e-03 -1.000 5.871e-03 -2.060 -1.871 -1.261 -2.622
0.0055 -0.44261 8.98001 2.1523079872 2.5744935218    2.148  2.769  3.6396  1.512    7  0.000  0.350     9.71     6.74     4.85     3.62     2.95  4 -1.51e-09      0.00 7.047e-01 2.894e-01 5.887e-04 9.147e-04 2.236e-03 -1.000 5.885e-03 -2.152 -1.950 -1.330 -2.707
0.0055 -0.44261 8.98001 2.1524944305 2.5745002153    2.148  2.806  3.6366  1.463    7  0.000  0.350    10.70     7.36     5.27     3.95     3.22  4 -1.81e-09      0.00 7.047e-01 2.894e-01 5.876e-04 9.160e-04 2.236e-03 -1.000 5.885e-03 -2.244 -2.026 -1.395 -2.791
0.0055 -0.44261 8.98001 2.1526801586 2.5745068818    2.148  2.842  3.6336  1.414    7  0.000  0.349    11.77     8.03     5.73     4.30     3.51  4 -2.16e-09      0.00 7.047e-01 2.894e-01 5.868e-04 9.171e-04 2.236e-03 -1.000 5.885e-03 -2.335 -2.101 -1.459 -2.875
0.0055 -0.44261 8.98001 2.1528666019 2.5745135726    2.147  2.879  3.6306  1.366    7  0.000  0.349    12.96     8.77     6.24     4.68     3.82  4 -2.58e-09      0.00 7.047e-01 2.894e-01 5.860e-04 9.181e-04 2.236e-03 -1.000 5.885e-03 -2.427 -2.178 -1.524 -2.959
0.0055 -0.44261 8.98001 2.1530408859 2.5745198259    2.147  2.916  3.6276  1.317    7  0.000  0.348    14.28     9.58     6.78     5.10     4.16  4 -3.08e-09      0.00 7.047e-01 2.894e-01 5.853e-04 9.190e-04 2.236e-03 -1.000 5.885e-03 -2.519 -2.253 -1.587 -3.043
0.0055 -0.44261 8.98001 2.1531403065 2.5745233925    2.146  2.940  3.6256  1.284    7  0.000  0.348    15.24    10.16     7.18     5.40     4.41  4 -3.46e-09      0.00 7.047e-01 2.894e-01 5.849e-04 9.195e-04 2.236e-03 -1.000 5.885e-03 -2.581 -2.303 -1.629 -3.099
0.0055 -0.44261 8.98001 2.1532065868 2.5745257701    2.146  2.961  3.6239  1.256    7  0.000  0.348    16.11    10.70     7.54     5.67     4.63  4 -3.82e-09      0.00 7.047e-01 2.894e-01 5.847e-04 9.199e-04 2.236e-03 -1.000 5.871e-03 -2.634 -2.346 -1.665 -3.146
0.0055 -0.44261 8.98001 2.1532661915 2.5745279081    2.146  2.987  3.6218  1.222    7  0.000  0.348    17.21    11.36     7.99     6.02     4.91  4  -4.3e-09      0.00 7.047e-01 2.894e-01 5.843e-04 9.203e-04 2.236e-03 -1.000 5.871e-03 -2.696 -2.397 -1.708 -3.203
0.0055 -0.44261 8.98001 2.1533219814 2.5745299091    2.146  3.015  3.6195  1.185    7  0.000  0.348    18.54    12.16     8.52     6.43     5.25  4 -4.92e-09      0.00 7.047e-01 2.894e-01 5.840e-04 9.207e-04 2.236e-03 -1.000 5.873e-03 -2.767 -2.454 -1.755 -3.267
0.0055 -0.44261 8.98001 2.1533775330 2.5745319014    2.145  3.049  3.6166  1.139    7  0.000  0.347    20.28    13.20     9.21     6.96     5.68  4  -5.8e-09      0.00 7.047e-01 2.894e-01 5.836e-04 9.212e-04 2.236e-03 -1.000 5.876e-03 -2.852 -2.521 -1.810 -3.342
0.0055 -0.44261 8.98001 2.1534352303 2.5745339706    2.145  3.086  3.6135  1.090    7  0.000  0.347    22.38    14.44    10.04     7.59     6.20  4 -6.89e-09      0.00 7.047e-01 2.894e-01 5.833e-04 9.216e-04 2.236e-03 -1.000 5.876e-03 -2.945 -2.595 -1.869 -3.425
0.0055 -0.44261 8.98001 2.1534976959 2.5745362106    2.144  3.127  3.6100  1.035    7  0.000  0.347    24.95    15.95    11.04     8.36     6.83  4 -8.32e-09      0.00 7.047e-01 2.894e-01 5.831e-04 9.218e-04 2.236e-03 -1.000 5.876e-03 -3.046 -2.674 -1.933 -3.515
0.0055 -0.44261 8.98001 2.1535480022 2.5745380145    2.144  3.160  3.6070  0.989    7  0.000  0.347    27.29    17.31    11.94     9.05     7.39  4 -9.77e-09      0.00 7.047e-01 2.894e-01 5.830e-04 9.219e-04 2.236e-03 -1.000 5.876e-03 -3.130 -2.738 -1.983 -3.587
0.0055 -0.44261 8.98001 2.1535632610 2.5745385616    2.143  3.157  3.6074  0.994    7  0.000  0.347    27.03    17.16    11.84     8.97     7.33  4 -9.62e-09      0.00 7.047e-01 2.894e-01 5.830e-04 9.219e-04 2.236e-03 -1.000 5.876e-03 -3.121 -2.732 -1.978 -3.580
0.0055 -0.44261 8.98001 2.1535634995 2.5745385702    2.143  3.151  3.6079  1.002    7  0.000  0.347    26.62    16.92    11.68     8.85     7.23  4 -9.39e-09      0.00 7.047e-01 2.894e-01 5.830e-04 9.219e-04 2.236e-03 -1.000 5.876e-03 -3.107 -2.721 -1.970 -3.567
0.0055 -0.44261 8.98001 2.1535637379 2.5745385787    2.143  3.145  3.6083  1.009    7  0.000  0.347    26.24    16.70    11.54     8.74     7.14  4 -9.13e-09      0.00 7.047e-01 2.894e-01 5.830e-04 9.219e-04 2.236e-03 -1.000 5.876e-03 -3.093 -2.710 -1.962 -3.556
0.0055 -0.44261 8.98001 2.1535642147 2.5745385958    2.143  3.151  3.6078  1.001    7  0.000  0.347    26.65    16.94    11.69     8.86     7.24  4 -9.38e-09      0.00 7.047e-01 2.894e-01 5.830e-04 9.219e-04 2.236e-03 -1.000 5.876e-03 -3.108 -2.722 -1.971 -3.568
0.0055 -0.44261 8.98001 2.1535644531 2.5745386043    2.143  3.158  3.6073  0.993    7  0.000  0.347    27.11    17.21    11.87     9.00     7.35  4 -9.68e-09      0.00 7.047e-01 2.894e-01 5.830e-04 9.219e-04 2.236e-03 -1.000 5.876e-03 -3.124 -2.734 -1.980 -3.582
0.0055 -0.44261 8.98001 2.1535651684 2.5745386300    2.143  3.161  3.6070  0.988    7  0.000  0.347    27.35    17.34    11.96     9.06     7.41  4 -9.82e-09      0.00 7.047e-01 2.894e-01 5.830e-04 9.219e-04 2.236e-03 -1.000 5.876e-03 -3.132 -2.740 -1.984 -3.589
0.0055 -0.44261 8.98001 2.1535658836 2.5745386556    2.143  3.156  3.6074  0.995    7  0.000  0.347    26.99    17.13    11.82     8.96     7.32  4  -9.6e-09      0.00 7.047e-01 2.894e-01 5.830e-04 9.219e-04 2.236e-03 -1.000 5.876e-03 -3.120 -2.730 -1.977 -3.578
0.0055 -0.44261 8.98001 2.1535694599 2.5745387839    2.143  3.160  3.6071  0.989    7  0.000  0.347    27.28    17.30    11.93     9.04     7.39  4 -9.78e-09      0.00 7.047e-01 2.894e-01 5.830e-04 9.219e-04 2.236e-03 -1.000 5.876e-03 -3.130 -2.738 -1.983 -3.587
0.0055 -0.44261 8.98001 2.1535730362 2.5745389121    2.143  3.167  3.6064  0.980    7  0.000  0.347    27.81    17.61    12.13     9.20     7.52  4 -1.01e-08      0.00 7.047e-01 2.894e-01 5.830e-04 9.219e-04 2.236e-03 -1.000 5.876e-03 -3.148 -2.752 -1.993 -3.603
0.0055 -0.44261 8.98001 2.1535766125 2.5745390403    2.143  3.175  3.6058  0.970    7  0.000  0.347    28.37    17.93    12.35     9.36     7.65  4 -1.05e-08      0.00 7.047e-01 2.894e-01 5.830e-04 9.219e-04 2.236e-03 -1.000 5.876e-03 -3.166 -2.766 -2.004 -3.619
0.0055 -0.44261 8.98001 2.1535809040 2.5745391942    2.143  3.182  3.6051  0.959    7  0.000  0.347    28.95    18.27    12.57     9.53     7.79  4 -1.09e-08      0.00 7.047e-01 2.894e-01 5.830e-04 9.219e-04 2.236e-03 -1.000 5.876e-03 -3.185 -2.780 -2.015 -3.635
0.0055 -0.44261 8.98001 2.1535861492 2.5745393823    2.143  3.190  3.6044  0.948    7  0.000  0.347    29.60    18.64    12.81     9.72     7.95  3 -1.13e-08      0.00 7.047e-01 2.894e-01 5.830e-04 9.219e-04 2.236e-03 -1.000 5.876e-03 -3.206 -2.796 -2.027 -3.653
0.0055 -0.44261 8.98001 2.1535925865 2.5745396131    2.143  3.199  3.6036  0.937    7  0.000  0.347    30.29    19.04    13.07     9.92     8.11  3 -1.17e-08      0.00 7.047e-01 2.894e-01 5.829e-04 9.220e-04 2.236e-03 -1.000 5.876e-03 -3.227 -2.812 -2.040 -3.672
0.0055 -0.44261 8.98001 2.1536009312 2.5745399123    2.143  3.209  3.6027  0.923    7  0.000  0.347    31.10    19.50    13.38    10.16     8.30  3 -1.23e-08      0.00 7.047e-01 2.894e-01 5.829e-04 9.220e-04 2.236e-03 -1.000 5.876e-03 -3.252 -2.830 -2.053 -3.693
0.0055 -0.44261 8.98001 2.1536123753 2.5745403226    2.143  3.220  3.6017  0.908    7  0.000  0.347    32.06    20.05    13.74    10.44     8.53  3 -1.29e-08      0.00 7.047e-01 2.894e-01 5.829e-04 9.220e-04 2.236e-03 -1.000 5.876e-03 -3.280 -2.851 -2.069 -3.717
0.0055 -0.44261 8.98001 2.1536312103 2.5745409979    2.142  3.235  3.6003  0.887    7  0.000  0.347    33.41    20.82    14.24    10.82     8.85  3 -1.38e-08      0.00 7.047e-01 2.894e-01 5.829e-04 9.220e-04 2.236e-03 -1.000 5.876e-03 -3.318 -2.880 -2.091 -3.750
0.0055 -0.44261 8.98001 2.1536431313 2.5745414253    2.142  3.238  3.6001  0.883    7  0.000  0.347    33.66    20.97    14.33    10.90     8.91  3  -1.4e-08      0.00 7.047e-01 2.894e-01 5.829e-04 9.220e-04 2.236e-03 -1.000 5.876e-03 -3.325 -2.886 -2.095 -3.757
0.0055 -0.44261 8.98001 2.1536433697 2.5745414339    2.142  3.235  3.6004  0.888    7  0.000  0.347    33.35    20.79    14.22    10.81     8.84  3 -1.38e-08      0.00 7.047e-01 2.894e-01 5.828e-04 9.221e-04 2.236e-03 -1.000 5.876e-03 -3.317 -2.880 -2.091 -3.749
0.0055 -0.44261 8.98001 2.1536436081 2.5745414424    2.142  3.267  3.5972  0.843    7  0.000  0.347    36.44    22.54    15.36    11.69     9.56  3 -1.59e-08      0.00 7.047e-01 2.894e-01 5.828e-04 9.221e-04 2.236e-03 -1.000 5.876e-03 -3.397 -2.936 -2.130 -3.816
0.0055 -0.44261 8.98001 2.1536438465 2.5745414510    2.142  3.265  3.5975  0.846    7  0.000  0.347    36.23    22.42    15.28    11.63     9.51  3 -1.58e-08      0.00 7.047e-01 2.894e-01 5.828e-04 9.221e-04 2.236e-03 -1.000 5.876e-03 -3.392 -2.932 -2.127 -3.812
0.0055 -0.44261 8.98001 2.1536440849 2.5745414595    2.142  3.249  3.5990  0.868    7  0.000  0.347    34.72    21.57    14.72    11.20     9.16  3 -1.48e-08      0.00 7.047e-01 2.894e-01 5.828e-04 9.221e-04 2.236e-03 -1.000 5.876e-03 -3.353 -2.906 -2.110 -3.780
0.0055 -0.44261 8.98001 2.1536443233 2.5745414681    2.142  3.233  3.6006  0.890    7  0.000  0.347    33.22    20.72    14.17    10.77     8.81  3 -1.37e-08      0.00 7.047e-01 2.894e-01 5.828e-04 9.221e-04 2.236e-03 -1.000 5.876e-03 -3.313 -2.877 -2.089 -3.746
0.0055 -0.44261 8.98001 2.1536445618 2.5745414766    2.142  3.241  3.5998  0.879    7  0.000  0.347    33.92    21.11    14.43    10.97     8.97  3 -1.42e-08      0.00 7.047e-01 2.894e-01 5.828e-04 9.221e-04 2.236e-03 -1.000 5.876e-03 -3.332 -2.891 -2.099 -3.763
0.0055 -0.44261 8.98001 2.1536448002 2.5745414852    2.142  3.247  3.5992  0.871    7  0.000  0.347    34.50    21.44    14.64    11.14     9.11  3 -1.46e-08      0.00 7.047e-01 2.894e-01 5.828e-04 9.221e-04 2.236e-03 -1.000 5.876e-03 -3.348 -2.902 -2.107 -3.776
0.0055 -0.44261 8.98001 2.1536450386 2.5745414937    2.142  3.248  3.5992  0.870    7  0.000  0.347    34.58    21.49    14.67    11.16     9.12  3 -1.47e-08      0.00 7.047e-01 2.894e-01 5.828e-04 9.221e-04 2.236e-03 -1.000 5.876e-03 -3.350 -2.903 -2.108 -3.777
0.0055 -0.44261 8.98001 2.1536452770 2.5745415023    2.142  3.238  3.6001  0.884    7  0.000  0.347    33.63    20.95    14.32    10.89     8.90  3  -1.4e-08      0.00 7.047e-01 2.894e-01 5.828e-04 9.221e-04 2.236e-03 -1.000 5.876e-03 -3.324 -2.885 -2.095 -3.756
0.0055 -0.44261 8.98001 2.1536455154 2.5745415108    2.142  3.233  3.6006  0.891    7  0.000  0.347    33.16    20.68    14.15    10.75     8.79  3 -1.37e-08      0.00 7.047e-01 2.894e-01 5.828e-04 9.221e-04 2.236e-03 -1.000 5.876e-03 -3.311 -2.875 -2.088 -3.745
0.0055 -0.44261 8.98001 2.1536457539 2.5745415194    2.142  3.228  3.6011  0.898    7  0.000  0.347    32.71    20.43    13.98    10.62     8.69  3 -1.34e-08      0.00 7.047e-01 2.894e-01 5.828e-04 9.221e-04 2.236e-03 -1.000 5.876e-03 -3.299 -2.866 -2.081 -3.734
0.0055 -0.44261 8.98001 2.1536464691 2.5745415450    2.142  3.232  3.6007  0.891    7  0.000  0.347    33.13    20.66    14.13    10.74     8.78  3 -1.37e-08      0.00 7.047e-01 2.894e-01 5.828e-04 9.221e-04 2.236e-03 -1.000 5.876e-03 -3.311 -2.875 -2.088 -3.744
0.0055 -0.44261 8.98001 2.1536469460 2.5745415621    2.142  3.226  3.6012  0.899    7  0.000  0.347    32.61    20.37    13.94    10.59     8.66  3 -1.33e-08      0.00 7.047e-01 2.894e-01 5.828e-04 9.221e-04 2.236e-03 -1.000 5.876e-03 -3.296 -2.864 -2.079 -3.732
0.0055 -0.44261 8.98001 2.1536481380 2.5745416049    2.142  3.222  3.6016  0.906    7  0.000  0.347    32.19    20.13    13.79    10.47     8.56  3 -1.31e-08      0.00 7.047e-01 2.894e-01 5.828e-04 9.221e-04 2.236e-03 -1.000 5.876e-03 -3.284 -2.855 -2.072 -3.721
0.0055 -0.44261 8.98001 2.1536495686 2.5745416561    2.142  3.217  3.6020  0.912    7  0.000  0.347    31.79    19.90    13.64    10.36     8.47  3 -1.28e-08      0.00 7.047e-01 2.894e-01 5.828e-04 9.221e-04 2.236e-03 -1.000 5.876e-03 -3.272 -2.846 -2.066 -3.711
0.0055 -0.44261 8.98001 2.1536512375 2.5745417160    2.142  3.213  3.6024  0.918    7  0.000  0.347    31.43    19.70    13.50    10.25     8.38  3 -1.25e-08      0.00 7.047e-01 2.894e-01 5.828e-04 9.221e-04 2.236e-03 -1.000 5.876e-03 -3.262 -2.838 -2.059 -3.702
0.0055 -0.44261 8.98001 2.1536531448 2.5745417844    2.142  3.209  3.6027  0.923    7  0.000  0.347    31.11    19.51    13.38    10.16     8.31  3 -1.23e-08      0.00 7.047e-01 2.894e-01 5.828e-04 9.221e-04 2.236e-03 -1.000 5.876e-03 -3.252 -2.831 -2.054 -3.693
0.0055 -0.44261 8.98001 2.1536562443 2.5745418955    2.142  3.205  3.6031  0.929    7  0.000  0.347    30.77    19.32    13.25    10.06     8.23  3 -1.21e-08      0.00 7.047e-01 2.894e-01 5.828e-04 9.221e-04 2.236e-03 -1.000 5.876e-03 -3.242 -2.823 -2.048 -3.685
0.0055 -0.44261 8.98001 2.1536653042 2.5745422203    2.142  3.208  3.6028  0.924    7  0.000  0.347    31.03    19.47    13.35    10.14     8.29  3 -1.22e-08      0.00 7.047e-01 2.894e-01 5.828e-04 9.221e-04 2.236e-03 -1.000 5.876e-03 -3.250 -2.829 -2.053 -3.691
0.0055 -0.44261 8.98001 2.1536707878 2.5745424169    2.142  3.215  3.6022  0.915    7  0.000  0.347    31.61    19.80    13.57    10.31     8.43  3 -1.26e-08      0.00 7.047e-01 2.894e-01 5.828e-04 9.221e-04 2.236e-03 -1.000 5.876e-03 -3.267 -2.842 -2.063 -3.706
0.0055 -0.44261 8.98001 2.1536757946 2.5745425964    2.142  3.215  3.6022  0.914    7  0.000  0.347    31.65    19.82    13.58    10.32     8.43  3 -1.26e-08      0.00 7.047e-01 2.894e-01 5.828e-04 9.222e-04 2.236e-03 -1.000 5.876e-03 -3.268 -2.843 -2.063 -3.707
0.0055 -0.44261 8.98001 2.1536805630 2.5745427674    2.141  3.217  3.6020  0.911    7  0.000  0.347    31.83    19.92    13.65    10.37     8.48  3 -1.27e-08      0.00 7.047e-01 2.894e-01 5.828e-04 9.222e-04 2.236e-03 -1.000 5.876e-03 -3.273 -2.847 -2.066 -3.712
0.0055 -0.44261 8.98001 2.1536865234 2.5745429811    2.141  3.229  3.6010  0.896    7  0.000  0.347    32.80    20.48    14.01    10.65     8.71  3 -1.34e-08      0.00 7.047e-01 2.894e-01 5.828e-04 9.222e-04 2.236e-03 -1.000 5.876e-03 -3.301 -2.868 -2.082 -3.736
0.0055 -0.44261 8.98001 2.1536927223 2.5745432033    2.141  3.237  3.6003  0.885    7  0.000  0.347    33.56    20.91    14.30    10.87     8.89  3  -1.4e-08      0.00 7.047e-01 2.894e-01 5.828e-04 9.222e-04 2.236e-03 -1.000 5.875e-03 -3.323 -2.884 -2.095 -3.755
0.0055 -0.44261 8.98001 2.1536993980 2.5745434426    2.141  3.252  3.5990  0.865    7  0.000  0.347    34.90    21.67    14.79    11.25     9.20  3 -1.49e-08      0.00 7.047e-01 2.894e-01 5.828e-04 9.222e-04 2.236e-03 -1.000 5.876e-03 -3.359 -2.911 -2.115 -3.786
0.0055 -0.44261 8.98001 2.1537063122 2.5745436905    2.141  3.265  3.5977  0.846    7  0.000  0.347    36.22    22.42    15.28    11.63     9.51  3 -1.58e-08      0.00 7.047e-01 2.894e-01 5.828e-04 9.222e-04 2.236e-03 -1.000 5.876e-03 -3.394 -2.936 -2.133 -3.815
0.0055 -0.44261 8.98001 2.1537151337 2.5745440068    2.141  3.278  3.5965  0.828    7  0.000  0.347    37.51    23.15    15.75    11.99     9.81  3 -1.68e-08      0.00 7.047e-01 2.894e-01 5.828e-04 9.222e-04 2.236e-03 -1.000 5.876e-03 -3.426 -2.959 -2.149 -3.842
0.0055 -0.44261 8.98001 2.1537268162 2.5745444256    2.140  3.294  3.5950  0.806    7  0.000  0.347    39.18    24.08    16.36    12.46    10.19  3 -1.81e-08      0.00 7.047e-01 2.894e-01 5.828e-04 9.222e-04 2.236e-03 -1.000 5.876e-03 -3.466 -2.988 -2.170 -3.876
0.0055 -0.44261 8.98001 2.1537444592 2.5745450581    2.140  3.338  3.5910  0.747    7  0.000  0.347    44.09    26.83    18.14    13.84    11.32  3 -2.21e-08      0.00 7.047e-01 2.894e-01 5.827e-04 9.224e-04 2.236e-03 -1.000 5.876e-03 -3.575 -3.067 -2.226 -3.968
0.0055 -0.44261 8.98001 2.1537599564 2.5745456137    2.139  3.375  3.5876  0.696    7  0.000  0.347    48.78    29.42    19.81    15.13    12.38  3 -2.61e-08      0.00 7.047e-01 2.894e-01 5.827e-04 9.226e-04 2.236e-03 -1.000 5.876e-03 -3.668 -3.132 -2.270 -4.045
