Zini MH logAge Mini int_IMF Mass logL logTe logg label McoreTP C_O period0 period1 period2 period3 period4 pmode Mloss tau1m X Y Xc Xn Xo Cexcess Z mbolmag Gmag G_BPmag G_RPmag
0.004 -0.58336 8.50000 0.0900000036 1.0816895926    0.090 -3.057  3.4374  5.151    0  0.000  0.545     0.00     0.00     0.00     0.00     0.00 -1 -9.87e-17      0.00 7.399e-01 2.561e-01 7.193e-04 1.940e-04 1.760e-03 -1.000 4.000e-03 12.412 13.901 16.457 12.495
0.004 -0.58336 8.50000 0.0929655731 1.1095048763    0.093 -3.028  3.4417  5.153    0  0.000  0.545     0.00     0.00     0.00     0.00     0.00 -1 -1.04e-16      0.00 7.399e-01 2.561e-01 7.193e-04 1.940e-04 1.760e-03 -1.000 4.000e-03 12.339 13.787 16.266 12.392
0.004 -0.58336 8.50000 0.0993089229 1.1653075337    0.099 -2.964  3.4513  5.156    0  0.000  0.545     0.00     0.00     0.00     0.00     0.00 -1 -1.16e-16      0.00 7.399e-01 2.561e-01 7.193e-04 1.940e-04 1.760e-03 -1.000 4.000e-03 12.179 13.536 15.844 12.170
0.004 -0.58336 8.50000 0.1000000015 1.1711064122    0.100 -2.957  3.4524  5.156    0  0.000  0.545     0.00     0.00     0.00     0.00     0.00 -1 -1.17e-16      0.00 7.399e-01 2.561e-01 7.193e-04 1.940e-04 1.760e-03 -1.000 4.000e-03 12.162 13.509 15.796 12.145
0.004 -0.58336 8.50000 0.1028844789 1.1947594072    0.103 -2.931  3.4558  5.157    0  0.000  0.545     0.00     0.00     0.00     0.00     0.00 -1 -1.22e-16      0.00 7.399e-01 2.561e-01 7.193e-04 1.940e-04 1.760e-03 -1.000 4.000e-03 12.098 13.411 15.634 12.059
0.004 -0.58336 8.50000 0.1075818315 1.2314895284    0.108 -2.885  3.4618  5.154    0  0.000  0.545     0.00     0.00     0.00     0.00     0.00 -1 -1.33e-16      0.00 7.399e-01 2.561e-01 7.193e-04 1.940e-04 1.760e-03 -1.000 4.000e-03 11.983 13.240 15.353 11.908
0.004 -0.58336 8.50000 0.1199999973 1.3193154249    0.120 -2.765  3.4776  5.144    0  0.000  0.545     0.00     0.00     0.00     0.00     0.00 -1 -1.68e-16      0.00 7.399e-01 2.561e-01 7.193e-04 1.940e-04 1.760e-03 -1.000 4.000e-03 11.683 12.794 14.643 11.517
0.004 -0.58336 8.50000 0.1302826107 1.3835409915    0.130 -2.683  3.4865  5.134    0  0.000  0.545     0.00     0.00     0.00     0.00     0.00 -1 -1.97e-16      0.00 7.399e-01 2.561e-01 7.193e-04 1.940e-04 1.760e-03 -1.000 4.000e-03 11.478 12.508 14.215 11.264
0.004 -0.58336 8.50000 0.1400000006 1.4384526719    0.140 -2.602  3.4948  5.117    0  0.000  0.545     0.00     0.00     0.00     0.00     0.00 -1 -2.34e-16      0.00 7.399e-01 2.561e-01 7.193e-04 1.940e-04 1.760e-03 -1.000 4.000e-03 11.276 12.233 13.822 11.021
0.004 -0.58336 8.50000 0.1599999964 1.5372931554    0.160 -2.474  3.5071  5.097    0  0.000  0.545     0.00     0.00     0.00     0.00     0.00 -1 -3.02e-16      0.00 7.399e-01 2.561e-01 7.193e-04 1.940e-04 1.760e-03 -1.000 4.000e-03 10.955 11.811 13.247 10.645
0.004 -0.58336 8.50000 0.1999999881 1.6938790356    0.200 -2.279  3.5245  5.068    0  0.000  0.545     0.00     0.00     0.00     0.00     0.00 -1 -4.36e-16      0.00 7.398e-01 2.562e-01 7.193e-04 1.940e-04 1.760e-03 -1.000 4.000e-03 10.467 11.192 12.451 10.089
0.004 -0.58336 8.50000 0.2047228217 1.7096597209    0.205 -2.260  3.5259  5.065    0  0.000  0.545     0.00     0.00     0.00     0.00     0.00 -1 -4.51e-16      0.00 7.398e-01 2.562e-01 7.193e-04 1.940e-04 1.760e-03 -1.000 4.000e-03 10.421 11.137 12.383 10.038
0.004 -0.58336 8.50000 0.2343965173 1.7990321161    0.234 -2.146  3.5342  5.043    0  0.000  0.545     0.00     0.00     0.00     0.00     0.00 -1 -5.61e-16      0.00 7.398e-01 2.562e-01 7.193e-04 1.940e-04 1.760e-03 -1.000 4.000e-03 10.136 10.798 11.977 9.725
0.004 -0.58336 8.50000 0.2500000000 1.8403257998    0.250 -2.091  3.5382  5.031    0  0.000  0.545     0.00     0.00     0.00     0.00     0.00 -1 -6.27e-16      0.00 7.398e-01 2.562e-01 7.193e-04 1.940e-04 1.760e-03 -1.000 4.000e-03 9.996 10.633 11.782 9.573
0.004 -0.58336 8.50000 0.3000000119 1.9529139769    0.300 -1.942  3.5478  5.000    0  0.000  0.545     0.00     0.00     0.00     0.00     0.00 -1 -8.31e-16      0.00 7.397e-01 2.563e-01 7.193e-04 1.940e-04 1.760e-03 -1.000 4.000e-03 9.625 10.204 11.286 9.173
0.004 -0.58336 8.50000 0.3499999642 2.0434174156    0.350 -1.797  3.5573  4.960    0  0.000  0.545     0.00     0.00     0.00     0.00     0.00 -1 -1.13e-15      0.00 7.399e-01 2.561e-01 7.193e-04 1.940e-04 1.760e-03 -1.000 4.000e-03 9.263 9.789 10.812 8.787
0.004 -0.58336 8.50000 0.3999999762 2.1185023988    0.400 -1.638  3.5691  4.906    0  0.000  0.545     0.00     0.00     0.00     0.00     0.00 -1 -1.61e-15      0.00 7.399e-01 2.561e-01 7.193e-04 1.940e-04 1.760e-03 -1.000 4.000e-03 8.864 9.328 10.283 8.360
0.004 -0.58336 8.50000 0.4499999881 2.1822809009    0.450 -1.469  3.5833  4.845    0  0.000  0.545     0.00     0.00     0.00     0.00     0.00 -1 -2.41e-15      0.00 7.399e-01 2.561e-01 7.193e-04 1.940e-04 1.760e-03 -1.000 4.000e-03 8.443 8.842 9.728 7.911
0.004 -0.58336 8.50000 0.4999999702 2.2374541023    0.500 -1.293  3.6019  4.790    0  0.000  0.545     0.00     0.00     0.00     0.00     0.00 -1 -3.65e-15      0.00 7.399e-01 2.561e-01 7.193e-04 1.940e-04 1.760e-03 -1.000 4.000e-03 8.003 8.327 9.135 7.443
0.004 -0.58336 8.50000 0.5500000119 2.2836582633    0.550 -1.116  3.6283  4.760    0  0.000  0.545     0.00     0.00     0.00     0.00     0.00 -1 -5.41e-15      0.00 7.408e-01 2.552e-01 7.172e-04 1.935e-04 1.754e-03 -1.000 4.000e-03 7.561 7.793 8.497 6.974
0.004 -0.58336 8.50000 0.5999999642 2.3211212854    0.600 -0.941  3.6551  4.729    0  0.000  0.545     0.00     0.00     0.00     0.00     0.00 -1 -8.03e-15      0.00 7.409e-01 2.551e-01 7.167e-04 1.934e-04 1.754e-03 -1.000 4.000e-03 7.122 7.254 7.850 6.512
0.004 -0.58336 8.50000 0.6179584861 2.3328874267    0.618 -0.879  3.6651  4.720    0  0.000  0.545     0.00     0.00     0.00     0.00     0.00 -1 -9.21e-15      0.00 7.410e-01 2.550e-01 7.165e-04 1.933e-04 1.753e-03 -1.000 4.000e-03 6.966 7.064 7.622 6.350
0.004 -0.58336 8.50000 0.6499999166 2.3520352771    0.650 -0.775  3.6827  4.709    1  0.000  0.545     0.00     0.00     0.00     0.00     0.00 -1 -1.16e-14      0.00 7.411e-01 2.549e-01 7.163e-04 1.932e-04 1.752e-03 -1.000 4.000e-03 6.708 6.748 7.249 6.082
0.004 -0.58336 8.50000 0.6708180308 2.3633550518    0.671 -0.711  3.6937  4.702    1  0.000  0.545     0.00     0.00     0.00     0.00     0.00 -1 -1.33e-14      0.00 7.412e-01 2.548e-01 7.161e-04 1.932e-04 1.752e-03 -1.000 3.957e-03 6.546 6.555 7.025 5.916
0.004 -0.58336 8.50000 0.6999999881 2.3779266974    0.700 -0.624  3.7089  4.694    0  0.000  0.545     0.00     0.00     0.00     0.00     0.00 -1  -1.6e-14      0.00 7.413e-01 2.548e-01 7.159e-04 1.931e-04 1.752e-03 -1.000 3.912e-03 6.329 6.304 6.735 5.700
0.004 -0.58336 8.50000 0.7477272749 2.3989636747    0.748 -0.489  3.7316  4.679    0  0.000  0.538     0.00     0.00     0.00     0.00     0.00 -1 -2.16e-14      0.00 7.415e-01 2.545e-01 7.063e-04 1.927e-04 1.751e-03 -1.000 3.998e-03 5.992 5.930 6.309 5.375
0.004 -0.58336 8.50000 0.7954545617 2.4171243451    0.795 -0.363  3.7505  4.656    0  0.000  0.538     0.00     0.00     0.00     0.00     0.00 -1 -2.87e-14      0.00 7.418e-01 2.542e-01 7.051e-04 1.926e-04 1.749e-03 -1.000 3.958e-03 5.678 5.598 5.938 5.084
0.004 -0.58336 8.50000 0.8431818485 2.4329412586    0.843 -0.245  3.7669  4.628    0  0.000  0.538     0.00     0.00     0.00     0.00     0.00 -1 -3.78e-14      0.00 7.423e-01 2.538e-01 7.041e-04 1.923e-04 1.746e-03 -1.000 3.952e-03 5.382 5.296 5.603 4.817
0.004 -0.58336 8.50000 0.8909090757 2.4468253017    0.890 -0.131  3.7810  4.595    1  0.000  0.537     0.00     0.00     0.00     0.00     0.00 -1 -4.95e-14      0.00 7.430e-01 2.531e-01 7.024e-04 1.918e-04 1.742e-03 -1.000 3.933e-03 5.098 5.012 5.291 4.564
0.004 -0.58336 8.50000 0.9386363626 2.4590982838    0.938 -0.023  3.7933  4.559    1  0.000  0.537     0.00     0.00     0.00     0.00     0.00 -1 -6.45e-14      0.00 7.442e-01 2.519e-01 6.995e-04 1.911e-04 1.735e-03 -1.000 3.913e-03 4.828 4.744 5.001 4.324
0.004 -0.58336 8.50000 0.9693523049 2.4662659973    0.969  0.044  3.8006  4.535    1  0.000  0.537     0.00     0.00     0.00     0.00     0.00 -1 -7.61e-14      0.00 7.446e-01 2.515e-01 6.990e-04 1.909e-04 1.734e-03 -1.000 3.942e-03 4.661 4.579 4.822 4.175
0.004 -0.58336 8.50000 0.9863637090 2.4700155298    0.986  0.080  3.8046  4.523    1  0.000  0.537     0.00     0.00     0.00     0.00     0.00 -1 -8.31e-14      0.00 7.448e-01 2.513e-01 6.987e-04 1.908e-04 1.734e-03 -1.000 3.960e-03 4.571 4.491 4.727 4.096
0.004 -0.58336 8.50000 1.0340908766 2.4797820107    1.034  0.176  3.8153  4.489    1  0.000  0.537     0.00     0.00     0.00     0.00     0.00 -1    -1e-13      0.00 7.449e-01 2.511e-01 6.988e-04 1.909e-04 1.734e-03 -1.000 3.955e-03 4.329 4.253 4.470 3.881
0.004 -0.58336 8.50000 1.0818182230 2.4885641938    1.081  0.270  3.8258  4.457    1  0.000  0.537     0.00     0.00     0.00     0.00     0.00 -1 -1.17e-13      0.00 7.451e-01 2.510e-01 6.985e-04 1.908e-04 1.734e-03 -1.000 3.920e-03 4.094 4.021 4.222 3.672
0.004 -0.58336 8.50000 1.1295454502 2.4964983821    1.129  0.359  3.8366  4.431    1  0.000  0.537     0.00     0.00     0.00     0.00     0.00 -1 -1.34e-13      0.00 7.450e-01 2.511e-01 6.986e-04 1.908e-04 1.733e-03 -1.000 3.905e-03 3.874 3.803 3.987 3.479
0.004 -0.58336 8.50000 1.1772727966 2.5036973537    1.176  0.442  3.8481  4.411    1  0.000  0.537     0.00     0.00     0.00     0.00     0.00 -1 -1.49e-13      0.00 7.450e-01 2.511e-01 6.985e-04 1.908e-04 1.733e-03 -1.000 3.902e-03 3.664 3.597 3.763 3.299
0.004 -0.58336 8.50000 1.2006239891 2.5069807013    1.200  0.481  3.8545  4.406    1  0.000  0.537     0.00     0.00     0.00     0.00     0.00 -1 -1.55e-13      0.00 7.451e-01 2.510e-01 6.984e-04 1.908e-04 1.733e-03 -1.000 3.922e-03 3.567 3.501 3.658 3.218
0.004 -0.58336 8.50000 1.2250000238 2.5102550374    1.224  0.521  3.8609  4.400    1  0.000  0.537     0.00     0.00     0.00     0.00     0.00 -1 -1.61e-13      0.00 7.452e-01 2.509e-01 6.982e-04 1.907e-04 1.733e-03 -1.000 3.942e-03 3.467 3.403 3.551 3.135
0.004 -0.58336 8.50000 1.2727272511 2.5162503525    1.272  0.597  3.8756  4.400    1  0.000  0.537     0.00     0.00     0.00     0.00     0.00 -1 -1.69e-13      0.00 7.454e-01 2.507e-01 6.978e-04 1.906e-04 1.732e-03 -1.000 3.936e-03 3.278 3.221 3.348 2.987
0.004 -0.58336 8.50000 1.3204547167 2.5217500316    1.320  0.669  3.8913  4.407    1  0.000  0.537     0.00     0.00     0.00     0.00     0.00 -1 -1.73e-13      0.00 7.456e-01 2.505e-01 6.974e-04 1.905e-04 1.731e-03 -1.000 3.935e-03 3.097 3.049 3.154 2.853
0.004 -0.58336 8.50000 1.3681819439 2.5268107737    1.368  0.739  3.9068  4.415    1  0.000  0.537     0.00     0.00     0.00     0.00     0.00 -1 -1.73e-13      0.00 7.457e-01 2.503e-01 6.971e-04 1.904e-04 1.730e-03 -1.000 3.953e-03 2.923 2.889 2.972 2.731
0.004 -0.58336 8.50000 1.4159091711 2.5314811780    1.416  0.806  3.9217  4.422    1  0.000  0.537     0.00     0.00     0.00     0.00     0.00 -1 -1.68e-13      0.00 7.459e-01 2.502e-01 6.967e-04 1.903e-04 1.729e-03 -1.000 3.921e-03 2.756 2.740 2.804 2.619
0.004 -0.58336 8.50000 1.4636363983 2.5358030388    1.464  0.871  3.9358  4.428    1  0.000  0.537     0.00     0.00     0.00     0.00     0.00 -1 -1.58e-13      0.00 7.460e-01 2.500e-01 6.964e-04 1.903e-04 1.728e-03 -1.000 3.946e-03 2.593 2.606 2.652 2.517
0.004 -0.58336 8.50000 1.5113636255 2.5398125027    1.511  0.933  3.9490  4.432    1  0.000  0.537     0.00     0.00     0.00     0.00     0.00 -1 -1.43e-13      0.00 7.462e-01 2.499e-01 6.961e-04 1.902e-04 1.728e-03 -1.000 3.940e-03 2.437 2.485 2.518 2.424
0.004 -0.58336 8.50000 1.5138332844 2.5400120761    1.514  0.936  3.9496  4.432    1  0.000  0.537     0.00     0.00     0.00     0.00     0.00 -1 -1.41e-13      0.00 7.462e-01 2.499e-01 6.961e-04 1.902e-04 1.728e-03 -1.000 3.941e-03 2.429 2.479 2.511 2.419
0.004 -0.58336 8.50000 1.5590909719 2.5435409894    1.559  0.993  3.9612  4.435    1  0.000  0.537     0.00     0.00     0.00     0.00     0.00 -1 -1.19e-13      0.00 7.463e-01 2.497e-01 6.958e-04 1.901e-04 1.727e-03 -1.000 3.932e-03 2.287 2.375 2.396 2.335
0.004 -0.58336 8.50000 1.5835531950 2.5453521166    1.583  1.023  3.9671  4.435    1  0.000  0.537     0.00     0.00     0.00     0.00     0.00 -1 -1.02e-13      0.00 7.464e-01 2.497e-01 6.957e-04 1.900e-04 1.727e-03 -1.000 3.938e-03 2.213 2.321 2.338 2.290
0.004 -0.58336 8.50000 1.6068181992 2.5470158979    1.606  1.051  3.9724  4.435    1  0.000  0.537     0.00     0.00     0.00     0.00     0.00 -1 -8.77e-14      0.00 7.464e-01 2.496e-01 6.956e-04 1.900e-04 1.727e-03 -1.000 3.963e-03 2.143 2.272 2.284 2.249
0.004 -0.58336 8.50000 1.6113969088 2.5473368411    1.611  1.056  3.9734  4.435    1  0.000  0.537     0.00     0.00     0.00     0.00     0.00 -1 -5.95e-14      0.00 7.464e-01 2.496e-01 6.955e-04 1.900e-04 1.727e-03 -1.000 3.958e-03 2.129 2.262 2.274 2.241
0.004 -0.58336 8.50000 1.6545455456 2.5502612770    1.654  1.106  3.9826  4.433    1  0.000  0.537     0.00     0.00     0.00     0.00     0.00 -1 -1.62e-15      0.00 7.465e-01 2.496e-01 6.954e-04 1.899e-04 1.726e-03 -1.000 3.905e-03 2.004 2.173 2.179 2.165
0.004 -0.58336 8.50000 1.7022727728 2.5532982573    1.701  1.160  3.9920  4.429    1  0.000  0.537     0.00     0.00     0.00     0.00     0.00 -1    -1e-30      0.00 7.466e-01 2.494e-01 6.952e-04 1.899e-04 1.725e-03 -1.000 3.961e-03 1.870 2.079 2.078 2.082
0.004 -0.58336 8.50000 1.7500000000 2.5561455243    1.749  1.212  4.0008  4.424    1  0.000  0.537     0.00     0.00     0.00     0.00     0.00 -1    -1e-30      0.00 7.467e-01 2.494e-01 6.950e-04 1.899e-04 1.725e-03 -1.000 3.921e-03 1.739 1.987 1.981 2.000
0.004 -0.58336 8.50000 1.7999999523 2.5589429085    1.799  1.266  4.0094  4.417    1  0.000  0.537     0.00     0.00     0.00     0.00     0.00 -1    -1e-30      0.00 7.468e-01 2.493e-01 6.948e-04 1.898e-04 1.725e-03 -1.000 3.900e-03 1.606 1.894 1.883 1.916
0.004 -0.58336 8.50000 1.8500000238 2.5615671203    1.849  1.317  4.0175  4.410    1  0.000  0.537     0.00     0.00     0.00     0.00     0.00 -1    -1e-30      0.00 7.468e-01 2.493e-01 6.947e-04 1.898e-04 1.724e-03 -1.000 3.900e-03 1.477 1.803 1.788 1.833
0.004 -0.58336 8.50000 1.8795272112 2.5630416433    1.878  1.347  4.0221  4.405    1  0.000  0.537     0.00     0.00     0.00     0.00     0.00 -1    -1e-30      0.00 7.469e-01 2.492e-01 6.947e-04 1.898e-04 1.724e-03 -1.000 3.900e-03 1.401 1.751 1.733 1.784
0.004 -0.58336 8.50000 1.8999999762 2.5640331260    1.899  1.368  4.0252  4.401    1  0.000  0.537     0.00     0.00     0.00     0.00     0.00 -1    -1e-30      0.00 7.469e-01 2.492e-01 6.946e-04 1.898e-04 1.724e-03 -1.000 3.900e-03 1.349 1.714 1.695 1.750
0.004 -0.58336 8.50000 1.9500000477 2.5663542714    1.950  1.418  4.0325  4.392    1  0.000  0.537     0.00     0.00     0.00     0.00     0.00 -1    -1e-30      0.00 7.469e-01 2.492e-01 6.946e-04 1.898e-04 1.724e-03 -1.000 3.900e-03 1.224 1.625 1.603 1.667
0.004 -0.58336 8.50000 2.0000000000 2.5685424513    2.000  1.468  4.0395  4.381    1  0.000  0.537     0.00     0.00     0.00     0.00     0.00 -1    -1e-30      0.00 7.469e-01 2.491e-01 6.946e-04 1.898e-04 1.724e-03 -1.000 3.947e-03 1.100 1.536 1.511 1.584
0.004 -0.58336 8.50000 2.0499999523 2.5706083333    2.050  1.517  4.0460  4.369    1  0.000  0.537     0.00     0.00     0.00     0.00     0.00 -1    -1e-30      0.00 7.469e-01 2.492e-01 6.945e-04 1.898e-04 1.724e-03 -1.000 3.900e-03 0.979 1.448 1.420 1.500
0.004 -0.58336 8.50000 2.0999999046 2.5725614918    2.099  1.565  4.0521  4.355    1  0.000  0.537     0.00     0.00     0.00     0.00     0.00 -1    -1e-30      0.00 7.470e-01 2.491e-01 6.945e-04 1.897e-04 1.724e-03 -1.000 3.924e-03 0.858 1.359 1.329 1.416
0.004 -0.58336 8.50000 2.1500000954 2.5744105556    2.149  1.612  4.0578  4.341    1  0.000  0.537     0.00     0.00     0.00     0.00     0.00 -1    -1e-30      0.00 7.469e-01 2.491e-01 6.945e-04 1.897e-04 1.724e-03 -1.000 3.921e-03 0.739 1.270 1.238 1.331
0.004 -0.58336 8.50000 2.2000000477 2.5761632879    2.199  1.659  4.0632  4.326    1  0.000  0.537     0.00     0.00     0.00     0.00     0.00 -1    -1e-30      0.00 7.469e-01 2.492e-01 6.946e-04 1.898e-04 1.724e-03 -1.000 3.900e-03 0.622 1.182 1.147 1.246
0.004 -0.58336 8.50000 2.2279858589 2.5771049265    2.226  1.685  4.0661  4.317    1  0.000  0.537     0.00     0.00     0.00     0.00     0.00 -1    -1e-30      0.00 7.469e-01 2.492e-01 6.945e-04 1.897e-04 1.724e-03 -1.000 3.900e-03 0.557 1.132 1.097 1.198
0.004 -0.58336 8.50000 2.2500000000 2.5778267375    2.249  1.705  4.0682  4.309    1  0.000  0.537     0.00     0.00     0.00     0.00     0.00 -1    -1e-30      0.00 7.470e-01 2.491e-01 6.945e-04 1.897e-04 1.724e-03 -1.000 3.900e-03 0.506 1.092 1.056 1.160
0.004 -0.58336 8.50000 2.2999999523 2.5794072884    2.299  1.751  4.0728  4.291    1  0.000  0.537     0.00     0.00     0.00     0.00     0.00 -1    -1e-30      0.00 7.469e-01 2.491e-01 6.945e-04 1.898e-04 1.724e-03 -1.000 3.981e-03 0.391 1.001 0.963 1.072
0.004 -0.58336 8.50000 2.3143255711 2.5798456863    2.313  1.765  4.0740  4.285    1  0.000  0.537     0.00     0.00     0.00     0.00     0.00 -1    -1e-30      0.00 7.469e-01 2.491e-01 6.945e-04 1.898e-04 1.724e-03 -1.000 3.970e-03 0.358 0.975 0.936 1.046
0.004 -0.58336 8.50000 2.3499999046 2.5809107422    2.349  1.798  4.0767  4.270    1  0.000  0.537     0.00     0.00     0.00     0.00     0.00 -1    -1e-30      0.00 7.469e-01 2.492e-01 6.946e-04 1.898e-04 1.724e-03 -1.000 3.900e-03 0.275 0.907 0.867 0.980
0.004 -0.58336 8.50000 2.4000000954 2.5823423892    2.399  1.844  4.0801  4.246    1  0.000  0.537     0.00     0.00     0.00     0.00     0.00 -1    -1e-30      0.00 7.469e-01 2.492e-01 6.947e-04 1.898e-04 1.724e-03 -1.000 3.900e-03 0.160 0.809 0.768 0.884
0.004 -0.58336 8.50000 2.4200780392 2.5828981695    2.419  1.862  4.0814  4.237    1  0.000  0.537     0.00     0.00     0.00     0.00     0.00 -1    -1e-30      0.00 7.463e-01 2.498e-01 6.960e-04 1.902e-04 1.728e-03 -1.000 3.910e-03 0.114 0.770 0.729 0.847
0.004 -0.58336 8.50000 2.4757471085 2.5843850777    2.475  1.913  4.0845  4.209    1  0.000  0.537     0.00     0.00     0.00     0.00     0.00 -1    -1e-30      0.00 7.445e-01 2.516e-01 7.000e-04 1.912e-04 1.737e-03 -1.000 3.939e-03 -0.012 0.661 0.618 0.739
0.004 -0.58336 8.50000 2.5265595913 2.5856766958    2.526  1.959  4.0867  4.180    1  0.000  0.537     0.00     0.00     0.00     0.00     0.00 -1    -1e-30      0.00 7.427e-01 2.533e-01 7.039e-04 1.922e-04 1.746e-03 -1.000 3.964e-03 -0.128 0.557 0.514 0.636
0.004 -0.58336 8.50000 2.5906250477 2.5872224388    2.591  2.018  4.0880  4.137    1  0.000  0.537     0.00     0.00     0.00     0.00     0.00 -1    -1e-30      0.00 7.404e-01 2.556e-01 7.091e-04 1.936e-04 1.759e-03 -1.000 3.996e-03 -0.276 0.415 0.371 0.495
0.004 -0.58336 8.50000 2.5999999046 2.5874412955    2.600  2.027  4.0880  4.130    1  0.000  0.537     0.00     0.00     0.00     0.00     0.00 -1    -1e-30      0.00 7.400e-01 2.560e-01 7.099e-04 1.938e-04 1.761e-03 -1.000 4.000e-03 -0.298 0.393 0.349 0.473
0.004 -0.58336 8.50000 2.6399960518 2.5883549621    2.640  2.064  4.0877  4.098    1  0.000  0.537     0.00     0.00     0.00     0.00     0.00 -1    -1e-30      0.00 7.400e-01 2.560e-01 7.099e-04 1.938e-04 1.761e-03 -1.000 4.000e-03 -0.391 0.298 0.255 0.379
0.004 -0.58336 8.50000 2.6881971359 2.5894146222    2.688  2.110  4.0865  4.056    1  0.000  0.537     0.00     0.00     0.00     0.00     0.00 -1    -1e-30      0.00 7.400e-01 2.560e-01 7.099e-04 1.938e-04 1.761e-03 -1.000 4.000e-03 -0.504 0.178 0.135 0.258
0.004 -0.58336 8.50000 2.7378296852 2.5904610345    2.738  2.157  4.0831  4.003    1  0.000  0.537     0.00     0.00     0.00     0.00     0.00 -1    -1e-30      0.00 7.400e-01 2.560e-01 7.099e-04 1.938e-04 1.761e-03 -1.000 4.000e-03 -0.623 0.040 -0.003 0.117
0.004 -0.58336 8.50000 2.7788534164 2.5912935739    2.779  2.197  4.0787  3.951    1  0.000  0.537     0.00     0.00     0.00     0.00     0.00 -1    -1e-30      0.00 7.400e-01 2.560e-01 7.099e-04 1.938e-04 1.761e-03 -1.000 4.000e-03 -0.723 -0.085 -0.126 -0.010
0.004 -0.58336 8.50000 2.7999999523 2.5917117820    2.800  2.218  4.0757  3.922    1  0.000  0.537     0.00     0.00     0.00     0.00     0.00 -1    -1e-30      0.00 7.400e-01 2.560e-01 7.099e-04 1.938e-04 1.761e-03 -1.000 4.000e-03 -0.776 -0.153 -0.194 -0.080
0.004 -0.58336 8.50000 2.8186118603 2.5920738990    2.819  2.236  4.0729  3.896    1  0.000  0.537     0.00     0.00     0.00     0.00     0.00 -1    -1e-30      0.00 7.400e-01 2.560e-01 7.099e-04 1.938e-04 1.761e-03 -1.000 4.000e-03 -0.821 -0.213 -0.253 -0.142
0.004 -0.58336 8.50000 2.8543870449 2.5927547205    2.855  2.272  4.0655  3.836    1  0.000  0.537     0.00     0.00     0.00     0.00     0.00 -1    -1e-30      0.00 7.400e-01 2.560e-01 7.099e-04 1.938e-04 1.761e-03 -1.000 4.000e-03 -0.909 -0.342 -0.379 -0.276
0.004 -0.58336 8.50000 2.8857197762 2.5933350804    2.886  2.303  4.0575  3.777    1  0.000  0.537     0.00     0.00     0.00     0.00     0.00 -1    -1e-30      0.00 7.400e-01 2.560e-01 7.099e-04 1.938e-04 1.761e-03 -1.000 4.000e-03 -0.988 -0.464 -0.498 -0.403
0.004 -0.58336 8.50000 2.9089040756 2.5937552682    2.909  2.328  4.0504  3.728    1  0.000  0.537     0.00     0.00     0.00     0.00     0.00 -1    -1e-30      0.00 7.400e-01 2.560e-01 7.099e-04 1.938e-04 1.761e-03 -1.000 4.000e-03 -1.049 -0.562 -0.594 -0.505
0.004 -0.58336 8.50000 2.9300639629 2.5941320989    2.930  2.352  4.0443  3.682    1  0.000  0.537     0.00     0.00     0.00     0.00     0.00 -1    -1e-30      0.00 7.400e-01 2.560e-01 7.099e-04 1.938e-04 1.761e-03 -1.000 4.000e-03 -1.111 -0.655 -0.685 -0.602
0.004 -0.58336 8.50000 2.9448921680 2.5943924625    2.945  2.371  4.0410  3.652    1  0.000  0.537     0.00     0.00     0.00     0.00     0.00 -1    -1e-30      0.00 7.400e-01 2.560e-01 7.099e-04 1.938e-04 1.761e-03 -1.000 4.000e-03 -1.157 -0.719 -0.748 -0.668
0.004 -0.58336 8.50000 2.9548633099 2.5945658536    2.955  2.393  4.0496  3.666    1  0.000  0.537     0.00     0.00     0.00     0.00     0.00 -1    -1e-30      0.00 7.400e-01 2.560e-01 7.099e-04 1.938e-04 1.761e-03 -1.000 4.000e-03 -1.212 -0.730 -0.762 -0.674
0.004 -0.58336 8.50000 2.9595637321 2.5946471249    2.960  2.409  4.0588  3.688    1  0.000  0.537     0.00     0.00     0.00     0.00     0.00 -1    -1e-30      0.00 7.400e-01 2.560e-01 7.099e-04 1.938e-04 1.761e-03 -1.000 4.000e-03 -1.251 -0.721 -0.756 -0.659
0.004 -0.58336 8.50000 2.9613764286 2.5946783875    2.962  2.423  4.0697  3.717    1  0.000  0.537     0.00     0.00     0.00     0.00     0.00 -1    -1e-30      0.00 7.400e-01 2.560e-01 7.099e-04 1.938e-04 1.761e-03 -1.000 4.000e-03 -1.288 -0.700 -0.739 -0.631
0.004 -0.58336 8.50000 2.9622075558 2.5946927068    2.962  2.436  4.0789  3.741    1  0.000  0.537     0.00     0.00     0.00     0.00     0.00 -1    -1e-30      0.00 7.400e-01 2.560e-01 7.099e-04 1.938e-04 1.761e-03 -1.000 4.000e-03 -1.321 -0.683 -0.725 -0.609
0.004 -0.58336 8.50000 2.9627056122 2.5947012833    2.963  2.454  4.0893  3.765    1  0.000  0.537     0.00     0.00     0.00     0.00     0.00 -1    -1e-30      0.00 7.400e-01 2.560e-01 7.099e-04 1.938e-04 1.761e-03 -1.000 4.000e-03 -1.365 -0.670 -0.715 -0.589
0.004 -0.58336 8.50000 2.9630146027 2.5947066024    2.963  2.471  4.0983  3.784    1  0.000  0.537     0.00     0.00     0.00     0.00     0.00 -1    -1e-30      0.00 7.400e-01 2.560e-01 7.099e-04 1.938e-04 1.761e-03 -1.000 4.000e-03 -1.406 -0.663 -0.710 -0.576
0.004 -0.58336 8.50000 2.9631192684 2.5947084039    2.963  2.476  4.1012  3.791    1  0.000  0.537     0.00     0.00     0.00     0.00     0.00 -1    -1e-30      0.00 7.400e-01 2.560e-01 7.099e-04 1.938e-04 1.761e-03 -1.000 4.000e-03 -1.419 -0.659 -0.708 -0.571
0.004 -0.58336 8.50000 2.9632024765 2.5947098359    2.963  2.461  4.0972  3.790    2  0.000  0.537     0.00     0.00     0.00     0.00     0.00 -1    -1e-30      0.00 7.400e-01 2.560e-01 7.099e-04 1.938e-04 1.761e-03 -1.000 4.000e-03 -1.382 -0.644 -0.692 -0.559
0.004 -0.58336 8.50000 2.9633233547 2.5947119161    2.964  2.434  4.0879  3.779    2  0.000  0.537     0.00     0.00     0.00     0.00     0.00 -1    -1e-30      0.00 7.400e-01 2.560e-01 7.099e-04 1.938e-04 1.761e-03 -1.000 4.000e-03 -1.316 -0.629 -0.673 -0.549
0.004 -0.58336 8.50000 2.9634406567 2.5947139346    2.964  2.423  4.0761  3.743    2  0.000  0.537     0.00     0.00     0.00     0.00     0.00 -1    -1e-30      0.00 7.400e-01 2.560e-01 7.099e-04 1.938e-04 1.761e-03 -1.000 4.000e-03 -1.288 -0.666 -0.706 -0.593
0.004 -0.58336 8.50000 2.9635715485 2.5947161867    2.964  2.432  4.0646  3.688    2  0.000  0.537     0.00     0.00     0.00     0.00     0.00 -1    -1e-30      0.00 7.400e-01 2.560e-01 7.099e-04 1.938e-04 1.761e-03 -1.000 4.000e-03 -1.310 -0.749 -0.786 -0.684
0.004 -0.58336 8.50000 2.9637286663 2.5947188897    2.964  2.449  4.0530  3.625    2  0.000  0.537     0.00     0.00     0.00     0.00     0.00 -1    -1e-30      0.00 7.400e-01 2.560e-01 7.099e-04 1.938e-04 1.761e-03 -1.000 4.000e-03 -1.353 -0.853 -0.887 -0.795
0.004 -0.58336 8.50000 2.9639070034 2.5947219574    2.964  2.463  4.0413  3.564    2  0.000  0.537     0.00     0.00     0.00     0.00     0.00 -1    -1e-30      0.00 7.400e-01 2.560e-01 7.099e-04 1.938e-04 1.761e-03 -1.000 4.000e-03 -1.388 -0.949 -0.979 -0.898
0.004 -0.58336 8.50000 2.9641013145 2.5947252994    2.964  2.473  4.0295  3.507    2  0.000  0.537     0.00     0.00     0.00     0.00     0.00 -1    -1e-30      0.00 7.400e-01 2.560e-01 7.099e-04 1.938e-04 1.761e-03 -1.000 4.000e-03 -1.412 -1.033 -1.058 -0.989
0.004 -0.58336 8.50000 2.9643094540 2.5947288787    2.965  2.479  4.0177  3.454    2  0.000  0.537     0.00     0.00     0.00     0.00     0.00 -1    -1e-30      0.00 7.400e-01 2.560e-01 7.099e-04 1.938e-04 1.761e-03 -1.000 4.000e-03 -1.428 -1.107 -1.127 -1.072
0.004 -0.58336 8.50000 2.9645278454 2.5947326337    2.965  2.483  4.0058  3.402    2  0.000  0.537     0.00     0.00     0.00     0.00     0.00 -1    -1e-30      0.00 7.400e-01 2.560e-01 7.099e-04 1.938e-04 1.761e-03 -1.000 4.000e-03 -1.438 -1.174 -1.190 -1.148
0.004 -0.58336 8.50000 2.9647521973 2.5947364904    2.965  2.485  3.9939  3.352    2  0.000  0.537     0.00     0.00     0.00     0.00     0.00 -1    -1e-30      0.00 7.400e-01 2.560e-01 7.099e-04 1.938e-04 1.761e-03 -1.000 4.000e-03 -1.443 -1.235 -1.246 -1.218
0.004 -0.58336 8.50000 2.9649779797 2.5947403711    2.965  2.486  3.9819  3.304    2  0.000  0.537     0.00     0.00     0.00     0.00     0.00 -1    -1e-30      0.00 7.400e-01 2.560e-01 7.099e-04 1.938e-04 1.761e-03 -1.000 4.000e-03 -1.446 -1.290 -1.295 -1.285
0.004 -0.58336 8.50000 2.9652013779 2.5947442102    2.965  2.486  3.9699  3.256    2  0.000  0.537     0.00     0.00     0.00     0.00     0.00 -1    -1e-30      0.00 7.400e-01 2.560e-01 7.099e-04 1.938e-04 1.761e-03 -1.000 4.000e-03 -1.445 -1.340 -1.339 -1.347
0.004 -0.58336 8.50000 2.9654185772 2.5947479420    2.966  2.485  3.9579  3.209    2  0.000  0.537     0.00     0.00     0.00     0.00     0.00 -1    -1e-30      0.00 7.400e-01 2.560e-01 7.099e-04 1.938e-04 1.761e-03 -1.000 4.000e-03 -1.442 -1.384 -1.376 -1.405
0.004 -0.58336 8.50000 2.9656271935 2.5947515258    2.966  2.483  3.9458  3.162    2  0.000  0.537     0.00     0.00     0.00     0.00     0.00 -1    -1e-30      0.00 7.400e-01 2.560e-01 7.099e-04 1.938e-04 1.761e-03 -1.000 4.000e-03 -1.437 -1.423 -1.407 -1.459
0.004 -0.58336 8.50000 2.9658255577 2.5947549330    2.966  2.480  3.9336  3.117    2  0.000  0.537     0.00     0.00     0.00     0.00     0.00 -1    -1e-30      0.00 7.400e-01 2.560e-01 7.099e-04 1.938e-04 1.761e-03 -1.000 4.000e-03 -1.430 -1.455 -1.429 -1.509
0.004 -0.58336 8.50000 2.9660127163 2.5947581472    2.966  2.477  3.9215  3.072    2  0.000  0.537     0.00     0.00     0.00     0.00     0.00 -1    -1e-30      0.00 7.400e-01 2.560e-01 7.099e-04 1.938e-04 1.761e-03 -1.000 4.000e-03 -1.422 -1.479 -1.442 -1.554
0.004 -0.58336 8.50000 2.9661881924 2.5947611603    2.966  2.473  3.9093  3.027    2  0.000  0.537     0.00     0.00     0.00     0.00     0.00 -1    -1e-30      0.00 7.400e-01 2.560e-01 7.099e-04 1.938e-04 1.761e-03 -1.000 4.000e-03 -1.412 -1.494 -1.445 -1.594
0.004 -0.58336 8.50000 2.9663527012 2.5947639848    2.967  2.468  3.8972  2.983    2  0.000  0.537     0.00     0.00     0.00     0.00     0.00 -1    -1e-30      0.00 7.400e-01 2.560e-01 7.099e-04 1.938e-04 1.761e-03 -1.000 4.000e-03 -1.401 -1.502 -1.437 -1.629
0.004 -0.58336 8.50000 2.9665057659 2.5947666124    2.967  2.463  3.8850  2.939    2  0.000  0.537     0.00     0.00     0.00     0.00     0.00 -1    -1e-30      0.00 7.400e-01 2.560e-01 7.099e-04 1.938e-04 1.761e-03 -1.000 4.000e-03 -1.388 -1.503 -1.421 -1.661
0.004 -0.58336 8.50000 2.9666485786 2.5947690638    2.967  2.458  3.8728  2.896    2  0.000  0.537     0.00     0.00     0.00     0.00     0.00 -1    -1e-30      0.00 7.400e-01 2.560e-01 7.099e-04 1.938e-04 1.761e-03 -1.000 4.000e-03 -1.374 -1.498 -1.397 -1.689
0.004 -0.58336 8.50000 2.9667816162 2.5947713471    2.967  2.452  3.8607  2.853    2  0.000  0.537     0.00     0.00     0.00     0.00     0.00 -1    -1e-30      0.00 7.400e-01 2.560e-01 7.099e-04 1.938e-04 1.761e-03 -1.000 4.000e-03 -1.360 -1.489 -1.369 -1.713
0.004 -0.58336 8.50000 2.9669053555 2.5947734707    2.967  2.446  3.8485  2.811    2  0.000  0.537     0.00     0.00     0.00     0.00     0.00 -1    -1e-30      0.00 7.400e-01 2.560e-01 7.099e-04 1.938e-04 1.761e-03 -1.000 4.000e-03 -1.344 -1.476 -1.335 -1.732
0.004 -0.58336 8.50000 2.9670209885 2.5947754549    2.967  2.439  3.8364  2.769    2  0.000  0.537     0.00     0.00     0.00     0.00     0.00 -1    -1e-30      0.00 7.400e-01 2.560e-01 7.099e-04 1.938e-04 1.761e-03 -1.000 4.000e-03 -1.327 -1.460 -1.298 -1.747
0.004 -0.58336 8.50000 2.9671287537 2.5947773040    2.967  2.432  3.8242  2.728    2  0.000  0.537     0.00     0.00     0.00     0.00     0.00 -1    -1e-30      0.00 7.400e-01 2.560e-01 7.099e-04 1.938e-04 1.761e-03 -1.000 4.000e-03 -1.310 -1.441 -1.258 -1.759
0.004 -0.58336 8.50000 2.9672296047 2.5947790343    2.967  2.424  3.8122  2.687    2  0.000  0.537     0.00     0.00     0.00     0.00     0.00 -1    -1e-30      0.00 7.400e-01 2.560e-01 7.099e-04 1.938e-04 1.761e-03 -1.000 4.000e-03 -1.291 -1.419 -1.215 -1.769
0.004 -0.58336 8.50000 2.9673247337 2.5947806663    2.968  2.416  3.8003  2.647    2  0.000  0.537     0.00     0.00     0.00     0.00     0.00 -1    -1e-30      0.00 7.400e-01 2.560e-01 7.099e-04 1.938e-04 1.761e-03 -1.000 4.000e-03 -1.271 -1.394 -1.168 -1.774
0.004 -0.58336 8.50000 2.9674153328 2.5947822204    2.968  2.408  3.7889  2.610    2  0.000  0.537     0.00     0.00     0.00     0.00     0.00 -1    -1e-30      0.00 7.400e-01 2.560e-01 7.099e-04 1.938e-04 1.761e-03 -1.000 4.000e-03 -1.250 -1.366 -1.118 -1.774
0.004 -0.58336 8.50000 2.9675083160 2.5947838154    2.968  2.398  3.7780  2.576    2  0.000  0.537     0.00     0.00     0.00     0.00     0.00 -1    -1e-30      0.00 7.400e-01 2.560e-01 7.099e-04 1.938e-04 1.761e-03 -1.000 4.000e-03 -1.226 -1.334 -1.065 -1.769
0.004 -0.58336 8.50000 2.9676170349 2.5947856801    2.968  2.386  3.7668  2.544    2  0.000  0.537     0.00     0.00     0.00     0.00     0.00 -1    -1e-30      0.00 7.400e-01 2.560e-01 7.099e-04 1.938e-04 1.761e-03 -1.000 4.000e-03 -1.194 -1.292 -0.999 -1.754
0.004 -0.58336 8.50000 2.9677591324 2.5947881171    2.968  2.365  3.7567  2.524    2  0.000  0.537     0.00     0.00     0.00     0.00     0.00 -1    -1e-30      0.00 7.400e-01 2.560e-01 7.099e-04 1.938e-04 1.761e-03 -1.000 4.000e-03 -1.143 -1.229 -0.917 -1.715
0.004 -0.58336 8.50000 2.9679024220 2.5947905743    2.968  2.342  3.7483  2.514    2  0.000  0.537     0.00     0.00     0.00     0.00     0.00 -1    -1e-30      0.00 7.400e-01 2.560e-01 7.099e-04 1.938e-04 1.761e-03 -1.000 4.000e-03 -1.084 -1.160 -0.831 -1.664
0.004 -0.58336 8.50000 2.9680643082 2.5947933500    2.968  2.313  3.7400  2.509    2  0.000  0.537     0.00     0.00     0.00     0.00     0.00 -1    -1e-30      0.00 7.400e-01 2.560e-01 7.099e-04 1.938e-04 1.761e-03 -1.000 4.000e-03 -1.013 -1.077 -0.731 -1.599
0.004 -0.58336 8.50000 2.9682309628 2.5947962071    2.968  2.288  3.7321  2.502    2  0.000  0.537     0.00     0.00     0.00     0.00     0.00 -1    -1e-30      0.00 7.400e-01 2.560e-01 7.099e-04 1.938e-04 1.761e-03 -1.000 4.000e-03 -0.951 -1.003 -0.641 -1.543
0.004 -0.58336 8.50000 2.9684202671 2.5947994521    2.969  2.271  3.7233  2.485    2  0.000  0.537     0.00     0.00     0.00     0.00     0.00 -1    -1e-30      0.00 7.400e-01 2.560e-01 7.099e-04 1.938e-04 1.761e-03 -1.000 4.000e-03 -0.908 -0.947 -0.565 -1.506
0.004 -0.58336 8.50000 2.9684796333 2.5948004697    2.969  2.277  3.7208  2.469    2  0.000  0.537     0.00     0.00     0.00     0.00     0.00 -1    -1e-30      0.00 7.400e-01 2.560e-01 7.099e-04 1.938e-04 1.761e-03 -1.000 4.000e-03 -0.923 -0.958 -0.571 -1.522
0.004 -0.58336 8.50000 2.9686563015 2.5948034975    2.969  2.304  3.7135  2.413    3  0.000  0.537     0.00     0.00     0.00     0.00     0.00 -1    -1e-30      0.00 7.400e-01 2.560e-01 7.097e-04 1.938e-04 1.761e-03 -1.000 4.000e-03 -0.990 -1.012 -0.609 -1.593
0.004 -0.58336 8.50000 2.9688117504 2.5948061613    2.969  2.337  3.7080  2.358    3  0.000  0.535     0.00     0.00     0.00     0.00     0.00 -1    -1e-30      0.00 7.398e-01 2.562e-01 7.069e-04 1.949e-04 1.761e-03 -1.000 4.000e-03 -1.071 -1.084 -0.667 -1.677
0.004 -0.58336 8.50000 2.9690296650 2.5948098950    2.969  2.383  3.7022  2.289    3  0.000  0.520     0.00     0.00     0.00     0.00     0.00 -1    -1e-30      0.00 7.397e-01 2.563e-01 6.868e-04 2.102e-04 1.761e-03 -1.000 4.000e-03 -1.187 -1.187 -0.756 -1.793
0.004 -0.58336 8.50000 2.9692471027 2.5948136199    2.969  2.420  3.6981  2.235    3  0.000  0.488     0.00     0.00     0.00     0.00     0.00 -1    -1e-30      0.00 7.394e-01 2.566e-01 6.446e-04 2.535e-04 1.761e-03 -1.000 4.000e-03 -1.281 -1.272 -0.830 -1.888
0.004 -0.58336 8.50000 2.9695007801 2.5948179648    2.970  2.457  3.6943  2.183    3  0.000  0.444     0.00     0.00     0.00     0.00     0.00 -1    -1e-30      0.00 7.392e-01 2.568e-01 5.860e-04 3.210e-04 1.761e-03 -1.000 4.000e-03 -1.373 -1.355 -0.904 -1.980
0.004 -0.58336 8.50000 2.9695372581 2.5948185895    2.970  2.462  3.6938  2.176    3  0.000  0.437     0.00     0.00     0.00     0.00     0.00 -1    -1e-30      0.00 7.391e-01 2.569e-01 5.778e-04 3.311e-04 1.761e-03 -1.000 4.000e-03 -1.385 -1.366 -0.914 -1.992
0.004 -0.58336 8.50000 2.9696161747 2.5948199410    2.970  2.472  3.6929  2.162    3  0.000  0.426     0.00     0.00     0.00     0.00     0.00 -1    -1e-30      0.00 7.390e-01 2.570e-01 5.633e-04 3.490e-04 1.761e-03 -1.000 4.000e-03 -1.410 -1.389 -0.934 -2.017
0.004 -0.58336 8.50000 2.9698524475 2.5948239867    2.970  2.502  3.6902  2.122    3  0.000  0.404     3.10     2.43     1.84     1.34     1.09  4    -1e-30      0.00 7.387e-01 2.572e-01 5.337e-04 3.855e-04 1.760e-03 -1.000 4.060e-03 -1.484 -1.457 -0.995 -2.091
0.004 -0.58336 8.50000 2.9702072144 2.5948300600    2.970  2.546  3.6862  2.062    3  0.000  0.377     3.50     2.71     2.04     1.49     1.22  4    -1e-30      0.00 7.383e-01 2.577e-01 4.975e-04 4.303e-04 1.760e-03 -1.000 4.072e-03 -1.595 -1.556 -1.084 -2.200
0.004 -0.58336 8.50000 2.9705617428 2.5948361275    2.971  2.590  3.6824  2.002    3  0.000  0.360     3.94     3.02     2.27     1.65     1.35  4    -1e-30      0.00 7.377e-01 2.583e-01 4.739e-04 4.650e-04 1.754e-03 -1.000 4.056e-03 -1.706 -1.657 -1.174 -2.308
0.004 -0.58336 8.50000 2.9708766937 2.5948415163    2.971  2.630  3.6792  1.950    3  0.000  0.353     4.37     3.32     2.48     1.81     1.48  4    -1e-30      0.00 7.362e-01 2.598e-01 4.586e-04 5.039e-04 1.730e-03 -1.000 4.057e-03 -1.804 -1.748 -1.255 -2.408
0.004 -0.58336 8.50000 2.9712309837 2.5948475766    2.971  2.674  3.6757  1.892    3  0.000  0.351     4.91     3.68     2.74     2.01     1.64  4    -1e-30      0.00 7.328e-01 2.632e-01 4.448e-04 5.567e-04 1.689e-03 -1.000 4.053e-03 -1.915 -1.850 -1.346 -2.519
0.004 -0.58336 8.50000 2.9715852737 2.5948536352    2.972  2.718  3.6723  1.834    3  0.000  0.351     5.51     4.09     3.03     2.22     1.81  4    -1e-30      0.00 7.279e-01 2.680e-01 4.334e-04 6.070e-04 1.648e-03 -1.000 4.070e-03 -2.026 -1.952 -1.437 -2.629
0.004 -0.58336 8.50000 2.9718999863 2.5948590157    2.972  2.758  3.6692  1.782    3  0.000  0.350     6.10     4.49     3.31     2.43     1.99  4    -1e-30      0.00 7.231e-01 2.728e-01 4.254e-04 6.430e-04 1.618e-03 -1.000 4.095e-03 -2.125 -2.042 -1.518 -2.727
0.004 -0.58336 8.50000 2.9721751213 2.5948637184    2.972  2.792  3.6666  1.738    3  0.000  0.350     6.66     4.86     3.58     2.63     2.15  4    -1e-30      0.00 7.193e-01 2.767e-01 4.198e-04 6.679e-04 1.598e-03 -1.000 4.082e-03 -2.209 -2.119 -1.586 -2.810
0.004 -0.58336 8.50000 2.9724593163 2.5948685750    2.973  2.819  3.6646  1.703    3  0.000  0.350     7.14     5.18     3.80     2.80     2.28  4    -1e-30      0.00 7.164e-01 2.796e-01 4.163e-04 6.838e-04 1.585e-03 -1.000 4.044e-03 -2.277 -2.180 -1.640 -2.877
0.004 -0.58336 8.50000 2.9727280140 2.5948731657    2.973  2.842  3.6629  1.673    3  0.000  0.350     7.58     5.47     4.00     2.95     2.41  4    -1e-30      0.00 7.140e-01 2.820e-01 4.135e-04 6.967e-04 1.574e-03 -1.000 4.000e-03 -2.334 -2.231 -1.686 -2.933
0.004 -0.58336 8.50000 2.9738426208 2.5948921987    2.974  2.825  3.6644  1.696    4  0.000  0.350     0.00     0.00     0.00     0.00     0.00 -1    -1e-30      0.00 7.140e-01 2.820e-01 4.134e-04 6.968e-04 1.574e-03 -1.000 4.000e-03 -2.292 -2.194 -1.654 -2.892
0.004 -0.58336 8.50000 2.9760315418 2.5949295289    2.976  2.797  3.6669  1.735    4  0.000  0.350     0.00     0.00     0.00     0.00     0.00 -1    -1e-30      0.00 7.141e-01 2.819e-01 4.134e-04 6.968e-04 1.574e-03 -1.000 4.000e-03 -2.222 -2.132 -1.600 -2.823
0.004 -0.58336 8.50000 2.9784245491 2.5949702675    2.979  2.768  3.6694  1.773    4  0.000  0.350     0.00     0.00     0.00     0.00     0.00 -1    -1e-30      0.00 7.141e-01 2.819e-01 4.135e-04 6.968e-04 1.574e-03 -1.000 4.000e-03 -2.151 -2.069 -1.545 -2.755
0.004 -0.58336 8.50000 2.9806954861 2.5950088584    2.981  2.741  3.6719  1.811    4  0.000  0.350     0.00     0.00     0.00     0.00     0.00 -1    -1e-30      0.00 7.141e-01 2.819e-01 4.135e-04 6.968e-04 1.574e-03 -1.000 4.000e-03 -2.081 -2.007 -1.490 -2.686
0.004 -0.58336 8.50000 2.9823446274 2.5950368406    2.983  2.717  3.6739  1.843    4  0.000  0.350     0.00     0.00     0.00     0.00     0.00 -1    -1e-30      0.00 7.141e-01 2.819e-01 4.135e-04 6.968e-04 1.574e-03 -1.000 4.000e-03 -2.022 -1.953 -1.443 -2.627
0.004 -0.58336 8.50000 2.9840476513 2.5950656997    2.984  2.688  3.6764  1.882    4  0.000  0.350     0.00     0.00     0.00     0.00     0.00 -1    -1e-30      0.00 7.141e-01 2.819e-01 4.135e-04 6.968e-04 1.574e-03 -1.000 4.000e-03 -1.951 -1.888 -1.386 -2.556
0.004 -0.58336 8.50000 2.9854569435 2.5950895526    2.986  2.664  3.6785  1.916    4  0.000  0.350     0.00     0.00     0.00     0.00     0.00 -1    -1e-30      0.00 7.142e-01 2.818e-01 4.135e-04 6.968e-04 1.574e-03 -1.000 4.000e-03 -1.889 -1.832 -1.337 -2.494
0.004 -0.58336 8.50000 2.9868717194 2.5951134723    2.987  2.638  3.6807  1.950    4  0.000  0.350     0.00     0.00     0.00     0.00     0.00 -1    -1e-30      0.00 7.142e-01 2.818e-01 4.135e-04 6.968e-04 1.574e-03 -1.000 4.000e-03 -1.826 -1.774 -1.285 -2.430
0.004 -0.58336 8.50000 2.9883387089 2.5951382473    2.989  2.612  3.6830  1.985    4  0.000  0.350     0.00     0.00     0.00     0.00     0.00 -1    -1e-30      0.00 7.142e-01 2.818e-01 4.135e-04 6.967e-04 1.574e-03 -1.000 4.000e-03 -1.760 -1.713 -1.231 -2.364
0.004 -0.58336 8.50000 2.9899320602 2.5951651246    2.990  2.584  3.6854  2.023    4  0.000  0.350     0.00     0.00     0.00     0.00     0.00 -1    -1e-30      0.00 7.142e-01 2.818e-01 4.135e-04 6.967e-04 1.574e-03 -1.000 4.000e-03 -1.690 -1.650 -1.175 -2.295
0.004 -0.58336 8.50000 2.9917278290 2.5951953770    2.992  2.554  3.6881  2.064    4  0.000  0.350     0.00     0.00     0.00     0.00     0.00 -1    -1e-30      0.00 7.142e-01 2.818e-01 4.135e-04 6.967e-04 1.574e-03 -1.000 4.000e-03 -1.616 -1.583 -1.115 -2.222
0.004 -0.58336 8.50000 2.9938943386 2.5952318195    2.994  2.522  3.6913  2.109    4  0.000  0.350     0.00     0.00     0.00     0.00     0.00 -1    -1e-30      0.00 7.142e-01 2.818e-01 4.136e-04 6.967e-04 1.574e-03 -1.000 4.000e-03 -1.535 -1.510 -1.051 -2.142
0.004 -0.58336 8.50000 2.9971678257 2.5952867673    2.997  2.483  3.6956  2.166    4  0.000  0.350     0.00     0.00     0.00     0.00     0.00 -1    -1e-30      0.00 7.143e-01 2.817e-01 4.136e-04 6.967e-04 1.574e-03 -1.000 4.000e-03 -1.437 -1.423 -0.974 -2.045
0.004 -0.58336 8.50000 3.0000000000 2.5953341962    3.000  2.456  3.6990  2.207    4  0.000  0.350     0.00     0.00     0.00     0.00     0.00 -1    -1e-30      0.00 7.143e-01 2.817e-01 4.136e-04 6.967e-04 1.574e-03 -1.000 4.000e-03 -1.371 -1.365 -0.925 -1.979
0.004 -0.58336 8.50000 3.0000455379 2.5953349579    3.000  2.456  3.6991  2.208    4  0.000  0.350     0.00     0.00     0.00     0.00     0.00 -1    -1e-30      0.00 7.143e-01 2.817e-01 4.136e-04 6.967e-04 1.574e-03 -1.000 4.000e-03 -1.370 -1.364 -0.924 -1.978
0.004 -0.58336 8.50000 3.0073854923 2.5954573938    3.008  2.426  3.7069  2.270    4  0.000  0.350     0.00     0.00     0.00     0.00     0.00 -1    -1e-30      0.00 7.144e-01 2.816e-01 4.137e-04 6.964e-04 1.574e-03 -1.000 4.000e-03 -1.295 -1.305 -0.885 -1.902
0.004 -0.58336 8.50000 3.0147106647 2.5955788998    3.015  2.457  3.7163  2.278    5  0.000  0.350     0.00     0.00     0.00     0.00     0.00 -1    -1e-30      0.00 7.145e-01 2.815e-01 4.137e-04 6.962e-04 1.574e-03 -1.000 4.000e-03 -1.372 -1.402 -1.003 -1.977
0.004 -0.58336 8.50000 3.0202929974 2.5956710416    3.020  2.518  3.7291  2.269    5  0.000  0.350     0.00     0.00     0.00     0.00     0.00 -1    -1e-30      0.00 7.145e-01 2.815e-01 4.138e-04 6.960e-04 1.575e-03 -1.000 4.000e-03 -1.524 -1.576 -1.206 -2.123
0.004 -0.58336 8.50000 3.0239610672 2.5957313737    3.024  2.556  3.7404  2.276    5  0.000  0.350     0.00     0.00     0.00     0.00     0.00 -1    -1e-30      0.00 7.146e-01 2.814e-01 4.138e-04 6.958e-04 1.575e-03 -1.000 4.000e-03 -1.620 -1.689 -1.344 -2.211
0.004 -0.58336 8.50000 3.0268239975 2.5957783461    3.027  2.569  3.7435  2.276    5  0.000  0.350     0.00     0.00     0.00     0.00     0.00 -1    -1e-30      0.00 7.146e-01 2.814e-01 4.138e-04 6.957e-04 1.575e-03 -1.000 4.000e-03 -1.651 -1.725 -1.386 -2.240
0.004 -0.58336 8.50000 3.0296020508 2.5958238283    3.030  2.577  3.7452  2.275    5  0.000  0.350     0.00     0.00     0.00     0.00     0.00 -1    -1e-30      0.00 7.146e-01 2.814e-01 4.139e-04 6.957e-04 1.575e-03 -1.000 4.000e-03 -1.673 -1.749 -1.414 -2.260
0.004 -0.58336 8.50000 3.0320124626 2.5958632138    3.032  2.585  3.7467  2.274    5  0.000  0.350     0.00     0.00     0.00     0.00     0.00 -1    -1e-30      0.00 7.146e-01 2.814e-01 4.139e-04 6.956e-04 1.575e-03 -1.000 4.000e-03 -1.693 -1.771 -1.438 -2.278
0.004 -0.58336 8.50000 3.0349433422 2.5959110068    3.035  2.592  3.7480  2.272    5  0.000  0.350     0.00     0.00     0.00     0.00     0.00 -1    -1e-30      0.00 7.147e-01 2.813e-01 4.139e-04 6.955e-04 1.575e-03 -1.000 4.000e-03 -1.710 -1.790 -1.460 -2.295
0.004 -0.58336 8.50000 3.0559222698 2.5962500280    3.056  2.640  3.7531  2.248    5  0.000  0.350     0.00     0.00     0.00     0.00     0.00 -1    -1e-30      0.00 7.149e-01 2.811e-01 4.141e-04 6.947e-04 1.575e-03 -1.000 4.000e-03 -1.830 -1.918 -1.598 -2.410
0.004 -0.58336 8.50000 3.0773706436 2.5965911457    3.077  2.686  3.7570  2.220    5  0.000  0.351     0.00     0.00     0.00     0.00     0.00 -1    -1e-30      0.00 7.151e-01 2.809e-01 4.143e-04 6.940e-04 1.576e-03 -1.000 4.000e-03 -1.946 -2.039 -1.728 -2.523
0.004 -0.58336 8.50000 3.0833404064 2.5966851192    3.083  2.697  3.7558  2.205    6  0.000  0.351     0.00     0.00     0.00     0.00     0.00 -1    -1e-30      0.00 7.152e-01 2.808e-01 4.144e-04 6.938e-04 1.576e-03 -1.000 4.000e-03 -1.973 -2.065 -1.751 -2.551
0.004 -0.58336 8.50000 3.0967547894 2.5968947635    3.097  2.717  3.7486  2.158    6  0.000  0.351     0.00     0.00     0.00     0.00     0.00 -1    -1e-30      0.00 7.153e-01 2.807e-01 4.145e-04 6.933e-04 1.576e-03 -1.000 4.000e-03 -2.022 -2.106 -1.777 -2.609
0.004 -0.58336 8.50000 3.1044239998 2.5970136848    3.104  2.726  3.7423  2.125    6  0.000  0.351     0.00     0.00     0.00     0.00     0.00 -1    -1e-30      0.00 7.154e-01 2.806e-01 4.146e-04 6.930e-04 1.577e-03 -1.000 4.000e-03 -2.045 -2.120 -1.778 -2.638
0.004 -0.58336 8.50000 3.1102955341 2.5971042750    3.110  2.728  3.7343  2.092    6  0.000  0.351     0.00     0.00     0.00     0.00     0.00 -1    -1e-30      0.00 7.155e-01 2.805e-01 4.146e-04 6.928e-04 1.577e-03 -1.000 4.000e-03 -2.049 -2.113 -1.753 -2.649
0.004 -0.58336 8.50000 3.1168386936 2.5972047653    3.117  2.722  3.7236  2.056    6  0.000  0.351     0.00     0.00     0.00     0.00     0.00 -1    -1e-30      0.00 7.155e-01 2.805e-01 4.147e-04 6.926e-04 1.577e-03 -1.000 4.000e-03 -2.035 -2.082 -1.698 -2.642
0.004 -0.58336 8.50000 3.1205234528 2.5972611428    3.120  2.709  3.7149  2.035    6  0.000  0.351     0.00     0.00     0.00     0.00     0.00 -1    -1e-30      0.00 7.156e-01 2.804e-01 4.147e-04 6.925e-04 1.577e-03 -1.000 4.000e-03 -2.003 -2.033 -1.629 -2.613
0.004 -0.58336 8.50000 3.1226494312 2.5972936010    3.122  2.692  3.7072  2.021    6  0.000  0.351     0.00     0.00     0.00     0.00     0.00 -1    -1e-30      0.00 7.156e-01 2.804e-01 4.147e-04 6.924e-04 1.577e-03 -1.000 4.000e-03 -1.960 -1.974 -1.551 -2.571
0.004 -0.58336 8.50000 3.1245582104 2.5973226999    3.124  2.682  3.6983  1.996    6  0.000  0.351     0.00     0.00     0.00     0.00     0.00 -1    -1e-30      0.00 7.156e-01 2.804e-01 4.147e-04 6.924e-04 1.577e-03 -1.000 4.000e-03 -1.934 -1.929 -1.485 -2.546
0.004 -0.58336 8.50000 3.1259031296 2.5973431784    3.126  2.698  3.6885  1.941    6  0.000  0.351     0.00     0.00     0.00     0.00     0.00 -1    -1e-30      0.00 7.156e-01 2.804e-01 4.147e-04 6.923e-04 1.577e-03 -1.000 4.000e-03 -1.975 -1.945 -1.476 -2.585
0.004 -0.58336 8.50000 3.1261646748 2.5973471585    3.126  2.719  3.6841  1.902    6  0.000  0.351     0.00     0.00     0.00     0.00     0.00 -1    -1e-30      0.00 7.156e-01 2.804e-01 4.147e-04 6.923e-04 1.577e-03 -1.000 4.000e-03 -2.027 -1.985 -1.504 -2.635
0.004 -0.58336 8.50000 3.1261830330 2.5973474378    3.126  2.725  3.6833  1.893    7  0.000  0.351     4.84     3.72     2.77     2.03     1.65  4    -1e-30      0.00 7.156e-01 2.804e-01 4.147e-04 6.923e-04 1.577e-03 -1.000 4.000e-03 -2.042 -1.999 -1.515 -2.651
0.004 -0.58336 8.50000 3.1262779236 2.5973488816    3.126  2.772  3.6780  1.825    7  0.000  0.351     5.55     4.21     3.12     2.28     1.87  4    -1e-30      0.00 7.156e-01 2.804e-01 4.147e-04 6.923e-04 1.577e-03 -1.000 4.000e-03 -2.160 -2.104 -1.605 -2.769
0.004 -0.58336 8.50000 3.1263437271 2.5973498828    3.126  2.813  3.6739  1.768    7  0.000  0.351     6.22     4.67     3.44     2.52     2.06  4    -1e-30      0.00 7.156e-01 2.804e-01 4.148e-04 6.923e-04 1.577e-03 -1.000 4.000e-03 -2.261 -2.195 -1.682 -2.870
0.004 -0.58336 8.50000 3.1264967918 2.5973522114    3.126  2.831  3.6725  1.744    7  0.000  0.351     6.53     4.87     3.59     2.63     2.15  4    -1e-30      0.00 7.156e-01 2.804e-01 4.148e-04 6.923e-04 1.577e-03 -1.000 4.000e-03 -2.307 -2.237 -1.720 -2.915
0.004 -0.58336 8.50000 3.1267120838 2.5973554862    3.126  2.792  3.6763  1.799    7  0.000  0.351     5.85     4.41     3.26     2.39     1.95  4    -1e-30      0.00 7.156e-01 2.804e-01 4.148e-04 6.923e-04 1.577e-03 -1.000 4.000e-03 -2.209 -2.149 -1.644 -2.818
0.004 -0.58336 8.50000 3.1272082329 2.5973630312    3.127  2.828  3.6722  1.746    7  0.000  0.351     6.50     4.85     3.57     2.62     2.14  4    -1e-30      0.00 7.157e-01 2.803e-01 4.148e-04 6.923e-04 1.577e-03 -1.000 4.000e-03 -2.299 -2.228 -1.711 -2.907
0.004 -0.58336 8.50000 3.1274580956 2.5973668299    3.127  2.863  3.6689  1.698    7  0.000  0.351     7.16     5.29     3.88     2.85     2.33  4    -1e-30      0.00 7.157e-01 2.803e-01 4.148e-04 6.923e-04 1.577e-03 -1.000 4.000e-03 -2.387 -2.306 -1.779 -2.994
0.004 -0.58336 8.50000 3.1277694702 2.5973715627    3.127  2.901  3.6653  1.646    7  0.000  0.351     7.95     5.82     4.25     3.13     2.56  4    -1e-30      0.00 7.157e-01 2.803e-01 4.148e-04 6.922e-04 1.577e-03 -1.000 4.000e-03 -2.482 -2.389 -1.850 -3.086
0.004 -0.58336 8.50000 3.1281602383 2.5973775008    3.128  2.940  3.6618  1.593    7  0.000  0.351     8.84     6.41     4.66     3.43     2.81  4    -1e-30      0.00 7.157e-01 2.803e-01 4.148e-04 6.922e-04 1.577e-03 -1.000 4.000e-03 -2.579 -2.475 -1.924 -3.179
0.004 -0.58336 8.50000 3.1286096573 2.5973843281    3.128  2.979  3.6583  1.539    7  0.000  0.351     9.84     7.06     5.11     3.77     3.08  4    -1e-30      0.00 7.157e-01 2.803e-01 4.148e-04 6.922e-04 1.577e-03 -1.000 4.000e-03 -2.678 -2.561 -2.000 -3.274
0.004 -0.58336 8.50000 3.1290853024 2.5973915513    3.129  3.020  3.6547  1.485    7  0.000  0.351    10.98     7.79     5.62     4.15     3.39  4    -1e-30      0.00 7.157e-01 2.803e-01 4.147e-04 6.922e-04 1.577e-03 -1.000 4.000e-03 -2.779 -2.647 -2.074 -3.369
0.004 -0.58336 8.50000 3.1295559406 2.5973986959    3.129  3.060  3.6510  1.429    7  0.000  0.350    12.26     8.61     6.18     4.57     3.74  4    -1e-30      0.00 7.157e-01 2.803e-01 4.145e-04 6.923e-04 1.577e-03 -1.000 4.000e-03 -2.881 -2.733 -2.148 -3.464
0.004 -0.58336 8.50000 3.1300029755 2.5974054800    3.130  3.101  3.6475  1.374    7  0.000  0.350    13.70     9.52     6.80     5.04     4.12  4    -1e-30      0.00 7.157e-01 2.803e-01 4.136e-04 6.930e-04 1.577e-03 -1.000 4.000e-03 -2.984 -2.819 -2.221 -3.560
0.004 -0.58336 8.50000 3.1304166317 2.5974117555    3.130  3.143  3.6439  1.318    7  0.000  0.348    15.31    10.52     7.48     5.55     4.54  4    -1e-30      0.00 7.157e-01 2.803e-01 4.117e-04 6.950e-04 1.577e-03 -1.000 4.000e-03 -3.087 -2.905 -2.293 -3.655
0.004 -0.58336 8.50000 3.1307923794 2.5974174543    3.130  3.184  3.6402  1.262    7  0.000  0.346    17.12    11.64     8.24     6.12     5.01  4    -1e-30      0.00 7.157e-01 2.803e-01 4.093e-04 6.978e-04 1.577e-03 -1.000 4.000e-03 -3.190 -2.989 -2.365 -3.750
0.004 -0.58336 8.50000 3.1311321259 2.5974226057    3.131  3.225  3.6365  1.207    7  0.000  0.344    19.15    12.88     9.07     6.75     5.53  4    -1e-30      0.00 7.157e-01 2.803e-01 4.073e-04 7.004e-04 1.577e-03 -1.000 4.000e-03 -3.293 -3.073 -2.435 -3.844
0.004 -0.58336 8.50000 3.1314406395 2.5974272824    3.131  3.266  3.6330  1.151    7  0.000  0.343    21.39    14.23     9.98     7.44     6.10  4    -1e-30      0.00 7.157e-01 2.803e-01 4.056e-04 7.024e-04 1.577e-03 -1.000 4.000e-03 -3.395 -3.157 -2.505 -3.937
0.004 -0.58336 8.50000 3.1317229271 2.5974315606    3.131  3.307  3.6294  1.096    7  0.000  0.342    23.91    15.73    10.99     8.20     6.72  4    -1e-30      0.00 7.157e-01 2.803e-01 4.041e-04 7.042e-04 1.577e-03 -1.000 4.000e-03 -3.498 -3.241 -2.574 -4.031
0.004 -0.58336 8.50000 3.1319825649 2.5974354948    3.132  3.348  3.6256  1.040    7  0.000  0.341    26.75    17.41    12.10     9.05     7.42  4    -1e-30      0.00 7.157e-01 2.803e-01 4.029e-04 7.058e-04 1.577e-03 -1.000 4.000e-03 -3.601 -3.322 -2.640 -4.122
0.004 -0.58336 8.50000 3.1322228909 2.5974391357    3.132  3.389  3.6216  0.983    7  0.000  0.340    29.99    19.30    13.36    10.00     8.20  4 -3.83e-26      0.00 7.157e-01 2.803e-01 4.018e-04 7.074e-04 1.576e-03 -1.000 4.021e-03 -3.704 -3.401 -2.702 -4.212
0.004 -0.58336 8.50000 3.1324450970 2.5974425015    3.132  3.430  3.6171  0.924    7  0.000  0.339    33.74    21.47    14.79    11.09     9.09  4 -1.07e-08      0.00 7.157e-01 2.802e-01 4.011e-04 7.086e-04 1.576e-03 -1.000 4.100e-03 -3.806 -3.475 -2.756 -4.300
0.004 -0.58336 8.50000 3.1326518059 2.5974456321    3.131  3.471  3.6135  0.868    7  0.000  0.339    37.73    23.74    16.28    12.23    10.03  4 -1.29e-08      0.00 7.157e-01 2.802e-01 4.003e-04 7.103e-04 1.575e-03 -1.000 4.100e-03 -3.909 -3.554 -2.818 -4.390
0.004 -0.58336 8.50000 3.1328439713 2.5974485420    3.131  3.513  3.6098  0.812    7  0.000  0.339    42.21    26.27    17.93    13.49    11.06  3 -1.56e-08      0.00 7.156e-01 2.802e-01 3.997e-04 7.124e-04 1.574e-03 -1.000 4.190e-03 -4.012 -3.634 -2.880 -4.481
0.004 -0.58336 8.50000 3.1330218315 2.5974512349    3.130  3.554  3.6062  0.757    7  0.000  0.338    47.17    29.04    19.73    14.86    12.20  3 -1.89e-08      0.00 7.156e-01 2.803e-01 3.991e-04 7.146e-04 1.572e-03 -1.000 4.133e-03 -4.114 -3.711 -2.939 -4.570
0.004 -0.58336 8.50000 3.1331872940 2.5974537398    3.130  3.595  3.6025  0.701    7  0.000  0.338    52.78    32.14    21.74    16.40    13.46  3 -2.27e-08      0.00 7.155e-01 2.803e-01 3.985e-04 7.169e-04 1.570e-03 -1.000 4.176e-03 -4.217 -3.789 -2.997 -4.659
0.004 -0.58336 8.50000 3.1333415508 2.5974560747    3.129  3.636  3.5988  0.644    7  0.000  0.338    59.07    35.58    23.95    18.10    14.86  3 -2.74e-08      0.00 7.155e-01 2.804e-01 3.980e-04 7.192e-04 1.568e-03 -1.000 4.192e-03 -4.320 -3.864 -3.053 -4.747
0.004 -0.58336 8.50000 3.1334865093 2.5974582687    3.128  3.677  3.5951  0.588    7  0.000  0.338    66.10    39.37    26.39    19.97    16.40  3  -3.3e-08      0.00 7.154e-01 2.805e-01 3.975e-04 7.215e-04 1.566e-03 -1.000 4.133e-03 -4.423 -3.939 -3.107 -4.834
0.004 -0.58336 8.50000 3.1336228848 2.5974603326    3.127  3.718  3.5912  0.532    7  0.000  0.338    74.04    43.62    29.10    22.05    18.11  3 -3.98e-08      0.00 7.151e-01 2.808e-01 3.970e-04 7.236e-04 1.564e-03 -1.000 4.105e-03 -4.526 -4.013 -3.159 -4.920
0.004 -0.58336 8.50000 3.1337516308 2.5974622808    3.125  3.760  3.5873  0.474    7  0.000  0.338    83.03    48.37    32.12    24.38    20.03  3  -4.8e-08      0.00 7.148e-01 2.810e-01 3.966e-04 7.256e-04 1.563e-03 -1.000 4.196e-03 -4.629 -4.084 -3.205 -5.005
0.004 -0.58336 8.50000 3.1338739395 2.5974641314    3.124  3.801  3.5833  0.417    7  0.000  0.338    93.12    53.64    35.45    26.95    22.15  2 -6.31e-08      0.00 7.144e-01 2.815e-01 3.962e-04 7.277e-04 1.561e-03 -1.000 4.132e-03 -4.732 -4.153 -3.247 -5.089
0.004 -0.58336 8.50000 3.1339919567 2.5974659170    3.122  3.842  3.5793  0.359    7  0.000  0.338   104.57    59.56    39.17    29.83    24.52  2 -8.91e-08      0.00 7.136e-01 2.822e-01 3.956e-04 7.301e-04 1.559e-03 -1.000 4.200e-03 -4.836 -4.221 -3.286 -5.172
0.004 -0.58336 8.50000 3.1341059208 2.5974676410    3.119  3.884  3.5751  0.300    7  0.000  0.338   117.62    66.23    43.35    33.06    27.19  2 -1.33e-07      0.00 7.127e-01 2.831e-01 3.951e-04 7.328e-04 1.557e-03 -1.000 4.129e-03 -4.940 -4.284 -3.315 -5.253
0.004 -0.58336 8.50000 3.1342132092 2.5974692640    3.114  3.925  3.5709  0.242    7  0.000  0.338   132.01    73.49    47.88    36.57    30.08  2 -2.03e-07      0.00 7.116e-01 2.843e-01 3.944e-04 7.358e-04 1.555e-03 -1.000 4.168e-03 -5.042 -4.345 -3.340 -5.331
0.004 -0.58336 8.50000 3.1343245506 2.5974709481    3.107  3.967  3.5663  0.181    7  0.000  0.338   149.32    82.14    53.25    40.74    33.52  2 -3.14e-07      0.00 7.089e-01 2.870e-01 3.930e-04 7.427e-04 1.549e-03 -1.000 4.111e-03 -5.147 -4.400 -3.349 -5.407
0.004 -0.58336 8.50000 3.1344320774 2.5974725744    3.096  4.009  3.5615  0.118    7  0.000  0.338   169.23    91.97    59.31    45.46    37.41  2 -4.92e-07      0.00 7.057e-01 2.902e-01 3.913e-04 7.507e-04 1.542e-03 -1.000 4.119e-03 -5.253 -4.450 -3.350 -5.480
0.004 -0.58336 8.50000 3.1345331669 2.5974741032    3.081  4.051  3.5566  0.054    7  0.000  0.338   191.81   103.00    66.08    50.74    41.77  2 -7.67e-07      0.00 7.036e-01 2.923e-01 3.902e-04 7.562e-04 1.537e-03 -1.000 4.100e-03 -5.357 -4.488 -3.324 -5.544
0.004 -0.58336 8.50000 3.1346266270 2.5974755165    3.058  4.090  3.5515 -0.008    7  0.000  0.338   216.80   115.09    73.46    56.52    46.53  2 -1.17e-06      0.00 7.024e-01 2.935e-01 3.896e-04 7.590e-04 1.535e-03 -1.000 4.116e-03 -5.454 -4.513 -3.278 -5.597
0.004 -0.58336 8.50000 3.1347205639 2.5974769370    3.022  4.126  3.5464 -0.070    7  0.000  0.338   244.16   128.23    81.42    62.77    51.69  2 -1.77e-06      0.01 7.016e-01 2.942e-01 3.892e-04 7.609e-04 1.533e-03 -1.000 4.116e-03 -5.544 -4.519 -3.194 -5.636
0.004 -0.58336 8.50000 3.1348628998 2.5974790891    2.941  4.130  3.5438 -0.097    7  0.000  0.338   255.30   133.69    84.68    65.39    53.84  2 -2.04e-06      0.01 7.011e-01 2.948e-01 3.889e-04 7.623e-04 1.532e-03 -1.000 4.100e-03 -5.556 -4.485 -3.111 -5.619
0.004 -0.58336 8.50000 3.1348929405 2.5974795433    2.926  4.095  3.5477 -0.048    7  0.000  0.338   231.42   122.28    77.76    59.98    49.37  2 -1.43e-06      0.01 7.011e-01 2.948e-01 3.889e-04 7.623e-04 1.532e-03 -1.000 4.100e-03 -5.467 -4.467 -3.168 -5.575
0.004 -0.58336 8.50000 3.1349046230 2.5974797199    2.922  4.054  3.5524  0.011    7  0.000  0.338   205.60   109.80    70.15    54.03    44.46  2  -9.5e-07      0.00 7.011e-01 2.948e-01 3.889e-04 7.623e-04 1.532e-03 -1.000 4.100e-03 -5.365 -4.439 -3.218 -5.517
0.004 -0.58336 8.50000 3.1349110603 2.5974798172    2.920  4.009  3.5574  0.076    7  0.000  0.338   180.97    97.75    62.78    48.27    39.71  2 -6.02e-07      0.00 7.011e-01 2.948e-01 3.889e-04 7.623e-04 1.532e-03 -1.000 4.100e-03 -5.253 -4.397 -3.247 -5.449
0.004 -0.58336 8.50000 3.1349158287 2.5974798893    2.920  3.968  3.5620  0.135    7  0.000  0.338   160.73    87.74    56.63    43.47    35.75  2 -3.95e-07      0.00 7.011e-01 2.948e-01 3.889e-04 7.623e-04 1.532e-03 -1.000 4.100e-03 -5.150 -4.352 -3.258 -5.380
0.004 -0.58336 8.50000 3.1349201202 2.5974799542    2.919  3.935  3.5655  0.182    7  0.000  0.338   146.39    80.57    52.20    40.02    32.91  2 -2.78e-07      0.00 7.011e-01 2.948e-01 3.889e-04 7.623e-04 1.532e-03 -1.000 4.100e-03 -5.068 -4.312 -3.255 -5.322
0.004 -0.58336 8.50000 3.1349289417 2.5974800875    2.919  3.950  3.5640  0.161    7  0.000  0.338   152.68    83.72    54.15    41.54    34.16  2 -3.27e-07      0.00 7.011e-01 2.948e-01 3.889e-04 7.623e-04 1.532e-03 -1.000 4.100e-03 -5.105 -4.331 -3.258 -5.349
0.004 -0.58336 8.50000 3.1349337101 2.5974801596    2.918  3.986  3.5600  0.110    7  0.000  0.338   169.12    91.90    59.19    45.47    37.40  2 -4.69e-07      0.00 7.011e-01 2.948e-01 3.889e-04 7.623e-04 1.532e-03 -1.000 4.100e-03 -5.194 -4.374 -3.259 -5.411
0.004 -0.58336 8.50000 3.1349413395 2.5974802750    2.917  4.024  3.5557  0.054    7  0.000  0.338   188.86   101.62    65.16    50.13    41.24  2 -6.99e-07      0.00 7.011e-01 2.948e-01 3.889e-04 7.623e-04 1.532e-03 -1.000 4.100e-03 -5.290 -4.410 -3.236 -5.471
0.004 -0.58336 8.50000 3.1349551678 2.5974804840    2.914  4.037  3.5541  0.034    7  0.000  0.338   196.59   105.41    67.47    51.94    42.73  2 -8.11e-07      0.00 7.011e-01 2.948e-01 3.889e-04 7.623e-04 1.532e-03 -1.000 4.100e-03 -5.323 -4.422 -3.225 -5.491
0.004 -0.58336 8.50000 3.1349573135 2.5974805165    2.913  4.009  3.5573  0.074    7  0.000  0.338   181.35    97.94    62.90    48.36    39.78  2 -6.04e-07      0.00 7.011e-01 2.948e-01 3.889e-04 7.623e-04 1.532e-03 -1.000 4.100e-03 -5.254 -4.396 -3.244 -5.448
0.004 -0.58336 8.50000 3.1349608898 2.5974805705    2.913  4.033  3.5546  0.040    7  0.000  0.338   193.95   104.12    66.68    51.32    42.22  2 -7.77e-07      0.00 7.011e-01 2.948e-01 3.889e-04 7.624e-04 1.532e-03 -1.000 4.100e-03 -5.311 -4.417 -3.228 -5.484
0.004 -0.58336 8.50000 3.1349658966 2.5974806462    2.912  4.070  3.5503 -0.015    7  0.000  0.338   216.35   115.02    73.33    56.52    46.52  2 -1.13e-06      0.00 7.011e-01 2.948e-01 3.889e-04 7.624e-04 1.532e-03 -1.000 4.100e-03 -5.405 -4.449 -3.199 -5.540
0.004 -0.58336 8.50000 3.1349792480 2.5974808481    2.906  4.104  3.5461 -0.067    7  0.000  0.338   239.59   126.24    80.15    61.86    50.92  2 -1.64e-06      0.01 7.011e-01 2.948e-01 3.889e-04 7.624e-04 1.532e-03 -1.000 4.100e-03 -5.491 -4.464 -3.135 -5.582
0.004 -0.58336 8.50000 3.1349828243 2.5974809021    2.905  4.108  3.5457 -0.072    7  0.000  0.338   242.04   127.41    80.86    62.42    51.38  2 -1.68e-06      0.01 7.011e-01 2.948e-01 3.889e-04 7.624e-04 1.532e-03 -1.000 4.100e-03 -5.500 -4.465 -3.130 -5.586
