Zini MH logAge Mini int_IMF Mass logL logTe logg label McoreTP C_O period0 period1 period2 period3 period4 pmode Mloss tau1m X Y Xc Xn Xo Cexcess Z mbolmag Gmag G_BPmag G_RPmag
0.0075 -0.30462 6.65000 0.0900000036 1.0816895926    0.090 -1.639  3.4367  3.729    0  0.000  0.545     0.00     0.00     0.00     0.00     0.00 -1 -1.33e-14      0.00 7.302e-01 2.622e-01 1.358e-03 3.663e-04 3.323e-03 -1.000 7.551e-03 8.866 10.476 12.707 9.103
0.0075 -0.30462 6.65000 0.0992021933 1.1644072834    0.099 -1.612  3.4403  3.759    0  0.000  0.545     0.00     0.00     0.00     0.00     0.00 -1  -1.3e-14      0.00 7.302e-01 2.622e-01 1.358e-03 3.663e-04 3.323e-03 -1.000 7.551e-03 8.799 10.369 12.555 9.005
0.0075 -0.30462 6.65000 0.1057218760 1.2171999370    0.106 -1.582  3.4440  3.772    0  0.000  0.545     0.00     0.00     0.00     0.00     0.00 -1 -1.33e-14      0.00 7.302e-01 2.622e-01 1.358e-03 3.663e-04 3.323e-03 -1.000 7.551e-03 8.724 10.253 12.390 8.899
0.0075 -0.30462 6.65000 0.1154180467 1.2883455496    0.115 -1.546  3.4484  3.791    0  0.000  0.545     0.00     0.00     0.00     0.00     0.00 -1 -1.35e-14      0.00 7.302e-01 2.622e-01 1.358e-03 3.663e-04 3.323e-03 -1.000 7.551e-03 8.634 10.116 12.198 8.774
0.0075 -0.30462 6.65000 0.1200823858 1.3198581715    0.120 -1.536  3.4496  3.804    0  0.000  0.545     0.00     0.00     0.00     0.00     0.00 -1 -1.34e-14      0.00 7.302e-01 2.622e-01 1.358e-03 3.663e-04 3.323e-03 -1.000 7.551e-03 8.611 10.079 12.146 8.740
0.0075 -0.30462 6.65000 0.1282395720 1.3713161944    0.128 -1.496  3.4542  3.811    0  0.000  0.545     0.00     0.00     0.00     0.00     0.00 -1 -1.41e-14      0.00 7.302e-01 2.622e-01 1.358e-03 3.663e-04 3.323e-03 -1.000 7.552e-03 8.511 9.930 11.936 8.605
0.0075 -0.30462 6.65000 0.1361622661 1.4173760110    0.136 -1.472  3.4568  3.823    0  0.000  0.545     0.00     0.00     0.00     0.00     0.00 -1 -1.42e-14      0.00 7.302e-01 2.622e-01 1.358e-03 3.663e-04 3.323e-03 -1.000 7.551e-03 8.450 9.843 11.815 8.525
0.0075 -0.30462 6.65000 0.1447260380 1.4633986291    0.145 -1.443  3.4602  3.833    0  0.000  0.545     0.00     0.00     0.00     0.00     0.00 -1 -1.46e-14      0.00 7.302e-01 2.622e-01 1.358e-03 3.663e-04 3.323e-03 -1.000 7.551e-03 8.376 9.733 11.661 8.425
0.0075 -0.30462 6.65000 0.1542971879 1.5108193641    0.154 -1.409  3.4638  3.842    0  0.000  0.545     0.00     0.00     0.00     0.00     0.00 -1 -1.51e-14      0.00 7.302e-01 2.622e-01 1.358e-03 3.663e-04 3.323e-03 -1.000 7.551e-03 8.292 9.614 11.500 8.316
0.0075 -0.30462 6.65000 0.1620539427 1.5465292719    0.162 -1.385  3.4665  3.851    0  0.000  0.545     0.00     0.00     0.00     0.00     0.00 -1 -1.54e-14      0.00 7.302e-01 2.622e-01 1.358e-03 3.663e-04 3.323e-03 -1.000 7.551e-03 8.233 9.530 11.385 8.240
0.0075 -0.30462 6.65000 0.1750786901 1.6017561198    0.175 -1.333  3.4725  3.856    0  0.000  0.545     0.00     0.00     0.00     0.00     0.00 -1 -1.67e-14      0.00 7.302e-01 2.622e-01 1.358e-03 3.663e-04 3.323e-03 -1.000 7.551e-03 8.102 9.344 11.132 8.070
0.0075 -0.30462 6.65000 0.1879024208 1.6511455666    0.188 -1.296  3.4764  3.865    0  0.000  0.545     0.00     0.00     0.00     0.00     0.00 -1 -1.73e-14      0.00 7.302e-01 2.622e-01 1.358e-03 3.663e-04 3.323e-03 -1.000 7.551e-03 8.009 9.217 10.963 7.954
0.0075 -0.30462 6.65000 0.2004879862 1.6955319520    0.200 -1.269  3.4793  3.878    0  0.000  0.545     0.00     0.00     0.00     0.00     0.00 -1 -1.76e-14      0.00 7.302e-01 2.622e-01 1.358e-03 3.663e-04 3.323e-03 -1.000 7.551e-03 7.943 9.125 10.839 7.870
0.0075 -0.30462 6.65000 0.2187739611 1.7539433784    0.219 -1.211  3.4862  3.886    0  0.000  0.545     0.00     0.00     0.00     0.00     0.00 -1 -1.91e-14      0.00 7.302e-01 2.622e-01 1.358e-03 3.663e-04 3.323e-03 -1.000 7.551e-03 7.799 8.922 10.564 7.687
0.0075 -0.30462 6.65000 0.2373691797 1.8071699467    0.237 -1.167  3.4912  3.896    0  0.000  0.545     0.00     0.00     0.00     0.00     0.00 -1    -2e-14      0.00 7.302e-01 2.622e-01 1.358e-03 3.663e-04 3.323e-03 -1.000 7.551e-03 7.686 8.769 10.360 7.548
0.0075 -0.30462 6.65000 0.2626750469 1.8714777895    0.262 -1.110  3.4977  3.910    0  0.000  0.545     0.00     0.00     0.00     0.00     0.00 -1 -2.14e-14      0.00 7.302e-01 2.622e-01 1.358e-03 3.663e-04 3.323e-03 -1.000 7.551e-03 7.546 8.579 10.112 7.377
0.0075 -0.30462 6.65000 0.2890363932 1.9304212112    0.289 -1.055  3.5039  3.921    0  0.000  0.545     0.00     0.00     0.00     0.00     0.00 -1 -2.28e-14      0.00 7.302e-01 2.622e-01 1.358e-03 3.663e-04 3.323e-03 -1.000 7.551e-03 7.408 8.395 9.872 7.210
0.0075 -0.30462 6.65000 0.2988848090 1.9506752193    0.298 -1.038  3.5060  3.927    0  0.000  0.545     0.00     0.00     0.00     0.00     0.00 -1 -2.32e-14      0.00 7.302e-01 2.622e-01 1.358e-03 3.663e-04 3.323e-03 -1.000 7.551e-03 7.365 8.337 9.795 7.158
0.0075 -0.30462 6.65000 0.3387785852 2.0246329473    0.338 -0.960  3.5159  3.944    0  0.000  0.545     0.00     0.00     0.00     0.00     0.00 -1 -2.55e-14      0.00 7.302e-01 2.622e-01 1.358e-03 3.663e-04 3.323e-03 -1.000 7.551e-03 7.171 8.072 9.446 6.922
0.0075 -0.30462 6.65000 0.3455812335 2.0361152310    0.345 -0.949  3.5173  3.947    0  0.000  0.545     0.00     0.00     0.00     0.00     0.00 -1 -2.59e-14      0.00 7.302e-01 2.622e-01 1.358e-03 3.663e-04 3.323e-03 -1.000 7.551e-03 7.143 8.034 9.395 6.888
0.0075 -0.30462 6.65000 0.3555825353 2.0524733733    0.355 -0.932  3.5196  3.951    0  0.000  0.545     0.00     0.00     0.00     0.00     0.00 -1 -2.64e-14      0.00 7.302e-01 2.622e-01 1.358e-03 3.663e-04 3.323e-03 -1.000 7.551e-03 7.100 7.976 9.318 6.837
0.0075 -0.30462 6.65000 0.3947314620 2.1111807335    0.394 -0.868  3.5278  3.965    0  0.000  0.545     0.00     0.00     0.00     0.00     0.00 -1 -2.85e-14      0.00 7.302e-01 2.622e-01 1.358e-03 3.663e-04 3.323e-03 -1.000 7.551e-03 6.941 7.760 9.036 6.645
0.0075 -0.30462 6.65000 0.4394150376 2.1695727488    0.439 -0.803  3.5369  3.983    0  0.000  0.545     0.00     0.00     0.00     0.00     0.00 -1 -3.07e-14      0.00 7.302e-01 2.622e-01 1.358e-03 3.663e-04 3.323e-03 -1.000 7.551e-03 6.778 7.538 8.747 6.451
0.0075 -0.30462 6.65000 0.4438816309 2.1749833073    0.443 -0.797  3.5378  3.985    0  0.000  0.545     0.00     0.00     0.00     0.00     0.00 -1  -3.1e-14      0.00 7.302e-01 2.622e-01 1.358e-03 3.663e-04 3.323e-03 -1.000 7.551e-03 6.763 7.516 8.718 6.432
0.0075 -0.30462 6.65000 0.4797097147 2.2159682560    0.479 -0.749  3.5451  4.000    0  0.000  0.545     0.00     0.00     0.00     0.00     0.00 -1 -3.27e-14      0.00 7.302e-01 2.622e-01 1.358e-03 3.663e-04 3.323e-03 -1.000 7.551e-03 6.642 7.349 8.498 6.287
0.0075 -0.30462 6.65000 0.4930318892 2.2302052303    0.493 -0.730  3.5480  4.005    0  0.000  0.545     0.00     0.00     0.00     0.00     0.00 -1 -3.35e-14      0.00 7.302e-01 2.622e-01 1.358e-03 3.663e-04 3.323e-03 -1.000 7.551e-03 6.596 7.284 8.414 6.231
0.0075 -0.30462 6.65000 0.5002202392 2.2376810732    0.500 -0.720  3.5499  4.008    0  0.000  0.545     0.00     0.00     0.00     0.00     0.00 -1 -3.39e-14      0.00 7.302e-01 2.622e-01 1.358e-03 3.663e-04 3.323e-03 -1.000 7.551e-03 6.570 7.247 8.364 6.200
0.0075 -0.30462 6.65000 0.5302624106 2.2666147474    0.530 -0.677  3.5572  4.020    0  0.000  0.545     0.00     0.00     0.00     0.00     0.00 -1 -3.59e-14      0.00 7.302e-01 2.622e-01 1.358e-03 3.663e-04 3.323e-03 -1.000 7.551e-03 6.463 7.096 8.164 6.071
0.0075 -0.30462 6.65000 0.5421820879 2.2770780545    0.542 -0.663  3.5595  4.025    0  0.000  0.545     0.00     0.00     0.00     0.00     0.00 -1 -3.64e-14      0.00 7.302e-01 2.622e-01 1.358e-03 3.663e-04 3.323e-03 -1.000 7.551e-03 6.428 7.047 8.101 6.029
0.0075 -0.30462 6.65000 0.5698270202 2.2994191614    0.569 -0.626  3.5663  4.037    0  0.000  0.545     0.00     0.00     0.00     0.00     0.00 -1 -3.82e-14      0.00 7.302e-01 2.622e-01 1.358e-03 3.663e-04 3.323e-03 -1.000 7.551e-03 6.335 6.913 7.925 5.917
0.0075 -0.30462 6.65000 0.5913323760 2.3151474903    0.591 -0.601  3.5707  4.045    0  0.000  0.545     0.00     0.00     0.00     0.00     0.00 -1 -3.93e-14      0.00 7.302e-01 2.622e-01 1.358e-03 3.663e-04 3.323e-03 -1.000 7.551e-03 6.272 6.824 7.810 5.841
0.0075 -0.30462 6.65000 0.5964547992 2.3187020477    0.596 -0.594  3.5720  4.047    0  0.000  0.545     0.00     0.00     0.00     0.00     0.00 -1 -3.97e-14      0.00 7.302e-01 2.622e-01 1.358e-03 3.663e-04 3.323e-03 -1.000 7.551e-03 6.255 6.801 7.780 5.822
0.0075 -0.30462 6.65000 0.6213649511 2.3350312158    0.621 -0.561  3.5782  4.057    0  0.000  0.545     0.00     0.00     0.00     0.00     0.00 -1 -4.15e-14      0.00 7.302e-01 2.622e-01 1.358e-03 3.663e-04 3.323e-03 -1.000 7.551e-03 6.172 6.686 7.632 5.724
0.0075 -0.30462 6.65000 0.6404825449 2.3465775003    0.640 -0.538  3.5823  4.063    0  0.000  0.545     0.00     0.00     0.00     0.00     0.00 -1 -4.28e-14      0.00 7.302e-01 2.622e-01 1.358e-03 3.663e-04 3.323e-03 -1.000 7.551e-03 6.115 6.607 7.531 5.657
0.0075 -0.30462 6.65000 0.6563100219 2.3555536495    0.656 -0.518  3.5861  4.069    0  0.000  0.545     0.00     0.00     0.00     0.00     0.00 -1 -4.39e-14      0.00 7.302e-01 2.622e-01 1.358e-03 3.663e-04 3.323e-03 -1.000 7.551e-03 6.065 6.538 7.442 5.599
0.0075 -0.30462 6.65000 0.6823374629 2.3692784356    0.682 -0.486  3.5920  4.078    0  0.000  0.545     0.00     0.00     0.00     0.00     0.00 -1 -4.59e-14      0.00 7.302e-01 2.622e-01 1.358e-03 3.663e-04 3.323e-03 -1.000 7.551e-03 5.985 6.428 7.301 5.506
0.0075 -0.30462 6.65000 0.6896328330 2.3729123002    0.689 -0.478  3.5935  4.081    0  0.000  0.545     0.00     0.00     0.00     0.00     0.00 -1 -4.64e-14      0.00 7.302e-01 2.622e-01 1.358e-03 3.663e-04 3.323e-03 -1.000 7.551e-03 5.965 6.400 7.266 5.483
0.0075 -0.30462 6.65000 0.7387830019 2.3952587666    0.739 -0.365  3.6264  4.129    0  0.000  0.539     0.00     0.00     0.00     0.00     0.00 -1  -5.5e-14      0.00 7.302e-01 2.622e-01 1.344e-03 3.660e-04 3.323e-03 -1.000 7.551e-03 5.684 5.959 6.676 5.135
0.0075 -0.30462 6.65000 0.7702076435 2.4078401470    0.770 -0.326  3.6343  4.140    0  0.000  0.538     0.00     0.00     0.00     0.00     0.00 -1 -5.83e-14      0.00 7.302e-01 2.622e-01 1.341e-03 3.659e-04 3.323e-03 -1.000 7.551e-03 5.586 5.824 6.505 5.022
0.0075 -0.30462 6.65000 0.7870201468 2.4140988623    0.787 -0.303  3.6387  4.144    0  0.000  0.538     0.00     0.00     0.00     0.00     0.00 -1 -6.05e-14      0.00 7.302e-01 2.622e-01 1.340e-03 3.659e-04 3.323e-03 -1.000 7.551e-03 5.529 5.745 6.407 4.956
0.0075 -0.30462 6.65000 0.8161894083 2.4242573338    0.816 -0.276  3.6422  4.147    0  0.000  0.538     0.00     0.00     0.00     0.00     0.00 -1  -6.3e-14      0.00 7.302e-01 2.622e-01 1.340e-03 3.659e-04 3.323e-03 -1.000 7.551e-03 5.461 5.660 6.308 4.883
0.0075 -0.30462 6.65000 0.8352572918 2.4304586797    0.835 -0.259  3.6444  4.148    0  0.000  0.538     0.00     0.00     0.00     0.00     0.00 -1 -6.47e-14      0.00 7.302e-01 2.622e-01 1.340e-03 3.659e-04 3.323e-03 -1.000 7.551e-03 5.418 5.607 6.246 4.836
0.0075 -0.30462 6.65000 0.8483575583 2.4345339253    0.848 -0.248  3.6460  4.150    0  0.000  0.538     0.00     0.00     0.00     0.00     0.00 -1 -6.57e-14      0.00 7.302e-01 2.622e-01 1.340e-03 3.659e-04 3.323e-03 -1.000 7.551e-03 5.390 5.572 6.204 4.805
0.0075 -0.30462 6.65000 0.8834944963 2.4447813327    0.883 -0.213  3.6504  4.151    0  0.000  0.538     0.00     0.00     0.00     0.00     0.00 -1 -6.97e-14      0.00 7.302e-01 2.622e-01 1.340e-03 3.659e-04 3.323e-03 -1.000 7.551e-03 5.303 5.464 6.078 4.710
0.0075 -0.30462 6.65000 0.9180628657 2.4539877213    0.917 -0.182  3.6548  4.154    0  0.000  0.538     0.00     0.00     0.00     0.00     0.00 -1 -7.32e-14      0.00 7.302e-01 2.622e-01 1.340e-03 3.659e-04 3.323e-03 -1.000 7.551e-03 5.226 5.368 5.966 4.627
0.0075 -0.30462 6.65000 0.9317315221 2.4574120116    0.931 -0.169  3.6565  4.154    0  0.000  0.538     0.00     0.00     0.00     0.00     0.00 -1 -7.49e-14      0.00 7.302e-01 2.622e-01 1.340e-03 3.659e-04 3.323e-03 -1.000 7.551e-03 5.192 5.327 5.918 4.590
0.0075 -0.30462 6.65000 0.9799686670 2.4686235370    0.980 -0.123  3.6630  4.156    0  0.000  0.538     0.00     0.00     0.00     0.00     0.00 -1 -8.12e-14      0.00 7.302e-01 2.622e-01 1.340e-03 3.659e-04 3.323e-03 -1.000 7.551e-03 5.076 5.185 5.753 4.466
0.0075 -0.30462 6.65000 0.9920878410 2.4712439997    0.992 -0.112  3.6646  4.156    0  0.000  0.538     0.00     0.00     0.00     0.00     0.00 -1 -8.18e-14      0.00 7.302e-01 2.622e-01 1.340e-03 3.659e-04 3.323e-03 -1.000 7.551e-03 5.049 5.151 5.714 4.436
0.0075 -0.30462 6.65000 1.0282058716 2.4786340095    1.028 -0.075  3.6697  4.156    0  0.000  0.538     0.00     0.00     0.00     0.00     0.00 -1 -8.47e-14      0.00 7.302e-01 2.622e-01 1.340e-03 3.659e-04 3.323e-03 -1.000 7.551e-03 4.958 5.041 5.586 4.339
0.0075 -0.30462 6.65000 1.0697414875 2.4864270549    1.069 -0.036  3.6754  4.156    0  0.000  0.538     0.00     0.00     0.00     0.00     0.00 -1 -8.51e-14      0.00 7.302e-01 2.622e-01 1.340e-03 3.659e-04 3.323e-03 -1.000 7.551e-03 4.860 4.923 5.451 4.236
0.0075 -0.30462 6.65000 1.0764429569 2.4876197788    1.076 -0.028  3.6764  4.155    0  0.000  0.538     0.00     0.00     0.00     0.00     0.00 -1 -8.55e-14      0.00 7.302e-01 2.622e-01 1.340e-03 3.659e-04 3.323e-03 -1.000 7.551e-03 4.840 4.900 5.424 4.216
0.0075 -0.30462 6.65000 1.1246800423 2.4957249421    1.124  0.019  3.6832  4.154    0  0.000  0.538     0.00     0.00     0.00     0.00     0.00 -1 -8.62e-14      0.00 7.302e-01 2.622e-01 1.340e-03 3.659e-04 3.323e-03 -1.000 7.551e-03 4.722 4.760 5.263 4.093
0.0075 -0.30462 6.65000 1.1367348433 2.4976273332    1.136  0.030  3.6848  4.154    0  0.000  0.538     0.00     0.00     0.00     0.00     0.00 -1  -8.6e-14      0.00 7.302e-01 2.622e-01 1.340e-03 3.659e-04 3.323e-03 -1.000 7.551e-03 4.694 4.727 5.226 4.064
0.0075 -0.30462 6.65000 1.1729172468 2.5030682724    1.172  0.071  3.6903  4.149    0  0.000  0.538     0.00     0.00     0.00     0.00     0.00 -1 -8.74e-14      0.00 7.302e-01 2.622e-01 1.340e-03 3.659e-04 3.323e-03 -1.000 7.551e-03 4.593 4.610 5.093 3.960
0.0075 -0.30462 6.65000 1.2211544514 2.5097484572    1.221  0.120  3.6972  4.145    0  0.000  0.538     0.00     0.00     0.00     0.00     0.00 -1 -8.76e-14      0.00 7.302e-01 2.622e-01 1.340e-03 3.659e-04 3.323e-03 -1.000 7.551e-03 4.469 4.468 4.933 3.835
0.0075 -0.30462 6.65000 1.2693915367 2.5158481562    1.269  0.168  3.7039  4.141    0  0.000  0.538     0.00     0.00     0.00     0.00     0.00 -1 -8.64e-14      0.00 7.302e-01 2.622e-01 1.340e-03 3.659e-04 3.323e-03 -1.000 7.551e-03 4.350 4.332 4.780 3.715
0.0075 -0.30462 6.65000 1.3165085316 2.5213126726    1.316  0.213  3.7103  4.137    0  0.000  0.538     0.00     0.00     0.00     0.00     0.00 -1  -8.4e-14      0.00 7.302e-01 2.622e-01 1.340e-03 3.659e-04 3.323e-03 -1.000 7.551e-03 4.237 4.205 4.637 3.602
0.0075 -0.30462 6.65000 1.3176286221 2.5214371194    1.317  0.214  3.7104  4.137    0  0.000  0.538     0.00     0.00     0.00     0.00     0.00 -1 -8.41e-14      0.00 7.302e-01 2.622e-01 1.340e-03 3.659e-04 3.323e-03 -1.000 7.551e-03 4.234 4.201 4.633 3.599
0.0075 -0.30462 6.65000 1.3658659458 2.5265745718    1.366  0.270  3.7177  4.126    0  0.000  0.538     0.00     0.00     0.00     0.00     0.00 -1 -8.27e-14      0.00 7.302e-01 2.622e-01 1.340e-03 3.659e-04 3.323e-03 -1.000 7.551e-03 4.094 4.048 4.462 3.461
0.0075 -0.30462 6.65000 1.4141030312 2.5313110259    1.414  0.325  3.7247  4.115    0  0.000  0.538     0.00     0.00     0.00     0.00     0.00 -1 -7.98e-14      0.00 7.302e-01 2.622e-01 1.340e-03 3.659e-04 3.323e-03 -1.000 7.551e-03 3.958 3.899 4.297 3.328
0.0075 -0.30462 6.65000 1.4225320816 2.5321008570    1.423  0.335  3.7260  4.112    0  0.000  0.538     0.00     0.00     0.00     0.00     0.00 -1  -7.9e-14      0.00 7.302e-01 2.622e-01 1.340e-03 3.659e-04 3.323e-03 -1.000 7.551e-03 3.933 3.872 4.268 3.304
0.0075 -0.30462 6.65000 1.4623401165 2.5356899355    1.462  0.385  3.7321  4.098    0  0.000  0.538     0.00     0.00     0.00     0.00     0.00 -1 -7.61e-14      0.00 7.302e-01 2.622e-01 1.340e-03 3.659e-04 3.323e-03 -1.000 7.551e-03 3.807 3.737 4.119 3.182
0.0075 -0.30462 6.65000 1.4797456264 2.5371896115    1.480  0.406  3.7346  4.093    0  0.000  0.538     0.00     0.00     0.00     0.00     0.00 -1 -7.34e-14      0.00 7.302e-01 2.622e-01 1.340e-03 3.659e-04 3.323e-03 -1.000 7.551e-03 3.756 3.682 4.058 3.132
0.0075 -0.30462 6.65000 1.5105772018 2.5397487941    1.511  0.446  3.7394  4.081    0  0.000  0.538     0.00     0.00     0.00     0.00     0.00 -1 -6.98e-14      0.00 7.303e-01 2.622e-01 1.340e-03 3.659e-04 3.323e-03 -1.000 7.551e-03 3.655 3.575 3.941 3.036
0.0075 -0.30462 6.65000 1.5588144064 2.5435201391    1.559  0.515  3.7470  4.056    0  0.000  0.538     0.00     0.00     0.00     0.00     0.00 -1 -6.14e-14      0.00 7.303e-01 2.622e-01 1.340e-03 3.659e-04 3.323e-03 -1.000 7.551e-03 3.482 3.394 3.744 2.872
0.0075 -0.30462 6.65000 1.5972058773 2.5463352356    1.597  0.577  3.7534  4.030    0  0.000  0.538     0.00     0.00     0.00     0.00     0.00 -1  -5.1e-14      0.00 7.303e-01 2.621e-01 1.340e-03 3.659e-04 3.323e-03 -1.000 7.551e-03 3.327 3.234 3.570 2.726
0.0075 -0.30462 6.65000 1.6070516109 2.5470323097    1.607  0.594  3.7550  4.022    0  0.000  0.538     0.00     0.00     0.00     0.00     0.00 -1 -4.88e-14      0.00 7.303e-01 2.621e-01 1.340e-03 3.659e-04 3.323e-03 -1.000 7.551e-03 3.286 3.191 3.524 2.686
0.0075 -0.30462 6.65000 1.6154979467 2.5476225267    1.615  0.608  3.7565  4.016    0  0.000  0.538     0.00     0.00     0.00     0.00     0.00 -1 -2.24e-14      0.00 7.303e-01 2.621e-01 1.340e-03 3.659e-04 3.323e-03 -1.000 7.551e-03 3.249 3.154 3.483 2.652
0.0075 -0.30462 6.65000 1.6552885771 2.5503101030    1.655  0.685  3.7636  3.978    0  0.000  0.538     0.00     0.00     0.00     0.00     0.00 -1 -6.09e-16      0.00 7.303e-01 2.621e-01 1.340e-03 3.659e-04 3.323e-03 -1.000 7.551e-03 3.057 2.957 3.272 2.472
0.0075 -0.30462 6.65000 1.6749887466 2.5515864918    1.674  0.727  3.7673  3.957    0  0.000  0.538     0.00     0.00     0.00     0.00     0.00 -1 -5.12e-22      0.00 7.303e-01 2.621e-01 1.340e-03 3.659e-04 3.323e-03 -1.000 7.551e-03 2.953 2.851 3.158 2.374
0.0075 -0.30462 6.65000 1.7035256624 2.5533753490    1.703  0.793  3.7732  3.921    0  0.000  0.538     0.00     0.00     0.00     0.00     0.00 -1    -1e-30      0.00 7.303e-01 2.621e-01 1.340e-03 3.659e-04 3.323e-03 -1.000 7.551e-03 2.787 2.682 2.977 2.219
0.0075 -0.30462 6.65000 1.7115113735 2.5538636706    1.711  0.812  3.7748  3.910    0  0.000  0.538     0.00     0.00     0.00     0.00     0.00 -1    -1e-30      0.00 7.303e-01 2.621e-01 1.340e-03 3.659e-04 3.323e-03 -1.000 7.551e-03 2.739 2.633 2.925 2.174
0.0075 -0.30462 6.65000 1.7362343073 2.5553427652    1.735  0.874  3.7802  3.877    0  0.000  0.538     0.00     0.00     0.00     0.00     0.00 -1    -1e-30      0.00 7.303e-01 2.621e-01 1.340e-03 3.659e-04 3.323e-03 -1.000 7.551e-03 2.586 2.478 2.758 2.031
0.0075 -0.30462 6.65000 1.7517628670 2.5562472801    1.751  0.912  3.7838  3.857    0  0.000  0.538     0.00     0.00     0.00     0.00     0.00 -1    -1e-30      0.00 7.303e-01 2.621e-01 1.340e-03 3.659e-04 3.323e-03 -1.000 7.551e-03 2.491 2.381 2.655 1.943
0.0075 -0.30462 6.65000 1.7636287212 2.5569261155    1.763  0.941  3.7865  3.841    0  0.000  0.538     0.00     0.00     0.00     0.00     0.00 -1    -1e-30      0.00 7.303e-01 2.621e-01 1.340e-03 3.659e-04 3.323e-03 -1.000 7.551e-03 2.418 2.307 2.576 1.875
0.0075 -0.30462 6.65000 1.7937357426 2.5586022568    1.792  1.013  3.7940  3.806    0  0.000  0.538     0.00     0.00     0.00     0.00     0.00 -1    -1e-30      0.00 7.303e-01 2.621e-01 1.340e-03 3.659e-04 3.323e-03 -1.000 7.551e-03 2.237 2.125 2.379 1.711
0.0075 -0.30462 6.65000 1.7999999523 2.5589429085    1.799  1.028  3.7958  3.800    0  0.000  0.538     0.00     0.00     0.00     0.00     0.00 -1    -1e-30      0.00 7.303e-01 2.621e-01 1.340e-03 3.659e-04 3.323e-03 -1.000 7.551e-03 2.200 2.088 2.339 1.679
0.0075 -0.30462 6.65000 1.8106027842 2.5595133249    1.809  1.053  3.7987  3.790    0  0.000  0.538     0.00     0.00     0.00     0.00     0.00 -1    -1e-30      0.00 7.303e-01 2.621e-01 1.340e-03 3.659e-04 3.323e-03 -1.000 7.551e-03 2.138 2.026 2.270 1.623
0.0075 -0.30462 6.65000 1.8380348682 2.5609540725    1.837  1.116  3.8074  3.767    0  0.000  0.538     0.00     0.00     0.00     0.00     0.00 -1    -1e-30      0.00 7.303e-01 2.621e-01 1.340e-03 3.659e-04 3.323e-03 -1.000 7.551e-03 1.980 1.867 2.095 1.485
0.0075 -0.30462 6.65000 1.8494096994 2.5615370882    1.848  1.142  3.8114  3.760    0  0.000  0.538     0.00     0.00     0.00     0.00     0.00 -1    -1e-30      0.00 7.303e-01 2.621e-01 1.340e-03 3.659e-04 3.323e-03 -1.000 7.551e-03 1.914 1.801 2.022 1.430
0.0075 -0.30462 6.65000 1.8703213930 2.5625876673    1.869  1.190  3.8205  3.754    0  0.000  0.538     0.00     0.00     0.00     0.00     0.00 -1    -1e-30      0.00 7.303e-01 2.621e-01 1.340e-03 3.659e-04 3.323e-03 -1.000 7.551e-03 1.795 1.682 1.886 1.332
0.0075 -0.30462 6.65000 1.8907681704 2.5635890922    1.890  1.236  3.8324  3.760    0  0.000  0.538     0.00     0.00     0.00     0.00     0.00 -1    -1e-30      0.00 7.303e-01 2.621e-01 1.340e-03 3.659e-04 3.323e-03 -1.000 7.551e-03 1.679 1.566 1.751 1.245
0.0075 -0.30462 6.65000 1.8988192081 2.5639766100    1.898  1.254  3.8383  3.767    0  0.000  0.538     0.00     0.00     0.00     0.00     0.00 -1    -1e-30      0.00 7.303e-01 2.621e-01 1.340e-03 3.659e-04 3.323e-03 -1.000 7.551e-03 1.634 1.522 1.697 1.214
0.0075 -0.30462 6.65000 1.9030311108 2.5641778384    1.902  1.264  3.8414  3.771    0  0.000  0.538     0.00     0.00     0.00     0.00     0.00 -1    -1e-30      0.00 7.303e-01 2.621e-01 1.340e-03 3.659e-04 3.323e-03 -1.000 7.551e-03 1.610 1.499 1.669 1.199
0.0075 -0.30462 6.65000 1.9152429104 2.5647555215    1.914  1.291  3.8517  3.788    0  0.000  0.538     0.00     0.00     0.00     0.00     0.00 -1    -1e-30      0.00 7.303e-01 2.621e-01 1.340e-03 3.659e-04 3.323e-03 -1.000 7.551e-03 1.542 1.433 1.587 1.158
0.0075 -0.30462 6.65000 1.9303343296 2.5654578265    1.930  1.324  3.8653  3.812    0  0.000  0.538     0.00     0.00     0.00     0.00     0.00 -1    -1e-30      0.00 7.303e-01 2.621e-01 1.340e-03 3.659e-04 3.323e-03 -1.000 7.551e-03 1.459 1.355 1.487 1.113
0.0075 -0.30462 6.65000 1.9450427294 2.5661302609    1.944  1.356  3.8791  3.839    0  0.000  0.538     0.00     0.00     0.00     0.00     0.00 -1    -1e-30      0.00 7.303e-01 2.621e-01 1.340e-03 3.659e-04 3.323e-03 -1.000 7.551e-03 1.380 1.283 1.395 1.075
0.0075 -0.30462 6.65000 1.9482289553 2.5662743901    1.948  1.363  3.8821  3.845    0  0.000  0.538     0.00     0.00     0.00     0.00     0.00 -1    -1e-30      0.00 7.303e-01 2.621e-01 1.340e-03 3.659e-04 3.323e-03 -1.000 7.551e-03 1.363 1.268 1.375 1.068
0.0075 -0.30462 6.65000 1.9535511732 2.5665139355    1.953  1.374  3.8872  3.855    0  0.000  0.538     0.00     0.00     0.00     0.00     0.00 -1    -1e-30      0.00 7.303e-01 2.621e-01 1.340e-03 3.659e-04 3.323e-03 -1.000 7.551e-03 1.334 1.243 1.343 1.056
0.0075 -0.30462 6.65000 1.9676984549 2.5671434454    1.967  1.404  3.9008  3.883    0  0.000  0.538     0.00     0.00     0.00     0.00     0.00 -1    -1e-30      0.00 7.303e-01 2.621e-01 1.340e-03 3.659e-04 3.323e-03 -1.000 7.551e-03 1.261 1.183 1.263 1.031
0.0075 -0.30462 6.65000 1.9817937613 2.5677603747    1.982  1.432  3.9144  3.913    0  0.000  0.538     0.00     0.00     0.00     0.00     0.00 -1    -1e-30      0.00 7.303e-01 2.621e-01 1.340e-03 3.659e-04 3.323e-03 -1.000 7.551e-03 1.191 1.132 1.194 1.014
0.0075 -0.30462 6.65000 1.9959948063 2.5683718094    1.996  1.458  3.9280  3.944    0  0.000  0.538     0.00     0.00     0.00     0.00     0.00 -1    -1e-30      0.00 7.303e-01 2.621e-01 1.340e-03 3.659e-04 3.323e-03 -1.000 7.551e-03 1.125 1.092 1.136 1.005
0.0075 -0.30462 6.65000 1.9976384640 2.5684419329    1.998  1.461  3.9296  3.948    0  0.000  0.538     0.00     0.00     0.00     0.00     0.00 -1    -1e-30      0.00 7.303e-01 2.621e-01 1.340e-03 3.659e-04 3.323e-03 -1.000 7.551e-03 1.117 1.087 1.130 1.005
0.0075 -0.30462 6.65000 2.0131955147 2.5690991283    2.013  1.487  3.9442  3.983    0  0.000  0.538     0.00     0.00     0.00     0.00     0.00 -1    -1e-30      0.00 7.303e-01 2.621e-01 1.340e-03 3.659e-04 3.323e-03 -1.000 7.551e-03 1.051 1.061 1.089 1.006
0.0075 -0.30462 6.65000 2.0294835567 2.5697748023    2.029  1.511  3.9589  4.022    0  0.000  0.538     0.00     0.00     0.00     0.00     0.00 -1    -1e-30      0.00 7.303e-01 2.621e-01 1.340e-03 3.659e-04 3.323e-03 -1.000 7.551e-03 0.992 1.050 1.066 1.019
0.0075 -0.30462 6.65000 2.0470192432 2.5704884270    2.046  1.532  3.9738  4.064    0  0.000  0.538     0.00     0.00     0.00     0.00     0.00 -1    -1e-30      0.00 7.303e-01 2.621e-01 1.340e-03 3.659e-04 3.323e-03 -1.000 7.551e-03 0.939 1.055 1.061 1.044
0.0075 -0.30462 6.65000 2.0470480919 2.5704895894    2.047  1.532  3.9739  4.064    0  0.000  0.538     0.00     0.00     0.00     0.00     0.00 -1    -1e-30      0.00 7.303e-01 2.621e-01 1.340e-03 3.659e-04 3.323e-03 -1.000 7.551e-03 0.939 1.055 1.061 1.044
0.0075 -0.30462 6.65000 2.0517971516 2.5706804365    2.051  1.537  3.9778  4.076    0  0.000  0.538     0.00     0.00     0.00     0.00     0.00 -1    -1e-30      0.00 7.303e-01 2.621e-01 1.340e-03 3.659e-04 3.323e-03 -1.000 7.551e-03 0.926 1.059 1.062 1.053
0.0075 -0.30462 6.65000 2.0571582317 2.5708946613    2.057  1.540  3.9815  4.089    0  0.000  0.538     0.00     0.00     0.00     0.00     0.00 -1    -1e-30      0.00 7.303e-01 2.621e-01 1.340e-03 3.659e-04 3.323e-03 -1.000 7.551e-03 0.919 1.067 1.067 1.065
0.0075 -0.30462 6.65000 2.0852584839 2.5719968362    2.084  1.540  3.9961  4.153    0  0.000  0.538     0.00     0.00     0.00     0.00     0.00 -1    -1e-30      0.00 7.303e-01 2.621e-01 1.340e-03 3.659e-04 3.323e-03 -1.000 7.551e-03 0.920 1.132 1.125 1.146
0.0075 -0.30462 6.65000 2.0964577198 2.5724266453    2.095  1.534  4.0000  4.177    0  0.000  0.538     0.00     0.00     0.00     0.00     0.00 -1    -1e-30      0.00 7.303e-01 2.621e-01 1.340e-03 3.659e-04 3.323e-03 -1.000 7.551e-03 0.935 1.165 1.156 1.183
0.0075 -0.30462 6.65000 2.1117672920 2.5730057291    2.111  1.520  4.0037  4.209    0  0.000  0.538     0.00     0.00     0.00     0.00     0.00 -1    -1e-30      0.00 7.303e-01 2.621e-01 1.340e-03 3.659e-04 3.323e-03 -1.000 7.551e-03 0.970 1.218 1.207 1.238
0.0075 -0.30462 6.65000 2.1303353310 2.5736952360    2.129  1.498  4.0055  4.242    0  0.000  0.538     0.00     0.00     0.00     0.00     0.00 -1    -1e-30      0.00 7.303e-01 2.621e-01 1.340e-03 3.659e-04 3.323e-03 -1.000 7.551e-03 1.025 1.281 1.269 1.303
0.0075 -0.30462 6.65000 2.1458675861 2.5742614836    2.145  1.486  4.0069  4.263    0  0.000  0.538     0.00     0.00     0.00     0.00     0.00 -1    -1e-30      0.00 7.303e-01 2.621e-01 1.340e-03 3.659e-04 3.323e-03 -1.000 7.551e-03 1.054 1.318 1.306 1.341
0.0075 -0.30462 6.65000 2.1573128700 2.5746727406    2.156  1.479  4.0082  4.277    0  0.000  0.538     0.00     0.00     0.00     0.00     0.00 -1    -1e-30      0.00 7.303e-01 2.621e-01 1.340e-03 3.659e-04 3.323e-03 -1.000 7.551e-03 1.072 1.341 1.329 1.366
0.0075 -0.30462 6.65000 2.1952769756 2.5760016454    2.194  1.507  4.0207  4.307    0  0.000  0.538     0.00     0.00     0.00     0.00     0.00 -1    -1e-30      0.00 7.303e-01 2.621e-01 1.340e-03 3.659e-04 3.323e-03 -1.000 7.551e-03 1.002 1.331 1.313 1.367
0.0075 -0.30462 6.65000 2.2141931057 2.5766442627    2.213  1.528  4.0286  4.322    0  0.000  0.538     0.00     0.00     0.00     0.00     0.00 -1    -1e-30      0.00 7.303e-01 2.621e-01 1.340e-03 3.659e-04 3.323e-03 -1.000 7.551e-03 0.951 1.318 1.296 1.360
0.0075 -0.30462 6.65000 2.2326190472 2.5772582023    2.231  1.560  4.0391  4.335    0  0.000  0.538     0.00     0.00     0.00     0.00     0.00 -1    -1e-30      0.00 7.303e-01 2.621e-01 1.340e-03 3.659e-04 3.323e-03 -1.000 7.551e-03 0.870 1.290 1.264 1.341
0.0075 -0.30462 6.65000 2.2446868420 2.5776540172    2.243  1.582  4.0463  4.344    0  0.000  0.538     0.00     0.00     0.00     0.00     0.00 -1    -1e-30      0.00 7.303e-01 2.621e-01 1.340e-03 3.659e-04 3.323e-03 -1.000 7.551e-03 0.816 1.273 1.244 1.329
0.0075 -0.30462 6.65000 2.2496323586 2.5778148164    2.248  1.590  4.0491  4.348    0  0.000  0.538     0.00     0.00     0.00     0.00     0.00 -1    -1e-30      0.00 7.303e-01 2.621e-01 1.340e-03 3.659e-04 3.323e-03 -1.000 7.551e-03 0.795 1.267 1.236 1.324
0.0075 -0.30462 6.65000 2.2883148193 2.5790450173    2.287  1.625  4.0644  4.381    0  0.000  0.538     0.00     0.00     0.00     0.00     0.00 -1    -1e-30      0.00 7.303e-01 2.621e-01 1.340e-03 3.659e-04 3.323e-03 -1.000 7.551e-03 0.707 1.258 1.222 1.326
0.0075 -0.30462 6.65000 2.2940962315 2.5792247873    2.293  1.627  4.0658  4.386    0  0.000  0.538     0.00     0.00     0.00     0.00     0.00 -1    -1e-30      0.00 7.303e-01 2.621e-01 1.340e-03 3.659e-04 3.323e-03 -1.000 7.551e-03 0.702 1.261 1.224 1.329
0.0075 -0.30462 6.65000 2.3156943321 2.5798872473    2.314  1.634  4.0712  4.405    0  0.000  0.538     0.00     0.00     0.00     0.00     0.00 -1    -1e-30      0.00 7.303e-01 2.621e-01 1.340e-03 3.659e-04 3.323e-03 -1.000 7.551e-03 0.684 1.272 1.233 1.344
0.0075 -0.30462 6.65000 2.3404128551 2.5806281887    2.339  1.640  4.0758  4.422    0  0.000  0.538     0.00     0.00     0.00     0.00     0.00 -1    -1e-30      0.00 7.303e-01 2.621e-01 1.340e-03 3.659e-04 3.323e-03 -1.000 7.551e-03 0.669 1.281 1.241 1.356
0.0075 -0.30462 6.65000 2.3435058594 2.5807196375    2.342  1.642  4.0767  4.425    0  0.000  0.538     0.00     0.00     0.00     0.00     0.00 -1    -1e-30      0.00 7.303e-01 2.621e-01 1.340e-03 3.659e-04 3.323e-03 -1.000 7.551e-03 0.666 1.283 1.243 1.359
0.0075 -0.30462 6.65000 2.3504159451 2.5809229439    2.349  1.642  4.0777  4.429    0  0.000  0.538     0.00     0.00     0.00     0.00     0.00 -1    -1e-30      0.00 7.303e-01 2.621e-01 1.340e-03 3.659e-04 3.323e-03 -1.000 7.551e-03 0.664 1.286 1.246 1.362
0.0075 -0.30462 6.65000 2.3929157257 2.5821437241    2.392  1.643  4.0807  4.449    0  0.000  0.538     0.00     0.00     0.00     0.00     0.00 -1    -1e-30      0.00 7.303e-01 2.621e-01 1.340e-03 3.659e-04 3.323e-03 -1.000 7.551e-03 0.662 1.301 1.260 1.379
0.0075 -0.30462 6.65000 2.3960006237 2.5822303992    2.395  1.643  4.0809  4.450    0  0.000  0.538     0.00     0.00     0.00     0.00     0.00 -1    -1e-30      0.00 7.303e-01 2.621e-01 1.340e-03 3.659e-04 3.323e-03 -1.000 7.551e-03 0.663 1.303 1.261 1.381
0.0075 -0.30462 6.65000 2.4099478722 2.5826190861    2.409  1.643  4.0814  4.455    0  0.000  0.538     0.00     0.00     0.00     0.00     0.00 -1    -1e-30      0.00 7.303e-01 2.621e-01 1.340e-03 3.659e-04 3.323e-03 -1.000 7.551e-03 0.662 1.305 1.263 1.383
0.0075 -0.30462 6.65000 2.4739890099 2.5843392948    2.473  1.678  4.0877  4.456    0  0.000  0.538     0.00     0.00     0.00     0.00     0.00 -1    -1e-30      0.00 7.303e-01 2.621e-01 1.340e-03 3.659e-04 3.323e-03 -1.000 7.551e-03 0.576 1.252 1.208 1.335
0.0075 -0.30462 6.65000 2.5038080215 2.5851058196    2.503  1.695  4.0909  4.457    0  0.000  0.538     0.00     0.00     0.00     0.00     0.00 -1    -1e-30      0.00 7.303e-01 2.621e-01 1.340e-03 3.658e-04 3.323e-03 -1.000 7.551e-03 0.532 1.226 1.181 1.310
0.0075 -0.30462 6.65000 2.5905542374 2.5872207788    2.590  1.750  4.1010  4.457    0  0.000  0.538     0.00     0.00     0.00     0.00     0.00 -1    -1e-30      0.00 7.303e-01 2.621e-01 1.340e-03 3.659e-04 3.324e-03 -1.000 7.551e-03 0.394 1.143 1.094 1.233
0.0075 -0.30462 6.65000 2.7881927490 2.5914791743    2.788  1.870  4.1224  4.455    0  0.000  0.538     0.00     0.00     0.00     0.00     0.00 -1    -1e-30      0.00 7.303e-01 2.621e-01 1.340e-03 3.659e-04 3.324e-03 -1.000 7.551e-03 0.095 0.962 0.907 1.065
0.0075 -0.30462 6.65000 2.9858312607 2.5950958837    2.986  1.981  4.1418  4.451    0  0.000  0.538     0.00     0.00     0.00     0.00     0.00 -1    -1e-30      0.00 7.303e-01 2.621e-01 1.340e-03 3.659e-04 3.324e-03 -1.000 7.551e-03 -0.182 0.795 0.734 0.909
0.0075 -0.30462 6.65000 3.1834697723 2.5982010991    3.182  2.083  4.1594  4.447    0  0.000  0.538     0.00     0.00     0.00     0.00     0.00 -1    -1e-30      0.00 7.303e-01 2.621e-01 1.340e-03 3.659e-04 3.324e-03 -1.000 7.551e-03 -0.439 0.640 0.573 0.763
0.0075 -0.30462 6.65000 3.3811082840 2.6008925895    3.379  2.179  4.1756  4.442    0  0.000  0.538     0.00     0.00     0.00     0.00     0.00 -1    -1e-30      0.00 7.303e-01 2.621e-01 1.340e-03 3.659e-04 3.324e-03 -1.000 7.551e-03 -0.677 0.496 0.424 0.628
0.0075 -0.30462 6.65000 3.5787467957 2.6032451081    3.576  2.269  4.1902  4.435    1  0.000  0.538     0.00     0.00     0.00     0.00     0.00 -1    -1e-30      0.00 7.303e-01 2.621e-01 1.340e-03 3.659e-04 3.324e-03 -1.000 7.551e-03 -0.902 0.356 0.280 0.497
0.0075 -0.30462 6.65000 3.7763853073 2.6053167230    3.774  2.353  4.2042  4.431    0  0.000  0.538     0.00     0.00     0.00     0.00     0.00 -1    -1e-30      0.00 7.303e-01 2.621e-01 1.340e-03 3.659e-04 3.324e-03 -1.000 7.551e-03 -1.113 0.229 0.149 0.377
0.0075 -0.30462 6.65000 3.9740238190 2.6071531812    3.974  2.433  4.2171  4.425    0  0.000  0.538     0.00     0.00     0.00     0.00     0.00 -1    -1e-30      0.00 7.303e-01 2.621e-01 1.340e-03 3.659e-04 3.324e-03 -1.000 7.551e-03 -1.312 0.105 0.022 0.261
0.0075 -0.30462 6.65000 4.1716623306 2.6087909786    4.169  2.508  4.2295  4.420    0  0.000  0.538     0.00     0.00     0.00     0.00     0.00 -1    -1e-30      0.00 7.303e-01 2.621e-01 1.340e-03 3.659e-04 3.324e-03 -1.000 7.551e-03 -1.500 -0.010 -0.097 0.153
0.0075 -0.30462 6.65000 4.3693008423 2.6102595627    4.366  2.579  4.2406  4.413    1  0.000  0.538     0.00     0.00     0.00     0.00     0.00 -1    -1e-30      0.00 7.303e-01 2.621e-01 1.340e-03 3.659e-04 3.324e-03 -1.000 7.551e-03 -1.678 -0.122 -0.212 0.047
0.0075 -0.30462 6.65000 4.5669393539 2.6115829379    4.564  2.647  4.2512  4.407    1  0.000  0.538     0.00     0.00     0.00     0.00     0.00 -1    -1e-30      0.00 7.303e-01 2.621e-01 1.340e-03 3.659e-04 3.324e-03 -1.000 7.551e-03 -1.849 -0.229 -0.322 -0.054
0.0075 -0.30462 6.65000 4.7645783424 2.6127808574    4.762  2.712  4.2618  4.403    0  0.000  0.538     0.00     0.00     0.00     0.00     0.00 -1    -1e-30      0.00 7.303e-01 2.621e-01 1.340e-03 3.659e-04 3.324e-03 -1.000 7.551e-03 -2.011 -0.329 -0.426 -0.149
0.0075 -0.30462 6.65000 4.9622163773 2.6138697015    4.961  2.774  4.2709  4.395    1  0.000  0.538     0.00     0.00     0.00     0.00     0.00 -1    -1e-30      0.00 7.303e-01 2.621e-01 1.340e-03 3.659e-04 3.324e-03 -1.000 7.551e-03 -2.165 -0.430 -0.529 -0.245
0.0075 -0.30462 6.65000 5.1598548889 2.6148631840    5.159  2.833  4.2799  4.389    1  0.000  0.538     0.00     0.00     0.00     0.00     0.00 -1    -1e-30      0.00 7.303e-01 2.621e-01 1.340e-03 3.659e-04 3.324e-03 -1.000 7.551e-03 -2.313 -0.525 -0.627 -0.334
0.0075 -0.30462 6.65000 5.3574934006 2.6157728459    5.357  2.890  4.2884  4.383    1  0.000  0.538     0.00     0.00     0.00     0.00     0.00 -1    -1e-30      0.00 7.303e-01 2.621e-01 1.340e-03 3.659e-04 3.324e-03 -1.000 7.551e-03 -2.455 -0.618 -0.722 -0.422
0.0075 -0.30462 6.65000 5.5551319122 2.6166084745    5.555  2.944  4.2965  4.376    1  0.000  0.538     0.00     0.00     0.00     0.00     0.00 -1    -1e-30      0.00 7.303e-01 2.621e-01 1.340e-03 3.659e-04 3.324e-03 -1.000 7.551e-03 -2.591 -0.707 -0.813 -0.507
0.0075 -0.30462 6.65000 5.7530064583 2.6173793022    5.753  2.997  4.3047  4.372    1  0.000  0.538     0.00     0.00     0.00     0.00     0.00 -1    -1e-30      0.00 7.303e-01 2.621e-01 1.340e-03 3.659e-04 3.324e-03 -1.000 7.551e-03 -2.723 -0.791 -0.900 -0.587
0.0075 -0.30462 6.65000 5.9508819580 2.6180914801    5.951  3.048  4.3123  4.366    1  0.000  0.538     0.00     0.00     0.00     0.00     0.00 -1    -1e-30      0.00 7.303e-01 2.621e-01 1.340e-03 3.659e-04 3.324e-03 -1.000 7.551e-03 -2.850 -0.875 -0.985 -0.666
0.0075 -0.30462 6.65000 6.1487565041 2.6187511993    6.148  3.097  4.3199  4.361    1  0.000  0.538     0.00     0.00     0.00     0.00     0.00 -1    -1e-30      0.00 7.303e-01 2.621e-01 1.340e-03 3.659e-04 3.324e-03 -1.000 7.551e-03 -2.972 -0.954 -1.067 -0.741
0.0075 -0.30462 6.65000 6.2085514069 2.6189410669    6.208  3.111  4.3221  4.360    1  0.000  0.538     0.00     0.00     0.00     0.00     0.00 -1    -1e-30      0.00 7.303e-01 2.621e-01 1.340e-03 3.659e-04 3.324e-03 -1.000 7.551e-03 -3.008 -0.978 -1.091 -0.764
0.0075 -0.30462 6.65000 6.3466310501 2.6193638347    6.345  3.144  4.3270  4.356    1  0.000  0.538     0.00     0.00     0.00     0.00     0.00 -1    -1e-30      0.00 7.303e-01 2.621e-01 1.340e-03 3.659e-04 3.324e-03 -1.000 7.551e-03 -3.091 -1.032 -1.146 -0.815
0.0075 -0.30462 6.65000 6.4957132339 2.6197971626    6.490  3.178  4.3322  4.353    1  0.000  0.538     0.00     0.00     0.00     0.00     0.00 -1    -1e-30      0.00 7.303e-01 2.621e-01 1.340e-03 3.659e-04 3.324e-03 -1.000 7.551e-03 -3.175 -1.087 -1.203 -0.867
0.0075 -0.30462 6.65000 6.5445065498 2.6199340651    6.538  3.189  4.3339  4.352    1  0.000  0.538     0.00     0.00     0.00     0.00     0.00 -1    -1e-30      0.00 7.303e-01 2.621e-01 1.340e-03 3.659e-04 3.324e-03 -1.000 7.551e-03 -3.202 -1.105 -1.221 -0.884
0.0075 -0.30462 6.65000 6.9653620720 2.6210239173    6.955  3.280  4.3474  4.341    1  0.000  0.538     0.00     0.00     0.00     0.00     0.00 -1    -1e-30      0.00 7.303e-01 2.621e-01 1.340e-03 3.659e-04 3.324e-03 -1.000 7.551e-03 -3.431 -1.258 -1.378 -1.030
0.0075 -0.30462 6.65000 7.1381311417 2.6214287688    7.126  3.317  4.3528  4.338    1  0.000  0.538     0.00     0.00     0.00     0.00     0.00 -1    -1e-30      0.00 7.303e-01 2.621e-01 1.340e-03 3.659e-04 3.324e-03 -1.000 7.551e-03 -3.522 -1.318 -1.439 -1.087
0.0075 -0.30462 6.65000 8.1275053024 2.6233711192    8.121  3.508  4.3811  4.316    1  0.000  0.538     0.00     0.00     0.00     0.00     0.00 -1    -1e-30      0.00 7.303e-01 2.621e-01 1.340e-03 3.659e-04 3.324e-03 -1.000 7.551e-03 -4.000 -1.642 -1.770 -1.396
0.0075 -0.30462 6.65000 8.1452655792 2.6234010617    8.138  3.511  4.3815  4.315    1  0.000  0.538     0.00     0.00     0.00     0.00     0.00 -1    -1e-30      0.00 7.303e-01 2.621e-01 1.340e-03 3.659e-04 3.324e-03 -1.000 7.551e-03 -4.008 -1.647 -1.776 -1.401
0.0075 -0.30462 6.65000 9.1168794632 2.6248369406    9.106  3.676  4.4054  4.295    1  0.000  0.538     0.00     0.00     0.00     0.00     0.00 -1    -1e-30      0.00 7.303e-01 2.621e-01 1.340e-03 3.659e-04 3.324e-03 -1.000 7.551e-03 -4.420 -1.919 -2.057 -1.665
0.0075 -0.30462 6.65000 9.6210470200 2.6254519928    9.613  3.754  4.4165  4.285    1  0.000  0.538     0.00     0.00     0.00     0.00     0.00 -1    -1e-30      0.00 7.303e-01 2.621e-01 1.340e-03 3.659e-04 3.324e-03 -1.000 7.551e-03 -4.614 -2.039 -2.181 -1.777
0.0075 -0.30462 6.65000 10.1062545776 2.6259777717   10.100  3.825  4.4266  4.276    1  0.000  0.538     0.00     0.00     0.00     0.00     0.00 -1    -1e-30      0.00 7.303e-01 2.621e-01 1.340e-03 3.659e-04 3.324e-03 -1.000 7.551e-03 -4.793 -2.158 -2.302 -1.890
0.0075 -0.30462 6.65000 11.0956296921 2.6268878864   11.093  3.959  4.4452  4.257    1  0.000  0.538     0.00     0.00     0.00     0.00     0.00 -1    -1e-30      0.00 7.303e-01 2.621e-01 1.340e-03 3.659e-04 3.324e-03 -1.000 7.551e-03 -5.128 -2.449 -2.592 -2.187
0.0075 -0.30462 6.65000 11.6754598618 2.6273396104   11.671  4.031  4.4550  4.246    1  0.000  0.538     0.00     0.00     0.00     0.00     0.00 -1 -3.49e-30      0.00 7.303e-01 2.621e-01 1.341e-03 3.659e-04 3.324e-03 -1.000 7.551e-03 -5.309 -2.585 -2.730 -2.317
0.0075 -0.30462 6.65000 12.0850038528 2.6276288090   12.079  4.081  4.4617  4.238    1  0.000  0.538     0.00     0.00     0.00     0.00     0.00 -1 -8.12e-30      0.00 7.303e-01 2.621e-01 1.341e-03 3.659e-04 3.324e-03 -1.000 7.551e-03 -5.432 -2.666 -2.814 -2.389
0.0075 -0.30462 6.65000 12.3988466263 2.6278356220   12.391  4.116  4.4664  4.232    1  0.000  0.539     0.00     0.00     0.00     0.00     0.00 -1 -2.37e-26      0.00 7.303e-01 2.621e-01 1.344e-03 3.660e-04 3.323e-03 -1.000 7.551e-03 -5.521 -2.725 -2.875 -2.442
0.0075 -0.30462 6.65000 13.5470752716 2.6284992814   13.529  4.241  4.4826  4.211    1  0.000  0.543     0.00     0.00     0.00     0.00     0.00 -1 -2.32e-14      0.00 7.303e-01 2.622e-01 1.354e-03 3.662e-04 3.323e-03 -1.000 7.551e-03 -5.833 -2.936 -3.092 -2.641
0.0075 -0.30462 6.65000 14.0637540817 2.6287575842   14.042  4.294  4.4894  4.200    1  0.000  0.545     0.00     0.00     0.00     0.00     0.00 -1 -2.77e-09      0.00 7.302e-01 2.622e-01 1.358e-03 3.663e-04 3.323e-03 -1.000 7.551e-03 -5.966 -3.031 -3.188 -2.733
0.0075 -0.30462 6.65000 14.1728725433 2.6288093729   14.151  4.305  4.4907  4.198    1  0.000  0.545     0.00     0.00     0.00     0.00     0.00 -1 -2.92e-09      0.00 7.302e-01 2.622e-01 1.358e-03 3.663e-04 3.323e-03 -1.000 7.551e-03 -5.993 -3.050 -3.207 -2.752
0.0075 -0.30462 6.65000 15.2265911102 2.6292658815   15.203  4.405  4.5028  4.178    1  0.000  0.545     0.00     0.00     0.00     0.00     0.00 -1 -4.78e-09      0.00 7.302e-01 2.622e-01 1.358e-03 3.663e-04 3.323e-03 -1.000 7.551e-03 -6.242 -3.232 -3.392 -2.928
0.0075 -0.30462 6.65000 16.0425014496 2.6295723955   16.018  4.478  4.5115  4.162    1  0.000  0.545     0.00     0.00     0.00     0.00     0.00 -1 -6.93e-09      0.00 7.302e-01 2.622e-01 1.358e-03 3.663e-04 3.323e-03 -1.000 7.551e-03 -6.426 -3.364 -3.524 -3.061
0.0075 -0.30462 6.65000 16.6810932159 2.6297883942   16.645  4.532  4.5174  4.149    1  0.000  0.545     0.00     0.00     0.00     0.00     0.00 -1 -8.94e-09      0.00 7.302e-01 2.622e-01 1.358e-03 3.663e-04 3.323e-03 -1.000 7.551e-03 -6.559 -3.460 -3.620 -3.159
0.0075 -0.30462 6.65000 17.6644821167 2.6300861579   17.608  4.610  4.5259  4.129    1  0.000  0.545     0.00     0.00     0.00     0.00     0.00 -1 -1.29e-08      0.00 7.302e-01 2.622e-01 1.358e-03 3.663e-04 3.323e-03 -1.000 7.551e-03 -6.755 -3.605 -3.764 -3.307
0.0075 -0.30462 6.65000 18.0212516785 2.6301849913   17.959  4.638  4.5288  4.122    1  0.000  0.545     0.00     0.00     0.00     0.00     0.00 -1 -1.47e-08      0.00 7.302e-01 2.622e-01 1.358e-03 3.663e-04 3.323e-03 -1.000 7.551e-03 -6.825 -3.663 -3.823 -3.366
0.0075 -0.30462 6.65000 18.9250965118 2.6304163081   18.849  4.703  4.5354  4.104    1  0.000  0.545     0.00     0.00     0.00     0.00     0.00 -1    -2e-08      0.00 7.302e-01 2.622e-01 1.358e-03 3.663e-04 3.323e-03 -1.000 7.551e-03 -6.988 -3.802 -3.961 -3.504
0.0075 -0.30462 6.65000 19.9412059784 2.6306477790   19.847  4.774  4.5421  4.082    1  0.000  0.545     0.00     0.00     0.00     0.00     0.00 -1 -2.77e-08      0.00 7.302e-01 2.622e-01 1.358e-03 3.663e-04 3.323e-03 -1.000 7.551e-03 -7.164 -3.953 -4.112 -3.654
