Zini MH logAge Mini int_IMF Mass logL logTe logg label McoreTP C_O period0 period1 period2 period3 period4 pmode Mloss tau1m X Y Xc Xn Xo Cexcess Z mbolmag Gmag G_BPmag G_RPmag
0.005 -0.48482 8.88001 0.0900000036 1.0816895926    0.090 -3.277  3.4100  5.262    0  0.000  0.545     0.00     0.00     0.00     0.00     0.00 -1 -5.22e-17      0.00 7.371e-01 2.578e-01 9.173e-04 2.474e-04 2.244e-03 -1.000 5.101e-03 12.963 14.702 17.702 13.232
0.005 -0.48482 8.88001 0.0901494846 1.0831200072    0.090 -3.275  3.4104  5.261    0  0.000  0.545     0.00     0.00     0.00     0.00     0.00 -1 -5.25e-17      0.00 7.371e-01 2.578e-01 9.173e-04 2.474e-04 2.244e-03 -1.000 5.101e-03 12.957 14.696 17.696 13.226
0.005 -0.48482 8.88001 0.1000000015 1.1711064122    0.100 -3.099  3.4358  5.232    0  0.000  0.545     0.00     0.00     0.00     0.00     0.00 -1 -7.73e-17      0.00 7.371e-01 2.578e-01 9.173e-04 2.474e-04 2.244e-03 -1.000 5.101e-03 12.516 14.063 16.671 12.647
0.005 -0.48482 8.88001 0.1199999973 1.3193154249    0.120 -2.851  3.4662  5.185    0  0.000  0.545     0.00     0.00     0.00     0.00     0.00 -1 -1.31e-16      0.00 7.370e-01 2.579e-01 9.173e-04 2.474e-04 2.244e-03 -1.000 5.101e-03 11.897 13.143 15.192 11.823
0.005 -0.48482 8.88001 0.1396103054 1.4363469305    0.140 -2.673  3.4851  5.148    0  0.000  0.545     0.00     0.00     0.00     0.00     0.00 -1 -1.92e-16      0.00 7.369e-01 2.580e-01 9.173e-04 2.474e-04 2.244e-03 -1.000 5.101e-03 11.452 12.518 14.255 11.266
0.005 -0.48482 8.88001 0.1400000006 1.4384526719    0.140 -2.669  3.4854  5.147    0  0.000  0.545     0.00     0.00     0.00     0.00     0.00 -1 -1.93e-16      0.00 7.369e-01 2.580e-01 9.173e-04 2.474e-04 2.244e-03 -1.000 5.101e-03 11.444 12.506 14.238 11.256
0.005 -0.48482 8.88001 0.1599999964 1.5372931554    0.160 -2.528  3.4985  5.116    0  0.000  0.545     0.00     0.00     0.00     0.00     0.00 -1 -2.58e-16      0.00 7.369e-01 2.580e-01 9.173e-04 2.474e-04 2.244e-03 -1.000 5.101e-03 11.089 12.034 13.582 10.834
0.005 -0.48482 8.88001 0.1711165756 1.5855366508    0.171 -2.463  3.5039  5.102    0  0.000  0.545     0.00     0.00     0.00     0.00     0.00 -1 -2.94e-16      0.00 7.369e-01 2.580e-01 9.173e-04 2.474e-04 2.244e-03 -1.000 5.101e-03 10.928 11.828 13.310 10.647
0.005 -0.48482 8.88001 0.1999999881 1.6938790356    0.200 -2.313  3.5164  5.069    0  0.000  0.545     0.00     0.00     0.00     0.00     0.00 -1 -3.99e-16      0.00 7.368e-01 2.581e-01 9.173e-04 2.474e-04 2.244e-03 -1.000 5.101e-03 10.552 11.352 12.695 10.217
0.005 -0.48482 8.88001 0.2500000000 1.8403257998    0.250 -2.116  3.5308  5.027    0  0.000  0.545     0.00     0.00     0.00     0.00     0.00 -1 -5.91e-16      0.00 7.367e-01 2.582e-01 9.173e-04 2.474e-04 2.244e-03 -1.000 5.101e-03 10.059 10.758 11.972 9.671
0.005 -0.48482 8.88001 0.3167048991 1.9852063892    0.317 -1.906  3.5436  4.971    0  0.000  0.545     0.00     0.00     0.00     0.00     0.00 -1 -9.07e-16      0.00 7.370e-01 2.579e-01 9.173e-04 2.474e-04 2.244e-03 -1.000 5.101e-03 9.535 10.156 11.276 9.108
0.005 -0.48482 8.88001 0.3283877373 2.0065029448    0.328 -1.869  3.5456  4.958    0  0.000  0.545     0.00     0.00     0.00     0.00     0.00 -1 -9.83e-16      0.00 7.371e-01 2.578e-01 9.173e-04 2.474e-04 2.244e-03 -1.000 5.101e-03 9.443 10.052 11.159 9.010
0.005 -0.48482 8.88001 0.3499999642 2.0434174156    0.350 -1.811  3.5499  4.944    0  0.000  0.545     0.00     0.00     0.00     0.00     0.00 -1 -1.11e-15      0.00 7.371e-01 2.578e-01 9.173e-04 2.474e-04 2.244e-03 -1.000 5.101e-03 9.297 9.881 10.960 8.852
0.005 -0.48482 8.88001 0.3999999762 2.1185023988    0.400 -1.656  3.5612  4.893    0  0.000  0.545     0.00     0.00     0.00     0.00     0.00 -1 -1.57e-15      0.00 7.371e-01 2.578e-01 9.173e-04 2.474e-04 2.244e-03 -1.000 5.101e-03 8.910 9.432 10.441 8.435
0.005 -0.48482 8.88001 0.4335419536 2.1623486441    0.433 -1.543  3.5706  4.852    0  0.000  0.545     0.00     0.00     0.00     0.00     0.00 -1 -2.05e-15      0.00 7.371e-01 2.578e-01 9.173e-04 2.474e-04 2.244e-03 -1.000 5.101e-03 8.627 9.098 10.055 8.129
0.005 -0.48482 8.88001 0.4499999881 2.1822809009    0.450 -1.491  3.5749  4.833    0  0.000  0.545     0.00     0.00     0.00     0.00     0.00 -1 -2.32e-15      0.00 7.371e-01 2.578e-01 9.173e-04 2.474e-04 2.244e-03 -1.000 5.101e-03 8.497 8.949 9.885 7.991
0.005 -0.48482 8.88001 0.4724802077 2.2080253537    0.472 -1.411  3.5831  4.808    0  0.000  0.545     0.00     0.00     0.00     0.00     0.00 -1  -2.8e-15      0.00 7.371e-01 2.578e-01 9.173e-04 2.474e-04 2.244e-03 -1.000 5.101e-03 8.298 8.711 9.607 7.775
0.005 -0.48482 8.88001 0.4999999404 2.2374540715    0.500 -1.318  3.5930  4.779    0  0.000  0.545     0.00     0.00     0.00     0.00     0.00 -1 -3.48e-15      0.00 7.371e-01 2.578e-01 9.173e-04 2.474e-04 2.244e-03 -1.000 5.101e-03 8.066 8.436 9.288 7.525
0.005 -0.48482 8.88001 0.5107589364 2.2482769830    0.511 -1.278  3.5983  4.769    0  0.000  0.545     0.00     0.00     0.00     0.00     0.00 -1 -3.82e-15      0.00 7.379e-01 2.570e-01 9.146e-04 2.467e-04 2.238e-03 -1.000 5.101e-03 7.965 8.314 9.145 7.416
0.005 -0.48482 8.88001 0.5500000119 2.2836582633    0.550 -1.142  3.6181  4.744    0  0.000  0.545     0.00     0.00     0.00     0.00     0.00 -1  -5.2e-15      0.00 7.392e-01 2.557e-01 9.103e-04 2.456e-04 2.227e-03 -1.000 5.100e-03 7.624 7.900 8.652 7.050
0.005 -0.48482 8.88001 0.5868589282 2.3119848294    0.587 -1.011  3.6374  4.719    0  0.000  0.545     0.00     0.00     0.00     0.00     0.00 -1 -6.98e-15      0.00 7.396e-01 2.553e-01 9.090e-04 2.453e-04 2.224e-03 -1.000 5.060e-03 7.297 7.503 8.179 6.704
0.005 -0.48482 8.88001 0.5999999642 2.3211212854    0.600 -0.967  3.6445  4.713    0  0.000  0.545     0.00     0.00     0.00     0.00     0.00 -1 -7.69e-15      0.00 7.396e-01 2.553e-01 9.090e-04 2.452e-04 2.224e-03 -1.000 5.037e-03 7.187 7.365 8.012 6.588
0.005 -0.48482 8.88001 0.6499999166 2.3520352771    0.650 -0.802  3.6732  4.697    0  0.000  0.545     0.00     0.00     0.00     0.00     0.00 -1  -1.1e-14      0.00 7.399e-01 2.550e-01 9.081e-04 2.450e-04 2.222e-03 -1.000 5.068e-03 6.774 6.845 7.381 6.150
0.005 -0.48482 8.88001 0.6999999881 2.3779266974    0.700 -0.648  3.6997  4.682    1  0.000  0.545     0.00     0.00     0.00     0.00     0.00 -1 -1.54e-14      0.00 7.404e-01 2.546e-01 9.068e-04 2.447e-04 2.219e-03 -1.000 5.040e-03 6.391 6.383 6.842 5.755
0.005 -0.48482 8.88001 0.7489780188 2.3994736557    0.749 -0.508  3.7234  4.666    1  0.000  0.538     0.00     0.00     0.00     0.00     0.00 -1 -2.09e-14      0.00 7.409e-01 2.541e-01 8.937e-04 2.440e-04 2.216e-03 -1.000 5.057e-03 6.040 5.986 6.387 5.412
0.005 -0.48482 8.88001 0.7979561090 2.4180075369    0.798 -0.377  3.7432  4.642    1  0.000  0.538     0.00     0.00     0.00     0.00     0.00 -1 -2.82e-14      0.00 7.416e-01 2.534e-01 8.917e-04 2.435e-04 2.211e-03 -1.000 5.005e-03 5.713 5.634 5.992 5.101
0.005 -0.48482 8.88001 0.8469341993 2.4340981614    0.846 -0.254  3.7606  4.614    1  0.000  0.537     0.00     0.00     0.00     0.00     0.00 -1 -3.75e-14      0.00 7.425e-01 2.525e-01 8.888e-04 2.427e-04 2.205e-03 -1.000 4.968e-03 5.404 5.314 5.635 4.819
0.005 -0.48482 8.88001 0.8959121704 2.4481825371    0.895 -0.136  3.7757  4.581    1  0.000  0.537     0.00     0.00     0.00     0.00     0.00 -1 -4.96e-14      0.00 7.438e-01 2.512e-01 8.843e-04 2.416e-04 2.194e-03 -1.000 4.971e-03 5.110 5.017 5.309 4.556
0.005 -0.48482 8.88001 0.9197856188 2.4544257574    0.919 -0.081  3.7822  4.563    1  0.000  0.537     0.00     0.00     0.00     0.00     0.00 -1 -5.68e-14      0.00 7.449e-01 2.501e-01 8.814e-04 2.407e-04 2.187e-03 -1.000 4.958e-03 4.972 4.879 5.158 4.433
0.005 -0.48482 8.88001 0.9448902607 2.4606011507    0.944 -0.024  3.7888  4.544    1  0.000  0.537     0.00     0.00     0.00     0.00     0.00 -1 -6.52e-14      0.00 7.463e-01 2.488e-01 8.778e-04 2.398e-04 2.179e-03 -1.000 4.949e-03 4.831 4.739 5.004 4.308
0.005 -0.48482 8.88001 0.9938682914 2.4716227899    0.994  0.083  3.8004  4.506    1  0.000  0.537     0.00     0.00     0.00     0.00     0.00 -1 -8.52e-14      0.00 7.488e-01 2.464e-01 8.706e-04 2.378e-04 2.161e-03 -1.000 4.890e-03 4.562 4.474 4.718 4.069
0.005 -0.48482 8.88001 1.0112369061 2.4752376347    1.011  0.120  3.8044  4.492    1  0.000  0.537     0.00     0.00     0.00     0.00     0.00 -1 -9.13e-14      0.00 7.489e-01 2.462e-01 8.707e-04 2.379e-04 2.162e-03 -1.000 4.895e-03 4.470 4.383 4.620 3.987
0.005 -0.48482 8.88001 1.0428463221 2.4814624120    1.042  0.186  3.8114  4.467    1  0.000  0.537     0.00     0.00     0.00     0.00     0.00 -1 -1.03e-13      0.00 7.491e-01 2.460e-01 8.716e-04 2.382e-04 2.165e-03 -1.000 4.906e-03 4.305 4.220 4.444 3.840
0.005 -0.48482 8.88001 1.0811523199 2.4884477830    1.080  0.264  3.8197  4.439    1  0.000  0.537     0.00     0.00     0.00     0.00     0.00 -1 -1.18e-13      0.00 7.493e-01 2.458e-01 8.713e-04 2.381e-04 2.164e-03 -1.000 4.921e-03 4.111 4.028 4.239 3.666
0.005 -0.48482 8.88001 1.0918244123 2.4902937965    1.091  0.285  3.8220  4.431    1  0.000  0.537     0.00     0.00     0.00     0.00     0.00 -1 -1.22e-13      0.00 7.493e-01 2.457e-01 8.714e-04 2.382e-04 2.165e-03 -1.000 4.924e-03 4.057 3.975 4.182 3.619
0.005 -0.48482 8.88001 1.1257557869 2.4958966122    1.125  0.351  3.8295  4.408    1  0.000  0.537     0.00     0.00     0.00     0.00     0.00 -1 -1.36e-13      0.00 7.495e-01 2.456e-01 8.712e-04 2.381e-04 2.164e-03 -1.000 4.922e-03 3.893 3.813 4.008 3.473
0.005 -0.48482 8.88001 1.1408023834 2.4982588162    1.140  0.379  3.8327  4.399    1  0.000  0.537     0.00     0.00     0.00     0.00     0.00 -1 -1.42e-13      0.00 7.494e-01 2.456e-01 8.712e-04 2.381e-04 2.164e-03 -1.000 4.922e-03 3.822 3.742 3.932 3.410
0.005 -0.48482 8.88001 1.1897804737 2.5054744552    1.189  0.468  3.8440  4.373    1  0.000  0.537     0.00     0.00     0.00     0.00     0.00 -1  -1.6e-13      0.00 7.492e-01 2.459e-01 8.715e-04 2.382e-04 2.165e-03 -1.000 4.906e-03 3.599 3.523 3.695 3.216
0.005 -0.48482 8.88001 1.1987608671 2.5067241285    1.198  0.484  3.8463  4.370    1  0.000  0.537     0.00     0.00     0.00     0.00     0.00 -1 -1.63e-13      0.00 7.493e-01 2.458e-01 8.713e-04 2.381e-04 2.165e-03 -1.000 4.909e-03 3.560 3.484 3.653 3.183
0.005 -0.48482 8.88001 1.2387585640 2.5120378777    1.238  0.553  3.8565  4.356    1  0.000  0.537     0.00     0.00     0.00     0.00     0.00 -1 -1.76e-13      0.00 7.495e-01 2.455e-01 8.706e-04 2.379e-04 2.163e-03 -1.000 4.920e-03 3.387 3.314 3.468 3.037
0.005 -0.48482 8.88001 1.2877364159 2.5180304399    1.287  0.635  3.8710  4.349    1  0.000  0.537     0.00     0.00     0.00     0.00     0.00 -1 -1.88e-13      0.00 7.499e-01 2.452e-01 8.697e-04 2.377e-04 2.161e-03 -1.000 4.879e-03 3.184 3.117 3.249 2.874
0.005 -0.48482 8.88001 1.3367147446 2.5235208592    1.336  0.713  3.8868  4.350    1  0.000  0.537     0.00     0.00     0.00     0.00     0.00 -1 -1.94e-13      0.00 7.503e-01 2.448e-01 8.687e-04 2.374e-04 2.158e-03 -1.000 4.909e-03 2.988 2.929 3.039 2.724
0.005 -0.48482 8.88001 1.3834885359 2.5283490078    1.383  0.785  3.9016  4.352    1  0.000  0.537     0.00     0.00     0.00     0.00     0.00 -1 -1.95e-13      0.00 7.506e-01 2.445e-01 8.680e-04 2.372e-04 2.156e-03 -1.000 4.939e-03 2.808 2.761 2.850 2.592
0.005 -0.48482 8.88001 1.3856927156 2.5285672999    1.386  0.788  3.9023  4.352    1  0.000  0.537     0.00     0.00     0.00     0.00     0.00 -1 -1.96e-13      0.00 7.506e-01 2.445e-01 8.680e-04 2.372e-04 2.156e-03 -1.000 4.939e-03 2.799 2.753 2.841 2.586
0.005 -0.48482 8.88001 1.4346706867 2.5332195553    1.435  0.861  3.9163  4.350    1  0.000  0.537     0.00     0.00     0.00     0.00     0.00 -1 -1.92e-13      0.00 7.509e-01 2.442e-01 8.672e-04 2.370e-04 2.154e-03 -1.000 4.933e-03 2.616 2.586 2.655 2.455
0.005 -0.48482 8.88001 1.4648140669 2.5359055933    1.465  0.905  3.9240  4.347    1  0.000  0.537     0.00     0.00     0.00     0.00     0.00 -1 -1.86e-13      0.00 7.511e-01 2.440e-01 8.666e-04 2.369e-04 2.153e-03 -1.000 4.910e-03 2.507 2.489 2.548 2.377
0.005 -0.48482 8.88001 1.4836487770 2.5375203611    1.483  0.932  3.9286  4.344    1  0.000  0.537     0.00     0.00     0.00     0.00     0.00 -1 -1.82e-13      0.00 7.512e-01 2.439e-01 8.664e-04 2.368e-04 2.153e-03 -1.000 4.888e-03 2.440 2.430 2.483 2.328
0.005 -0.48482 8.88001 1.5250810385 2.5409116143    1.525  0.990  3.9375  4.334    1  0.000  0.537     0.00     0.00     0.00     0.00     0.00 -1 -1.67e-13      0.00 7.514e-01 2.437e-01 8.657e-04 2.367e-04 2.152e-03 -1.000 4.903e-03 2.296 2.306 2.348 2.225
0.005 -0.48482 8.88001 1.5326267481 2.5415065793    1.532  1.000  3.9391  4.331    1  0.000  0.536     0.00     0.00     0.00     0.00     0.00 -1 -1.64e-13      0.00 7.514e-01 2.437e-01 8.656e-04 2.367e-04 2.151e-03 -1.000 4.905e-03 2.270 2.283 2.324 2.206
0.005 -0.48482 8.88001 1.5816048384 2.5452102246    1.581  1.067  3.9482  4.315    1  0.000  0.537     0.00     0.00     0.00     0.00     0.00 -1 -1.34e-13      0.00 7.516e-01 2.435e-01 8.654e-04 2.366e-04 2.150e-03 -1.000 4.871e-03 2.103 2.142 2.173 2.083
0.005 -0.48482 8.88001 1.6184484959 2.5478270377    1.618  1.116  3.9545  4.301    1  0.000  0.537     0.00     0.00     0.00     0.00     0.00 -1 -9.79e-14      0.00 7.517e-01 2.434e-01 8.650e-04 2.365e-04 2.150e-03 -1.000 4.865e-03 1.981 2.039 2.064 1.992
0.005 -0.48482 8.88001 1.6305828094 2.5486591609    1.630  1.132  3.9565  4.296    1  0.000  0.536     0.00     0.00     0.00     0.00     0.00 -1 -8.84e-14      0.00 7.517e-01 2.434e-01 8.650e-04 2.365e-04 2.150e-03 -1.000 4.882e-03 1.940 2.005 2.028 1.962
0.005 -0.48482 8.88001 1.6685506105 2.5511731721    1.668  1.182  3.9622  4.279    1  0.000  0.537     0.00     0.00     0.00     0.00     0.00 -1 -1.37e-21      0.00 7.517e-01 2.434e-01 8.651e-04 2.365e-04 2.150e-03 -1.000 4.907e-03 1.816 1.901 1.919 1.867
0.005 -0.48482 8.88001 1.6795608997 2.5518778061    1.679  1.196  3.9637  4.274    1  0.000  0.537     0.00     0.00     0.00     0.00     0.00 -1 -7.96e-24      0.00 7.517e-01 2.434e-01 8.651e-04 2.365e-04 2.150e-03 -1.000 4.911e-03 1.780 1.870 1.886 1.838
0.005 -0.48482 8.88001 1.7126384974 2.5539321719    1.712  1.239  3.9679  4.256    1  0.000  0.537     0.00     0.00     0.00     0.00     0.00 -1 -1.66e-28      0.00 7.517e-01 2.434e-01 8.651e-04 2.365e-04 2.150e-03 -1.000 4.914e-03 1.672 1.777 1.790 1.752
0.005 -0.48482 8.88001 1.7285389900 2.5548875929    1.727  1.260  3.9697  4.246    1  0.000  0.537     0.00     0.00     0.00     0.00     0.00 -1    -1e-30      0.00 7.517e-01 2.434e-01 8.652e-04 2.365e-04 2.150e-03 -1.000 4.901e-03 1.620 1.731 1.743 1.710
0.005 -0.48482 8.88001 1.7352187634 2.5552829624    1.734  1.269  3.9705  4.242    1  0.000  0.537     0.00     0.00     0.00     0.00     0.00 -1    -1e-30      0.00 7.517e-01 2.434e-01 8.652e-04 2.365e-04 2.150e-03 -1.000 4.898e-03 1.598 1.713 1.724 1.692
0.005 -0.48482 8.88001 1.7674094439 2.5571402066    1.766  1.311  3.9738  4.221    1  0.000  0.537     0.00     0.00     0.00     0.00     0.00 -1    -1e-30      0.00 7.517e-01 2.434e-01 8.652e-04 2.365e-04 2.150e-03 -1.000 4.867e-03 1.493 1.621 1.629 1.605
0.005 -0.48482 8.88001 1.7775169611 2.5577074260    1.776  1.324  3.9746  4.214    1  0.000  0.537     0.00     0.00     0.00     0.00     0.00 -1    -1e-30      0.00 7.517e-01 2.434e-01 8.652e-04 2.365e-04 2.150e-03 -1.000 4.859e-03 1.461 1.591 1.599 1.577
0.005 -0.48482 8.88001 1.8181077242 2.5599124582    1.817  1.377  3.9777  4.184    1  0.000  0.537     0.00     0.00     0.00     0.00     0.00 -1    -1e-30      0.00 7.517e-01 2.434e-01 8.653e-04 2.368e-04 2.148e-03 -1.000 4.924e-03 1.329 1.471 1.476 1.461
0.005 -0.48482 8.88001 1.8271399736 2.5603878217    1.826  1.388  3.9782  4.176    1  0.000  0.537     0.00     0.00     0.00     0.00     0.00 -1    -1e-30      0.00 7.517e-01 2.434e-01 8.653e-04 2.369e-04 2.148e-03 -1.000 4.927e-03 1.299 1.444 1.448 1.435
0.005 -0.48482 8.88001 1.8346080780 2.5607768023    1.833  1.398  3.9787  4.170    1  0.000  0.537     0.00     0.00     0.00     0.00     0.00 -1    -1e-30      0.00 7.517e-01 2.434e-01 8.653e-04 2.368e-04 2.148e-03 -1.000 4.919e-03 1.275 1.421 1.426 1.413
0.005 -0.48482 8.88001 1.8693380356 2.5625388699    1.868  1.443  3.9797  4.137    1  0.000  0.537     0.00     0.00     0.00     0.00     0.00 -1    -1e-30      0.00 7.516e-01 2.435e-01 8.655e-04 2.366e-04 2.150e-03 -1.000 4.847e-03 1.162 1.311 1.314 1.305
0.005 -0.48482 8.88001 1.8767631054 2.5629058721    1.876  1.453  3.9797  4.129    1  0.000  0.537     0.00     0.00     0.00     0.00     0.00 -1    -1e-30      0.00 7.516e-01 2.435e-01 8.656e-04 2.366e-04 2.151e-03 -1.000 4.859e-03 1.137 1.287 1.290 1.281
0.005 -0.48482 8.88001 1.8997994661 2.5640235345    1.899  1.483  3.9796  4.104    1  0.000  0.537     0.00     0.00     0.00     0.00     0.00 -1    -1e-30      0.00 7.515e-01 2.436e-01 8.657e-04 2.366e-04 2.151e-03 -1.000 4.912e-03 1.062 1.211 1.214 1.205
0.005 -0.48482 8.88001 1.9263861179 2.5652753117    1.926  1.518  3.9787  4.072    1  0.000  0.537     0.00     0.00     0.00     0.00     0.00 -1    -1e-30      0.00 7.514e-01 2.437e-01 8.660e-04 2.367e-04 2.152e-03 -1.000 4.922e-03 0.975 1.120 1.123 1.114
0.005 -0.48482 8.88001 1.9388926029 2.5658505183    1.938  1.534  3.9783  4.056    1  0.000  0.537     0.00     0.00     0.00     0.00     0.00 -1    -1e-30      0.00 7.514e-01 2.437e-01 8.660e-04 2.368e-04 2.152e-03 -1.000 4.903e-03 0.935 1.078 1.081 1.071
0.005 -0.48482 8.88001 1.9682580233 2.5671681306    1.968  1.573  3.9757  4.014    1  0.000  0.537     0.00     0.00     0.00     0.00     0.00 -1    -1e-30      0.00 7.513e-01 2.438e-01 8.664e-04 2.368e-04 2.153e-03 -1.000 4.885e-03 0.838 0.970 0.974 0.961
0.005 -0.48482 8.88001 1.9760092497 2.5675084202    1.976  1.583  3.9745  4.001    1  0.000  0.537     0.00     0.00     0.00     0.00     0.00 -1    -1e-30      0.00 7.512e-01 2.439e-01 8.665e-04 2.369e-04 2.153e-03 -1.000 4.898e-03 0.813 0.940 0.945 0.930
0.005 -0.48482 8.88001 1.9983495474 2.5684722288    1.998  1.612  3.9711  3.963    1  0.000  0.537     0.00     0.00     0.00     0.00     0.00 -1    -1e-30      0.00 7.511e-01 2.440e-01 8.667e-04 2.369e-04 2.154e-03 -1.000 4.919e-03 0.739 0.852 0.859 0.838
0.005 -0.48482 8.88001 2.0256323814 2.5696161724    2.025  1.648  3.9654  3.910    1  0.000  0.537     0.00     0.00     0.00     0.00     0.00 -1    -1e-30      0.00 7.510e-01 2.441e-01 8.673e-04 2.370e-04 2.155e-03 -1.000 4.899e-03 0.649 0.740 0.750 0.719
0.005 -0.48482 8.88001 2.0368082523 2.5700746035    2.036  1.663  3.9627  3.887    1  0.000  0.537     0.00     0.00     0.00     0.00     0.00 -1    -1e-30      0.00 7.509e-01 2.442e-01 8.676e-04 2.370e-04 2.155e-03 -1.000 4.918e-03 0.612 0.692 0.704 0.668
0.005 -0.48482 8.88001 2.0574603081 2.5709066938    2.057  1.690  3.9557  3.836    1  0.000  0.537     0.00     0.00     0.00     0.00     0.00 -1    -1e-30      0.00 7.508e-01 2.443e-01 8.677e-04 2.371e-04 2.156e-03 -1.000 4.902e-03 0.544 0.598 0.615 0.564
0.005 -0.48482 8.88001 2.0752551556 2.5716084101    2.074  1.714  3.9487  3.788    1  0.000  0.537     0.00     0.00     0.00     0.00     0.00 -1    -1e-30      0.00 7.507e-01 2.444e-01 8.680e-04 2.373e-04 2.157e-03 -1.000 4.908e-03 0.485 0.514 0.536 0.471
0.005 -0.48482 8.88001 2.0909154415 2.5722146031    2.090  1.735  3.9418  3.743    1  0.000  0.537     0.00     0.00     0.00     0.00     0.00 -1    -1e-30      0.00 7.506e-01 2.445e-01 8.682e-04 2.373e-04 2.158e-03 -1.000 4.934e-03 0.433 0.440 0.467 0.386
0.005 -0.48482 8.88001 2.1074340343 2.5728428054    2.106  1.758  3.9332  3.689    1  0.000  0.537     0.00     0.00     0.00     0.00     0.00 -1    -1e-30      0.00 7.505e-01 2.446e-01 8.687e-04 2.375e-04 2.158e-03 -1.000 4.925e-03 0.376 0.357 0.392 0.289
0.005 -0.48482 8.88001 2.1248781681 2.5734940270    2.124  1.786  3.9266  3.637    1  0.000  0.537     0.00     0.00     0.00     0.00     0.00 -1    -1e-30      0.00 7.503e-01 2.448e-01 8.691e-04 2.375e-04 2.159e-03 -1.000 4.893e-03 0.305 0.269 0.310 0.188
0.005 -0.48482 8.88001 2.1253709793 2.5735122461    2.124  1.787  3.9265  3.636    1  0.000  0.537     0.00     0.00     0.00     0.00     0.00 -1    -1e-30      0.00 7.503e-01 2.448e-01 8.691e-04 2.375e-04 2.160e-03 -1.000 4.891e-03 0.302 0.266 0.307 0.186
0.005 -0.48482 8.88001 2.1323873997 2.5737705907    2.131  1.809  3.9333  3.643    1  0.000  0.537     0.00     0.00     0.00     0.00     0.00 -1    -1e-30      0.00 7.503e-01 2.448e-01 8.692e-04 2.376e-04 2.160e-03 -1.000 4.901e-03 0.248 0.228 0.262 0.161
0.005 -0.48482 8.88001 2.1354146004 2.5738814496    2.134  1.827  3.9439  3.668    1  0.000  0.537     0.00     0.00     0.00     0.00     0.00 -1    -1e-30      0.00 7.502e-01 2.449e-01 8.693e-04 2.376e-04 2.160e-03 -1.000 4.901e-03 0.202 0.213 0.238 0.165
0.005 -0.48482 8.88001 2.1365945339 2.5739245620    2.135  1.843  3.9545  3.694    1  0.000  0.537     0.00     0.00     0.00     0.00     0.00 -1    -1e-30      0.00 7.502e-01 2.449e-01 8.694e-04 2.376e-04 2.160e-03 -1.000 4.901e-03 0.162 0.209 0.225 0.177
0.005 -0.48482 8.88001 2.1371936798 2.5739464327    2.136  1.860  3.9651  3.720    1  0.000  0.537     0.00     0.00     0.00     0.00     0.00 -1    -1e-30      0.00 7.502e-01 2.449e-01 8.694e-04 2.376e-04 2.160e-03 -1.000 4.901e-03 0.119 0.206 0.214 0.188
0.005 -0.48482 8.88001 2.1375279427 2.5739586281    2.136  1.879  3.9754  3.742    1  0.000  0.537     0.00     0.00     0.00     0.00     0.00 -1    -1e-30      0.00 7.502e-01 2.449e-01 8.694e-04 2.376e-04 2.160e-03 -1.000 4.901e-03 0.072 0.200 0.201 0.194
0.005 -0.48482 8.88001 2.1377389431 2.5739663242    2.136  1.901  3.9853  3.760    1  0.000  0.537     0.00     0.00     0.00     0.00     0.00 -1    -1e-30      0.00 7.502e-01 2.449e-01 8.694e-04 2.376e-04 2.160e-03 -1.000 4.901e-03 0.018 0.188 0.184 0.194
0.005 -0.48482 8.88001 2.1378612518 2.5739707844    2.136  1.911  3.9906  3.771    1  0.000  0.537     0.00     0.00     0.00     0.00     0.00 -1    -1e-30      0.00 7.502e-01 2.449e-01 8.694e-04 2.376e-04 2.160e-03 -1.000 4.901e-03 -0.007 0.186 0.179 0.197
0.005 -0.48482 8.88001 2.1379165649 2.5739728014    2.137  1.896  3.9875  3.774    2  0.000  0.537     0.00     0.00     0.00     0.00     0.00 -1    -1e-30      0.00 7.502e-01 2.449e-01 8.694e-04 2.376e-04 2.160e-03 -1.000 4.901e-03 0.030 0.210 0.204 0.217
0.005 -0.48482 8.88001 2.1379771233 2.5739750094    2.137  1.872  3.9802  3.768    2  0.000  0.537     0.00     0.00     0.00     0.00     0.00 -1    -1e-30      0.00 7.502e-01 2.449e-01 8.694e-04 2.376e-04 2.160e-03 -1.000 4.901e-03 0.089 0.237 0.236 0.238
0.005 -0.48482 8.88001 2.1380560398 2.5739778867    2.137  1.854  3.9688  3.740    2  0.000  0.537     0.00     0.00     0.00     0.00     0.00 -1    -1e-30      0.00 7.502e-01 2.449e-01 8.694e-04 2.376e-04 2.160e-03 -1.000 4.901e-03 0.134 0.235 0.241 0.222
0.005 -0.48482 8.88001 2.1381437778 2.5739810852    2.137  1.857  3.9573  3.692    2  0.000  0.537     0.00     0.00     0.00     0.00     0.00 -1    -1e-30      0.00 7.502e-01 2.449e-01 8.694e-04 2.376e-04 2.160e-03 -1.000 4.901e-03 0.127 0.184 0.198 0.156
0.005 -0.48482 8.88001 2.1382539272 2.5739851004    2.137  1.872  3.9456  3.630    2  0.000  0.537     0.00     0.00     0.00     0.00     0.00 -1    -1e-30      0.00 7.502e-01 2.449e-01 8.694e-04 2.376e-04 2.160e-03 -1.000 4.901e-03 0.091 0.107 0.129 0.062
0.005 -0.48482 8.88001 2.1383841038 2.5739898449    2.137  1.884  3.9338  3.571    2  0.000  0.537     0.00     0.00     0.00     0.00     0.00 -1    -1e-30      0.00 7.502e-01 2.449e-01 8.694e-04 2.376e-04 2.160e-03 -1.000 4.901e-03 0.059 0.039 0.071 -0.025
0.005 -0.48482 8.88001 2.1385331154 2.5739952751    2.137  1.892  3.9218  3.515    2  0.000  0.537     0.00     0.00     0.00     0.00     0.00 -1    -1e-30      0.00 7.502e-01 2.449e-01 8.694e-04 2.376e-04 2.160e-03 -1.000 4.901e-03 0.039 -0.010 0.033 -0.097
0.005 -0.48482 8.88001 2.1386995316 2.5740013386    2.137  1.897  3.9098  3.462    2  0.000  0.537     0.00     0.00     0.00     0.00     0.00 -1    -1e-30      0.00 7.502e-01 2.449e-01 8.694e-04 2.376e-04 2.160e-03 -1.000 4.901e-03 0.028 -0.045 0.013 -0.157
0.005 -0.48482 8.88001 2.1388809681 2.5740079481    2.137  1.899  3.8977  3.412    2  0.000  0.537     0.00     0.00     0.00     0.00     0.00 -1    -1e-30      0.00 7.502e-01 2.449e-01 8.695e-04 2.377e-04 2.160e-03 -1.000 4.901e-03 0.023 -0.067 0.006 -0.209
0.005 -0.48482 8.88001 2.1390731335 2.5740149470    2.138  1.899  3.8854  3.363    2  0.000  0.537     0.00     0.00     0.00     0.00     0.00 -1    -1e-30      0.00 7.502e-01 2.449e-01 8.695e-04 2.377e-04 2.160e-03 -1.000 4.901e-03 0.023 -0.080 0.011 -0.253
0.005 -0.48482 8.88001 2.1392710209 2.5740221528    2.138  1.897  3.8732  3.315    2  0.000  0.537     0.00     0.00     0.00     0.00     0.00 -1    -1e-30      0.00 7.502e-01 2.449e-01 8.695e-04 2.377e-04 2.160e-03 -1.000 4.901e-03 0.026 -0.085 0.025 -0.290
0.005 -0.48482 8.88001 2.1394693851 2.5740293744    2.138  1.895  3.8608  3.269    2  0.000  0.537     0.00     0.00     0.00     0.00     0.00 -1    -1e-30      0.00 7.502e-01 2.449e-01 8.695e-04 2.377e-04 2.160e-03 -1.000 4.901e-03 0.033 -0.084 0.045 -0.321
0.005 -0.48482 8.88001 2.1396634579 2.5740364383    2.138  1.891  3.8485  3.223    2  0.000  0.537     0.00     0.00     0.00     0.00     0.00 -1    -1e-30      0.00 7.502e-01 2.449e-01 8.695e-04 2.377e-04 2.160e-03 -1.000 4.901e-03 0.043 -0.077 0.071 -0.345
0.005 -0.48482 8.88001 2.1398503780 2.5740432405    2.138  1.886  3.8363  3.179    2  0.000  0.537     0.00     0.00     0.00     0.00     0.00 -1    -1e-30      0.00 7.502e-01 2.449e-01 8.695e-04 2.377e-04 2.160e-03 -1.000 4.901e-03 0.055 -0.067 0.101 -0.366
0.005 -0.48482 8.88001 2.1400284767 2.5740497204    2.139  1.880  3.8243  3.137    2  0.000  0.537     0.00     0.00     0.00     0.00     0.00 -1    -1e-30      0.00 7.502e-01 2.449e-01 8.695e-04 2.377e-04 2.160e-03 -1.000 4.901e-03 0.069 -0.053 0.136 -0.381
0.005 -0.48482 8.88001 2.1401970387 2.5740558521    2.139  1.874  3.8131  3.098    2  0.000  0.537     0.00     0.00     0.00     0.00     0.00 -1    -1e-30      0.00 7.502e-01 2.449e-01 8.695e-04 2.377e-04 2.160e-03 -1.000 4.901e-03 0.085 -0.035 0.173 -0.390
0.005 -0.48482 8.88001 2.1403572559 2.5740616793    2.139  1.867  3.8027  3.064    2  0.000  0.537     0.00     0.00     0.00     0.00     0.00 -1    -1e-30      0.00 7.502e-01 2.449e-01 8.695e-04 2.377e-04 2.160e-03 -1.000 4.901e-03 0.103 -0.015 0.212 -0.395
0.005 -0.48482 8.88001 2.1405196190 2.5740675835    2.139  1.858  3.7932  3.035    2  0.000  0.537     0.00     0.00     0.00     0.00     0.00 -1    -1e-30      0.00 7.502e-01 2.449e-01 8.695e-04 2.377e-04 2.160e-03 -1.000 4.901e-03 0.125 0.011 0.256 -0.393
0.005 -0.48482 8.88001 2.1407005787 2.5740741627    2.139  1.846  3.7838  3.010    2  0.000  0.537     0.00     0.00     0.00     0.00     0.00 -1    -1e-30      0.00 7.502e-01 2.449e-01 8.695e-04 2.377e-04 2.160e-03 -1.000 4.901e-03 0.155 0.046 0.308 -0.381
0.005 -0.48482 8.88001 2.1409332752 2.5740826211    2.140  1.827  3.7740  2.989    2  0.000  0.537     0.00     0.00     0.00     0.00     0.00 -1    -1e-30      0.00 7.501e-01 2.450e-01 8.696e-04 2.377e-04 2.160e-03 -1.000 4.901e-03 0.203 0.100 0.382 -0.350
0.005 -0.48482 8.88001 2.1411485672 2.5740904450    2.140  1.805  3.7660  2.980    2  0.000  0.537     0.00     0.00     0.00     0.00     0.00 -1    -1e-30      0.00 7.500e-01 2.451e-01 8.701e-04 2.378e-04 2.162e-03 -1.000 4.902e-03 0.259 0.162 0.461 -0.306
0.005 -0.48482 8.88001 2.1413855553 2.5740990552    2.140  1.774  3.7579  2.978    2  0.000  0.537     0.00     0.00     0.00     0.00     0.00 -1    -1e-30      0.00 7.474e-01 2.476e-01 8.780e-04 2.399e-04 2.180e-03 -1.000 4.947e-03 0.335 0.246 0.561 -0.241
0.005 -0.48482 8.88001 2.1415910721 2.5741065202    2.140  1.744  3.7512  2.982    2  0.000  0.537     0.00     0.00     0.00     0.00     0.00 -1    -1e-30      0.00 7.438e-01 2.511e-01 8.874e-04 2.424e-04 2.203e-03 -1.000 5.024e-03 0.411 0.329 0.657 -0.172
0.005 -0.48482 8.88001 2.1418387890 2.5741155159    2.140  1.709  3.7432  2.984    2  0.000  0.537     0.00     0.00     0.00     0.00     0.00 -1    -1e-30      0.00 7.413e-01 2.536e-01 8.939e-04 2.442e-04 2.218e-03 -1.000 5.037e-03 0.496 0.425 0.769 -0.094
0.005 -0.48482 8.88001 2.1420855522 2.5741244745    2.141  1.689  3.7355  2.973    2  0.000  0.537     0.00     0.00     0.00     0.00     0.00 -1    -1e-30      0.00 7.400e-01 2.549e-01 8.973e-04 2.451e-04 2.226e-03 -1.000 5.069e-03 0.546 0.486 0.845 -0.050
0.005 -0.48482 8.88001 2.1421470642 2.5741267073    2.141  1.687  3.7336  2.968    2  0.000  0.537     0.00     0.00     0.00     0.00     0.00 -1    -1e-30      0.00 7.397e-01 2.552e-01 8.979e-04 2.453e-04 2.228e-03 -1.000 5.054e-03 0.553 0.495 0.858 -0.045
0.005 -0.48482 8.88001 2.1422703266 2.5741311811    2.141  1.692  3.7301  2.949    3  0.000  0.537     0.00     0.00     0.00     0.00     0.00 -1    -1e-30      0.00 7.394e-01 2.556e-01 8.986e-04 2.455e-04 2.230e-03 -1.000 5.060e-03 0.539 0.486 0.857 -0.062
0.005 -0.48482 8.88001 2.1425778866 2.5741423415    2.141  1.723  3.7226  2.889    3  0.000  0.536     0.00     0.00     0.00     0.00     0.00 -1    -1e-30      0.00 7.385e-01 2.565e-01 8.985e-04 2.464e-04 2.234e-03 -1.000 5.054e-03 0.464 0.422 0.809 -0.142
0.005 -0.48482 8.88001 2.1428239346 2.5741512671    2.141  1.757  3.7181  2.836    3  0.000  0.527     0.00     0.00     0.00     0.00     0.00 -1    -1e-30      0.00 7.378e-01 2.571e-01 8.832e-04 2.548e-04 2.235e-03 -1.000 5.079e-03 0.378 0.344 0.741 -0.230
0.005 -0.48482 8.88001 2.1431310177 2.5741624035    2.142  1.800  3.7138  2.776    3  0.000  0.483     0.00     0.00     0.00     0.00     0.00 -1    -1e-30      0.00 7.368e-01 2.581e-01 8.095e-04 3.305e-04 2.237e-03 -1.000 5.100e-03 0.271 0.245 0.652 -0.337
0.005 -0.48482 8.88001 2.1434376240 2.5741735189    2.142  1.841  3.7102  2.721    3  0.000  0.436     0.00     0.00     0.00     0.00     0.00 -1    -1e-30      0.00 7.358e-01 2.591e-01 7.313e-04 4.252e-04 2.238e-03 -1.000 5.101e-03 0.169 0.149 0.564 -0.441
0.005 -0.48482 8.88001 2.1437439919 2.5741846221    2.142  1.881  3.7070  2.668    3  0.000  0.404     0.00     0.00     0.00     0.00     0.00 -1    -1e-30      0.00 7.348e-01 2.601e-01 6.768e-04 4.928e-04 2.238e-03 -1.000 5.101e-03 0.067 0.055 0.477 -0.542
0.005 -0.48482 8.88001 2.1440501213 2.5741957130    2.143  1.922  3.7039  2.615    3  0.000  0.382     0.00     0.00     0.00     0.00     0.00 -1    -1e-30      0.00 7.337e-01 2.611e-01 6.404e-04 5.380e-04 2.238e-03 -1.000 5.112e-03 -0.034 -0.040 0.389 -0.644
0.005 -0.48482 8.88001 2.1443557739 2.5742067829    2.143  1.963  3.7009  2.562    3  0.000  0.367     0.00     0.00     0.00     0.00     0.00 -1    -1e-30      0.00 7.327e-01 2.621e-01 6.157e-04 5.693e-04 2.239e-03 -1.000 5.133e-03 -0.137 -0.136 0.300 -0.746
0.005 -0.48482 8.88001 2.1444168091 2.5742089931    2.143  1.971  3.7003  2.551    3  0.000  0.364     0.00     0.00     0.00     0.00     0.00 -1    -1e-30      0.00 7.325e-01 2.623e-01 6.112e-04 5.752e-04 2.240e-03 -1.000 5.138e-03 -0.158 -0.155 0.282 -0.767
0.005 -0.48482 8.88001 2.1444809437 2.5742113152    2.143  1.980  3.6997  2.540    3  0.000  0.362     0.00     0.00     0.00     0.00     0.00 -1    -1e-30      0.00 7.323e-01 2.626e-01 6.077e-04 5.800e-04 2.240e-03 -1.000 5.128e-03 -0.179 -0.176 0.263 -0.788
0.005 -0.48482 8.88001 2.1445448399 2.5742136286    2.143  1.988  3.6990  2.529    3  0.000  0.360     0.00     0.00     0.00     0.00     0.00 -1    -1e-30      0.00 7.321e-01 2.628e-01 6.042e-04 5.850e-04 2.240e-03 -1.000 5.122e-03 -0.201 -0.196 0.244 -0.810
0.005 -0.48482 8.88001 2.1446726322 2.5742182549    2.143  2.006  3.6978  2.507    3  0.000  0.357     0.00     0.00     0.00     0.00     0.00 -1    -1e-30      0.00 7.314e-01 2.634e-01 5.982e-04 5.990e-04 2.234e-03 -1.000 5.160e-03 -0.244 -0.236 0.207 -0.852
0.005 -0.48482 8.88001 2.1449923515 2.5742298265    2.144  2.049  3.6949  2.452    3  0.000  0.353     0.00     0.00     0.00     0.00     0.00 -1    -1e-30      0.00 7.291e-01 2.657e-01 5.849e-04 6.404e-04 2.208e-03 -1.000 5.182e-03 -0.352 -0.336 0.114 -0.960
0.005 -0.48482 8.88001 2.1453118324 2.5742413856    2.144  2.091  3.6920  2.398    3  0.000  0.352     0.00     0.00     0.00     0.00     0.00 -1    -1e-30      0.00 7.257e-01 2.692e-01 5.740e-04 6.867e-04 2.171e-03 -1.000 5.136e-03 -0.458 -0.436 0.022 -1.066
0.005 -0.48482 8.88001 2.1456308365 2.5742529234    2.144  2.134  3.6892  2.344    3  0.000  0.352     0.00     0.00     0.00     0.00     0.00 -1    -1e-30      0.00 7.220e-01 2.729e-01 5.653e-04 7.247e-04 2.140e-03 -1.000 5.150e-03 -0.564 -0.535 -0.069 -1.172
0.005 -0.48482 8.88001 2.1459496021 2.5742644486    2.145  2.176  3.6863  2.291    3  0.000  0.351     0.00     0.00     0.00     0.00     0.00 -1    -1e-30      0.00 7.184e-01 2.764e-01 5.585e-04 7.550e-04 2.115e-03 -1.000 5.141e-03 -0.670 -0.633 -0.159 -1.277
0.005 -0.48482 8.88001 2.1462678909 2.5742759527    2.145  2.219  3.6833  2.236    3  0.000  0.351     0.00     0.00     0.00     0.00     0.00 -1    -1e-30      0.00 7.153e-01 2.795e-01 5.533e-04 7.781e-04 2.096e-03 -1.000 5.136e-03 -0.777 -0.732 -0.250 -1.383
0.005 -0.48482 8.88001 2.1465859413 2.5742874443    2.145  2.262  3.6804  2.181    3  0.000  0.351     0.00     0.00     0.00     0.00     0.00 -1    -1e-30      0.00 7.128e-01 2.821e-01 5.494e-04 7.956e-04 2.081e-03 -1.000 5.125e-03 -0.885 -0.831 -0.341 -1.490
0.005 -0.48482 8.88001 2.1469125748 2.5742992419    2.145  2.307  3.6771  2.123    3  0.000  0.351     0.00     0.00     0.00     0.00     0.00 -1    -1e-30      0.00 7.107e-01 2.841e-01 5.464e-04 8.086e-04 2.071e-03 -1.000 5.161e-03 -0.998 -0.934 -0.435 -1.600
0.005 -0.48482 8.88001 2.1471998692 2.5743096152    2.146  2.347  3.6742  2.071    3  0.000  0.351     0.00     0.00     0.00     0.00     0.00 -1    -1e-30      0.00 7.092e-01 2.857e-01 5.443e-04 8.181e-04 2.063e-03 -1.000 5.141e-03 -1.098 -1.025 -0.517 -1.698
0.005 -0.48482 8.88001 2.1474907398 2.5743201143    2.146  2.388  3.6713  2.019    3  0.000  0.351     0.00     0.00     0.00     0.00     0.00 -1    -1e-30      0.00 7.080e-01 2.869e-01 5.427e-04 8.255e-04 2.057e-03 -1.000 5.165e-03 -1.200 -1.118 -0.602 -1.799
0.005 -0.48482 8.88001 2.1478221416 2.5743320725    2.146  2.435  3.6677  1.958    3  0.000  0.351     0.00     0.00     0.00     0.00     0.00 -1    -1e-30      0.00 7.070e-01 2.879e-01 5.414e-04 8.311e-04 2.052e-03 -1.000 5.171e-03 -1.318 -1.226 -0.697 -1.915
0.005 -0.48482 8.88001 2.1481032372 2.5743422122    2.147  2.475  3.6647  1.905    3  0.000  0.351     0.00     0.00     0.00     0.00     0.00 -1    -1e-30      0.00 7.065e-01 2.884e-01 5.407e-04 8.341e-04 2.050e-03 -1.000 5.167e-03 -1.418 -1.317 -0.779 -2.014
0.005 -0.48482 8.88001 2.1484258175 2.5743538445    2.147  2.519  3.6614  1.849    3  0.000  0.351     4.98     3.66     2.71     2.01     1.63  4    -1e-30      0.00 7.062e-01 2.886e-01 5.404e-04 8.355e-04 2.049e-03 -1.000 5.157e-03 -1.527 -1.415 -0.866 -2.120
0.005 -0.48482 8.88001 2.1485033035 2.5743566380    2.147  2.527  3.6608  1.839    3  0.000  0.351     5.08     3.73     2.76     2.04     1.66  4    -1e-30      0.00 7.062e-01 2.887e-01 5.404e-04 8.357e-04 2.049e-03 -1.000 5.151e-03 -1.546 -1.432 -0.882 -2.139
0.005 -0.48482 8.88001 2.1486103535 2.5743604971    2.147  2.491  3.6635  1.885    4  0.000  0.351     0.00     0.00     0.00     0.00     0.00 -1    -1e-30      0.00 7.062e-01 2.887e-01 5.404e-04 8.357e-04 2.049e-03 -1.000 5.151e-03 -1.458 -1.353 -0.811 -2.053
0.005 -0.48482 8.88001 2.1486699581 2.5743626456    2.147  2.466  3.6655  1.918    4  0.000  0.351     0.00     0.00     0.00     0.00     0.00 -1    -1e-30      0.00 7.062e-01 2.887e-01 5.404e-04 8.357e-04 2.049e-03 -1.000 5.151e-03 -1.396 -1.297 -0.761 -1.992
0.005 -0.48482 8.88001 2.1487576962 2.5743658079    2.147  2.432  3.6681  1.962    4  0.000  0.351     0.00     0.00     0.00     0.00     0.00 -1    -1e-30      0.00 7.062e-01 2.887e-01 5.404e-04 8.357e-04 2.048e-03 -1.000 5.151e-03 -1.310 -1.220 -0.693 -1.908
0.005 -0.48482 8.88001 2.1488916874 2.5743706367    2.147  2.397  3.6708  2.009    4  0.000  0.351     0.00     0.00     0.00     0.00     0.00 -1    -1e-30      0.00 7.062e-01 2.887e-01 5.404e-04 8.358e-04 2.048e-03 -1.000 5.151e-03 -1.222 -1.139 -0.621 -1.820
0.005 -0.48482 8.88001 2.1490859985 2.5743776382    2.148  2.359  3.6737  2.058    4  0.000  0.351     0.00     0.00     0.00     0.00     0.00 -1    -1e-30      0.00 7.062e-01 2.887e-01 5.404e-04 8.358e-04 2.048e-03 -1.000 5.151e-03 -1.128 -1.054 -0.544 -1.729
0.005 -0.48482 8.88001 2.1493530273 2.5743872575    2.148  2.322  3.6765  2.106    4  0.000  0.351     0.00     0.00     0.00     0.00     0.00 -1    -1e-30      0.00 7.062e-01 2.887e-01 5.404e-04 8.358e-04 2.048e-03 -1.000 5.151e-03 -1.036 -0.971 -0.469 -1.638
0.005 -0.48482 8.88001 2.1497519016 2.5744016211    2.148  2.286  3.6792  2.153    4  0.000  0.351     0.00     0.00     0.00     0.00     0.00 -1    -1e-30      0.00 7.062e-01 2.887e-01 5.403e-04 8.359e-04 2.048e-03 -1.000 5.151e-03 -0.945 -0.888 -0.394 -1.549
0.005 -0.48482 8.88001 2.1503236294 2.5744221987    2.149  2.242  3.6825  2.211    4  0.000  0.351     0.00     0.00     0.00     0.00     0.00 -1    -1e-30      0.00 7.061e-01 2.887e-01 5.403e-04 8.360e-04 2.048e-03 -1.000 5.151e-03 -0.834 -0.787 -0.302 -1.440
0.005 -0.48482 8.88001 2.1507387161 2.5744371305    2.149  2.205  3.6852  2.258    4  0.000  0.351     0.00     0.00     0.00     0.00     0.00 -1    -1e-30      0.00 7.061e-01 2.887e-01 5.403e-04 8.361e-04 2.048e-03 -1.000 5.151e-03 -0.743 -0.703 -0.226 -1.350
0.005 -0.48482 8.88001 2.1511108875 2.5744505129    2.150  2.168  3.6879  2.306    4  0.000  0.351     0.00     0.00     0.00     0.00     0.00 -1    -1e-30      0.00 7.061e-01 2.887e-01 5.403e-04 8.362e-04 2.048e-03 -1.000 5.151e-03 -0.651 -0.618 -0.149 -1.259
0.005 -0.48482 8.88001 2.1514799595 2.5744637786    2.150  2.132  3.6906  2.353    4  0.000  0.351     0.00     0.00     0.00     0.00     0.00 -1    -1e-30      0.00 7.061e-01 2.887e-01 5.403e-04 8.362e-04 2.048e-03 -1.000 5.151e-03 -0.560 -0.535 -0.073 -1.169
0.005 -0.48482 8.88001 2.1518738270 2.5744779298    2.150  2.095  3.6933  2.401    4  0.000  0.351     0.00     0.00     0.00     0.00     0.00 -1    -1e-30      0.00 7.061e-01 2.887e-01 5.403e-04 8.363e-04 2.048e-03 -1.000 5.151e-03 -0.467 -0.448 0.007 -1.076
0.005 -0.48482 8.88001 2.1523058414 2.5744934447    2.151  2.056  3.6961  2.451    4  0.000  0.351     0.00     0.00     0.00     0.00     0.00 -1    -1e-30      0.00 7.061e-01 2.887e-01 5.403e-04 8.364e-04 2.048e-03 -1.000 5.151e-03 -0.370 -0.357 0.090 -0.978
0.005 -0.48482 8.88001 2.1527872086 2.5745107236    2.151  2.016  3.6990  2.503    4  0.000  0.351     0.00     0.00     0.00     0.00     0.00 -1    -1e-30      0.00 7.061e-01 2.887e-01 5.403e-04 8.365e-04 2.048e-03 -1.000 5.151e-03 -0.269 -0.264 0.176 -0.878
0.005 -0.48482 8.88001 2.1533277035 2.5745301143    2.152  1.975  3.7019  2.555    4  0.000  0.351     0.00     0.00     0.00     0.00     0.00 -1    -1e-30      0.00 7.061e-01 2.887e-01 5.402e-04 8.366e-04 2.048e-03 -1.000 5.151e-03 -0.168 -0.170 0.264 -0.777
0.005 -0.48482 8.88001 2.1541392803 2.5745592093    2.153  1.925  3.7056  2.620    4  0.000  0.351     0.00     0.00     0.00     0.00     0.00 -1    -1e-30      0.00 7.061e-01 2.887e-01 5.402e-04 8.367e-04 2.048e-03 -1.000 5.151e-03 -0.043 -0.053 0.372 -0.653
0.005 -0.48482 8.88001 2.1552040577 2.5745973432    2.154  1.875  3.7096  2.686    4  0.000  0.351     0.00     0.00     0.00     0.00     0.00 -1    -1e-30      0.00 7.061e-01 2.887e-01 5.402e-04 8.369e-04 2.047e-03 -1.000 5.151e-03 0.081 0.063 0.479 -0.528
0.005 -0.48482 8.88001 2.1564211845 2.5746408804    2.155  1.838  3.7131  2.738    4  0.000  0.351     0.00     0.00     0.00     0.00     0.00 -1    -1e-30      0.00 7.061e-01 2.888e-01 5.402e-04 8.372e-04 2.047e-03 -1.000 5.151e-03 0.176 0.151 0.559 -0.433
0.005 -0.48482 8.88001 2.1588604450 2.5747279639    2.157  1.799  3.7183  2.798    4  0.000  0.351     0.00     0.00     0.00     0.00     0.00 -1    -1e-30      0.00 7.061e-01 2.888e-01 5.401e-04 8.376e-04 2.047e-03 -1.000 5.151e-03 0.272 0.237 0.634 -0.336
0.005 -0.48482 8.88001 2.1614246368 2.5748192640    2.160  1.779  3.7223  2.834    4  0.000  0.351     0.00     0.00     0.00     0.00     0.00 -1    -1e-30      0.00 7.060e-01 2.888e-01 5.400e-04 8.381e-04 2.046e-03 -1.000 5.151e-03 0.321 0.280 0.668 -0.284
0.005 -0.48482 8.88001 2.1648395061 2.5749404669    2.163  1.786  3.7224  2.829    4  0.000  0.351     0.00     0.00     0.00     0.00     0.00 -1    -1e-30      0.00 7.060e-01 2.888e-01 5.399e-04 8.387e-04 2.046e-03 -1.000 5.151e-03 0.304 0.263 0.650 -0.301
0.005 -0.48482 8.88001 2.1745014191 2.5752810240    2.173  1.806  3.7227  2.811    4  0.000  0.351     0.00     0.00     0.00     0.00     0.00 -1    -1e-30      0.00 7.059e-01 2.889e-01 5.397e-04 8.405e-04 2.044e-03 -1.000 5.152e-03 0.254 0.212 0.599 -0.351
0.005 -0.48482 8.88001 2.1913242340 2.5758657506    2.190  1.843  3.7233  2.781    5  0.000  0.351     0.00     0.00     0.00     0.00     0.00 -1    -1e-30      0.00 7.058e-01 2.891e-01 5.389e-04 8.442e-04 2.041e-03 -1.000 5.134e-03 0.163 0.120 0.506 -0.442
0.005 -0.48482 8.88001 2.2148764133 2.5766672399    2.213  1.900  3.7237  2.730    5  0.000  0.351     0.00     0.00     0.00     0.00     0.00 -1    -1e-30      0.00 7.055e-01 2.893e-01 5.378e-04 8.492e-04 2.036e-03 -1.000 5.110e-03 0.021 -0.023 0.362 -0.584
0.005 -0.48482 8.88001 2.2241244316 2.5769766210    2.223  1.923  3.7237  2.708    5  0.000  0.351     0.00     0.00     0.00     0.00     0.00 -1    -1e-30      0.00 7.055e-01 2.894e-01 5.374e-04 8.512e-04 2.034e-03 -1.000 5.101e-03 -0.038 -0.082 0.302 -0.643
0.005 -0.48482 8.88001 2.2372622490 2.5774110772    2.236  1.958  3.7237  2.676    5  0.000  0.351     0.00     0.00     0.00     0.00     0.00 -1    -1e-30      0.00 7.054e-01 2.895e-01 5.371e-04 8.524e-04 2.033e-03 -1.000 5.113e-03 -0.125 -0.168 0.216 -0.729
0.005 -0.48482 8.88001 2.2573676109 2.5780646976    2.256  2.011  3.7231  2.625    5  0.000  0.351     0.00     0.00     0.00     0.00     0.00 -1    -1e-30      0.00 7.053e-01 2.895e-01 5.366e-04 8.543e-04 2.032e-03 -1.000 5.133e-03 -0.258 -0.301 0.085 -0.862
0.005 -0.48482 8.88001 2.2733576298 2.5785750483    2.272  2.052  3.7221  2.583    5  0.000  0.351     0.00     0.00     0.00     0.00     0.00 -1    -1e-30      0.00 7.053e-01 2.896e-01 5.362e-04 8.558e-04 2.031e-03 -1.000 5.148e-03 -0.360 -0.401 -0.014 -0.965
0.005 -0.48482 8.88001 2.2737474442 2.5785873869    2.272  2.053  3.7221  2.582    5  0.000  0.351     0.00     0.00     0.00     0.00     0.00 -1    -1e-30      0.00 7.053e-01 2.896e-01 5.362e-04 8.558e-04 2.031e-03 -1.000 5.148e-03 -0.362 -0.403 -0.015 -0.967
0.005 -0.48482 8.88001 2.2793061733 2.5787628068    2.278  2.065  3.7210  2.566    5  0.000  0.351     0.00     0.00     0.00     0.00     0.00 -1    -1e-30      0.00 7.053e-01 2.896e-01 5.360e-04 8.566e-04 2.030e-03 -1.000 5.144e-03 -0.393 -0.433 -0.043 -0.999
0.005 -0.48482 8.88001 2.3010902405 2.5794408745    2.300  2.114  3.7119  2.485    6  0.000  0.351     0.00     0.00     0.00     0.00     0.00 -1    -1e-30      0.00 7.052e-01 2.896e-01 5.355e-04 8.599e-04 2.027e-03 -1.000 5.126e-03 -0.515 -0.538 -0.127 -1.124
0.005 -0.48482 8.88001 2.3052093983 2.5795674348    2.304  2.142  3.7054  2.432    6  0.000  0.352     0.00     0.00     0.00     0.00     0.00 -1    -1e-30      0.00 7.052e-01 2.897e-01 5.354e-04 8.605e-04 2.027e-03 -1.000 5.123e-03 -0.586 -0.595 -0.170 -1.196
0.005 -0.48482 8.88001 2.3060109615 2.5795920023    2.304  2.177  3.7003  2.377    6  0.000  0.352     0.00     0.00     0.00     0.00     0.00 -1    -1e-30      0.00 7.052e-01 2.897e-01 5.354e-04 8.606e-04 2.027e-03 -1.000 5.123e-03 -0.673 -0.672 -0.234 -1.284
0.005 -0.48482 8.88001 2.3062477112 2.5795992548    2.305  2.207  3.6969  2.333    6  0.000  0.352     0.00     0.00     0.00     0.00     0.00 -1    -1e-30      0.00 7.052e-01 2.897e-01 5.354e-04 8.606e-04 2.027e-03 -1.000 5.122e-03 -0.748 -0.739 -0.292 -1.360
0.005 -0.48482 8.88001 2.3063681126 2.5796029424    2.305  2.243  3.6932  2.282    6  0.000  0.352     0.00     0.00     0.00     0.00     0.00 -1    -1e-30      0.00 7.052e-01 2.897e-01 5.353e-04 8.606e-04 2.027e-03 -1.000 5.122e-03 -0.838 -0.820 -0.364 -1.449
0.005 -0.48482 8.88001 2.3063912392 2.5796036507    2.305  2.254  3.6922  2.267    6  0.000  0.352     0.00     0.00     0.00     0.00     0.00 -1    -1e-30      0.00 7.052e-01 2.897e-01 5.353e-04 8.606e-04 2.027e-03 -1.000 5.122e-03 -0.866 -0.846 -0.386 -1.477
0.005 -0.48482 8.88001 2.3064243793 2.5796046656    2.305  2.278  3.6901  2.235    7  0.000  0.352     0.00     0.00     0.00     0.00     0.00 -1    -1e-30      0.00 7.052e-01 2.897e-01 5.353e-04 8.606e-04 2.027e-03 -1.000 5.122e-03 -0.926 -0.900 -0.435 -1.536
0.005 -0.48482 8.88001 2.3064796925 2.5796063595    2.305  2.316  3.6868  2.184    7  0.000  0.352     0.00     0.00     0.00     0.00     0.00 -1    -1e-30      0.00 7.052e-01 2.897e-01 5.353e-04 8.606e-04 2.027e-03 -1.000 5.122e-03 -1.020 -0.986 -0.512 -1.629
0.005 -0.48482 8.88001 2.3065798283 2.5796094258    2.305  2.352  3.6839  2.137    7  0.000  0.352     0.00     0.00     0.00     0.00     0.00 -1    -1e-30      0.00 7.052e-01 2.897e-01 5.353e-04 8.607e-04 2.027e-03 -1.000 5.122e-03 -1.109 -1.066 -0.585 -1.717
0.005 -0.48482 8.88001 2.3068208694 2.5796168056    2.305  2.331  3.6858  2.165    7  0.000  0.352     0.00     0.00     0.00     0.00     0.00 -1 -2.13e-30      0.00 7.052e-01 2.897e-01 5.353e-04 8.607e-04 2.027e-03 -1.000 5.126e-03 -1.057 -1.019 -0.542 -1.666
0.005 -0.48482 8.88001 2.3086986542 2.5796742353    2.307  2.324  3.6863  2.174    7  0.000  0.352     0.00     0.00     0.00     0.00     0.00 -1 -3.42e-13      0.00 7.052e-01 2.895e-01 5.353e-04 8.610e-04 2.026e-03 -1.000 5.308e-03 -1.040 -1.004 -0.529 -1.649
0.005 -0.48482 8.88001 2.3097226620 2.5797055082    2.308  2.365  3.6828  2.119    7  0.000  0.352     0.00     0.00     0.00     0.00     0.00 -1  -1.6e-10      0.00 7.052e-01 2.895e-01 5.353e-04 8.611e-04 2.026e-03 -1.000 5.334e-03 -1.143 -1.097 -0.612 -1.750
0.005 -0.48482 8.88001 2.3105118275 2.5797295872    2.309  2.412  3.6789  2.057    7  0.000  0.352     0.00     0.00     0.00     0.00     0.00 -1 -2.03e-10      0.00 7.052e-01 2.895e-01 5.352e-04 8.612e-04 2.026e-03 -1.000 5.333e-03 -1.260 -1.203 -0.707 -1.865
0.005 -0.48482 8.88001 2.3111584187 2.5797493020    2.309  2.457  3.6752  1.998    7  0.000  0.352     0.00     0.00     0.00     0.00     0.00 -1 -2.53e-10      0.00 7.052e-01 2.895e-01 5.352e-04 8.613e-04 2.026e-03 -1.000 5.331e-03 -1.371 -1.303 -0.796 -1.974
0.005 -0.48482 8.88001 2.3117127419 2.5797661933    2.310  2.500  3.6717  1.941    7  0.000  0.352     0.00     0.00     0.00     0.00     0.00 -1 -3.15e-10      0.00 7.052e-01 2.895e-01 5.352e-04 8.614e-04 2.026e-03 -1.000 5.330e-03 -1.480 -1.402 -0.884 -2.082
0.005 -0.48482 8.88001 2.3121988773 2.5797809992    2.310  2.543  3.6671  1.879    7  0.000  0.352     4.87     3.53     2.62     1.93     1.58  4 -3.91e-10      0.00 7.052e-01 2.895e-01 5.352e-04 8.615e-04 2.026e-03 -1.000 5.329e-03 -1.587 -1.495 -0.963 -2.186
0.005 -0.48482 8.88001 2.3126277924 2.5797940564    2.310  2.586  3.6631  1.820    7  0.000  0.352     5.46     3.93     2.90     2.14     1.75  4 -4.85e-10      0.00 7.052e-01 2.895e-01 5.352e-04 8.615e-04 2.026e-03 -1.000 5.332e-03 -1.694 -1.589 -1.045 -2.291
0.005 -0.48482 8.88001 2.3130044937 2.5798055195    2.310  2.628  3.6594  1.763    7  0.000  0.352     6.12     4.36     3.20     2.37     1.93  4 -5.97e-10      0.00 7.052e-01 2.895e-01 5.351e-04 8.616e-04 2.026e-03 -1.000 5.365e-03 -1.801 -1.684 -1.128 -2.394
0.005 -0.48482 8.88001 2.3133423328 2.5798157964    2.311  2.672  3.6544  1.699    7  0.000  0.351     6.94     4.89     3.57     2.65     2.16  4 -7.45e-10      0.00 7.052e-01 2.895e-01 5.349e-04 8.618e-04 2.026e-03 -1.000 5.365e-03 -1.910 -1.773 -1.201 -2.495
0.005 -0.48482 8.88001 2.3136384487 2.5798248012    2.311  2.714  3.6511  1.644    7  0.000  0.351     7.73     5.40     3.93     2.92     2.38  4  -9.2e-10      0.00 7.052e-01 2.895e-01 5.344e-04 8.625e-04 2.026e-03 -1.000 5.364e-03 -2.015 -1.865 -1.283 -2.594
0.005 -0.48482 8.88001 2.3139104843 2.5798330714    2.311  2.756  3.6478  1.589    7  0.000  0.350     8.62     5.97     4.32     3.22     2.62  4 -1.13e-09      0.00 7.052e-01 2.895e-01 5.335e-04 8.635e-04 2.026e-03 -1.000 5.364e-03 -2.120 -1.955 -1.362 -2.693
0.005 -0.48482 8.88001 2.3141632080 2.5798407525    2.311  2.798  3.6443  1.533    7  0.000  0.350     9.63     6.60     4.76     3.55     2.90  4 -1.38e-09      0.00 7.052e-01 2.895e-01 5.323e-04 8.647e-04 2.026e-03 -1.000 5.364e-03 -2.225 -2.044 -1.441 -2.790
0.005 -0.48482 8.88001 2.3143997192 2.5798479392    2.310  2.840  3.6408  1.477    7  0.000  0.349    10.75     7.31     5.25     3.92     3.20  4 -1.71e-09      0.00 7.052e-01 2.895e-01 5.310e-04 8.663e-04 2.026e-03 -1.000 5.366e-03 -2.331 -2.134 -1.519 -2.888
0.005 -0.48482 8.88001 2.3146216869 2.5798546823    2.310  2.883  3.6373  1.420    7  0.000  0.348    12.02     8.10     5.79     4.33     3.53  4  -2.1e-09      0.00 7.051e-01 2.895e-01 5.298e-04 8.680e-04 2.026e-03 -1.000 5.379e-03 -2.437 -2.223 -1.594 -2.987
0.005 -0.48482 8.88001 2.3148312569 2.5798610475    2.310  2.926  3.6338  1.363    7  0.000  0.347    13.45     8.98     6.39     4.78     3.90  4 -2.58e-09      0.00 7.051e-01 2.895e-01 5.287e-04 8.693e-04 2.026e-03 -1.000 5.396e-03 -2.544 -2.311 -1.669 -3.085
0.005 -0.48482 8.88001 2.3150320053 2.5798671435    2.310  2.969  3.6303  1.306    7  0.000  0.347    15.05     9.95     7.05     5.28     4.31  4 -3.17e-09      0.00 7.051e-01 2.895e-01 5.278e-04 8.705e-04 2.025e-03 -1.000 5.401e-03 -2.652 -2.401 -1.745 -3.184
0.005 -0.48482 8.88001 2.3152282238 2.5798731007    2.309  3.012  3.6268  1.249    7  0.000  0.346    16.85    11.04     7.78     5.84     4.77  4 -3.88e-09      0.00 7.051e-01 2.895e-01 5.270e-04 8.715e-04 2.025e-03 -1.000 5.401e-03 -2.760 -2.489 -1.819 -3.282
0.005 -0.48482 8.88001 2.3154249191 2.5798790713    2.309  3.056  3.6231  1.190    7  0.000  0.346    18.91    12.27     8.61     6.48     5.29  4 -4.78e-09      0.00 7.051e-01 2.895e-01 5.263e-04 8.724e-04 2.025e-03 -1.000 5.401e-03 -2.870 -2.578 -1.893 -3.381
0.005 -0.48482 8.88001 2.3156278133 2.5798852288    2.308  3.100  3.6194  1.131    7  0.000  0.345    21.24    13.66     9.53     7.18     5.87  4 -5.94e-09      0.00 7.051e-01 2.895e-01 5.257e-04 8.734e-04 2.025e-03 -1.000 5.401e-03 -2.980 -2.666 -1.965 -3.479
0.005 -0.48482 8.88001 2.3158309460 2.5798913923    2.307  3.142  3.6157  1.074    7  0.000  0.345    23.76    15.14    10.52     7.94     6.49  4 -7.25e-09      0.00 7.051e-01 2.895e-01 5.253e-04 8.738e-04 2.024e-03 -1.000 5.401e-03 -3.085 -2.749 -2.032 -3.573
0.005 -0.48482 8.88001 2.3159770966 2.5798958261    2.306  3.180  3.6125  1.023    7  0.000  0.345    26.26    16.59    11.48     8.68     7.09  4 -8.56e-09      0.00 7.051e-01 2.895e-01 5.249e-04 8.745e-04 2.024e-03 -1.000 5.401e-03 -3.179 -2.822 -2.091 -3.656
0.005 -0.48482 8.88001 2.3160469532 2.5798979451    2.305  3.211  3.6097  0.981    7  0.000  0.345    28.54    17.91    12.35     9.34     7.64  4 -9.89e-09      0.00 7.051e-01 2.895e-01 5.247e-04 8.747e-04 2.024e-03 -1.000 5.400e-03 -3.257 -2.883 -2.140 -3.724
0.005 -0.48482 8.88001 2.3161118031 2.5798999121    2.305  3.245  3.6068  0.934    7  0.000  0.345    31.27    19.48    13.38    10.13     8.29  4 -1.16e-08      0.00 7.051e-01 2.895e-01 5.245e-04 8.753e-04 2.024e-03 -1.000 5.398e-03 -3.343 -2.948 -2.190 -3.799
0.005 -0.48482 8.88001 2.3161725998 2.5799017560    2.304  3.281  3.6037  0.886    7  0.000  0.345    34.40    21.26    14.55    11.03     9.02  3 -1.37e-08      0.00 7.051e-01 2.895e-01 5.244e-04 8.754e-04 2.024e-03 -1.000 5.395e-03 -3.433 -3.017 -2.243 -3.878
0.005 -0.48482 8.88001 2.3162329197 2.5799035854    2.303  3.319  3.6003  0.835    7  0.000  0.345    38.02    23.31    15.88    12.06     9.87  3 -1.64e-08      0.00 7.051e-01 2.895e-01 5.244e-04 8.755e-04 2.024e-03 -1.000 5.394e-03 -3.527 -3.088 -2.297 -3.959
0.005 -0.48482 8.88001 2.3162953854 2.5799054798    2.302  3.356  3.5970  0.784    7  0.000  0.345    42.02    25.55    17.34    13.18    10.79  3 -1.94e-08      0.00 7.051e-01 2.895e-01 5.243e-04 8.756e-04 2.024e-03 -1.000 5.394e-03 -3.620 -3.156 -2.347 -4.038
0.005 -0.48482 8.88001 2.3163640499 2.5799075620    2.301  3.393  3.5936  0.733    7  0.000  0.345    46.47    28.02    18.94    14.42    11.80  3 -2.31e-08      0.00 7.051e-01 2.895e-01 5.243e-04 8.756e-04 2.024e-03 -1.000 5.394e-03 -3.713 -3.224 -2.395 -4.117
0.005 -0.48482 8.88001 2.3164446354 2.5799100055    2.299  3.447  3.5886  0.659    7  0.000  0.345    53.77    32.04    21.52    16.42    13.45  3 -2.93e-08      0.00 7.051e-01 2.895e-01 5.243e-04 8.756e-04 2.024e-03 -1.000 5.394e-03 -3.848 -3.320 -2.462 -4.230
0.005 -0.48482 8.88001 2.3164634705 2.5799105766    2.299  3.485  3.5849  0.606    7  0.000  0.345    59.62    35.22    23.56    18.00    14.74  3 -3.47e-08      0.00 7.051e-01 2.895e-01 5.243e-04 8.756e-04 2.024e-03 -1.000 5.394e-03 -3.942 -3.384 -2.503 -4.307
0.005 -0.48482 8.88001 2.3164744377 2.5799109091    2.298  3.496  3.5839  0.591    7  0.000  0.345    61.40    36.18    24.17    18.48    15.14  3 -3.64e-08      0.00 7.051e-01 2.895e-01 5.243e-04 8.756e-04 2.024e-03 -1.000 5.394e-03 -3.969 -3.402 -2.515 -4.328
0.005 -0.48482 8.88001 2.3164916039 2.5799114296    2.298  3.432  3.5900  0.679    7  0.000  0.345    51.63    30.86    20.77    15.84    12.97  3 -2.75e-08      0.00 7.051e-01 2.895e-01 5.243e-04 8.756e-04 2.024e-03 -1.000 5.394e-03 -3.810 -3.294 -2.445 -4.199
0.005 -0.48482 8.88001 2.3164927959 2.5799114657    2.298  3.418  3.5913  0.699    7  0.000  0.345    49.69    29.80    20.08    15.31    12.53  3 -2.58e-08      0.00 7.051e-01 2.895e-01 5.243e-04 8.756e-04 2.024e-03 -1.000 5.394e-03 -3.775 -3.269 -2.427 -4.169
0.005 -0.48482 8.88001 2.3164930344 2.5799114729    2.298  3.409  3.5921  0.711    7  0.000  0.345    48.51    29.15    19.67    14.98    12.27  3 -2.48e-08      0.00 7.051e-01 2.895e-01 5.243e-04 8.756e-04 2.024e-03 -1.000 5.394e-03 -3.753 -3.252 -2.416 -4.150
0.005 -0.48482 8.88001 2.3164932728 2.5799114802    2.298  3.421  3.5911  0.695    7  0.000  0.345    50.04    29.99    20.21    15.40    12.61  3 -2.61e-08      0.00 7.051e-01 2.895e-01 5.243e-04 8.756e-04 2.024e-03 -1.000 5.394e-03 -3.781 -3.273 -2.430 -4.175
0.005 -0.48482 8.88001 2.3164935112 2.5799114874    2.298  3.422  3.5909  0.692    7  0.000  0.345    50.30    30.13    20.30    15.47    12.67  3 -2.63e-08      0.00 7.051e-01 2.895e-01 5.243e-04 8.756e-04 2.024e-03 -1.000 5.394e-03 -3.786 -3.276 -2.432 -4.178
0.005 -0.48482 8.88001 2.3164937496 2.5799114946    2.298  3.420  3.5911  0.696    7  0.000  0.345    49.92    29.92    20.16    15.37    12.58  3 -2.59e-08      0.00 7.051e-01 2.895e-01 5.243e-04 8.756e-04 2.024e-03 -1.000 5.394e-03 -3.779 -3.271 -2.429 -4.172
0.005 -0.48482 8.88001 2.3164939880 2.5799115018    2.298  3.414  3.5916  0.704    7  0.000  0.345    49.22    29.54    19.91    15.18    12.43  3 -2.53e-08      0.00 7.051e-01 2.895e-01 5.243e-04 8.756e-04 2.024e-03 -1.000 5.394e-03 -3.766 -3.262 -2.422 -4.162
0.005 -0.48482 8.88001 2.3164942265 2.5799115091    2.298  3.409  3.5921  0.711    7  0.000  0.345    48.53    29.16    19.67    14.99    12.27  3 -2.48e-08      0.00 7.051e-01 2.895e-01 5.243e-04 8.756e-04 2.024e-03 -1.000 5.394e-03 -3.753 -3.253 -2.416 -4.151
0.005 -0.48482 8.88001 2.3164944649 2.5799115163    2.298  3.404  3.5926  0.717    7  0.000  0.345    47.88    28.80    19.44    14.81    12.12  3 -2.42e-08      0.00 7.051e-01 2.895e-01 5.243e-04 8.756e-04 2.024e-03 -1.000 5.394e-03 -3.740 -3.244 -2.409 -4.140
0.005 -0.48482 8.88001 2.3164947033 2.5799115235    2.298  3.399  3.5931  0.725    7  0.000  0.345    47.22    28.44    19.20    14.63    11.98  3 -2.37e-08      0.00 7.051e-01 2.895e-01 5.243e-04 8.756e-04 2.024e-03 -1.000 5.394e-03 -3.728 -3.234 -2.403 -4.129
0.005 -0.48482 8.88001 2.3164949417 2.5799115308    2.298  3.393  3.5936  0.733    7  0.000  0.345    46.48    28.03    18.94    14.42    11.81  3 -2.31e-08      0.00 7.051e-01 2.895e-01 5.243e-04 8.756e-04 2.024e-03 -1.000 5.394e-03 -3.713 -3.224 -2.395 -4.117
0.005 -0.48482 8.88001 2.3164951801 2.5799115380    2.298  3.387  3.5942  0.742    7  0.000  0.345    45.66    27.57    18.65    14.20    11.62  3 -2.24e-08      0.00 7.051e-01 2.895e-01 5.243e-04 8.756e-04 2.024e-03 -1.000 5.394e-03 -3.697 -3.212 -2.387 -4.103
0.005 -0.48482 8.88001 2.3164954185 2.5799115452    2.298  3.383  3.5946  0.747    7  0.000  0.345    45.20    27.32    18.48    14.07    11.52  3  -2.2e-08      0.00 7.051e-01 2.895e-01 5.243e-04 8.756e-04 2.024e-03 -1.000 5.394e-03 -3.687 -3.205 -2.382 -4.095
0.005 -0.48482 8.88001 2.3164958954 2.5799115597    2.298  3.382  3.5946  0.748    7  0.000  0.345    45.11    27.27    18.45    14.04    11.50  3 -2.19e-08      0.00 7.051e-01 2.895e-01 5.243e-04 8.756e-04 2.024e-03 -1.000 5.394e-03 -3.685 -3.204 -2.381 -4.094
0.005 -0.48482 8.88001 2.3164963722 2.5799115741    2.298  3.378  3.5950  0.753    7  0.000  0.345    44.65    27.02    18.29    13.92    11.39  3 -2.16e-08      0.00 7.051e-01 2.895e-01 5.243e-04 8.756e-04 2.024e-03 -1.000 5.394e-03 -3.676 -3.197 -2.376 -4.086
0.005 -0.48482 8.88001 2.3164968491 2.5799115886    2.298  3.375  3.5953  0.757    7  0.000  0.345    44.28    26.81    18.15    13.81    11.31  3 -2.13e-08      0.00 7.051e-01 2.895e-01 5.243e-04 8.756e-04 2.024e-03 -1.000 5.394e-03 -3.668 -3.191 -2.372 -4.079
0.005 -0.48482 8.88001 2.3164975643 2.5799116103    2.298  3.372  3.5955  0.761    7  0.000  0.345    43.94    26.62    18.03    13.72    11.23  3  -2.1e-08      0.00 7.051e-01 2.895e-01 5.243e-04 8.756e-04 2.024e-03 -1.000 5.394e-03 -3.661 -3.186 -2.368 -4.073
0.005 -0.48482 8.88001 2.3165018559 2.5799117404    2.297  3.368  3.5959  0.767    7  0.000  0.345    43.43    26.34    17.85    13.58    11.12  3 -2.06e-08      0.00 7.051e-01 2.895e-01 5.243e-04 8.756e-04 2.024e-03 -1.000 5.394e-03 -3.650 -3.178 -2.362 -4.064
0.005 -0.48482 8.88001 2.3165063858 2.5799118777    2.297  3.382  3.5946  0.748    7  0.000  0.345    45.12    27.27    18.45    14.05    11.50  3  -2.2e-08      0.00 7.051e-01 2.895e-01 5.243e-04 8.756e-04 2.024e-03 -1.000 5.395e-03 -3.685 -3.204 -2.381 -4.094
0.005 -0.48482 8.88001 2.3165094852 2.5799119717    2.297  3.397  3.5933  0.728    7  0.000  0.345    46.91    28.26    19.09    14.54    11.90  3 -2.35e-08      0.00 7.051e-01 2.895e-01 5.243e-04 8.756e-04 2.024e-03 -1.000 5.394e-03 -3.722 -3.230 -2.400 -4.124
0.005 -0.48482 8.88001 2.3165132999 2.5799120874    2.297  3.414  3.5917  0.704    7  0.000  0.345    49.18    29.52    19.90    15.17    12.42  3 -2.55e-08      0.00 7.051e-01 2.895e-01 5.243e-04 8.756e-04 2.024e-03 -1.000 5.394e-03 -3.765 -3.261 -2.422 -4.161
0.005 -0.48482 8.88001 2.3165173531 2.5799122102    2.297  3.438  3.5895  0.671    7  0.000  0.345    52.46    31.32    21.06    16.06    13.15  3 -2.83e-08      0.00 7.051e-01 2.895e-01 5.243e-04 8.756e-04 2.024e-03 -1.000 5.394e-03 -3.825 -3.304 -2.452 -4.211
0.005 -0.48482 8.88001 2.3165221214 2.5799123548    2.297  3.472  3.5863  0.624    7  0.000  0.345    57.54    34.09    22.84    17.44    14.28  3  -3.3e-08      0.00 7.051e-01 2.895e-01 5.243e-04 8.756e-04 2.024e-03 -1.000 5.395e-03 -3.910 -3.362 -2.490 -4.281
0.005 -0.48482 8.88001 2.3165283203 2.5799125428    2.297  3.515  3.5822  0.565    7  0.000  0.345    64.62    37.92    25.28    19.34    15.84  3 -3.98e-08      0.00 7.051e-01 2.895e-01 5.243e-04 8.756e-04 2.024e-03 -1.000 5.394e-03 -4.016 -3.434 -2.536 -4.367
0.005 -0.48482 8.88001 2.3165357113 2.5799127668    2.296  3.556  3.5781  0.508    7  0.000  0.345    72.40    42.09    27.93    21.39    17.53  2  -4.8e-08      0.00 7.051e-01 2.895e-01 5.243e-04 8.756e-04 2.024e-03 -1.000 5.395e-03 -4.120 -3.502 -2.576 -4.450
0.005 -0.48482 8.88001 2.3165462017 2.5799130849    2.296  3.596  3.5742  0.452    7  0.000  0.345    80.83    46.57    30.76    23.60    19.34  2 -5.72e-08      0.00 7.051e-01 2.895e-01 5.243e-04 8.756e-04 2.024e-03 -1.000 5.395e-03 -4.220 -3.562 -2.603 -4.528
0.005 -0.48482 8.88001 2.3165616989 2.5799135547    2.295  3.632  3.5704  0.400    7  0.000  0.345    89.40    51.08    33.60    25.81    21.16  2 -6.71e-08      0.00 7.051e-01 2.895e-01 5.243e-04 8.756e-04 2.024e-03 -1.000 5.395e-03 -4.310 -3.616 -2.626 -4.597
0.005 -0.48482 8.88001 2.3165879250 2.5799143498    2.293  3.662  3.5673  0.358    7  0.000  0.345    97.18    55.15    36.15    27.80    22.80  2 -7.63e-08      0.00 7.051e-01 2.895e-01 5.243e-04 8.756e-04 2.024e-03 -1.000 5.395e-03 -4.384 -3.654 -2.632 -4.650
0.005 -0.48482 8.88001 2.3165955544 2.5799145811    2.293  3.668  3.5667  0.349    7  0.000  0.345    98.81    55.99    36.68    28.22    23.14  2 -7.81e-08      0.00 7.051e-01 2.895e-01 5.243e-04 8.756e-04 2.024e-03 -1.000 5.395e-03 -4.399 -3.661 -2.632 -4.661
