Zini MH logAge Mini int_IMF Mass logL logTe logg label McoreTP C_O period0 period1 period2 period3 period4 pmode Mloss tau1m X Y Xc Xn Xo Cexcess Z mbolmag Gmag G_BPmag G_RPmag
0.007 -0.33541 7.05001 0.0900000036 1.0816895926    0.090 -2.032  3.4306  4.098    0  0.000  0.545     0.00     0.00     0.00     0.00     0.00 -1 -3.52e-15      0.00 7.317e-01 2.612e-01 1.272e-03 3.431e-04 3.112e-03 -1.000 7.072e-03 9.849 11.505 13.878 10.110
0.007 -0.33541 7.05001 0.0942631587 1.1213151760    0.094 -2.004  3.4338  4.104    0  0.000  0.545     0.00     0.00     0.00     0.00     0.00 -1 -3.64e-15      0.00 7.317e-01 2.612e-01 1.272e-03 3.431e-04 3.112e-03 -1.000 7.072e-03 9.781 11.402 13.729 10.015
0.007 -0.33541 7.05001 0.0996483564 1.1681622722    0.100 -1.971  3.4376  4.110    0  0.000  0.545     0.00     0.00     0.00     0.00     0.00 -1  -3.8e-15      0.00 7.317e-01 2.612e-01 1.272e-03 3.431e-04 3.112e-03 -1.000 7.072e-03 9.697 11.275 13.547 9.899
0.007 -0.33541 7.05001 0.1189450845 1.3123229328    0.119 -1.861  3.4505  4.128    0  0.000  0.545     0.00     0.00     0.00     0.00     0.00 -1 -4.38e-15      0.00 7.317e-01 2.612e-01 1.272e-03 3.431e-04 3.112e-03 -1.000 7.072e-03 9.424 10.863 12.954 9.523
0.007 -0.33541 7.05001 0.1327183992 1.3977941865    0.133 -1.794  3.4578  4.137    0  0.000  0.545     0.00     0.00     0.00     0.00     0.00 -1  -4.8e-15      0.00 7.317e-01 2.612e-01 1.272e-03 3.431e-04 3.112e-03 -1.000 7.072e-03 9.254 10.616 12.600 9.298
0.007 -0.33541 7.05001 0.1481136531 1.4806372622    0.148 -1.725  3.4650  4.145    0  0.000  0.545     0.00     0.00     0.00     0.00     0.00 -1 -5.26e-15      0.00 7.317e-01 2.612e-01 1.272e-03 3.431e-04 3.112e-03 -1.000 7.072e-03 9.083 10.372 12.261 9.077
0.007 -0.33541 7.05001 0.1564998627 1.5211932153    0.156 -1.691  3.4686  4.149    0  0.000  0.545     0.00     0.00     0.00     0.00     0.00 -1  -5.5e-15      0.00 7.317e-01 2.612e-01 1.272e-03 3.431e-04 3.112e-03 -1.000 7.072e-03 8.997 10.252 12.095 8.967
0.007 -0.33541 7.05001 0.1582385749 1.5292488231    0.158 -1.684  3.4694  4.150    0  0.000  0.545     0.00     0.00     0.00     0.00     0.00 -1 -5.54e-15      0.00 7.317e-01 2.612e-01 1.272e-03 3.431e-04 3.112e-03 -1.000 7.072e-03 8.980 10.228 12.062 8.946
0.007 -0.33541 7.05001 0.1633490026 1.5522749871    0.163 -1.664  3.4714  4.152    0  0.000  0.545     0.00     0.00     0.00     0.00     0.00 -1 -5.69e-15      0.00 7.317e-01 2.612e-01 1.272e-03 3.431e-04 3.112e-03 -1.000 7.072e-03 8.930 10.159 11.968 8.882
0.007 -0.33541 7.05001 0.1688188165 1.5759050649    0.169 -1.642  3.4735  4.153    0  0.000  0.545     0.00     0.00     0.00     0.00     0.00 -1 -5.91e-15      0.00 7.317e-01 2.612e-01 1.272e-03 3.431e-04 3.112e-03 -1.000 7.072e-03 8.876 10.086 11.870 8.815
0.007 -0.33541 7.05001 0.1833264381 1.6340382562    0.183 -1.590  3.4788  4.157    0  0.000  0.545     0.00     0.00     0.00     0.00     0.00 -1 -6.38e-15      0.00 7.317e-01 2.612e-01 1.272e-03 3.431e-04 3.112e-03 -1.000 7.072e-03 8.744 9.906 11.627 8.651
0.007 -0.33541 7.05001 0.2101362646 1.7271758585    0.210 -1.505  3.4875  4.167    0  0.000  0.545     0.00     0.00     0.00     0.00     0.00 -1 -7.16e-15      0.00 7.317e-01 2.612e-01 1.272e-03 3.431e-04 3.112e-03 -1.000 7.072e-03 8.533 9.617 11.238 8.390
0.007 -0.33541 7.05001 0.2294660360 1.7852344260    0.229 -1.451  3.4932  4.173    0  0.000  0.545     0.00     0.00     0.00     0.00     0.00 -1 -7.72e-15      0.00 7.317e-01 2.612e-01 1.272e-03 3.431e-04 3.112e-03 -1.000 7.072e-03 8.396 9.434 10.996 8.224
0.007 -0.33541 7.05001 0.2486394942 1.8368602028    0.248 -1.402  3.4984  4.180    0  0.000  0.545     0.00     0.00     0.00     0.00     0.00 -1 -8.24e-15      0.00 7.317e-01 2.612e-01 1.272e-03 3.431e-04 3.112e-03 -1.000 7.072e-03 8.274 9.271 10.782 8.076
0.007 -0.33541 7.05001 0.2749961615 1.8999414388    0.274 -1.339  3.5049  4.187    0  0.000  0.545     0.00     0.00     0.00     0.00     0.00 -1 -8.97e-15      0.00 7.317e-01 2.612e-01 1.272e-03 3.431e-04 3.112e-03 -1.000 7.072e-03 8.118 9.065 10.516 7.890
0.007 -0.33541 7.05001 0.2926155925 1.9378845064    0.292 -1.300  3.5090  4.191    0  0.000  0.545     0.00     0.00     0.00     0.00     0.00 -1 -9.47e-15      0.00 7.317e-01 2.612e-01 1.272e-03 3.431e-04 3.112e-03 -1.000 7.072e-03 8.020 8.938 10.352 7.774
0.007 -0.33541 7.05001 0.3085080683 1.9696451018    0.308 -1.268  3.5126  4.197    0  0.000  0.545     0.00     0.00     0.00     0.00     0.00 -1 -9.88e-15      0.00 7.317e-01 2.612e-01 1.272e-03 3.431e-04 3.112e-03 -1.000 7.072e-03 7.939 8.830 10.212 7.678
0.007 -0.33541 7.05001 0.3408574164 2.0281734154    0.340 -1.205  3.5196  4.205    0  0.000  0.545     0.00     0.00     0.00     0.00     0.00 -1 -1.08e-14      0.00 7.317e-01 2.612e-01 1.272e-03 3.431e-04 3.112e-03 -1.000 7.072e-03 7.782 8.624 9.945 7.492
0.007 -0.33541 7.05001 0.3692369461 2.0738652896    0.369 -1.156  3.5250  4.213    0  0.000  0.545     0.00     0.00     0.00     0.00     0.00 -1 -1.14e-14      0.00 7.317e-01 2.612e-01 1.272e-03 3.431e-04 3.112e-03 -1.000 7.072e-03 7.661 8.467 9.747 7.351
0.007 -0.33541 7.05001 0.3890992403 2.1032117912    0.388 -1.124  3.5286  4.218    0  0.000  0.545     0.00     0.00     0.00     0.00     0.00 -1 -1.19e-14      0.00 7.317e-01 2.612e-01 1.272e-03 3.431e-04 3.112e-03 -1.000 7.072e-03 7.581 8.363 9.616 7.258
0.007 -0.33541 7.05001 0.3964336216 2.1135600530    0.396 -1.113  3.5298  4.220    0  0.000  0.545     0.00     0.00     0.00     0.00     0.00 -1 -1.21e-14      0.00 7.317e-01 2.612e-01 1.272e-03 3.431e-04 3.112e-03 -1.000 7.072e-03 7.553 8.326 9.569 7.225
0.007 -0.33541 7.05001 0.4373410344 2.1670360615    0.437 -1.052  3.5367  4.229    0  0.000  0.545     0.00     0.00     0.00     0.00     0.00 -1 -1.31e-14      0.00 7.317e-01 2.612e-01 1.272e-03 3.431e-04 3.112e-03 -1.000 7.072e-03 7.401 8.131 9.325 7.051
0.007 -0.33541 7.05001 0.4855828285 2.2223072234    0.485 -0.988  3.5445  4.242    0  0.000  0.545     0.00     0.00     0.00     0.00     0.00 -1 -1.42e-14      0.00 7.317e-01 2.612e-01 1.272e-03 3.431e-04 3.112e-03 -1.000 7.072e-03 7.241 7.923 9.062 6.865
0.007 -0.33541 7.05001 0.5316938162 2.2678997890    0.531 -0.930  3.5524  4.254    0  0.000  0.545     0.00     0.00     0.00     0.00     0.00 -1 -1.53e-14      0.00 7.317e-01 2.612e-01 1.272e-03 3.431e-04 3.112e-03 -1.000 7.072e-03 7.094 7.728 8.815 6.694
0.007 -0.33541 7.05001 0.5338246226 2.2697980445    0.533 -0.927  3.5528  4.255    0  0.000  0.545     0.00     0.00     0.00     0.00     0.00 -1 -1.54e-14      0.00 7.317e-01 2.612e-01 1.272e-03 3.431e-04 3.112e-03 -1.000 7.072e-03 7.087 7.719 8.804 6.686
0.007 -0.33541 7.05001 0.5609605312 2.2925293424    0.560 -0.894  3.5578  4.263    0  0.000  0.545     0.00     0.00     0.00     0.00     0.00 -1  -1.6e-14      0.00 7.317e-01 2.612e-01 1.272e-03 3.431e-04 3.112e-03 -1.000 7.072e-03 7.004 7.605 8.658 6.587
0.007 -0.33541 7.05001 0.5820664167 2.3085344924    0.581 -0.868  3.5614  4.267    0  0.000  0.545     0.00     0.00     0.00     0.00     0.00 -1 -1.66e-14      0.00 7.317e-01 2.612e-01 1.272e-03 3.431e-04 3.112e-03 -1.000 7.072e-03 6.939 7.519 8.550 6.512
0.007 -0.33541 7.05001 0.6005657911 2.3215043700    0.600 -0.845  3.5653  4.274    0  0.000  0.545     0.00     0.00     0.00     0.00     0.00 -1 -1.71e-14      0.00 7.317e-01 2.612e-01 1.272e-03 3.431e-04 3.112e-03 -1.000 7.072e-03 6.881 7.439 8.447 6.444
0.007 -0.33541 7.05001 0.6303082108 2.3405328719    0.630 -0.807  3.5710  4.280    0  0.000  0.545     0.00     0.00     0.00     0.00     0.00 -1 -1.81e-14      0.00 7.317e-01 2.612e-01 1.272e-03 3.431e-04 3.112e-03 -1.000 7.072e-03 6.787 7.312 8.287 6.334
0.007 -0.33541 7.05001 0.6639645696 2.3597185909    0.664 -0.759  3.5790  4.287    0  0.000  0.545     0.00     0.00     0.00     0.00     0.00 -1 -1.95e-14      0.00 7.317e-01 2.612e-01 1.272e-03 3.431e-04 3.112e-03 -1.000 7.072e-03 6.669 7.153 8.088 6.197
0.007 -0.33541 7.05001 0.6785501242 2.3673564686    0.678 -0.742  3.5820  4.291    0  0.000  0.545     0.00     0.00     0.00     0.00     0.00 -1    -2e-14      0.00 7.317e-01 2.612e-01 1.272e-03 3.431e-04 3.112e-03 -1.000 7.072e-03 6.624 7.094 8.013 6.146
0.007 -0.33541 7.05001 0.6795437336 2.3678630814    0.679 -0.739  3.5827  4.292    0  0.000  0.545     0.00     0.00     0.00     0.00     0.00 -1 -2.01e-14      0.00 7.317e-01 2.612e-01 1.272e-03 3.431e-04 3.112e-03 -1.000 7.072e-03 6.618 7.084 8.000 6.138
0.007 -0.33541 7.05001 0.7267918587 2.3901268728    0.726 -0.627  3.6153  4.340    0  0.000  0.541     0.00     0.00     0.00     0.00     0.00 -1 -2.38e-14      0.00 7.317e-01 2.612e-01 1.262e-03 3.428e-04 3.112e-03 -1.000 7.072e-03 6.338 6.656 7.426 5.796
0.007 -0.33541 7.05001 0.7755740285 2.4098717853    0.775 -0.527  3.6411  4.370    0  0.000  0.538     0.00     0.00     0.00     0.00     0.00 -1 -2.81e-14      0.00 7.317e-01 2.612e-01 1.255e-03 3.426e-04 3.112e-03 -1.000 7.072e-03 6.086 6.289 6.949 5.503
0.007 -0.33541 7.05001 0.7910099030 2.4155392635    0.790 -0.508  3.6434  4.370    0  0.000  0.538     0.00     0.00     0.00     0.00     0.00 -1  -2.9e-14      0.00 7.317e-01 2.612e-01 1.255e-03 3.426e-04 3.112e-03 -1.000 7.072e-03 6.040 6.232 6.881 5.453
0.007 -0.33541 7.05001 0.8243562579 2.4269537923    0.824 -0.459  3.6493  4.362    0  0.000  0.538     0.00     0.00     0.00     0.00     0.00 -1 -3.21e-14      0.00 7.317e-01 2.612e-01 1.255e-03 3.426e-04 3.112e-03 -1.000 7.072e-03 5.918 6.083 6.707 5.323
0.007 -0.33541 7.05001 0.8487446308 2.4346521376    0.848 -0.426  3.6542  4.361    0  0.000  0.538     0.00     0.00     0.00     0.00     0.00 -1 -3.41e-14      0.00 7.317e-01 2.612e-01 1.255e-03 3.426e-04 3.112e-03 -1.000 7.072e-03 5.836 5.980 6.584 5.234
0.007 -0.33541 7.05001 0.8731384277 2.4418595603    0.872 -0.387  3.6600  4.358    0  0.000  0.538     0.00     0.00     0.00     0.00     0.00 -1 -3.67e-14      0.00 7.317e-01 2.612e-01 1.255e-03 3.426e-04 3.112e-03 -1.000 7.072e-03 5.738 5.858 6.440 5.128
0.007 -0.33541 7.05001 0.8884043097 2.4461392034    0.888 -0.362  3.6640  4.357    0  0.000  0.538     0.00     0.00     0.00     0.00     0.00 -1 -3.86e-14      0.00 7.317e-01 2.612e-01 1.255e-03 3.426e-04 3.112e-03 -1.000 7.072e-03 5.676 5.781 6.349 5.062
0.007 -0.33541 7.05001 0.9219205379 2.4549659816    0.921 -0.299  3.6742  4.350    0  0.000  0.538     0.00     0.00     0.00     0.00     0.00 -1 -4.41e-14      0.00 7.317e-01 2.612e-01 1.255e-03 3.426e-04 3.112e-03 -1.000 7.072e-03 5.518 5.585 6.119 4.893
0.007 -0.33541 7.05001 0.9262171388 2.4560445254    0.925 -0.291  3.6755  4.350    0  0.000  0.538     0.00     0.00     0.00     0.00     0.00 -1 -4.48e-14      0.00 7.317e-01 2.612e-01 1.255e-03 3.426e-04 3.112e-03 -1.000 7.072e-03 5.498 5.561 6.090 4.872
0.007 -0.33541 7.05001 0.9707027674 2.4665691833    0.970 -0.205  3.6900  4.342    0  0.000  0.538     0.00     0.00     0.00     0.00     0.00 -1 -5.37e-14      0.00 7.318e-01 2.612e-01 1.255e-03 3.426e-04 3.112e-03 -1.000 7.072e-03 5.282 5.299 5.785 4.646
0.007 -0.33541 7.05001 1.0072708130 2.4744248158    1.007 -0.130  3.7025  4.333    0  0.000  0.538     0.00     0.00     0.00     0.00     0.00 -1 -6.17e-14      0.00 7.318e-01 2.611e-01 1.255e-03 3.426e-04 3.112e-03 -1.000 7.072e-03 5.096 5.082 5.534 4.459
0.007 -0.33541 7.05001 1.0194849968 2.4769047482    1.019 -0.104  3.7069  4.330    0  0.000  0.538     0.00     0.00     0.00     0.00     0.00 -1  -6.5e-14      0.00 7.318e-01 2.611e-01 1.255e-03 3.426e-04 3.112e-03 -1.000 7.072e-03 5.030 5.005 5.447 4.393
0.007 -0.33541 7.05001 1.0507873297 2.4829586843    1.050 -0.035  3.7181  4.318    0  0.000  0.538     0.00     0.00     0.00     0.00     0.00 -1 -7.25e-14      0.00 7.318e-01 2.611e-01 1.255e-03 3.426e-04 3.112e-03 -1.000 7.072e-03 4.857 4.809 5.224 4.223
0.007 -0.33541 7.05001 1.0682671070 2.4861623348    1.067  0.007  3.7246  4.310    0  0.000  0.538     0.00     0.00     0.00     0.00     0.00 -1 -7.77e-14      0.00 7.318e-01 2.611e-01 1.255e-03 3.426e-04 3.112e-03 -1.000 7.072e-03 4.753 4.695 5.095 4.122
0.007 -0.33541 7.05001 1.0893356800 2.4898670241    1.088  0.056  3.7323  4.299    0  0.000  0.538     0.00     0.00     0.00     0.00     0.00 -1 -8.43e-14      0.00 7.318e-01 2.611e-01 1.255e-03 3.426e-04 3.112e-03 -1.000 7.072e-03 4.629 4.559 4.941 4.003
0.007 -0.33541 7.05001 1.1170494556 2.4944963106    1.116  0.126  3.7426  4.282    0  0.000  0.538     0.00     0.00     0.00     0.00     0.00 -1 -9.53e-14      0.00 7.318e-01 2.611e-01 1.255e-03 3.426e-04 3.112e-03 -1.000 7.072e-03 4.454 4.370 4.731 3.837
0.007 -0.33541 7.05001 1.1320179701 2.4968885027    1.131  0.166  3.7482  4.270    0  0.000  0.538     0.00     0.00     0.00     0.00     0.00 -1 -1.02e-13      0.00 7.318e-01 2.611e-01 1.255e-03 3.426e-04 3.112e-03 -1.000 7.072e-03 4.354 4.266 4.614 3.745
0.007 -0.33541 7.05001 1.1574373245 2.5007883444    1.157  0.238  3.7578  4.247    0  0.000  0.538     0.00     0.00     0.00     0.00     0.00 -1 -1.17e-13      0.00 7.318e-01 2.611e-01 1.255e-03 3.426e-04 3.112e-03 -1.000 7.072e-03 4.175 4.080 4.408 3.580
0.007 -0.33541 7.05001 1.1658315659 2.5020333135    1.165  0.263  3.7610  4.238    0  0.000  0.538     0.00     0.00     0.00     0.00     0.00 -1 -1.23e-13      0.00 7.318e-01 2.611e-01 1.255e-03 3.426e-04 3.112e-03 -1.000 7.072e-03 4.114 4.016 4.337 3.523
0.007 -0.33541 7.05001 1.1753364801 2.5034183494    1.175  0.291  3.7646  4.227    0  0.000  0.538     0.00     0.00     0.00     0.00     0.00 -1  -1.3e-13      0.00 7.318e-01 2.611e-01 1.255e-03 3.426e-04 3.112e-03 -1.000 7.072e-03 4.043 3.943 4.258 3.458
0.007 -0.33541 7.05001 1.1993670464 2.5068077068    1.199  0.367  3.7738  4.197    0  0.000  0.538     0.00     0.00     0.00     0.00     0.00 -1 -1.51e-13      0.00 7.318e-01 2.611e-01 1.255e-03 3.426e-04 3.112e-03 -1.000 7.072e-03 3.853 3.750 4.045 3.286
0.007 -0.33541 7.05001 1.2146137953 2.5088783730    1.214  0.417  3.7797  4.176    0  0.000  0.538     0.00     0.00     0.00     0.00     0.00 -1 -1.68e-13      0.00 7.318e-01 2.611e-01 1.255e-03 3.426e-04 3.112e-03 -1.000 7.072e-03 3.727 3.623 3.906 3.173
0.007 -0.33541 7.05001 1.2280900478 2.5106594460    1.228  0.462  3.7850  4.157    0  0.000  0.538     0.00     0.00     0.00     0.00     0.00 -1 -1.83e-13      0.00 7.318e-01 2.611e-01 1.255e-03 3.426e-04 3.112e-03 -1.000 7.072e-03 3.615 3.510 3.782 3.072
0.007 -0.33541 7.05001 1.2490075827 2.5133366361    1.249  0.531  3.7936  4.130    0  0.000  0.538     0.00     0.00     0.00     0.00     0.00 -1  -2.1e-13      0.00 7.318e-01 2.611e-01 1.255e-03 3.426e-04 3.112e-03 -1.000 7.072e-03 3.443 3.338 3.594 2.920
0.007 -0.33541 7.05001 1.2633960247 2.5151191170    1.263  0.576  3.7997  4.114    0  0.000  0.538     0.00     0.00     0.00     0.00     0.00 -1 -2.29e-13      0.00 7.318e-01 2.611e-01 1.255e-03 3.426e-04 3.112e-03 -1.000 7.072e-03 3.329 3.224 3.468 2.820
0.007 -0.33541 7.05001 1.2654089928 2.5153647748    1.265  0.583  3.8006  4.111    0  0.000  0.538     0.00     0.00     0.00     0.00     0.00 -1 -2.32e-13      0.00 7.318e-01 2.611e-01 1.255e-03 3.426e-04 3.112e-03 -1.000 7.072e-03 3.313 3.208 3.451 2.806
0.007 -0.33541 7.05001 1.2891882658 2.5182001027    1.289  0.652  3.8115  4.095    0  0.000  0.538     0.00     0.00     0.00     0.00     0.00 -1 -2.59e-13      0.00 7.318e-01 2.611e-01 1.255e-03 3.426e-04 3.112e-03 -1.000 7.072e-03 3.141 3.038 3.261 2.662
0.007 -0.33541 7.05001 1.3110077381 2.5206979601    1.311  0.704  3.8225  4.094    0  0.000  0.538     0.00     0.00     0.00     0.00     0.00 -1 -2.76e-13      0.00 7.318e-01 2.611e-01 1.255e-03 3.426e-04 3.112e-03 -1.000 7.072e-03 3.011 2.909 3.113 2.558
0.007 -0.33541 7.05001 1.3121781349 2.5208292482    1.312  0.706  3.8232  4.095    0  0.000  0.538     0.00     0.00     0.00     0.00     0.00 -1 -2.76e-13      0.00 7.318e-01 2.611e-01 1.255e-03 3.426e-04 3.112e-03 -1.000 7.072e-03 3.005 2.903 3.107 2.554
0.007 -0.33541 7.05001 1.3295263052 2.5227441317    1.329  0.741  3.8330  4.105    0  0.000  0.538     0.00     0.00     0.00     0.00     0.00 -1 -2.81e-13      0.00 7.318e-01 2.611e-01 1.255e-03 3.426e-04 3.112e-03 -1.000 7.072e-03 2.918 2.818 3.006 2.491
0.007 -0.33541 7.05001 1.3355680704 2.5233976029    1.336  0.752  3.8367  4.111    0  0.000  0.538     0.00     0.00     0.00     0.00     0.00 -1 -2.81e-13      0.00 7.318e-01 2.611e-01 1.255e-03 3.426e-04 3.112e-03 -1.000 7.072e-03 2.890 2.792 2.973 2.473
0.007 -0.33541 7.05001 1.3609604836 2.5260712240    1.361  0.775  3.8511  4.153    0  0.000  0.538     0.00     0.00     0.00     0.00     0.00 -1 -2.62e-13      0.00 7.318e-01 2.611e-01 1.255e-03 3.426e-04 3.112e-03 -1.000 7.072e-03 2.832 2.738 2.898 2.453
0.007 -0.33541 7.05001 1.3669002056 2.5266801667    1.367  0.780  3.8550  4.165    0  0.000  0.538     0.00     0.00     0.00     0.00     0.00 -1 -2.56e-13      0.00 7.318e-01 2.611e-01 1.255e-03 3.426e-04 3.112e-03 -1.000 7.072e-03 2.819 2.728 2.882 2.451
0.007 -0.33541 7.05001 1.3922262192 2.5292096812    1.392  0.779  3.8662  4.220    0  0.000  0.538     0.00     0.00     0.00     0.00     0.00 -1  -2.2e-13      0.00 7.318e-01 2.611e-01 1.255e-03 3.426e-04 3.112e-03 -1.000 7.072e-03 2.822 2.737 2.875 2.487
0.007 -0.33541 7.05001 1.4097425938 2.5308981725    1.410  0.769  3.8713  4.255    0  0.000  0.538     0.00     0.00     0.00     0.00     0.00 -1 -1.94e-13      0.00 7.318e-01 2.611e-01 1.255e-03 3.426e-04 3.112e-03 -1.000 7.072e-03 2.846 2.765 2.896 2.526
0.007 -0.33541 7.05001 1.4168477058 2.5315693981    1.417  0.764  3.8729  4.269    0  0.000  0.538     0.00     0.00     0.00     0.00     0.00 -1 -1.83e-13      0.00 7.318e-01 2.611e-01 1.255e-03 3.426e-04 3.112e-03 -1.000 7.072e-03 2.860 2.780 2.909 2.544
0.007 -0.33541 7.05001 1.4340147972 2.5331596647    1.434  0.753  3.8751  4.294    0  0.000  0.538     0.00     0.00     0.00     0.00     0.00 -1 -1.62e-13      0.00 7.318e-01 2.611e-01 1.255e-03 3.426e-04 3.112e-03 -1.000 7.072e-03 2.887 2.810 2.936 2.578
0.007 -0.33541 7.05001 1.4585247040 2.5353556906    1.459  0.754  3.8785  4.314    0  0.000  0.538     0.00     0.00     0.00     0.00     0.00 -1 -1.43e-13      0.00 7.318e-01 2.611e-01 1.255e-03 3.426e-04 3.112e-03 -1.000 7.072e-03 2.886 2.811 2.932 2.587
0.007 -0.33541 7.05001 1.4637886286 2.5358163061    1.464  0.753  3.8792  4.319    0  0.000  0.538     0.00     0.00     0.00     0.00     0.00 -1 -1.38e-13      0.00 7.318e-01 2.611e-01 1.254e-03 3.426e-04 3.112e-03 -1.000 7.072e-03 2.886 2.812 2.933 2.590
0.007 -0.33541 7.05001 1.4832969904 2.5374906330    1.483  0.768  3.8837  4.328    0  0.000  0.537     0.00     0.00     0.00     0.00     0.00 -1 -1.27e-13      0.00 7.318e-01 2.611e-01 1.254e-03 3.426e-04 3.112e-03 -1.000 7.072e-03 2.851 2.780 2.894 2.569
0.007 -0.33541 7.05001 1.5073068142 2.5394830383    1.507  0.809  3.8937  4.334    0  0.000  0.537     0.00     0.00     0.00     0.00     0.00 -1 -1.23e-13      0.00 7.318e-01 2.611e-01 1.254e-03 3.425e-04 3.112e-03 -1.000 7.072e-03 2.748 2.684 2.784 2.497
0.007 -0.33541 7.05001 1.5212055445 2.5406033991    1.521  0.833  3.8998  4.339    0  0.000  0.537     0.00     0.00     0.00     0.00     0.00 -1 -1.18e-13      0.00 7.318e-01 2.611e-01 1.254e-03 3.425e-04 3.112e-03 -1.000 7.072e-03 2.688 2.630 2.722 2.458
0.007 -0.33541 7.05001 1.5554382801 2.5432649253    1.555  0.894  3.9168  4.355    0  0.000  0.537     0.00     0.00     0.00     0.00     0.00 -1 -1.07e-13      0.00 7.318e-01 2.611e-01 1.254e-03 3.425e-04 3.112e-03 -1.000 7.072e-03 2.534 2.497 2.566 2.367
0.007 -0.33541 7.05001 1.5560891628 2.5433142270    1.556  0.895  3.9171  4.355    0  0.000  0.537     0.00     0.00     0.00     0.00     0.00 -1 -1.07e-13      0.00 7.318e-01 2.611e-01 1.254e-03 3.425e-04 3.112e-03 -1.000 7.072e-03 2.532 2.495 2.563 2.366
0.007 -0.33541 7.05001 1.5860728025 2.5455350166    1.586  0.941  3.9304  4.370    0  0.000  0.537     0.00     0.00     0.00     0.00     0.00 -1 -8.94e-14      0.00 7.318e-01 2.611e-01 1.254e-03 3.425e-04 3.111e-03 -1.000 7.072e-03 2.416 2.403 2.454 2.306
0.007 -0.33541 7.05001 1.6048712730 2.5468787904    1.604  0.966  3.9374  4.379    0  0.000  0.537     0.00     0.00     0.00     0.00     0.00 -1 -7.94e-14      0.00 7.318e-01 2.611e-01 1.254e-03 3.425e-04 3.111e-03 -1.000 7.072e-03 2.355 2.358 2.401 2.276
0.007 -0.33541 7.05001 1.6536533833 2.5502025845    1.653  1.015  3.9514  4.399    0  0.000  0.538     0.00     0.00     0.00     0.00     0.00 -1 -2.77e-15      0.00 7.318e-01 2.611e-01 1.254e-03 3.425e-04 3.111e-03 -1.000 7.072e-03 2.233 2.276 2.305 2.221
0.007 -0.33541 7.05001 1.6605426073 2.5506539222    1.660  1.021  3.9534  4.403    0  0.000  0.538     0.00     0.00     0.00     0.00     0.00 -1 -1.71e-17      0.00 7.318e-01 2.611e-01 1.254e-03 3.425e-04 3.111e-03 -1.000 7.072e-03 2.218 2.267 2.294 2.216
0.007 -0.33541 7.05001 1.7024356127 2.5533082844    1.702  1.055  3.9649  4.425    0  0.000  0.538     0.00     0.00     0.00     0.00     0.00 -1    -1e-30      0.00 7.318e-01 2.611e-01 1.254e-03 3.425e-04 3.111e-03 -1.000 7.072e-03 2.132 2.221 2.238 2.189
0.007 -0.33541 7.05001 1.7048782110 2.5534584267    1.704  1.057  3.9655  4.427    0  0.000  0.538     0.00     0.00     0.00     0.00     0.00 -1    -1e-30      0.00 7.318e-01 2.611e-01 1.254e-03 3.425e-04 3.111e-03 -1.000 7.072e-03 2.128 2.219 2.236 2.187
0.007 -0.33541 7.05001 1.7470660210 2.5559756463    1.746  1.093  3.9742  4.436    0  0.000  0.538     0.00     0.00     0.00     0.00     0.00 -1    -1e-30      0.00 7.319e-01 2.610e-01 1.254e-03 3.425e-04 3.111e-03 -1.000 7.072e-03 2.038 2.163 2.173 2.144
0.007 -0.33541 7.05001 1.7512178421 2.5562158455    1.750  1.097  3.9752  4.437    0  0.000  0.538     0.00     0.00     0.00     0.00     0.00 -1    -1e-30      0.00 7.319e-01 2.610e-01 1.254e-03 3.425e-04 3.111e-03 -1.000 7.072e-03 2.028 2.156 2.165 2.138
0.007 -0.33541 7.05001 1.7999999523 2.5589429085    1.799  1.146  3.9856  4.441    0  0.000  0.538     0.00     0.00     0.00     0.00     0.00 -1    -1e-30      0.00 7.319e-01 2.611e-01 1.254e-03 3.425e-04 3.111e-03 -1.000 7.071e-03 1.904 2.075 2.078 2.072
0.007 -0.33541 7.05001 1.8487784863 2.5615049516    1.848  1.193  3.9953  4.445    0  0.000  0.538     0.00     0.00     0.00     0.00     0.00 -1    -1e-30      0.00 7.319e-01 2.611e-01 1.254e-03 3.425e-04 3.111e-03 -1.000 7.071e-03 1.789 2.002 1.998 2.010
0.007 -0.33541 7.05001 1.8975570202 2.5639161075    1.897  1.237  4.0045  4.449    0  0.000  0.537     0.00     0.00     0.00     0.00     0.00 -1    -1e-30      0.00 7.318e-01 2.611e-01 1.254e-03 3.425e-04 3.111e-03 -1.000 7.072e-03 1.677 1.931 1.923 1.950
0.007 -0.33541 7.05001 1.9463355541 2.5661888074    1.946  1.281  4.0135  4.451    0  0.000  0.537     0.00     0.00     0.00     0.00     0.00 -1    -1e-30      0.00 7.319e-01 2.611e-01 1.254e-03 3.425e-04 3.111e-03 -1.000 7.071e-03 1.566 1.863 1.850 1.891
0.007 -0.33541 7.05001 1.9951140881 2.5683341806    1.995  1.324  4.0219  4.454    0  0.000  0.537     0.00     0.00     0.00     0.00     0.00 -1    -1e-30      0.00 7.319e-01 2.611e-01 1.254e-03 3.424e-04 3.111e-03 -1.000 7.068e-03 1.460 1.798 1.781 1.833
0.007 -0.33541 7.05001 2.0438926220 2.5703622186    2.043  1.365  4.0300  4.456    0  0.000  0.537     0.00     0.00     0.00     0.00     0.00 -1    -1e-30      0.00 7.319e-01 2.610e-01 1.254e-03 3.424e-04 3.111e-03 -1.000 7.066e-03 1.358 1.736 1.714 1.778
0.007 -0.33541 7.05001 2.0926709175 2.5722819057    2.092  1.405  4.0377  4.457    0  0.000  0.537     0.00     0.00     0.00     0.00     0.00 -1    -1e-30      0.00 7.319e-01 2.610e-01 1.254e-03 3.424e-04 3.111e-03 -1.000 7.072e-03 1.258 1.674 1.649 1.722
0.007 -0.33541 7.05001 2.1414496899 2.5741013849    2.140  1.444  4.0453  4.458    0  0.000  0.537     0.00     0.00     0.00     0.00     0.00 -1    -1e-30      0.00 7.319e-01 2.610e-01 1.254e-03 3.424e-04 3.111e-03 -1.000 7.071e-03 1.160 1.615 1.587 1.669
0.007 -0.33541 7.05001 2.1902279854 2.5758279618    2.189  1.482  4.0525  4.458    0  0.000  0.537     0.00     0.00     0.00     0.00     0.00 -1    -1e-30      0.00 7.319e-01 2.610e-01 1.254e-03 3.424e-04 3.111e-03 -1.000 7.072e-03 1.065 1.557 1.526 1.616
0.007 -0.33541 7.05001 2.2390067577 2.5774683258    2.238  1.519  4.0594  4.459    0  0.000  0.537     0.00     0.00     0.00     0.00     0.00 -1    -1e-30      0.00 7.319e-01 2.610e-01 1.254e-03 3.424e-04 3.110e-03 -1.000 7.072e-03 0.973 1.501 1.468 1.565
0.007 -0.33541 7.05001 2.2877850533 2.5790284923    2.286  1.555  4.0662  4.459    0  0.000  0.538     0.00     0.00     0.00     0.00     0.00 -1    -1e-30      0.00 7.319e-01 2.610e-01 1.254e-03 3.424e-04 3.110e-03 -1.000 7.072e-03 0.882 1.446 1.410 1.514
0.007 -0.33541 7.05001 2.3365635872 2.5805139911    2.335  1.590  4.0728  4.459    0  0.000  0.538     0.00     0.00     0.00     0.00     0.00 -1    -1e-30      0.00 7.319e-01 2.610e-01 1.254e-03 3.424e-04 3.110e-03 -1.000 7.072e-03 0.795 1.393 1.354 1.465
0.007 -0.33541 7.05001 2.3853423595 2.5819298447    2.384  1.624  4.0788  4.459    0  0.000  0.538     0.00     0.00     0.00     0.00     0.00 -1    -1e-30      0.00 7.319e-01 2.610e-01 1.254e-03 3.424e-04 3.110e-03 -1.000 7.072e-03 0.710 1.341 1.300 1.417
0.007 -0.33541 7.05001 2.5804562569 2.5869829787    2.580  1.752  4.1019  4.457    0  0.000  0.538     0.00     0.00     0.00     0.00     0.00 -1    -1e-30      0.00 7.318e-01 2.611e-01 1.255e-03 3.426e-04 3.112e-03 -1.000 7.072e-03 0.390 1.146 1.097 1.236
0.007 -0.33541 7.05001 2.7755703926 2.5912279891    2.775  1.870  4.1220  4.451    1  0.000  0.538     0.00     0.00     0.00     0.00     0.00 -1    -1e-30      0.00 7.318e-01 2.611e-01 1.255e-03 3.426e-04 3.113e-03 -1.000 7.072e-03 0.094 0.962 0.908 1.064
0.007 -0.33541 7.05001 2.9691200256 2.5948114430    2.969  1.980  4.1406  4.445    0  0.000  0.538     0.00     0.00     0.00     0.00     0.00 -1    -1e-30      0.00 7.318e-01 2.611e-01 1.255e-03 3.426e-04 3.113e-03 -1.000 7.072e-03 -0.179 0.794 0.733 0.907
0.007 -0.33541 7.05001 2.9706845284 2.5948382285    2.970  1.980  4.1407  4.445    0  0.000  0.538     0.00     0.00     0.00     0.00     0.00 -1    -1e-30      0.00 7.318e-01 2.611e-01 1.255e-03 3.426e-04 3.113e-03 -1.000 7.072e-03 -0.181 0.792 0.732 0.905
0.007 -0.33541 7.05001 3.1657986641 2.5979415603    3.164  2.083  4.1577  4.438    1  0.000  0.538     0.00     0.00     0.00     0.00     0.00 -1    -1e-30      0.00 7.318e-01 2.611e-01 1.255e-03 3.426e-04 3.113e-03 -1.000 7.072e-03 -0.437 0.635 0.569 0.757
0.007 -0.33541 7.05001 3.3609127998 2.6006342203    3.359  2.178  4.1735  4.432    1  0.000  0.538     0.00     0.00     0.00     0.00     0.00 -1    -1e-30      0.00 7.318e-01 2.611e-01 1.255e-03 3.426e-04 3.113e-03 -1.000 7.072e-03 -0.676 0.487 0.416 0.618
0.007 -0.33541 7.05001 3.5560264587 2.6029899292    3.553  2.268  4.1875  4.422    1  0.000  0.538     0.00     0.00     0.00     0.00     0.00 -1    -1e-30      0.00 7.318e-01 2.611e-01 1.255e-03 3.426e-04 3.113e-03 -1.000 7.072e-03 -0.900 0.344 0.270 0.483
0.007 -0.33541 7.05001 3.7511405945 2.6050660687    3.748  2.353  4.2006  4.414    1  0.000  0.538     0.00     0.00     0.00     0.00     0.00 -1    -1e-30      0.00 7.318e-01 2.611e-01 1.255e-03 3.426e-04 3.113e-03 -1.000 7.072e-03 -1.112 0.210 0.132 0.357
0.007 -0.33541 7.05001 3.9462547302 2.6069079001    3.945  2.433  4.2131  4.406    1  0.000  0.538     0.00     0.00     0.00     0.00     0.00 -1    -1e-30      0.00 7.318e-01 2.611e-01 1.255e-03 3.426e-04 3.113e-03 -1.000 7.072e-03 -1.312 0.084 0.002 0.238
0.007 -0.33541 7.05001 4.1413688660 2.6085515873    4.139  2.509  4.2250  4.398    1  0.000  0.538     0.00     0.00     0.00     0.00     0.00 -1    -1e-30      0.00 7.318e-01 2.611e-01 1.255e-03 3.426e-04 3.113e-03 -1.000 7.072e-03 -1.502 -0.035 -0.121 0.125
0.007 -0.33541 7.05001 4.3364834785 2.6100263501    4.333  2.581  4.2361  4.390    1  0.000  0.538     0.00     0.00     0.00     0.00     0.00 -1    -1e-30      0.00 7.318e-01 2.611e-01 1.255e-03 3.426e-04 3.113e-03 -1.000 7.072e-03 -1.683 -0.150 -0.239 0.016
0.007 -0.33541 7.05001 4.5315971375 2.6113560213    4.528  2.650  4.2467  4.383    1  0.000  0.538     0.00     0.00     0.00     0.00     0.00 -1    -1e-30      0.00 7.318e-01 2.611e-01 1.255e-03 3.426e-04 3.113e-03 -1.000 7.072e-03 -1.856 -0.261 -0.353 -0.089
0.007 -0.33541 7.05001 4.7267112732 2.6125602494    4.724  2.717  4.2570  4.375    1  0.000  0.538     0.00     0.00     0.00     0.00     0.00 -1    -1e-30      0.00 7.318e-01 2.611e-01 1.255e-03 3.426e-04 3.113e-03 -1.000 7.072e-03 -2.022 -0.366 -0.461 -0.189
0.007 -0.33541 7.05001 4.9218254089 2.6136553421    4.919  2.780  4.2666  4.368    1  0.000  0.538     0.00     0.00     0.00     0.00     0.00 -1    -1e-30      0.00 7.318e-01 2.611e-01 1.255e-03 3.426e-04 3.113e-03 -1.000 7.072e-03 -2.180 -0.468 -0.566 -0.285
0.007 -0.33541 7.05001 5.1169390678 2.6146549493    5.115  2.841  4.2757  4.361    1  0.000  0.538     0.00     0.00     0.00     0.00     0.00 -1    -1e-30      0.00 7.318e-01 2.611e-01 1.255e-03 3.426e-04 3.113e-03 -1.000 7.072e-03 -2.332 -0.567 -0.667 -0.379
0.007 -0.33541 7.05001 5.3120532036 2.6155705844    5.311  2.899  4.2844  4.354    1  0.000  0.538     0.00     0.00     0.00     0.00     0.00 -1    -1e-30      0.00 7.318e-01 2.611e-01 1.255e-03 3.426e-04 3.113e-03 -1.000 7.072e-03 -2.478 -0.662 -0.765 -0.469
0.007 -0.33541 7.05001 5.5071678162 2.6164120114    5.507  2.955  4.2927  4.346    1  0.000  0.538     0.00     0.00     0.00     0.00     0.00 -1    -1e-30      0.00 7.318e-01 2.611e-01 1.255e-03 3.426e-04 3.113e-03 -1.000 7.072e-03 -2.619 -0.755 -0.860 -0.557
0.007 -0.33541 7.05001 5.5579609871 2.6166199407    5.558  2.970  4.2948  4.344    1  0.000  0.538     0.00     0.00     0.00     0.00     0.00 -1    -1e-30      0.00 7.318e-01 2.611e-01 1.255e-03 3.426e-04 3.113e-03 -1.000 7.072e-03 -2.654 -0.779 -0.884 -0.580
0.007 -0.33541 7.05001 5.7056989670 2.6172006015    5.706  3.011  4.3009  4.339    1  0.000  0.538     0.00     0.00     0.00     0.00     0.00 -1    -1e-30      0.00 7.318e-01 2.611e-01 1.255e-03 3.426e-04 3.113e-03 -1.000 7.072e-03 -2.757 -0.846 -0.953 -0.644
0.007 -0.33541 7.05001 5.9042310715 2.6179285189    5.904  3.064  4.3087  4.331    1  0.000  0.538     0.00     0.00     0.00     0.00     0.00 -1    -1e-30      0.00 7.318e-01 2.611e-01 1.255e-03 3.426e-04 3.113e-03 -1.000 7.072e-03 -2.891 -0.935 -1.045 -0.729
0.007 -0.33541 7.05001 6.1027631760 2.6186022411    6.102  3.116  4.3162  4.324    1  0.000  0.538     0.00     0.00     0.00     0.00     0.00 -1    -1e-30      0.00 7.318e-01 2.611e-01 1.255e-03 3.426e-04 3.113e-03 -1.000 7.072e-03 -3.021 -1.022 -1.133 -0.811
0.007 -0.33541 7.05001 6.3012948036 2.6192273742    6.300  3.166  4.3235  4.317    1  0.000  0.538     0.00     0.00     0.00     0.00     0.00 -1    -1e-30      0.00 7.318e-01 2.611e-01 1.255e-03 3.426e-04 3.113e-03 -1.000 7.072e-03 -3.146 -1.106 -1.219 -0.891
0.007 -0.33541 7.05001 6.4998273849 2.6198087972    6.495  3.214  4.3303  4.310    1  0.000  0.538     0.00     0.00     0.00     0.00     0.00 -1    -1e-30      0.00 7.318e-01 2.611e-01 1.255e-03 3.426e-04 3.113e-03 -1.000 7.072e-03 -3.265 -1.186 -1.302 -0.968
0.007 -0.33541 7.05001 6.9663734436 2.6210263545    6.957  3.322  4.3455  4.292    1  0.000  0.538     0.00     0.00     0.00     0.00     0.00 -1    -1e-30      0.00 7.318e-01 2.611e-01 1.255e-03 3.426e-04 3.113e-03 -1.000 7.072e-03 -3.535 -1.371 -1.491 -1.144
0.007 -0.33541 7.05001 7.0954227448 2.6213307981    7.086  3.351  4.3496  4.288    1  0.000  0.538     0.00     0.00     0.00     0.00     0.00 -1    -1e-30      0.00 7.318e-01 2.611e-01 1.255e-03 3.426e-04 3.113e-03 -1.000 7.072e-03 -3.607 -1.421 -1.542 -1.192
0.007 -0.33541 7.05001 7.6390733719 2.6224845061    7.632  3.467  4.3654  4.267    1  0.000  0.538     0.00     0.00     0.00     0.00     0.00 -1    -1e-30      0.00 7.318e-01 2.611e-01 1.255e-03 3.426e-04 3.113e-03 -1.000 7.072e-03 -3.897 -1.624 -1.749 -1.387
0.007 -0.33541 7.05001 8.0880823135 2.6233041143    8.084  3.558  4.3775  4.250    1  0.000  0.538     0.00     0.00     0.00     0.00     0.00 -1    -1e-30      0.00 7.318e-01 2.611e-01 1.255e-03 3.426e-04 3.113e-03 -1.000 7.072e-03 -4.125 -1.786 -1.914 -1.542
0.007 -0.33541 7.05001 8.6374397278 2.6241748243    8.630  3.662  4.3907  4.227    1  0.000  0.538     0.00     0.00     0.00     0.00     0.00 -1    -1e-30      0.00 7.318e-01 2.611e-01 1.255e-03 3.426e-04 3.113e-03 -1.000 7.072e-03 -4.386 -1.976 -2.108 -1.726
0.007 -0.33541 7.05001 9.0807418823 2.6247898292    9.072  3.744  4.4006  4.206    1  0.000  0.538     0.00     0.00     0.00     0.00     0.00 -1    -1e-30      0.00 7.318e-01 2.611e-01 1.255e-03 3.426e-04 3.113e-03 -1.000 7.072e-03 -4.590 -2.141 -2.279 -1.887
0.007 -0.33541 7.05001 9.0961236954 2.6248099346    9.087  3.747  4.4009  4.206    1  0.000  0.538     0.00     0.00     0.00     0.00     0.00 -1    -1e-30      0.00 7.318e-01 2.611e-01 1.255e-03 3.426e-04 3.113e-03 -1.000 7.072e-03 -4.597 -2.146 -2.284 -1.892
0.007 -0.33541 7.05001 9.6023492813 2.6254305057    9.595  3.834  4.4110  4.182    1  0.000  0.538     0.00     0.00     0.00     0.00     0.00 -1    -1e-30      0.00 7.318e-01 2.611e-01 1.255e-03 3.426e-04 3.113e-03 -1.000 7.072e-03 -4.816 -2.305 -2.447 -2.042
0.007 -0.33541 7.05001 10.0667133331 2.6259371011   10.061  3.912  4.4195  4.158    1  0.000  0.538     0.00     0.00     0.00     0.00     0.00 -1    -1e-30      0.00 7.318e-01 2.611e-01 1.255e-03 3.426e-04 3.113e-03 -1.000 7.072e-03 -5.011 -2.452 -2.596 -2.182
0.007 -0.33541 7.05001 10.0734024048 2.6259440070   10.068  3.913  4.4196  4.158    1  0.000  0.538     0.00     0.00     0.00     0.00     0.00 -1    -1e-30      0.00 7.318e-01 2.611e-01 1.255e-03 3.426e-04 3.113e-03 -1.000 7.072e-03 -5.013 -2.454 -2.598 -2.184
0.007 -0.33541 7.05001 10.3652763367 2.6262353903   10.361  3.960  4.4245  4.143    1  0.000  0.538     0.00     0.00     0.00     0.00     0.00 -1    -1e-30      0.00 7.318e-01 2.611e-01 1.255e-03 3.426e-04 3.113e-03 -1.000 7.072e-03 -5.130 -2.544 -2.691 -2.270
0.007 -0.33541 7.05001 10.7389307022 2.6265819613   10.737  4.019  4.4302  4.123    1  0.000  0.538     0.00     0.00     0.00     0.00     0.00 -1    -1e-30      0.00 7.318e-01 2.611e-01 1.255e-03 3.426e-04 3.113e-03 -1.000 7.072e-03 -5.278 -2.673 -2.819 -2.399
0.007 -0.33541 7.05001 11.0660619736 2.6268633884   11.065  4.070  4.4348  4.103    1  0.000  0.538     0.00     0.00     0.00     0.00     0.00 -1    -1e-30      0.00 7.318e-01 2.611e-01 1.255e-03 3.426e-04 3.113e-03 -1.000 7.072e-03 -5.406 -2.786 -2.932 -2.514
0.007 -0.33541 7.05001 11.3806991577 2.6271165881   11.379  4.118  4.4387  4.083    1  0.000  0.538     0.00     0.00     0.00     0.00     0.00 -1 -1.61e-30      0.00 7.318e-01 2.611e-01 1.255e-03 3.426e-04 3.113e-03 -1.000 7.072e-03 -5.525 -2.891 -3.037 -2.620
0.007 -0.33541 7.05001 11.8875188828 2.6274922160   11.884  4.193  4.4441  4.049    1  0.000  0.538     0.00     0.00     0.00     0.00     0.00 -1 -3.39e-30      0.00 7.318e-01 2.611e-01 1.256e-03 3.426e-04 3.113e-03 -1.000 7.072e-03 -5.712 -3.057 -3.202 -2.789
0.007 -0.33541 7.05001 12.0587215424 2.6276109271   12.054  4.218  4.4457  4.036    1  0.000  0.538     0.00     0.00     0.00     0.00     0.00 -1 -4.32e-30      0.00 7.318e-01 2.611e-01 1.256e-03 3.426e-04 3.113e-03 -1.000 7.072e-03 -5.774 -3.113 -3.258 -2.845
0.007 -0.33541 7.05001 12.5057325363 2.6279033374   12.494  4.280  4.4491  4.003    1  0.000  0.540     0.00     0.00     0.00     0.00     0.00 -1  -4.5e-25      0.00 7.318e-01 2.612e-01 1.260e-03 3.427e-04 3.112e-03 -1.000 7.072e-03 -5.930 -3.253 -3.397 -2.987
0.007 -0.33541 7.05001 12.9279108047 2.6281582588   12.908  4.339  4.4513  3.968    1  0.000  0.541     0.00     0.00     0.00     0.00     0.00 -1 -1.73e-20      0.00 7.317e-01 2.612e-01 1.263e-03 3.428e-04 3.112e-03 -1.000 7.072e-03 -6.076 -3.387 -3.532 -3.121
0.007 -0.33541 7.05001 13.3187170029 2.6283777479   13.290  4.392  4.4524  3.931    1  0.000  0.543     0.00     0.00     0.00     0.00     0.00 -1 -2.27e-16      0.00 7.317e-01 2.612e-01 1.266e-03 3.429e-04 3.112e-03 -1.000 7.072e-03 -6.210 -3.516 -3.661 -3.249
0.007 -0.33541 7.05001 13.6984996796 2.6285773058   13.660  4.444  4.4526  3.892    1  0.000  0.544     0.00     0.00     0.00     0.00     0.00 -1 -1.79e-12      0.00 7.317e-01 2.612e-01 1.269e-03 3.430e-04 3.112e-03 -1.000 7.072e-03 -6.340 -3.647 -3.792 -3.380
0.007 -0.33541 7.05001 14.0390768051 2.6287457436   13.992  4.490  4.4515  3.851    1  0.000  0.545     0.00     0.00     0.00     0.00     0.00 -1 -4.55e-09      0.00 7.317e-01 2.612e-01 1.272e-03 3.431e-04 3.112e-03 -1.000 7.072e-03 -6.456 -3.772 -3.917 -3.506
0.007 -0.33541 7.05001 14.0440425873 2.6287481301   13.998  4.491  4.4515  3.851    1  0.000  0.545     0.00     0.00     0.00     0.00     0.00 -1 -5.09e-09      0.00 7.317e-01 2.612e-01 1.272e-03 3.431e-04 3.112e-03 -1.000 7.072e-03 -6.458 -3.774 -3.919 -3.507
0.007 -0.33541 7.05001 14.2318706512 2.6288369940   14.183  4.515  4.4507  3.829    1  0.000  0.545     0.00     0.00     0.00     0.00     0.00 -1 -5.62e-09      0.00 7.317e-01 2.612e-01 1.272e-03 3.431e-04 3.112e-03 -1.000 7.072e-03 -6.518 -3.840 -3.985 -3.574
0.007 -0.33541 7.05001 14.6680078506 2.6290332786   14.610  4.572  4.4473  3.772    1  0.000  0.545     0.00     0.00     0.00     0.00     0.00 -1 -6.92e-09      0.00 7.317e-01 2.612e-01 1.272e-03 3.431e-04 3.112e-03 -1.000 7.072e-03 -6.659 -4.004 -4.149 -3.737
0.007 -0.33541 7.05001 15.0588073730 2.6291980973   14.993  4.622  4.4426  3.715    1  0.000  0.545     0.00     0.00     0.00     0.00     0.00 -1 -8.24e-09      0.00 7.317e-01 2.612e-01 1.272e-03 3.431e-04 3.112e-03 -1.000 7.072e-03 -6.785 -4.161 -4.306 -3.893
0.007 -0.33541 7.05001 15.3878412247 2.6293294269   15.314  4.665  4.4365  3.656    1  0.000  0.545     0.00     0.00     0.00     0.00     0.00 -1 -9.31e-09      0.00 7.317e-01 2.612e-01 1.272e-03 3.431e-04 3.112e-03 -1.000 7.072e-03 -6.892 -4.311 -4.456 -4.042
0.007 -0.33541 7.05001 15.6929922104 2.6294455807   15.611  4.705  4.4290  3.595    1  0.000  0.545     0.00     0.00     0.00     0.00     0.00 -1 -1.02e-08      0.00 7.317e-01 2.612e-01 1.272e-03 3.431e-04 3.112e-03 -1.000 7.072e-03 -6.992 -4.465 -4.610 -4.197
0.007 -0.33541 7.05001 15.9860677719 2.6295523507   15.896  4.743  4.4204  3.530    1  0.000  0.545     0.00     0.00     0.00     0.00     0.00 -1 -1.11e-08      0.00 7.317e-01 2.612e-01 1.272e-03 3.431e-04 3.112e-03 -1.000 7.072e-03 -7.088 -4.618 -4.759 -4.357
0.007 -0.33541 7.05001 16.0293617249 2.6295677429   15.938  4.749  4.4187  3.518    1  0.000  0.545     0.00     0.00     0.00     0.00     0.00 -1 -1.12e-08      0.00 7.317e-01 2.612e-01 1.272e-03 3.431e-04 3.112e-03 -1.000 7.072e-03 -7.103 -4.642 -4.783 -4.383
0.007 -0.33541 7.05001 16.2397975922 2.6296412163   16.139  4.776  4.4109  3.466    1  0.000  0.545     0.00     0.00     0.00     0.00     0.00 -1 -1.15e-08      0.00 7.317e-01 2.612e-01 1.272e-03 3.431e-04 3.112e-03 -1.000 7.072e-03 -7.169 -4.760 -4.896 -4.512
0.007 -0.33541 7.05001 16.4786701202 2.6297220087   16.366  4.807  4.4009  3.401    1  0.000  0.545     0.00     0.00     0.00     0.00     0.00 -1 -1.16e-08      0.00 7.317e-01 2.612e-01 1.272e-03 3.431e-04 3.112e-03 -1.000 7.072e-03 -7.247 -4.904 -5.036 -4.668
0.007 -0.33541 7.05001 16.7295360565 2.6298040075   16.604  4.841  4.3931  3.342    1  0.000  0.545     0.00     0.00     0.00     0.00     0.00 -1 -1.23e-08      0.00 7.317e-01 2.612e-01 1.272e-03 3.431e-04 3.112e-03 -1.000 7.072e-03 -7.332 -5.038 -5.169 -4.806
0.007 -0.33541 7.05001 16.7636547089 2.6298149418   16.637  4.845  4.3923  3.335    1  0.000  0.545     0.00     0.00     0.00     0.00     0.00 -1 -1.25e-08      0.00 7.317e-01 2.612e-01 1.272e-03 3.431e-04 3.112e-03 -1.000 7.072e-03 -7.343 -5.055 -5.185 -4.823
0.007 -0.33541 7.05001 16.8853588104 2.6298535318   16.752  4.867  4.4037  3.362    1  0.000  0.545     0.00     0.00     0.00     0.00     0.00 -1 -1.59e-08      0.00 7.317e-01 2.612e-01 1.272e-03 3.431e-04 3.112e-03 -1.000 7.072e-03 -7.397 -5.050 -5.183 -4.812
0.007 -0.33541 7.05001 16.9081878662 2.6298606993   16.774  4.876  4.4141  3.396    1  0.000  0.545     0.00     0.00     0.00     0.00     0.00 -1 -1.87e-08      0.00 7.317e-01 2.612e-01 1.272e-03 3.431e-04 3.112e-03 -1.000 7.072e-03 -7.419 -5.012 -5.150 -4.763
0.007 -0.33541 7.05001 16.9172859192 2.6298635496   16.782  4.885  4.4245  3.427    1  0.000  0.545     0.00     0.00     0.00     0.00     0.00 -1  -2.2e-08      0.00 7.317e-01 2.612e-01 1.272e-03 3.431e-04 3.112e-03 -1.000 7.072e-03 -7.444 -4.977 -5.119 -4.716
0.007 -0.33541 7.05001 16.9220981598 2.6298650557   16.787  4.900  4.4359  3.459    1  0.000  0.545     0.00     0.00     0.00     0.00     0.00 -1 -2.64e-08      0.00 7.317e-01 2.612e-01 1.272e-03 3.431e-04 3.112e-03 -1.000 7.072e-03 -7.480 -4.930 -5.074 -4.667
0.007 -0.33541 7.05001 16.9245872498 2.6298658344   16.789  4.912  4.4450  3.483    1  0.000  0.545     0.00     0.00     0.00     0.00     0.00 -1 -3.12e-08      0.00 7.317e-01 2.612e-01 1.272e-03 3.431e-04 3.112e-03 -1.000 7.072e-03 -7.511 -4.892 -5.037 -4.627
0.007 -0.33541 7.05001 16.9253673553 2.6298660784   16.790  4.915  4.4472  3.489    1  0.000  0.545     0.00     0.00     0.00     0.00     0.00 -1 -3.24e-08      0.00 7.317e-01 2.612e-01 1.272e-03 3.431e-04 3.112e-03 -1.000 7.072e-03 -7.517 -4.881 -5.026 -4.615
0.007 -0.33541 7.05001 16.9283828735 2.6298670213   16.792  4.900  4.4366  3.462    2  0.000  0.545     0.00     0.00     0.00     0.00     0.00 -1 -2.73e-08      0.00 7.317e-01 2.612e-01 1.272e-03 3.431e-04 3.112e-03 -1.000 7.072e-03 -7.479 -4.924 -5.068 -4.660
0.007 -0.33541 7.05001 16.9297313690 2.6298674428   16.794  4.897  4.4249  3.418    2  0.000  0.545     0.00     0.00     0.00     0.00     0.00 -1 -2.38e-08      0.00 7.317e-01 2.612e-01 1.272e-03 3.431e-04 3.112e-03 -1.000 7.072e-03 -7.472 -5.006 -5.148 -4.745
0.007 -0.33541 7.05001 16.9306888580 2.6298677421   16.795  4.898  4.4147  3.376    2  0.000  0.545     0.00     0.00     0.00     0.00     0.00 -1 -2.13e-08      0.00 7.317e-01 2.612e-01 1.272e-03 3.431e-04 3.112e-03 -1.000 7.072e-03 -7.474 -5.070 -5.207 -4.821
0.007 -0.33541 7.05001 16.9316844940 2.6298680532   16.796  4.901  4.4027  3.325    2  0.000  0.545     0.00     0.00     0.00     0.00     0.00 -1 -1.89e-08      0.00 7.317e-01 2.612e-01 1.272e-03 3.431e-04 3.112e-03 -1.000 7.072e-03 -7.482 -5.149 -5.282 -4.913
0.007 -0.33541 7.05001 16.9325408936 2.6298683208   16.797  4.904  4.3911  3.276    2  0.000  0.545     0.00     0.00     0.00     0.00     0.00 -1 -1.67e-08      0.00 7.317e-01 2.612e-01 1.272e-03 3.431e-04 3.112e-03 -1.000 7.072e-03 -7.490 -5.210 -5.341 -4.976
0.007 -0.33541 7.05001 16.9332637787 2.6298685466   16.797  4.906  4.3806  3.231    2  0.000  0.545     0.00     0.00     0.00     0.00     0.00 -1 -1.48e-08      0.00 7.317e-01 2.612e-01 1.272e-03 3.431e-04 3.112e-03 -1.000 7.072e-03 -7.496 -5.283 -5.412 -5.053
0.007 -0.33541 7.05001 16.9340038300 2.6298687778   16.798  4.909  4.3692  3.183    2  0.000  0.545     0.00     0.00     0.00     0.00     0.00 -1  -1.3e-08      0.00 7.317e-01 2.612e-01 1.272e-03 3.431e-04 3.112e-03 -1.000 7.072e-03 -7.502 -5.363 -5.490 -5.136
0.007 -0.33541 7.05001 16.9345970154 2.6298689631   16.799  4.911  4.3595  3.143    2  0.000  0.545     0.00     0.00     0.00     0.00     0.00 -1 -1.82e-08      0.00 7.317e-01 2.612e-01 1.272e-03 3.431e-04 3.112e-03 -1.000 7.072e-03 -7.507 -5.411 -5.536 -5.187
0.007 -0.33541 7.05001 16.9352016449 2.6298691520   16.799  4.912  4.3491  3.100    2  0.000  0.545     0.00     0.00     0.00     0.00     0.00 -1 -5.53e-08      0.00 7.317e-01 2.612e-01 1.272e-03 3.431e-04 3.112e-03 -1.000 7.072e-03 -7.511 -5.424 -5.547 -5.201
0.007 -0.33541 7.05001 16.9358100891 2.6298693420   16.800  4.914  4.3382  3.054    2  0.000  0.545     0.00     0.00     0.00     0.00     0.00 -1 -2.23e-07      0.00 7.317e-01 2.612e-01 1.272e-03 3.431e-04 3.112e-03 -1.000 7.072e-03 -7.514 -5.543 -5.666 -5.323
0.007 -0.33541 7.05001 16.9364299774 2.6298695356   16.800  4.915  4.3263  3.005    2  0.000  0.545     0.00     0.00     0.00     0.00     0.00 -1 -2.54e-07      0.00 7.317e-01 2.612e-01 1.272e-03 3.431e-04 3.112e-03 -1.000 7.072e-03 -7.518 -5.604 -5.727 -5.383
0.007 -0.33541 7.05001 16.9368915558 2.6298696797   16.800  4.916  4.3170  2.967    2  0.000  0.545     0.00     0.00     0.00     0.00     0.00 -1 -2.49e-07      0.00 7.317e-01 2.612e-01 1.272e-03 3.431e-04 3.112e-03 -1.000 7.072e-03 -7.520 -5.655 -5.775 -5.442
0.007 -0.33541 7.05001 16.9373588562 2.6298698256   16.801  4.917  4.3072  2.927    2  0.000  0.545     0.00     0.00     0.00     0.00     0.00 -1 -2.45e-07      0.00 7.317e-01 2.612e-01 1.272e-03 3.431e-04 3.112e-03 -1.000 7.072e-03 -7.522 -5.711 -5.827 -5.505
0.007 -0.33541 7.05001 16.9378318787 2.6298699733   16.801  4.918  4.2970  2.886    2  0.000  0.545     0.00     0.00     0.00     0.00     0.00 -1  -2.4e-07      0.00 7.317e-01 2.612e-01 1.272e-03 3.431e-04 3.112e-03 -1.000 7.072e-03 -7.524 -5.690 -5.800 -5.491
0.007 -0.33541 7.05001 16.9383087158 2.6298701222   16.802  4.918  4.2861  2.842    2  0.000  0.545     0.00     0.00     0.00     0.00     0.00 -1 -2.33e-07      0.00 7.317e-01 2.612e-01 1.272e-03 3.431e-04 3.112e-03 -1.000 7.072e-03 -7.525 -5.754 -5.861 -5.563
0.007 -0.33541 7.05001 16.9387969971 2.6298702746   16.802  4.919  4.2745  2.794    2  0.000  0.545     0.00     0.00     0.00     0.00     0.00 -1 -2.27e-07      0.00 7.317e-01 2.612e-01 1.272e-03 3.431e-04 3.112e-03 -1.000 7.072e-03 -7.527 -5.823 -5.925 -5.640
0.007 -0.33541 7.05001 16.9392967224 2.6298704306   16.802  4.919  4.2620  2.744    2  0.000  0.545     0.00     0.00     0.00     0.00     0.00 -1 -2.21e-07      0.00 7.317e-01 2.612e-01 1.272e-03 3.431e-04 3.112e-03 -1.000 7.072e-03 -7.527 -5.893 -5.992 -5.718
0.007 -0.33541 7.05001 16.9398193359 2.6298705938   16.802  4.919  4.2482  2.689    2  0.000  0.545     0.00     0.00     0.00     0.00     0.00 -1 -2.14e-07      0.00 7.317e-01 2.612e-01 1.272e-03 3.431e-04 3.112e-03 -1.000 7.072e-03 -7.528 -5.970 -6.065 -5.803
0.007 -0.33541 7.05001 16.9401817322 2.6298707069   16.803  4.919  4.2382  2.649    2  0.000  0.545     0.00     0.00     0.00     0.00     0.00 -1 -2.08e-07      0.00 7.317e-01 2.612e-01 1.272e-03 3.431e-04 3.112e-03 -1.000 7.072e-03 -7.528 -6.026 -6.118 -5.865
0.007 -0.33541 7.05001 16.9405632019 2.6298708259   16.803  4.919  4.2272  2.605    2  0.000  0.545     0.00     0.00     0.00     0.00     0.00 -1 -2.03e-07      0.00 7.317e-01 2.612e-01 1.272e-03 3.431e-04 3.112e-03 -1.000 7.072e-03 -7.527 -6.087 -6.176 -5.933
0.007 -0.33541 7.05001 16.9409694672 2.6298709527   16.803  4.919  4.2150  2.557    2  0.000  0.545     0.00     0.00     0.00     0.00     0.00 -1 -1.97e-07      0.00 7.317e-01 2.612e-01 1.272e-03 3.431e-04 3.112e-03 -1.000 7.072e-03 -7.526 -6.154 -6.239 -6.008
0.007 -0.33541 7.05001 16.9414310455 2.6298710968   16.804  4.918  4.2002  2.498    2  0.000  0.545     0.00     0.00     0.00     0.00     0.00 -1 -1.91e-07      0.00 7.317e-01 2.612e-01 1.272e-03 3.431e-04 3.112e-03 -1.000 7.072e-03 -7.525 -6.236 -6.316 -6.099
0.007 -0.33541 7.05001 16.9416961670 2.6298711795   16.804  4.918  4.1915  2.464    2  0.000  0.545     0.00     0.00     0.00     0.00     0.00 -1 -1.86e-07      0.00 7.317e-01 2.612e-01 1.272e-03 3.431e-04 3.112e-03 -1.000 7.072e-03 -7.524 -6.283 -6.361 -6.152
0.007 -0.33541 7.05001 16.9419937134 2.6298712724   16.804  4.917  4.1812  2.423    2  0.000  0.545     0.00     0.00     0.00     0.00     0.00 -1 -1.81e-07      0.00 7.317e-01 2.612e-01 1.272e-03 3.431e-04 3.112e-03 -1.000 7.072e-03 -7.523 -6.339 -6.414 -6.213
0.007 -0.33541 7.05001 16.9423255920 2.6298713759   16.805  4.916  4.1690  2.375    2  0.000  0.545     0.00     0.00     0.00     0.00     0.00 -1 -1.77e-07      0.00 7.317e-01 2.612e-01 1.272e-03 3.431e-04 3.112e-03 -1.000 7.072e-03 -7.521 -6.405 -6.475 -6.288
0.007 -0.33541 7.05001 16.9426975250 2.6298714920   16.805  4.916  4.1550  2.320    2  0.000  0.545     0.00     0.00     0.00     0.00     0.00 -1 -1.72e-07      0.00 7.317e-01 2.612e-01 1.272e-03 3.431e-04 3.112e-03 -1.000 7.072e-03 -7.519 -6.479 -6.544 -6.373
0.007 -0.33541 7.05001 16.9431133270 2.6298716217   16.805  4.915  4.1385  2.255    2  0.000  0.545     0.00     0.00     0.00     0.00     0.00 -1 -1.65e-07      0.00 7.317e-01 2.612e-01 1.272e-03 3.431e-04 3.112e-03 -1.000 7.072e-03 -7.516 -6.567 -6.626 -6.473
0.007 -0.33541 7.05001 16.9435768127 2.6298717663   16.806  4.913  4.1188  2.178    2  0.000  0.545     0.00     0.00     0.00     0.00     0.00 -1 -1.58e-07      0.00 7.317e-01 2.612e-01 1.272e-03 3.431e-04 3.112e-03 -1.000 7.072e-03 -7.513 -6.677 -6.731 -6.590
0.007 -0.33541 7.05001 16.9440975189 2.6298719287   16.806  4.912  4.0949  2.083    2  0.000  0.545     0.00     0.00     0.00     0.00     0.00 -1 -1.51e-07      0.00 7.317e-01 2.612e-01 1.272e-03 3.431e-04 3.112e-03 -1.000 7.072e-03 -7.509 -6.806 -6.853 -6.732
0.007 -0.33541 7.05001 16.9446773529 2.6298721096   16.806  4.910  4.0662  1.970    2  0.000  0.545     0.00     0.00     0.00     0.00     0.00 -1 -1.49e-07      0.00 7.317e-01 2.612e-01 1.272e-03 3.431e-04 3.112e-03 -1.000 7.072e-03 -7.505 -6.942 -6.973 -6.901
0.007 -0.33541 7.05001 16.9453258514 2.6298723119   16.807  4.907  4.0299  1.828    2  0.000  0.545     0.00     0.00     0.00     0.00     0.00 -1 -2.17e-07      0.00 7.317e-01 2.612e-01 1.272e-03 3.431e-04 3.112e-03 -1.000 7.072e-03 -7.499 -7.122 -7.141 -7.102
0.007 -0.33541 7.05001 16.9460391998 2.6298725344   16.807  4.904  3.9855  1.653    2  0.000  0.545     0.00     0.00     0.00     0.00     0.00 -1 -2.45e-07      0.00 7.317e-01 2.612e-01 1.272e-03 3.431e-04 3.112e-03 -1.000 7.072e-03 -7.491 -7.323 -7.327 -7.329
0.007 -0.33541 7.05001 16.9467487335 2.6298727556   16.807  4.901  3.9354  1.457    2  0.000  0.545     0.00     0.00     0.00     0.00     0.00 -1 -4.58e-07      0.00 7.317e-01 2.612e-01 1.272e-03 3.431e-04 3.112e-03 -1.000 7.072e-03 -7.482 -7.505 -7.483 -7.562
0.007 -0.33541 7.05001 16.9474353790 2.6298729697   16.807  4.895  3.8804  1.243    2  0.000  0.545     0.00     0.00     0.00     0.00     0.00 -1 -9.27e-07      0.00 7.317e-01 2.612e-01 1.272e-03 3.431e-04 3.112e-03 -1.000 7.072e-03 -7.467 -7.627 -7.564 -7.757
0.007 -0.33541 7.05001 16.9480781555 2.6298731702   16.807  4.886  3.8231  1.022    2  0.000  0.545     0.00     0.00     0.00     0.00     0.00 -1 -9.98e-07      0.00 7.317e-01 2.612e-01 1.272e-03 3.431e-04 3.112e-03 -1.000 7.072e-03 -7.445 -7.631 -7.472 -7.915
0.007 -0.33541 7.05001 16.9483737946 2.6298732623   16.807  4.878  3.7950  0.917    2  0.000  0.545     0.00     0.00     0.00     0.00     0.00 -1 -9.04e-07      0.00 7.317e-01 2.612e-01 1.272e-03 3.431e-04 3.112e-03 -1.000 7.072e-03 -7.426 -7.602 -7.378 -7.975
0.007 -0.33541 7.05001 16.9485378265 2.6298733135   16.807  4.873  3.7780  0.855    2  0.000  0.545     0.00     0.00     0.00     0.00     0.00 -1 -8.43e-07      0.00 7.317e-01 2.612e-01 1.272e-03 3.431e-04 3.112e-03 -1.000 7.072e-03 -7.411 -7.577 -7.310 -8.003
0.007 -0.33541 7.05001 16.9487228394 2.6298733712   16.807  4.866  3.7587  0.784    2  0.000  0.545     0.00     0.00     0.00     0.00     0.00 -1 -7.79e-07      0.00 7.317e-01 2.612e-01 1.272e-03 3.431e-04 3.112e-03 -1.000 7.072e-03 -7.395 -7.535 -7.216 -8.022
0.007 -0.33541 7.05001 16.9489288330 2.6298734354   16.807  4.858  3.7374  0.707    2  0.000  0.545     0.00     0.00     0.00     0.00     0.00 -1 -7.04e-07      0.00 7.317e-01 2.612e-01 1.272e-03 3.431e-04 3.112e-03 -1.000 7.072e-03 -7.375 -7.484 -7.107 -8.031
0.007 -0.33541 7.05001 16.9491577148 2.6298735067   16.808  4.845  3.7159  0.634    2  0.000  0.545     0.00     0.00     0.00     0.00     0.00 -1 -5.99e-07      0.00 7.317e-01 2.612e-01 1.272e-03 3.431e-04 3.112e-03 -1.000 7.072e-03 -7.342 -7.406 -6.972 -8.009
0.007 -0.33541 7.05001 16.9494171143 2.6298735876   16.808  4.826  3.6924  0.559    2  0.000  0.545     0.00     0.00     0.00     0.00     0.00 -1 -5.24e-07      0.00 7.317e-01 2.612e-01 1.272e-03 3.431e-04 3.112e-03 -1.000 7.072e-03 -7.295 -7.297 -6.798 -7.956
0.007 -0.33541 7.05001 16.9497051239 2.6298736774   16.808  4.800  3.6656  0.478    2  0.000  0.545     0.00     0.00     0.00     0.00     0.00 -1 -4.46e-07      0.00 7.317e-01 2.612e-01 1.272e-03 3.431e-04 3.112e-03 -1.000 7.072e-03 -7.229 -7.144 -6.558 -7.872
0.007 -0.33541 7.05001 16.9500007629 2.6298737695   16.808  4.765  3.6425  0.421    2  0.000  0.545     0.00     0.00     0.00     0.00     0.00 -1 -3.64e-07      0.00 7.317e-01 2.612e-01 1.272e-03 3.431e-04 3.112e-03 -1.000 7.072e-03 -7.142 -6.950 -6.286 -7.733
0.007 -0.33541 7.05001 16.9506282806 2.6298739651   16.809  4.708  3.6177  0.378    2  0.000  0.545     0.00     0.00     0.00     0.00     0.00 -1 -2.26e-07      0.00 7.317e-01 2.612e-01 1.272e-03 3.431e-04 3.112e-03 -1.000 7.072e-03 -7.000 -6.665 -5.912 -7.509
0.007 -0.33541 7.05001 16.9510936737 2.6298741102   16.809  4.741  3.6067  0.302    3  0.000  0.537   225.34   101.71    67.82    48.93    40.79  4  -2.2e-07      0.00 7.315e-01 2.614e-01 1.252e-03 3.591e-04 3.109e-03 -1.000 7.072e-03 -7.081 -6.674 -5.870 -7.550
0.007 -0.33541 7.05001 16.9515972137 2.6298742671   16.810  4.833  3.5934  0.157    3  0.000  0.480   301.17   132.26    87.16    63.13    52.66  4 -2.56e-07      0.00 7.298e-01 2.632e-01 1.106e-03 5.222e-04 3.081e-03 -1.000 7.072e-03 -7.312 -6.805 -5.926 -7.724
0.007 -0.33541 7.05001 16.9518585205 2.6298743485   16.810  4.882  3.5891  0.090    3  0.000  0.441   333.61   149.09    97.72    70.90    59.16  4 -3.43e-07      0.00 7.112e-01 2.817e-01 9.371e-04 9.420e-04 2.837e-03 -1.000 7.087e-03 -7.434 -6.892 -5.985 -7.827
0.007 -0.33541 7.05001 16.9520339966 2.6298744032   16.810  4.904  3.5869  0.059    3  0.000  0.429   349.94   157.67   103.08    74.85    62.47  0 -4.22e-07      0.00 7.072e-01 2.857e-01 8.946e-04 1.039e-03 2.785e-03 -1.000 7.098e-03 -7.490 -6.928 -6.005 -7.871
0.007 -0.33541 7.05001 16.9523906708 2.6298745143   16.810  4.931  3.5842  0.021    3  0.000  0.415   371.11   168.90   110.08    80.02    66.79  0 -5.18e-07      0.00 7.026e-01 2.903e-01 8.499e-04 1.140e-03 2.731e-03 -1.000 7.103e-03 -7.557 -6.972 -6.029 -7.925
0.007 -0.33541 7.05001 16.9527473450 2.6298746255   16.810  4.950  3.5823 -0.005    3  0.000  0.406   386.59   177.17   115.23    83.82    69.97  0 -5.93e-07      0.00 6.975e-01 2.954e-01 8.146e-04 1.232e-03 2.675e-03 -1.000 7.094e-03 -7.604 -7.002 -6.046 -7.963
0.007 -0.33541 7.05001 16.9534320831 2.6298748388   16.810  4.974  3.5798 -0.039    3  0.000  0.398   407.16   188.26   122.10    88.90    74.22  0 -6.96e-07      0.00 6.875e-01 3.054e-01 7.707e-04 1.367e-03 2.582e-03 -1.000 7.072e-03 -7.664 -7.039 -6.064 -8.010
0.007 -0.33541 7.05001 16.9548568726 2.6298752827   16.811  4.984  3.5789 -0.053    3  0.000  0.395   416.42   193.28   125.21    91.20    76.14  0 -7.63e-07      0.00 6.831e-01 3.098e-01 7.537e-04 1.424e-03 2.541e-03 -1.000 7.072e-03 -7.691 -7.056 -6.071 -8.031
0.007 -0.33541 7.05001 16.9703960419 2.6298801180   16.816  4.967  3.5811 -0.027    4  0.000  0.395     0.00     0.00     0.00     0.00     0.00 -1 -7.05e-07      0.00 6.831e-01 3.099e-01 7.539e-04 1.424e-03 2.541e-03 -1.000 7.072e-03 -7.648 -7.034 -6.068 -8.000
0.007 -0.33541 7.05001 16.9911746979 2.6298865678   16.825  4.944  3.5841  0.009    4  0.000  0.395     0.00     0.00     0.00     0.00     0.00 -1 -6.33e-07      0.00 6.831e-01 3.099e-01 7.542e-04 1.423e-03 2.541e-03 -1.000 7.072e-03 -7.589 -7.003 -6.058 -7.957
0.007 -0.33541 7.05001 17.0179443359 2.6298948505   16.837  4.921  3.5874  0.045    4  0.000  0.395     0.00     0.00     0.00     0.00     0.00 -1 -5.69e-07      0.00 6.831e-01 3.099e-01 7.547e-04 1.422e-03 2.542e-03 -1.000 7.072e-03 -7.533 -6.975 -6.053 -7.917
0.007 -0.33541 7.05001 17.0611820221 2.6299081654   16.860  4.898  3.5920  0.087    4  0.000  0.395     0.00     0.00     0.00     0.00     0.00 -1 -5.06e-07      0.00 6.831e-01 3.098e-01 7.554e-04 1.420e-03 2.543e-03 -1.000 7.072e-03 -7.475 -6.955 -6.063 -7.882
0.007 -0.33541 7.05001 17.0964908600 2.6299189812   16.879  4.889  3.5974  0.118    4  0.000  0.396     0.00     0.00     0.00     0.00     0.00 -1 -4.82e-07      0.00 6.831e-01 3.098e-01 7.560e-04 1.419e-03 2.544e-03 -1.000 7.072e-03 -7.453 -6.975 -6.113 -7.885
0.007 -0.33541 7.05001 17.1180915833 2.6299255727   16.891  4.903  3.6016  0.121    4  0.000  0.396     0.00     0.00     0.00     0.00     0.00 -1 -5.13e-07      0.00 6.831e-01 3.098e-01 7.563e-04 1.418e-03 2.544e-03 -1.000 7.072e-03 -7.487 -7.039 -6.197 -7.937
0.007 -0.33541 7.05001 17.1255168915 2.6299278341   16.895  4.923  3.6049  0.115    5  0.000  0.396     0.00     0.00     0.00     0.00     0.00 -1  -5.6e-07      0.00 6.831e-01 3.098e-01 7.564e-04 1.418e-03 2.545e-03 -1.000 7.072e-03 -7.537 -7.112 -6.284 -8.001
0.007 -0.33541 7.05001 17.1279659271 2.6299285795   16.896  4.949  3.6127  0.119    5  0.000  0.396     0.00     0.00     0.00     0.00     0.00 -1 -6.49e-07      0.00 6.831e-01 3.098e-01 7.565e-04 1.418e-03 2.545e-03 -1.000 7.072e-03 -7.604 -7.231 -6.436 -8.100
0.007 -0.33541 7.05001 17.1291046143 2.6299289259   16.896  4.960  3.6458  0.241    5  0.000  0.396     0.00     0.00     0.00     0.00     0.00 -1 -7.48e-07      0.00 6.831e-01 3.098e-01 7.565e-04 1.418e-03 2.545e-03 -1.000 7.072e-03 -7.630 -7.451 -6.784 -8.237
0.007 -0.33541 7.05001 17.1296215057 2.6299290832   16.896  4.966  3.6617  0.299    5  0.000  0.396     0.00     0.00     0.00     0.00     0.00 -1 -8.02e-07      0.00 6.831e-01 3.098e-01 7.565e-04 1.418e-03 2.545e-03 -1.000 7.072e-03 -7.644 -7.542 -6.929 -8.288
0.007 -0.33541 7.05001 17.1298141479 2.6299291418   16.896  4.968  3.6682  0.323    5  0.000  0.396     0.00     0.00     0.00     0.00     0.00 -1 -8.23e-07      0.00 6.831e-01 3.098e-01 7.565e-04 1.418e-03 2.545e-03 -1.000 7.072e-03 -7.649 -7.574 -6.986 -8.302
0.007 -0.33541 7.05001 17.1300125122 2.6299292022   16.896  4.969  3.6761  0.353    5  0.000  0.396     0.00     0.00     0.00     0.00     0.00 -1 -8.43e-07      0.00 6.831e-01 3.098e-01 7.565e-04 1.418e-03 2.545e-03 -1.000 7.072e-03 -7.654 -7.606 -7.049 -8.312
0.007 -0.33541 7.05001 17.1302127838 2.6299292631   16.896  4.971  3.6859  0.391    5  0.000  0.396     0.00     0.00     0.00     0.00     0.00 -1 -8.62e-07      0.00 6.831e-01 3.098e-01 7.565e-04 1.418e-03 2.545e-03 -1.000 7.072e-03 -7.657 -7.639 -7.117 -8.317
0.007 -0.33541 7.05001 17.1304111481 2.6299293234   16.896  4.971  3.6970  0.435    5  0.000  0.396     0.00     0.00     0.00     0.00     0.00 -1 -8.93e-07      0.00 6.831e-01 3.098e-01 7.565e-04 1.418e-03 2.545e-03 -1.000 7.072e-03 -7.657 -7.674 -7.184 -8.324
0.007 -0.33541 7.05001 17.1306343079 2.6299293913   16.896  4.970  3.7096  0.486    5  0.000  0.396     0.00     0.00     0.00     0.00     0.00 -1  -9.2e-07      0.00 6.831e-01 3.098e-01 7.565e-04 1.418e-03 2.545e-03 -1.000 7.072e-03 -7.656 -7.706 -7.252 -8.325
0.007 -0.33541 7.05001 17.1308822632 2.6299294667   16.896  4.970  3.7219  0.535    5  0.000  0.396     0.00     0.00     0.00     0.00     0.00 -1 -9.44e-07      0.00 6.831e-01 3.098e-01 7.565e-04 1.418e-03 2.545e-03 -1.000 7.072e-03 -7.655 -7.734 -7.315 -8.321
0.007 -0.33541 7.05001 17.1311588287 2.6299295509   16.896  4.970  3.7340  0.584    5  0.000  0.396     0.00     0.00     0.00     0.00     0.00 -1 -9.74e-07      0.00 6.831e-01 3.098e-01 7.565e-04 1.418e-03 2.545e-03 -1.000 7.072e-03 -7.654 -7.758 -7.372 -8.313
0.007 -0.33541 7.05001 17.1314716339 2.6299296460   16.896  4.970  3.7457  0.631    5  0.000  0.396     0.00     0.00     0.00     0.00     0.00 -1    -1e-06      0.00 6.831e-01 3.098e-01 7.565e-04 1.418e-03 2.545e-03 -1.000 7.072e-03 -7.654 -7.777 -7.423 -8.301
0.007 -0.33541 7.05001 17.1318168640 2.6299297510   16.896  4.969  3.7573  0.678    5  0.000  0.396     0.00     0.00     0.00     0.00     0.00 -1 -8.72e-07      0.00 6.831e-01 3.098e-01 7.566e-04 1.418e-03 2.545e-03 -1.000 7.072e-03 -7.653 -7.794 -7.470 -8.285
0.007 -0.33541 7.05001 17.1322040558 2.6299298688   16.896  4.969  3.7691  0.725    5  0.000  0.396     0.00     0.00     0.00     0.00     0.00 -1 -6.32e-07      0.00 6.831e-01 3.098e-01 7.566e-04 1.418e-03 2.545e-03 -1.000 7.072e-03 -7.652 -7.807 -7.516 -8.263
0.007 -0.33541 7.05001 17.1326389313 2.6299300010   16.896  4.968  3.7805  0.771    5  0.000  0.396     0.00     0.00     0.00     0.00     0.00 -1 -6.49e-07      0.00 6.831e-01 3.098e-01 7.566e-04 1.418e-03 2.545e-03 -1.000 7.072e-03 -7.651 -7.820 -7.561 -8.238
0.007 -0.33541 7.05001 17.1331214905 2.6299301478   16.896  4.967  3.7915  0.816    5  0.000  0.396     0.00     0.00     0.00     0.00     0.00 -1 -6.65e-07      0.00 6.831e-01 3.098e-01 7.566e-04 1.417e-03 2.545e-03 -1.000 7.072e-03 -7.648 -7.825 -7.594 -8.208
0.007 -0.33541 7.05001 17.1336631775 2.6299303125   16.896  4.966  3.8020  0.859    5  0.000  0.396     0.00     0.00     0.00     0.00     0.00 -1 -6.83e-07      0.00 6.831e-01 3.098e-01 7.566e-04 1.417e-03 2.545e-03 -1.000 7.072e-03 -7.645 -7.827 -7.621 -8.177
0.007 -0.33541 7.05001 17.1342697144 2.6299304969   16.896  4.965  3.8114  0.899    5  0.000  0.396     0.00     0.00     0.00     0.00     0.00 -1 -6.93e-07      0.00 6.831e-01 3.098e-01 7.566e-04 1.417e-03 2.545e-03 -1.000 7.072e-03 -7.642 -7.827 -7.644 -8.146
0.007 -0.33541 7.05001 17.1349449158 2.6299307022   16.896  4.963  3.8199  0.934    5  0.000  0.396     0.00     0.00     0.00     0.00     0.00 -1 -3.96e-07      0.00 6.831e-01 3.098e-01 7.566e-04 1.417e-03 2.545e-03 -1.000 7.072e-03 -7.638 -7.825 -7.661 -8.117
0.007 -0.33541 7.05001 17.1357002258 2.6299309318   16.897  4.962  3.8273  0.966    5  0.000  0.396     0.00     0.00     0.00     0.00     0.00 -1 -4.03e-07      0.00 6.831e-01 3.098e-01 7.566e-04 1.417e-03 2.545e-03 -1.000 7.072e-03 -7.634 -7.822 -7.674 -8.091
0.007 -0.33541 7.05001 17.1365451813 2.6299311887   16.898  4.960  3.8337  0.993    5  0.000  0.396     0.00     0.00     0.00     0.00     0.00 -1 -4.07e-07      0.00 6.831e-01 3.098e-01 7.566e-04 1.417e-03 2.545e-03 -1.000 7.072e-03 -7.630 -7.818 -7.683 -8.067
0.007 -0.33541 7.05001 17.1374893188 2.6299314756   16.898  4.959  3.8391  1.016    5  0.000  0.396     0.00     0.00     0.00     0.00     0.00 -1  -4.1e-07      0.00 6.831e-01 3.098e-01 7.566e-04 1.417e-03 2.545e-03 -1.000 7.072e-03 -7.626 -7.814 -7.689 -8.048
0.007 -0.33541 7.05001 17.1385421753 2.6299317956   16.899  4.957  3.8431  1.033    5  0.000  0.396     0.00     0.00     0.00     0.00     0.00 -1 -4.11e-07      0.00 6.831e-01 3.098e-01 7.567e-04 1.417e-03 2.545e-03 -1.000 7.072e-03 -7.624 -7.810 -7.692 -8.033
0.007 -0.33541 7.05001 17.1397209167 2.6299321537   16.900  4.957  3.8467  1.048    5  0.000  0.396     0.00     0.00     0.00     0.00     0.00 -1 -4.15e-07      0.00 6.831e-01 3.098e-01 7.567e-04 1.417e-03 2.545e-03 -1.000 7.072e-03 -7.621 -7.807 -7.695 -8.019
0.007 -0.33541 7.05001 17.1425056458 2.6299329996   16.902  4.956  3.8515  1.068    5  0.000  0.396     0.00     0.00     0.00     0.00     0.00 -1  -4.2e-07      0.00 6.831e-01 3.098e-01 7.567e-04 1.417e-03 2.545e-03 -1.000 7.072e-03 -7.619 -7.803 -7.700 -8.002
0.007 -0.33541 7.05001 17.1459770203 2.6299340537   16.904  4.956  3.8545  1.080    5  0.000  0.396     0.00     0.00     0.00     0.00     0.00 -1 -4.24e-07      0.00 6.831e-01 3.098e-01 7.568e-04 1.417e-03 2.545e-03 -1.000 7.072e-03 -7.620 -7.803 -7.705 -7.994
0.007 -0.33541 7.05001 17.1521320343 2.6299359214   16.907  4.960  3.8581  1.091    5  0.000  0.396     0.00     0.00     0.00     0.00     0.00 -1 -4.39e-07      0.00 6.831e-01 3.098e-01 7.569e-04 1.417e-03 2.545e-03 -1.000 7.072e-03 -7.629 -7.811 -7.718 -7.991
0.007 -0.33541 7.05001 17.1608047485 2.6299385504   16.912  4.985  3.8646  1.091    5  0.000  0.396     0.00     0.00     0.00     0.00     0.00 -1 -5.08e-07      0.00 6.831e-01 3.098e-01 7.570e-04 1.416e-03 2.545e-03 -1.000 7.072e-03 -7.693 -7.870 -7.788 -8.035
0.007 -0.33541 7.05001 17.1696128845 2.6299412174   16.915  5.017  3.9970  1.589    5  0.000  0.396     0.00     0.00     0.00     0.00     0.00 -1 -8.32e-07      0.00 6.831e-01 3.098e-01 7.572e-04 1.416e-03 2.546e-03 -1.000 7.072e-03 -7.772 -7.552 -7.560 -7.551
0.007 -0.33541 7.05001 17.1827011108 2.6299451746   16.922  5.013  4.0938  1.981    5  0.000  0.396     0.00     0.00     0.00     0.00     0.00 -1 -4.01e-07      0.00 6.831e-01 3.098e-01 7.574e-04 1.416e-03 2.546e-03 -1.000 7.072e-03 -7.762 -7.066 -7.112 -6.992
0.007 -0.33541 7.05001 17.2076206207 2.6299526897   16.937  5.011  4.1895  2.365    5  0.000  0.396     0.00     0.00     0.00     0.00     0.00 -1 -3.41e-07      0.00 6.831e-01 3.098e-01 7.578e-04 1.415e-03 2.546e-03 -1.000 7.072e-03 -7.759 -6.529 -6.606 -6.398
0.007 -0.33541 7.05001 17.2238101959 2.6299575586   16.947  5.012  4.2267  2.514    5  0.000  0.396     0.00     0.00     0.00     0.00     0.00 -1 -3.18e-07      0.00 6.832e-01 3.098e-01 7.581e-04 1.414e-03 2.547e-03 -1.000 7.072e-03 -7.760 -6.324 -6.412 -6.172
0.007 -0.33541 7.05001 17.2829914093 2.6299752680   16.988  5.017  4.2173  2.473    6  0.000  0.397     0.00     0.00     0.00     0.00     0.00 -1 -3.18e-07      0.00 6.832e-01 3.098e-01 7.591e-04 1.412e-03 2.548e-03 -1.000 7.072e-03 -7.772 -6.389 -6.474 -6.242
0.007 -0.33541 7.05001 17.3879890442 2.6300063466   17.059  5.026  4.2012  2.401    6  0.000  0.397     0.00     0.00     0.00     0.00     0.00 -1 -3.19e-07      0.00 6.832e-01 3.097e-01 7.608e-04 1.407e-03 2.550e-03 -1.000 7.072e-03 -7.795 -6.501 -6.581 -6.363
0.007 -0.33541 7.05001 17.5089321136 2.6300416142   17.138  5.036  4.1819  2.315    6  0.000  0.398     0.00     0.00     0.00     0.00     0.00 -1 -3.21e-07      0.00 6.833e-01 3.097e-01 7.628e-04 1.403e-03 2.553e-03 -1.000 7.072e-03 -7.820 -6.633 -6.708 -6.507
0.007 -0.33541 7.05001 17.5809268951 2.6300623435   17.185  5.042  4.1636  2.238    6  0.000  0.398     0.00     0.00     0.00     0.00     0.00 -1 -3.16e-07      0.00 6.833e-01 3.096e-01 7.639e-04 1.400e-03 2.555e-03 -1.000 7.072e-03 -7.834 -6.746 -6.814 -6.634
0.007 -0.33541 7.05001 17.6295280457 2.6300762271   17.218  5.044  4.1456  2.164    6  0.000  0.398     0.00     0.00     0.00     0.00     0.00 -1 -3.07e-07      0.00 6.833e-01 3.096e-01 7.647e-04 1.398e-03 2.556e-03 -1.000 7.072e-03 -7.841 -6.850 -6.910 -6.755
0.007 -0.33541 7.05001 17.6680603027 2.6300871719   17.245  5.047  4.1282  2.093    6  0.000  0.398     0.00     0.00     0.00     0.00     0.00 -1 -2.97e-07      0.00 6.833e-01 3.096e-01 7.653e-04 1.397e-03 2.557e-03 -1.000 7.072e-03 -7.848 -6.956 -7.011 -6.868
0.007 -0.33541 7.05001 17.7002696991 2.6300962788   17.265  5.049  4.1101  2.019    6  0.000  0.399     0.00     0.00     0.00     0.00     0.00 -1 -3.41e-07      0.00 6.833e-01 3.096e-01 7.659e-04 1.395e-03 2.557e-03 -1.000 7.072e-03 -7.852 -7.066 -7.118 -6.983
0.007 -0.33541 7.05001 17.7281742096 2.6301041377   17.264  5.050  4.0878  1.929    6  0.000  0.399     0.00     0.00     0.00     0.00     0.00 -1 -7.71e-07      0.00 6.833e-01 3.096e-01 7.663e-04 1.394e-03 2.558e-03 -1.000 7.072e-03 -7.854 -7.189 -7.234 -7.119
0.007 -0.33541 7.05001 17.7512016296 2.6301106017   17.263  5.050  4.0627  1.828    6  0.000  0.399     0.00     0.00     0.00     0.00     0.00 -1 -7.38e-07      0.00 6.833e-01 3.096e-01 7.667e-04 1.393e-03 2.559e-03 -1.000 7.072e-03 -7.855 -7.310 -7.341 -7.271
0.007 -0.33541 7.05001 17.7698554993 2.6301158239   17.263  5.050  4.0360  1.721    6  0.000  0.399     0.00     0.00     0.00     0.00     0.00 -1 -7.02e-07      0.00 6.834e-01 3.096e-01 7.670e-04 1.393e-03 2.559e-03 -1.000 7.072e-03 -7.854 -7.447 -7.468 -7.423
0.007 -0.33541 7.05001 17.7860374451 2.6301203438   17.265  5.048  4.0043  1.596    6  0.000  0.399     0.00     0.00     0.00     0.00     0.00 -1 -6.47e-07      0.00 6.834e-01 3.096e-01 7.672e-04 1.392e-03 2.559e-03 -1.000 7.072e-03 -7.851 -7.597 -7.608 -7.592
0.007 -0.33541 7.05001 17.7975597382 2.6301235565   17.268  5.046  3.9673  1.450    6  0.000  0.399     0.00     0.00     0.00     0.00     0.00 -1 -6.02e-07      0.00 6.834e-01 3.096e-01 7.674e-04 1.392e-03 2.560e-03 -1.000 7.072e-03 -7.845 -7.754 -7.750 -7.773
0.007 -0.33541 7.05001 17.8106288910 2.6301271946   17.273  5.002  3.8884  1.179    6  0.000  0.399     0.00     0.00     0.00     0.00     0.00 -1 -3.96e-07      0.00 6.834e-01 3.096e-01 7.676e-04 1.391e-03 2.560e-03 -1.000 7.072e-03 -7.734 -7.883 -7.829 -7.998
0.007 -0.33541 7.05001 17.8216876984 2.6301302684   17.278  5.030  3.8702  1.078    6  0.000  0.399     0.00     0.00     0.00     0.00     0.00 -1 -4.24e-07      0.00 6.834e-01 3.096e-01 7.678e-04 1.391e-03 2.560e-03 -1.000 7.072e-03 -7.806 -7.979 -7.905 -8.130
0.007 -0.33541 7.05001 17.8321208954 2.6301331642   17.274  5.032  3.8601  1.036    6  0.000  0.399     0.00     0.00     0.00     0.00     0.00 -1 -1.48e-06      0.00 6.834e-01 3.096e-01 7.679e-04 1.390e-03 2.560e-03 -1.000 7.072e-03 -7.810 -7.991 -7.903 -8.165
0.007 -0.33541 7.05001 17.8386383057 2.6301349712   17.268  5.033  3.8524  1.004    6  0.000  0.399     0.00     0.00     0.00     0.00     0.00 -1 -1.48e-06      0.00 6.834e-01 3.096e-01 7.680e-04 1.390e-03 2.561e-03 -1.000 7.072e-03 -7.812 -7.996 -7.896 -8.191
0.007 -0.33541 7.05001 17.8447895050 2.6301366752   17.263  5.033  3.8442  0.971    6  0.000  0.399     0.00     0.00     0.00     0.00     0.00 -1 -1.46e-06      0.00 6.834e-01 3.095e-01 7.681e-04 1.390e-03 2.561e-03 -1.000 7.072e-03 -7.813 -8.001 -7.886 -8.219
0.007 -0.33541 7.05001 17.8505878448 2.6301382803   17.259  5.034  3.8356  0.935    6  0.000  0.399     0.00     0.00     0.00     0.00     0.00 -1 -1.46e-06      0.00 6.834e-01 3.095e-01 7.682e-04 1.390e-03 2.561e-03 -1.000 7.072e-03 -7.815 -8.004 -7.873 -8.247
0.007 -0.33541 7.05001 17.8560504913 2.6301397914   17.255  5.035  3.8265  0.898    6  0.000  0.399     0.00     0.00     0.00     0.00     0.00 -1 -1.44e-06      0.00 6.834e-01 3.095e-01 7.683e-04 1.389e-03 2.561e-03 -1.000 7.072e-03 -7.816 -8.005 -7.856 -8.276
0.007 -0.33541 7.05001 17.8611927032 2.6301412128   17.251  5.035  3.8168  0.859    6  0.000  0.399     0.00     0.00     0.00     0.00     0.00 -1 -1.42e-06      0.00 6.834e-01 3.095e-01 7.684e-04 1.389e-03 2.561e-03 -1.000 7.072e-03 -7.817 -8.005 -7.835 -8.305
0.007 -0.33541 7.05001 17.8660240173 2.6301425474   17.248  5.035  3.8064  0.817    6  0.000  0.399     0.00     0.00     0.00     0.00     0.00 -1  -1.4e-06      0.00 6.834e-01 3.095e-01 7.684e-04 1.389e-03 2.561e-03 -1.000 7.072e-03 -7.818 -8.002 -7.808 -8.336
0.007 -0.33541 7.05001 17.8705577850 2.6301437991   17.246  5.035  3.7954  0.773    6  0.000  0.399     0.00     0.00     0.00     0.00     0.00 -1 -1.37e-06      0.00 6.834e-01 3.095e-01 7.685e-04 1.389e-03 2.561e-03 -1.000 7.072e-03 -7.818 -7.998 -7.777 -8.367
0.007 -0.33541 7.05001 17.8727169037 2.6301443950   17.244  5.035  3.7897  0.750    6  0.000  0.399     0.00     0.00     0.00     0.00     0.00 -1 -1.36e-06      0.00 6.834e-01 3.095e-01 7.685e-04 1.389e-03 2.561e-03 -1.000 7.072e-03 -7.818 -7.995 -7.760 -8.383
0.007 -0.33541 7.05001 17.8748073578 2.6301449717   17.243  5.035  3.7837  0.726    6  0.000  0.399     0.00     0.00     0.00     0.00     0.00 -1 -1.35e-06      0.00 6.834e-01 3.095e-01 7.686e-04 1.389e-03 2.561e-03 -1.000 7.072e-03 -7.818 -7.991 -7.740 -8.397
0.007 -0.33541 7.05001 17.8768291473 2.6301455293   17.243  5.035  3.7775  0.702    6  0.000  0.399     0.00     0.00     0.00     0.00     0.00 -1 -1.32e-06      0.00 6.834e-01 3.095e-01 7.686e-04 1.389e-03 2.561e-03 -1.000 7.072e-03 -7.818 -7.985 -7.718 -8.411
0.007 -0.33541 7.05001 17.8787860870 2.6301460690   17.242  5.035  3.7710  0.676    6  0.000  0.399     0.00     0.00     0.00     0.00     0.00 -1 -1.31e-06      0.00 6.834e-01 3.095e-01 7.686e-04 1.389e-03 2.561e-03 -1.000 7.072e-03 -7.817 -7.976 -7.690 -8.425
0.007 -0.33541 7.05001 17.8806800842 2.6301465911   17.241  5.035  3.7641  0.648    6  0.000  0.399     0.00     0.00     0.00     0.00     0.00 -1 -1.28e-06      0.00 6.834e-01 3.095e-01 7.687e-04 1.388e-03 2.561e-03 -1.000 7.072e-03 -7.816 -7.967 -7.662 -8.437
0.007 -0.33541 7.05001 17.8825111389 2.6301470958   17.240  5.034  3.7566  0.619    6  0.000  0.399     0.00     0.00     0.00     0.00     0.00 -1 -1.27e-06      0.00 6.834e-01 3.095e-01 7.687e-04 1.388e-03 2.561e-03 -1.000 7.072e-03 -7.815 -7.956 -7.631 -8.449
0.007 -0.33541 7.05001 17.8842811584 2.6301475835   17.240  5.034  3.7485  0.587    6  0.000  0.399     0.00     0.00     0.00     0.00     0.00 -1 -1.25e-06      0.00 6.834e-01 3.095e-01 7.687e-04 1.388e-03 2.562e-03 -1.000 7.072e-03 -7.814 -7.943 -7.596 -8.459
0.007 -0.33541 7.05001 17.8859901428 2.6301480543   17.239  5.033  3.7397  0.552    6  0.000  0.399     0.00     0.00     0.00     0.00     0.00 -1 -1.22e-06      0.00 6.834e-01 3.095e-01 7.688e-04 1.388e-03 2.562e-03 -1.000 7.072e-03 -7.813 -7.927 -7.557 -8.468
0.007 -0.33541 7.05001 17.8876419067 2.6301485092   17.239  5.032  3.7299  0.514    6  0.000  0.399     0.00     0.00     0.00     0.00     0.00 -1  -1.2e-06      0.00 6.834e-01 3.095e-01 7.688e-04 1.388e-03 2.562e-03 -1.000 7.072e-03 -7.810 -7.906 -7.510 -8.473
0.007 -0.33541 7.05001 17.8892364502 2.6301489483   17.239  5.031  3.7188  0.471    6  0.000  0.399     0.00     0.00     0.00     0.00     0.00 -1 -1.16e-06      0.00 6.834e-01 3.095e-01 7.688e-04 1.388e-03 2.562e-03 -1.000 7.072e-03 -7.807 -7.880 -7.452 -8.476
0.007 -0.33541 7.05001 17.8907775879 2.6301493726   17.239  5.029  3.7061  0.422    6  0.000  0.399     0.00     0.00     0.00     0.00     0.00 -1 -1.13e-06      0.00 6.834e-01 3.095e-01 7.688e-04 1.388e-03 2.562e-03 -1.000 7.072e-03 -7.803 -7.845 -7.380 -8.474
0.007 -0.33541 7.05001 17.8915233612 2.6301495779   17.239  5.028  3.6994  0.396    6  0.000  0.399     0.00     0.00     0.00     0.00     0.00 -1 -1.08e-06      0.00 6.834e-01 3.095e-01 7.688e-04 1.388e-03 2.562e-03 -1.000 7.072e-03 -7.800 -7.824 -7.340 -8.470
0.007 -0.33541 7.05001 17.8923549652 2.6301498068   17.238  5.027  3.6909  0.364    6  0.000  0.399     0.00     0.00     0.00     0.00     0.00 -1 -1.07e-06      0.00 6.834e-01 3.095e-01 7.689e-04 1.388e-03 2.562e-03 -1.000 7.072e-03 -7.796 -7.795 -7.286 -8.462
0.007 -0.33541 7.05001 17.8930816650 2.6301500068   17.238  5.025  3.6831  0.334    6  0.000  0.399     0.00     0.00     0.00     0.00     0.00 -1 -1.01e-06      0.00 6.834e-01 3.095e-01 7.689e-04 1.388e-03 2.562e-03 -1.000 7.072e-03 -7.792 -7.767 -7.233 -8.454
0.007 -0.33541 7.05001 17.8936958313 2.6301501758   17.238  5.023  3.6757  0.306    6  0.000  0.399     0.00     0.00     0.00     0.00     0.00 -1 -9.85e-07      0.00 6.834e-01 3.095e-01 7.689e-04 1.388e-03 2.562e-03 -1.000 7.072e-03 -7.787 -7.738 -7.176 -8.446
0.007 -0.33541 7.05001 17.8944683075 2.6301503883   17.238  5.019  3.6650  0.267    6  0.000  0.399     0.00     0.00     0.00     0.00     0.00 -1 -9.53e-07      0.00 6.834e-01 3.095e-01 7.689e-04 1.388e-03 2.562e-03 -1.000 7.072e-03 -7.778 -7.690 -7.086 -8.429
0.007 -0.33541 7.05001 17.8949222565 2.6301505133   17.238  5.017  3.6582  0.243    6  0.000  0.399     0.00     0.00     0.00     0.00     0.00 -1 -9.32e-07      0.00 6.834e-01 3.095e-01 7.689e-04 1.388e-03 2.562e-03 -1.000 7.072e-03 -7.772 -7.654 -7.025 -8.412
0.007 -0.33541 7.05001 17.8954296112 2.6301506528   17.238  5.013  3.6505  0.216    6  0.000  0.399     0.00     0.00     0.00     0.00     0.00 -1 -9.11e-07      0.00 6.834e-01 3.095e-01 7.689e-04 1.388e-03 2.562e-03 -1.000 7.072e-03 -7.762 -7.607 -6.952 -8.383
0.007 -0.33541 7.05001 17.8960304260 2.6301508181   17.238  5.007  3.6426  0.190    6  0.000  0.399     0.00     0.00     0.00     0.00     0.00 -1 -8.52e-07      0.00 6.834e-01 3.095e-01 7.689e-04 1.388e-03 2.562e-03 -1.000 7.072e-03 -7.748 -7.552 -6.870 -8.347
0.007 -0.33541 7.05001 17.8967819214 2.6301510249   17.238  4.996  3.6345  0.168    6  0.000  0.399     0.00     0.00     0.00     0.00     0.00 -1 -8.05e-07      0.00 6.834e-01 3.095e-01 7.689e-04 1.388e-03 2.562e-03 -1.000 7.072e-03 -7.720 -7.479 -6.769 -8.294
0.007 -0.33541 7.05001 17.8975296021 2.6301512305   17.239  4.985  3.6292  0.158    6  0.000  0.399     0.00     0.00     0.00     0.00     0.00 -1 -7.35e-07      0.00 6.834e-01 3.095e-01 7.689e-04 1.388e-03 2.562e-03 -1.000 7.072e-03 -7.692 -7.422 -6.693 -8.249
0.007 -0.33541 7.05001 17.8985748291 2.6301515180   17.239  4.968  3.6250  0.158    6  0.000  0.399     0.00     0.00     0.00     0.00     0.00 -1 -6.79e-07      0.00 6.834e-01 3.095e-01 7.689e-04 1.388e-03 2.562e-03 -1.000 7.072e-03 -7.651 -7.355 -6.611 -8.192
0.007 -0.33541 7.05001 17.8999958038 2.6301519087   17.240  4.958  3.6185  0.142    6  0.000  0.399     0.00     0.00     0.00     0.00     0.00 -1 -6.06e-07      0.00 6.834e-01 3.095e-01 7.690e-04 1.388e-03 2.562e-03 -1.000 7.072e-03 -7.625 -7.289 -6.519 -8.143
0.007 -0.33541 7.05001 17.9010143280 2.6301521888   17.240  4.987  3.6131  0.092    6  0.000  0.399     0.00     0.00     0.00     0.00     0.00 -1 -6.51e-07      0.00 6.834e-01 3.095e-01 7.687e-04 1.388e-03 2.562e-03 -1.000 7.072e-03 -7.697 -7.326 -6.530 -8.195
0.007 -0.33541 7.05001 17.9021091461 2.6301524897   17.240  5.007  3.6101  0.060    6  0.000  0.393     0.00     0.00     0.00     0.00     0.00 -1 -7.48e-07      0.00 6.834e-01 3.095e-01 7.551e-04 1.397e-03 2.562e-03 -1.000 7.072e-03 -7.748 -7.358 -6.547 -8.236
0.007 -0.33541 7.05001 17.9219322205 2.6301579319   17.243  5.034  3.5991 -0.011    6  0.000  0.389     0.00     0.00     0.00     0.00     0.00 -1  -9.6e-07      0.00 6.833e-01 3.096e-01 7.469e-04 1.403e-03 2.562e-03 -1.000 7.072e-03 -7.815 -7.346 -6.481 -8.256
0.007 -0.33541 7.05001 17.9341487885 2.6301612788   17.243  5.061  3.5885 -0.080    6  0.000  0.387     0.00     0.00     0.00     0.00     0.00 -1 -1.11e-06      0.00 6.833e-01 3.097e-01 7.422e-04 1.407e-03 2.561e-03 -1.000 7.072e-03 -7.882 -7.330 -6.407 -8.272
0.007 -0.33541 7.05001 17.9345436096 2.6301613869   17.243  5.064  3.5875 -0.088    7  0.000  0.387   442.24   207.10   133.83    97.48    81.42  0 -1.13e-06      0.00 6.831e-01 3.099e-01 7.412e-04 1.410e-03 2.559e-03 -1.000 7.072e-03 -7.891 -7.326 -6.395 -8.273
0.007 -0.33541 7.05001 17.9348888397 2.6301614814   17.244  5.068  3.5864 -0.096    7  0.000  0.386   447.85   210.18   135.73    98.88    82.59  0 -1.15e-06      0.00 6.829e-01 3.101e-01 7.398e-04 1.413e-03 2.557e-03 -1.000 7.072e-03 -7.901 -7.327 -6.389 -8.278
0.007 -0.33541 7.05001 17.9352016449 2.6301615670   17.243  5.072  3.5855 -0.104    7  0.000  0.386   453.12   213.07   137.51   100.21    83.70  0 -1.17e-06      0.00 6.827e-01 3.102e-01 7.385e-04 1.416e-03 2.556e-03 -1.000 7.072e-03 -7.910 -7.327 -6.382 -8.282
0.007 -0.33541 7.05001 17.9355449677 2.6301616610   17.244  5.076  3.5843 -0.112    7  0.000  0.386   459.15   216.39   139.56   101.72    84.97  0 -1.19e-06      0.00 6.825e-01 3.104e-01 7.371e-04 1.419e-03 2.554e-03 -1.000 7.072e-03 -7.920 -7.327 -6.373 -8.286
0.007 -0.33541 7.05001 17.9357795715 2.6301617252   17.243  5.079  3.5835 -0.118    7  0.000  0.385   463.46   218.77   141.02   102.80    85.88  0  -1.2e-06      0.00 6.824e-01 3.106e-01 7.362e-04 1.421e-03 2.553e-03 -1.000 7.072e-03 -7.927 -7.326 -6.365 -8.288
0.007 -0.33541 7.05001 17.9360198975 2.6301617910   17.243  5.081  3.5825 -0.125    7  0.000  0.385   468.06   221.32   142.59   103.96    86.85  0 -1.21e-06      0.00 6.822e-01 3.107e-01 7.352e-04 1.423e-03 2.552e-03 -1.000 7.072e-03 -7.933 -7.324 -6.356 -8.290
0.007 -0.33541 7.05001 17.9362697601 2.6301618594   17.243  5.084  3.5815 -0.131    7  0.000  0.385   473.07   224.10   144.30   105.23    87.91  0 -1.23e-06      0.00 6.821e-01 3.108e-01 7.342e-04 1.426e-03 2.550e-03 -1.000 7.072e-03 -7.940 -7.321 -6.345 -8.291
0.007 -0.33541 7.05001 17.9365291595 2.6301619304   17.243  5.087  3.5803 -0.139    7  0.000  0.384   478.59   227.16   146.18   106.62    89.07  0 -1.24e-06      0.00 6.819e-01 3.110e-01 7.331e-04 1.428e-03 2.549e-03 -1.000 7.072e-03 -7.947 -7.317 -6.331 -8.292
0.007 -0.33541 7.05001 17.9366645813 2.6301619674   17.243  5.088  3.5796 -0.143    7  0.000  0.384   481.59   228.82   147.20   107.38    89.71  0 -1.24e-06      0.00 6.819e-01 3.111e-01 7.326e-04 1.429e-03 2.548e-03 -1.000 7.072e-03 -7.950 -7.314 -6.322 -8.292
0.007 -0.33541 7.05001 17.9368019104 2.6301620050   17.243  5.089  3.5789 -0.147    7  0.000  0.384   484.76   230.59   148.29   108.18    90.38  0 -1.25e-06      0.00 6.818e-01 3.111e-01 7.320e-04 1.430e-03 2.548e-03 -1.000 7.072e-03 -7.954 -7.310 -6.312 -8.290
0.007 -0.33541 7.05001 17.9369449615 2.6301620442   17.243  5.091  3.5781 -0.152    7  0.000  0.384   488.13   232.47   149.44   109.04    91.10  0 -1.26e-06      0.00 6.817e-01 3.112e-01 7.315e-04 1.432e-03 2.547e-03 -1.000 7.072e-03 -7.957 -7.305 -6.300 -8.289
0.007 -0.33541 7.05001 17.9370899200 2.6301620838   17.243  5.092  3.5773 -0.156    7  0.000  0.384   491.54   234.37   150.61   109.90    91.82  0 -1.26e-06      0.00 6.816e-01 3.113e-01 7.309e-04 1.433e-03 2.546e-03 -1.000 7.072e-03 -7.960 -7.300 -6.288 -8.287
0.007 -0.33541 7.05001 17.9372386932 2.6301621245   17.243  5.092  3.5765 -0.159    7  0.000  0.384   493.80   235.63   151.38   110.47    92.30  0 -1.26e-06      0.00 6.815e-01 3.114e-01 7.304e-04 1.434e-03 2.545e-03 -1.000 7.072e-03 -7.960 -7.293 -6.275 -8.283
0.007 -0.33541 7.05001 17.9373912811 2.6301621663   17.243  5.092  3.5759 -0.162    7  0.000  0.383   495.58   236.62   151.99   110.93    92.68  0 -1.26e-06      0.00 6.814e-01 3.115e-01 7.300e-04 1.436e-03 2.544e-03 -1.000 7.073e-03 -7.959 -7.285 -6.262 -8.278
0.007 -0.33541 7.05001 17.9375476837 2.6301622091   17.243  5.091  3.5753 -0.164    7  0.000  0.383   497.24   237.55   152.56   111.35    93.03  0 -1.25e-06      0.00 6.814e-01 3.116e-01 7.295e-04 1.437e-03 2.544e-03 -1.000 7.074e-03 -7.958 -7.279 -6.250 -8.273
0.007 -0.33541 7.05001 17.9377136230 2.6301622545   17.243  5.091  3.5746 -0.166    7  0.000  0.383   499.13   238.60   153.20   111.83    93.43  0 -1.25e-06      0.00 6.813e-01 3.117e-01 7.291e-04 1.438e-03 2.543e-03 -1.000 7.075e-03 -7.958 -7.272 -6.238 -8.269
0.007 -0.33541 7.05001 17.9378814697 2.6301623004   17.243  5.091  3.5739 -0.169    7  0.000  0.383   500.99   239.65   153.84   112.30    93.83  0 -1.25e-06      0.00 6.812e-01 3.118e-01 7.286e-04 1.440e-03 2.542e-03 -1.000 7.076e-03 -7.957 -7.265 -6.225 -8.264
0.007 -0.33541 7.05001 17.9380569458 2.6301623485   17.243  5.092  3.5733 -0.172    7  0.000  0.383   503.59   241.10   154.73   112.96    94.38  0 -1.25e-06      0.00 6.811e-01 3.119e-01 7.281e-04 1.441e-03 2.541e-03 -1.000 7.077e-03 -7.959 -7.260 -6.215 -8.262
0.007 -0.33541 7.05001 17.9382190704 2.6301623928   17.243  5.094  3.5728 -0.176    7  0.000  0.383   506.85   242.93   155.86   113.79    95.08  0 -1.25e-06      0.00 6.810e-01 3.120e-01 7.276e-04 1.443e-03 2.540e-03 -1.000 7.078e-03 -7.965 -7.260 -6.210 -8.264
0.007 -0.33541 7.05001 17.9383831024 2.6301624377   17.243  5.096  3.5723 -0.180    7  0.000  0.383   510.15   244.78   156.99   114.63    95.78  0 -1.27e-06      0.00 6.809e-01 3.120e-01 7.267e-04 1.444e-03 2.539e-03 -1.000 7.079e-03 -7.971 -7.262 -6.208 -8.268
0.007 -0.33541 7.05001 17.9385662079 2.6301624878   17.243  5.098  3.5719 -0.184    7  0.000  0.382   513.13   246.45   158.01   115.39    96.42  0 -1.28e-06      0.00 6.808e-01 3.122e-01 7.259e-04 1.446e-03 2.538e-03 -1.000 7.080e-03 -7.976 -7.263 -6.206 -8.271
0.007 -0.33541 7.05001 17.9387493134 2.6301625379   17.243  5.102  3.5715 -0.190    7  0.000  0.382   517.44   248.88   159.50   116.50    97.34  0 -1.29e-06      0.00 6.807e-01 3.123e-01 7.253e-04 1.448e-03 2.537e-03 -1.000 7.081e-03 -7.985 -7.268 -6.206 -8.278
0.007 -0.33541 7.05001 17.9388580322 2.6301625676   17.243  5.104  3.5713 -0.193    7  0.000  0.382   519.94   250.29   160.36   117.13    97.88  0 -1.31e-06      0.00 6.806e-01 3.123e-01 7.247e-04 1.449e-03 2.536e-03 -1.000 7.082e-03 -7.991 -7.271 -6.207 -8.282
0.007 -0.33541 7.05001 17.9389343262 2.6301625885   17.243  5.106  3.5712 -0.194    7  0.000  0.382   521.37   251.09   160.85   117.50    98.19  0 -1.32e-06      0.00 6.805e-01 3.124e-01 7.243e-04 1.450e-03 2.536e-03 -1.000 7.083e-03 -7.994 -7.273 -6.208 -8.284
0.007 -0.33541 7.05001 17.9390983582 2.6301626334   17.243  5.107  3.5710 -0.197    7  0.000  0.382   523.45   252.26   161.57   118.03    98.63  0 -1.34e-06      0.00 6.805e-01 3.125e-01 7.237e-04 1.451e-03 2.535e-03 -1.000 7.084e-03 -7.999 -7.275 -6.208 -8.287
0.007 -0.33541 7.05001 17.9397106171 2.6301628009   17.243  5.112  3.5705 -0.203    7  0.000  0.381   528.13   254.91   163.19   119.23    99.63  0 -1.37e-06      0.00 6.801e-01 3.128e-01 7.217e-04 1.457e-03 2.531e-03 -1.000 7.087e-03 -8.009 -7.280 -6.209 -8.295
0.007 -0.33541 7.05001 17.9430656433 2.6301637185   17.242  5.129  3.5686 -0.228    7  0.000  0.379   549.51   267.02   170.59   124.72   104.24  0 -1.49e-06      0.00 6.781e-01 3.148e-01 7.116e-04 1.486e-03 2.512e-03 -1.000 7.107e-03 -8.053 -7.301 -6.208 -8.326
0.007 -0.33541 7.05001 17.9449405670 2.6301642311   17.241  5.140  3.5675 -0.243    7  0.000  0.377   562.31   274.32   175.03   128.02   107.00  0 -1.57e-06      0.00 6.770e-01 3.159e-01 7.060e-04 1.503e-03 2.501e-03 -1.000 7.119e-03 -8.079 -7.313 -6.205 -8.344
0.007 -0.33541 7.05001 17.9473571777 2.6301648917   17.240  5.166  3.5647 -0.281    7  0.000  0.376   595.77   293.52   186.71   136.70   114.28  0 -1.78e-06      0.00 6.755e-01 3.174e-01 6.989e-04 1.527e-03 2.484e-03 -1.000 7.139e-03 -8.145 -7.344 -6.201 -8.389
0.007 -0.33541 7.05001 17.9504241943 2.6301657297   17.238  5.205  3.5607 -0.335    7  0.000  0.376   648.05   323.88   205.12   150.40   125.75  0 -2.15e-06      0.01 6.737e-01 3.192e-01 6.923e-04 1.552e-03 2.464e-03 -1.000 7.108e-03 -8.242 -7.388 -6.193 -8.455
0.007 -0.33541 7.05001 17.9537754059 2.6301666450   17.237  5.236  3.5575 -0.380    7  0.000  0.376   694.48   351.20   221.61   162.68   136.05  0 -2.54e-06      0.01 6.717e-01 3.212e-01 6.868e-04 1.576e-03 2.445e-03 -1.000 7.072e-03 -8.321 -7.419 -6.170 -8.505
