Zini MH logAge Mini int_IMF Mass logL logTe logg label McoreTP C_O period0 period1 period2 period3 period4 pmode Mloss tau1m X Y Xc Xn Xo Cexcess Z mbolmag Gmag G_BPmag G_RPmag
0.004 -0.58336 8.48500 0.0900000036 1.0816895926    0.090 -3.047  3.4381  5.144    0  0.000  0.545     0.00     0.00     0.00     0.00     0.00 -1 -1.02e-16      0.00 7.399e-01 2.561e-01 7.193e-04 1.940e-04 1.760e-03 -1.000 4.000e-03 12.387 13.869 16.409 12.465
0.004 -0.58336 8.48500 0.0943584666 1.1221743051    0.094 -3.004  3.4445  5.146    0  0.000  0.545     0.00     0.00     0.00     0.00     0.00 -1  -1.1e-16      0.00 7.399e-01 2.561e-01 7.193e-04 1.940e-04 1.760e-03 -1.000 4.000e-03 12.279 13.701 16.127 12.314
0.004 -0.58336 8.48500 0.1000000015 1.1711064122    0.100 -2.948  3.4530  5.149    0  0.000  0.545     0.00     0.00     0.00     0.00     0.00 -1  -1.2e-16      0.00 7.399e-01 2.561e-01 7.193e-04 1.940e-04 1.760e-03 -1.000 4.000e-03 12.139 13.480 15.754 12.119
0.004 -0.58336 8.48500 0.1049764752 1.2113811588    0.105 -2.903  3.4589  5.150    0  0.000  0.545     0.00     0.00     0.00     0.00     0.00 -1  -1.3e-16      0.00 7.399e-01 2.561e-01 7.193e-04 1.940e-04 1.760e-03 -1.000 4.000e-03 12.029 13.313 15.475 11.971
0.004 -0.58336 8.48500 0.1099170372 1.2489821424    0.110 -2.856  3.4651  5.148    0  0.000  0.545     0.00     0.00     0.00     0.00     0.00 -1 -1.42e-16      0.00 7.399e-01 2.561e-01 7.193e-04 1.940e-04 1.760e-03 -1.000 4.000e-03 11.910 13.137 15.191 11.816
0.004 -0.58336 8.48500 0.1199999973 1.3193154249    0.120 -2.759  3.4778  5.139    0  0.000  0.545     0.00     0.00     0.00     0.00     0.00 -1 -1.71e-16      0.00 7.399e-01 2.561e-01 7.193e-04 1.940e-04 1.760e-03 -1.000 4.000e-03 11.668 12.777 14.621 11.501
0.004 -0.58336 8.48500 0.1351623386 1.4117573316    0.135 -2.641  3.4908  5.124    0  0.000  0.545     0.00     0.00     0.00     0.00     0.00 -1 -2.16e-16      0.00 7.399e-01 2.561e-01 7.193e-04 1.940e-04 1.760e-03 -1.000 4.000e-03 11.372 12.363 14.004 11.136
0.004 -0.58336 8.48500 0.1400000006 1.4384526719    0.140 -2.601  3.4948  5.116    0  0.000  0.545     0.00     0.00     0.00     0.00     0.00 -1 -2.35e-16      0.00 7.399e-01 2.561e-01 7.193e-04 1.940e-04 1.760e-03 -1.000 4.000e-03 11.273 12.229 13.817 11.018
0.004 -0.58336 8.48500 0.1599999964 1.5372931554    0.160 -2.472  3.5071  5.095    0  0.000  0.545     0.00     0.00     0.00     0.00     0.00 -1 -3.04e-16      0.00 7.399e-01 2.561e-01 7.193e-04 1.940e-04 1.760e-03 -1.000 4.000e-03 10.950 11.806 13.242 10.640
0.004 -0.58336 8.48500 0.1999999881 1.6938790356    0.200 -2.276  3.5245  5.064    0  0.000  0.545     0.00     0.00     0.00     0.00     0.00 -1 -4.41e-16      0.00 7.398e-01 2.562e-01 7.193e-04 1.940e-04 1.760e-03 -1.000 4.000e-03 10.459 11.185 12.443 10.081
0.004 -0.58336 8.48500 0.2094201595 1.7248926339    0.209 -2.239  3.5273  5.059    0  0.000  0.545     0.00     0.00     0.00     0.00     0.00 -1 -4.72e-16      0.00 7.398e-01 2.562e-01 7.193e-04 1.940e-04 1.760e-03 -1.000 4.000e-03 10.368 11.075 12.309 9.980
0.004 -0.58336 8.48500 0.2392520607 1.8122562183    0.239 -2.128  3.5355  5.039    0  0.000  0.545     0.00     0.00     0.00     0.00     0.00 -1 -5.82e-16      0.00 7.398e-01 2.562e-01 7.193e-04 1.940e-04 1.760e-03 -1.000 4.000e-03 10.091 10.745 11.914 9.676
0.004 -0.58336 8.48500 0.2500000000 1.8403257998    0.250 -2.090  3.5382  5.031    0  0.000  0.545     0.00     0.00     0.00     0.00     0.00 -1 -6.28e-16      0.00 7.398e-01 2.562e-01 7.193e-04 1.940e-04 1.760e-03 -1.000 4.000e-03 9.996 10.632 11.781 9.572
0.004 -0.58336 8.48500 0.3000000119 1.9529139769    0.300 -1.942  3.5478  5.000    0  0.000  0.545     0.00     0.00     0.00     0.00     0.00 -1 -8.32e-16      0.00 7.398e-01 2.562e-01 7.193e-04 1.940e-04 1.760e-03 -1.000 4.000e-03 9.624 10.204 11.286 9.173
0.004 -0.58336 8.48500 0.3488229215 2.0414840486    0.349 -1.800  3.5571  4.961    0  0.000  0.545     0.00     0.00     0.00     0.00     0.00 -1 -1.12e-15      0.00 7.399e-01 2.561e-01 7.193e-04 1.940e-04 1.760e-03 -1.000 4.000e-03 9.271 9.798 10.822 8.795
0.004 -0.58336 8.48500 0.3499999642 2.0434174156    0.350 -1.797  3.5573  4.960    0  0.000  0.545     0.00     0.00     0.00     0.00     0.00 -1 -1.13e-15      0.00 7.399e-01 2.561e-01 7.193e-04 1.940e-04 1.760e-03 -1.000 4.000e-03 9.263 9.789 10.812 8.787
0.004 -0.58336 8.48500 0.3520604074 2.0467815584    0.352 -1.790  3.5578  4.958    0  0.000  0.545     0.00     0.00     0.00     0.00     0.00 -1 -1.14e-15      0.00 7.399e-01 2.561e-01 7.193e-04 1.940e-04 1.760e-03 -1.000 4.000e-03 9.246 9.769 10.788 8.768
0.004 -0.58336 8.48500 0.3999999762 2.1185023988    0.400 -1.638  3.5691  4.906    0  0.000  0.545     0.00     0.00     0.00     0.00     0.00 -1 -1.61e-15      0.00 7.399e-01 2.561e-01 7.193e-04 1.940e-04 1.760e-03 -1.000 4.000e-03 8.864 9.328 10.283 8.360
0.004 -0.58336 8.48500 0.4499999881 2.1822809009    0.450 -1.469  3.5834  4.846    0  0.000  0.545     0.00     0.00     0.00     0.00     0.00 -1 -2.41e-15      0.00 7.399e-01 2.561e-01 7.193e-04 1.940e-04 1.760e-03 -1.000 4.000e-03 8.443 8.842 9.728 7.911
0.004 -0.58336 8.48500 0.4999999702 2.2374541023    0.500 -1.293  3.6020  4.791    0  0.000  0.545     0.00     0.00     0.00     0.00     0.00 -1 -3.65e-15      0.00 7.399e-01 2.561e-01 7.193e-04 1.940e-04 1.760e-03 -1.000 4.000e-03 8.004 8.327 9.134 7.443
0.004 -0.58336 8.48500 0.5500000119 2.2836582633    0.550 -1.116  3.6284  4.760    0  0.000  0.545     0.00     0.00     0.00     0.00     0.00 -1 -5.41e-15      0.00 7.408e-01 2.552e-01 7.172e-04 1.935e-04 1.755e-03 -1.000 4.000e-03 7.561 7.793 8.497 6.974
0.004 -0.58336 8.48500 0.5999999642 2.3211212854    0.600 -0.941  3.6552  4.730    0  0.000  0.545     0.00     0.00     0.00     0.00     0.00 -1 -8.02e-15      0.00 7.409e-01 2.551e-01 7.168e-04 1.934e-04 1.754e-03 -1.000 4.000e-03 7.122 7.255 7.851 6.513
0.004 -0.58336 8.48500 0.6208346486 2.3346992585    0.621 -0.869  3.6667  4.719    0  0.000  0.545     0.00     0.00     0.00     0.00     0.00 -1  -9.4e-15      0.00 7.410e-01 2.550e-01 7.166e-04 1.933e-04 1.753e-03 -1.000 4.000e-03 6.943 7.035 7.588 6.326
0.004 -0.58336 8.48500 0.6499999166 2.3520352771    0.650 -0.775  3.6828  4.709    1  0.000  0.545     0.00     0.00     0.00     0.00     0.00 -1 -1.16e-14      0.00 7.410e-01 2.550e-01 7.164e-04 1.933e-04 1.753e-03 -1.000 4.000e-03 6.708 6.749 7.249 6.083
0.004 -0.58336 8.48500 0.6753215194 2.3656984534    0.675 -0.697  3.6961  4.701    0  0.000  0.545     0.00     0.00     0.00     0.00     0.00 -1 -1.37e-14      0.00 7.412e-01 2.549e-01 7.162e-04 1.932e-04 1.752e-03 -1.000 3.948e-03 6.513 6.516 6.979 5.882
0.004 -0.58336 8.48500 0.6999999881 2.3779266974    0.700 -0.624  3.7089  4.695    0  0.000  0.545     0.00     0.00     0.00     0.00     0.00 -1  -1.6e-14      0.00 7.413e-01 2.548e-01 7.160e-04 1.932e-04 1.752e-03 -1.000 3.911e-03 6.330 6.304 6.735 5.700
0.004 -0.58336 8.48500 0.7477272749 2.3989636747    0.748 -0.489  3.7316  4.679    0  0.000  0.538     0.00     0.00     0.00     0.00     0.00 -1 -2.16e-14      0.00 7.414e-01 2.546e-01 7.064e-04 1.928e-04 1.751e-03 -1.000 3.997e-03 5.992 5.930 6.309 5.376
0.004 -0.58336 8.48500 0.7954545617 2.4171243451    0.795 -0.363  3.7505  4.656    0  0.000  0.538     0.00     0.00     0.00     0.00     0.00 -1 -2.87e-14      0.00 7.418e-01 2.543e-01 7.053e-04 1.926e-04 1.749e-03 -1.000 3.960e-03 5.679 5.599 5.939 5.084
0.004 -0.58336 8.48500 0.8431818485 2.4329412586    0.843 -0.245  3.7669  4.628    0  0.000  0.538     0.00     0.00     0.00     0.00     0.00 -1 -3.77e-14      0.00 7.422e-01 2.538e-01 7.043e-04 1.923e-04 1.747e-03 -1.000 3.954e-03 5.383 5.297 5.604 4.818
0.004 -0.58336 8.48500 0.8909090757 2.4468253017    0.890 -0.132  3.7810  4.595    1  0.000  0.537     0.00     0.00     0.00     0.00     0.00 -1 -4.95e-14      0.00 7.429e-01 2.532e-01 7.026e-04 1.919e-04 1.743e-03 -1.000 3.936e-03 5.099 5.013 5.292 4.565
0.004 -0.58336 8.48500 0.9386363626 2.4590982838    0.938 -0.024  3.7933  4.559    1  0.000  0.538     0.00     0.00     0.00     0.00     0.00 -1 -6.43e-14      0.00 7.440e-01 2.520e-01 6.999e-04 1.912e-04 1.736e-03 -1.000 3.916e-03 4.830 4.746 5.002 4.325
0.004 -0.58336 8.48500 0.9786449671 2.4683327960    0.978  0.063  3.8028  4.529    1  0.000  0.537     0.00     0.00     0.00     0.00     0.00 -1 -7.97e-14      0.00 7.445e-01 2.515e-01 6.992e-04 1.910e-04 1.735e-03 -1.000 3.955e-03 4.613 4.532 4.772 4.133
0.004 -0.58336 8.48500 0.9863637090 2.4700155298    0.986  0.079  3.8045  4.523    1  0.000  0.537     0.00     0.00     0.00     0.00     0.00 -1  -8.3e-14      0.00 7.446e-01 2.514e-01 6.991e-04 1.909e-04 1.734e-03 -1.000 3.963e-03 4.572 4.492 4.729 4.097
0.004 -0.58336 8.48500 1.0340908766 2.4797820107    1.034  0.176  3.8152  4.490    1  0.000  0.537     0.00     0.00     0.00     0.00     0.00 -1    -1e-13      0.00 7.447e-01 2.513e-01 6.991e-04 1.910e-04 1.735e-03 -1.000 3.958e-03 4.330 4.254 4.472 3.883
0.004 -0.58336 8.48500 1.0818182230 2.4885641938    1.081  0.270  3.8258  4.457    1  0.000  0.537     0.00     0.00     0.00     0.00     0.00 -1 -1.17e-13      0.00 7.449e-01 2.512e-01 6.989e-04 1.909e-04 1.734e-03 -1.000 3.921e-03 4.096 4.022 4.223 3.674
0.004 -0.58336 8.48500 1.1295454502 2.4964983821    1.129  0.358  3.8366  4.431    1  0.000  0.537     0.00     0.00     0.00     0.00     0.00 -1 -1.33e-13      0.00 7.449e-01 2.512e-01 6.990e-04 1.909e-04 1.734e-03 -1.000 3.906e-03 3.875 3.805 3.989 3.480
0.004 -0.58336 8.48500 1.1772727966 2.5036973537    1.176  0.441  3.8481  4.411    1  0.000  0.537     0.00     0.00     0.00     0.00     0.00 -1 -1.48e-13      0.00 7.449e-01 2.512e-01 6.989e-04 1.909e-04 1.734e-03 -1.000 3.904e-03 3.666 3.599 3.765 3.301
0.004 -0.58336 8.48500 1.2250000238 2.5102550374    1.224  0.520  3.8609  4.401    1  0.000  0.537     0.00     0.00     0.00     0.00     0.00 -1 -1.61e-13      0.00 7.450e-01 2.510e-01 6.986e-04 1.908e-04 1.734e-03 -1.000 3.944e-03 3.469 3.406 3.553 3.137
0.004 -0.58336 8.48500 1.2727272511 2.5162503525    1.272  0.596  3.8755  4.401    1  0.000  0.537     0.00     0.00     0.00     0.00     0.00 -1 -1.69e-13      0.00 7.452e-01 2.509e-01 6.982e-04 1.907e-04 1.733e-03 -1.000 3.940e-03 3.280 3.224 3.350 2.989
0.004 -0.58336 8.48500 1.3204547167 2.5217500316    1.320  0.668  3.8912  4.407    1  0.000  0.537     0.00     0.00     0.00     0.00     0.00 -1 -1.72e-13      0.00 7.454e-01 2.507e-01 6.978e-04 1.906e-04 1.732e-03 -1.000 3.937e-03 3.099 3.052 3.156 2.855
0.004 -0.58336 8.48500 1.3681819439 2.5268107737    1.368  0.738  3.9067  4.416    1  0.000  0.537     0.00     0.00     0.00     0.00     0.00 -1 -1.72e-13      0.00 7.455e-01 2.505e-01 6.975e-04 1.905e-04 1.731e-03 -1.000 3.959e-03 2.926 2.892 2.975 2.733
0.004 -0.58336 8.48500 1.4159091711 2.5314811780    1.416  0.804  3.9216  4.423    1  0.000  0.537     0.00     0.00     0.00     0.00     0.00 -1 -1.67e-13      0.00 7.457e-01 2.504e-01 6.972e-04 1.904e-04 1.730e-03 -1.000 3.925e-03 2.759 2.744 2.808 2.622
0.004 -0.58336 8.48500 1.4636363983 2.5358030388    1.464  0.869  3.9357  4.429    1  0.000  0.537     0.00     0.00     0.00     0.00     0.00 -1 -1.58e-13      0.00 7.458e-01 2.502e-01 6.969e-04 1.904e-04 1.729e-03 -1.000 3.957e-03 2.597 2.609 2.656 2.520
0.004 -0.58336 8.48500 1.5113636255 2.5398125027    1.511  0.932  3.9489  4.433    1  0.000  0.537     0.00     0.00     0.00     0.00     0.00 -1 -1.42e-13      0.00 7.459e-01 2.501e-01 6.966e-04 1.903e-04 1.729e-03 -1.000 3.943e-03 2.441 2.489 2.522 2.427
0.004 -0.58336 8.48500 1.5321061611 2.5414657484    1.532  0.958  3.9543  4.435    1  0.000  0.537     0.00     0.00     0.00     0.00     0.00 -1 -1.31e-13      0.00 7.460e-01 2.500e-01 6.964e-04 1.903e-04 1.728e-03 -1.000 3.947e-03 2.376 2.441 2.468 2.389
0.004 -0.58336 8.48500 1.5590909719 2.5435409894    1.559  0.991  3.9612  4.436    1  0.000  0.537     0.00     0.00     0.00     0.00     0.00 -1 -1.19e-13      0.00 7.461e-01 2.499e-01 6.963e-04 1.902e-04 1.728e-03 -1.000 3.942e-03 2.291 2.379 2.400 2.339
0.004 -0.58336 8.48500 1.6029071808 2.5467400858    1.602  1.044  3.9716  4.437    1  0.000  0.537     0.00     0.00     0.00     0.00     0.00 -1 -8.94e-14      0.00 7.462e-01 2.499e-01 6.960e-04 1.901e-04 1.728e-03 -1.000 3.954e-03 2.159 2.284 2.297 2.260
0.004 -0.58336 8.48500 1.6068181992 2.5470158979    1.606  1.049  3.9725  4.437    1  0.000  0.537     0.00     0.00     0.00     0.00     0.00 -1 -8.72e-14      0.00 7.462e-01 2.498e-01 6.960e-04 1.901e-04 1.728e-03 -1.000 3.958e-03 2.147 2.276 2.289 2.253
0.004 -0.58336 8.48500 1.6310932636 2.5486938539    1.630  1.077  3.9778  4.436    1  0.000  0.537     0.00     0.00     0.00     0.00     0.00 -1 -1.13e-14      0.00 7.463e-01 2.498e-01 6.959e-04 1.901e-04 1.727e-03 -1.000 3.933e-03 2.076 2.226 2.235 2.211
0.004 -0.58336 8.48500 1.6545455456 2.5502612770    1.654  1.104  3.9828  4.435    1  0.000  0.537     0.00     0.00     0.00     0.00     0.00 -1 -1.61e-15      0.00 7.463e-01 2.498e-01 6.958e-04 1.901e-04 1.727e-03 -1.000 3.904e-03 2.009 2.179 2.184 2.170
0.004 -0.58336 8.48500 1.7022727728 2.5532982573    1.701  1.158  3.9922  4.432    1  0.000  0.537     0.00     0.00     0.00     0.00     0.00 -1    -1e-30      0.00 7.464e-01 2.497e-01 6.957e-04 1.900e-04 1.727e-03 -1.000 3.953e-03 1.875 2.085 2.084 2.088
0.004 -0.58336 8.48500 1.7217940092 2.5544847820    1.721  1.179  3.9958  4.430    1  0.000  0.537     0.00     0.00     0.00     0.00     0.00 -1    -1e-30      0.00 7.464e-01 2.496e-01 6.956e-04 1.900e-04 1.727e-03 -1.000 3.938e-03 1.822 2.048 2.044 2.055
0.004 -0.58336 8.48500 1.7500000000 2.5561455243    1.749  1.210  4.0010  4.427    1  0.000  0.537     0.00     0.00     0.00     0.00     0.00 -1    -1e-30      0.00 7.465e-01 2.496e-01 6.955e-04 1.900e-04 1.726e-03 -1.000 3.907e-03 1.745 1.994 1.988 2.007
0.004 -0.58336 8.48500 1.7999999523 2.5589429085    1.799  1.263  4.0096  4.420    1  0.000  0.537     0.00     0.00     0.00     0.00     0.00 -1    -1e-30      0.00 7.466e-01 2.495e-01 6.953e-04 1.900e-04 1.726e-03 -1.000 3.900e-03 1.612 1.901 1.890 1.923
0.004 -0.58336 8.48500 1.8500000238 2.5615671203    1.849  1.315  4.0178  4.413    1  0.000  0.537     0.00     0.00     0.00     0.00     0.00 -1    -1e-30      0.00 7.466e-01 2.495e-01 6.952e-04 1.899e-04 1.726e-03 -1.000 3.900e-03 1.483 1.812 1.796 1.841
0.004 -0.58336 8.48500 1.8999999762 2.5640331260    1.899  1.365  4.0255  4.405    1  0.000  0.537     0.00     0.00     0.00     0.00     0.00 -1    -1e-30      0.00 7.467e-01 2.494e-01 6.951e-04 1.900e-04 1.726e-03 -1.000 3.900e-03 1.357 1.723 1.704 1.759
0.004 -0.58336 8.48500 1.9059375525 2.5643161006    1.905  1.371  4.0264  4.404    1  0.000  0.537     0.00     0.00     0.00     0.00     0.00 -1    -1e-30      0.00 7.467e-01 2.494e-01 6.951e-04 1.899e-04 1.725e-03 -1.000 3.900e-03 1.342 1.713 1.693 1.750
0.004 -0.58336 8.48500 1.9500000477 2.5663542714    1.950  1.415  4.0329  4.397    1  0.000  0.537     0.00     0.00     0.00     0.00     0.00 -1    -1e-30      0.00 7.467e-01 2.494e-01 6.950e-04 1.899e-04 1.725e-03 -1.000 3.900e-03 1.232 1.635 1.613 1.678
0.004 -0.58336 8.48500 2.0000000000 2.5685424513    2.000  1.464  4.0399  4.387    1  0.000  0.537     0.00     0.00     0.00     0.00     0.00 -1    -1e-30      0.00 7.467e-01 2.494e-01 6.950e-04 1.899e-04 1.725e-03 -1.000 3.940e-03 1.109 1.548 1.523 1.596
0.004 -0.58336 8.48500 2.0124115944 2.5690662916    2.012  1.476  4.0416  4.384    1  0.000  0.537     0.00     0.00     0.00     0.00     0.00 -1    -1e-30      0.00 7.467e-01 2.494e-01 6.950e-04 1.899e-04 1.725e-03 -1.000 3.934e-03 1.079 1.526 1.500 1.575
0.004 -0.58336 8.48500 2.0499999523 2.5706083333    2.050  1.513  4.0465  4.375    1  0.000  0.537     0.00     0.00     0.00     0.00     0.00 -1    -1e-30      0.00 7.467e-01 2.494e-01 6.950e-04 1.899e-04 1.725e-03 -1.000 3.900e-03 0.989 1.461 1.433 1.514
0.004 -0.58336 8.48500 2.0715715885 2.5714642911    2.071  1.533  4.0492  4.370    1  0.000  0.537     0.00     0.00     0.00     0.00     0.00 -1    -1e-30      0.00 7.467e-01 2.493e-01 6.950e-04 1.899e-04 1.725e-03 -1.000 3.919e-03 0.937 1.423 1.394 1.478
0.004 -0.58336 8.48500 2.0999999046 2.5725614918    2.099  1.560  4.0527  4.362    1  0.000  0.537     0.00     0.00     0.00     0.00     0.00 -1    -1e-30      0.00 7.468e-01 2.493e-01 6.950e-04 1.899e-04 1.725e-03 -1.000 3.935e-03 0.869 1.374 1.343 1.431
0.004 -0.58336 8.48500 2.1500000954 2.5744105556    2.149  1.607  4.0586  4.349    1  0.000  0.537     0.00     0.00     0.00     0.00     0.00 -1    -1e-30      0.00 7.467e-01 2.494e-01 6.950e-04 1.899e-04 1.725e-03 -1.000 3.901e-03 0.751 1.286 1.254 1.348
0.004 -0.58336 8.48500 2.2000000477 2.5761632879    2.199  1.654  4.0641  4.334    1  0.000  0.537     0.00     0.00     0.00     0.00     0.00 -1    -1e-30      0.00 7.467e-01 2.494e-01 6.950e-04 1.899e-04 1.725e-03 -1.000 3.900e-03 0.635 1.199 1.164 1.264
0.004 -0.58336 8.48500 2.2500000000 2.5778267375    2.249  1.700  4.0692  4.319    1  0.000  0.537     0.00     0.00     0.00     0.00     0.00 -1    -1e-30      0.00 7.467e-01 2.494e-01 6.949e-04 1.898e-04 1.725e-03 -1.000 3.900e-03 0.520 1.112 1.075 1.180
0.004 -0.58336 8.48500 2.2575986385 2.5780721304    2.256  1.707  4.0699  4.316    1  0.000  0.537     0.00     0.00     0.00     0.00     0.00 -1    -1e-30      0.00 7.467e-01 2.493e-01 6.949e-04 1.898e-04 1.725e-03 -1.000 3.902e-03 0.503 1.098 1.061 1.167
0.004 -0.58336 8.48500 2.2999999523 2.5794072884    2.299  1.745  4.0739  4.302    1  0.000  0.537     0.00     0.00     0.00     0.00     0.00 -1    -1e-30      0.00 7.467e-01 2.493e-01 6.950e-04 1.899e-04 1.725e-03 -1.000 3.944e-03 0.406 1.023 0.984 1.094
0.004 -0.58336 8.48500 2.3451359272 2.5807677211    2.344  1.787  4.0777  4.284    1  0.000  0.537     0.00     0.00     0.00     0.00     0.00 -1    -1e-30      0.00 7.467e-01 2.494e-01 6.950e-04 1.899e-04 1.725e-03 -1.000 3.910e-03 0.304 0.940 0.901 1.014
0.004 -0.58336 8.48500 2.3499999046 2.5809107422    2.349  1.791  4.0781  4.282    1  0.000  0.537     0.00     0.00     0.00     0.00     0.00 -1    -1e-30      0.00 7.467e-01 2.494e-01 6.950e-04 1.899e-04 1.725e-03 -1.000 3.900e-03 0.293 0.931 0.891 1.005
0.004 -0.58336 8.48500 2.3703479767 2.5815017483    2.369  1.809  4.0797  4.274    1  0.000  0.537     0.00     0.00     0.00     0.00     0.00 -1    -1e-30      0.00 7.467e-01 2.494e-01 6.951e-04 1.899e-04 1.725e-03 -1.000 3.900e-03 0.246 0.894 0.853 0.969
0.004 -0.58336 8.48500 2.4000000954 2.5823423892    2.399  1.836  4.0818  4.261    1  0.000  0.537     0.00     0.00     0.00     0.00     0.00 -1    -1e-30      0.00 7.467e-01 2.494e-01 6.951e-04 1.899e-04 1.725e-03 -1.000 3.900e-03 0.179 0.837 0.796 0.914
0.004 -0.58336 8.48500 2.4532146454 2.5837925873    2.453  1.884  4.0853  4.237    1  0.000  0.537     0.00     0.00     0.00     0.00     0.00 -1    -1e-30      0.00 7.451e-01 2.510e-01 6.987e-04 1.908e-04 1.734e-03 -1.000 3.927e-03 0.059 0.737 0.694 0.815
0.004 -0.58336 8.48500 2.5096492767 2.5852535227    2.509  1.935  4.0885  4.208    1  0.000  0.537     0.00     0.00     0.00     0.00     0.00 -1    -1e-30      0.00 7.432e-01 2.528e-01 7.027e-04 1.919e-04 1.744e-03 -1.000 3.956e-03 -0.067 0.627 0.583 0.707
0.004 -0.58336 8.48500 2.5611603260 2.5865225707    2.561  1.981  4.0907  4.180    1  0.000  0.537     0.00     0.00     0.00     0.00     0.00 -1    -1e-30      0.00 7.414e-01 2.546e-01 7.067e-04 1.930e-04 1.753e-03 -1.000 3.981e-03 -0.183 0.523 0.479 0.605
0.004 -0.58336 8.48500 2.5999999046 2.5874412955    2.600  2.017  4.0915  4.154    1  0.000  0.537     0.00     0.00     0.00     0.00     0.00 -1    -1e-30      0.00 7.400e-01 2.560e-01 7.099e-04 1.938e-04 1.761e-03 -1.000 4.000e-03 -0.272 0.439 0.394 0.521
0.004 -0.58336 8.48500 2.6263635159 2.5880471363    2.626  2.041  4.0919  4.136    1  0.000  0.537     0.00     0.00     0.00     0.00     0.00 -1    -1e-30      0.00 7.400e-01 2.560e-01 7.099e-04 1.938e-04 1.761e-03 -1.000 4.000e-03 -0.332 0.381 0.336 0.463
0.004 -0.58336 8.48500 2.6765098572 2.5891617163    2.677  2.087  4.0916  4.097    1  0.000  0.537     0.00     0.00     0.00     0.00     0.00 -1    -1e-30      0.00 7.400e-01 2.560e-01 7.099e-04 1.938e-04 1.761e-03 -1.000 4.000e-03 -0.447 0.264 0.218 0.346
0.004 -0.58336 8.48500 2.7253773212 2.5902026159    2.726  2.132  4.0903  4.055    1  0.000  0.537     0.00     0.00     0.00     0.00     0.00 -1    -1e-30      0.00 7.400e-01 2.560e-01 7.099e-04 1.938e-04 1.761e-03 -1.000 4.000e-03 -0.560 0.143 0.098 0.224
0.004 -0.58336 8.48500 2.7756958008 2.5912304976    2.776  2.180  4.0870  4.002    1  0.000  0.537     0.00     0.00     0.00     0.00     0.00 -1    -1e-30      0.00 7.400e-01 2.560e-01 7.099e-04 1.938e-04 1.761e-03 -1.000 4.000e-03 -0.680 0.005 -0.039 0.085
0.004 -0.58336 8.48500 2.7999999523 2.5917117820    2.800  2.203  4.0845  3.972    1  0.000  0.537     0.00     0.00     0.00     0.00     0.00 -1    -1e-30      0.00 7.400e-01 2.560e-01 7.099e-04 1.938e-04 1.761e-03 -1.000 4.000e-03 -0.738 -0.068 -0.111 0.010
0.004 -0.58336 8.48500 2.8207435608 2.5921150232    2.821  2.223  4.0823  3.947    1  0.000  0.537     0.00     0.00     0.00     0.00     0.00 -1    -1e-30      0.00 7.400e-01 2.560e-01 7.099e-04 1.938e-04 1.761e-03 -1.000 4.000e-03 -0.788 -0.129 -0.172 -0.052
0.004 -0.58336 8.48500 2.8580327034 2.5928229997    2.858  2.259  4.0769  3.895    1  0.000  0.537     0.00     0.00     0.00     0.00     0.00 -1    -1e-30      0.00 7.400e-01 2.560e-01 7.099e-04 1.938e-04 1.761e-03 -1.000 4.000e-03 -0.877 -0.248 -0.289 -0.174
0.004 -0.58336 8.48500 2.8943059444 2.5934915972    2.895  2.294  4.0695  3.835    1  0.000  0.537     0.00     0.00     0.00     0.00     0.00 -1    -1e-30      0.00 7.400e-01 2.560e-01 7.099e-04 1.938e-04 1.761e-03 -1.000 4.000e-03 -0.966 -0.378 -0.416 -0.309
0.004 -0.58336 8.48500 2.9260749817 2.5940615395    2.926  2.326  4.0615  3.776    1  0.000  0.537     0.00     0.00     0.00     0.00     0.00 -1    -1e-30      0.00 7.400e-01 2.560e-01 7.099e-04 1.938e-04 1.761e-03 -1.000 4.000e-03 -1.045 -0.500 -0.536 -0.436
0.004 -0.58336 8.48500 2.9495818615 2.5944741809    2.950  2.351  4.0544  3.727    1  0.000  0.537     0.00     0.00     0.00     0.00     0.00 -1    -1e-30      0.00 7.400e-01 2.560e-01 7.099e-04 1.938e-04 1.761e-03 -1.000 4.000e-03 -1.106 -0.598 -0.632 -0.539
0.004 -0.58336 8.48500 2.9710366726 2.5948442530    2.971  2.375  4.0484  3.681    1  0.000  0.537     0.00     0.00     0.00     0.00     0.00 -1    -1e-30      0.00 7.400e-01 2.560e-01 7.099e-04 1.938e-04 1.761e-03 -1.000 4.000e-03 -1.168 -0.692 -0.724 -0.636
0.004 -0.58336 8.48500 2.9860711098 2.5950999395    2.986  2.394  4.0451  3.652    1  0.000  0.537     0.00     0.00     0.00     0.00     0.00 -1    -1e-30      0.00 7.400e-01 2.560e-01 7.099e-04 1.938e-04 1.761e-03 -1.000 4.000e-03 -1.215 -0.756 -0.786 -0.702
0.004 -0.58336 8.48500 2.9961833954 2.5952702575    2.996  2.416  4.0533  3.664    1  0.000  0.537     0.00     0.00     0.00     0.00     0.00 -1    -1e-30      0.00 7.400e-01 2.560e-01 7.099e-04 1.938e-04 1.761e-03 -1.000 4.000e-03 -1.269 -0.767 -0.801 -0.709
0.004 -0.58336 8.48500 3.0000000000 2.5953341962    3.000  2.427  4.0600  3.680    1  0.000  0.537     0.00     0.00     0.00     0.00     0.00 -1    -1e-30      0.00 7.400e-01 2.560e-01 7.099e-04 1.938e-04 1.761e-03 -1.000 4.000e-03 -1.298 -0.761 -0.797 -0.699
0.004 -0.58336 8.48500 3.0006482601 2.5953450378    3.001  2.429  4.0611  3.683    1  0.000  0.537     0.00     0.00     0.00     0.00     0.00 -1    -1e-30      0.00 7.400e-01 2.560e-01 7.099e-04 1.938e-04 1.761e-03 -1.000 4.000e-03 -1.303 -0.760 -0.796 -0.697
0.004 -0.58336 8.48500 3.0025091171 2.5953761290    3.003  2.442  4.0705  3.708    1  0.000  0.537     0.00     0.00     0.00     0.00     0.00 -1    -1e-30      0.00 7.400e-01 2.560e-01 7.099e-04 1.938e-04 1.761e-03 -1.000 4.000e-03 -1.334 -0.742 -0.781 -0.672
0.004 -0.58336 8.48500 3.0035893917 2.5953941580    3.004  2.457  4.0814  3.736    1  0.000  0.537     0.00     0.00     0.00     0.00     0.00 -1    -1e-30      0.00 7.400e-01 2.560e-01 7.099e-04 1.938e-04 1.761e-03 -1.000 4.000e-03 -1.372 -0.721 -0.763 -0.645
0.004 -0.58336 8.48500 3.0041060448 2.5954027752    3.004  2.473  4.0912  3.760    1  0.000  0.537     0.00     0.00     0.00     0.00     0.00 -1    -1e-30      0.00 7.400e-01 2.560e-01 7.099e-04 1.938e-04 1.761e-03 -1.000 4.000e-03 -1.411 -0.707 -0.752 -0.625
0.004 -0.58336 8.48500 3.0044045448 2.5954077524    3.005  2.489  4.0999  3.778    1  0.000  0.537     0.00     0.00     0.00     0.00     0.00 -1    -1e-30      0.00 7.400e-01 2.560e-01 7.099e-04 1.938e-04 1.761e-03 -1.000 4.000e-03 -1.452 -0.700 -0.749 -0.613
0.004 -0.58336 8.48500 3.0046017170 2.5954110394    3.005  2.498  4.1052  3.790    1  0.000  0.537     0.00     0.00     0.00     0.00     0.00 -1    -1e-30      0.00 7.400e-01 2.560e-01 7.099e-04 1.938e-04 1.761e-03 -1.000 4.000e-03 -1.475 -0.693 -0.744 -0.603
0.004 -0.58336 8.48500 3.0047163963 2.5954129509    3.005  2.478  4.0998  3.789    2  0.000  0.537     0.00     0.00     0.00     0.00     0.00 -1    -1e-30      0.00 7.400e-01 2.560e-01 7.099e-04 1.938e-04 1.761e-03 -1.000 4.000e-03 -1.426 -0.674 -0.722 -0.587
0.004 -0.58336 8.48500 3.0048146248 2.5954145881    3.005  2.455  4.0912  3.778    2  0.000  0.537     0.00     0.00     0.00     0.00     0.00 -1    -1e-30      0.00 7.400e-01 2.560e-01 7.099e-04 1.938e-04 1.761e-03 -1.000 4.000e-03 -1.368 -0.663 -0.709 -0.581
0.004 -0.58336 8.48500 3.0049369335 2.5954166265    3.005  2.445  4.0791  3.740    2  0.000  0.537     0.00     0.00     0.00     0.00     0.00 -1    -1e-30      0.00 7.400e-01 2.560e-01 7.099e-04 1.938e-04 1.761e-03 -1.000 4.000e-03 -1.342 -0.703 -0.745 -0.628
0.004 -0.58336 8.48500 3.0050721169 2.5954188792    3.005  2.455  4.0677  3.683    2  0.000  0.537     0.00     0.00     0.00     0.00     0.00 -1    -1e-30      0.00 7.400e-01 2.560e-01 7.099e-04 1.938e-04 1.761e-03 -1.000 4.000e-03 -1.369 -0.791 -0.829 -0.723
0.004 -0.58336 8.48500 3.0052330494 2.5954215608    3.005  2.473  4.0562  3.619    2  0.000  0.537     0.00     0.00     0.00     0.00     0.00 -1    -1e-30      0.00 7.400e-01 2.560e-01 7.099e-04 1.938e-04 1.761e-03 -1.000 4.000e-03 -1.413 -0.896 -0.931 -0.836
0.004 -0.58336 8.48500 3.0054149628 2.5954245915    3.006  2.487  4.0445  3.559    2  0.000  0.537     0.00     0.00     0.00     0.00     0.00 -1    -1e-30      0.00 7.400e-01 2.560e-01 7.099e-04 1.938e-04 1.761e-03 -1.000 4.000e-03 -1.447 -0.992 -1.022 -0.939
0.004 -0.58336 8.48500 3.0056126118 2.5954278839    3.006  2.496  4.0328  3.503    2  0.000  0.537     0.00     0.00     0.00     0.00     0.00 -1    -1e-30      0.00 7.400e-01 2.560e-01 7.099e-04 1.938e-04 1.761e-03 -1.000 4.000e-03 -1.470 -1.074 -1.101 -1.029
0.004 -0.58336 8.48500 3.0058231354 2.5954313902    3.006  2.502  4.0210  3.450    2  0.000  0.537     0.00     0.00     0.00     0.00     0.00 -1    -1e-30      0.00 7.400e-01 2.560e-01 7.099e-04 1.938e-04 1.761e-03 -1.000 4.000e-03 -1.485 -1.148 -1.170 -1.111
0.004 -0.58336 8.48500 3.0060431957 2.5954350547    3.006  2.506  4.0092  3.399    2  0.000  0.537     0.00     0.00     0.00     0.00     0.00 -1    -1e-30      0.00 7.400e-01 2.560e-01 7.099e-04 1.938e-04 1.761e-03 -1.000 4.000e-03 -1.495 -1.215 -1.233 -1.186
0.004 -0.58336 8.48500 3.0062682629 2.5954388020    3.006  2.508  3.9975  3.350    2  0.000  0.537     0.00     0.00     0.00     0.00     0.00 -1    -1e-30      0.00 7.400e-01 2.560e-01 7.099e-04 1.938e-04 1.761e-03 -1.000 4.000e-03 -1.501 -1.276 -1.289 -1.257
0.004 -0.58336 8.48500 3.0064940453 2.5954425605    3.007  2.509  3.9857  3.301    2  0.000  0.537     0.00     0.00     0.00     0.00     0.00 -1    -1e-30      0.00 7.400e-01 2.560e-01 7.099e-04 1.938e-04 1.761e-03 -1.000 4.000e-03 -1.503 -1.331 -1.339 -1.322
0.004 -0.58336 8.48500 3.0067167282 2.5954462668    3.007  2.509  3.9739  3.254    2  0.000  0.537     0.00     0.00     0.00     0.00     0.00 -1    -1e-30      0.00 7.400e-01 2.560e-01 7.099e-04 1.938e-04 1.761e-03 -1.000 4.000e-03 -1.503 -1.382 -1.383 -1.384
0.004 -0.58336 8.48500 3.0069332123 2.5954498693    3.007  2.508  3.9620  3.208    2  0.000  0.537     0.00     0.00     0.00     0.00     0.00 -1    -1e-30      0.00 7.400e-01 2.560e-01 7.099e-04 1.938e-04 1.761e-03 -1.000 4.000e-03 -1.500 -1.427 -1.422 -1.442
0.004 -0.58336 8.48500 3.0071413517 2.5954533324    3.007  2.506  3.9501  3.162    2  0.000  0.537     0.00     0.00     0.00     0.00     0.00 -1    -1e-30      0.00 7.400e-01 2.560e-01 7.099e-04 1.938e-04 1.761e-03 -1.000 4.000e-03 -1.495 -1.467 -1.454 -1.496
0.004 -0.58336 8.48500 3.0073392391 2.5954566244    3.007  2.504  3.9382  3.117    2  0.000  0.537     0.00     0.00     0.00     0.00     0.00 -1    -1e-30      0.00 7.400e-01 2.560e-01 7.099e-04 1.938e-04 1.761e-03 -1.000 4.000e-03 -1.489 -1.500 -1.479 -1.547
0.004 -0.58336 8.48500 3.0075261593 2.5954597335    3.008  2.500  3.9263  3.073    2  0.000  0.537     0.00     0.00     0.00     0.00     0.00 -1    -1e-30      0.00 7.400e-01 2.560e-01 7.099e-04 1.938e-04 1.761e-03 -1.000 4.000e-03 -1.481 -1.526 -1.495 -1.593
0.004 -0.58336 8.48500 3.0077021122 2.5954626598    3.008  2.497  3.9144  3.029    2  0.000  0.537     0.00     0.00     0.00     0.00     0.00 -1    -1e-30      0.00 7.400e-01 2.560e-01 7.099e-04 1.938e-04 1.761e-03 -1.000 4.000e-03 -1.472 -1.544 -1.501 -1.633
0.004 -0.58336 8.48500 3.0078666210 2.5954653954    3.008  2.492  3.9024  2.986    2  0.000  0.537     0.00     0.00     0.00     0.00     0.00 -1    -1e-30      0.00 7.400e-01 2.560e-01 7.099e-04 1.938e-04 1.761e-03 -1.000 4.000e-03 -1.461 -1.555 -1.498 -1.670
0.004 -0.58336 8.48500 3.0080201626 2.5954679483    3.008  2.488  3.8905  2.943    2  0.000  0.537     0.00     0.00     0.00     0.00     0.00 -1    -1e-30      0.00 7.400e-01 2.560e-01 7.099e-04 1.938e-04 1.761e-03 -1.000 4.000e-03 -1.449 -1.559 -1.486 -1.702
0.004 -0.58336 8.48500 3.0081632137 2.5954703265    3.008  2.482  3.8786  2.900    2  0.000  0.537     0.00     0.00     0.00     0.00     0.00 -1    -1e-30      0.00 7.400e-01 2.560e-01 7.099e-04 1.938e-04 1.761e-03 -1.000 4.000e-03 -1.436 -1.556 -1.465 -1.731
0.004 -0.58336 8.48500 3.0082967281 2.5954725460    3.008  2.477  3.8667  2.858    2  0.000  0.537     0.00     0.00     0.00     0.00     0.00 -1    -1e-30      0.00 7.400e-01 2.560e-01 7.099e-04 1.938e-04 1.761e-03 -1.000 4.000e-03 -1.422 -1.550 -1.439 -1.756
0.004 -0.58336 8.48500 3.0084209442 2.5954746106    3.009  2.471  3.8549  2.817    2  0.000  0.537     0.00     0.00     0.00     0.00     0.00 -1    -1e-30      0.00 7.400e-01 2.560e-01 7.099e-04 1.938e-04 1.761e-03 -1.000 4.000e-03 -1.407 -1.539 -1.409 -1.777
0.004 -0.58336 8.48500 3.0085365772 2.5954765325    3.009  2.465  3.8431  2.776    2  0.000  0.537     0.00     0.00     0.00     0.00     0.00 -1    -1e-30      0.00 7.400e-01 2.560e-01 7.099e-04 1.938e-04 1.761e-03 -1.000 4.000e-03 -1.391 -1.524 -1.375 -1.794
0.004 -0.58336 8.48500 3.0086443424 2.5954783234    3.009  2.458  3.8313  2.736    2  0.000  0.537     0.00     0.00     0.00     0.00     0.00 -1    -1e-30      0.00 7.400e-01 2.560e-01 7.099e-04 1.938e-04 1.761e-03 -1.000 4.000e-03 -1.375 -1.508 -1.338 -1.808
0.004 -0.58336 8.48500 3.0087451935 2.5954799992    3.009  2.451  3.8196  2.696    2  0.000  0.537     0.00     0.00     0.00     0.00     0.00 -1    -1e-30      0.00 7.400e-01 2.560e-01 7.099e-04 1.938e-04 1.761e-03 -1.000 4.000e-03 -1.357 -1.488 -1.298 -1.818
0.004 -0.58336 8.48500 3.0088393688 2.5954815641    3.009  2.444  3.8080  2.657    2  0.000  0.537     0.00     0.00     0.00     0.00     0.00 -1    -1e-30      0.00 7.400e-01 2.560e-01 7.099e-04 1.938e-04 1.761e-03 -1.000 4.000e-03 -1.339 -1.466 -1.255 -1.826
0.004 -0.58336 8.48500 3.0089278221 2.5954830337    3.009  2.436  3.7965  2.619    2  0.000  0.537     0.00     0.00     0.00     0.00     0.00 -1    -1e-30      0.00 7.400e-01 2.560e-01 7.099e-04 1.938e-04 1.761e-03 -1.000 4.000e-03 -1.320 -1.441 -1.208 -1.830
0.004 -0.58336 8.48500 3.0090117455 2.5954844280    3.009  2.428  3.7858  2.584    2  0.000  0.537     0.00     0.00     0.00     0.00     0.00 -1    -1e-30      0.00 7.400e-01 2.560e-01 7.099e-04 1.938e-04 1.761e-03 -1.000 4.000e-03 -1.300 -1.414 -1.160 -1.830
0.004 -0.58336 8.48500 3.0090920925 2.5954857628    3.009  2.419  3.7764  2.555    2  0.000  0.537     0.00     0.00     0.00     0.00     0.00 -1    -1e-30      0.00 7.400e-01 2.560e-01 7.099e-04 1.938e-04 1.761e-03 -1.000 4.000e-03 -1.278 -1.385 -1.113 -1.824
0.004 -0.58336 8.48500 3.0091774464 2.5954871806    3.009  2.409  3.7674  2.529    2  0.000  0.537     0.00     0.00     0.00     0.00     0.00 -1    -1e-30      0.00 7.400e-01 2.560e-01 7.099e-04 1.938e-04 1.761e-03 -1.000 4.000e-03 -1.253 -1.352 -1.060 -1.813
0.004 -0.58336 8.48500 3.0092785358 2.5954888598    3.009  2.395  3.7597  2.512    2  0.000  0.537     0.00     0.00     0.00     0.00     0.00 -1    -1e-30      0.00 7.400e-01 2.560e-01 7.099e-04 1.938e-04 1.761e-03 -1.000 4.000e-03 -1.219 -1.309 -1.002 -1.788
0.004 -0.58336 8.48500 3.0094151497 2.5954911288    3.010  2.374  3.7508  2.498    2  0.000  0.537     0.00     0.00     0.00     0.00     0.00 -1    -1e-30      0.00 7.400e-01 2.560e-01 7.099e-04 1.938e-04 1.761e-03 -1.000 4.000e-03 -1.166 -1.245 -0.921 -1.744
0.004 -0.58336 8.48500 3.0095484257 2.5954933422    3.010  2.351  3.7437  2.492    2  0.000  0.537     0.00     0.00     0.00     0.00     0.00 -1    -1e-30      0.00 7.400e-01 2.560e-01 7.099e-04 1.938e-04 1.761e-03 -1.000 4.000e-03 -1.108 -1.177 -0.839 -1.691
0.004 -0.58336 8.48500 3.0097053051 2.5954959472    3.010  2.324  3.7360  2.489    2  0.000  0.537     0.00     0.00     0.00     0.00     0.00 -1    -1e-30      0.00 7.400e-01 2.560e-01 7.099e-04 1.938e-04 1.761e-03 -1.000 4.000e-03 -1.039 -1.097 -0.743 -1.628
0.004 -0.58336 8.48500 3.0098719597 2.5954987143    3.010  2.303  3.7281  2.478    2  0.000  0.537     0.00     0.00     0.00     0.00     0.00 -1    -1e-30      0.00 7.400e-01 2.560e-01 7.099e-04 1.938e-04 1.761e-03 -1.000 4.000e-03 -0.987 -1.034 -0.663 -1.582
0.004 -0.58336 8.48500 3.0099921227 2.5955007091    3.010  2.294  3.7226  2.465    2  0.000  0.537     0.00     0.00     0.00     0.00     0.00 -1    -1e-30      0.00 7.400e-01 2.560e-01 7.099e-04 1.938e-04 1.761e-03 -1.000 4.000e-03 -0.966 -1.004 -0.620 -1.564
0.004 -0.58336 8.48500 3.0100536346 2.5955017303    3.010  2.301  3.7199  2.447    2  0.000  0.537     0.00     0.00     0.00     0.00     0.00 -1    -1e-30      0.00 7.400e-01 2.560e-01 7.099e-04 1.938e-04 1.761e-03 -1.000 4.000e-03 -0.982 -1.016 -0.627 -1.582
0.004 -0.58336 8.48500 3.0102322102 2.5955046944    3.010  2.328  3.7125  2.390    3  0.000  0.537     0.00     0.00     0.00     0.00     0.00 -1    -1e-30      0.00 7.400e-01 2.560e-01 7.096e-04 1.938e-04 1.761e-03 -1.000 4.000e-03 -1.051 -1.072 -0.665 -1.655
0.004 -0.58336 8.48500 3.0103962421 2.5955074168    3.010  2.363  3.7067  2.332    3  0.000  0.535     0.00     0.00     0.00     0.00     0.00 -1    -1e-30      0.00 7.398e-01 2.562e-01 7.065e-04 1.951e-04 1.761e-03 -1.000 4.000e-03 -1.139 -1.148 -0.728 -1.744
0.004 -0.58336 8.48500 3.0105485916 2.5955099450    3.011  2.397  3.7024  2.281    3  0.000  0.526     0.00     0.00     0.00     0.00     0.00 -1    -1e-30      0.00 7.397e-01 2.563e-01 6.945e-04 2.037e-04 1.761e-03 -1.000 4.000e-03 -1.223 -1.224 -0.793 -1.830
0.004 -0.58336 8.48500 3.0107383728 2.5955130940    3.011  2.433  3.6984  2.230    3  0.000  0.502     0.00     0.00     0.00     0.00     0.00 -1    -1e-30      0.00 7.396e-01 2.564e-01 6.633e-04 2.325e-04 1.761e-03 -1.000 4.000e-03 -1.312 -1.304 -0.863 -1.919
0.004 -0.58336 8.48500 3.0110421181 2.5955181329    3.011  2.477  3.6938  2.166    3  0.000  0.448     0.00     0.00     0.00     0.00     0.00 -1    -1e-30      0.00 7.392e-01 2.568e-01 5.916e-04 3.141e-04 1.761e-03 -1.000 4.000e-03 -1.423 -1.405 -0.952 -2.031
0.004 -0.58336 8.48500 3.0110800266 2.5955187617    3.011  2.482  3.6932  2.159    3  0.000  0.441     0.00     0.00     0.00     0.00     0.00 -1    -1e-30      0.00 7.392e-01 2.568e-01 5.828e-04 3.249e-04 1.761e-03 -1.000 4.000e-03 -1.436 -1.416 -0.962 -2.043
0.004 -0.58336 8.48500 3.0111579895 2.5955200549    3.011  2.492  3.6923  2.146    3  0.000  0.430     0.00     0.00     0.00     0.00     0.00 -1    -1e-30      0.00 7.391e-01 2.569e-01 5.678e-04 3.434e-04 1.761e-03 -1.000 4.000e-03 -1.461 -1.439 -0.982 -2.068
0.004 -0.58336 8.48500 3.0113427639 2.5955231193    3.011  2.515  3.6902  2.114    3  0.000  0.412     3.14     2.47     1.87     1.36     1.11  4    -1e-30      0.00 7.389e-01 2.571e-01 5.437e-04 3.731e-04 1.761e-03 -1.000 4.042e-03 -1.518 -1.491 -1.029 -2.125
0.004 -0.58336 8.48500 3.0116386414 2.5955280255    3.012  2.552  3.6868  2.065    3  0.000  0.386     3.47     2.70     2.04     1.49     1.21  4    -1e-30      0.00 7.385e-01 2.574e-01 5.090e-04 4.160e-04 1.760e-03 -1.000 4.091e-03 -1.609 -1.572 -1.102 -2.214
0.004 -0.58336 8.48500 3.0119340420 2.5955329227    3.012  2.588  3.6837  2.016    3  0.000  0.368     3.82     2.95     2.22     1.62     1.32  4    -1e-30      0.00 7.382e-01 2.578e-01 4.859e-04 4.446e-04 1.760e-03 -1.000 4.065e-03 -1.700 -1.654 -1.175 -2.303
0.004 -0.58336 8.48500 3.0122296810 2.5955378227    3.012  2.624  3.6806  1.967    3  0.000  0.357     4.21     3.23     2.42     1.77     1.44  4    -1e-30      0.00 7.375e-01 2.584e-01 4.689e-04 4.740e-04 1.750e-03 -1.000 4.057e-03 -1.791 -1.738 -1.250 -2.394
0.004 -0.58336 8.48500 3.0125248432 2.5955427137    3.013  2.661  3.6776  1.919    3  0.000  0.352     4.64     3.52     2.63     1.92     1.57  4    -1e-30      0.00 7.359e-01 2.601e-01 4.556e-04 5.131e-04 1.724e-03 -1.000 4.048e-03 -1.882 -1.822 -1.324 -2.486
0.004 -0.58336 8.48500 3.0128569603 2.5955482158    3.013  2.702  3.6744  1.865    3  0.000  0.351     5.16     3.88     2.88     2.11     1.72  4    -1e-30      0.00 7.325e-01 2.635e-01 4.433e-04 5.637e-04 1.684e-03 -1.000 4.052e-03 -1.984 -1.916 -1.408 -2.588
0.004 -0.58336 8.48500 3.0131518841 2.5955531005    3.013  2.738  3.6716  1.817    3  0.000  0.351     5.67     4.23     3.13     2.29     1.87  4    -1e-30      0.00 7.283e-01 2.676e-01 4.340e-04 6.053e-04 1.649e-03 -1.000 4.075e-03 -2.075 -1.999 -1.483 -2.679
0.004 -0.58336 8.48500 3.0134468079 2.5955579841    3.014  2.775  3.6688  1.770    3  0.000  0.351     6.24     4.61     3.40     2.50     2.04  4    -1e-30      0.00 7.239e-01 2.721e-01 4.262e-04 6.398e-04 1.621e-03 -1.000 4.093e-03 -2.166 -2.082 -1.557 -2.769
0.004 -0.58336 8.48500 3.0137414932 2.5955628627    3.014  2.810  3.6660  1.723    3  0.000  0.351     6.84     5.01     3.68     2.71     2.21  4    -1e-30      0.00 7.197e-01 2.762e-01 4.202e-04 6.670e-04 1.598e-03 -1.000 4.088e-03 -2.255 -2.163 -1.628 -2.856
0.004 -0.58336 8.48500 3.0140769482 2.5955684149    3.014  2.841  3.6638  1.683    3  0.000  0.350     7.41     5.39     3.94     2.90     2.37  4    -1e-30      0.00 7.164e-01 2.796e-01 4.160e-04 6.858e-04 1.583e-03 -1.000 4.040e-03 -2.332 -2.232 -1.690 -2.931
0.004 -0.58336 8.48500 3.0142982006 2.5955720761    3.014  2.858  3.6624  1.661    3  0.000  0.350     7.75     5.61     4.10     3.02     2.47  4    -1e-30      0.00 7.145e-01 2.815e-01 4.137e-04 6.961e-04 1.574e-03 -1.000 4.000e-03 -2.376 -2.272 -1.725 -2.974
0.004 -0.58336 8.48500 3.0157020092 2.5955952916    3.016  2.840  3.6641  1.686    4  0.000  0.350     0.00     0.00     0.00     0.00     0.00 -1    -1e-30      0.00 7.145e-01 2.815e-01 4.138e-04 6.961e-04 1.574e-03 -1.000 4.000e-03 -2.329 -2.231 -1.689 -2.929
0.004 -0.58336 8.48500 3.0188808441 2.5956477697    3.019  2.803  3.6674  1.736    4  0.000  0.350     0.00     0.00     0.00     0.00     0.00 -1    -1e-30      0.00 7.145e-01 2.815e-01 4.138e-04 6.960e-04 1.574e-03 -1.000 4.000e-03 -2.238 -2.150 -1.620 -2.841
0.004 -0.58336 8.48500 3.0220596790 2.5957001208    3.022  2.769  3.6704  1.783    4  0.000  0.350     0.00     0.00     0.00     0.00     0.00 -1    -1e-30      0.00 7.145e-01 2.815e-01 4.138e-04 6.959e-04 1.575e-03 -1.000 4.000e-03 -2.153 -2.074 -1.553 -2.757
0.004 -0.58336 8.48500 3.0246331692 2.5957424101    3.025  2.735  3.6734  1.829    4  0.000  0.350     0.00     0.00     0.00     0.00     0.00 -1    -1e-30      0.00 7.146e-01 2.814e-01 4.138e-04 6.958e-04 1.575e-03 -1.000 4.000e-03 -2.068 -1.998 -1.486 -2.673
0.004 -0.58336 8.48500 3.0265479088 2.5957738207    3.027  2.705  3.6761  1.870    4  0.000  0.350     0.00     0.00     0.00     0.00     0.00 -1    -1e-30      0.00 7.146e-01 2.814e-01 4.138e-04 6.958e-04 1.575e-03 -1.000 4.000e-03 -1.992 -1.929 -1.426 -2.598
0.004 -0.58336 8.48500 3.0284008980 2.5958041748    3.028  2.675  3.6787  1.911    4  0.000  0.350     0.00     0.00     0.00     0.00     0.00 -1    -1e-30      0.00 7.146e-01 2.814e-01 4.139e-04 6.957e-04 1.575e-03 -1.000 4.000e-03 -1.917 -1.860 -1.365 -2.522
0.004 -0.58336 8.48500 3.0300064087 2.5958304404    3.030  2.648  3.6810  1.948    4  0.000  0.350     0.00     0.00     0.00     0.00     0.00 -1    -1e-30      0.00 7.146e-01 2.814e-01 4.139e-04 6.956e-04 1.575e-03 -1.000 4.000e-03 -1.849 -1.798 -1.311 -2.454
0.004 -0.58336 8.48500 3.0316457748 2.5958572269    3.032  2.621  3.6834  1.984    4  0.000  0.350     0.00     0.00     0.00     0.00     0.00 -1    -1e-30      0.00 7.146e-01 2.814e-01 4.139e-04 6.956e-04 1.575e-03 -1.000 4.000e-03 -1.782 -1.736 -1.256 -2.386
0.004 -0.58336 8.48500 3.0334458351 2.5958866007    3.033  2.592  3.6860  2.024    4  0.000  0.350     0.00     0.00     0.00     0.00     0.00 -1    -1e-30      0.00 7.147e-01 2.813e-01 4.139e-04 6.955e-04 1.575e-03 -1.000 4.000e-03 -1.710 -1.671 -1.198 -2.315
0.004 -0.58336 8.48500 3.0355160236 2.5959203330    3.036  2.561  3.6889  2.067    4  0.000  0.350     0.00     0.00     0.00     0.00     0.00 -1    -1e-30      0.00 7.147e-01 2.813e-01 4.139e-04 6.954e-04 1.575e-03 -1.000 4.000e-03 -1.633 -1.602 -1.136 -2.240
0.004 -0.58336 8.48500 3.0385713577 2.5959700209    3.039  2.522  3.6929  2.122    4  0.000  0.350     0.00     0.00     0.00     0.00     0.00 -1    -1e-30      0.00 7.147e-01 2.813e-01 4.140e-04 6.953e-04 1.575e-03 -1.000 4.000e-03 -1.534 -1.514 -1.058 -2.142
0.004 -0.58336 8.48500 3.0429770947 2.5960414681    3.043  2.482  3.6980  2.183    4  0.000  0.350     0.00     0.00     0.00     0.00     0.00 -1    -1e-30      0.00 7.148e-01 2.812e-01 4.140e-04 6.952e-04 1.575e-03 -1.000 4.000e-03 -1.436 -1.428 -0.986 -2.044
0.004 -0.58336 8.48500 3.0506031513 2.5961645779    3.051  2.453  3.7059  2.245    4  0.000  0.350     0.00     0.00     0.00     0.00     0.00 -1    -1e-30      0.00 7.148e-01 2.812e-01 4.141e-04 6.949e-04 1.575e-03 -1.000 4.000e-03 -1.362 -1.371 -0.948 -1.969
0.004 -0.58336 8.48500 3.0576903820 2.5962783565    3.058  2.484  3.7151  2.252    5  0.000  0.350     0.00     0.00     0.00     0.00     0.00 -1    -1e-30      0.00 7.149e-01 2.811e-01 4.141e-04 6.947e-04 1.575e-03 -1.000 4.000e-03 -1.440 -1.467 -1.065 -2.046
0.004 -0.58336 8.48500 3.0630917549 2.5963646637    3.063  2.537  3.7269  2.247    5  0.000  0.350     0.00     0.00     0.00     0.00     0.00 -1    -1e-30      0.00 7.150e-01 2.810e-01 4.142e-04 6.945e-04 1.576e-03 -1.000 4.000e-03 -1.572 -1.621 -1.246 -2.173
0.004 -0.58336 8.48500 3.0666410923 2.5964211874    3.067  2.574  3.7384  2.257    5  0.000  0.350     0.00     0.00     0.00     0.00     0.00 -1    -1e-30      0.00 7.150e-01 2.810e-01 4.142e-04 6.944e-04 1.576e-03 -1.000 4.000e-03 -1.664 -1.731 -1.381 -2.257
0.004 -0.58336 8.48500 3.0694117546 2.5964652062    3.069  2.589  3.7431  2.260    5  0.000  0.351     0.00     0.00     0.00     0.00     0.00 -1    -1e-30      0.00 7.150e-01 2.810e-01 4.142e-04 6.943e-04 1.576e-03 -1.000 4.000e-03 -1.704 -1.777 -1.437 -2.292
0.004 -0.58336 8.48500 3.0721004009 2.5965078346    3.072  2.602  3.7468  2.262    5  0.000  0.351     0.00     0.00     0.00     0.00     0.00 -1    -1e-30      0.00 7.151e-01 2.809e-01 4.143e-04 6.942e-04 1.576e-03 -1.000 4.000e-03 -1.736 -1.814 -1.482 -2.322
0.004 -0.58336 8.48500 3.0744333267 2.5965447536    3.074  2.613  3.7499  2.264    5  0.000  0.351     0.00     0.00     0.00     0.00     0.00 -1    -1e-30      0.00 7.151e-01 2.809e-01 4.143e-04 6.941e-04 1.576e-03 -1.000 4.000e-03 -1.762 -1.846 -1.519 -2.346
0.004 -0.58336 8.48500 3.0772697926 2.5965895545    3.077  2.620  3.7519  2.266    5  0.000  0.351     0.00     0.00     0.00     0.00     0.00 -1    -1e-30      0.00 7.151e-01 2.809e-01 4.143e-04 6.940e-04 1.576e-03 -1.000 4.000e-03 -1.780 -1.866 -1.544 -2.362
0.004 -0.58336 8.48500 3.0975792408 2.5969075802    3.097  2.666  3.7575  2.245    5  0.000  0.351     0.00     0.00     0.00     0.00     0.00 -1    -1e-30      0.00 7.153e-01 2.807e-01 4.145e-04 6.933e-04 1.576e-03 -1.000 4.000e-03 -1.894 -1.987 -1.677 -2.470
0.004 -0.58336 8.48500 3.1183524132 2.5972279440    3.118  2.710  3.7617  2.221    5  0.000  0.351     0.00     0.00     0.00     0.00     0.00 -1    -1e-30      0.00 7.156e-01 2.804e-01 4.147e-04 6.926e-04 1.577e-03 -1.000 4.000e-03 -2.004 -2.103 -1.802 -2.576
0.004 -0.58336 8.48500 3.1244103909 2.5973204479    3.124  2.720  3.7603  2.205    6  0.000  0.351     0.00     0.00     0.00     0.00     0.00 -1    -1e-30      0.00 7.156e-01 2.804e-01 4.147e-04 6.924e-04 1.577e-03 -1.000 4.000e-03 -2.031 -2.129 -1.824 -2.605
0.004 -0.58336 8.48500 3.1380233765 2.5975268174    3.138  2.741  3.7522  2.155    6  0.000  0.351     0.00     0.00     0.00     0.00     0.00 -1    -1e-30      0.00 7.158e-01 2.802e-01 4.149e-04 6.919e-04 1.577e-03 -1.000 4.000e-03 -2.082 -2.170 -1.849 -2.665
0.004 -0.58336 8.48500 3.1458055973 2.5976438717    3.145  2.750  3.7451  2.118    6  0.000  0.351     0.00     0.00     0.00     0.00     0.00 -1    -1e-30      0.00 7.158e-01 2.802e-01 4.149e-04 6.916e-04 1.578e-03 -1.000 4.000e-03 -2.105 -2.185 -1.848 -2.696
0.004 -0.58336 8.48500 3.1517641544 2.5977330465    3.151  2.753  3.7364  2.081    6  0.000  0.351     0.00     0.00     0.00     0.00     0.00 -1    -1e-30      0.00 7.159e-01 2.801e-01 4.150e-04 6.914e-04 1.578e-03 -1.000 4.000e-03 -2.112 -2.179 -1.824 -2.710
0.004 -0.58336 8.48500 3.1584038734 2.5978319599    3.158  2.747  3.7248  2.041    6  0.000  0.351     0.00     0.00     0.00     0.00     0.00 -1    -1e-30      0.00 7.160e-01 2.800e-01 4.150e-04 6.912e-04 1.578e-03 -1.000 4.000e-03 -2.098 -2.147 -1.765 -2.704
0.004 -0.58336 8.48500 3.1621432304 2.5978874557    3.162  2.733  3.7153  2.018    6  0.000  0.351     0.00     0.00     0.00     0.00     0.00 -1    -1e-30      0.00 7.160e-01 2.800e-01 4.151e-04 6.911e-04 1.578e-03 -1.000 4.000e-03 -2.063 -2.094 -1.690 -2.673
0.004 -0.58336 8.48500 3.1643006802 2.5979194058    3.164  2.715  3.7072  2.004    6  0.000  0.351     0.00     0.00     0.00     0.00     0.00 -1    -1e-30      0.00 7.160e-01 2.800e-01 4.151e-04 6.910e-04 1.578e-03 -1.000 4.000e-03 -2.018 -2.033 -1.611 -2.630
0.004 -0.58336 8.48500 3.1662373543 2.5979480437    3.166  2.703  3.6979  1.979    6  0.000  0.351     0.00     0.00     0.00     0.00     0.00 -1    -1e-30      0.00 7.161e-01 2.799e-01 4.151e-04 6.909e-04 1.578e-03 -1.000 4.000e-03 -1.988 -1.982 -1.537 -2.600
0.004 -0.58336 8.48500 3.1676020622 2.5979681997    3.167  2.718  3.6879  1.924    6  0.000  0.351     0.00     0.00     0.00     0.00     0.00 -1    -1e-30      0.00 7.161e-01 2.799e-01 4.151e-04 6.909e-04 1.578e-03 -1.000 4.000e-03 -2.026 -1.994 -1.523 -2.635
0.004 -0.58336 8.48500 3.1678676605 2.5979721201    3.167  2.738  3.6835  1.886    6  0.000  0.351     0.00     0.00     0.00     0.00     0.00 -1    -1e-30      0.00 7.161e-01 2.799e-01 4.151e-04 6.909e-04 1.578e-03 -1.000 4.000e-03 -2.075 -2.032 -1.549 -2.684
0.004 -0.58336 8.48500 3.1678860188 2.5979723911    3.167  2.744  3.6828  1.878    7  0.000  0.351     4.98     3.84     2.86     2.09     1.70  4    -1e-30      0.00 7.161e-01 2.799e-01 4.151e-04 6.909e-04 1.578e-03 -1.000 4.000e-03 -2.089 -2.044 -1.559 -2.698
0.004 -0.58336 8.48500 3.1679816246 2.5979738021    3.167  2.790  3.6775  1.810    7  0.000  0.351     5.70     4.34     3.21     2.35     1.92  4    -1e-30      0.00 7.161e-01 2.799e-01 4.151e-04 6.909e-04 1.578e-03 -1.000 4.000e-03 -2.206 -2.148 -1.647 -2.815
0.004 -0.58336 8.48500 3.1680476665 2.5979747767    3.167  2.830  3.6733  1.753    7  0.000  0.351     6.39     4.81     3.54     2.60     2.12  4    -1e-30      0.00 7.161e-01 2.799e-01 4.151e-04 6.909e-04 1.578e-03 -1.000 4.000e-03 -2.306 -2.238 -1.724 -2.915
0.004 -0.58336 8.48500 3.1682016850 2.5979770495    3.168  2.851  3.6717  1.726    7  0.000  0.351     6.75     5.05     3.71     2.72     2.23  4    -1e-30      0.00 7.161e-01 2.799e-01 4.151e-04 6.909e-04 1.578e-03 -1.000 4.000e-03 -2.358 -2.285 -1.766 -2.966
0.004 -0.58336 8.48500 3.1684184074 2.5979802472    3.168  2.808  3.6759  1.786    7  0.000  0.351     5.99     4.53     3.35     2.45     2.00  4    -1e-30      0.00 7.161e-01 2.799e-01 4.151e-04 6.909e-04 1.578e-03 -1.000 4.000e-03 -2.251 -2.190 -1.684 -2.860
0.004 -0.58336 8.48500 3.1689174175 2.5979876079    3.168  2.848  3.6714  1.729    7  0.000  0.351     6.72     5.03     3.70     2.71     2.22  4    -1e-30      0.00 7.161e-01 2.799e-01 4.151e-04 6.908e-04 1.578e-03 -1.000 4.000e-03 -2.349 -2.276 -1.756 -2.957
0.004 -0.58336 8.48500 3.1691687107 2.5979913137    3.169  2.885  3.6679  1.678    7  0.000  0.351     7.44     5.51     4.04     2.97     2.42  4    -1e-30      0.00 7.161e-01 2.799e-01 4.151e-04 6.908e-04 1.578e-03 -1.000 4.000e-03 -2.443 -2.359 -1.828 -3.049
0.004 -0.58336 8.48500 3.1694822311 2.5979959361    3.169  2.923  3.6643  1.625    7  0.000  0.351     8.27     6.06     4.42     3.25     2.66  4    -1e-30      0.00 7.161e-01 2.799e-01 4.151e-04 6.908e-04 1.578e-03 -1.000 4.000e-03 -2.537 -2.441 -1.899 -3.140
0.004 -0.58336 8.48500 3.1698753834 2.5980017311    3.169  2.961  3.6607  1.572    7  0.000  0.351     9.19     6.67     4.84     3.57     2.92  4    -1e-30      0.00 7.161e-01 2.799e-01 4.151e-04 6.908e-04 1.578e-03 -1.000 4.000e-03 -2.634 -2.526 -1.972 -3.233
0.004 -0.58336 8.48500 3.1703274250 2.5980083921    3.170  3.001  3.6573  1.519    7  0.000  0.351    10.22     7.34     5.31     3.92     3.20  4    -1e-30      0.00 7.161e-01 2.799e-01 4.151e-04 6.908e-04 1.578e-03 -1.000 4.000e-03 -2.732 -2.611 -2.047 -3.327
0.004 -0.58336 8.48500 3.1708059311 2.5980154407    3.170  3.041  3.6537  1.465    7  0.000  0.351    11.41     8.10     5.83     4.31     3.53  4    -1e-30      0.00 7.161e-01 2.799e-01 4.151e-04 6.908e-04 1.578e-03 -1.000 4.000e-03 -2.833 -2.697 -2.120 -3.421
0.004 -0.58336 8.48500 3.1712794304 2.5980224132    3.171  3.082  3.6500  1.409    7  0.000  0.350    12.75     8.95     6.42     4.75     3.89  4    -1e-30      0.00 7.161e-01 2.799e-01 4.149e-04 6.909e-04 1.578e-03 -1.000 4.000e-03 -2.935 -2.782 -2.193 -3.516
0.004 -0.58336 8.48500 3.1717290878 2.5980290323    3.171  3.123  3.6465  1.354    7  0.000  0.350    14.24     9.89     7.06     5.23     4.28  4    -1e-30      0.00 7.161e-01 2.799e-01 4.138e-04 6.917e-04 1.578e-03 -1.000 4.000e-03 -3.037 -2.867 -2.265 -3.611
0.004 -0.58336 8.48500 3.1721453667 2.5980351582    3.172  3.164  3.6429  1.299    7  0.000  0.348    15.91    10.93     7.76     5.76     4.72  4    -1e-30      0.00 7.161e-01 2.799e-01 4.118e-04 6.939e-04 1.578e-03 -1.000 4.000e-03 -3.140 -2.953 -2.338 -3.706
0.004 -0.58336 8.48500 3.1725234985 2.5980407211    3.172  3.205  3.6392  1.243    7  0.000  0.346    17.81    12.10     8.56     6.36     5.21  4    -1e-30      0.00 7.161e-01 2.799e-01 4.093e-04 6.969e-04 1.578e-03 -1.000 4.000e-03 -3.243 -3.037 -2.409 -3.801
0.004 -0.58336 8.48500 3.1728651524 2.5980457460    3.172  3.246  3.6355  1.187    7  0.000  0.344    19.92    13.39     9.42     7.01     5.75  4    -1e-30      0.00 7.161e-01 2.799e-01 4.072e-04 6.995e-04 1.578e-03 -1.000 4.000e-03 -3.346 -3.121 -2.478 -3.894
0.004 -0.58336 8.48500 3.1731755733 2.5980503105    3.173  3.287  3.6320  1.132    7  0.000  0.343    22.25    14.79    10.36     7.72     6.33  4    -1e-30      0.00 7.161e-01 2.799e-01 4.056e-04 7.015e-04 1.578e-03 -1.000 4.000e-03 -3.449 -3.205 -2.549 -3.988
0.004 -0.58336 8.48500 3.1734595299 2.5980544850    3.173  3.329  3.6283  1.076    7  0.000  0.341    24.88    16.35    11.41     8.52     6.98  4    -1e-30      0.00 7.161e-01 2.799e-01 4.041e-04 7.033e-04 1.578e-03 -1.000 4.000e-03 -3.551 -3.288 -2.617 -4.081
0.004 -0.58336 8.48500 3.1737205982 2.5980583222    3.173  3.369  3.6246  1.020    7  0.000  0.340    27.83    18.10    12.56     9.39     7.70  4    -1e-30      0.00 7.161e-01 2.799e-01 4.029e-04 7.049e-04 1.578e-03 -1.000 4.000e-03 -3.654 -3.368 -2.682 -4.172
0.004 -0.58336 8.48500 3.1739625931 2.5980618784    3.173  3.410  3.6208  0.964    7  0.000  0.340    31.14    20.02    13.84    10.36     8.50  4 -5.61e-29      0.00 7.161e-01 2.799e-01 4.018e-04 7.065e-04 1.577e-03 -1.000 4.008e-03 -3.756 -3.448 -2.746 -4.263
0.004 -0.58336 8.48500 3.1741862297 2.5980651643    3.173  3.451  3.6163  0.905    7  0.000  0.339    35.06    22.28    15.32    11.49     9.42  4 -1.14e-08      0.00 7.161e-01 2.798e-01 4.011e-04 7.077e-04 1.577e-03 -1.000 4.100e-03 -3.858 -3.522 -2.799 -4.350
0.004 -0.58336 8.48500 3.1743941307 2.5980682185    3.173  3.492  3.6126  0.850    7  0.000  0.339    39.20    24.64    16.87    12.67    10.39  4 -1.37e-08      0.00 7.161e-01 2.798e-01 4.003e-04 7.096e-04 1.576e-03 -1.000 4.100e-03 -3.961 -3.601 -2.860 -4.440
0.004 -0.58336 8.48500 3.1745874882 2.5980710587    3.172  3.533  3.6089  0.794    7  0.000  0.338    43.85    27.25    18.57    13.97    11.47  3 -1.65e-08      0.00 7.160e-01 2.798e-01 3.997e-04 7.117e-04 1.575e-03 -1.000 4.196e-03 -4.063 -3.679 -2.920 -4.529
0.004 -0.58336 8.48500 3.1747665405 2.5980736883    3.172  3.574  3.6053  0.738    7  0.000  0.338    49.01    30.12    20.44    15.40    12.64  3 -1.98e-08      0.00 7.160e-01 2.798e-01 3.991e-04 7.140e-04 1.573e-03 -1.000 4.112e-03 -4.165 -3.756 -2.979 -4.618
0.004 -0.58336 8.48500 3.1749327183 2.5980761286    3.171  3.615  3.6016  0.683    7  0.000  0.338    54.82    33.32    22.51    16.98    13.94  3 -2.38e-08      0.00 7.160e-01 2.799e-01 3.985e-04 7.163e-04 1.571e-03 -1.000 4.191e-03 -4.268 -3.833 -3.037 -4.706
0.004 -0.58336 8.48500 3.1750879288 2.5980784076    3.170  3.656  3.5979  0.627    7  0.000  0.338    61.32    36.86    24.78    18.72    15.38  3 -2.87e-08      0.00 7.159e-01 2.799e-01 3.980e-04 7.188e-04 1.569e-03 -1.000 4.197e-03 -4.370 -3.908 -3.091 -4.793
0.004 -0.58336 8.48500 3.1752340794 2.5980805533    3.169  3.697  3.5943  0.571    7  0.000  0.338    68.56    40.75    27.28    20.64    16.95  3 -3.45e-08      0.00 7.158e-01 2.801e-01 3.975e-04 7.210e-04 1.567e-03 -1.000 4.112e-03 -4.472 -3.982 -3.145 -4.880
0.004 -0.58336 8.48500 3.1753709316 2.5980825623    3.168  3.738  3.5905  0.515    7  0.000  0.338    76.74    45.11    30.05    22.78    18.71  3 -4.16e-08      0.00 7.155e-01 2.804e-01 3.970e-04 7.232e-04 1.565e-03 -1.000 4.102e-03 -4.574 -4.056 -3.197 -4.965
0.004 -0.58336 8.48500 3.1755006313 2.5980844661    3.167  3.779  3.5865  0.458    7  0.000  0.338    85.99    49.97    33.14    25.16    20.67  3    -5e-08      0.00 7.151e-01 2.807e-01 3.965e-04 7.253e-04 1.564e-03 -1.000 4.199e-03 -4.677 -4.125 -3.240 -5.049
0.004 -0.58336 8.48500 3.1756236553 2.5980862717    3.165  3.819  3.5826  0.402    7  0.000  0.338    96.33    55.35    36.54    27.78    22.83  2 -6.78e-08      0.00 7.146e-01 2.812e-01 3.961e-04 7.275e-04 1.562e-03 -1.000 4.112e-03 -4.778 -4.193 -3.281 -5.132
0.004 -0.58336 8.48500 3.1757423878 2.5980880142    3.163  3.860  3.5786  0.344    7  0.000  0.338   108.02    61.37    40.32    30.70    25.24  2    -1e-07      0.00 7.137e-01 2.821e-01 3.955e-04 7.302e-04 1.559e-03 -1.000 4.200e-03 -4.880 -4.258 -3.317 -5.213
0.004 -0.58336 8.48500 3.1758570671 2.5980896971    3.160  3.901  3.5745  0.286    7  0.000  0.338   121.30    68.13    44.55    33.97    27.94  2 -1.51e-07      0.00 7.127e-01 2.832e-01 3.949e-04 7.332e-04 1.557e-03 -1.000 4.111e-03 -4.983 -4.320 -3.345 -5.292
0.004 -0.58336 8.48500 3.1759650707 2.5980912819    3.155  3.941  3.5704  0.230    7  0.000  0.338   135.82    75.43    49.10    37.50    30.85  2 -2.29e-07      0.00 7.113e-01 2.845e-01 3.942e-04 7.367e-04 1.554e-03 -1.000 4.188e-03 -5.082 -4.380 -3.370 -5.368
0.004 -0.58336 8.48500 3.1760768890 2.5980929225    3.148  3.982  3.5659  0.169    7  0.000  0.338   153.24    84.10    54.47    41.68    34.29  2  -3.5e-07      0.00 7.081e-01 2.878e-01 3.924e-04 7.449e-04 1.547e-03 -1.000 4.104e-03 -5.185 -4.432 -3.376 -5.441
0.004 -0.58336 8.48500 3.1761853695 2.5980945140    3.136  4.023  3.5611  0.107    7  0.000  0.338   173.33    93.98    60.57    46.42    38.20  2 -5.43e-07      0.00 7.042e-01 2.917e-01 3.904e-04 7.547e-04 1.539e-03 -1.000 4.107e-03 -5.289 -4.480 -3.375 -5.512
0.004 -0.58336 8.48500 3.1762866974 2.5980960005    3.120  4.064  3.5562  0.045    7  0.000  0.338   196.19   105.10    67.39    51.74    42.59  2 -8.44e-07      0.00 7.017e-01 2.942e-01 3.891e-04 7.610e-04 1.533e-03 -1.000 4.100e-03 -5.390 -4.515 -3.346 -5.574
0.004 -0.58336 8.48500 3.1763808727 2.5980973820    3.096  4.103  3.5511 -0.017    7  0.000  0.338   221.65   117.37    74.87    57.59    47.42  2 -1.28e-06      0.01 7.005e-01 2.954e-01 3.884e-04 7.640e-04 1.531e-03 -1.000 4.106e-03 -5.486 -4.538 -3.296 -5.626
0.004 -0.58336 8.48500 3.1764755249 2.5980987703    3.058  4.139  3.5460 -0.079    7  0.000  0.338   249.73   130.80    83.01    63.98    52.69  2 -1.94e-06      0.01 6.997e-01 2.962e-01 3.880e-04 7.660e-04 1.529e-03 -1.000 4.106e-03 -5.576 -4.541 -3.207 -5.662
0.004 -0.58336 8.48500 3.1766188145 2.5981008719    2.973  4.146  3.5430 -0.110    7  0.000  0.338   263.34   137.44    86.97    67.16    55.30  2  -2.3e-06      0.02 6.991e-01 2.968e-01 3.877e-04 7.675e-04 1.528e-03 -1.000 4.100e-03 -5.595 -4.506 -3.114 -5.647
0.004 -0.58336 8.48500 3.1766488552 2.5981013125    2.958  4.108  3.5472 -0.058    7  0.000  0.338   237.08   124.95    79.40    61.24    50.41  2 -1.58e-06      0.01 6.991e-01 2.968e-01 3.877e-04 7.675e-04 1.528e-03 -1.000 4.100e-03 -5.500 -4.489 -3.179 -5.601
0.004 -0.58336 8.48500 3.1766605377 2.5981014838    2.953  4.067  3.5519  0.001    7  0.000  0.338   210.55   112.17    71.62    55.15    45.39  2 -1.04e-06      0.00 6.991e-01 2.968e-01 3.877e-04 7.675e-04 1.528e-03 -1.000 4.100e-03 -5.397 -4.464 -3.236 -5.546
0.004 -0.58336 8.48500 3.1766672134 2.5981015817    2.952  4.022  3.5569  0.066    7  0.000  0.338   185.05    99.74    64.02    49.22    40.49  2 -6.58e-07      0.00 6.991e-01 2.968e-01 3.877e-04 7.675e-04 1.528e-03 -1.000 4.100e-03 -5.285 -4.423 -3.265 -5.476
0.004 -0.58336 8.48500 3.1766719818 2.5981016516    2.951  3.980  3.5615  0.126    7  0.000  0.338   164.26    89.50    57.73    44.31    36.45  2 -4.34e-07      0.00 6.991e-01 2.968e-01 3.877e-04 7.675e-04 1.528e-03 -1.000 4.100e-03 -5.181 -4.378 -3.279 -5.408
0.004 -0.58336 8.48500 3.1766760349 2.5981017111    2.951  3.945  3.5654  0.177    7  0.000  0.338   148.37    81.59    52.84    40.50    33.31  2 -2.96e-07      0.00 6.991e-01 2.968e-01 3.877e-04 7.675e-04 1.528e-03 -1.000 4.100e-03 -5.092 -4.334 -3.276 -5.345
0.004 -0.58336 8.48500 3.1766850948 2.5981018440    2.950  3.962  3.5637  0.153    7  0.000  0.338   155.62    85.21    55.08    42.25    34.75  2 -3.55e-07      0.00 6.991e-01 2.968e-01 3.877e-04 7.675e-04 1.528e-03 -1.000 4.100e-03 -5.134 -4.356 -3.280 -5.376
0.004 -0.58336 8.48500 3.1766898632 2.5981019139    2.950  3.998  3.5596  0.100    7  0.000  0.338   172.72    93.68    60.30    46.32    38.10  2 -5.12e-07      0.00 6.991e-01 2.968e-01 3.877e-04 7.675e-04 1.528e-03 -1.000 4.100e-03 -5.224 -4.399 -3.278 -5.438
0.004 -0.58336 8.48500 3.1766977310 2.5981020293    2.948  4.035  3.5554  0.046    7  0.000  0.338   192.54   103.41    66.27    50.97    41.94  2 -7.59e-07      0.00 6.991e-01 2.968e-01 3.877e-04 7.675e-04 1.528e-03 -1.000 4.100e-03 -5.318 -4.434 -3.255 -5.496
0.004 -0.58336 8.48500 3.1767115593 2.5981022321    2.945  4.050  3.5537  0.024    7  0.000  0.338   200.82   107.45    68.74    52.90    43.53  2 -8.87e-07      0.00 6.991e-01 2.968e-01 3.877e-04 7.675e-04 1.528e-03 -1.000 4.100e-03 -5.354 -4.446 -3.244 -5.518
0.004 -0.58336 8.48500 3.1767134666 2.5981022600    2.945  4.016  3.5576  0.073    7  0.000  0.338   182.22    98.36    63.17    48.56    39.95  2 -6.21e-07      0.00 6.991e-01 2.968e-01 3.877e-04 7.675e-04 1.528e-03 -1.000 4.100e-03 -5.270 -4.416 -3.267 -5.467
0.004 -0.58336 8.48500 3.1767172813 2.5981023160    2.944  4.043  3.5544  0.033    7  0.000  0.338   197.26   105.72    67.68    52.08    42.85  2 -8.36e-07      0.00 6.991e-01 2.968e-01 3.877e-04 7.675e-04 1.528e-03 -1.000 4.100e-03 -5.338 -4.440 -3.247 -5.508
0.004 -0.58336 8.48500 3.1767220497 2.5981023859    2.943  4.080  3.5501 -0.021    7  0.000  0.338   219.80   116.66    74.35    57.30    47.16  2 -1.21e-06      0.01 6.991e-01 2.968e-01 3.877e-04 7.675e-04 1.528e-03 -1.000 4.100e-03 -5.431 -4.471 -3.217 -5.563
0.004 -0.58336 8.48500 3.1767356396 2.5981025852    2.938  4.114  3.5460 -0.072    7  0.000  0.338   243.13   127.88    81.16    62.63    51.56  2 -1.75e-06      0.01 6.991e-01 2.968e-01 3.877e-04 7.675e-04 1.528e-03 -1.000 4.100e-03 -5.515 -4.483 -3.151 -5.603
0.004 -0.58336 8.48500 3.1767392159 2.5981026376    2.936  4.117  3.5457 -0.076    7  0.000  0.338   244.87   128.72    81.67    63.03    51.89  2 -1.77e-06      0.01 6.991e-01 2.968e-01 3.877e-04 7.675e-04 1.528e-03 -1.000 4.100e-03 -5.521 -4.485 -3.147 -5.606
