Zini MH logAge Mini int_IMF Mass logL logTe logg label McoreTP C_O period0 period1 period2 period3 period4 pmode Mloss tau1m X Y Xc Xn Xo Cexcess Z mbolmag Gmag G_BPmag G_RPmag
0.006 -0.40400 7.53001 0.0900000036 1.0816895926    0.090 -2.360  3.4441  4.481    0  0.000  0.545     0.00     0.00     0.00     0.00     0.00 -1 -1.06e-15      0.00 7.349e-01 2.591e-01 1.079e-03 2.911e-04 2.640e-03 -1.000 6.000e-03 10.670 12.147 14.390 10.783
0.006 -0.40400 7.53001 0.0982837304 1.1566077607    0.098 -2.301  3.4509  4.487    0  0.000  0.545     0.00     0.00     0.00     0.00     0.00 -1 -1.16e-15      0.00 7.349e-01 2.591e-01 1.079e-03 2.911e-04 2.640e-03 -1.000 6.000e-03 10.522 11.928 14.066 10.584
0.006 -0.40400 7.53001 0.0992424265 1.1647467926    0.099 -2.294  3.4517  4.488    0  0.000  0.545     0.00     0.00     0.00     0.00     0.00 -1 -1.17e-15      0.00 7.349e-01 2.591e-01 1.079e-03 2.911e-04 2.640e-03 -1.000 6.000e-03 10.506 11.904 14.029 10.562
0.006 -0.40400 7.53001 0.0998269320 1.1696590764    0.100 -2.291  3.4521  4.488    0  0.000  0.545     0.00     0.00     0.00     0.00     0.00 -1 -1.18e-15      0.00 7.349e-01 2.591e-01 1.079e-03 2.911e-04 2.640e-03 -1.000 6.000e-03 10.497 11.890 14.009 10.550
0.006 -0.40400 7.53001 0.1120567992 1.2645917503    0.112 -2.214  3.4606  4.495    0  0.000  0.545     0.00     0.00     0.00     0.00     0.00 -1 -1.31e-15      0.00 7.349e-01 2.591e-01 1.079e-03 2.911e-04 2.640e-03 -1.000 6.000e-03 10.305 11.610 13.593 10.297
0.006 -0.40400 7.53001 0.1177272722 1.3041497160    0.117 -2.181  3.4643  4.499    0  0.000  0.545     0.00     0.00     0.00     0.00     0.00 -1 -1.38e-15      0.00 7.349e-01 2.591e-01 1.079e-03 2.911e-04 2.640e-03 -1.000 6.000e-03 10.223 11.492 13.421 10.190
0.006 -0.40400 7.53001 0.1193680465 1.3151361833    0.119 -2.172  3.4653  4.500    0  0.000  0.545     0.00     0.00     0.00     0.00     0.00 -1 -1.39e-15      0.00 7.349e-01 2.591e-01 1.079e-03 2.911e-04 2.640e-03 -1.000 6.000e-03 10.201 11.460 13.376 10.162
0.006 -0.40400 7.53001 0.1362121254 1.4176547699    0.136 -2.086  3.4747  4.508    0  0.000  0.545     0.00     0.00     0.00     0.00     0.00 -1 -1.58e-15      0.00 7.349e-01 2.591e-01 1.079e-03 2.911e-04 2.640e-03 -1.000 6.000e-03 9.984 11.154 12.942 9.886
0.006 -0.40400 7.53001 0.1546969712 1.5127164559    0.154 -2.002  3.4831  4.513    0  0.000  0.545     0.00     0.00     0.00     0.00     0.00 -1 -1.78e-15      0.00 7.349e-01 2.591e-01 1.079e-03 2.911e-04 2.640e-03 -1.000 6.000e-03 9.775 10.866 12.541 9.625
0.006 -0.40400 7.53001 0.1916666627 1.6648171703    0.191 -1.866  3.4965  4.523    0  0.000  0.545     0.00     0.00     0.00     0.00     0.00 -1 -2.17e-15      0.00 7.349e-01 2.591e-01 1.079e-03 2.911e-04 2.640e-03 -1.000 6.000e-03 9.435 10.410 11.929 9.214
0.006 -0.40400 7.53001 0.2051760107 1.7111490775    0.204 -1.822  3.5008  4.525    0  0.000  0.545     0.00     0.00     0.00     0.00     0.00 -1 -2.32e-15      0.00 7.349e-01 2.591e-01 1.079e-03 2.911e-04 2.640e-03 -1.000 6.000e-03 9.325 10.265 11.739 9.083
0.006 -0.40400 7.53001 0.2482952625 1.8359794368    0.247 -1.697  3.5127  4.531    0  0.000  0.545     0.00     0.00     0.00     0.00     0.00 -1 -2.78e-15      0.00 7.349e-01 2.591e-01 1.079e-03 2.911e-04 2.640e-03 -1.000 6.000e-03 9.014 9.864 11.225 8.720
0.006 -0.40400 7.53001 0.2701872885 1.8890332311    0.269 -1.642  3.5179  4.534    0  0.000  0.545     0.00     0.00     0.00     0.00     0.00 -1 -3.01e-15      0.00 7.349e-01 2.591e-01 1.079e-03 2.911e-04 2.640e-03 -1.000 6.000e-03 8.876 9.689 11.004 8.561
0.006 -0.40400 7.53001 0.2996418476 1.9521961469    0.299 -1.576  3.5241  4.537    0  0.000  0.545     0.00     0.00     0.00     0.00     0.00 -1 -3.31e-15      0.00 7.349e-01 2.591e-01 1.079e-03 2.911e-04 2.640e-03 -1.000 6.000e-03 8.710 9.481 10.746 8.372
0.006 -0.40400 7.53001 0.3295005858 2.0084800854    0.329 -1.515  3.5298  4.541    0  0.000  0.545     0.00     0.00     0.00     0.00     0.00 -1 -3.64e-15      0.00 7.349e-01 2.591e-01 1.079e-03 2.911e-04 2.640e-03 -1.000 6.000e-03 8.557 9.291 10.512 8.199
0.006 -0.40400 7.53001 0.3303030431 2.0099003913    0.329 -1.513  3.5300  4.541    0  0.000  0.545     0.00     0.00     0.00     0.00     0.00 -1 -3.64e-15      0.00 7.349e-01 2.591e-01 1.079e-03 2.911e-04 2.640e-03 -1.000 6.000e-03 8.553 9.286 10.506 8.194
0.006 -0.40400 7.53001 0.3336213529 2.0157263425    0.333 -1.507  3.5306  4.541    0  0.000  0.545     0.00     0.00     0.00     0.00     0.00 -1 -3.68e-15      0.00 7.349e-01 2.591e-01 1.079e-03 2.911e-04 2.640e-03 -1.000 6.000e-03 8.537 9.266 10.482 8.176
0.006 -0.40400 7.53001 0.3765151799 2.0848521217    0.376 -1.426  3.5379  4.543    0  0.000  0.545     0.00     0.00     0.00     0.00     0.00 -1 -4.16e-15      0.00 7.349e-01 2.591e-01 1.079e-03 2.911e-04 2.640e-03 -1.000 6.000e-03 8.336 9.020 10.184 7.951
0.006 -0.40400 7.53001 0.4060240686 2.1267219867    0.405 -1.372  3.5430  4.541    0  0.000  0.545     0.00     0.00     0.00     0.00     0.00 -1 -4.55e-15      0.00 7.349e-01 2.591e-01 1.079e-03 2.911e-04 2.640e-03 -1.000 6.000e-03 8.199 8.853 9.984 7.799
0.006 -0.40400 7.53001 0.4227272868 2.1487074326    0.422 -1.343  3.5457  4.541    0  0.000  0.545     0.00     0.00     0.00     0.00     0.00 -1 -4.77e-15      0.00 7.349e-01 2.591e-01 1.079e-03 2.911e-04 2.640e-03 -1.000 6.000e-03 8.128 8.766 9.879 7.720
0.006 -0.40400 7.53001 0.4689394236 2.2040773004    0.468 -1.264  3.5542  4.541    0  0.000  0.545     0.00     0.00     0.00     0.00     0.00 -1 -5.43e-15      0.00 7.349e-01 2.591e-01 1.079e-03 2.911e-04 2.640e-03 -1.000 6.000e-03 7.929 8.518 9.578 7.497
0.006 -0.40400 7.53001 0.5151515603 2.2525465222    0.515 -1.180  3.5634  4.535    0  0.000  0.545     0.00     0.00     0.00     0.00     0.00 -1 -6.33e-15      0.00 7.349e-01 2.591e-01 1.079e-03 2.911e-04 2.640e-03 -1.000 6.000e-03 7.720 8.256 9.261 7.262
0.006 -0.40400 7.53001 0.5538063049 2.2867847302    0.553 -1.098  3.5741  4.527    0  0.000  0.545     0.00     0.00     0.00     0.00     0.00 -1 -7.42e-15      0.00 7.349e-01 2.591e-01 1.079e-03 2.911e-04 2.640e-03 -1.000 6.000e-03 7.515 7.995 8.942 7.031
0.006 -0.40400 7.53001 0.5613636374 2.2928480160    0.561 -1.083  3.5762  4.527    0  0.000  0.545     0.00     0.00     0.00     0.00     0.00 -1 -7.63e-15      0.00 7.349e-01 2.591e-01 1.079e-03 2.911e-04 2.640e-03 -1.000 6.000e-03 7.478 7.947 8.883 6.988
0.006 -0.40400 7.53001 0.5619601011 2.2933185831    0.561 -1.082  3.5764  4.527    0  0.000  0.545     0.00     0.00     0.00     0.00     0.00 -1 -7.64e-15      0.00 7.349e-01 2.591e-01 1.079e-03 2.911e-04 2.640e-03 -1.000 6.000e-03 7.475 7.943 8.878 6.985
0.006 -0.40400 7.53001 0.5928022265 2.3161746791    0.592 -1.009  3.5874  4.522    0  0.000  0.545     0.00     0.00     0.00     0.00     0.00 -1 -8.81e-15      0.00 7.349e-01 2.591e-01 1.079e-03 2.911e-04 2.640e-03 -1.000 6.000e-03 7.293 7.709 8.592 6.780
0.006 -0.40400 7.53001 0.5993463397 2.3206777231    0.599 -0.990  3.5904  4.519    0  0.000  0.545     0.00     0.00     0.00     0.00     0.00 -1 -9.17e-15      0.00 7.349e-01 2.591e-01 1.079e-03 2.911e-04 2.640e-03 -1.000 6.000e-03 7.246 7.647 8.517 6.727
0.006 -0.40400 7.53001 0.6075757742 2.3261824018    0.607 -0.966  3.5943  4.516    0  0.000  0.545     0.00     0.00     0.00     0.00     0.00 -1 -9.65e-15      0.00 7.350e-01 2.590e-01 1.079e-03 2.911e-04 2.640e-03 -1.000 6.000e-03 7.185 7.571 8.425 6.660
0.006 -0.40400 7.53001 0.6200184226 2.3341870432    0.620 -0.929  3.6010  4.515    0  0.000  0.545     0.00     0.00     0.00     0.00     0.00 -1 -1.04e-14      0.00 7.350e-01 2.590e-01 1.079e-03 2.911e-04 2.640e-03 -1.000 6.000e-03 7.092 7.452 8.279 6.556
0.006 -0.40400 7.53001 0.6368533373 2.3444468450    0.637 -0.874  3.6111  4.513    0  0.000  0.545     0.00     0.00     0.00     0.00     0.00 -1 -1.17e-14      0.00 7.350e-01 2.590e-01 1.079e-03 2.911e-04 2.640e-03 -1.000 6.000e-03 6.956 7.277 8.062 6.407
0.006 -0.40400 7.53001 0.6529166698 2.3536713135    0.653 -0.817  3.6222  4.511    0  0.000  0.545     0.00     0.00     0.00     0.00     0.00 -1 -1.31e-14      0.00 7.350e-01 2.590e-01 1.079e-03 2.911e-04 2.640e-03 -1.000 6.000e-03 6.813 7.093 7.834 6.251
0.006 -0.40400 7.53001 0.6537879109 2.3541567464    0.654 -0.814  3.6228  4.511    0  0.000  0.545     0.00     0.00     0.00     0.00     0.00 -1 -1.32e-14      0.00 7.350e-01 2.590e-01 1.079e-03 2.911e-04 2.640e-03 -1.000 6.000e-03 6.806 7.082 7.821 6.242
0.006 -0.40400 7.53001 0.6573191881 2.3561091370    0.657 -0.801  3.6256  4.511    0  0.000  0.545     0.00     0.00     0.00     0.00     0.00 -1 -1.36e-14      0.00 7.350e-01 2.590e-01 1.079e-03 2.911e-04 2.640e-03 -1.000 6.000e-03 6.773 7.039 7.766 6.206
0.006 -0.40400 7.53001 0.6753298640 2.3657027622    0.675 -0.730  3.6410  4.514    0  0.000  0.545     0.00     0.00     0.00     0.00     0.00 -1 -1.57e-14      0.00 7.350e-01 2.590e-01 1.079e-03 2.911e-04 2.640e-03 -1.000 6.000e-03 6.596 6.796 7.458 6.008
0.006 -0.40400 7.53001 0.6922538877 2.3741963745    0.692 -0.663  3.6561  4.518    0  0.000  0.545     0.00     0.00     0.00     0.00     0.00 -1 -1.81e-14      0.00 7.350e-01 2.590e-01 1.079e-03 2.911e-04 2.640e-03 -1.000 6.000e-03 6.428 6.563 7.160 5.821
0.006 -0.40400 7.53001 0.6999999881 2.3779266974    0.700 -0.632  3.6632  4.520    0  0.000  0.545     0.00     0.00     0.00     0.00     0.00 -1 -1.92e-14      0.00 7.350e-01 2.590e-01 1.079e-03 2.911e-04 2.640e-03 -1.000 6.000e-03 6.350 6.458 7.028 5.736
0.006 -0.40400 7.53001 0.7092009783 2.3822361188    0.709 -0.592  3.6737  4.528    0  0.000  0.544     0.00     0.00     0.00     0.00     0.00 -1 -2.08e-14      0.00 7.350e-01 2.590e-01 1.076e-03 2.910e-04 2.640e-03 -1.000 6.000e-03 6.251 6.320 6.855 5.627
0.006 -0.40400 7.53001 0.7292777896 2.3912067401    0.729 -0.507  3.6956  4.542    0  0.000  0.541     0.00     0.00     0.00     0.00     0.00 -1 -2.45e-14      0.00 7.350e-01 2.590e-01 1.071e-03 2.908e-04 2.640e-03 -1.000 6.000e-03 6.038 6.041 6.513 5.401
0.006 -0.40400 7.53001 0.7488596439 2.3994254732    0.749 -0.427  3.7157  4.554    0  0.000  0.538     0.00     0.00     0.00     0.00     0.00 -1 -2.87e-14      0.00 7.350e-01 2.590e-01 1.065e-03 2.907e-04 2.640e-03 -1.000 6.000e-03 5.837 5.795 6.215 5.203
0.006 -0.40400 7.53001 0.7500000000 2.3998889087    0.750 -0.423  3.7168  4.555    0  0.000  0.538     0.00     0.00     0.00     0.00     0.00 -1 -2.89e-14      0.00 7.350e-01 2.590e-01 1.065e-03 2.907e-04 2.640e-03 -1.000 6.000e-03 5.827 5.783 6.201 5.193
0.006 -0.40400 7.53001 0.7657961249 2.4061454615    0.766 -0.371  3.7271  4.554    0  0.000  0.538     0.00     0.00     0.00     0.00     0.00 -1 -3.23e-14      0.00 7.350e-01 2.590e-01 1.065e-03 2.907e-04 2.640e-03 -1.000 6.000e-03 5.699 5.637 6.031 5.069
0.006 -0.40400 7.53001 0.7808372974 2.4118332228    0.781 -0.322  3.7372  4.553    0  0.000  0.538     0.00     0.00     0.00     0.00     0.00 -1 -3.59e-14      0.00 7.350e-01 2.590e-01 1.065e-03 2.907e-04 2.640e-03 -1.000 6.000e-03 5.575 5.499 5.871 4.953
0.006 -0.40400 7.53001 0.7870222926 2.4140996415    0.787 -0.307  3.7403  4.554    0  0.000  0.538     0.00     0.00     0.00     0.00     0.00 -1 -3.69e-14      0.00 7.350e-01 2.590e-01 1.065e-03 2.907e-04 2.640e-03 -1.000 6.000e-03 5.538 5.458 5.824 4.919
0.006 -0.40400 7.53001 0.8000000119 2.4187244405    0.800 -0.284  3.7455  4.559    0  0.000  0.538     0.00     0.00     0.00     0.00     0.00 -1 -3.85e-14      0.00 7.350e-01 2.590e-01 1.064e-03 2.907e-04 2.640e-03 -1.000 6.000e-03 5.480 5.396 5.750 4.868
0.006 -0.40400 7.53001 0.8229716420 2.4265009633    0.823 -0.247  3.7540  4.568    0  0.000  0.537     0.00     0.00     0.00     0.00     0.00 -1 -4.11e-14      0.00 7.350e-01 2.590e-01 1.064e-03 2.906e-04 2.640e-03 -1.000 6.000e-03 5.387 5.296 5.633 4.786
0.006 -0.40400 7.53001 0.8421396613 2.4326178331    0.842 -0.221  3.7606  4.579    0  0.000  0.537     0.00     0.00     0.00     0.00     0.00 -1 -4.27e-14      0.00 7.350e-01 2.590e-01 1.064e-03 2.906e-04 2.640e-03 -1.000 6.000e-03 5.323 5.228 5.552 4.732
0.006 -0.40400 7.53001 0.8500000238 2.4350346840    0.850 -0.214  3.7624  4.582    0  0.000  0.537     0.00     0.00     0.00     0.00     0.00 -1 -4.31e-14      0.00 7.350e-01 2.590e-01 1.064e-03 2.906e-04 2.640e-03 -1.000 6.000e-03 5.304 5.208 5.528 4.716
0.006 -0.40400 7.53001 0.8737338781 2.4420297149    0.873 -0.195  3.7671  4.594    0  0.000  0.537     0.00     0.00     0.00     0.00     0.00 -1 -4.38e-14      0.00 7.350e-01 2.590e-01 1.064e-03 2.906e-04 2.640e-03 -1.000 6.000e-03 5.257 5.159 5.470 4.678
0.006 -0.40400 7.53001 0.8999999762 2.4492786016    0.899 -0.157  3.7728  4.592    0  0.000  0.537     0.00     0.00     0.00     0.00     0.00 -1 -4.72e-14      0.00 7.351e-01 2.589e-01 1.064e-03 2.906e-04 2.639e-03 -1.000 6.000e-03 5.162 5.063 5.362 4.595
0.006 -0.40400 7.53001 0.9174363613 2.4538279538    0.917 -0.129  3.7763  4.587    0  0.000  0.538     0.00     0.00     0.00     0.00     0.00 -1    -5e-14      0.00 7.351e-01 2.589e-01 1.064e-03 2.906e-04 2.639e-03 -1.000 5.977e-03 5.093 4.995 5.287 4.534
0.006 -0.40400 7.53001 0.9499999881 2.4618121868    0.950 -0.066  3.7838  4.569    0  0.000  0.538     0.00     0.00     0.00     0.00     0.00 -1 -5.81e-14      0.00 7.351e-01 2.589e-01 1.064e-03 2.905e-04 2.639e-03 -1.000 5.981e-03 4.935 4.837 5.113 4.393
0.006 -0.40400 7.53001 0.9614666104 2.4644760417    0.961 -0.049  3.7858  4.565    0  0.000  0.538     0.00     0.00     0.00     0.00     0.00 -1 -6.01e-14      0.00 7.351e-01 2.589e-01 1.064e-03 2.905e-04 2.639e-03 -1.000 6.000e-03 4.894 4.795 5.068 4.357
0.006 -0.40400 7.53001 1.0000000000 2.4729154477    1.000  0.031  3.7947  4.538    0  0.000  0.538     0.00     0.00     0.00     0.00     0.00 -1  -7.3e-14      0.00 7.352e-01 2.588e-01 1.064e-03 2.904e-04 2.638e-03 -1.000 6.000e-03 4.692 4.596 4.852 4.177
0.006 -0.40400 7.53001 1.0499999523 2.4828114860    1.050  0.133  3.8055  4.500    0  0.000  0.537     0.00     0.00     0.00     0.00     0.00 -1 -8.71e-14      0.00 7.352e-01 2.588e-01 1.063e-03 2.905e-04 2.638e-03 -1.000 6.000e-03 4.438 4.345 4.581 3.951
0.006 -0.40400 7.53001 1.0689026117 2.4862765406    1.068  0.171  3.8096  4.486    0  0.000  0.537     0.00     0.00     0.00     0.00     0.00 -1 -9.26e-14      0.00 7.352e-01 2.588e-01 1.063e-03 2.905e-04 2.638e-03 -1.000 6.000e-03 4.343 4.252 4.481 3.867
0.006 -0.40400 7.53001 1.0759150982 2.4875264505    1.075  0.185  3.8111  4.481    0  0.000  0.538     0.00     0.00     0.00     0.00     0.00 -1 -9.48e-14      0.00 7.352e-01 2.588e-01 1.064e-03 2.905e-04 2.638e-03 -1.000 6.000e-03 4.309 4.218 4.444 3.837
0.006 -0.40400 7.53001 1.1000000238 2.4916801480    1.099  0.230  3.8160  4.465    0  0.000  0.538     0.00     0.00     0.00     0.00     0.00 -1 -1.02e-13      0.00 7.352e-01 2.588e-01 1.064e-03 2.905e-04 2.638e-03 -1.000 5.999e-03 4.195 4.106 4.323 3.735
0.006 -0.40400 7.53001 1.1499999762 2.4996678137    1.149  0.321  3.8264  4.435    0  0.000  0.538     0.00     0.00     0.00     0.00     0.00 -1 -1.17e-13      0.00 7.353e-01 2.587e-01 1.064e-03 2.904e-04 2.638e-03 -1.000 5.999e-03 3.966 3.880 4.080 3.533
0.006 -0.40400 7.53001 1.2000000477 2.5068948796    1.200  0.407  3.8366  4.409    0  0.000  0.538     0.00     0.00     0.00     0.00     0.00 -1  -1.3e-13      0.00 7.353e-01 2.587e-01 1.064e-03 2.904e-04 2.637e-03 -1.000 5.996e-03 3.753 3.669 3.853 3.345
0.006 -0.40400 7.53001 1.2500000000 2.5134610955    1.250  0.488  3.8478  4.390    0  0.000  0.538     0.00     0.00     0.00     0.00     0.00 -1 -1.42e-13      0.00 7.354e-01 2.586e-01 1.063e-03 2.904e-04 2.638e-03 -1.000 6.000e-03 3.549 3.469 3.636 3.171
0.006 -0.40400 7.53001 1.2999999523 2.5194498592    1.300  0.565  3.8609  4.383    0  0.000  0.538     0.00     0.00     0.00     0.00     0.00 -1 -1.49e-13      0.00 7.354e-01 2.586e-01 1.063e-03 2.903e-04 2.637e-03 -1.000 5.988e-03 3.358 3.283 3.431 3.015
0.006 -0.40400 7.53001 1.3500001431 2.5249313723    1.350  0.638  3.8758  4.386    0  0.000  0.538     0.00     0.00     0.00     0.00     0.00 -1 -1.51e-13      0.00 7.354e-01 2.586e-01 1.063e-03 2.903e-04 2.637e-03 -1.000 5.986e-03 3.176 3.108 3.234 2.875
0.006 -0.40400 7.53001 1.4000000954 2.5299650415    1.400  0.707  3.8917  4.397    0  0.000  0.538     0.00     0.00     0.00     0.00     0.00 -1 -1.47e-13      0.00 7.354e-01 2.586e-01 1.063e-03 2.903e-04 2.637e-03 -1.000 6.000e-03 3.004 2.946 3.050 2.752
0.006 -0.40400 7.53001 1.4431432486 2.5339875779    1.443  0.764  3.9051  4.406    0  0.000  0.538     0.00     0.00     0.00     0.00     0.00 -1  -1.4e-13      0.00 7.354e-01 2.586e-01 1.063e-03 2.902e-04 2.637e-03 -1.000 5.990e-03 2.860 2.815 2.901 2.654
0.006 -0.40400 7.53001 1.4500000477 2.5346015836    1.450  0.773  3.9072  4.407    0  0.000  0.538     0.00     0.00     0.00     0.00     0.00 -1 -1.38e-13      0.00 7.354e-01 2.586e-01 1.063e-03 2.902e-04 2.637e-03 -1.000 5.988e-03 2.838 2.795 2.878 2.639
0.006 -0.40400 7.53001 1.5000000000 2.5388844597    1.500  0.837  3.9218  4.416    0  0.000  0.538     0.00     0.00     0.00     0.00     0.00 -1 -1.25e-13      0.00 7.355e-01 2.585e-01 1.063e-03 2.903e-04 2.636e-03 -1.000 6.000e-03 2.678 2.655 2.718 2.534
0.006 -0.40400 7.53001 1.5499999523 2.5428511323    1.550  0.897  3.9355  4.425    0  0.000  0.538     0.00     0.00     0.00     0.00     0.00 -1 -1.05e-13      0.00 7.355e-01 2.585e-01 1.063e-03 2.903e-04 2.636e-03 -1.000 5.983e-03 2.528 2.532 2.578 2.444
0.006 -0.40400 7.53001 1.6000000238 2.5465340628    1.600  0.956  3.9485  4.433    1  0.000  0.538     0.00     0.00     0.00     0.00     0.00 -1 -7.83e-14      0.00 7.355e-01 2.585e-01 1.063e-03 2.902e-04 2.636e-03 -1.000 6.000e-03 2.381 2.420 2.452 2.359
0.006 -0.40400 7.53001 1.6499999762 2.5499614773    1.649  1.012  3.9609  4.439    0  0.000  0.538     0.00     0.00     0.00     0.00     0.00 -1 -4.36e-14      0.00 7.356e-01 2.584e-01 1.063e-03 2.902e-04 2.636e-03 -1.000 5.989e-03 2.241 2.320 2.341 2.280
0.006 -0.40400 7.53001 1.7000000477 2.5531580802    1.699  1.065  3.9724  4.445    0  0.000  0.537     0.00     0.00     0.00     0.00     0.00 -1    -1e-30      0.00 7.356e-01 2.584e-01 1.062e-03 2.902e-04 2.635e-03 -1.000 5.978e-03 2.108 2.230 2.242 2.208
0.006 -0.40400 7.53001 1.7500000000 2.5561455243    1.749  1.116  3.9834  4.450    0  0.000  0.537     0.00     0.00     0.00     0.00     0.00 -1    -1e-30      0.00 7.356e-01 2.584e-01 1.062e-03 2.901e-04 2.636e-03 -1.000 6.000e-03 1.979 2.145 2.149 2.138
0.006 -0.40400 7.53001 1.7999999523 2.5589429085    1.799  1.167  3.9939  4.454    0  0.000  0.537     0.00     0.00     0.00     0.00     0.00 -1    -1e-30      0.00 7.356e-01 2.584e-01 1.062e-03 2.901e-04 2.636e-03 -1.000 6.000e-03 1.853 2.064 2.061 2.070
0.006 -0.40400 7.53001 1.8473684788 2.5614330735    1.846  1.212  4.0032  4.457    0  0.000  0.537     0.00     0.00     0.00     0.00     0.00 -1    -1e-30      0.00 7.356e-01 2.584e-01 1.062e-03 2.901e-04 2.636e-03 -1.000 6.000e-03 1.741 1.993 1.986 2.010
0.006 -0.40400 7.53001 1.8947367668 2.5637805846    1.894  1.255  4.0119  4.460    1  0.000  0.537     0.00     0.00     0.00     0.00     0.00 -1    -1e-30      0.00 7.356e-01 2.584e-01 1.062e-03 2.901e-04 2.635e-03 -1.000 6.000e-03 1.632 1.925 1.913 1.950
0.006 -0.40400 7.53001 1.9421052933 2.5659969039    1.941  1.298  4.0204  4.462    0  0.000  0.537     0.00     0.00     0.00     0.00     0.00 -1    -1e-30      0.00 7.356e-01 2.584e-01 1.062e-03 2.901e-04 2.635e-03 -1.000 5.999e-03 1.525 1.859 1.842 1.892
0.006 -0.40400 7.53001 1.9894737005 2.5680922856    1.989  1.339  4.0284  4.463    1  0.000  0.537     0.00     0.00     0.00     0.00     0.00 -1    -1e-30      0.00 7.356e-01 2.584e-01 1.062e-03 2.901e-04 2.635e-03 -1.000 6.000e-03 1.422 1.796 1.776 1.836
0.006 -0.40400 7.53001 2.0368421078 2.5700759835    2.036  1.379  4.0360  4.464    0  0.000  0.537     0.00     0.00     0.00     0.00     0.00 -1    -1e-30      0.00 7.357e-01 2.583e-01 1.062e-03 2.901e-04 2.635e-03 -1.000 6.000e-03 1.322 1.734 1.710 1.780
0.006 -0.40400 7.53001 2.0842103958 2.5719563403    2.083  1.418  4.0432  4.464    1  0.000  0.537     0.00     0.00     0.00     0.00     0.00 -1    -1e-30      0.00 7.357e-01 2.583e-01 1.062e-03 2.901e-04 2.635e-03 -1.000 6.000e-03 1.226 1.674 1.647 1.726
0.006 -0.40400 7.53001 2.1315791607 2.5737409310    2.130  1.456  4.0501  4.463    1  0.000  0.538     0.00     0.00     0.00     0.00     0.00 -1    -1e-30      0.00 7.357e-01 2.583e-01 1.062e-03 2.901e-04 2.635e-03 -1.000 6.000e-03 1.131 1.614 1.585 1.671
0.006 -0.40400 7.53001 2.1789474487 2.5754365685    2.178  1.493  4.0568  4.463    1  0.000  0.538     0.00     0.00     0.00     0.00     0.00 -1    -1e-30      0.00 7.357e-01 2.583e-01 1.062e-03 2.900e-04 2.634e-03 -1.000 6.000e-03 1.039 1.557 1.525 1.618
0.006 -0.40400 7.53001 2.2263157368 2.5770494954    2.225  1.528  4.0632  4.462    1  0.000  0.538     0.00     0.00     0.00     0.00     0.00 -1    -1e-30      0.00 7.357e-01 2.583e-01 1.062e-03 2.900e-04 2.635e-03 -1.000 6.000e-03 0.949 1.501 1.466 1.566
0.006 -0.40400 7.53001 2.2727968693 2.5785572903    2.271  1.564  4.0694  4.460    1  0.000  0.538     0.00     0.00     0.00     0.00     0.00 -1    -1e-30      0.00 7.357e-01 2.583e-01 1.062e-03 2.900e-04 2.635e-03 -1.000 5.991e-03 0.861 1.446 1.409 1.516
0.006 -0.40400 7.53001 2.2736840248 2.5785853799    2.272  1.564  4.0696  4.460    1  0.000  0.538     0.00     0.00     0.00     0.00     0.00 -1    -1e-30      0.00 7.357e-01 2.583e-01 1.062e-03 2.900e-04 2.635e-03 -1.000 5.991e-03 0.859 1.445 1.408 1.515
0.006 -0.40400 7.53001 2.3210525513 2.5800494018    2.320  1.598  4.0754  4.459    1  0.000  0.538     0.00     0.00     0.00     0.00     0.00 -1    -1e-30      0.00 7.357e-01 2.583e-01 1.062e-03 2.900e-04 2.634e-03 -1.000 6.000e-03 0.775 1.391 1.352 1.465
0.006 -0.40400 7.53001 2.3684210777 2.5814462823    2.367  1.632  4.0814  4.458    1  0.000  0.538     0.00     0.00     0.00     0.00     0.00 -1    -1e-30      0.00 7.357e-01 2.583e-01 1.062e-03 2.900e-04 2.634e-03 -1.000 6.000e-03 0.689 1.338 1.297 1.416
0.006 -0.40400 7.53001 2.5578947067 2.5864438610    2.556  1.758  4.1024  4.449    1  0.000  0.538     0.00     0.00     0.00     0.00     0.00 -1    -1e-30      0.00 7.352e-01 2.588e-01 1.064e-03 2.905e-04 2.639e-03 -1.000 6.000e-03 0.375 1.138 1.090 1.228
0.006 -0.40400 7.53001 2.7473683357 2.5906571649    2.746  1.876  4.1213  4.438    1  0.000  0.538     0.00     0.00     0.00     0.00     0.00 -1    -1e-30      0.00 7.350e-01 2.590e-01 1.065e-03 2.907e-04 2.641e-03 -1.000 6.000e-03 0.080 0.949 0.895 1.050
0.006 -0.40400 7.53001 2.9368422031 2.5942514910    2.936  1.986  4.1389  4.427    1  0.000  0.538     0.00     0.00     0.00     0.00     0.00 -1    -1e-30      0.00 7.350e-01 2.590e-01 1.065e-03 2.907e-04 2.641e-03 -1.000 6.000e-03 -0.195 0.774 0.714 0.885
0.006 -0.40400 7.53001 2.9735043049 2.5948864233    2.972  2.006  4.1421  4.425    1  0.000  0.538     0.00     0.00     0.00     0.00     0.00 -1    -1e-30      0.00 7.350e-01 2.590e-01 1.065e-03 2.907e-04 2.641e-03 -1.000 6.000e-03 -0.246 0.741 0.680 0.854
0.006 -0.40400 7.53001 3.1263158321 2.5973494584    3.125  2.089  4.1551  4.416    1  0.000  0.538     0.00     0.00     0.00     0.00     0.00 -1    -1e-30      0.00 7.350e-01 2.590e-01 1.065e-03 2.907e-04 2.641e-03 -1.000 6.000e-03 -0.453 0.608 0.544 0.728
0.006 -0.40400 7.53001 3.3157896996 2.6000438424    3.313  2.187  4.1701  4.404    1  0.000  0.538     0.00     0.00     0.00     0.00     0.00 -1    -1e-30      0.00 7.350e-01 2.590e-01 1.065e-03 2.907e-04 2.641e-03 -1.000 6.000e-03 -0.696 0.452 0.383 0.580
0.006 -0.40400 7.53001 3.3414585590 2.6003819349    3.339  2.199  4.1720  4.402    1  0.000  0.538     0.00     0.00     0.00     0.00     0.00 -1    -1e-30      0.00 7.350e-01 2.590e-01 1.065e-03 2.907e-04 2.641e-03 -1.000 6.000e-03 -0.728 0.431 0.362 0.561
0.006 -0.40400 7.53001 3.5052630901 2.6024060213    3.502  2.279  4.1841  4.392    1  0.000  0.538     0.00     0.00     0.00     0.00     0.00 -1    -1e-30      0.00 7.350e-01 2.590e-01 1.065e-03 2.907e-04 2.641e-03 -1.000 6.000e-03 -0.927 0.303 0.230 0.440
0.006 -0.40400 7.53001 3.6445205212 2.6039632483    3.641  2.344  4.1938  4.383    1  0.000  0.538     0.00     0.00     0.00     0.00     0.00 -1    -1e-30      0.00 7.350e-01 2.590e-01 1.065e-03 2.907e-04 2.641e-03 -1.000 6.000e-03 -1.089 0.199 0.122 0.340
0.006 -0.40400 7.53001 3.6947369576 2.6044917793    3.691  2.367  4.1973  4.380    1  0.000  0.538     0.00     0.00     0.00     0.00     0.00 -1    -1e-30      0.00 7.350e-01 2.590e-01 1.065e-03 2.907e-04 2.641e-03 -1.000 6.000e-03 -1.146 0.162 0.084 0.305
0.006 -0.40400 7.53001 3.8842105865 2.6063452704    3.882  2.450  4.2097  4.368    1  0.000  0.538     0.00     0.00     0.00     0.00     0.00 -1    -1e-30      0.00 7.350e-01 2.590e-01 1.065e-03 2.907e-04 2.641e-03 -1.000 6.000e-03 -1.355 0.026 -0.055 0.177
0.006 -0.40400 7.53001 3.9525370598 2.6069637382    3.951  2.479  4.2139  4.363    1  0.000  0.538     0.00     0.00     0.00     0.00     0.00 -1    -1e-30      0.00 7.350e-01 2.590e-01 1.065e-03 2.907e-04 2.641e-03 -1.000 6.000e-03 -1.428 -0.022 -0.104 0.131
0.006 -0.40400 7.53001 4.0736842155 2.6080018916    4.072  2.530  4.2212  4.355    1  0.000  0.538     0.00     0.00     0.00     0.00     0.00 -1    -1e-30      0.00 7.350e-01 2.590e-01 1.065e-03 2.907e-04 2.641e-03 -1.000 6.000e-03 -1.554 -0.105 -0.189 0.052
0.006 -0.40400 7.53001 4.2631587982 2.6094903264    4.260  2.606  4.2322  4.342    1  0.000  0.538     0.00     0.00     0.00     0.00     0.00 -1    -1e-30      0.00 7.350e-01 2.590e-01 1.065e-03 2.907e-04 2.641e-03 -1.000 6.000e-03 -1.746 -0.232 -0.319 -0.068
0.006 -0.40400 7.53001 4.4187092781 2.6106031752    4.415  2.667  4.2407  4.331    1  0.000  0.538     0.00     0.00     0.00     0.00     0.00 -1    -1e-30      0.00 7.350e-01 2.590e-01 1.065e-03 2.907e-04 2.641e-03 -1.000 6.000e-03 -1.898 -0.333 -0.423 -0.165
0.006 -0.40400 7.53001 4.4526314735 2.6108340176    4.449  2.680  4.2425  4.328    1  0.000  0.538     0.00     0.00     0.00     0.00     0.00 -1    -1e-30      0.00 7.350e-01 2.590e-01 1.065e-03 2.907e-04 2.641e-03 -1.000 6.000e-03 -1.930 -0.355 -0.445 -0.186
0.006 -0.40400 7.53001 4.6421055794 2.6120523611    4.639  2.751  4.2522  4.314    1  0.000  0.538     0.00     0.00     0.00     0.00     0.00 -1    -1e-30      0.00 7.350e-01 2.590e-01 1.065e-03 2.907e-04 2.641e-03 -1.000 6.000e-03 -2.108 -0.476 -0.569 -0.301
0.006 -0.40400 7.53001 4.7225847244 2.6125359628    4.720  2.780  4.2562  4.308    1  0.000  0.538     0.00     0.00     0.00     0.00     0.00 -1    -1e-30      0.00 7.350e-01 2.590e-01 1.065e-03 2.907e-04 2.641e-03 -1.000 6.000e-03 -2.181 -0.526 -0.620 -0.349
0.006 -0.40400 7.53001 4.8315792084 2.6131614690    4.829  2.820  4.2614  4.299    1  0.000  0.538     0.00     0.00     0.00     0.00     0.00 -1    -1e-30      0.00 7.350e-01 2.590e-01 1.065e-03 2.907e-04 2.641e-03 -1.000 6.000e-03 -2.280 -0.594 -0.690 -0.414
0.006 -0.40400 7.53001 4.9369902611 2.6137362966    4.935  2.857  4.2661  4.291    1  0.000  0.538     0.00     0.00     0.00     0.00     0.00 -1    -1e-30      0.00 7.350e-01 2.590e-01 1.065e-03 2.907e-04 2.641e-03 -1.000 6.000e-03 -2.373 -0.660 -0.757 -0.477
0.006 -0.40400 7.53001 5.0210523605 2.6141748657    5.020  2.887  4.2699  4.283    1  0.000  0.538     0.00     0.00     0.00     0.00     0.00 -1    -1e-30      0.00 7.350e-01 2.590e-01 1.065e-03 2.907e-04 2.641e-03 -1.000 6.000e-03 -2.447 -0.711 -0.810 -0.527
0.006 -0.40400 7.53001 5.0540528297 2.6143424567    5.053  2.898  4.2713  4.281    1  0.000  0.538     0.00     0.00     0.00     0.00     0.00 -1    -1e-30      0.00 7.350e-01 2.590e-01 1.065e-03 2.907e-04 2.641e-03 -1.000 6.000e-03 -2.475 -0.732 -0.830 -0.546
0.006 -0.40400 7.53001 5.2105264664 2.6151039795    5.210  2.952  4.2778  4.266    1  0.000  0.538     0.00     0.00     0.00     0.00     0.00 -1    -1e-30      0.00 7.350e-01 2.590e-01 1.065e-03 2.907e-04 2.641e-03 -1.000 6.000e-03 -2.610 -0.828 -0.929 -0.640
0.006 -0.40400 7.53001 5.3630928993 2.6157974975    5.364  3.003  4.2839  4.252    1  0.000  0.538     0.00     0.00     0.00     0.00     0.00 -1    -1e-30      0.00 7.350e-01 2.590e-01 1.065e-03 2.907e-04 2.641e-03 -1.000 6.000e-03 -2.739 -0.922 -1.024 -0.729
0.006 -0.40400 7.53001 5.4000000954 2.6159585105    5.401  3.016  4.2854  4.248    1  0.000  0.538     0.00     0.00     0.00     0.00     0.00 -1    -1e-30      0.00 7.350e-01 2.590e-01 1.065e-03 2.907e-04 2.641e-03 -1.000 6.000e-03 -2.769 -0.944 -1.047 -0.751
0.006 -0.40400 7.53001 5.4590444565 2.6162109008    5.460  3.035  4.2876  4.242    1  0.000  0.538     0.00     0.00     0.00     0.00     0.00 -1    -1e-30      0.00 7.350e-01 2.590e-01 1.065e-03 2.907e-04 2.641e-03 -1.000 6.000e-03 -2.818 -0.980 -1.083 -0.786
0.006 -0.40400 7.53001 5.5999999046 2.6167887565    5.601  3.081  4.2927  4.228    1  0.000  0.538     0.00     0.00     0.00     0.00     0.00 -1    -1e-30      0.00 7.350e-01 2.590e-01 1.065e-03 2.907e-04 2.641e-03 -1.000 6.000e-03 -2.934 -1.066 -1.171 -0.869
0.006 -0.40400 7.53001 5.7274732590 2.6172832741    5.728  3.122  4.2971  4.214    1  0.000  0.538     0.00     0.00     0.00     0.00     0.00 -1    -1e-30      0.00 7.350e-01 2.590e-01 1.065e-03 2.907e-04 2.641e-03 -1.000 6.000e-03 -3.036 -1.143 -1.249 -0.944
0.006 -0.40400 7.53001 5.8000001907 2.6175535027    5.801  3.145  4.2995  4.206    1  0.000  0.538     0.00     0.00     0.00     0.00     0.00 -1    -1e-30      0.00 7.350e-01 2.590e-01 1.065e-03 2.907e-04 2.641e-03 -1.000 6.000e-03 -3.093 -1.187 -1.294 -0.986
0.006 -0.40400 7.53001 6.0000000000 2.6182599138    6.000  3.209  4.3057  4.182    1  0.000  0.538     0.00     0.00     0.00     0.00     0.00 -1    -1e-30      0.00 7.350e-01 2.590e-01 1.065e-03 2.907e-04 2.641e-03 -1.000 6.000e-03 -3.251 -1.310 -1.419 -1.106
0.006 -0.40400 7.53001 6.0015902519 2.6182653141    6.002  3.209  4.3058  4.182    1  0.000  0.538     0.00     0.00     0.00     0.00     0.00 -1    -1e-30      0.00 7.350e-01 2.590e-01 1.065e-03 2.907e-04 2.641e-03 -1.000 6.000e-03 -3.253 -1.311 -1.420 -1.107
0.006 -0.40400 7.53001 6.1999998093 2.6189141709    6.200  3.271  4.3111  4.156    1  0.000  0.538     0.00     0.00     0.00     0.00     0.00 -1    -1e-30      0.00 7.350e-01 2.590e-01 1.065e-03 2.907e-04 2.641e-03 -1.000 6.000e-03 -3.408 -1.437 -1.547 -1.229
0.006 -0.40400 7.53001 6.3103318214 2.6192547553    6.309  3.306  4.3139  4.140    1  0.000  0.538     0.00     0.00     0.00     0.00     0.00 -1    -1e-30      0.00 7.350e-01 2.590e-01 1.065e-03 2.907e-04 2.641e-03 -1.000 6.000e-03 -3.494 -1.508 -1.619 -1.298
0.006 -0.40400 7.53001 6.4000000954 2.6195216279    6.399  3.333  4.3159  4.126    1  0.000  0.538     0.00     0.00     0.00     0.00     0.00 -1    -1e-30      0.00 7.350e-01 2.590e-01 1.065e-03 2.907e-04 2.641e-03 -1.000 6.000e-03 -3.563 -1.566 -1.677 -1.355
0.006 -0.40400 7.53001 6.4107623100 2.6195530821    6.410  3.337  4.3162  4.125    1  0.000  0.538     0.00     0.00     0.00     0.00     0.00 -1    -1e-30      0.00 7.350e-01 2.590e-01 1.065e-03 2.907e-04 2.641e-03 -1.000 6.000e-03 -3.572 -1.573 -1.684 -1.362
0.006 -0.40400 7.53001 6.5622568130 2.6199832877    6.560  3.383  4.3192  4.101    1  0.000  0.538     0.00     0.00     0.00     0.00     0.00 -1    -1e-30      0.00 7.350e-01 2.590e-01 1.065e-03 2.907e-04 2.641e-03 -1.000 6.000e-03 -3.687 -1.671 -1.784 -1.459
0.006 -0.40400 7.53001 6.7028894424 2.6203626979    6.700  3.425  4.3217  4.077    1  0.000  0.538     0.00     0.00     0.00     0.00     0.00 -1    -1e-30      0.00 7.350e-01 2.590e-01 1.065e-03 2.907e-04 2.641e-03 -1.000 6.000e-03 -3.794 -1.765 -1.878 -1.551
0.006 -0.40400 7.53001 6.8816514015 2.6208193291    6.878  3.480  4.3239  4.043    1  0.000  0.538     0.00     0.00     0.00     0.00     0.00 -1    -1e-30      0.00 7.350e-01 2.590e-01 1.065e-03 2.907e-04 2.641e-03 -1.000 6.000e-03 -3.931 -1.891 -2.005 -1.676
0.006 -0.40400 7.53001 7.0000000000 2.6211069280    6.996  3.517  4.3249  4.018    1  0.000  0.538     0.00     0.00     0.00     0.00     0.00 -1    -1e-30      0.00 7.350e-01 2.590e-01 1.065e-03 2.907e-04 2.641e-03 -1.000 6.000e-03 -4.022 -1.977 -2.092 -1.761
0.006 -0.40400 7.53001 7.1795392036 2.6215224779    7.176  3.572  4.3257  3.977    1  0.000  0.538     0.00     0.00     0.00     0.00     0.00 -1    -1e-30      0.00 7.350e-01 2.590e-01 1.065e-03 2.907e-04 2.641e-03 -1.000 6.000e-03 -4.159 -2.111 -2.226 -1.895
0.006 -0.40400 7.53001 7.3366837502 2.6218670651    7.334  3.620  4.3253  3.937    1  0.000  0.538     0.00     0.00     0.00     0.00     0.00 -1    -1e-30      0.00 7.350e-01 2.590e-01 1.065e-03 2.907e-04 2.641e-03 -1.000 6.000e-03 -4.279 -2.235 -2.350 -2.019
0.006 -0.40400 7.53001 7.4798250198 2.6221664979    7.478  3.665  4.3236  3.894    1  0.000  0.538     0.00     0.00     0.00     0.00     0.00 -1    -1e-30      0.00 7.350e-01 2.590e-01 1.065e-03 2.907e-04 2.641e-03 -1.000 6.000e-03 -4.391 -2.359 -2.474 -2.144
0.006 -0.40400 7.53001 7.6100921631 2.6224277711    7.609  3.706  4.3211  3.850    1  0.000  0.538     0.00     0.00     0.00     0.00     0.00 -1    -1e-30      0.00 7.350e-01 2.590e-01 1.065e-03 2.907e-04 2.641e-03 -1.000 6.000e-03 -4.495 -2.479 -2.593 -2.265
0.006 -0.40400 7.53001 7.7666230202 2.6227284268    7.766  3.757  4.3163  3.789    1  0.000  0.538     0.00     0.00     0.00     0.00     0.00 -1    -1e-30      0.00 7.350e-01 2.590e-01 1.065e-03 2.907e-04 2.641e-03 -1.000 6.000e-03 -4.622 -2.636 -2.749 -2.424
0.006 -0.40400 7.53001 7.8933587074 2.6229618337    7.894  3.799  4.3104  3.730    1  0.000  0.538     0.00     0.00     0.00     0.00     0.00 -1    -1e-30      0.00 7.350e-01 2.590e-01 1.065e-03 2.907e-04 2.641e-03 -1.000 6.000e-03 -4.728 -2.777 -2.889 -2.569
0.006 -0.40400 7.53001 8.0000000000 2.6231516585    8.001  3.836  4.3041  3.674    1  0.000  0.538     0.00     0.00     0.00     0.00     0.00 -1    -1e-30      0.00 7.350e-01 2.590e-01 1.065e-03 2.907e-04 2.641e-03 -1.000 6.000e-03 -4.820 -2.907 -3.017 -2.702
0.006 -0.40400 7.53001 8.0681905746 2.6232700196    8.069  3.859  4.2998  3.637    1  0.000  0.538     0.00     0.00     0.00     0.00     0.00 -1    -1e-30      0.00 7.350e-01 2.590e-01 1.065e-03 2.907e-04 2.641e-03 -1.000 6.000e-03 -4.877 -2.989 -3.098 -2.786
0.006 -0.40400 7.53001 8.1607475281 2.6234270408    8.161  3.892  4.2924  3.579    1  0.000  0.538     0.00     0.00     0.00     0.00     0.00 -1    -1e-30      0.00 7.350e-01 2.590e-01 1.065e-03 2.907e-04 2.641e-03 -1.000 6.000e-03 -4.960 -3.116 -3.223 -2.917
0.006 -0.40400 7.53001 8.2636241913 2.6235968312    8.263  3.932  4.2867  3.522    1  0.000  0.538     0.00     0.00     0.00     0.00     0.00 -1    -1e-30      0.00 7.350e-01 2.590e-01 1.065e-03 2.907e-04 2.641e-03 -1.000 6.000e-03 -5.059 -3.249 -3.354 -3.054
0.006 -0.40400 7.53001 8.2671985626 2.6236026431    8.266  3.933  4.2865  3.520    1  0.000  0.538     0.00     0.00     0.00     0.00     0.00 -1    -1e-30      0.00 7.350e-01 2.590e-01 1.065e-03 2.907e-04 2.641e-03 -1.000 6.000e-03 -5.062 -3.254 -3.359 -3.058
0.006 -0.40400 7.53001 8.2899847031 2.6236395580    8.289  3.944  4.2905  3.526    1  0.000  0.538     0.00     0.00     0.00     0.00     0.00 -1    -1e-30      0.00 7.350e-01 2.590e-01 1.065e-03 2.907e-04 2.641e-03 -1.000 6.000e-03 -5.091 -3.259 -3.366 -3.062
0.006 -0.40400 7.53001 8.3202676773 2.6236882586    8.319  3.964  4.3020  3.555    1  0.000  0.538     0.00     0.00     0.00     0.00     0.00 -1    -1e-30      0.00 7.350e-01 2.590e-01 1.065e-03 2.907e-04 2.641e-03 -1.000 6.000e-03 -5.139 -3.242 -3.351 -3.038
0.006 -0.40400 7.53001 8.3268718719 2.6236988252    8.325  3.974  4.3120  3.584    1  0.000  0.538     0.00     0.00     0.00     0.00     0.00 -1    -1e-30      0.00 7.350e-01 2.590e-01 1.065e-03 2.907e-04 2.641e-03 -1.000 6.000e-03 -5.165 -3.211 -3.323 -3.002
0.006 -0.40400 7.53001 8.3304691315 2.6237045727    8.329  3.988  4.3238  3.618    1  0.000  0.538     0.00     0.00     0.00     0.00     0.00 -1    -1e-30      0.00 7.350e-01 2.590e-01 1.065e-03 2.907e-04 2.641e-03 -1.000 6.000e-03 -5.200 -3.180 -3.295 -2.964
0.006 -0.40400 7.53001 8.3320636749 2.6237071185    8.331  4.004  4.3339  3.642    1  0.000  0.538     0.00     0.00     0.00     0.00     0.00 -1    -1e-30      0.00 7.350e-01 2.590e-01 1.065e-03 2.907e-04 2.641e-03 -1.000 6.000e-03 -5.240 -3.163 -3.282 -2.942
0.006 -0.40400 7.53001 8.3328313828 2.6237083439    8.331  4.015  4.3400  3.656    1  0.000  0.538     0.00     0.00     0.00     0.00     0.00 -1    -1e-30      0.00 7.350e-01 2.590e-01 1.065e-03 2.907e-04 2.641e-03 -1.000 6.000e-03 -5.268 -3.157 -3.277 -2.933
0.006 -0.40400 7.53001 8.3332347870 2.6237089876    8.332  4.001  4.3349  3.649    2  0.000  0.538     0.00     0.00     0.00     0.00     0.00 -1    -1e-30      0.00 7.350e-01 2.590e-01 1.065e-03 2.907e-04 2.641e-03 -1.000 6.000e-03 -5.233 -3.150 -3.269 -2.929
0.006 -0.40400 7.53001 8.3337583542 2.6237098230    8.332  3.980  4.3238  3.625    2  0.000  0.538     0.00     0.00     0.00     0.00     0.00 -1    -1e-30      0.00 7.350e-01 2.590e-01 1.065e-03 2.907e-04 2.641e-03 -1.000 6.000e-03 -5.181 -3.161 -3.276 -2.945
0.006 -0.40400 7.53001 8.3341007233 2.6237103693    8.333  3.972  4.3140  3.595    2  0.000  0.538     0.00     0.00     0.00     0.00     0.00 -1    -1e-30      0.00 7.350e-01 2.590e-01 1.065e-03 2.907e-04 2.641e-03 -1.000 6.000e-03 -5.159 -3.194 -3.307 -2.983
0.006 -0.40400 7.53001 8.3344860077 2.6237109839    8.333  3.970  4.3014  3.546    2  0.000  0.538     0.00     0.00     0.00     0.00     0.00 -1    -1e-30      0.00 7.350e-01 2.590e-01 1.065e-03 2.907e-04 2.641e-03 -1.000 6.000e-03 -5.156 -3.262 -3.372 -3.059
0.006 -0.40400 7.53001 8.3348426819 2.6237115528    8.333  3.976  4.2891  3.491    2  0.000  0.538     0.00     0.00     0.00     0.00     0.00 -1    -1e-30      0.00 7.350e-01 2.590e-01 1.065e-03 2.907e-04 2.641e-03 -1.000 6.000e-03 -5.170 -3.347 -3.454 -3.151
0.006 -0.40400 7.53001 8.3351850510 2.6237120989    8.334  3.985  4.2771  3.434    2  0.000  0.538     0.00     0.00     0.00     0.00     0.00 -1    -1e-30      0.00 7.350e-01 2.590e-01 1.065e-03 2.907e-04 2.641e-03 -1.000 6.000e-03 -5.192 -3.440 -3.543 -3.250
0.006 -0.40400 7.53001 8.3355188370 2.6237126312    8.334  3.994  4.2651  3.377    2  0.000  0.538     0.00     0.00     0.00     0.00     0.00 -1    -1e-30      0.00 7.350e-01 2.590e-01 1.065e-03 2.907e-04 2.641e-03 -1.000 6.000e-03 -5.215 -3.533 -3.632 -3.350
0.006 -0.40400 7.53001 8.3358449936 2.6237131513    8.334  4.002  4.2533  3.322    2  0.000  0.538     0.00     0.00     0.00     0.00     0.00 -1    -1e-30      0.00 7.350e-01 2.590e-01 1.065e-03 2.907e-04 2.641e-03 -1.000 6.000e-03 -5.236 -3.622 -3.719 -3.447
0.006 -0.40400 7.53001 8.3361625671 2.6237136577    8.335  4.009  4.2414  3.267    2  0.000  0.538     0.00     0.00     0.00     0.00     0.00 -1    -1e-30      0.00 7.350e-01 2.590e-01 1.065e-03 2.907e-04 2.641e-03 -1.000 6.000e-03 -5.253 -3.709 -3.802 -3.540
0.006 -0.40400 7.53001 8.3364715576 2.6237141503    8.335  4.015  4.2296  3.214    2  0.000  0.538     0.00     0.00     0.00     0.00     0.00 -1    -1e-30      0.00 7.350e-01 2.590e-01 1.065e-03 2.907e-04 2.641e-03 -1.000 6.000e-03 -5.267 -3.792 -3.881 -3.630
0.006 -0.40400 7.53001 8.3367710114 2.6237146277    8.335  4.019  4.2177  3.163    2  0.000  0.538     0.00     0.00     0.00     0.00     0.00 -1    -1e-30      0.00 7.350e-01 2.590e-01 1.065e-03 2.907e-04 2.641e-03 -1.000 6.000e-03 -5.278 -3.872 -3.958 -3.717
0.006 -0.40400 7.53001 8.3370590210 2.6237150868    8.335  4.023  4.2059  3.112    2  0.000  0.538     0.00     0.00     0.00     0.00     0.00 -1    -1e-30      0.00 7.350e-01 2.590e-01 1.065e-03 2.907e-04 2.641e-03 -1.000 6.000e-03 -5.287 -3.949 -4.032 -3.802
0.006 -0.40400 7.53001 8.3373374939 2.6237155307    8.336  4.026  4.1941  3.062    2  0.000  0.538     0.00     0.00     0.00     0.00     0.00 -1    -1e-30      0.00 7.350e-01 2.590e-01 1.065e-03 2.907e-04 2.641e-03 -1.000 6.000e-03 -5.294 -4.025 -4.104 -3.885
0.006 -0.40400 7.53001 8.3376054764 2.6237159578    8.336  4.028  4.1822  3.012    2  0.000  0.538     0.00     0.00     0.00     0.00     0.00 -1    -1e-30      0.00 7.350e-01 2.590e-01 1.065e-03 2.907e-04 2.641e-03 -1.000 6.000e-03 -5.299 -4.098 -4.174 -3.965
0.006 -0.40400 7.53001 8.3378601074 2.6237163637    8.336  4.029  4.1705  2.964    2  0.000  0.538     0.00     0.00     0.00     0.00     0.00 -1    -1e-30      0.00 7.350e-01 2.590e-01 1.065e-03 2.907e-04 2.641e-03 -1.000 6.000e-03 -5.303 -4.170 -4.241 -4.044
0.006 -0.40400 7.53001 8.3381052017 2.6237167542    8.337  4.030  4.1587  2.916    2  0.000  0.538     0.00     0.00     0.00     0.00     0.00 -1    -1e-30      0.00 7.350e-01 2.590e-01 1.065e-03 2.907e-04 2.641e-03 -1.000 6.000e-03 -5.305 -4.240 -4.308 -4.122
0.006 -0.40400 7.53001 8.3383388519 2.6237171266    8.337  4.031  4.1469  2.868    2  0.000  0.538     0.00     0.00     0.00     0.00     0.00 -1    -1e-30      0.00 7.350e-01 2.590e-01 1.065e-03 2.907e-04 2.641e-03 -1.000 6.000e-03 -5.306 -4.308 -4.372 -4.198
0.006 -0.40400 7.53001 8.3386144638 2.6237175657    8.337  4.031  4.1322  2.809    2  0.000  0.538     0.00     0.00     0.00     0.00     0.00 -1    -1e-30      0.00 7.350e-01 2.590e-01 1.065e-03 2.907e-04 2.641e-03 -1.000 6.000e-03 -5.307 -4.391 -4.451 -4.291
0.006 -0.40400 7.53001 8.3388252258 2.6237179016    8.337  4.030  4.1204  2.763    2  0.000  0.538     0.00     0.00     0.00     0.00     0.00 -1    -1e-30      0.00 7.350e-01 2.590e-01 1.065e-03 2.907e-04 2.641e-03 -1.000 6.000e-03 -5.306 -4.457 -4.512 -4.364
0.006 -0.40400 7.53001 8.3390245438 2.6237182191    8.337  4.030  4.1087  2.716    2  0.000  0.538     0.00     0.00     0.00     0.00     0.00 -1    -1e-30      0.00 7.350e-01 2.590e-01 1.065e-03 2.907e-04 2.641e-03 -1.000 6.000e-03 -5.304 -4.520 -4.572 -4.435
0.006 -0.40400 7.53001 8.3392162323 2.6237185245    8.338  4.029  4.0969  2.670    2  0.000  0.538     0.00     0.00     0.00     0.00     0.00 -1    -1e-30      0.00 7.350e-01 2.590e-01 1.065e-03 2.907e-04 2.641e-03 -1.000 6.000e-03 -5.302 -4.583 -4.630 -4.505
0.006 -0.40400 7.53001 8.3393964767 2.6237188116    8.338  4.027  4.0851  2.624    2  0.000  0.538     0.00     0.00     0.00     0.00     0.00 -1    -1e-30      0.00 7.350e-01 2.590e-01 1.065e-03 2.907e-04 2.641e-03 -1.000 6.000e-03 -5.299 -4.643 -4.687 -4.574
0.006 -0.40400 7.53001 8.3395690918 2.6237190866    8.338  4.026  4.0734  2.579    2  0.000  0.538     0.00     0.00     0.00     0.00     0.00 -1    -1e-30      0.00 7.350e-01 2.590e-01 1.065e-03 2.907e-04 2.641e-03 -1.000 6.000e-03 -5.295 -4.702 -4.742 -4.640
0.006 -0.40400 7.53001 8.3397321701 2.6237193464    8.338  4.024  4.0617  2.534    2  0.000  0.538     0.00     0.00     0.00     0.00     0.00 -1    -1e-30      0.00 7.350e-01 2.590e-01 1.065e-03 2.907e-04 2.641e-03 -1.000 6.000e-03 -5.290 -4.760 -4.795 -4.705
0.006 -0.40400 7.53001 8.3398885727 2.6237195955    8.338  4.022  4.0498  2.488    2  0.000  0.538     0.00     0.00     0.00     0.00     0.00 -1    -1e-30      0.00 7.350e-01 2.590e-01 1.065e-03 2.907e-04 2.641e-03 -1.000 6.000e-03 -5.285 -4.815 -4.846 -4.768
0.006 -0.40400 7.53001 8.3400363922 2.6237198309    8.339  4.020  4.0381  2.444    2  0.000  0.538     0.00     0.00     0.00     0.00     0.00 -1    -1e-30      0.00 7.350e-01 2.590e-01 1.065e-03 2.907e-04 2.641e-03 -1.000 6.000e-03 -5.280 -4.867 -4.894 -4.829
0.006 -0.40400 7.53001 8.3402109146 2.6237201089    8.339  4.017  4.0234  2.388    2  0.000  0.538     0.00     0.00     0.00     0.00     0.00 -1    -1e-30      0.00 7.350e-01 2.590e-01 1.065e-03 2.907e-04 2.641e-03 -1.000 6.000e-03 -5.272 -4.931 -4.952 -4.903
0.006 -0.40400 7.53001 8.3403425217 2.6237203185    8.339  4.014  4.0117  2.343    2  0.000  0.538     0.00     0.00     0.00     0.00     0.00 -1    -1e-30      0.00 7.350e-01 2.590e-01 1.065e-03 2.907e-04 2.641e-03 -1.000 6.000e-03 -5.266 -4.980 -4.996 -4.960
0.006 -0.40400 7.53001 8.3404674530 2.6237205175    8.339  4.012  4.0000  2.299    2  0.000  0.538     0.00     0.00     0.00     0.00     0.00 -1    -1e-30      0.00 7.350e-01 2.590e-01 1.065e-03 2.907e-04 2.641e-03 -1.000 6.000e-03 -5.259 -5.027 -5.039 -5.016
0.006 -0.40400 7.53001 8.3405876160 2.6237207088    8.339  4.009  3.9882  2.255    2  0.000  0.538     0.00     0.00     0.00     0.00     0.00 -1    -1e-30      0.00 7.350e-01 2.590e-01 1.065e-03 2.907e-04 2.641e-03 -1.000 6.000e-03 -5.252 -5.073 -5.080 -5.070
0.006 -0.40400 7.53001 8.3407011032 2.6237208896    8.339  4.006  3.9764  2.211    2  0.000  0.538     0.00     0.00     0.00     0.00     0.00 -1    -1e-30      0.00 7.350e-01 2.590e-01 1.065e-03 2.907e-04 2.641e-03 -1.000 6.000e-03 -5.245 -5.117 -5.120 -5.123
0.006 -0.40400 7.53001 8.3408088684 2.6237210612    8.339  4.003  3.9647  2.167    2  0.000  0.538     0.00     0.00     0.00     0.00     0.00 -1    -1e-30      0.00 7.350e-01 2.590e-01 1.065e-03 2.907e-04 2.641e-03 -1.000 6.000e-03 -5.237 -5.158 -5.156 -5.173
0.006 -0.40400 7.53001 8.3409128189 2.6237212267    8.339  4.000  3.9530  2.123    2  0.000  0.538     0.00     0.00     0.00     0.00     0.00 -1    -1e-30      0.00 7.350e-01 2.590e-01 1.065e-03 2.907e-04 2.641e-03 -1.000 6.000e-03 -5.230 -5.197 -5.190 -5.222
0.006 -0.40400 7.53001 8.3410120010 2.6237213846    8.339  3.997  3.9411  2.079    2  0.000  0.538     0.00     0.00     0.00     0.00     0.00 -1    -1e-30      0.00 7.350e-01 2.590e-01 1.065e-03 2.907e-04 2.641e-03 -1.000 6.000e-03 -5.221 -5.233 -5.220 -5.269
0.006 -0.40400 7.53001 8.3411064148 2.6237215350    8.339  3.993  3.9294  2.036    2  0.000  0.538     0.00     0.00     0.00     0.00     0.00 -1    -1e-30      0.00 7.350e-01 2.590e-01 1.065e-03 2.907e-04 2.641e-03 -1.000 6.000e-03 -5.213 -5.265 -5.245 -5.313
0.006 -0.40400 7.53001 8.3411960602 2.6237216777    8.340  3.990  3.9176  1.992    2  0.000  0.538     0.00     0.00     0.00     0.00     0.00 -1    -1e-30      0.00 7.350e-01 2.590e-01 1.065e-03 2.907e-04 2.641e-03 -1.000 6.000e-03 -5.204 -5.289 -5.261 -5.354
0.006 -0.40400 7.53001 8.3412828445 2.6237218159    8.340  3.986  3.9058  1.948    2  0.000  0.538     0.00     0.00     0.00     0.00     0.00 -1    -1e-30      0.00 7.350e-01 2.590e-01 1.065e-03 2.907e-04 2.641e-03 -1.000 6.000e-03 -5.195 -5.307 -5.268 -5.392
0.006 -0.40400 7.53001 8.3413639069 2.6237219449    8.340  3.982  3.8940  1.905    2  0.000  0.538     0.00     0.00     0.00     0.00     0.00 -1    -1e-30      0.00 7.350e-01 2.590e-01 1.065e-03 2.907e-04 2.641e-03 -1.000 6.000e-03 -5.186 -5.320 -5.268 -5.428
0.006 -0.40400 7.53001 8.3414421082 2.6237220694    8.340  3.978  3.8823  1.862    2  0.000  0.538     0.00     0.00     0.00     0.00     0.00 -1    -1e-30      0.00 7.350e-01 2.590e-01 1.065e-03 2.907e-04 2.641e-03 -1.000 6.000e-03 -5.176 -5.325 -5.259 -5.460
0.006 -0.40400 7.53001 8.3415155411 2.6237221864    8.340  3.975  3.8704  1.818    2  0.000  0.538     0.00     0.00     0.00     0.00     0.00 -1    -1e-30      0.00 7.350e-01 2.590e-01 1.065e-03 2.907e-04 2.641e-03 -1.000 6.000e-03 -5.166 -5.326 -5.244 -5.490
0.006 -0.40400 7.53001 8.3415861130 2.6237222987    8.340  3.970  3.8587  1.775    2  0.000  0.538     0.00     0.00     0.00     0.00     0.00 -1    -1e-30      0.00 7.350e-01 2.590e-01 1.065e-03 2.907e-04 2.641e-03 -1.000 6.000e-03 -5.156 -5.324 -5.222 -5.518
0.006 -0.40400 7.53001 8.3416528702 2.6237224050    8.340  3.966  3.8468  1.732    2  0.000  0.538     0.00     0.00     0.00     0.00     0.00 -1    -1e-30      0.00 7.350e-01 2.590e-01 1.065e-03 2.907e-04 2.641e-03 -1.000 6.000e-03 -5.146 -5.316 -5.194 -5.545
0.006 -0.40400 7.53001 8.3417167664 2.6237225067    8.340  3.962  3.8350  1.690    2  0.000  0.538     0.00     0.00     0.00     0.00     0.00 -1    -1e-30      0.00 7.350e-01 2.590e-01 1.065e-03 2.907e-04 2.641e-03 -1.000 6.000e-03 -5.135 -5.307 -5.162 -5.570
0.006 -0.40400 7.53001 8.3417768478 2.6237226024    8.340  3.957  3.8233  1.647    2  0.000  0.538     0.00     0.00     0.00     0.00     0.00 -1    -1e-30      0.00 7.350e-01 2.590e-01 1.065e-03 2.907e-04 2.641e-03 -1.000 6.000e-03 -5.123 -5.294 -5.126 -5.593
0.006 -0.40400 7.53001 8.3418493271 2.6237227177    8.340  3.951  3.8085  1.594    2  0.000  0.538     0.00     0.00     0.00     0.00     0.00 -1    -1e-30      0.00 7.350e-01 2.590e-01 1.065e-03 2.907e-04 2.641e-03 -1.000 6.000e-03 -5.108 -5.275 -5.075 -5.616
0.006 -0.40400 7.53001 8.3419036865 2.6237228043    8.340  3.946  3.7968  1.552    2  0.000  0.538     0.00     0.00     0.00     0.00     0.00 -1    -1e-30      0.00 7.350e-01 2.590e-01 1.065e-03 2.907e-04 2.641e-03 -1.000 6.000e-03 -5.095 -5.255 -5.030 -5.630
0.006 -0.40400 7.53001 8.3419675827 2.6237229060    8.340  3.940  3.7821  1.500    2  0.000  0.538     0.00     0.00     0.00     0.00     0.00 -1    -1e-30      0.00 7.350e-01 2.590e-01 1.065e-03 2.907e-04 2.641e-03 -1.000 6.000e-03 -5.079 -5.229 -4.971 -5.647
0.006 -0.40400 7.53001 8.3420171738 2.6237229849    8.340  3.934  3.7703  1.458    2  0.000  0.538     0.00     0.00     0.00     0.00     0.00 -1    -1e-30      0.00 7.350e-01 2.590e-01 1.065e-03 2.907e-04 2.641e-03 -1.000 6.000e-03 -5.065 -5.203 -4.915 -5.657
0.006 -0.40400 7.53001 8.3420639038 2.6237230593    8.340  3.928  3.7586  1.418    2  0.000  0.538     0.00     0.00     0.00     0.00     0.00 -1    -1e-30      0.00 7.350e-01 2.590e-01 1.065e-03 2.907e-04 2.641e-03 -1.000 6.000e-03 -5.049 -5.175 -4.859 -5.659
0.006 -0.40400 7.53001 8.3421087265 2.6237231307    8.341  3.921  3.7472  1.378    2  0.000  0.538     0.00     0.00     0.00     0.00     0.00 -1    -1e-30      0.00 7.350e-01 2.590e-01 1.065e-03 2.907e-04 2.641e-03 -1.000 6.000e-03 -5.034 -5.143 -4.799 -5.659
0.006 -0.40400 7.53001 8.3421525955 2.6237232005    8.341  3.915  3.7355  1.339    2  0.000  0.538     0.00     0.00     0.00     0.00     0.00 -1    -1e-30      0.00 7.350e-01 2.590e-01 1.065e-03 2.907e-04 2.641e-03 -1.000 6.000e-03 -5.016 -5.108 -4.734 -5.654
0.006 -0.40400 7.53001 8.3422040939 2.6237232825    8.341  3.905  3.7216  1.292    2  0.000  0.538     0.00     0.00     0.00     0.00     0.00 -1    -1e-30      0.00 7.350e-01 2.590e-01 1.065e-03 2.907e-04 2.641e-03 -1.000 6.000e-03 -4.993 -5.059 -4.651 -5.639
0.006 -0.40400 7.53001 8.3422460556 2.6237233493    8.341  3.896  3.7109  1.258    2  0.000  0.538     0.00     0.00     0.00     0.00     0.00 -1    -1e-30      0.00 7.350e-01 2.590e-01 1.065e-03 2.907e-04 2.641e-03 -1.000 6.000e-03 -4.971 -5.015 -4.578 -5.621
0.006 -0.40400 7.53001 8.3422927856 2.6237234237    8.341  3.886  3.7001  1.226    2  0.000  0.538     0.00     0.00     0.00     0.00     0.00 -1    -1e-30      0.00 7.350e-01 2.590e-01 1.065e-03 2.907e-04 2.641e-03 -1.000 6.000e-03 -4.944 -4.961 -4.496 -5.594
0.006 -0.40400 7.53001 8.3423461914 2.6237235087    8.341  3.872  3.6892  1.196    2  0.000  0.538     0.00     0.00     0.00     0.00     0.00 -1    -1e-30      0.00 7.350e-01 2.590e-01 1.065e-03 2.907e-04 2.641e-03 -1.000 6.000e-03 -4.909 -4.897 -4.402 -5.553
0.006 -0.40400 7.53001 8.3424148560 2.6237236180    8.341  3.852  3.6786  1.173    2  0.000  0.538     0.00     0.00     0.00     0.00     0.00 -1    -1e-30      0.00 7.350e-01 2.590e-01 1.065e-03 2.907e-04 2.641e-03 -1.000 6.000e-03 -4.861 -4.819 -4.296 -5.499
0.006 -0.40400 7.53001 8.3425378799 2.6237238138    8.341  3.823  3.6670  1.156    2  0.000  0.538     0.00     0.00     0.00     0.00     0.00 -1    -1e-30      0.00 7.350e-01 2.590e-01 1.065e-03 2.907e-04 2.641e-03 -1.000 6.000e-03 -4.788 -4.707 -4.153 -5.412
0.006 -0.40400 7.53001 8.3426609039 2.6237240096    8.341  3.803  3.6575  1.138    2  0.000  0.538     0.00     0.00     0.00     0.00     0.00 -1    -1e-30      0.00 7.350e-01 2.590e-01 1.065e-03 2.907e-04 2.641e-03 -1.000 6.000e-03 -4.737 -4.620 -4.039 -5.345
0.006 -0.40400 7.53001 8.3427000046 2.6237240718    8.341  3.798  3.6546  1.132    2  0.000  0.538     0.00     0.00     0.00     0.00     0.00 -1    -1e-30      0.00 7.350e-01 2.590e-01 1.065e-03 2.907e-04 2.641e-03 -1.000 6.000e-03 -4.724 -4.594 -4.005 -5.326
0.006 -0.40400 7.53001 8.3427820206 2.6237242023    8.341  3.815  3.6477  1.087    3  0.000  0.537    27.13    20.55    14.50    10.48     8.66  4    -1e-30      0.00 7.350e-01 2.590e-01 1.064e-03 2.908e-04 2.641e-03 -1.000 6.000e-03 -4.768 -4.606 -3.995 -5.354
0.006 -0.40400 7.53001 8.3428640366 2.6237243329    8.341  3.849  3.6403  1.023    3  0.000  0.533    31.34    23.05    16.18    11.72     9.68  4    -1e-30      0.00 7.350e-01 2.590e-01 1.056e-03 2.945e-04 2.641e-03 -1.000 6.000e-03 -4.852 -4.654 -4.018 -5.421
0.006 -0.40400 7.53001 8.3429203033 2.6237244224    8.341  3.887  3.6346  0.962    3  0.000  0.514    36.00    25.75    17.98    13.04    10.78  4    -1e-30      0.00 7.350e-01 2.590e-01 1.018e-03 3.229e-04 2.641e-03 -1.000 6.010e-03 -4.948 -4.719 -4.062 -5.501
0.006 -0.40400 7.53001 8.3429660797 2.6237244953    8.341  3.925  3.6299  0.906    3  0.000  0.478    40.92    28.51    19.82    14.40    11.90  4    -1e-30      0.00 7.349e-01 2.590e-01 9.473e-04 3.979e-04 2.641e-03 -1.000 6.069e-03 -5.042 -4.787 -4.111 -5.582
0.006 -0.40400 7.53001 8.3429880142 2.6237245302    8.341  3.944  3.6276  0.877    3  0.000  0.457    43.67    30.03    20.82    15.14    12.52  4    -1e-30      0.00 7.349e-01 2.591e-01 9.060e-04 4.462e-04 2.641e-03 -1.000 6.036e-03 -5.090 -4.822 -4.136 -5.623
0.006 -0.40400 7.53001 8.3429956436 2.6237245423    8.341  3.951  3.6269  0.868    3  0.000  0.452    44.59    30.53    21.16    15.38    12.72  4    -1e-30      0.00 7.349e-01 2.591e-01 8.949e-04 4.599e-04 2.641e-03 -1.000 6.036e-03 -5.106 -4.833 -4.145 -5.637
0.006 -0.40400 7.53001 8.3430109024 2.6237245666    8.341  3.964  3.6254  0.848    3  0.000  0.440    46.64    31.64    21.89    15.93    13.17  4    -1e-30      0.00 7.349e-01 2.591e-01 8.711e-04 4.894e-04 2.641e-03 -1.000 6.036e-03 -5.141 -4.859 -4.164 -5.667
0.006 -0.40400 7.53001 8.3430213928 2.6237245833    8.341  3.973  3.6244  0.836    3  0.000  0.433    48.01    32.38    22.38    16.29    13.47  4    -1e-30      0.00 7.349e-01 2.591e-01 8.570e-04 5.067e-04 2.641e-03 -1.000 6.000e-03 -5.163 -4.875 -4.176 -5.686
0.006 -0.40400 7.53001 8.3430662155 2.6237246546    8.341  4.009  3.6206  0.785    3  0.000  0.412    53.84    35.47    24.42    17.80    14.72  4    -1e-30      0.00 7.349e-01 2.591e-01 8.162e-04 5.572e-04 2.641e-03 -1.000 6.000e-03 -5.252 -4.942 -4.227 -5.763
0.006 -0.40400 7.53001 8.3431196213 2.6237247396    8.342  4.042  3.6173  0.739    3  0.000  0.398    59.81    38.58    26.45    19.30    15.97  4    -1e-30      0.00 7.349e-01 2.591e-01 7.880e-04 5.921e-04 2.640e-03 -1.000 6.000e-03 -5.334 -5.003 -4.273 -5.834
0.006 -0.40400 7.53001 8.3432092667 2.6237248823    8.342  4.079  3.6135  0.686    3  0.000  0.385    67.40    42.42    28.97    21.17    17.52  4    -1e-30      0.00 7.348e-01 2.591e-01 7.611e-04 6.266e-04 2.639e-03 -1.000 6.056e-03 -5.428 -5.073 -4.325 -5.915
0.006 -0.40400 7.53001 8.3434209824 2.6237252192    8.342  4.117  3.6097  0.633    3  0.000  0.376    76.12    46.74    31.77    23.25    19.25  4    -1e-30      0.00 7.342e-01 2.598e-01 7.360e-04 6.854e-04 2.607e-03 -1.000 6.052e-03 -5.524 -5.144 -4.378 -5.998
0.006 -0.40400 7.53001 8.3441572189 2.6237263906    8.343  4.163  3.6051  0.568    3  0.000  0.373    88.06    52.49    35.50    26.02    21.54  4    -1e-30      0.00 7.305e-01 2.635e-01 7.022e-04 8.136e-04 2.508e-03 -1.000 6.000e-03 -5.638 -5.227 -4.438 -6.095
0.006 -0.40400 7.53001 8.3454389572 2.6237284294    8.344  4.208  3.6009  0.507    3  0.000  0.373   101.26    58.67    39.48    28.99    24.00  4    -1e-30      0.00 7.235e-01 2.705e-01 6.747e-04 9.328e-04 2.411e-03 -1.000 6.000e-03 -5.750 -5.309 -4.499 -6.190
0.006 -0.40400 7.53001 8.3477106094 2.6237320410    8.346  4.231  3.5989  0.476    3  0.000  0.373   108.56    62.01    41.62    30.59    25.33  4    -1e-30      0.00 7.201e-01 2.739e-01 6.646e-04 9.770e-04 2.374e-03 -1.000 6.000e-03 -5.807 -5.351 -4.529 -6.239
0.006 -0.40400 7.53001 8.3786621094 2.6237810255    8.377  4.199  3.6029  0.525    4  0.000  0.373     0.00     0.00     0.00     0.00     0.00 -1    -1e-30      0.00 7.201e-01 2.739e-01 6.646e-04 9.769e-04 2.374e-03 -1.000 6.000e-03 -5.728 -5.301 -4.501 -6.177
0.006 -0.40400 7.53001 8.4063930511 2.6238245609    8.404  4.170  3.6066  0.571    4  0.000  0.373     0.00     0.00     0.00     0.00     0.00 -1    -1e-30      0.00 7.201e-01 2.739e-01 6.646e-04 9.769e-04 2.374e-03 -1.000 6.000e-03 -5.655 -5.253 -4.471 -6.117
0.006 -0.40400 7.53001 8.4335765839 2.6238669175    8.431  4.142  3.6103  0.615    4  0.000  0.373     0.00     0.00     0.00     0.00     0.00 -1    -1e-30      0.00 7.201e-01 2.739e-01 6.646e-04 9.769e-04 2.374e-03 -1.000 6.000e-03 -5.585 -5.209 -4.444 -6.062
0.006 -0.40400 7.53001 8.4656639099 2.6239165127    8.463  4.117  3.6144  0.658    4  0.000  0.373     0.00     0.00     0.00     0.00     0.00 -1    -1e-30      0.00 7.201e-01 2.739e-01 6.646e-04 9.769e-04 2.374e-03 -1.000 6.000e-03 -5.523 -5.174 -4.428 -6.015
0.006 -0.40400 7.53001 8.5119266510 2.6239872615    8.509  4.097  3.6203  0.704    4  0.000  0.373     0.00     0.00     0.00     0.00     0.00 -1    -1e-30      0.00 7.201e-01 2.739e-01 6.646e-04 9.768e-04 2.375e-03 -1.000 6.000e-03 -5.472 -5.159 -4.438 -5.984
0.006 -0.40400 7.53001 8.5379467010 2.6240266663    8.535  4.089  3.6235  0.727    4  0.000  0.373     0.00     0.00     0.00     0.00     0.00 -1    -1e-30      0.00 7.201e-01 2.739e-01 6.646e-04 9.768e-04 2.375e-03 -1.000 6.000e-03 -5.452 -5.158 -4.450 -5.974
0.006 -0.40400 7.53001 8.5627727509 2.6240640064    8.560  4.106  3.6297  0.735    5  0.000  0.373     0.00     0.00     0.00     0.00     0.00 -1    -1e-30      0.00 7.201e-01 2.739e-01 6.646e-04 9.768e-04 2.375e-03 -1.000 6.000e-03 -5.495 -5.238 -4.552 -6.038
0.006 -0.40400 7.53001 8.5693941116 2.6240739233    8.566  4.139  3.6652  0.844    5  0.000  0.373     0.00     0.00     0.00     0.00     0.00 -1    -1e-30      0.00 7.201e-01 2.739e-01 6.646e-04 9.768e-04 2.375e-03 -1.000 6.000e-03 -5.578 -5.492 -4.922 -6.209
0.006 -0.40400 7.53001 8.5710153580 2.6240763488    8.568  4.142  3.6955  0.963    5  0.000  0.373     0.00     0.00     0.00     0.00     0.00 -1    -1e-30      0.00 7.201e-01 2.739e-01 6.646e-04 9.768e-04 2.375e-03 -1.000 6.000e-03 -5.585 -5.594 -5.111 -6.240
0.006 -0.40400 7.53001 8.5715990067 2.6240772217    8.568  4.142  3.7012  0.985    5  0.000  0.373     0.00     0.00     0.00     0.00     0.00 -1    -1e-30      0.00 7.201e-01 2.739e-01 6.646e-04 9.768e-04 2.375e-03 -1.000 6.000e-03 -5.586 -5.610 -5.142 -6.243
0.006 -0.40400 7.53001 8.5718278885 2.6240775640    8.568  4.142  3.7030  0.993    5  0.000  0.373     0.00     0.00     0.00     0.00     0.00 -1    -1e-30      0.00 7.201e-01 2.739e-01 6.646e-04 9.768e-04 2.375e-03 -1.000 6.000e-03 -5.586 -5.615 -5.152 -6.244
0.006 -0.40400 7.53001 8.5720119476 2.6240778392    8.569  4.142  3.7041  0.997    5  0.000  0.373     0.00     0.00     0.00     0.00     0.00 -1    -1e-30      0.00 7.201e-01 2.739e-01 6.646e-04 9.768e-04 2.375e-03 -1.000 6.000e-03 -5.586 -5.618 -5.158 -6.244
0.006 -0.40400 7.53001 8.5721502304 2.6240780460    8.569  4.143  3.7049  1.000    5  0.000  0.373     0.00     0.00     0.00     0.00     0.00 -1    -1e-30      0.00 7.201e-01 2.739e-01 6.646e-04 9.768e-04 2.375e-03 -1.000 6.000e-03 -5.586 -5.621 -5.162 -6.244
0.006 -0.40400 7.53001 8.5722713470 2.6240782271    8.569  4.143  3.7056  1.003    5  0.000  0.373     0.00     0.00     0.00     0.00     0.00 -1    -1e-30      0.00 7.201e-01 2.739e-01 6.646e-04 9.768e-04 2.375e-03 -1.000 6.000e-03 -5.587 -5.622 -5.166 -6.245
0.006 -0.40400 7.53001 8.5723876953 2.6240784011    8.569  4.143  3.7063  1.005    5  0.000  0.373     0.00     0.00     0.00     0.00     0.00 -1    -1e-30      0.00 7.201e-01 2.739e-01 6.646e-04 9.768e-04 2.375e-03 -1.000 6.000e-03 -5.587 -5.624 -5.170 -6.245
0.006 -0.40400 7.53001 8.5725059509 2.6240785779    8.569  4.143  3.7069  1.008    5  0.000  0.373     0.00     0.00     0.00     0.00     0.00 -1    -1e-30      0.00 7.201e-01 2.739e-01 6.646e-04 9.768e-04 2.375e-03 -1.000 6.000e-03 -5.587 -5.626 -5.174 -6.245
0.006 -0.40400 7.53001 8.5726270676 2.6240787590    8.569  4.143  3.7075  1.010    5  0.000  0.373     0.00     0.00     0.00     0.00     0.00 -1    -1e-30      0.00 7.201e-01 2.739e-01 6.646e-04 9.768e-04 2.375e-03 -1.000 6.000e-03 -5.587 -5.628 -5.177 -6.245
0.006 -0.40400 7.53001 8.5727548599 2.6240789500    8.569  4.143  3.7080  1.012    5  0.000  0.373     0.00     0.00     0.00     0.00     0.00 -1    -1e-30      0.00 7.201e-01 2.739e-01 6.646e-04 9.768e-04 2.375e-03 -1.000 6.000e-03 -5.588 -5.629 -5.180 -6.245
0.006 -0.40400 7.53001 8.5728912354 2.6240791539    8.570  4.143  3.7085  1.014    5  0.000  0.373     0.00     0.00     0.00     0.00     0.00 -1    -1e-30      0.00 7.201e-01 2.739e-01 6.646e-04 9.768e-04 2.375e-03 -1.000 6.000e-03 -5.588 -5.631 -5.183 -6.246
0.006 -0.40400 7.53001 8.5730371475 2.6240793720    8.570  4.143  3.7090  1.016    5  0.000  0.373     0.00     0.00     0.00     0.00     0.00 -1    -1e-30      0.00 7.201e-01 2.739e-01 6.646e-04 9.768e-04 2.375e-03 -1.000 6.000e-03 -5.588 -5.632 -5.186 -6.246
0.006 -0.40400 7.53001 8.5732393265 2.6240796743    8.570  4.143  3.7097  1.018    5  0.000  0.373     0.00     0.00     0.00     0.00     0.00 -1    -1e-30      0.00 7.201e-01 2.739e-01 6.646e-04 9.768e-04 2.375e-03 -1.000 6.000e-03 -5.589 -5.634 -5.190 -6.246
0.006 -0.40400 7.53001 8.5734672546 2.6240800150    8.570  4.144  3.7105  1.021    5  0.000  0.373     0.00     0.00     0.00     0.00     0.00 -1    -1e-30      0.00 7.201e-01 2.739e-01 6.646e-04 9.768e-04 2.375e-03 -1.000 6.000e-03 -5.589 -5.637 -5.194 -6.247
0.006 -0.40400 7.53001 8.5736770630 2.6240803286    8.570  4.144  3.7112  1.024    5  0.000  0.373     0.00     0.00     0.00     0.00     0.00 -1    -1e-30      0.00 7.201e-01 2.739e-01 6.646e-04 9.768e-04 2.375e-03 -1.000 6.000e-03 -5.590 -5.639 -5.198 -6.247
0.006 -0.40400 7.53001 8.5739173889 2.6240806878    8.571  4.144  3.7119  1.027    5  0.000  0.373     0.00     0.00     0.00     0.00     0.00 -1    -1e-30      0.00 7.201e-01 2.739e-01 6.646e-04 9.768e-04 2.375e-03 -1.000 6.000e-03 -5.590 -5.641 -5.202 -6.247
0.006 -0.40400 7.53001 8.5742053986 2.6240811182    8.571  4.144  3.7125  1.029    5  0.000  0.373     0.00     0.00     0.00     0.00     0.00 -1    -1e-30      0.00 7.201e-01 2.739e-01 6.646e-04 9.768e-04 2.375e-03 -1.000 6.000e-03 -5.591 -5.643 -5.206 -6.248
0.006 -0.40400 7.53001 8.5746631622 2.6240818023    8.571  4.145  3.7135  1.032    5  0.000  0.373     0.00     0.00     0.00     0.00     0.00 -1    -1e-30      0.00 7.201e-01 2.739e-01 6.646e-04 9.768e-04 2.375e-03 -1.000 6.000e-03 -5.592 -5.646 -5.212 -6.249
0.006 -0.40400 7.53001 8.5751647949 2.6240825518    8.572  4.145  3.7146  1.036    5  0.000  0.373     0.00     0.00     0.00     0.00     0.00 -1    -1e-30      0.00 7.201e-01 2.739e-01 6.646e-04 9.768e-04 2.375e-03 -1.000 6.000e-03 -5.593 -5.650 -5.218 -6.249
0.006 -0.40400 7.53001 8.5761384964 2.6240840064    8.573  4.146  3.7164  1.043    5  0.000  0.373     0.00     0.00     0.00     0.00     0.00 -1    -1e-30      0.00 7.201e-01 2.739e-01 6.646e-04 9.768e-04 2.375e-03 -1.000 6.000e-03 -5.595 -5.656 -5.230 -6.251
0.006 -0.40400 7.53001 8.5775413513 2.6240861014    8.574  4.148  3.7186  1.050    5  0.000  0.373     0.00     0.00     0.00     0.00     0.00 -1    -1e-30      0.00 7.201e-01 2.739e-01 6.646e-04 9.768e-04 2.375e-03 -1.000 6.000e-03 -5.599 -5.665 -5.244 -6.254
0.006 -0.40400 7.53001 8.5801877975 2.6240900515    8.577  4.150  3.7223  1.062    5  0.000  0.373     0.00     0.00     0.00     0.00     0.00 -1    -1e-30      0.00 7.201e-01 2.739e-01 6.646e-04 9.768e-04 2.375e-03 -1.000 6.000e-03 -5.605 -5.679 -5.268 -6.259
0.006 -0.40400 7.53001 8.5833177567 2.6240947196    8.580  4.153  3.7262  1.075    5  0.000  0.373     0.00     0.00     0.00     0.00     0.00 -1    -1e-30      0.00 7.201e-01 2.739e-01 6.646e-04 9.768e-04 2.375e-03 -1.000 6.000e-03 -5.613 -5.694 -5.294 -6.264
0.006 -0.40400 7.53001 8.5870008469 2.6241002077    8.584  4.157  3.7303  1.088    5  0.000  0.373     0.00     0.00     0.00     0.00     0.00 -1    -1e-30      0.00 7.201e-01 2.739e-01 6.646e-04 9.768e-04 2.375e-03 -1.000 6.000e-03 -5.622 -5.711 -5.322 -6.271
0.006 -0.40400 7.53001 8.5910549164 2.6241062423    8.588  4.160  3.7340  1.100    5  0.000  0.373     0.00     0.00     0.00     0.00     0.00 -1    -1e-30      0.00 7.201e-01 2.739e-01 6.646e-04 9.768e-04 2.375e-03 -1.000 6.000e-03 -5.631 -5.727 -5.347 -6.277
0.006 -0.40400 7.53001 8.5962018967 2.6241138944    8.593  4.167  3.7387  1.111    5  0.000  0.373     0.00     0.00     0.00     0.00     0.00 -1    -1e-30      0.00 7.201e-01 2.739e-01 6.646e-04 9.768e-04 2.375e-03 -1.000 6.000e-03 -5.648 -5.752 -5.384 -6.291
0.006 -0.40400 7.53001 8.6023302078 2.6241229916    8.599  4.210  3.7813  1.239    5  0.000  0.373     0.00     0.00     0.00     0.00     0.00 -1    -1e-30      0.00 7.201e-01 2.739e-01 6.646e-04 9.767e-04 2.375e-03 -1.000 6.000e-03 -5.756 -5.913 -5.655 -6.330
0.006 -0.40400 7.53001 8.6121845245 2.6241375887    8.609  4.216  3.8905  1.671    5  0.000  0.373     0.00     0.00     0.00     0.00     0.00 -1    -1e-30      0.00 7.201e-01 2.739e-01 6.646e-04 9.767e-04 2.375e-03 -1.000 6.000e-03 -5.769 -5.912 -5.858 -6.023
0.006 -0.40400 7.53001 8.6352567673 2.6241716156    8.632  4.225  3.8951  1.682    5  0.000  0.373     0.00     0.00     0.00     0.00     0.00 -1    -1e-30      0.00 7.201e-01 2.739e-01 6.646e-04 9.767e-04 2.375e-03 -1.000 6.000e-03 -5.792 -5.926 -5.878 -6.029
0.006 -0.40400 7.53001 8.6369152069 2.6241740535    8.633  4.232  3.9054  1.716    5  0.000  0.373     0.00     0.00     0.00     0.00     0.00 -1    -1e-30      0.00 7.201e-01 2.739e-01 6.646e-04 9.767e-04 2.375e-03 -1.000 6.000e-03 -5.809 -5.923 -5.884 -6.007
0.006 -0.40400 7.53001 8.6375074387 2.6241749237    8.634  4.232  3.9100  1.734    5  0.000  0.373     0.00     0.00     0.00     0.00     0.00 -1    -1e-30      0.00 7.201e-01 2.739e-01 6.646e-04 9.767e-04 2.375e-03 -1.000 6.000e-03 -5.810 -5.914 -5.879 -5.991
0.006 -0.40400 7.53001 8.6396512985 2.6241780730    8.636  4.230  3.9110  1.740    5  0.000  0.373     0.00     0.00     0.00     0.00     0.00 -1    -1e-30      0.00 7.201e-01 2.739e-01 6.646e-04 9.767e-04 2.375e-03 -1.000 6.000e-03 -5.805 -5.906 -5.872 -5.982
0.006 -0.40400 7.53001 8.6488475800 2.6241915617    8.645  4.230  3.9027  1.708    6  0.000  0.373     0.00     0.00     0.00     0.00     0.00 -1    -1e-30      0.00 7.201e-01 2.739e-01 6.646e-04 9.767e-04 2.375e-03 -1.000 6.000e-03 -5.805 -5.925 -5.884 -6.014
0.006 -0.40400 7.53001 8.6570920944 2.6242036263    8.653  4.231  3.8888  1.651    6  0.000  0.373     0.00     0.00     0.00     0.00     0.00 -1    -1e-30      0.00 7.201e-01 2.739e-01 6.646e-04 9.767e-04 2.375e-03 -1.000 6.000e-03 -5.809 -5.953 -5.898 -6.068
0.006 -0.40400 7.53001 8.6644678116 2.6242143973    8.661  4.235  3.8799  1.612    6  0.000  0.373     0.00     0.00     0.00     0.00     0.00 -1    -1e-30      0.00 7.201e-01 2.739e-01 6.646e-04 9.767e-04 2.375e-03 -1.000 6.000e-03 -5.817 -5.973 -5.907 -6.108
0.006 -0.40400 7.53001 8.6689043045 2.6242208658    8.665  4.237  3.8785  1.604    6  0.000  0.373     0.00     0.00     0.00     0.00     0.00 -1    -1e-30      0.00 7.201e-01 2.739e-01 6.646e-04 9.767e-04 2.375e-03 -1.000 6.000e-03 -5.823 -5.980 -5.912 -6.118
0.006 -0.40400 7.53001 8.6728925705 2.6242266744    8.669  4.236  3.8823  1.621    6  0.000  0.373     0.00     0.00     0.00     0.00     0.00 -1    -1e-30      0.00 7.201e-01 2.739e-01 6.646e-04 9.767e-04 2.375e-03 -1.000 6.000e-03 -5.819 -5.972 -5.908 -6.101
0.006 -0.40400 7.53001 8.6764717102 2.6242318818    8.672  4.235  3.8672  1.562    6  0.000  0.373     0.00     0.00     0.00     0.00     0.00 -1    -1e-30      0.00 7.201e-01 2.739e-01 6.646e-04 9.767e-04 2.375e-03 -1.000 6.000e-03 -5.816 -5.983 -5.899 -6.149
0.006 -0.40400 7.53001 8.6795663834 2.6242363804    8.675  4.233  3.8499  1.495    6  0.000  0.373     0.00     0.00     0.00     0.00     0.00 -1    -1e-30      0.00 7.201e-01 2.739e-01 6.646e-04 9.767e-04 2.375e-03 -1.000 6.000e-03 -5.812 -5.988 -5.876 -6.200
0.006 -0.40400 7.53001 8.6822147369 2.6242402273    8.678  4.231  3.8308  1.421    6  0.000  0.373     0.00     0.00     0.00     0.00     0.00 -1    -1e-30      0.00 7.201e-01 2.739e-01 6.646e-04 9.767e-04 2.375e-03 -1.000 6.000e-03 -5.807 -5.985 -5.837 -6.255
0.006 -0.40400 7.53001 8.6844978333 2.6242435414    8.680  4.228  3.8092  1.338    6  0.000  0.373     0.00     0.00     0.00     0.00     0.00 -1    -1e-30      0.00 7.201e-01 2.739e-01 6.646e-04 9.767e-04 2.375e-03 -1.000 6.000e-03 -5.799 -5.972 -5.778 -6.307
0.006 -0.40400 7.53001 8.6864690781 2.6242464013    8.682  4.224  3.7842  1.242    6  0.000  0.373     0.00     0.00     0.00     0.00     0.00 -1    -1e-30      0.00 7.201e-01 2.739e-01 6.646e-04 9.767e-04 2.375e-03 -1.000 6.000e-03 -5.789 -5.948 -5.696 -6.356
0.006 -0.40400 7.53001 8.6881780624 2.6242488795    8.684  4.217  3.7544  1.129    6  0.000  0.373     0.00     0.00     0.00     0.00     0.00 -1    -1e-30      0.00 7.201e-01 2.739e-01 6.646e-04 9.767e-04 2.375e-03 -1.000 6.000e-03 -5.773 -5.897 -5.571 -6.393
0.006 -0.40400 7.53001 8.6896600723 2.6242510276    8.686  4.203  3.7200  1.006    6  0.000  0.373     0.00     0.00     0.00     0.00     0.00 -1    -1e-30      0.00 7.201e-01 2.739e-01 6.646e-04 9.767e-04 2.375e-03 -1.000 6.000e-03 -5.737 -5.807 -5.390 -6.393
0.006 -0.40400 7.53001 8.6909494400 2.6242528958    8.687  4.172  3.6997  0.956    6  0.000  0.373     0.00     0.00     0.00     0.00     0.00 -1    -1e-30      0.00 7.201e-01 2.739e-01 6.646e-04 9.767e-04 2.375e-03 -1.000 6.000e-03 -5.660 -5.681 -5.209 -6.318
0.006 -0.40400 7.53001 8.6920747757 2.6242545258    8.688  4.163  3.6855  0.908    6  0.000  0.373     0.00     0.00     0.00     0.00     0.00 -1    -1e-30      0.00 7.201e-01 2.739e-01 6.646e-04 9.767e-04 2.375e-03 -1.000 6.000e-03 -5.636 -5.616 -5.106 -6.285
0.006 -0.40400 7.53001 8.6930580139 2.6242559496    8.689  4.164  3.6771  0.874    6  0.000  0.373     0.00     0.00     0.00     0.00     0.00 -1    -1e-30      0.00 7.201e-01 2.739e-01 6.646e-04 9.767e-04 2.375e-03 -1.000 6.000e-03 -5.639 -5.594 -5.060 -6.283
0.006 -0.40400 7.53001 8.6939210892 2.6242571991    8.690  4.167  3.6722  0.850    6  0.000  0.373     0.00     0.00     0.00     0.00     0.00 -1    -1e-30      0.00 7.201e-01 2.739e-01 6.646e-04 9.767e-04 2.375e-03 -1.000 6.000e-03 -5.648 -5.588 -5.038 -6.288
0.006 -0.40400 7.53001 8.6946792603 2.6242582965    8.690  4.170  3.6677  0.830    6  0.000  0.373     0.00     0.00     0.00     0.00     0.00 -1    -1e-30      0.00 7.201e-01 2.739e-01 6.646e-04 9.767e-04 2.375e-03 -1.000 6.000e-03 -5.655 -5.579 -5.015 -6.290
0.006 -0.40400 7.53001 8.6953487396 2.6242592653    8.691  4.172  3.6634  0.810    6  0.000  0.373     0.00     0.00     0.00     0.00     0.00 -1    -1e-30      0.00 7.201e-01 2.739e-01 6.646e-04 9.767e-04 2.375e-03 -1.000 6.000e-03 -5.661 -5.567 -4.990 -6.289
0.006 -0.40400 7.53001 8.6959419250 2.6242601236    8.692  4.174  3.6590  0.791    6  0.000  0.373     0.00     0.00     0.00     0.00     0.00 -1    -1e-30      0.00 7.201e-01 2.739e-01 6.646e-04 9.767e-04 2.375e-03 -1.000 6.000e-03 -5.666 -5.554 -4.962 -6.287
0.006 -0.40400 7.53001 8.6964673996 2.6242608838    8.692  4.176  3.6547  0.772    6  0.000  0.373     0.00     0.00     0.00     0.00     0.00 -1    -1e-30      0.00 7.201e-01 2.739e-01 6.646e-04 9.767e-04 2.375e-03 -1.000 6.000e-03 -5.669 -5.538 -4.933 -6.281
0.006 -0.40400 7.53001 8.6969366074 2.6242615625    8.693  4.177  3.6504  0.754    6  0.000  0.373     0.00     0.00     0.00     0.00     0.00 -1    -1e-30      0.00 7.201e-01 2.739e-01 6.646e-04 9.767e-04 2.375e-03 -1.000 6.000e-03 -5.672 -5.521 -4.902 -6.274
0.006 -0.40400 7.53001 8.6973524094 2.6242621639    8.693  4.178  3.6462  0.736    6  0.000  0.373     0.00     0.00     0.00     0.00     0.00 -1    -1e-30      0.00 7.201e-01 2.739e-01 6.646e-04 9.767e-04 2.375e-03 -1.000 6.000e-03 -5.674 -5.502 -4.870 -6.265
0.006 -0.40400 7.53001 8.6977224350 2.6242626990    8.693  4.178  3.6420  0.719    6  0.000  0.373     0.00     0.00     0.00     0.00     0.00 -1    -1e-30      0.00 7.201e-01 2.739e-01 6.646e-04 9.767e-04 2.375e-03 -1.000 6.000e-03 -5.675 -5.483 -4.836 -6.256
0.006 -0.40400 7.53001 8.6980533600 2.6242631775    8.694  4.179  3.6380  0.703    6  0.000  0.373     0.00     0.00     0.00     0.00     0.00 -1    -1e-30      0.00 7.201e-01 2.739e-01 6.646e-04 9.767e-04 2.375e-03 -1.000 6.000e-03 -5.676 -5.463 -4.803 -6.246
0.006 -0.40400 7.53001 8.6983537674 2.6242636119    8.694  4.179  3.6343  0.688    6  0.000  0.373     0.00     0.00     0.00     0.00     0.00 -1    -1e-30      0.00 7.201e-01 2.739e-01 6.646e-04 9.767e-04 2.375e-03 -1.000 6.000e-03 -5.678 -5.444 -4.771 -6.236
0.006 -0.40400 7.53001 8.6986341476 2.6242640172    8.694  4.179  3.6311  0.674    6  0.000  0.373     0.00     0.00     0.00     0.00     0.00 -1    -1e-30      0.00 7.201e-01 2.739e-01 6.646e-04 9.767e-04 2.375e-03 -1.000 6.000e-03 -5.678 -5.427 -4.743 -6.227
0.006 -0.40400 7.53001 8.6989097595 2.6242644157    8.695  4.179  3.6281  0.663    6  0.000  0.373     0.00     0.00     0.00     0.00     0.00 -1    -1e-30      0.00 7.201e-01 2.739e-01 6.646e-04 9.767e-04 2.375e-03 -1.000 6.000e-03 -5.677 -5.409 -4.714 -6.216
0.006 -0.40400 7.53001 8.6992053986 2.6242648431    8.695  4.178  3.6254  0.653    6  0.000  0.373     0.00     0.00     0.00     0.00     0.00 -1    -1e-30      0.00 7.201e-01 2.739e-01 6.646e-04 9.767e-04 2.375e-03 -1.000 6.000e-03 -5.674 -5.390 -4.685 -6.204
0.006 -0.40400 7.53001 8.6995334625 2.6242653173    8.695  4.176  3.6231  0.646    6  0.000  0.373     0.00     0.00     0.00     0.00     0.00 -1    -1e-30      0.00 7.201e-01 2.739e-01 6.646e-04 9.767e-04 2.375e-03 -1.000 6.000e-03 -5.670 -5.373 -4.658 -6.193
0.006 -0.40400 7.53001 8.6999416351 2.6242659072    8.696  4.174  3.6208  0.639    6  0.000  0.373     0.00     0.00     0.00     0.00     0.00 -1    -1e-30      0.00 7.201e-01 2.739e-01 6.646e-04 9.767e-04 2.375e-03 -1.000 6.000e-03 -5.664 -5.353 -4.631 -6.179
0.006 -0.40400 7.53001 8.7004699707 2.6242666707    8.696  4.170  3.6180  0.632    6  0.000  0.373     0.00     0.00     0.00     0.00     0.00 -1    -1e-30      0.00 7.201e-01 2.739e-01 6.646e-04 9.767e-04 2.375e-03 -1.000 6.000e-03 -5.654 -5.326 -4.593 -6.159
0.006 -0.40400 7.53001 8.7009611130 2.6242673804    8.697  4.172  3.6153  0.619    6  0.000  0.373     0.00     0.00     0.00     0.00     0.00 -1    -1e-30      0.00 7.201e-01 2.739e-01 6.646e-04 9.767e-04 2.375e-03 -1.000 6.000e-03 -5.659 -5.314 -4.570 -6.154
0.006 -0.40400 7.53001 8.7016324997 2.6242683504    8.697  4.182  3.6119  0.595    6  0.000  0.373     0.00     0.00     0.00     0.00     0.00 -1    -1e-30      0.00 7.201e-01 2.739e-01 6.646e-04 9.767e-04 2.375e-03 -1.000 6.000e-03 -5.686 -5.320 -4.560 -6.169
0.006 -0.40400 7.53001 8.7021512985 2.6242690998    8.698  4.199  3.6094  0.568    6  0.000  0.373     0.00     0.00     0.00     0.00     0.00 -1    -1e-30      0.00 7.201e-01 2.739e-01 6.646e-04 9.767e-04 2.375e-03 -1.000 6.000e-03 -5.727 -5.344 -4.573 -6.201
0.006 -0.40400 7.53001 8.7027645111 2.6242699854    8.698  4.226  3.6058  0.526    6  0.000  0.373     0.00     0.00     0.00     0.00     0.00 -1    -1e-30      0.00 7.201e-01 2.739e-01 6.646e-04 9.767e-04 2.375e-03 -1.000 6.000e-03 -5.795 -5.388 -4.599 -6.255
0.006 -0.40400 7.53001 8.7028493881 2.6242701080    8.699  4.230  3.6053  0.520    6  0.000  0.373     0.00     0.00     0.00     0.00     0.00 -1    -1e-30      0.00 7.201e-01 2.739e-01 6.646e-04 9.767e-04 2.375e-03 -1.000 6.000e-03 -5.806 -5.394 -4.603 -6.263
0.006 -0.40400 7.53001 8.7032175064 2.6242706396    8.699  4.265  3.6014  0.470    7  0.000  0.373   111.88    63.41    42.56    31.24    25.88  4    -1e-30      0.00 7.201e-01 2.739e-01 6.646e-04 9.767e-04 2.375e-03 -1.000 6.000e-03 -5.893 -5.454 -4.642 -6.335
0.006 -0.40400 7.53001 8.7047739029 2.6242728866    8.701  4.286  3.5991  0.440    7  0.000  0.373   119.73    66.91    44.80    32.91    27.27  4    -1e-30      0.00 7.201e-01 2.739e-01 6.646e-04 9.767e-04 2.375e-03 -1.000 6.000e-03 -5.945 -5.489 -4.665 -6.378
0.006 -0.40400 7.53001 8.7052183151 2.6242735280    8.701  4.296  3.5979  0.425    7  0.000  0.373   123.95    68.77    45.99    33.80    28.01  4    -1e-30      0.00 7.201e-01 2.739e-01 6.646e-04 9.767e-04 2.375e-03 -1.000 6.000e-03 -5.971 -5.506 -4.675 -6.399
0.006 -0.40400 7.53001 8.7056388855 2.6242741349    8.701  4.311  3.5964  0.404    7  0.000  0.373   129.90    71.38    47.65    35.04    29.04  4    -1e-30      0.00 7.201e-01 2.739e-01 6.646e-04 9.767e-04 2.375e-03 -1.000 6.000e-03 -6.007 -5.530 -4.690 -6.429
0.006 -0.40400 7.53001 8.7061252594 2.6242748368    8.702  4.332  3.5942  0.374    7  0.000  0.373   139.18    75.39    50.21    36.94    30.62  4    -1e-30      0.00 7.201e-01 2.739e-01 6.646e-04 9.767e-04 2.375e-03 -1.000 6.000e-03 -6.061 -5.567 -4.713 -6.473
0.006 -0.40400 7.53001 8.7069044113 2.6242759609    8.703  4.373  3.5902  0.318    7  0.000  0.373   158.32    83.49    55.35    40.79    33.82  3    -1e-30      0.00 7.201e-01 2.739e-01 6.639e-04 9.772e-04 2.375e-03 -1.000 6.000e-03 -6.162 -5.636 -4.757 -6.556
0.006 -0.40400 7.53001 8.7076778412 2.6242770765    8.703  4.409  3.5866  0.267    7  0.000  0.371   177.80    91.53    60.42    44.59    36.98  3    -1e-30      0.00 7.201e-01 2.739e-01 6.616e-04 9.795e-04 2.375e-03 -1.000 6.000e-03 -6.253 -5.696 -4.793 -6.630
0.006 -0.40400 7.53001 8.7088069916 2.6242787048    8.705  4.455  3.5822  0.204    7  0.000  0.369   205.32   102.58    67.38    49.80    41.31  3    -1e-30      0.00 7.201e-01 2.739e-01 6.570e-04 9.848e-04 2.375e-03 -1.000 6.000e-03 -6.367 -5.771 -4.837 -6.721
0.006 -0.40400 7.53001 8.7099132538 2.6242802997    8.706  4.493  3.5785  0.151    7  0.000  0.367   231.43   112.79    73.76    54.60    45.30  3    -1e-30      0.00 7.201e-01 2.739e-01 6.528e-04 9.902e-04 2.374e-03 -1.000 6.000e-03 -6.461 -5.832 -4.869 -6.797
0.006 -0.40400 7.53001 8.7114477158 2.6242825111    8.707  4.538  3.5740  0.087    7  0.000  0.364   267.93   126.66    82.41    61.10    50.71  3    -1e-30      0.00 7.195e-01 2.745e-01 6.474e-04 1.002e-03 2.368e-03 -1.000 6.000e-03 -6.576 -5.901 -4.898 -6.885
0.006 -0.40400 7.53001 8.7127799988 2.6242844304    8.708  4.577  3.5701  0.034    7  0.000  0.364   302.61   139.48    90.35    67.09    55.70  3    -1e-30      0.00 7.179e-01 2.761e-01 6.426e-04 1.020e-03 2.355e-03 -1.000 6.000e-03 -6.671 -5.957 -4.921 -6.958
0.006 -0.40400 7.53001 8.7137784958 2.6242858684    8.709  4.606  3.5672 -0.008    7  0.000  0.364   328.31   150.38    97.08    72.17    59.92  3    -1e-30      0.00 7.167e-01 2.773e-01 6.401e-04 1.031e-03 2.346e-03 -1.000 6.000e-03 -6.746 -5.997 -4.928 -7.012
0.006 -0.40400 7.53001 8.7155294418 2.6242883891    8.711  4.637  3.5642 -0.050    7  0.000  0.364   349.91   162.28   104.41    77.70    64.53  2    -1e-30      0.00 7.152e-01 2.788e-01 6.381e-04 1.041e-03 2.338e-03 -1.000 6.015e-03 -6.822 -6.037 -4.934 -7.068
0.006 -0.40400 7.53001 8.7197961807 2.6242945268    8.715  4.674  3.5608 -0.100    7  0.000  0.364   377.63   177.77   113.91    84.88    70.51  2    -1e-30      0.00 7.123e-01 2.817e-01 6.350e-04 1.054e-03 2.326e-03 -1.000 6.034e-03 -6.914 -6.088 -4.943 -7.136
0.006 -0.40400 7.53001 8.7270021439 2.6243048769    8.723  4.707  3.5577 -0.145    7  0.000  0.364   404.31   192.89   123.14    91.87    76.33  2    -1e-30      0.00 7.082e-01 2.858e-01 6.315e-04 1.070e-03 2.313e-03 -1.000 6.063e-03 -6.997 -6.128 -4.938 -7.195
0.006 -0.40400 7.53001 8.7441644669 2.6243294486    8.740  4.730  3.5557 -0.176    7  0.000  0.364   423.58   203.91   129.86    96.96    80.57  0    -1e-30      0.00 7.045e-01 2.895e-01 6.286e-04 1.085e-03 2.301e-03 -1.000 6.024e-03 -7.055 -6.157 -4.935 -7.236
0.006 -0.40400 7.53001 8.7510938644 2.6243393382    8.746  4.724  3.5564 -0.167    7  0.000  0.364   418.17   200.79   127.97    95.52    79.37  0    -1e-30      0.00 7.037e-01 2.903e-01 6.279e-04 1.088e-03 2.298e-03 -1.000 6.000e-03 -7.041 -6.153 -4.941 -7.227
0.006 -0.40400 7.53001 8.7533178329 2.6243425084    8.749  4.711  3.5577 -0.149    7  0.000  0.364   406.78   194.27   124.00    92.51    76.86  2    -1e-30      0.00 7.037e-01 2.903e-01 6.279e-04 1.088e-03 2.298e-03 -1.000 6.000e-03 -7.009 -6.139 -4.948 -7.206
0.006 -0.40400 7.53001 8.7541780472 2.6243437341    8.750  4.706  3.5582 -0.142    7  0.000  0.364   402.47   191.81   122.49    91.37    75.91  2    -1e-30      0.00 7.037e-01 2.903e-01 6.279e-04 1.088e-03 2.298e-03 -1.000 6.000e-03 -6.996 -6.134 -4.951 -7.198
