Zini MH logAge Mini int_IMF Mass logL logTe logg label McoreTP C_O period0 period1 period2 period3 period4 pmode Mloss tau1m X Y Xc Xn Xo Cexcess Z mbolmag Gmag G_BPmag G_RPmag
0.005 -0.48482 8.89001 0.0900000036 1.0816895926    0.090 -3.279  3.4098  5.263    0  0.000  0.545     0.00     0.00     0.00     0.00     0.00 -1 -5.19e-17      0.00 7.371e-01 2.578e-01 9.173e-04 2.474e-04 2.244e-03 -1.000 5.101e-03 12.968 14.707 17.708 13.237
0.005 -0.48482 8.89001 0.1000000015 1.1711064122    0.100 -3.100  3.4357  5.233    0  0.000  0.545     0.00     0.00     0.00     0.00     0.00 -1  -7.7e-17      0.00 7.371e-01 2.578e-01 9.173e-04 2.474e-04 2.244e-03 -1.000 5.101e-03 12.520 14.068 16.677 12.651
0.005 -0.48482 8.89001 0.1199999973 1.3193154249    0.120 -2.851  3.4662  5.185    0  0.000  0.545     0.00     0.00     0.00     0.00     0.00 -1 -1.31e-16      0.00 7.370e-01 2.579e-01 9.173e-04 2.474e-04 2.244e-03 -1.000 5.101e-03 11.899 13.145 15.194 11.824
0.005 -0.48482 8.89001 0.1352702826 1.4123664764    0.135 -2.711  3.4811  5.156    0  0.000  0.545     0.00     0.00     0.00     0.00     0.00 -1 -1.77e-16      0.00 7.370e-01 2.579e-01 9.173e-04 2.474e-04 2.244e-03 -1.000 5.101e-03 11.546 12.650 14.451 11.383
0.005 -0.48482 8.89001 0.1400000006 1.4384526719    0.140 -2.669  3.4854  5.147    0  0.000  0.545     0.00     0.00     0.00     0.00     0.00 -1 -1.93e-16      0.00 7.369e-01 2.580e-01 9.173e-04 2.474e-04 2.244e-03 -1.000 5.101e-03 11.444 12.506 14.238 11.256
0.005 -0.48482 8.89001 0.1599999964 1.5372931554    0.160 -2.528  3.4985  5.116    0  0.000  0.545     0.00     0.00     0.00     0.00     0.00 -1 -2.58e-16      0.00 7.369e-01 2.580e-01 9.173e-04 2.474e-04 2.244e-03 -1.000 5.101e-03 11.089 12.035 13.582 10.834
0.005 -0.48482 8.89001 0.1644745171 1.5572206013    0.164 -2.501  3.5007  5.110    0  0.000  0.545     0.00     0.00     0.00     0.00     0.00 -1 -2.72e-16      0.00 7.369e-01 2.580e-01 9.173e-04 2.474e-04 2.244e-03 -1.000 5.101e-03 11.023 11.950 13.469 10.757
0.005 -0.48482 8.89001 0.1999999881 1.6938790356    0.200 -2.313  3.5164  5.069    0  0.000  0.545     0.00     0.00     0.00     0.00     0.00 -1 -3.99e-16      0.00 7.368e-01 2.581e-01 9.173e-04 2.474e-04 2.244e-03 -1.000 5.101e-03 10.552 11.352 12.695 10.217
0.005 -0.48482 8.89001 0.2500000000 1.8403257998    0.250 -2.116  3.5308  5.027    0  0.000  0.545     0.00     0.00     0.00     0.00     0.00 -1 -5.91e-16      0.00 7.367e-01 2.582e-01 9.173e-04 2.474e-04 2.244e-03 -1.000 5.101e-03 10.059 10.758 11.971 9.671
0.005 -0.48482 8.89001 0.3174043894 1.9865100582    0.317 -1.904  3.5437  4.970    0  0.000  0.545     0.00     0.00     0.00     0.00     0.00 -1 -9.12e-16      0.00 7.370e-01 2.579e-01 9.173e-04 2.474e-04 2.244e-03 -1.000 5.101e-03 9.529 10.149 11.268 9.101
0.005 -0.48482 8.89001 0.3293395042 2.0081944379    0.329 -1.866  3.5458  4.957    0  0.000  0.545     0.00     0.00     0.00     0.00     0.00 -1 -9.89e-16      0.00 7.371e-01 2.578e-01 9.173e-04 2.474e-04 2.244e-03 -1.000 5.101e-03 9.436 10.044 11.149 9.002
0.005 -0.48482 8.89001 0.3499999642 2.0434174156    0.350 -1.810  3.5499  4.944    0  0.000  0.545     0.00     0.00     0.00     0.00     0.00 -1 -1.11e-15      0.00 7.371e-01 2.578e-01 9.173e-04 2.474e-04 2.244e-03 -1.000 5.101e-03 9.296 9.880 10.959 8.851
0.005 -0.48482 8.89001 0.3999999762 2.1185023988    0.400 -1.656  3.5611  4.892    0  0.000  0.545     0.00     0.00     0.00     0.00     0.00 -1 -1.57e-15      0.00 7.371e-01 2.578e-01 9.173e-04 2.474e-04 2.244e-03 -1.000 5.101e-03 8.910 9.431 10.441 8.435
0.005 -0.48482 8.89001 0.4311304092 2.1593454141    0.431 -1.550  3.5699  4.854    0  0.000  0.545     0.00     0.00     0.00     0.00     0.00 -1 -2.02e-15      0.00 7.371e-01 2.578e-01 9.173e-04 2.474e-04 2.244e-03 -1.000 5.101e-03 8.646 9.121 10.081 8.150
0.005 -0.48482 8.89001 0.4499999881 2.1822809009    0.450 -1.491  3.5748  4.833    0  0.000  0.545     0.00     0.00     0.00     0.00     0.00 -1 -2.32e-15      0.00 7.371e-01 2.578e-01 9.173e-04 2.474e-04 2.244e-03 -1.000 5.101e-03 8.497 8.949 9.885 7.991
0.005 -0.48482 8.89001 0.4684177041 2.2034922959    0.468 -1.425  3.5815  4.812    0  0.000  0.545     0.00     0.00     0.00     0.00     0.00 -1 -2.71e-15      0.00 7.371e-01 2.578e-01 9.173e-04 2.474e-04 2.244e-03 -1.000 5.101e-03 8.333 8.753 9.656 7.813
0.005 -0.48482 8.89001 0.4999999404 2.2374540715    0.500 -1.318  3.5930  4.779    0  0.000  0.545     0.00     0.00     0.00     0.00     0.00 -1 -3.48e-15      0.00 7.371e-01 2.578e-01 9.173e-04 2.474e-04 2.244e-03 -1.000 5.101e-03 8.066 8.436 9.288 7.525
0.005 -0.48482 8.89001 0.5124202967 2.2499016898    0.512 -1.272  3.5991  4.768    0  0.000  0.545     0.00     0.00     0.00     0.00     0.00 -1 -3.88e-15      0.00 7.381e-01 2.568e-01 9.142e-04 2.466e-04 2.237e-03 -1.000 5.101e-03 7.950 8.295 9.123 7.399
0.005 -0.48482 8.89001 0.5500000119 2.2836582633    0.550 -1.141  3.6180  4.744    0  0.000  0.545     0.00     0.00     0.00     0.00     0.00 -1  -5.2e-15      0.00 7.393e-01 2.556e-01 9.102e-04 2.456e-04 2.227e-03 -1.000 5.100e-03 7.624 7.900 8.652 7.050
0.005 -0.48482 8.89001 0.5851911902 2.3107915246    0.585 -1.016  3.6365  4.719    0  0.000  0.545     0.00     0.00     0.00     0.00     0.00 -1  -6.9e-15      0.00 7.397e-01 2.553e-01 9.088e-04 2.452e-04 2.224e-03 -1.000 5.061e-03 7.311 7.521 8.200 6.719
0.005 -0.48482 8.89001 0.5999999642 2.3211212854    0.600 -0.967  3.6445  4.713    0  0.000  0.545     0.00     0.00     0.00     0.00     0.00 -1 -7.69e-15      0.00 7.397e-01 2.553e-01 9.088e-04 2.452e-04 2.224e-03 -1.000 5.036e-03 7.187 7.365 8.011 6.587
0.005 -0.48482 8.89001 0.6499999166 2.3520352771    0.650 -0.801  3.6732  4.697    0  0.000  0.545     0.00     0.00     0.00     0.00     0.00 -1  -1.1e-14      0.00 7.400e-01 2.549e-01 9.079e-04 2.450e-04 2.222e-03 -1.000 5.067e-03 6.774 6.844 7.380 6.149
0.005 -0.48482 8.89001 0.6999999881 2.3779266974    0.700 -0.648  3.6997  4.682    1  0.000  0.545     0.00     0.00     0.00     0.00     0.00 -1 -1.54e-14      0.00 7.405e-01 2.545e-01 9.066e-04 2.446e-04 2.219e-03 -1.000 5.039e-03 6.390 6.382 6.841 5.754
0.005 -0.48482 8.89001 0.7489780188 2.3994736557    0.749 -0.508  3.7234  4.666    1  0.000  0.538     0.00     0.00     0.00     0.00     0.00 -1 -2.09e-14      0.00 7.410e-01 2.540e-01 8.935e-04 2.439e-04 2.216e-03 -1.000 5.055e-03 6.039 5.985 6.386 5.411
0.005 -0.48482 8.89001 0.7979561090 2.4180075369    0.798 -0.377  3.7432  4.641    1  0.000  0.538     0.00     0.00     0.00     0.00     0.00 -1 -2.82e-14      0.00 7.417e-01 2.533e-01 8.914e-04 2.434e-04 2.211e-03 -1.000 5.005e-03 5.712 5.633 5.991 5.100
0.005 -0.48482 8.89001 0.8469341993 2.4340981614    0.846 -0.253  3.7607  4.614    1  0.000  0.537     0.00     0.00     0.00     0.00     0.00 -1 -3.75e-14      0.00 7.426e-01 2.524e-01 8.884e-04 2.426e-04 2.204e-03 -1.000 4.967e-03 5.403 5.313 5.634 4.818
0.005 -0.48482 8.89001 0.8959121704 2.4481825371    0.895 -0.136  3.7758  4.581    1  0.000  0.537     0.00     0.00     0.00     0.00     0.00 -1 -4.97e-14      0.00 7.439e-01 2.511e-01 8.839e-04 2.414e-04 2.193e-03 -1.000 4.967e-03 5.109 5.016 5.307 4.555
0.005 -0.48482 8.89001 0.9165595770 2.4536039397    0.916 -0.088  3.7814  4.565    1  0.000  0.537     0.00     0.00     0.00     0.00     0.00 -1 -5.59e-14      0.00 7.449e-01 2.501e-01 8.813e-04 2.407e-04 2.187e-03 -1.000 4.956e-03 4.989 4.896 5.176 4.448
0.005 -0.48482 8.89001 0.9448902607 2.4606011507    0.944 -0.024  3.7888  4.544    1  0.000  0.537     0.00     0.00     0.00     0.00     0.00 -1 -6.53e-14      0.00 7.465e-01 2.486e-01 8.771e-04 2.396e-04 2.177e-03 -1.000 4.946e-03 4.829 4.737 5.003 4.306
0.005 -0.48482 8.89001 0.9938682914 2.4716227899    0.994  0.084  3.8005  4.505    1  0.000  0.537     0.00     0.00     0.00     0.00     0.00 -1 -8.54e-14      0.00 7.490e-01 2.461e-01 8.697e-04 2.376e-04 2.159e-03 -1.000 4.886e-03 4.560 4.472 4.716 4.067
0.005 -0.48482 8.89001 1.0054134130 2.4740416201    1.005  0.109  3.8031  4.496    1  0.000  0.537     0.00     0.00     0.00     0.00     0.00 -1 -8.94e-14      0.00 7.492e-01 2.459e-01 8.698e-04 2.377e-04 2.160e-03 -1.000 4.889e-03 4.499 4.411 4.650 4.012
0.005 -0.48482 8.89001 1.0428463221 2.4814624120    1.042  0.187  3.8114  4.467    1  0.000  0.537     0.00     0.00     0.00     0.00     0.00 -1 -1.04e-13      0.00 7.494e-01 2.457e-01 8.708e-04 2.380e-04 2.163e-03 -1.000 4.901e-03 4.302 4.217 4.442 3.838
0.005 -0.48482 8.89001 1.0750204325 2.4873680281    1.074  0.252  3.8184  4.442    1  0.000  0.537     0.00     0.00     0.00     0.00     0.00 -1 -1.16e-13      0.00 7.496e-01 2.455e-01 8.706e-04 2.379e-04 2.162e-03 -1.000 4.914e-03 4.139 4.056 4.269 3.691
0.005 -0.48482 8.89001 1.0918244123 2.4902937965    1.091  0.286  3.8220  4.430    1  0.000  0.537     0.00     0.00     0.00     0.00     0.00 -1 -1.23e-13      0.00 7.496e-01 2.455e-01 8.707e-04 2.380e-04 2.163e-03 -1.000 4.919e-03 4.055 3.973 4.180 3.616
0.005 -0.48482 8.89001 1.1206003428 2.4950704470    1.120  0.342  3.8284  4.411    1  0.000  0.537     0.00     0.00     0.00     0.00     0.00 -1 -1.34e-13      0.00 7.497e-01 2.453e-01 8.705e-04 2.379e-04 2.162e-03 -1.000 4.917e-03 3.915 3.834 4.031 3.492
0.005 -0.48482 8.89001 1.1408023834 2.4982588162    1.140  0.380  3.8328  4.398    1  0.000  0.537     0.00     0.00     0.00     0.00     0.00 -1 -1.43e-13      0.00 7.497e-01 2.454e-01 8.704e-04 2.379e-04 2.162e-03 -1.000 4.917e-03 3.819 3.739 3.929 3.407
0.005 -0.48482 8.89001 1.1897804737 2.5054744552    1.189  0.470  3.8440  4.372    1  0.000  0.537     0.00     0.00     0.00     0.00     0.00 -1 -1.61e-13      0.00 7.495e-01 2.456e-01 8.708e-04 2.380e-04 2.163e-03 -1.000 4.904e-03 3.596 3.519 3.692 3.213
0.005 -0.48482 8.89001 1.2387585640 2.5120378777    1.238  0.555  3.8566  4.354    1  0.000  0.537     0.00     0.00     0.00     0.00     0.00 -1 -1.77e-13      0.00 7.498e-01 2.453e-01 8.699e-04 2.377e-04 2.161e-03 -1.000 4.918e-03 3.383 3.310 3.464 3.033
0.005 -0.48482 8.89001 1.2877364159 2.5180304399    1.287  0.636  3.8711  4.348    1  0.000  0.537     0.00     0.00     0.00     0.00     0.00 -1 -1.89e-13      0.00 7.502e-01 2.449e-01 8.689e-04 2.375e-04 2.159e-03 -1.000 4.872e-03 3.179 3.112 3.245 2.870
0.005 -0.48482 8.89001 1.3367147446 2.5235208592    1.336  0.715  3.8869  4.349    1  0.000  0.537     0.00     0.00     0.00     0.00     0.00 -1 -1.95e-13      0.00 7.506e-01 2.445e-01 8.679e-04 2.372e-04 2.156e-03 -1.000 4.908e-03 2.983 2.925 3.034 2.720
0.005 -0.48482 8.89001 1.3664730787 2.5266365806    1.366  0.761  3.8964  4.350    1  0.000  0.537     0.00     0.00     0.00     0.00     0.00 -1 -1.96e-13      0.00 7.508e-01 2.443e-01 8.674e-04 2.371e-04 2.155e-03 -1.000 4.928e-03 2.867 2.816 2.912 2.635
0.005 -0.48482 8.89001 1.3856927156 2.5285672999    1.386  0.790  3.9023  4.350    1  0.000  0.537     0.00     0.00     0.00     0.00     0.00 -1 -1.97e-13      0.00 7.509e-01 2.442e-01 8.671e-04 2.370e-04 2.154e-03 -1.000 4.926e-03 2.794 2.748 2.836 2.581
0.005 -0.48482 8.89001 1.4346706867 2.5332195553    1.435  0.864  3.9163  4.348    1  0.000  0.537     0.00     0.00     0.00     0.00     0.00 -1 -1.94e-13      0.00 7.512e-01 2.439e-01 8.663e-04 2.368e-04 2.152e-03 -1.000 4.928e-03 2.610 2.580 2.650 2.449
0.005 -0.48482 8.89001 1.4534256458 2.5349058411    1.453  0.891  3.9211  4.346    1  0.000  0.537     0.00     0.00     0.00     0.00     0.00 -1  -1.9e-13      0.00 7.513e-01 2.438e-01 8.660e-04 2.367e-04 2.152e-03 -1.000 4.913e-03 2.542 2.519 2.582 2.400
0.005 -0.48482 8.89001 1.4836487770 2.5375203611    1.483  0.935  3.9284  4.340    1  0.000  0.537     0.00     0.00     0.00     0.00     0.00 -1 -1.84e-13      0.00 7.515e-01 2.436e-01 8.655e-04 2.366e-04 2.151e-03 -1.000 4.882e-03 2.434 2.423 2.476 2.321
0.005 -0.48482 8.89001 1.5132584572 2.5399656911    1.513  0.976  3.9348  4.333    1  0.000  0.537     0.00     0.00     0.00     0.00     0.00 -1 -1.73e-13      0.00 7.516e-01 2.435e-01 8.650e-04 2.365e-04 2.150e-03 -1.000 4.893e-03 2.330 2.333 2.378 2.246
0.005 -0.48482 8.89001 1.5326267481 2.5415065793    1.532  1.003  3.9387  4.327    1  0.000  0.536     0.00     0.00     0.00     0.00     0.00 -1 -1.66e-13      0.00 7.517e-01 2.434e-01 8.648e-04 2.364e-04 2.149e-03 -1.000 4.899e-03 2.263 2.275 2.316 2.197
0.005 -0.48482 8.89001 1.5754269361 2.5447576395    1.575  1.061  3.9467  4.313    1  0.000  0.537     0.00     0.00     0.00     0.00     0.00 -1 -1.39e-13      0.00 7.519e-01 2.433e-01 8.646e-04 2.364e-04 2.149e-03 -1.000 4.869e-03 2.117 2.151 2.183 2.089
0.005 -0.48482 8.89001 1.5816048384 2.5452102246    1.581  1.070  3.9478  4.310    1  0.000  0.537     0.00     0.00     0.00     0.00     0.00 -1 -1.36e-13      0.00 7.519e-01 2.432e-01 8.646e-04 2.363e-04 2.148e-03 -1.000 4.865e-03 2.096 2.133 2.165 2.074
0.005 -0.48482 8.89001 1.6054885387 2.5469223012    1.605  1.102  3.9519  4.301    1  0.000  0.537     0.00     0.00     0.00     0.00     0.00 -1 -1.11e-13      0.00 7.520e-01 2.432e-01 8.644e-04 2.363e-04 2.148e-03 -1.000 4.861e-03 2.016 2.066 2.093 2.014
0.005 -0.48482 8.89001 1.6305828094 2.5486591609    1.630  1.135  3.9559  4.290    1  0.000  0.536     0.00     0.00     0.00     0.00     0.00 -1 -8.97e-14      0.00 7.520e-01 2.431e-01 8.642e-04 2.363e-04 2.148e-03 -1.000 4.898e-03 1.932 1.995 2.018 1.950
0.005 -0.48482 8.89001 1.6550261974 2.5502928673    1.654  1.167  3.9596  4.279    1  0.000  0.537     0.00     0.00     0.00     0.00     0.00 -1 -8.01e-19      0.00 7.520e-01 2.431e-01 8.642e-04 2.363e-04 2.148e-03 -1.000 4.914e-03 1.851 1.926 1.946 1.888
0.005 -0.48482 8.89001 1.6795608997 2.5518778061    1.679  1.200  3.9629  4.266    1  0.000  0.536     0.00     0.00     0.00     0.00     0.00 -1 -8.01e-24      0.00 7.520e-01 2.431e-01 8.643e-04 2.363e-04 2.148e-03 -1.000 4.923e-03 1.770 1.857 1.874 1.824
0.005 -0.48482 8.89001 1.6988370419 2.5530861816    1.698  1.225  3.9653  4.256    1  0.000  0.536     0.00     0.00     0.00     0.00     0.00 -1 -1.46e-26      0.00 7.520e-01 2.431e-01 8.642e-04 2.363e-04 2.148e-03 -1.000 4.925e-03 1.707 1.802 1.817 1.773
0.005 -0.48482 8.89001 1.7285389900 2.5548875929    1.727  1.265  3.9687  4.238    1  0.000  0.537     0.00     0.00     0.00     0.00     0.00 -1    -1e-30      0.00 7.520e-01 2.431e-01 8.645e-04 2.363e-04 2.148e-03 -1.000 4.906e-03 1.609 1.716 1.728 1.693
0.005 -0.48482 8.89001 1.7529062033 2.5563131496    1.752  1.296  3.9712  4.222    1  0.000  0.537     0.00     0.00     0.00     0.00     0.00 -1    -1e-30      0.00 7.520e-01 2.431e-01 8.645e-04 2.363e-04 2.148e-03 -1.000 4.887e-03 1.529 1.646 1.656 1.626
0.005 -0.48482 8.89001 1.7775169611 2.5577074260    1.776  1.329  3.9732  4.204    1  0.000  0.537     0.00     0.00     0.00     0.00     0.00 -1    -1e-30      0.00 7.520e-01 2.431e-01 8.644e-04 2.363e-04 2.148e-03 -1.000 4.870e-03 1.448 1.573 1.581 1.557
0.005 -0.48482 8.89001 1.8030252457 2.5591064515    1.802  1.362  3.9752  4.184    1  0.000  0.537     0.00     0.00     0.00     0.00     0.00 -1    -1e-30      0.00 7.520e-01 2.431e-01 8.644e-04 2.365e-04 2.147e-03 -1.000 4.912e-03 1.365 1.497 1.504 1.484
0.005 -0.48482 8.89001 1.8271399736 2.5603878217    1.826  1.394  3.9764  4.163    1  0.000  0.537     0.00     0.00     0.00     0.00     0.00 -1    -1e-30      0.00 7.520e-01 2.431e-01 8.646e-04 2.367e-04 2.146e-03 -1.000 4.909e-03 1.285 1.422 1.428 1.411
0.005 -0.48482 8.89001 1.8539600372 2.5617680127    1.853  1.429  3.9771  4.137    1  0.000  0.537     0.00     0.00     0.00     0.00     0.00 -1    -1e-30      0.00 7.519e-01 2.432e-01 8.647e-04 2.365e-04 2.148e-03 -1.000 4.850e-03 1.197 1.336 1.341 1.327
0.005 -0.48482 8.89001 1.8767631054 2.5629058721    1.876  1.459  3.9771  4.112    1  0.000  0.537     0.00     0.00     0.00     0.00     0.00 -1    -1e-30      0.00 7.518e-01 2.433e-01 8.649e-04 2.364e-04 2.149e-03 -1.000 4.888e-03 1.121 1.260 1.265 1.251
0.005 -0.48482 8.89001 1.8838549852 2.5632533009    1.883  1.469  3.9771  4.104    1  0.000  0.537     0.00     0.00     0.00     0.00     0.00 -1    -1e-30      0.00 7.518e-01 2.433e-01 8.649e-04 2.364e-04 2.149e-03 -1.000 4.904e-03 1.098 1.237 1.241 1.228
0.005 -0.48482 8.89001 1.9194054604 2.5649505015    1.918  1.516  3.9758  4.061    1  0.000  0.537     0.00     0.00     0.00     0.00     0.00 -1    -1e-30      0.00 7.517e-01 2.434e-01 8.652e-04 2.366e-04 2.150e-03 -1.000 4.916e-03 0.981 1.114 1.119 1.105
0.005 -0.48482 8.89001 1.9263861179 2.5652753117    1.926  1.525  3.9753  4.051    1  0.000  0.537     0.00     0.00     0.00     0.00     0.00 -1    -1e-30      0.00 7.516e-01 2.435e-01 8.653e-04 2.366e-04 2.150e-03 -1.000 4.918e-03 0.958 1.089 1.094 1.079
0.005 -0.48482 8.89001 1.9515570402 2.5664243585    1.951  1.558  3.9731  4.014    1  0.000  0.537     0.00     0.00     0.00     0.00     0.00 -1    -1e-30      0.00 7.516e-01 2.436e-01 8.656e-04 2.367e-04 2.151e-03 -1.000 4.889e-03 0.875 0.996 1.002 0.984
0.005 -0.48482 8.89001 1.9760092497 2.5675084202    1.976  1.591  3.9694  3.973    1  0.000  0.537     0.00     0.00     0.00     0.00     0.00 -1    -1e-30      0.00 7.514e-01 2.436e-01 8.660e-04 2.367e-04 2.152e-03 -1.000 4.932e-03 0.794 0.900 0.908 0.884
0.005 -0.48482 8.89001 1.9812104702 2.5677350451    1.981  1.598  3.9686  3.964    1  0.000  0.537     0.00     0.00     0.00     0.00     0.00 -1    -1e-30      0.00 7.514e-01 2.437e-01 8.661e-04 2.367e-04 2.152e-03 -1.000 4.937e-03 0.776 0.879 0.888 0.862
0.005 -0.48482 8.89001 2.0121986866 2.5690573683    2.012  1.639  3.9620  3.903    1  0.000  0.537     0.00     0.00     0.00     0.00     0.00 -1    -1e-30      0.00 7.512e-01 2.439e-01 8.666e-04 2.368e-04 2.153e-03 -1.000 4.893e-03 0.674 0.751 0.763 0.725
0.005 -0.48482 8.89001 2.0256323814 2.5696161724    2.025  1.657  3.9581  3.872    1  0.000  0.537     0.00     0.00     0.00     0.00     0.00 -1    -1e-30      0.00 7.511e-01 2.440e-01 8.669e-04 2.369e-04 2.154e-03 -1.000 4.899e-03 0.629 0.691 0.707 0.661
0.005 -0.48482 8.89001 2.0400176048 2.5702051832    2.040  1.676  3.9532  3.836    1  0.000  0.537     0.00     0.00     0.00     0.00     0.00 -1    -1e-30      0.00 7.511e-01 2.440e-01 8.670e-04 2.369e-04 2.154e-03 -1.000 4.877e-03 0.581 0.626 0.644 0.588
0.005 -0.48482 8.89001 2.0593085289 2.5709802252    2.059  1.701  3.9454  3.784    1  0.000  0.537     0.00     0.00     0.00     0.00     0.00 -1    -1e-30      0.00 7.509e-01 2.441e-01 8.673e-04 2.370e-04 2.155e-03 -1.000 4.910e-03 0.517 0.535 0.560 0.486
0.005 -0.48482 8.89001 2.0752551556 2.5716084101    2.074  1.723  3.9382  3.737    1  0.000  0.537     0.00     0.00     0.00     0.00     0.00 -1    -1e-30      0.00 7.508e-01 2.442e-01 8.675e-04 2.372e-04 2.156e-03 -1.000 4.932e-03 0.463 0.459 0.490 0.399
0.005 -0.48482 8.89001 2.0895676613 2.5721628428    2.089  1.743  3.9304  3.689    1  0.000  0.537     0.00     0.00     0.00     0.00     0.00 -1    -1e-30      0.00 7.507e-01 2.444e-01 8.679e-04 2.373e-04 2.157e-03 -1.000 4.909e-03 0.413 0.387 0.425 0.313
0.005 -0.48482 8.89001 2.1073446274 2.5728394358    2.106  1.772  3.9239  3.637    1  0.000  0.537     0.00     0.00     0.00     0.00     0.00 -1    -1e-30      0.00 7.506e-01 2.445e-01 8.684e-04 2.373e-04 2.158e-03 -1.000 4.876e-03 0.339 0.298 0.341 0.211
0.005 -0.48482 8.89001 2.1158928871 2.5731601321    2.115  1.804  3.9363  3.657    1  0.000  0.537     0.00     0.00     0.00     0.00     0.00 -1    -1e-30      0.00 7.505e-01 2.446e-01 8.685e-04 2.374e-04 2.158e-03 -1.000 4.900e-03 0.260 0.249 0.280 0.187
0.005 -0.48482 8.89001 2.1177279949 2.5732285899    2.116  1.820  3.9463  3.681    1  0.000  0.537     0.00     0.00     0.00     0.00     0.00 -1    -1e-30      0.00 7.505e-01 2.446e-01 8.686e-04 2.374e-04 2.158e-03 -1.000 4.900e-03 0.220 0.240 0.262 0.195
0.005 -0.48482 8.89001 2.1185703278 2.5732599671    2.117  1.836  3.9566  3.706    1  0.000  0.537     0.00     0.00     0.00     0.00     0.00 -1    -1e-30      0.00 7.505e-01 2.446e-01 8.686e-04 2.374e-04 2.158e-03 -1.000 4.900e-03 0.180 0.235 0.250 0.206
0.005 -0.48482 8.89001 2.1190304756 2.5732770956    2.118  1.854  3.9670  3.730    1  0.000  0.537     0.00     0.00     0.00     0.00     0.00 -1    -1e-30      0.00 7.505e-01 2.446e-01 8.687e-04 2.374e-04 2.158e-03 -1.000 4.900e-03 0.136 0.230 0.237 0.215
0.005 -0.48482 8.89001 2.1192958355 2.5732869695    2.118  1.874  3.9770  3.750    1  0.000  0.537     0.00     0.00     0.00     0.00     0.00 -1    -1e-30      0.00 7.505e-01 2.446e-01 8.687e-04 2.375e-04 2.158e-03 -1.000 4.900e-03 0.086 0.221 0.221 0.217
0.005 -0.48482 8.89001 2.1194744110 2.5732936125    2.118  1.891  3.9855  3.767    1  0.000  0.537     0.00     0.00     0.00     0.00     0.00 -1    -1e-30      0.00 7.505e-01 2.446e-01 8.687e-04 2.375e-04 2.158e-03 -1.000 4.900e-03 0.041 0.212 0.208 0.218
0.005 -0.48482 8.89001 2.1195333004 2.5732958029    2.118  1.896  3.9881  3.772    1  0.000  0.537     0.00     0.00     0.00     0.00     0.00 -1    -1e-30      0.00 7.505e-01 2.446e-01 8.687e-04 2.375e-04 2.158e-03 -1.000 4.900e-03 0.029 0.211 0.206 0.220
0.005 -0.48482 8.89001 2.1195874214 2.5732978159    2.118  1.882  3.9851  3.775    2  0.000  0.537     0.00     0.00     0.00     0.00     0.00 -1    -1e-30      0.00 7.505e-01 2.446e-01 8.687e-04 2.375e-04 2.158e-03 -1.000 4.900e-03 0.066 0.235 0.231 0.240
0.005 -0.48482 8.89001 2.1196470261 2.5733000326    2.118  1.857  3.9777  3.770    2  0.000  0.537     0.00     0.00     0.00     0.00     0.00 -1    -1e-30      0.00 7.505e-01 2.446e-01 8.687e-04 2.375e-04 2.158e-03 -1.000 4.900e-03 0.127 0.265 0.265 0.262
0.005 -0.48482 8.89001 2.1197245121 2.5733029142    2.118  1.839  3.9660  3.742    2  0.000  0.537     0.00     0.00     0.00     0.00     0.00 -1    -1e-30      0.00 7.505e-01 2.446e-01 8.687e-04 2.375e-04 2.158e-03 -1.000 4.900e-03 0.173 0.264 0.272 0.247
0.005 -0.48482 8.89001 2.1198110580 2.5733061324    2.118  1.842  3.9545  3.692    2  0.000  0.537     0.00     0.00     0.00     0.00     0.00 -1    -1e-30      0.00 7.505e-01 2.446e-01 8.687e-04 2.375e-04 2.158e-03 -1.000 4.900e-03 0.164 0.211 0.227 0.179
0.005 -0.48482 8.89001 2.1199190617 2.5733101481    2.119  1.858  3.9428  3.630    2  0.000  0.537     0.00     0.00     0.00     0.00     0.00 -1    -1e-30      0.00 7.504e-01 2.447e-01 8.687e-04 2.375e-04 2.158e-03 -1.000 4.900e-03 0.126 0.134 0.158 0.084
0.005 -0.48482 8.89001 2.1200470924 2.5733149078    2.119  1.870  3.9310  3.570    2  0.000  0.537     0.00     0.00     0.00     0.00     0.00 -1    -1e-30      0.00 7.504e-01 2.447e-01 8.687e-04 2.375e-04 2.158e-03 -1.000 4.900e-03 0.095 0.067 0.102 -0.002
0.005 -0.48482 8.89001 2.1201934814 2.5733203492    2.119  1.878  3.9191  3.515    2  0.000  0.537     0.00     0.00     0.00     0.00     0.00 -1    -1e-30      0.00 7.504e-01 2.447e-01 8.687e-04 2.375e-04 2.158e-03 -1.000 4.900e-03 0.075 0.020 0.067 -0.072
0.005 -0.48482 8.89001 2.1203570366 2.5733264276    2.119  1.882  3.9071  3.462    2  0.000  0.537     0.00     0.00     0.00     0.00     0.00 -1    -1e-30      0.00 7.504e-01 2.447e-01 8.687e-04 2.375e-04 2.158e-03 -1.000 4.900e-03 0.065 -0.012 0.049 -0.131
0.005 -0.48482 8.89001 2.1205353737 2.5733330542    2.119  1.884  3.8950  3.412    2  0.000  0.537     0.00     0.00     0.00     0.00     0.00 -1    -1e-30      0.00 7.504e-01 2.447e-01 8.687e-04 2.375e-04 2.158e-03 -1.000 4.900e-03 0.060 -0.033 0.045 -0.182
0.005 -0.48482 8.89001 2.1207242012 2.5733400691    2.119  1.884  3.8828  3.363    2  0.000  0.537     0.00     0.00     0.00     0.00     0.00 -1    -1e-30      0.00 7.504e-01 2.447e-01 8.687e-04 2.375e-04 2.159e-03 -1.000 4.900e-03 0.060 -0.044 0.051 -0.225
0.005 -0.48482 8.89001 2.1209187508 2.5733472952    2.120  1.882  3.8705  3.316    2  0.000  0.537     0.00     0.00     0.00     0.00     0.00 -1    -1e-30      0.00 7.504e-01 2.447e-01 8.687e-04 2.375e-04 2.159e-03 -1.000 4.900e-03 0.064 -0.048 0.066 -0.261
0.005 -0.48482 8.89001 2.1211133003 2.5733545197    2.120  1.880  3.8582  3.270    2  0.000  0.537     0.00     0.00     0.00     0.00     0.00 -1    -1e-30      0.00 7.504e-01 2.447e-01 8.688e-04 2.375e-04 2.159e-03 -1.000 4.900e-03 0.071 -0.047 0.086 -0.291
0.005 -0.48482 8.89001 2.1213040352 2.5733616011    2.120  1.876  3.8460  3.224    2  0.000  0.537     0.00     0.00     0.00     0.00     0.00 -1    -1e-30      0.00 7.504e-01 2.447e-01 8.688e-04 2.375e-04 2.159e-03 -1.000 4.900e-03 0.081 -0.040 0.113 -0.314
0.005 -0.48482 8.89001 2.1214878559 2.5733684244    2.120  1.871  3.8338  3.180    2  0.000  0.537     0.00     0.00     0.00     0.00     0.00 -1    -1e-30      0.00 7.504e-01 2.447e-01 8.688e-04 2.375e-04 2.159e-03 -1.000 4.900e-03 0.093 -0.029 0.144 -0.334
0.005 -0.48482 8.89001 2.1216628551 2.5733749190    2.120  1.865  3.8220  3.139    2  0.000  0.537     0.00     0.00     0.00     0.00     0.00 -1    -1e-30      0.00 7.504e-01 2.447e-01 8.688e-04 2.375e-04 2.159e-03 -1.000 4.900e-03 0.107 -0.014 0.178 -0.348
0.005 -0.48482 8.89001 2.1218283176 2.5733810585    2.120  1.859  3.8110  3.102    2  0.000  0.537     0.00     0.00     0.00     0.00     0.00 -1    -1e-30      0.00 7.504e-01 2.447e-01 8.688e-04 2.375e-04 2.159e-03 -1.000 4.900e-03 0.123 0.003 0.215 -0.357
0.005 -0.48482 8.89001 2.1219856739 2.5733868962    2.121  1.852  3.8009  3.069    2  0.000  0.537     0.00     0.00     0.00     0.00     0.00 -1    -1e-30      0.00 7.504e-01 2.447e-01 8.688e-04 2.375e-04 2.159e-03 -1.000 4.900e-03 0.141 0.024 0.255 -0.361
0.005 -0.48482 8.89001 2.1221451759 2.5733928125    2.121  1.843  3.7918  3.041    2  0.000  0.537     0.00     0.00     0.00     0.00     0.00 -1    -1e-30      0.00 7.504e-01 2.447e-01 8.688e-04 2.375e-04 2.159e-03 -1.000 4.900e-03 0.163 0.050 0.297 -0.357
0.005 -0.48482 8.89001 2.1223230362 2.5733994086    2.121  1.831  3.7829  3.018    2  0.000  0.537     0.00     0.00     0.00     0.00     0.00 -1    -1e-30      0.00 7.504e-01 2.447e-01 8.688e-04 2.375e-04 2.159e-03 -1.000 4.900e-03 0.193 0.085 0.349 -0.344
0.005 -0.48482 8.89001 2.1225516796 2.5734078861    2.121  1.812  3.7734  2.998    2  0.000  0.537     0.00     0.00     0.00     0.00     0.00 -1    -1e-30      0.00 7.504e-01 2.447e-01 8.689e-04 2.375e-04 2.159e-03 -1.000 4.901e-03 0.240 0.138 0.422 -0.313
0.005 -0.48482 8.89001 2.1227629185 2.5734157164    2.121  1.790  3.7657  2.990    2  0.000  0.537     0.00     0.00     0.00     0.00     0.00 -1    -1e-30      0.00 7.503e-01 2.448e-01 8.691e-04 2.376e-04 2.159e-03 -1.000 4.901e-03 0.296 0.200 0.499 -0.270
0.005 -0.48482 8.89001 2.1229958534 2.5734243489    2.122  1.759  3.7578  2.989    2  0.000  0.537     0.00     0.00     0.00     0.00     0.00 -1    -1e-30      0.00 7.475e-01 2.475e-01 8.777e-04 2.399e-04 2.180e-03 -1.000 4.952e-03 0.372 0.284 0.598 -0.204
0.005 -0.48482 8.89001 2.1231977940 2.5734318310    2.122  1.729  3.7513  2.993    2  0.000  0.537     0.00     0.00     0.00     0.00     0.00 -1    -1e-30      0.00 7.437e-01 2.512e-01 8.876e-04 2.425e-04 2.203e-03 -1.000 5.030e-03 0.448 0.366 0.694 -0.135
0.005 -0.48482 8.89001 2.1234409809 2.5734408391    2.122  1.695  3.7434  2.995    2  0.000  0.537     0.00     0.00     0.00     0.00     0.00 -1    -1e-30      0.00 7.413e-01 2.536e-01 8.939e-04 2.442e-04 2.218e-03 -1.000 5.045e-03 0.533 0.462 0.805 -0.057
0.005 -0.48482 8.89001 2.1236832142 2.5734498096    2.122  1.675  3.7357  2.985    2  0.000  0.537     0.00     0.00     0.00     0.00     0.00 -1    -1e-30      0.00 7.400e-01 2.549e-01 8.971e-04 2.451e-04 2.226e-03 -1.000 5.084e-03 0.583 0.522 0.881 -0.013
0.005 -0.48482 8.89001 2.1237435341 2.5734520430    2.122  1.673  3.7339  2.980    2  0.000  0.537     0.00     0.00     0.00     0.00     0.00 -1    -1e-30      0.00 7.398e-01 2.551e-01 8.977e-04 2.452e-04 2.228e-03 -1.000 5.057e-03 0.588 0.530 0.893 -0.010
0.005 -0.48482 8.89001 2.1238639355 2.5734565006    2.122  1.678  3.7305  2.961    3  0.000  0.537     0.00     0.00     0.00     0.00     0.00 -1    -1e-30      0.00 7.394e-01 2.555e-01 8.984e-04 2.455e-04 2.230e-03 -1.000 5.069e-03 0.575 0.521 0.891 -0.026
0.005 -0.48482 8.89001 2.1241643429 2.5734676199    2.123  1.707  3.7232  2.902    3  0.000  0.536     0.00     0.00     0.00     0.00     0.00 -1    -1e-30      0.00 7.385e-01 2.564e-01 8.983e-04 2.465e-04 2.234e-03 -1.000 5.078e-03 0.502 0.460 0.846 -0.103
0.005 -0.48482 8.89001 2.1244645119 2.5734787268    2.123  1.749  3.7177  2.839    3  0.000  0.520     0.00     0.00     0.00     0.00     0.00 -1    -1e-30      0.00 7.376e-01 2.573e-01 8.718e-04 2.661e-04 2.236e-03 -1.000 5.082e-03 0.398 0.365 0.763 -0.209
0.005 -0.48482 8.89001 2.1247642040 2.5734898124    2.123  1.790  3.7136  2.781    3  0.000  0.475     0.00     0.00     0.00     0.00     0.00 -1    -1e-30      0.00 7.366e-01 2.583e-01 7.968e-04 3.454e-04 2.237e-03 -1.000 5.100e-03 0.294 0.268 0.675 -0.315
0.005 -0.48482 8.89001 2.1248781681 2.5734940270    2.124  1.806  3.7123  2.760    3  0.000  0.458     0.00     0.00     0.00     0.00     0.00 -1    -1e-30      0.00 7.362e-01 2.587e-01 7.674e-04 3.812e-04 2.237e-03 -1.000 5.100e-03 0.255 0.232 0.642 -0.353
0.005 -0.48482 8.89001 2.1250405312 2.5735000306    2.124  1.827  3.7104  2.731    3  0.000  0.433     0.00     0.00     0.00     0.00     0.00 -1    -1e-30      0.00 7.357e-01 2.592e-01 7.262e-04 4.315e-04 2.237e-03 -1.000 5.101e-03 0.202 0.182 0.596 -0.408
0.005 -0.48482 8.89001 2.1253528595 2.5735115764    2.124  1.869  3.7072  2.677    3  0.000  0.401     0.00     0.00     0.00     0.00     0.00 -1    -1e-30      0.00 7.346e-01 2.603e-01 6.725e-04 4.981e-04 2.238e-03 -1.000 5.101e-03 0.099 0.086 0.507 -0.511
0.005 -0.48482 8.89001 2.1256649494 2.5735231094    2.124  1.910  3.7041  2.623    3  0.000  0.380     0.00     0.00     0.00     0.00     0.00 -1    -1e-30      0.00 7.335e-01 2.614e-01 6.368e-04 5.425e-04 2.238e-03 -1.000 5.104e-03 -0.005 -0.011 0.417 -0.614
0.005 -0.48482 8.89001 2.1259765625 2.5735346210    2.125  1.952  3.7010  2.570    3  0.000  0.365     0.00     0.00     0.00     0.00     0.00 -1    -1e-30      0.00 7.325e-01 2.624e-01 6.132e-04 5.725e-04 2.240e-03 -1.000 5.104e-03 -0.109 -0.109 0.326 -0.719
0.005 -0.48482 8.89001 2.1260390282 2.5735369281    2.125  1.960  3.7004  2.559    3  0.000  0.362     0.00     0.00     0.00     0.00     0.00 -1    -1e-30      0.00 7.323e-01 2.626e-01 6.086e-04 5.786e-04 2.240e-03 -1.000 5.103e-03 -0.130 -0.129 0.308 -0.739
0.005 -0.48482 8.89001 2.1261036396 2.5735393143    2.125  1.969  3.6998  2.548    3  0.000  0.360     0.00     0.00     0.00     0.00     0.00 -1    -1e-30      0.00 7.320e-01 2.629e-01 6.053e-04 5.833e-04 2.240e-03 -1.000 5.102e-03 -0.152 -0.149 0.289 -0.761
0.005 -0.48482 8.89001 2.1261682510 2.5735417004    2.125  1.978  3.6992  2.536    3  0.000  0.358     0.00     0.00     0.00     0.00     0.00 -1    -1e-30      0.00 7.318e-01 2.631e-01 6.020e-04 5.883e-04 2.240e-03 -1.000 5.107e-03 -0.174 -0.169 0.270 -0.783
0.005 -0.48482 8.89001 2.1262977123 2.5735464808    2.125  1.995  3.6979  2.514    3  0.000  0.356     0.00     0.00     0.00     0.00     0.00 -1    -1e-30      0.00 7.311e-01 2.638e-01 5.961e-04 6.026e-04 2.234e-03 -1.000 5.165e-03 -0.218 -0.210 0.233 -0.826
0.005 -0.48482 8.89001 2.1266217232 2.5735584421    2.125  2.038  3.6950  2.459    3  0.000  0.352     0.00     0.00     0.00     0.00     0.00 -1    -1e-30      0.00 7.287e-01 2.661e-01 5.833e-04 6.450e-04 2.205e-03 -1.000 5.199e-03 -0.326 -0.311 0.139 -0.934
0.005 -0.48482 8.89001 2.1269454956 2.5735703904    2.126  2.081  3.6921  2.405    3  0.000  0.352     0.00     0.00     0.00     0.00     0.00 -1    -1e-30      0.00 7.252e-01 2.697e-01 5.727e-04 6.908e-04 2.168e-03 -1.000 5.141e-03 -0.433 -0.412 0.046 -1.042
0.005 -0.48482 8.89001 2.1272685528 2.5735823081    2.126  2.124  3.6893  2.351    3  0.000  0.351     0.00     0.00     0.00     0.00     0.00 -1    -1e-30      0.00 7.215e-01 2.734e-01 5.645e-04 7.272e-04 2.138e-03 -1.000 5.155e-03 -0.540 -0.512 -0.046 -1.148
0.005 -0.48482 8.89001 2.1275916100 2.5735942217    2.126  2.167  3.6864  2.296    3  0.000  0.351     0.00     0.00     0.00     0.00     0.00 -1    -1e-30      0.00 7.180e-01 2.769e-01 5.578e-04 7.565e-04 2.114e-03 -1.000 5.108e-03 -0.647 -0.611 -0.137 -1.254
0.005 -0.48482 8.89001 2.1279141903 2.5736061135    2.127  2.210  3.6834  2.241    3  0.000  0.351     0.00     0.00     0.00     0.00     0.00 -1    -1e-30      0.00 7.150e-01 2.799e-01 5.529e-04 7.784e-04 2.096e-03 -1.000 5.106e-03 -0.755 -0.711 -0.229 -1.361
0.005 -0.48482 8.89001 2.1282362938 2.5736179836    2.127  2.254  3.6804  2.186    3  0.000  0.351     0.00     0.00     0.00     0.00     0.00 -1    -1e-30      0.00 7.125e-01 2.824e-01 5.491e-04 7.953e-04 2.082e-03 -1.000 5.104e-03 -0.864 -0.811 -0.321 -1.469
0.005 -0.48482 8.89001 2.1285672188 2.5736301745    2.127  2.299  3.6771  2.127    3  0.000  0.351     0.00     0.00     0.00     0.00     0.00 -1    -1e-30      0.00 7.105e-01 2.843e-01 5.464e-04 8.076e-04 2.072e-03 -1.000 5.152e-03 -0.978 -0.915 -0.415 -1.581
0.005 -0.48482 8.89001 2.1288583279 2.5736408951    2.128  2.340  3.6742  2.075    3  0.000  0.351     0.00     0.00     0.00     0.00     0.00 -1    -1e-30      0.00 7.091e-01 2.858e-01 5.443e-04 8.167e-04 2.065e-03 -1.000 5.111e-03 -1.079 -1.007 -0.499 -1.680
0.005 -0.48482 8.89001 2.1291530132 2.5736517439    2.128  2.381  3.6713  2.022    3  0.000  0.351     0.00     0.00     0.00     0.00     0.00 -1    -1e-30      0.00 7.079e-01 2.869e-01 5.428e-04 8.234e-04 2.059e-03 -1.000 5.157e-03 -1.182 -1.101 -0.584 -1.781
0.005 -0.48482 8.89001 2.1294887066 2.5736640982    2.128  2.429  3.6677  1.960    3  0.000  0.351     0.00     0.00     0.00     0.00     0.00 -1    -1e-30      0.00 7.070e-01 2.878e-01 5.417e-04 8.285e-04 2.055e-03 -1.000 5.160e-03 -1.302 -1.209 -0.681 -1.898
0.005 -0.48482 8.89001 2.1297736168 2.5736745800    2.128  2.470  3.6646  1.907    3  0.000  0.351     0.00     0.00     0.00     0.00     0.00 -1    -1e-30      0.00 7.066e-01 2.883e-01 5.410e-04 8.311e-04 2.052e-03 -1.000 5.148e-03 -1.404 -1.302 -0.763 -1.999
0.005 -0.48482 8.89001 2.1301002502 2.5736865929    2.129  2.515  3.6612  1.848    3  0.000  0.351     4.97     3.66     2.70     2.00     1.63  4    -1e-30      0.00 7.064e-01 2.885e-01 5.409e-04 8.322e-04 2.052e-03 -1.000 5.152e-03 -1.517 -1.404 -0.855 -2.109
0.005 -0.48482 8.89001 2.1301789284 2.5736894859    2.129  2.522  3.6606  1.839    3  0.000  0.351     5.06     3.72     2.75     2.04     1.66  4    -1e-30      0.00 7.064e-01 2.885e-01 5.409e-04 8.322e-04 2.052e-03 -1.000 5.151e-03 -1.535 -1.420 -0.869 -2.127
0.005 -0.48482 8.89001 2.1302838326 2.5736933428    2.129  2.485  3.6634  1.886    4  0.000  0.351     0.00     0.00     0.00     0.00     0.00 -1    -1e-30      0.00 7.063e-01 2.885e-01 5.409e-04 8.323e-04 2.052e-03 -1.000 5.151e-03 -1.444 -1.338 -0.796 -2.038
0.005 -0.48482 8.89001 2.1303422451 2.5736954902    2.129  2.458  3.6656  1.922    4  0.000  0.351     0.00     0.00     0.00     0.00     0.00 -1    -1e-30      0.00 7.063e-01 2.885e-01 5.409e-04 8.323e-04 2.052e-03 -1.000 5.151e-03 -1.375 -1.277 -0.741 -1.971
0.005 -0.48482 8.89001 2.1304280758 2.5736986453    2.129  2.422  3.6683  1.969    4  0.000  0.351     0.00     0.00     0.00     0.00     0.00 -1    -1e-30      0.00 7.063e-01 2.885e-01 5.409e-04 8.323e-04 2.052e-03 -1.000 5.151e-03 -1.286 -1.196 -0.670 -1.883
0.005 -0.48482 8.89001 2.1305596828 2.5737034826    2.129  2.385  3.6712  2.018    4  0.000  0.351     0.00     0.00     0.00     0.00     0.00 -1    -1e-30      0.00 7.063e-01 2.885e-01 5.409e-04 8.323e-04 2.052e-03 -1.000 5.151e-03 -1.192 -1.110 -0.593 -1.791
0.005 -0.48482 8.89001 2.1307499409 2.5737104745    2.129  2.345  3.6741  2.069    4  0.000  0.351     0.00     0.00     0.00     0.00     0.00 -1    -1e-30      0.00 7.063e-01 2.885e-01 5.409e-04 8.323e-04 2.052e-03 -1.000 5.151e-03 -1.094 -1.021 -0.513 -1.694
0.005 -0.48482 8.89001 2.1310117245 2.5737200925    2.130  2.307  3.6771  2.120    4  0.000  0.351     0.00     0.00     0.00     0.00     0.00 -1    -1e-30      0.00 7.063e-01 2.885e-01 5.408e-04 8.324e-04 2.052e-03 -1.000 5.151e-03 -0.997 -0.933 -0.434 -1.599
0.005 -0.48482 8.89001 2.1314027309 2.5737344532    2.130  2.270  3.6798  2.168    4  0.000  0.351     0.00     0.00     0.00     0.00     0.00 -1    -1e-30      0.00 7.063e-01 2.885e-01 5.408e-04 8.325e-04 2.052e-03 -1.000 5.151e-03 -0.905 -0.850 -0.358 -1.510
0.005 -0.48482 8.89001 2.1319632530 2.5737550292    2.131  2.226  3.6831  2.225    4  0.000  0.351     0.00     0.00     0.00     0.00     0.00 -1    -1e-30      0.00 7.063e-01 2.885e-01 5.408e-04 8.326e-04 2.051e-03 -1.000 5.151e-03 -0.795 -0.750 -0.267 -1.401
0.005 -0.48482 8.89001 2.1323699951 2.5737699523    2.131  2.189  3.6858  2.272    4  0.000  0.351     0.00     0.00     0.00     0.00     0.00 -1    -1e-30      0.00 7.063e-01 2.885e-01 5.408e-04 8.326e-04 2.051e-03 -1.000 5.151e-03 -0.703 -0.665 -0.190 -1.311
0.005 -0.48482 8.89001 2.1327347755 2.5737833303    2.131  2.152  3.6885  2.321    4  0.000  0.351     0.00     0.00     0.00     0.00     0.00 -1    -1e-30      0.00 7.063e-01 2.885e-01 5.408e-04 8.327e-04 2.051e-03 -1.000 5.151e-03 -0.610 -0.579 -0.111 -1.218
0.005 -0.48482 8.89001 2.1330964565 2.5737965895    2.132  2.115  3.6912  2.368    4  0.000  0.351     0.00     0.00     0.00     0.00     0.00 -1    -1e-30      0.00 7.063e-01 2.885e-01 5.408e-04 8.328e-04 2.051e-03 -1.000 5.151e-03 -0.518 -0.494 -0.034 -1.127
0.005 -0.48482 8.89001 2.1334826946 2.5738107432    2.132  2.078  3.6939  2.417    4  0.000  0.351     0.00     0.00     0.00     0.00     0.00 -1    -1e-30      0.00 7.063e-01 2.885e-01 5.408e-04 8.329e-04 2.051e-03 -1.000 5.151e-03 -0.425 -0.408 0.046 -1.033
0.005 -0.48482 8.89001 2.1339061260 2.5738262531    2.133  2.039  3.6967  2.466    4  0.000  0.351     0.00     0.00     0.00     0.00     0.00 -1    -1e-30      0.00 7.063e-01 2.885e-01 5.408e-04 8.329e-04 2.051e-03 -1.000 5.151e-03 -0.328 -0.317 0.129 -0.936
0.005 -0.48482 8.89001 2.1343779564 2.5738435275    2.133  1.999  3.6996  2.518    4  0.000  0.351     0.00     0.00     0.00     0.00     0.00 -1    -1e-30      0.00 7.063e-01 2.885e-01 5.408e-04 8.330e-04 2.051e-03 -1.000 5.151e-03 -0.228 -0.224 0.214 -0.837
0.005 -0.48482 8.89001 2.1349077225 2.5738629125    2.134  1.959  3.7024  2.569    4  0.000  0.351     0.00     0.00     0.00     0.00     0.00 -1    -1e-30      0.00 7.063e-01 2.885e-01 5.407e-04 8.331e-04 2.051e-03 -1.000 5.151e-03 -0.129 -0.131 0.301 -0.738
0.005 -0.48482 8.89001 2.1357030869 2.5738919954    2.134  1.910  3.7061  2.633    4  0.000  0.351     0.00     0.00     0.00     0.00     0.00 -1    -1e-30      0.00 7.063e-01 2.886e-01 5.407e-04 8.333e-04 2.051e-03 -1.000 5.151e-03 -0.006 -0.016 0.408 -0.615
0.005 -0.48482 8.89001 2.1367471218 2.5739301333    2.135  1.862  3.7100  2.697    4  0.000  0.351     0.00     0.00     0.00     0.00     0.00 -1    -1e-30      0.00 7.063e-01 2.886e-01 5.407e-04 8.335e-04 2.051e-03 -1.000 5.151e-03 0.115 0.097 0.512 -0.494
0.005 -0.48482 8.89001 2.1379399300 2.5739736533    2.137  1.824  3.7134  2.749    4  0.000  0.351     0.00     0.00     0.00     0.00     0.00 -1    -1e-30      0.00 7.063e-01 2.886e-01 5.407e-04 8.337e-04 2.050e-03 -1.000 5.151e-03 0.209 0.184 0.591 -0.399
0.005 -0.48482 8.89001 2.1403310299 2.5740607255    2.139  1.786  3.7184  2.808    4  0.000  0.351     0.00     0.00     0.00     0.00     0.00 -1    -1e-30      0.00 7.062e-01 2.886e-01 5.406e-04 8.341e-04 2.050e-03 -1.000 5.151e-03 0.305 0.270 0.666 -0.303
0.005 -0.48482 8.89001 2.1428446770 2.5741520194    2.141  1.767  3.7224  2.843    4  0.000  0.351     0.00     0.00     0.00     0.00     0.00 -1    -1e-30      0.00 7.062e-01 2.886e-01 5.405e-04 8.346e-04 2.050e-03 -1.000 5.151e-03 0.353 0.311 0.699 -0.253
0.005 -0.48482 8.89001 2.1462872028 2.5742766506    2.145  1.774  3.7225  2.838    5  0.000  0.351     0.00     0.00     0.00     0.00     0.00 -1    -1e-30      0.00 7.062e-01 2.887e-01 5.404e-04 8.353e-04 2.049e-03 -1.000 5.151e-03 0.336 0.294 0.681 -0.270
0.005 -0.48482 8.89001 2.1727080345 2.5752180751    2.171  1.829  3.7232  2.790    5  0.000  0.351     0.00     0.00     0.00     0.00     0.00 -1    -1e-30      0.00 7.059e-01 2.889e-01 5.397e-04 8.402e-04 2.044e-03 -1.000 5.152e-03 0.196 0.153 0.539 -0.409
0.005 -0.48482 8.89001 2.1745014191 2.5752810240    2.173  1.834  3.7232  2.786    5  0.000  0.351     0.00     0.00     0.00     0.00     0.00 -1    -1e-30      0.00 7.059e-01 2.889e-01 5.397e-04 8.405e-04 2.044e-03 -1.000 5.152e-03 0.186 0.143 0.528 -0.419
0.005 -0.48482 8.89001 2.1962463856 2.5760348877    2.195  1.886  3.7236  2.739    5  0.000  0.351     0.00     0.00     0.00     0.00     0.00 -1    -1e-30      0.00 7.057e-01 2.892e-01 5.387e-04 8.452e-04 2.040e-03 -1.000 5.129e-03 0.054 0.011 0.395 -0.551
0.005 -0.48482 8.89001 2.2218031883 2.5768992450    2.220  1.953  3.7235  2.677    5  0.000  0.351     0.00     0.00     0.00     0.00     0.00 -1    -1e-30      0.00 7.055e-01 2.894e-01 5.375e-04 8.507e-04 2.035e-03 -1.000 5.103e-03 -0.112 -0.156 0.229 -0.717
0.005 -0.48482 8.89001 2.2241244316 2.5769766210    2.223  1.959  3.7235  2.672    5  0.000  0.351     0.00     0.00     0.00     0.00     0.00 -1    -1e-30      0.00 7.055e-01 2.894e-01 5.374e-04 8.512e-04 2.034e-03 -1.000 5.101e-03 -0.128 -0.171 0.214 -0.732
0.005 -0.48482 8.89001 2.2387418747 2.5774596399    2.237  1.998  3.7231  2.634    5  0.000  0.351     0.00     0.00     0.00     0.00     0.00 -1    -1e-30      0.00 7.054e-01 2.895e-01 5.370e-04 8.525e-04 2.033e-03 -1.000 5.115e-03 -0.225 -0.268 0.117 -0.830
0.005 -0.48482 8.89001 2.2547249794 2.5779795512    2.253  2.039  3.7220  2.592    5  0.000  0.351     0.00     0.00     0.00     0.00     0.00 -1    -1e-30      0.00 7.054e-01 2.895e-01 5.366e-04 8.540e-04 2.032e-03 -1.000 5.130e-03 -0.328 -0.369 0.019 -0.933
0.005 -0.48482 8.89001 2.2607290745 2.5781726742    2.259  2.053  3.7210  2.575    5  0.000  0.351     0.00     0.00     0.00     0.00     0.00 -1    -1e-30      0.00 7.053e-01 2.895e-01 5.365e-04 8.546e-04 2.032e-03 -1.000 5.136e-03 -0.362 -0.401 -0.011 -0.968
0.005 -0.48482 8.89001 2.2737474442 2.5785873869    2.272  2.083  3.7163  2.529    6  0.000  0.351     0.00     0.00     0.00     0.00     0.00 -1    -1e-30      0.00 7.053e-01 2.896e-01 5.362e-04 8.558e-04 2.031e-03 -1.000 5.148e-03 -0.437 -0.468 -0.067 -1.044
0.005 -0.48482 8.89001 2.2825431824 2.5788645063    2.281  2.103  3.7126  2.496    6  0.000  0.351     0.00     0.00     0.00     0.00     0.00 -1    -1e-30      0.00 7.053e-01 2.896e-01 5.359e-04 8.571e-04 2.030e-03 -1.000 5.141e-03 -0.487 -0.511 -0.102 -1.095
0.005 -0.48482 8.89001 2.2866253853 2.5789922879    2.285  2.129  3.7060  2.444    6  0.000  0.351     0.00     0.00     0.00     0.00     0.00 -1    -1e-30      0.00 7.053e-01 2.896e-01 5.358e-04 8.577e-04 2.029e-03 -1.000 5.138e-03 -0.552 -0.563 -0.139 -1.162
0.005 -0.48482 8.89001 2.2874195576 2.5790170862    2.286  2.165  3.7007  2.387    6  0.000  0.351     0.00     0.00     0.00     0.00     0.00 -1    -1e-30      0.00 7.053e-01 2.896e-01 5.358e-04 8.578e-04 2.029e-03 -1.000 5.137e-03 -0.643 -0.643 -0.206 -1.254
0.005 -0.48482 8.89001 2.2876541615 2.5790244080    2.286  2.197  3.6971  2.340    6  0.000  0.351     0.00     0.00     0.00     0.00     0.00 -1    -1e-30      0.00 7.053e-01 2.896e-01 5.358e-04 8.579e-04 2.029e-03 -1.000 5.137e-03 -0.723 -0.715 -0.268 -1.334
0.005 -0.48482 8.89001 2.2877736092 2.5790281352    2.286  2.234  3.6934  2.288    6  0.000  0.351     0.00     0.00     0.00     0.00     0.00 -1    -1e-30      0.00 7.053e-01 2.896e-01 5.358e-04 8.579e-04 2.029e-03 -1.000 5.137e-03 -0.815 -0.798 -0.342 -1.426
0.005 -0.48482 8.89001 2.2877964973 2.5790288493    2.286  2.246  3.6922  2.272    6  0.000  0.351     0.00     0.00     0.00     0.00     0.00 -1    -1e-30      0.00 7.053e-01 2.896e-01 5.358e-04 8.579e-04 2.029e-03 -1.000 5.137e-03 -0.845 -0.825 -0.365 -1.456
0.005 -0.48482 8.89001 2.2878293991 2.5790298759    2.286  2.270  3.6902  2.240    7  0.000  0.351     0.00     0.00     0.00     0.00     0.00 -1    -1e-30      0.00 7.053e-01 2.896e-01 5.358e-04 8.579e-04 2.029e-03 -1.000 5.137e-03 -0.906 -0.880 -0.416 -1.516
0.005 -0.48482 8.89001 2.2878847122 2.5790316016    2.286  2.311  3.6867  2.185    7  0.000  0.351     0.00     0.00     0.00     0.00     0.00 -1    -1e-30      0.00 7.053e-01 2.896e-01 5.358e-04 8.579e-04 2.029e-03 -1.000 5.137e-03 -1.007 -0.972 -0.498 -1.616
0.005 -0.48482 8.89001 2.2879846096 2.5790347181    2.286  2.345  3.6839  2.140    7  0.000  0.351     0.00     0.00     0.00     0.00     0.00 -1    -1e-30      0.00 7.053e-01 2.896e-01 5.358e-04 8.579e-04 2.029e-03 -1.000 5.137e-03 -1.092 -1.050 -0.568 -1.700
0.005 -0.48482 8.89001 2.2882254124 2.5790422291    2.287  2.320  3.6861  2.174    7  0.000  0.351     0.00     0.00     0.00     0.00     0.00 -1 -1.75e-30      0.00 7.053e-01 2.896e-01 5.358e-04 8.580e-04 2.029e-03 -1.000 5.140e-03 -1.029 -0.992 -0.516 -1.638
0.005 -0.48482 8.89001 2.2901005745 2.5791006559    2.289  2.310  3.6869  2.187    7  0.000  0.351     0.00     0.00     0.00     0.00     0.00 -1 -1.25e-12      0.00 7.053e-01 2.894e-01 5.357e-04 8.582e-04 2.029e-03 -1.000 5.345e-03 -1.005 -0.971 -0.497 -1.614
0.005 -0.48482 8.89001 2.2911231518 2.5791324713    2.289  2.353  3.6832  2.129    7  0.000  0.351     0.00     0.00     0.00     0.00     0.00 -1 -1.55e-10      0.00 7.052e-01 2.894e-01 5.357e-04 8.584e-04 2.029e-03 -1.000 5.368e-03 -1.113 -1.068 -0.585 -1.721
0.005 -0.48482 8.89001 2.2919108868 2.5791569578    2.290  2.399  3.6794  2.069    7  0.000  0.351     0.00     0.00     0.00     0.00     0.00 -1 -1.95e-10      0.00 7.052e-01 2.894e-01 5.357e-04 8.585e-04 2.029e-03 -1.000 5.367e-03 -1.227 -1.172 -0.678 -1.833
0.005 -0.48482 8.89001 2.2925567627 2.5791770202    2.291  2.443  3.6758  2.010    7  0.000  0.351     0.00     0.00     0.00     0.00     0.00 -1 -2.43e-10      0.00 7.052e-01 2.894e-01 5.357e-04 8.586e-04 2.029e-03 -1.000 5.366e-03 -1.337 -1.270 -0.766 -1.940
0.005 -0.48482 8.89001 2.2931101322 2.5791941988    2.291  2.486  3.6723  1.954    7  0.000  0.351     0.00     0.00     0.00     0.00     0.00 -1 -3.01e-10      0.00 7.052e-01 2.894e-01 5.357e-04 8.587e-04 2.028e-03 -1.000 5.365e-03 -1.444 -1.368 -0.853 -2.047
0.005 -0.48482 8.89001 2.2935955524 2.5792092602    2.291  2.528  3.6683  1.895    7  0.000  0.351     4.70     3.42     2.54     1.88     1.53  4 -3.72e-10      0.00 7.052e-01 2.894e-01 5.357e-04 8.587e-04 2.028e-03 -1.000 5.364e-03 -1.550 -1.462 -0.934 -2.151
0.005 -0.48482 8.89001 2.2940239906 2.5792225475    2.292  2.571  3.6640  1.836    7  0.000  0.351     5.28     3.81     2.82     2.08     1.70  4 -4.61e-10      0.00 7.052e-01 2.894e-01 5.356e-04 8.588e-04 2.028e-03 -1.000 5.365e-03 -1.656 -1.555 -1.013 -2.253
0.005 -0.48482 8.89001 2.2944002151 2.5792342107    2.292  2.613  3.6603  1.778    7  0.000  0.351     5.92     4.23     3.11     2.30     1.88  4 -5.68e-10      0.00 7.052e-01 2.894e-01 5.356e-04 8.589e-04 2.028e-03 -1.000 5.382e-03 -1.763 -1.648 -1.095 -2.356
0.005 -0.48482 8.89001 2.2947375774 2.5792446655    2.292  2.656  3.6552  1.715    7  0.000  0.351     6.70     4.74     3.47     2.57     2.10  4 -7.06e-10      0.00 7.052e-01 2.894e-01 5.354e-04 8.590e-04 2.028e-03 -1.000 5.382e-03 -1.870 -1.736 -1.167 -2.456
0.005 -0.48482 8.89001 2.2950332165 2.5792538243    2.292  2.698  3.6519  1.660    7  0.000  0.351     7.46     5.23     3.81     2.83     2.31  4  -8.7e-10      0.00 7.052e-01 2.894e-01 5.350e-04 8.597e-04 2.028e-03 -1.000 5.381e-03 -1.974 -1.827 -1.247 -2.555
0.005 -0.48482 8.89001 2.2953047752 2.5792622348    2.292  2.739  3.6486  1.606    7  0.000  0.350     8.31     5.78     4.19     3.12     2.54  4 -1.07e-09      0.00 7.052e-01 2.894e-01 5.342e-04 8.605e-04 2.028e-03 -1.000 5.381e-03 -2.078 -1.917 -1.327 -2.652
0.005 -0.48482 8.89001 2.2955570221 2.5792700451    2.292  2.781  3.6453  1.551    7  0.000  0.350     9.26     6.38     4.61     3.44     2.80  4  -1.3e-09      0.00 7.052e-01 2.894e-01 5.332e-04 8.615e-04 2.028e-03 -1.000 5.381e-03 -2.182 -2.006 -1.405 -2.749
0.005 -0.48482 8.89001 2.2957932949 2.5792773590    2.292  2.823  3.6418  1.495    7  0.000  0.349    10.34     7.06     5.08     3.79     3.09  4  -1.6e-09      0.00 7.052e-01 2.894e-01 5.319e-04 8.632e-04 2.028e-03 -1.000 5.382e-03 -2.286 -2.095 -1.483 -2.846
0.005 -0.48482 8.89001 2.2960147858 2.5792842138    2.292  2.865  3.6384  1.439    7  0.000  0.348    11.54     7.81     5.59     4.18     3.41  4 -1.97e-09      0.00 7.052e-01 2.894e-01 5.307e-04 8.648e-04 2.028e-03 -1.000 5.389e-03 -2.392 -2.182 -1.558 -2.943
0.005 -0.48482 8.89001 2.2962241173 2.5792906908    2.292  2.907  3.6349  1.383    7  0.000  0.347    12.89     8.64     6.16     4.61     3.76  4 -2.41e-09      0.00 7.052e-01 2.894e-01 5.295e-04 8.661e-04 2.028e-03 -1.000 5.398e-03 -2.497 -2.270 -1.632 -3.040
0.005 -0.48482 8.89001 2.2964246273 2.5792968936    2.291  2.949  3.6315  1.327    7  0.000  0.347    14.40     9.57     6.78     5.09     4.15  4 -2.96e-09      0.00 7.052e-01 2.894e-01 5.286e-04 8.674e-04 2.028e-03 -1.000 5.401e-03 -2.603 -2.357 -1.706 -3.137
0.005 -0.48482 8.89001 2.2966206074 2.5793029551    2.291  2.992  3.6280  1.270    7  0.000  0.346    16.09    10.59     7.48     5.61     4.59  4 -3.61e-09      0.00 7.052e-01 2.894e-01 5.278e-04 8.684e-04 2.028e-03 -1.000 5.401e-03 -2.709 -2.445 -1.780 -3.234
0.005 -0.48482 8.89001 2.2968168259 2.5793090228    2.290  3.034  3.6244  1.213    7  0.000  0.346    18.00    11.74     8.25     6.21     5.07  4 -4.42e-09      0.00 7.052e-01 2.894e-01 5.271e-04 8.693e-04 2.027e-03 -1.000 5.401e-03 -2.816 -2.531 -1.852 -3.331
0.005 -0.48482 8.89001 2.2970197201 2.5793152956    2.289  3.077  3.6208  1.156    7  0.000  0.345    20.17    13.03     9.12     6.86     5.61  4 -5.47e-09      0.00 7.052e-01 2.894e-01 5.265e-04 8.702e-04 2.027e-03 -1.000 5.401e-03 -2.923 -2.618 -1.924 -3.428
0.005 -0.48482 8.89001 2.2972223759 2.5793215598    2.288  3.119  3.6172  1.099    7  0.000  0.345    22.53    14.43    10.05     7.58     6.19  4 -6.68e-09      0.00 7.052e-01 2.894e-01 5.260e-04 8.706e-04 2.027e-03 -1.000 5.401e-03 -3.028 -2.701 -1.991 -3.521
0.005 -0.48482 8.89001 2.2973685265 2.5793260767    2.288  3.158  3.6139  1.047    7  0.000  0.345    24.96    15.85    10.99     8.30     6.78  4 -7.95e-09      0.00 7.052e-01 2.894e-01 5.257e-04 8.714e-04 2.027e-03 -1.000 5.401e-03 -3.124 -2.776 -2.052 -3.605
0.005 -0.48482 8.89001 2.2974381447 2.5793282280    2.287  3.189  3.6112  1.005    7  0.000  0.345    27.11    17.10    11.81     8.93     7.30  4 -9.17e-09      0.00 7.052e-01 2.894e-01 5.254e-04 8.715e-04 2.027e-03 -1.000 5.398e-03 -3.202 -2.837 -2.101 -3.674
0.005 -0.48482 8.89001 2.2975027561 2.5793302245    2.287  3.223  3.6082  0.959    7  0.000  0.345    29.70    18.59    12.80     9.69     7.92  4 -1.07e-08      0.00 7.052e-01 2.894e-01 5.252e-04 8.722e-04 2.027e-03 -1.000 5.390e-03 -3.288 -2.903 -2.152 -3.749
0.005 -0.48482 8.89001 2.2975635529 2.5793321029    2.286  3.259  3.6051  0.910    7  0.000  0.345    32.70    20.31    13.92    10.55     8.63  3 -1.27e-08      0.00 7.052e-01 2.894e-01 5.251e-04 8.723e-04 2.027e-03 -1.000 5.380e-03 -3.378 -2.972 -2.206 -3.828
0.005 -0.48482 8.89001 2.2976236343 2.5793339592    2.285  3.297  3.6018  0.859    7  0.000  0.345    36.15    22.26    15.20    11.54     9.44  3 -1.52e-08      0.00 7.052e-01 2.894e-01 5.250e-04 8.724e-04 2.027e-03 -1.000 5.377e-03 -3.472 -3.043 -2.259 -3.910
0.005 -0.48482 8.89001 2.2976863384 2.5793358964    2.284  3.334  3.5984  0.808    7  0.000  0.345    39.96    24.41    16.60    12.61    10.32  3 -1.79e-08      0.00 7.052e-01 2.894e-01 5.250e-04 8.725e-04 2.027e-03 -1.000 5.378e-03 -3.566 -3.113 -2.312 -3.990
0.005 -0.48482 8.89001 2.2977547646 2.5793380102    2.283  3.372  3.5950  0.757    7  0.000  0.345    44.23    26.79    18.14    13.81    11.30  3 -2.14e-08      0.00 7.052e-01 2.894e-01 5.250e-04 8.725e-04 2.027e-03 -1.000 5.377e-03 -3.660 -3.181 -2.361 -4.070
0.005 -0.48482 8.89001 2.2978351116 2.5793404921    2.281  3.420  3.5906  0.691    7  0.000  0.345    50.33    30.17    20.32    15.49    12.68  3 -2.65e-08      0.00 7.052e-01 2.894e-01 5.250e-04 8.725e-04 2.027e-03 -1.000 5.378e-03 -3.780 -3.268 -2.423 -4.171
0.005 -0.48482 8.89001 2.2978541851 2.5793410813    2.281  3.451  3.5876  0.647    7  0.000  0.345    54.88    32.66    21.91    16.73    13.70  3 -3.07e-08      0.00 7.052e-01 2.894e-01 5.250e-04 8.725e-04 2.027e-03 -1.000 5.378e-03 -3.859 -3.322 -2.458 -4.236
0.005 -0.48482 8.89001 2.2978651524 2.5793414200    2.280  3.465  3.5863  0.629    7  0.000  0.345    56.90    33.76    22.62    17.28    14.15  3 -3.24e-08      0.00 7.052e-01 2.894e-01 5.250e-04 8.725e-04 2.027e-03 -1.000 5.378e-03 -3.892 -3.345 -2.473 -4.263
0.005 -0.48482 8.89001 2.2978820801 2.5793419429    2.280  3.430  3.5897  0.677    7  0.000  0.345    51.73    30.93    20.81    15.87    13.00  3 -2.79e-08      0.00 7.052e-01 2.894e-01 5.250e-04 8.725e-04 2.027e-03 -1.000 5.378e-03 -3.804 -3.285 -2.435 -4.191
0.005 -0.48482 8.89001 2.2978832722 2.5793419797    2.280  3.406  3.5919  0.710    7  0.000  0.345    48.50    29.16    19.67    14.99    12.27  3  -2.5e-08      0.00 7.052e-01 2.894e-01 5.250e-04 8.725e-04 2.027e-03 -1.000 5.378e-03 -3.745 -3.243 -2.405 -4.142
0.005 -0.48482 8.89001 2.2978835106 2.5793419871    2.280  3.378  3.5945  0.748    7  0.000  0.345    44.94    27.19    18.40    14.01    11.47  3  -2.2e-08      0.00 7.052e-01 2.894e-01 5.250e-04 8.725e-04 2.027e-03 -1.000 5.378e-03 -3.674 -3.192 -2.368 -4.082
0.005 -0.48482 8.89001 2.2978837490 2.5793419944    2.280  3.425  3.5901  0.683    7  0.000  0.344    51.13    30.61    20.60    15.71    12.86  3 -2.73e-08      0.00 7.052e-01 2.894e-01 5.250e-04 8.725e-04 2.027e-03 -1.000 5.378e-03 -3.793 -3.277 -2.429 -4.182
0.005 -0.48482 8.89001 2.2978839874 2.5793420018    2.280  3.435  3.5891  0.669    7  0.000  0.344    52.56    31.39    21.10    16.10    13.18  3 -2.86e-08      0.00 7.052e-01 2.894e-01 5.250e-04 8.725e-04 2.027e-03 -1.000 5.378e-03 -3.818 -3.294 -2.440 -4.203
0.005 -0.48482 8.89001 2.2978842258 2.5793420091    2.280  3.434  3.5892  0.670    7  0.000  0.344    52.39    31.30    21.04    16.05    13.15  3 -2.84e-08      0.00 7.052e-01 2.894e-01 5.250e-04 8.725e-04 2.027e-03 -1.000 5.378e-03 -3.815 -3.292 -2.438 -4.200
0.005 -0.48482 8.89001 2.2978844643 2.5793420165    2.280  3.423  3.5903  0.686    7  0.000  0.344    50.77    30.41    20.47    15.61    12.78  3  -2.7e-08      0.00 7.052e-01 2.894e-01 5.250e-04 8.725e-04 2.027e-03 -1.000 5.378e-03 -3.787 -3.273 -2.426 -4.177
0.005 -0.48482 8.89001 2.2978847027 2.5793420239    2.280  3.412  3.5914  0.702    7  0.000  0.344    49.24    29.57    19.93    15.19    12.44  3 -2.56e-08      0.00 7.052e-01 2.894e-01 5.250e-04 8.725e-04 2.027e-03 -1.000 5.378e-03 -3.759 -3.253 -2.412 -4.153
0.005 -0.48482 8.89001 2.2978849411 2.5793420312    2.280  3.401  3.5924  0.717    7  0.000  0.344    47.82    28.78    19.42    14.80    12.12  3 -2.45e-08      0.00 7.052e-01 2.894e-01 5.250e-04 8.725e-04 2.027e-03 -1.000 5.378e-03 -3.732 -3.233 -2.398 -4.130
0.005 -0.48482 8.89001 2.2978851795 2.5793420386    2.280  3.390  3.5934  0.732    7  0.000  0.344    46.39    27.99    18.91    14.41    11.79  3 -2.32e-08      0.00 7.052e-01 2.894e-01 5.250e-04 8.725e-04 2.027e-03 -1.000 5.378e-03 -3.704 -3.213 -2.384 -4.107
0.005 -0.48482 8.89001 2.2978854179 2.5793420460    2.280  3.378  3.5945  0.747    7  0.000  0.344    45.01    27.23    18.42    14.03    11.48  3 -2.22e-08      0.00 7.052e-01 2.894e-01 5.250e-04 8.725e-04 2.027e-03 -1.000 5.378e-03 -3.676 -3.193 -2.370 -4.084
0.005 -0.48482 8.89001 2.2978856564 2.5793420533    2.280  3.367  3.5955  0.763    7  0.000  0.344    43.63    26.46    17.93    13.64    11.17  3  -2.1e-08      0.00 7.052e-01 2.894e-01 5.250e-04 8.725e-04 2.027e-03 -1.000 5.378e-03 -3.647 -3.172 -2.355 -4.059
0.005 -0.48482 8.89001 2.2978858948 2.5793420607    2.280  3.363  3.5958  0.768    7  0.000  0.344    43.22    26.24    17.78    13.53    11.07  3 -2.07e-08      0.00 7.052e-01 2.894e-01 5.250e-04 8.725e-04 2.027e-03 -1.000 5.378e-03 -3.638 -3.166 -2.350 -4.052
0.005 -0.48482 8.89001 2.2978863716 2.5793420754    2.280  3.371  3.5951  0.757    7  0.000  0.344    44.14    26.74    18.11    13.78    11.28  3 -2.14e-08      0.00 7.052e-01 2.894e-01 5.250e-04 8.725e-04 2.027e-03 -1.000 5.378e-03 -3.658 -3.180 -2.360 -4.068
0.005 -0.48482 8.89001 2.2978868484 2.5793420901    2.280  3.376  3.5947  0.751    7  0.000  0.344    44.67    27.04    18.30    13.93    11.40  3 -2.18e-08      0.00 7.052e-01 2.894e-01 5.250e-04 8.725e-04 2.027e-03 -1.000 5.378e-03 -3.669 -3.188 -2.366 -4.078
0.005 -0.48482 8.89001 2.2978873253 2.5793421049    2.280  3.365  3.5957  0.766    7  0.000  0.344    43.43    26.35    17.85    13.59    11.12  3 -2.08e-08      0.00 7.052e-01 2.894e-01 5.250e-04 8.725e-04 2.027e-03 -1.000 5.378e-03 -3.643 -3.169 -2.353 -4.056
0.005 -0.48482 8.89001 2.2978880405 2.5793421270    2.280  3.355  3.5966  0.779    7  0.000  0.344    42.30    25.72    17.45    13.27    10.86  3 -1.99e-08      0.00 7.052e-01 2.894e-01 5.250e-04 8.725e-04 2.027e-03 -1.000 5.378e-03 -3.618 -3.151 -2.339 -4.035
0.005 -0.48482 8.89001 2.2978923321 2.5793422595    2.280  3.347  3.5973  0.790    7  0.000  0.344    41.37    25.20    17.11    13.01    10.65  3 -1.92e-08      0.00 7.052e-01 2.894e-01 5.250e-04 8.725e-04 2.027e-03 -1.000 5.378e-03 -3.597 -3.136 -2.328 -4.017
0.005 -0.48482 8.89001 2.2978968620 2.5793423994    2.280  3.363  3.5959  0.768    7  0.000  0.344    43.19    26.22    17.77    13.52    11.07  3 -2.07e-08      0.00 7.052e-01 2.894e-01 5.250e-04 8.725e-04 2.027e-03 -1.000 5.378e-03 -3.638 -3.165 -2.350 -4.051
0.005 -0.48482 8.89001 2.2978999615 2.5793424952    2.279  3.379  3.5945  0.747    7  0.000  0.344    45.04    27.24    18.43    14.03    11.49  3 -2.21e-08      0.00 7.052e-01 2.894e-01 5.250e-04 8.725e-04 2.027e-03 -1.000 5.378e-03 -3.676 -3.193 -2.370 -4.084
0.005 -0.48482 8.89001 2.2979037762 2.5793426130    2.279  3.397  3.5927  0.722    7  0.000  0.344    47.34    28.52    19.25    14.67    12.01  3 -2.41e-08      0.00 7.052e-01 2.894e-01 5.250e-04 8.725e-04 2.027e-03 -1.000 5.378e-03 -3.722 -3.226 -2.393 -4.123
0.005 -0.48482 8.89001 2.2979078293 2.5793427382    2.279  3.424  3.5902  0.685    7  0.000  0.344    50.92    30.49    20.52    15.65    12.81  3 -2.71e-08      0.00 7.052e-01 2.894e-01 5.250e-04 8.725e-04 2.027e-03 -1.000 5.378e-03 -3.790 -3.275 -2.428 -4.179
0.005 -0.48482 8.89001 2.2979125977 2.5793428854    2.279  3.458  3.5870  0.637    7  0.000  0.344    55.90    33.21    22.27    17.01    13.93  3 -3.18e-08      0.00 7.052e-01 2.894e-01 5.250e-04 8.725e-04 2.027e-03 -1.000 5.378e-03 -3.876 -3.335 -2.467 -4.250
0.005 -0.48482 8.89001 2.2979187965 2.5793430769    2.279  3.500  3.5830  0.580    7  0.000  0.344    62.67    36.88    24.61    18.83    15.42  3 -3.83e-08      0.00 7.052e-01 2.894e-01 5.250e-04 8.725e-04 2.027e-03 -1.000 5.378e-03 -3.981 -3.406 -2.513 -4.336
0.005 -0.48482 8.89001 2.2979261875 2.5793433052    2.279  3.541  3.5790  0.523    7  0.000  0.344    70.08    40.86    27.15    20.79    17.04  2 -4.59e-08      0.00 7.052e-01 2.894e-01 5.250e-04 8.725e-04 2.027e-03 -1.000 5.378e-03 -4.083 -3.473 -2.554 -4.418
0.005 -0.48482 8.89001 2.2979364395 2.5793436218    2.278  3.580  3.5751  0.468    7  0.000  0.344    78.10    45.14    29.85    22.90    18.77  2 -5.44e-08      0.00 7.052e-01 2.894e-01 5.250e-04 8.725e-04 2.027e-03 -1.000 5.378e-03 -4.181 -3.533 -2.583 -4.494
0.005 -0.48482 8.89001 2.2979521751 2.5793441078    2.277  3.616  3.5715  0.417    7  0.000  0.344    86.35    49.49    32.59    25.04    20.52  2 -6.39e-08      0.00 7.052e-01 2.894e-01 5.250e-04 8.725e-04 2.027e-03 -1.000 5.378e-03 -4.271 -3.587 -2.606 -4.563
0.005 -0.48482 8.89001 2.2979784012 2.5793449178    2.276  3.646  3.5684  0.374    7  0.000  0.344    93.86    53.42    35.06    26.96    22.11  2 -7.31e-08      0.00 7.052e-01 2.894e-01 5.250e-04 8.725e-04 2.027e-03 -1.000 5.378e-03 -4.345 -3.627 -2.617 -4.618
0.005 -0.48482 8.89001 2.2979857922 2.5793451461    2.275  3.651  3.5678  0.367    7  0.000  0.344    95.22    54.13    35.51    27.31    22.39  2 -7.47e-08      0.00 7.052e-01 2.894e-01 5.250e-04 8.725e-04 2.027e-03 -1.000 5.378e-03 -4.358 -3.634 -2.618 -4.628
