Zini MH logAge Mini int_IMF Mass logL logTe logg label McoreTP C_O period0 period1 period2 period3 period4 pmode Mloss tau1m X Y Xc Xn Xo Cexcess Z mbolmag Gmag G_BPmag G_RPmag
0.0055 -0.44261 6.62500 0.0900000036 1.0816895926    0.090 -1.603  3.4491  3.744    0  0.000  0.545     0.00     0.00     0.00     0.00     0.00 -1 -1.41e-14      0.00 7.360e-01 2.585e-01 1.002e-03 2.703e-04 2.451e-03 -1.000 5.571e-03 8.778 10.195 12.253 8.861
0.0055 -0.44261 6.62500 0.0986961201 1.1601214154    0.099 -1.578  3.4524  3.771    0  0.000  0.545     0.00     0.00     0.00     0.00     0.00 -1 -1.39e-14      0.00 7.360e-01 2.585e-01 1.002e-03 2.703e-04 2.451e-03 -1.000 5.571e-03 8.714 10.097 12.112 8.773
0.0055 -0.44261 6.62500 0.1075383946 1.2311594844    0.108 -1.538  3.4571  3.788    0  0.000  0.545     0.00     0.00     0.00     0.00     0.00 -1 -1.43e-14      0.00 7.360e-01 2.585e-01 1.002e-03 2.703e-04 2.451e-03 -1.000 5.571e-03 8.615 9.950 11.902 8.640
0.0055 -0.44261 6.62500 0.1174760014 1.3024496544    0.117 -1.507  3.4606  3.809    0  0.000  0.545     0.00     0.00     0.00     0.00     0.00 -1 -1.44e-14      0.00 7.360e-01 2.585e-01 1.002e-03 2.703e-04 2.451e-03 -1.000 5.571e-03 8.537 9.837 11.742 8.537
0.0055 -0.44261 6.62500 0.1228115410 1.3375679293    0.123 -1.490  3.4627  3.820    0  0.000  0.545     0.00     0.00     0.00     0.00     0.00 -1 -1.44e-14      0.00 7.360e-01 2.585e-01 1.002e-03 2.703e-04 2.451e-03 -1.000 5.571e-03 8.495 9.776 11.657 8.482
0.0055 -0.44261 6.62500 0.1314004362 1.3901246671    0.131 -1.452  3.4669  3.828    0  0.000  0.545     0.00     0.00     0.00     0.00     0.00 -1 -1.51e-14      0.00 7.360e-01 2.585e-01 1.002e-03 2.703e-04 2.451e-03 -1.000 5.571e-03 8.400 9.643 11.475 8.361
0.0055 -0.44261 6.62500 0.1397602111 1.4371578582    0.140 -1.430  3.4691  3.842    0  0.000  0.545     0.00     0.00     0.00     0.00     0.00 -1 -1.51e-14      0.00 7.360e-01 2.585e-01 1.002e-03 2.703e-04 2.451e-03 -1.000 5.571e-03 8.345 9.567 11.372 8.291
0.0055 -0.44261 6.62500 0.1447152197 1.4633427400    0.145 -1.411  3.4714  3.846    0  0.000  0.545     0.00     0.00     0.00     0.00     0.00 -1 -1.55e-14      0.00 7.360e-01 2.585e-01 1.002e-03 2.703e-04 2.451e-03 -1.000 5.571e-03 8.297 9.498 11.276 8.229
0.0055 -0.44261 6.62500 0.1543698460 1.5111646233    0.154 -1.377  3.4750  3.856    0  0.000  0.545     0.00     0.00     0.00     0.00     0.00 -1  -1.6e-14      0.00 7.360e-01 2.585e-01 1.002e-03 2.703e-04 2.451e-03 -1.000 5.571e-03 8.213 9.383 11.121 8.124
0.0055 -0.44261 6.62500 0.1686429977 1.5751610664    0.169 -1.327  3.4808  3.867    0  0.000  0.545     0.00     0.00     0.00     0.00     0.00 -1  -1.7e-14      0.00 7.360e-01 2.585e-01 1.002e-03 2.703e-04 2.451e-03 -1.000 5.571e-03 8.087 9.207 10.881 7.965
0.0055 -0.44261 6.62500 0.1821662784 1.6296126136    0.182 -1.281  3.4858  3.874    0  0.000  0.545     0.00     0.00     0.00     0.00     0.00 -1  -1.8e-14      0.00 7.360e-01 2.585e-01 1.002e-03 2.703e-04 2.451e-03 -1.000 5.571e-03 7.972 9.051 10.671 7.824
0.0055 -0.44261 6.62500 0.1954370439 1.6781655635    0.195 -1.249  3.4890  3.886    0  0.000  0.545     0.00     0.00     0.00     0.00     0.00 -1 -1.85e-14      0.00 7.360e-01 2.585e-01 1.002e-03 2.703e-04 2.451e-03 -1.000 5.571e-03 7.892 8.945 10.531 7.727
0.0055 -0.44261 6.62500 0.2088286728 1.7229990743    0.209 -1.211  3.4932  3.894    0  0.000  0.545     0.00     0.00     0.00     0.00     0.00 -1 -1.93e-14      0.00 7.360e-01 2.585e-01 1.002e-03 2.703e-04 2.451e-03 -1.000 5.571e-03 7.798 8.819 10.363 7.613
0.0055 -0.44261 6.62500 0.2223086357 1.7645039195    0.222 -1.171  3.4978  3.899    0  0.000  0.545     0.00     0.00     0.00     0.00     0.00 -1 -2.04e-14      0.00 7.360e-01 2.585e-01 1.002e-03 2.703e-04 2.451e-03 -1.000 5.571e-03 7.698 8.684 10.185 7.492
0.0055 -0.44261 6.62500 0.2357617319 1.8027860290    0.236 -1.138  3.5013  3.906    0  0.000  0.545     0.00     0.00     0.00     0.00     0.00 -1 -2.12e-14      0.00 7.360e-01 2.585e-01 1.002e-03 2.703e-04 2.451e-03 -1.000 5.571e-03 7.616 8.576 10.045 7.394
0.0055 -0.44261 6.62500 0.2491866201 1.8382568454    0.249 -1.111  3.5041  3.914    0  0.000  0.545     0.00     0.00     0.00     0.00     0.00 -1 -2.18e-14      0.00 7.360e-01 2.585e-01 1.002e-03 2.703e-04 2.451e-03 -1.000 5.571e-03 7.547 8.487 9.931 7.313
0.0055 -0.44261 6.62500 0.2603715956 1.8659636289    0.260 -1.085  3.5073  3.919    0  0.000  0.545     0.00     0.00     0.00     0.00     0.00 -1 -2.25e-14      0.00 7.360e-01 2.585e-01 1.002e-03 2.703e-04 2.451e-03 -1.000 5.571e-03 7.482 8.398 9.813 7.234
0.0055 -0.44261 6.62500 0.2865916789 1.9252541193    0.286 -1.027  3.5141  3.930    0  0.000  0.545     0.00     0.00     0.00     0.00     0.00 -1 -2.42e-14      0.00 7.360e-01 2.585e-01 1.002e-03 2.703e-04 2.451e-03 -1.000 5.571e-03 7.337 8.205 9.559 7.062
0.0055 -0.44261 6.62500 0.3000000119 1.9529139769    0.300 -1.001  3.5171  3.936    0  0.000  0.545     0.00     0.00     0.00     0.00     0.00 -1 -2.49e-14      0.00 7.360e-01 2.585e-01 1.002e-03 2.703e-04 2.451e-03 -1.000 5.571e-03 7.272 8.119 9.448 6.985
0.0055 -0.44261 6.62500 0.3258554935 2.0019713981    0.326 -0.951  3.5232  3.947    0  0.000  0.545     0.00     0.00     0.00     0.00     0.00 -1 -2.65e-14      0.00 7.360e-01 2.585e-01 1.002e-03 2.703e-04 2.451e-03 -1.000 5.571e-03 7.148 7.954 9.233 6.839
0.0055 -0.44261 6.62500 0.3499999642 2.0434174156    0.350 -0.909  3.5283  3.956    0  0.000  0.545     0.00     0.00     0.00     0.00     0.00 -1 -2.79e-14      0.00 7.360e-01 2.585e-01 1.002e-03 2.703e-04 2.451e-03 -1.000 5.571e-03 7.041 7.814 9.053 6.714
0.0055 -0.44261 6.62500 0.3730783165 2.0796987438    0.373 -0.871  3.5331  3.965    0  0.000  0.545     0.00     0.00     0.00     0.00     0.00 -1 -2.92e-14      0.00 7.360e-01 2.585e-01 1.002e-03 2.703e-04 2.451e-03 -1.000 5.571e-03 6.947 7.689 8.892 6.604
0.0055 -0.44261 6.62500 0.3999999762 2.1185023988    0.400 -0.829  3.5384  3.974    0  0.000  0.545     0.00     0.00     0.00     0.00     0.00 -1 -3.07e-14      0.00 7.360e-01 2.585e-01 1.002e-03 2.703e-04 2.451e-03 -1.000 5.571e-03 6.842 7.550 8.714 6.481
0.0055 -0.44261 6.62500 0.4499999881 2.1822809009    0.450 -0.757  3.5485  3.994    0  0.000  0.545     0.00     0.00     0.00     0.00     0.00 -1 -3.34e-14      0.00 7.360e-01 2.585e-01 1.002e-03 2.703e-04 2.451e-03 -1.000 5.571e-03 6.662 7.309 8.404 6.271
0.0055 -0.44261 6.62500 0.4771727622 2.2131987878    0.477 -0.722  3.5541  4.006    0  0.000  0.545     0.00     0.00     0.00     0.00     0.00 -1 -3.47e-14      0.00 7.360e-01 2.585e-01 1.002e-03 2.703e-04 2.451e-03 -1.000 5.571e-03 6.574 7.188 8.247 6.166
0.0055 -0.44261 6.62500 0.4999999702 2.2374541023    0.500 -0.691  3.5589  4.016    0  0.000  0.545     0.00     0.00     0.00     0.00     0.00 -1  -3.6e-14      0.00 7.360e-01 2.585e-01 1.002e-03 2.703e-04 2.451e-03 -1.000 5.571e-03 6.497 7.082 8.111 6.076
0.0055 -0.44261 6.62500 0.5080511570 2.2456027366    0.508 -0.679  3.5613  4.020    0  0.000  0.545     0.00     0.00     0.00     0.00     0.00 -1 -3.65e-14      0.00 7.360e-01 2.585e-01 1.002e-03 2.703e-04 2.451e-03 -1.000 5.571e-03 6.467 7.039 8.053 6.039
0.0055 -0.44261 6.62500 0.5302571058 2.2666099702    0.530 -0.647  3.5670  4.029    0  0.000  0.545     0.00     0.00     0.00     0.00     0.00 -1 -3.81e-14      0.00 7.360e-01 2.585e-01 1.002e-03 2.703e-04 2.451e-03 -1.000 5.571e-03 6.387 6.927 7.908 5.945
0.0055 -0.44261 6.62500 0.5500000119 2.2836582633    0.550 -0.624  3.5705  4.036    0  0.000  0.545     0.00     0.00     0.00     0.00     0.00 -1  -3.9e-14      0.00 7.360e-01 2.585e-01 1.002e-03 2.703e-04 2.451e-03 -1.000 5.571e-03 6.330 6.851 7.813 5.880
0.0055 -0.44261 6.62500 0.5595228672 2.2913885029    0.559 -0.611  3.5730  4.041    0  0.000  0.545     0.00     0.00     0.00     0.00     0.00 -1 -3.97e-14      0.00 7.360e-01 2.585e-01 1.002e-03 2.703e-04 2.451e-03 -1.000 5.571e-03 6.298 6.808 7.757 5.843
0.0055 -0.44261 6.62500 0.5869807601 2.3120716974    0.587 -0.574  3.5797  4.052    0  0.000  0.545     0.00     0.00     0.00     0.00     0.00 -1 -4.16e-14      0.00 7.360e-01 2.585e-01 1.002e-03 2.703e-04 2.451e-03 -1.000 5.571e-03 6.206 6.684 7.600 5.737
0.0055 -0.44261 6.62500 0.5999999642 2.3211212854    0.600 -0.557  3.5826  4.056    0  0.000  0.545     0.00     0.00     0.00     0.00     0.00 -1 -4.26e-14      0.00 7.360e-01 2.585e-01 1.002e-03 2.703e-04 2.451e-03 -1.000 5.571e-03 6.163 6.628 7.529 5.689
0.0055 -0.44261 6.62500 0.6139399409 2.3303232312    0.614 -0.539  3.5861  4.062    0  0.000  0.545     0.00     0.00     0.00     0.00     0.00 -1 -4.36e-14      0.00 7.360e-01 2.585e-01 1.002e-03 2.703e-04 2.451e-03 -1.000 5.571e-03 6.118 6.566 7.450 5.637
0.0055 -0.44261 6.62500 0.6404316425 2.3465478082    0.640 -0.506  3.5923  4.072    0  0.000  0.545     0.00     0.00     0.00     0.00     0.00 -1 -4.56e-14      0.00 7.360e-01 2.585e-01 1.002e-03 2.703e-04 2.451e-03 -1.000 5.571e-03 6.035 6.454 7.308 5.542
0.0055 -0.44261 6.62500 0.6499999762 2.3520353107    0.650 -0.495  3.5944  4.075    0  0.000  0.545     0.00     0.00     0.00     0.00     0.00 -1 -4.63e-14      0.00 7.360e-01 2.585e-01 1.002e-03 2.703e-04 2.451e-03 -1.000 5.571e-03 6.007 6.417 7.262 5.511
0.0055 -0.44261 6.62500 0.6617394686 2.3585193047    0.662 -0.480  3.5972  4.080    0  0.000  0.545     0.00     0.00     0.00     0.00     0.00 -1 -4.72e-14      0.00 7.360e-01 2.585e-01 1.002e-03 2.703e-04 2.451e-03 -1.000 5.571e-03 5.970 6.368 7.201 5.469
0.0055 -0.44261 6.62500 0.6918188930 2.3739840416    0.692 -0.443  3.6042  4.089    0  0.000  0.545     0.00     0.00     0.00     0.00     0.00 -1 -4.97e-14      0.00 7.360e-01 2.585e-01 1.002e-03 2.703e-04 2.451e-03 -1.000 5.571e-03 5.877 6.246 7.048 5.365
0.0055 -0.44261 6.62500 0.6999999881 2.3779266974    0.700 -0.432  3.6061  4.091    0  0.000  0.545     0.00     0.00     0.00     0.00     0.00 -1 -5.06e-14      0.00 7.360e-01 2.585e-01 1.002e-03 2.703e-04 2.451e-03 -1.000 5.571e-03 5.850 6.211 7.005 5.335
0.0055 -0.44261 6.62500 0.7176180482 2.3860672789    0.718 -0.390  3.6184  4.110    0  0.000  0.542     0.00     0.00     0.00     0.00     0.00 -1 -5.39e-14      0.00 7.360e-01 2.585e-01 9.971e-04 2.701e-04 2.451e-03 -1.000 5.571e-03 5.745 6.050 6.789 5.209
0.0055 -0.44261 6.62500 0.7495123148 2.3996909141    0.750 -0.314  3.6406  4.141    0  0.000  0.538     0.00     0.00     0.00     0.00     0.00 -1 -6.07e-14      0.00 7.360e-01 2.585e-01 9.889e-04 2.699e-04 2.451e-03 -1.000 5.571e-03 5.555 5.759 6.402 4.982
0.0055 -0.44261 6.62500 0.7856824398 2.4136121493    0.786 -0.279  3.6453  4.145    0  0.000  0.538     0.00     0.00     0.00     0.00     0.00 -1 -6.39e-14      0.00 7.360e-01 2.585e-01 9.888e-04 2.699e-04 2.451e-03 -1.000 5.571e-03 5.467 5.649 6.273 4.886
0.0055 -0.44261 6.62500 0.7990245819 2.4183828323    0.799 -0.266  3.6470  4.146    0  0.000  0.538     0.00     0.00     0.00     0.00     0.00 -1 -6.51e-14      0.00 7.360e-01 2.585e-01 9.888e-04 2.699e-04 2.451e-03 -1.000 5.571e-03 5.435 5.610 6.228 4.852
0.0055 -0.44261 6.62500 0.8402557969 2.4320308651    0.840 -0.225  3.6524  4.148    0  0.000  0.538     0.00     0.00     0.00     0.00     0.00 -1 -6.99e-14      0.00 7.360e-01 2.585e-01 9.888e-04 2.699e-04 2.451e-03 -1.000 5.571e-03 5.331 5.482 6.079 4.740
0.0055 -0.44261 6.62500 0.8485368490 2.4345886963    0.848 -0.216  3.6534  4.148    0  0.000  0.538     0.00     0.00     0.00     0.00     0.00 -1 -7.09e-14      0.00 7.360e-01 2.585e-01 9.888e-04 2.699e-04 2.451e-03 -1.000 5.571e-03 5.310 5.457 6.049 4.717
0.0055 -0.44261 6.62500 0.8763800263 2.4427826570    0.876 -0.190  3.6571  4.151    0  0.000  0.538     0.00     0.00     0.00     0.00     0.00 -1 -7.39e-14      0.00 7.360e-01 2.585e-01 9.888e-04 2.699e-04 2.451e-03 -1.000 5.571e-03 5.244 5.375 5.954 4.646
0.0055 -0.44261 6.62500 0.8980491161 2.4487569484    0.897 -0.168  3.6601  4.152    0  0.000  0.538     0.00     0.00     0.00     0.00     0.00 -1 -7.66e-14      0.00 7.360e-01 2.585e-01 9.888e-04 2.699e-04 2.451e-03 -1.000 5.571e-03 5.191 5.310 5.878 4.589
0.0055 -0.44261 6.62500 0.9475613832 2.4612360964    0.947 -0.120  3.6670  4.155    0  0.000  0.538     0.00     0.00     0.00     0.00     0.00 -1 -8.29e-14      0.00 7.360e-01 2.585e-01 9.888e-04 2.699e-04 2.451e-03 -1.000 5.571e-03 5.071 5.165 5.710 4.462
0.0055 -0.44261 6.62500 0.9580416083 2.4636880450    0.958 -0.110  3.6685  4.155    0  0.000  0.538     0.00     0.00     0.00     0.00     0.00 -1 -8.44e-14      0.00 7.360e-01 2.585e-01 9.888e-04 2.699e-04 2.451e-03 -1.000 5.571e-03 5.045 5.133 5.674 4.435
0.0055 -0.44261 6.62500 0.9970737100 2.4723008218    0.997 -0.068  3.6744  4.154    0  0.000  0.538     0.00     0.00     0.00     0.00     0.00 -1 -9.14e-14      0.00 7.360e-01 2.585e-01 9.888e-04 2.699e-04 2.451e-03 -1.000 5.571e-03 4.939 5.007 5.529 4.324
0.0055 -0.44261 6.62500 1.0296512842 2.4789173677    1.029 -0.034  3.6791  4.153    0  0.000  0.538     0.00     0.00     0.00     0.00     0.00 -1 -9.28e-14      0.00 7.360e-01 2.585e-01 9.888e-04 2.699e-04 2.451e-03 -1.000 5.571e-03 4.855 4.908 5.415 4.236
0.0055 -0.44261 6.62500 1.0465859175 2.4821702926    1.046 -0.015  3.6819  4.152    0  0.000  0.538     0.00     0.00     0.00     0.00     0.00 -1 -9.42e-14      0.00 7.360e-01 2.585e-01 9.888e-04 2.699e-04 2.451e-03 -1.000 5.571e-03 4.806 4.851 5.350 4.186
0.0055 -0.44261 6.62500 1.0960983038 2.4910214938    1.095  0.035  3.6891  4.151    0  0.000  0.538     0.00     0.00     0.00     0.00     0.00 -1 -9.54e-14      0.00 7.360e-01 2.585e-01 9.888e-04 2.699e-04 2.451e-03 -1.000 5.571e-03 4.682 4.705 5.184 4.057
0.0055 -0.44261 6.62500 1.1456104517 2.4989986192    1.145  0.086  3.6963  4.148    0  0.000  0.538     0.00     0.00     0.00     0.00     0.00 -1 -9.65e-14      0.00 7.360e-01 2.585e-01 9.888e-04 2.699e-04 2.451e-03 -1.000 5.571e-03 4.556 4.560 5.020 3.929
0.0055 -0.44261 6.62500 1.1898239851 2.5054805624    1.189  0.136  3.7032  4.142    0  0.000  0.538     0.00     0.00     0.00     0.00     0.00 -1 -9.86e-14      0.00 7.360e-01 2.585e-01 9.888e-04 2.699e-04 2.451e-03 -1.000 5.571e-03 4.429 4.417 4.860 3.803
0.0055 -0.44261 6.62500 1.1951228380 2.5062204782    1.195  0.142  3.7040  4.141    0  0.000  0.538     0.00     0.00     0.00     0.00     0.00 -1 -9.89e-14      0.00 7.360e-01 2.585e-01 9.888e-04 2.699e-04 2.451e-03 -1.000 5.571e-03 4.414 4.400 4.840 3.787
0.0055 -0.44261 6.62500 1.2334113121 2.5113504108    1.233  0.179  3.7093  4.139    0  0.000  0.538     0.00     0.00     0.00     0.00     0.00 -1 -9.76e-14      0.00 7.360e-01 2.585e-01 9.888e-04 2.699e-04 2.451e-03 -1.000 5.571e-03 4.324 4.298 4.726 3.697
0.0055 -0.44261 6.62500 1.2446351051 2.5127855629    1.244  0.190  3.7109  4.138    0  0.000  0.538     0.00     0.00     0.00     0.00     0.00 -1 -9.76e-14      0.00 7.360e-01 2.585e-01 9.888e-04 2.699e-04 2.451e-03 -1.000 5.571e-03 4.294 4.265 4.689 3.668
0.0055 -0.44261 6.62500 1.2746276855 2.5164784110    1.274  0.221  3.7152  4.135    0  0.000  0.538     0.00     0.00     0.00     0.00     0.00 -1 -9.66e-14      0.00 7.360e-01 2.585e-01 9.888e-04 2.699e-04 2.451e-03 -1.000 5.571e-03 4.217 4.181 4.595 3.593
0.0055 -0.44261 6.62500 1.2941472530 2.5187763088    1.294  0.245  3.7183  4.130    0  0.000  0.538     0.00     0.00     0.00     0.00     0.00 -1 -9.72e-14      0.00 7.360e-01 2.585e-01 9.888e-04 2.699e-04 2.451e-03 -1.000 5.571e-03 4.158 4.115 4.522 3.535
0.0055 -0.44261 6.62500 1.3436598778 2.5242622264    1.344  0.304  3.7259  4.118    0  0.000  0.538     0.00     0.00     0.00     0.00     0.00 -1 -9.72e-14      0.00 7.360e-01 2.585e-01 9.888e-04 2.699e-04 2.451e-03 -1.000 5.571e-03 4.009 3.955 4.344 3.390
0.0055 -0.44261 6.62500 1.3696887493 2.5269639552    1.370  0.334  3.7297  4.112    0  0.000  0.538     0.00     0.00     0.00     0.00     0.00 -1 -9.58e-14      0.00 7.360e-01 2.585e-01 9.888e-04 2.699e-04 2.451e-03 -1.000 5.571e-03 3.935 3.875 4.256 3.318
0.0055 -0.44261 6.62500 1.3931720257 2.5293020999    1.393  0.365  3.7335  4.103    0  0.000  0.538     0.00     0.00     0.00     0.00     0.00 -1 -9.58e-14      0.00 7.360e-01 2.585e-01 9.888e-04 2.699e-04 2.451e-03 -1.000 5.571e-03 3.859 3.794 4.167 3.245
0.0055 -0.44261 6.62500 1.4426841736 2.5339462294    1.443  0.430  3.7412  4.084    0  0.000  0.538     0.00     0.00     0.00     0.00     0.00 -1 -9.36e-14      0.00 7.360e-01 2.585e-01 9.888e-04 2.699e-04 2.451e-03 -1.000 5.571e-03 3.695 3.621 3.978 3.089
0.0055 -0.44261 6.62500 1.4921965599 2.5382377471    1.492  0.500  3.7490  4.060    0  0.000  0.538     0.00     0.00     0.00     0.00     0.00 -1 -8.96e-14      0.00 7.360e-01 2.585e-01 9.888e-04 2.699e-04 2.451e-03 -1.000 5.571e-03 3.519 3.437 3.778 2.923
0.0055 -0.44261 6.62500 1.5058575869 2.5393648477    1.506  0.521  3.7512  4.052    0  0.000  0.538     0.00     0.00     0.00     0.00     0.00 -1 -8.73e-14      0.00 7.360e-01 2.585e-01 9.888e-04 2.699e-04 2.451e-03 -1.000 5.571e-03 3.469 3.385 3.721 2.876
0.0055 -0.44261 6.62500 1.5417087078 2.5422138004    1.542  0.580  3.7572  4.027    0  0.000  0.538     0.00     0.00     0.00     0.00     0.00 -1 -8.35e-14      0.00 7.360e-01 2.584e-01 9.888e-04 2.699e-04 2.451e-03 -1.000 5.571e-03 3.320 3.232 3.556 2.736
0.0055 -0.44261 6.62500 1.5493729115 2.5428032070    1.549  0.593  3.7585  4.021    0  0.000  0.538     0.00     0.00     0.00     0.00     0.00 -1 -8.14e-14      0.00 7.360e-01 2.584e-01 9.888e-04 2.699e-04 2.451e-03 -1.000 5.571e-03 3.287 3.199 3.520 2.705
0.0055 -0.44261 6.62500 1.5908850431 2.5458824895    1.590  0.673  3.7658  3.982    0  0.000  0.538     0.00     0.00     0.00     0.00     0.00 -1 -7.32e-14      0.00 7.360e-01 2.584e-01 9.888e-04 2.699e-04 2.451e-03 -1.000 5.571e-03 3.087 2.995 3.301 2.518
0.0055 -0.44261 6.62500 1.5912210941 2.5459066641    1.591  0.674  3.7659  3.981    0  0.000  0.538     0.00     0.00     0.00     0.00     0.00 -1 -7.32e-14      0.00 7.360e-01 2.584e-01 9.888e-04 2.699e-04 2.451e-03 -1.000 5.571e-03 3.086 2.994 3.300 2.516
0.0055 -0.44261 6.62500 1.5952122211 2.5461928802    1.595  0.682  3.7666  3.977    0  0.000  0.538     0.00     0.00     0.00     0.00     0.00 -1  -7.1e-14      0.00 7.361e-01 2.584e-01 9.888e-04 2.699e-04 2.451e-03 -1.000 5.571e-03 3.065 2.973 3.277 2.497
0.0055 -0.44261 6.62500 1.6318340302 2.5487441556    1.631  0.765  3.7737  3.933    0  0.000  0.538     0.00     0.00     0.00     0.00     0.00 -1 -5.58e-14      0.00 7.361e-01 2.584e-01 9.888e-04 2.699e-04 2.451e-03 -1.000 5.571e-03 2.859 2.763 3.053 2.304
0.0055 -0.44261 6.62500 1.6407332420 2.5493443758    1.640  0.786  3.7755  3.921    0  0.000  0.538     0.00     0.00     0.00     0.00     0.00 -1 -5.29e-14      0.00 7.361e-01 2.584e-01 9.888e-04 2.699e-04 2.451e-03 -1.000 5.571e-03 2.806 2.709 2.996 2.254
0.0055 -0.44261 6.62500 1.6682009697 2.5511506206    1.667  0.854  3.7813  3.884    0  0.000  0.538     0.00     0.00     0.00     0.00     0.00 -1 -1.73e-21      0.00 7.361e-01 2.584e-01 9.888e-04 2.699e-04 2.451e-03 -1.000 5.571e-03 2.636 2.538 2.813 2.096
0.0055 -0.44261 6.62500 1.6902457476 2.5525515288    1.689  0.908  3.7862  3.855    0  0.000  0.538     0.00     0.00     0.00     0.00     0.00 -1 -1.94e-27      0.00 7.361e-01 2.584e-01 9.888e-04 2.699e-04 2.451e-03 -1.000 5.571e-03 2.500 2.401 2.666 1.970
0.0055 -0.44261 6.62500 1.7013981342 2.5532443623    1.700  0.935  3.7888  3.841    0  0.000  0.538     0.00     0.00     0.00     0.00     0.00 -1 -3.49e-28      0.00 7.361e-01 2.584e-01 9.888e-04 2.699e-04 2.451e-03 -1.000 5.571e-03 2.433 2.332 2.593 1.908
0.0055 -0.44261 6.62500 1.7272293568 2.5548096645    1.726  0.996  3.7952  3.812    0  0.000  0.538     0.00     0.00     0.00     0.00     0.00 -1  -6.7e-30      0.00 7.361e-01 2.584e-01 9.888e-04 2.699e-04 2.451e-03 -1.000 5.571e-03 2.281 2.179 2.428 1.770
0.0055 -0.44261 6.62500 1.7397580147 2.5555496449    1.739  1.025  3.7984  3.799    0  0.000  0.538     0.00     0.00     0.00     0.00     0.00 -1    -1e-30      0.00 7.361e-01 2.584e-01 9.888e-04 2.699e-04 2.451e-03 -1.000 5.571e-03 2.208 2.106 2.348 1.704
0.0055 -0.44261 6.62500 1.7407735586 2.5556090896    1.740  1.027  3.7987  3.798    0  0.000  0.538     0.00     0.00     0.00     0.00     0.00 -1    -1e-30      0.00 7.361e-01 2.584e-01 9.888e-04 2.699e-04 2.451e-03 -1.000 5.571e-03 2.202 2.100 2.342 1.699
0.0055 -0.44261 6.62500 1.7729854584 2.5574540442    1.772  1.100  3.8084  3.772    0  0.000  0.538     0.00     0.00     0.00     0.00     0.00 -1    -1e-30      0.00 7.361e-01 2.584e-01 9.888e-04 2.699e-04 2.451e-03 -1.000 5.571e-03 2.020 1.917 2.141 1.540
0.0055 -0.44261 6.62500 1.7892701626 2.5583577403    1.788  1.136  3.8144  3.764    0  0.000  0.538     0.00     0.00     0.00     0.00     0.00 -1    -1e-30      0.00 7.361e-01 2.584e-01 9.888e-04 2.699e-04 2.451e-03 -1.000 5.571e-03 1.930 1.827 2.040 1.464
0.0055 -0.44261 6.62500 1.8069673777 2.5593186127    1.806  1.175  3.8225  3.762    0  0.000  0.538     0.00     0.00     0.00     0.00     0.00 -1    -1e-30      0.00 7.361e-01 2.584e-01 9.888e-04 2.699e-04 2.451e-03 -1.000 5.571e-03 1.833 1.730 1.929 1.386
0.0055 -0.44261 6.62500 1.8213584423 2.5600841667    1.820  1.206  3.8306  3.767    0  0.000  0.538     0.00     0.00     0.00     0.00     0.00 -1    -1e-30      0.00 7.361e-01 2.584e-01 9.888e-04 2.699e-04 2.451e-03 -1.000 5.571e-03 1.755 1.652 1.838 1.327
0.0055 -0.44261 6.62500 1.8383177519 2.5609686723    1.837  1.243  3.8423  3.781    0  0.000  0.538     0.00     0.00     0.00     0.00     0.00 -1    -1e-30      0.00 7.361e-01 2.584e-01 9.888e-04 2.699e-04 2.451e-03 -1.000 5.571e-03 1.663 1.562 1.730 1.265
0.0055 -0.44261 6.62500 1.8387321234 2.5609900490    1.838  1.243  3.8427  3.781    0  0.000  0.538     0.00     0.00     0.00     0.00     0.00 -1    -1e-30      0.00 7.361e-01 2.584e-01 9.888e-04 2.699e-04 2.451e-03 -1.000 5.571e-03 1.661 1.560 1.727 1.264
0.0055 -0.44261 6.62500 1.8497451544 2.5615541568    1.849  1.267  3.8515  3.796    0  0.000  0.538     0.00     0.00     0.00     0.00     0.00 -1    -1e-30      0.00 7.361e-01 2.584e-01 9.888e-04 2.699e-04 2.451e-03 -1.000 5.571e-03 1.602 1.503 1.656 1.228
0.0055 -0.44261 6.62500 1.8668991327 2.5624175885    1.866  1.303  3.8665  3.824    0  0.000  0.538     0.00     0.00     0.00     0.00     0.00 -1    -1e-30      0.00 7.361e-01 2.584e-01 9.888e-04 2.699e-04 2.451e-03 -1.000 5.571e-03 1.512 1.418 1.548 1.179
0.0055 -0.44261 6.62500 1.8838940859 2.5632552081    1.883  1.338  3.8820  3.855    0  0.000  0.538     0.00     0.00     0.00     0.00     0.00 -1    -1e-30      0.00 7.361e-01 2.584e-01 9.888e-04 2.699e-04 2.451e-03 -1.000 5.571e-03 1.425 1.339 1.446 1.139
0.0055 -0.44261 6.62500 1.8881943226 2.5634644041    1.887  1.347  3.8860  3.863    0  0.000  0.538     0.00     0.00     0.00     0.00     0.00 -1    -1e-30      0.00 7.361e-01 2.584e-01 9.888e-04 2.699e-04 2.451e-03 -1.000 5.571e-03 1.403 1.320 1.421 1.129
0.0055 -0.44261 6.62500 1.8899909258 2.5635514803    1.889  1.350  3.8876  3.866    0  0.000  0.538     0.00     0.00     0.00     0.00     0.00 -1    -1e-30      0.00 7.361e-01 2.584e-01 9.888e-04 2.699e-04 2.451e-03 -1.000 5.571e-03 1.394 1.312 1.411 1.126
0.0055 -0.44261 6.62500 1.9060404301 2.5643209857    1.905  1.382  3.9025  3.898    0  0.000  0.538     0.00     0.00     0.00     0.00     0.00 -1    -1e-30      0.00 7.361e-01 2.584e-01 9.888e-04 2.699e-04 2.451e-03 -1.000 5.571e-03 1.315 1.247 1.325 1.099
0.0055 -0.44261 6.62500 1.9221377373 2.5650779576    1.921  1.412  3.9175  3.931    0  0.000  0.538     0.00     0.00     0.00     0.00     0.00 -1    -1e-30      0.00 7.361e-01 2.584e-01 9.888e-04 2.699e-04 2.451e-03 -1.000 5.571e-03 1.239 1.193 1.251 1.082
0.0055 -0.44261 6.62500 1.9376561642 2.5657940315    1.937  1.440  3.9319  3.965    0  0.000  0.538     0.00     0.00     0.00     0.00     0.00 -1    -1e-30      0.00 7.361e-01 2.584e-01 9.888e-04 2.699e-04 2.451e-03 -1.000 5.571e-03 1.171 1.154 1.195 1.075
0.0055 -0.44261 6.62500 1.9431893826 2.5660461746    1.943  1.449  3.9370  3.977    0  0.000  0.538     0.00     0.00     0.00     0.00     0.00 -1    -1e-30      0.00 7.361e-01 2.584e-01 9.888e-04 2.699e-04 2.451e-03 -1.000 5.571e-03 1.147 1.143 1.179 1.074
0.0055 -0.44261 6.62500 1.9592922926 2.5667706580    1.959  1.475  3.9516  4.014    0  0.000  0.538     0.00     0.00     0.00     0.00     0.00 -1    -1e-30      0.00 7.361e-01 2.584e-01 9.888e-04 2.699e-04 2.451e-03 -1.000 5.571e-03 1.083 1.124 1.146 1.080
0.0055 -0.44261 6.62500 1.9763828516 2.5675247443    1.976  1.498  3.9664  4.053    0  0.000  0.538     0.00     0.00     0.00     0.00     0.00 -1    -1e-30      0.00 7.361e-01 2.584e-01 9.888e-04 2.699e-04 2.451e-03 -1.000 5.571e-03 1.024 1.118 1.130 1.096
0.0055 -0.44261 6.62500 1.9871184826 2.5679908116    1.987  1.511  3.9752  4.078    0  0.000  0.538     0.00     0.00     0.00     0.00     0.00 -1    -1e-30      0.00 7.361e-01 2.584e-01 9.888e-04 2.699e-04 2.451e-03 -1.000 5.571e-03 0.993 1.122 1.127 1.112
0.0055 -0.44261 6.62500 1.9955930710 2.5683546500    1.995  1.520  3.9821  4.098    0  0.000  0.538     0.00     0.00     0.00     0.00     0.00 -1    -1e-30      0.00 7.361e-01 2.584e-01 9.888e-04 2.699e-04 2.451e-03 -1.000 5.571e-03 0.969 1.127 1.128 1.125
0.0055 -0.44261 6.62500 2.0003292561 2.5685564443    2.000  1.525  3.9858  4.109    0  0.000  0.538     0.00     0.00     0.00     0.00     0.00 -1    -1e-30      0.00 7.361e-01 2.584e-01 9.888e-04 2.699e-04 2.451e-03 -1.000 5.571e-03 0.958 1.132 1.130 1.133
0.0055 -0.44261 6.62500 2.0162932873 2.5692285996    2.016  1.535  3.9966  4.146    0  0.000  0.538     0.00     0.00     0.00     0.00     0.00 -1    -1e-30      0.00 7.361e-01 2.584e-01 9.888e-04 2.699e-04 2.451e-03 -1.000 5.571e-03 0.933 1.154 1.147 1.168
0.0055 -0.44261 6.62500 2.0365805626 2.5700653215    2.036  1.535  4.0064  4.189    0  0.000  0.538     0.00     0.00     0.00     0.00     0.00 -1    -1e-30      0.00 7.361e-01 2.584e-01 9.888e-04 2.699e-04 2.451e-03 -1.000 5.571e-03 0.933 1.200 1.188 1.222
0.0055 -0.44261 6.62500 2.0564982891 2.5708683598    2.056  1.529  4.0140  4.230    0  0.000  0.538     0.00     0.00     0.00     0.00     0.00 -1    -1e-30      0.00 7.361e-01 2.584e-01 9.888e-04 2.699e-04 2.451e-03 -1.000 5.571e-03 0.948 1.252 1.237 1.281
0.0055 -0.44261 6.62500 2.0860424042 2.5720270946    2.085  1.509  4.0201  4.280    0  0.000  0.538     0.00     0.00     0.00     0.00     0.00 -1    -1e-30      0.00 7.361e-01 2.584e-01 9.888e-04 2.699e-04 2.451e-03 -1.000 5.571e-03 0.996 1.329 1.311 1.363
0.0055 -0.44261 6.62500 2.1005284786 2.5725815691    2.099  1.502  4.0230  4.302    0  0.000  0.538     0.00     0.00     0.00     0.00     0.00 -1    -1e-30      0.00 7.361e-01 2.584e-01 9.888e-04 2.699e-04 2.451e-03 -1.000 5.571e-03 1.015 1.363 1.344 1.399
0.0055 -0.44261 6.62500 2.1355042458 2.5738847270    2.134  1.518  4.0348  4.340    0  0.000  0.538     0.00     0.00     0.00     0.00     0.00 -1    -1e-30      0.00 7.361e-01 2.584e-01 9.888e-04 2.699e-04 2.451e-03 -1.000 5.571e-03 0.974 1.381 1.357 1.426
0.0055 -0.44261 6.62500 2.1394073963 2.5740271178    2.138  1.520  4.0362  4.345    0  0.000  0.538     0.00     0.00     0.00     0.00     0.00 -1    -1e-30      0.00 7.361e-01 2.584e-01 9.888e-04 2.699e-04 2.451e-03 -1.000 5.571e-03 0.970 1.383 1.359 1.430
0.0055 -0.44261 6.62500 2.1572229862 2.5746695304    2.156  1.545  4.0455  4.361    0  0.000  0.538     0.00     0.00     0.00     0.00     0.00 -1    -1e-30      0.00 7.361e-01 2.584e-01 9.888e-04 2.699e-04 2.451e-03 -1.000 5.571e-03 0.908 1.369 1.341 1.422
0.0055 -0.44261 6.62500 2.1779053211 2.5754001752    2.176  1.567  4.0551  4.381    0  0.000  0.538     0.00     0.00     0.00     0.00     0.00 -1    -1e-30      0.00 7.361e-01 2.584e-01 9.888e-04 2.699e-04 2.451e-03 -1.000 5.571e-03 0.852 1.363 1.331 1.423
0.0055 -0.44261 6.62500 2.1849665642 2.5756459881    2.184  1.572  4.0574  4.387    0  0.000  0.538     0.00     0.00     0.00     0.00     0.00 -1    -1e-30      0.00 7.361e-01 2.584e-01 9.888e-04 2.699e-04 2.451e-03 -1.000 5.571e-03 0.839 1.362 1.330 1.424
0.0055 -0.44261 6.62500 2.2344286442 2.5773178692    2.233  1.609  4.0742  4.427    0  0.000  0.538     0.00     0.00     0.00     0.00     0.00 -1    -1e-30      0.00 7.361e-01 2.584e-01 9.888e-04 2.699e-04 2.451e-03 -1.000 5.571e-03 0.748 1.361 1.322 1.433
0.0055 -0.44261 6.62500 2.2642831802 2.5782864380    2.263  1.621  4.0815  4.450    0  0.000  0.538     0.00     0.00     0.00     0.00     0.00 -1    -1e-30      0.00 7.361e-01 2.584e-01 9.888e-04 2.699e-04 2.451e-03 -1.000 5.571e-03 0.718 1.369 1.329 1.446
0.0055 -0.44261 6.62500 2.2838907242 2.5789067453    2.282  1.625  4.0850  4.463    0  0.000  0.538     0.00     0.00     0.00     0.00     0.00 -1    -1e-30      0.00 7.361e-01 2.584e-01 9.888e-04 2.699e-04 2.451e-03 -1.000 5.571e-03 0.707 1.378 1.336 1.457
0.0055 -0.44261 6.62500 2.2923884392 2.5791717929    2.291  1.627  4.0861  4.467    0  0.000  0.538     0.00     0.00     0.00     0.00     0.00 -1    -1e-30      0.00 7.361e-01 2.584e-01 9.888e-04 2.699e-04 2.451e-03 -1.000 5.571e-03 0.703 1.380 1.337 1.459
0.0055 -0.44261 6.62500 2.3333525658 2.5804183969    2.332  1.634  4.0893  4.481    0  0.000  0.538     0.00     0.00     0.00     0.00     0.00 -1    -1e-30      0.00 7.361e-01 2.584e-01 9.888e-04 2.699e-04 2.451e-03 -1.000 5.571e-03 0.685 1.380 1.336 1.461
0.0055 -0.44261 6.62500 2.3527765274 2.5809920815    2.351  1.636  4.0909  4.489    0  0.000  0.538     0.00     0.00     0.00     0.00     0.00 -1    -1e-30      0.00 7.361e-01 2.584e-01 9.888e-04 2.699e-04 2.451e-03 -1.000 5.571e-03 0.681 1.384 1.340 1.467
0.0055 -0.44261 6.62500 2.3828148842 2.5818581182    2.382  1.653  4.0942  4.491    0  0.000  0.538     0.00     0.00     0.00     0.00     0.00 -1    -1e-30      0.00 7.361e-01 2.584e-01 9.887e-04 2.699e-04 2.451e-03 -1.000 5.571e-03 0.637 1.359 1.314 1.443
0.0055 -0.44261 6.62500 2.4322769642 2.5832307011    2.430  1.676  4.0985  4.494    0  0.000  0.538     0.00     0.00     0.00     0.00     0.00 -1    -1e-30      0.00 7.361e-01 2.584e-01 9.888e-04 2.699e-04 2.451e-03 -1.000 5.571e-03 0.581 1.326 1.280 1.413
0.0055 -0.44261 6.62500 2.4329621792 2.5832492657    2.431  1.676  4.0986  4.494    0  0.000  0.538     0.00     0.00     0.00     0.00     0.00 -1    -1e-30      0.00 7.361e-01 2.584e-01 9.888e-04 2.699e-04 2.451e-03 -1.000 5.571e-03 0.580 1.326 1.279 1.413
0.0055 -0.44261 6.62500 2.6301250458 2.5881324392    2.629  1.801  4.1214  4.494    0  0.000  0.538     0.00     0.00     0.00     0.00     0.00 -1    -1e-30      0.00 7.361e-01 2.584e-01 9.888e-04 2.699e-04 2.452e-03 -1.000 5.571e-03 0.266 1.140 1.086 1.240
0.0055 -0.44261 6.62500 2.7563416958 2.5908402477    2.756  1.877  4.1346  4.492    0  0.000  0.538     0.00     0.00     0.00     0.00     0.00 -1    -1e-30      0.00 7.361e-01 2.584e-01 9.888e-04 2.699e-04 2.452e-03 -1.000 5.571e-03 0.078 1.026 0.969 1.135
0.0055 -0.44261 6.62500 2.8279733658 2.5922539678    2.827  1.918  4.1419  4.491    0  0.000  0.538     0.00     0.00     0.00     0.00     0.00 -1    -1e-30      0.00 7.361e-01 2.584e-01 9.888e-04 2.699e-04 2.452e-03 -1.000 5.571e-03 -0.025 0.965 0.904 1.077
0.0055 -0.44261 6.62500 3.0258216858 2.5957619127    3.025  2.025  4.1602  4.486    0  0.000  0.538     0.00     0.00     0.00     0.00     0.00 -1    -1e-30      0.00 7.361e-01 2.584e-01 9.888e-04 2.699e-04 2.452e-03 -1.000 5.571e-03 -0.294 0.801 0.736 0.924
0.0055 -0.44261 6.62500 3.2236697674 2.5987793532    3.222  2.125  4.1774  4.482    0  0.000  0.538     0.00     0.00     0.00     0.00     0.00 -1    -1e-30      0.00 7.361e-01 2.584e-01 9.888e-04 2.699e-04 2.452e-03 -1.000 5.571e-03 -0.544 0.652 0.581 0.784
0.0055 -0.44261 6.62500 3.4134087563 2.6012985233    3.411  2.215  4.1922  4.477    0  0.000  0.538     0.00     0.00     0.00     0.00     0.00 -1    -1e-30      0.00 7.361e-01 2.584e-01 9.888e-04 2.699e-04 2.452e-03 -1.000 5.571e-03 -0.768 0.515 0.440 0.655
0.0055 -0.44261 6.62500 3.4215180874 2.6013990536    3.419  2.219  4.1928  4.476    0  0.000  0.538     0.00     0.00     0.00     0.00     0.00 -1    -1e-30      0.00 7.361e-01 2.584e-01 9.888e-04 2.699e-04 2.452e-03 -1.000 5.571e-03 -0.777 0.509 0.434 0.650
0.0055 -0.44261 6.62500 3.6193659306 2.6036921456    3.617  2.307  4.2067  4.468    1  0.000  0.538     0.00     0.00     0.00     0.00     0.00 -1    -1e-30      0.00 7.361e-01 2.584e-01 9.888e-04 2.699e-04 2.452e-03 -1.000 5.571e-03 -0.997 0.371 0.292 0.520
0.0055 -0.44261 6.62500 3.8172140121 2.6057140523    3.815  2.389  4.2196  4.461    1  0.000  0.538     0.00     0.00     0.00     0.00     0.00 -1    -1e-30      0.00 7.361e-01 2.584e-01 9.888e-04 2.699e-04 2.452e-03 -1.000 5.571e-03 -1.202 0.243 0.160 0.398
0.0055 -0.44261 6.62500 4.0150623322 2.6075085355    4.015  2.467  4.2331  4.459    1  0.000  0.538     0.00     0.00     0.00     0.00     0.00 -1    -1e-30      0.00 7.361e-01 2.584e-01 9.888e-04 2.699e-04 2.452e-03 -1.000 5.571e-03 -1.397 0.127 0.040 0.291
0.0055 -0.44261 6.62500 4.2129106522 2.6091105826    4.211  2.540  4.2442  4.451    1  0.000  0.538     0.00     0.00     0.00     0.00     0.00 -1    -1e-30      0.00 7.361e-01 2.584e-01 9.888e-04 2.699e-04 2.452e-03 -1.000 5.571e-03 -1.581 0.010 -0.080 0.179
0.0055 -0.44261 6.62500 4.4107589722 2.6105484820    4.408  2.610  4.2546  4.442    1  0.000  0.538     0.00     0.00     0.00     0.00     0.00 -1    -1e-30      0.00 7.361e-01 2.584e-01 9.888e-04 2.699e-04 2.452e-03 -1.000 5.571e-03 -1.755 -0.103 -0.196 0.072
0.0055 -0.44261 6.62500 4.5243496895 2.6113089847    4.521  2.649  4.2611  4.441    1  0.000  0.538     0.00     0.00     0.00     0.00     0.00 -1    -1e-30      0.00 7.361e-01 2.584e-01 9.888e-04 2.699e-04 2.452e-03 -1.000 5.571e-03 -1.852 -0.162 -0.257 0.017
0.0055 -0.44261 6.62500 4.6086072922 2.6118453348    4.606  2.677  4.2658  4.439    1  0.000  0.538     0.00     0.00     0.00     0.00     0.00 -1    -1e-30      0.00 7.361e-01 2.584e-01 9.888e-04 2.699e-04 2.452e-03 -1.000 5.571e-03 -1.923 -0.205 -0.301 -0.023
0.0055 -0.44261 6.62500 4.8064551353 2.6130201765    4.804  2.741  4.2757  4.434    1  0.000  0.538     0.00     0.00     0.00     0.00     0.00 -1    -1e-30      0.00 7.361e-01 2.584e-01 9.888e-04 2.699e-04 2.452e-03 -1.000 5.571e-03 -2.082 -0.306 -0.405 -0.119
0.0055 -0.44261 6.62500 5.0043039322 2.6140888367    5.003  2.801  4.2841  4.424    1  0.000  0.538     0.00     0.00     0.00     0.00     0.00 -1    -1e-30      0.00 7.361e-01 2.584e-01 9.888e-04 2.699e-04 2.452e-03 -1.000 5.571e-03 -2.233 -0.408 -0.509 -0.217
0.0055 -0.44261 6.62500 5.2021517754 2.6150645543    5.202  2.860  4.2931  4.419    1  0.000  0.538     0.00     0.00     0.00     0.00     0.00 -1    -1e-30      0.00 7.361e-01 2.584e-01 9.888e-04 2.699e-04 2.452e-03 -1.000 5.571e-03 -2.379 -0.500 -0.604 -0.304
0.0055 -0.44261 6.62500 5.4000000954 2.6159585105    5.401  2.915  4.3011  4.412    1  0.000  0.538     0.00     0.00     0.00     0.00     0.00 -1    -1e-30      0.00 7.361e-01 2.584e-01 9.888e-04 2.699e-04 2.452e-03 -1.000 5.571e-03 -2.518 -0.593 -0.699 -0.392
0.0055 -0.44261 6.62500 5.5662188530 2.6166533334    5.566  2.960  4.3085  4.409    1  0.000  0.538     0.00     0.00     0.00     0.00     0.00 -1    -1e-30      0.00 7.361e-01 2.584e-01 9.888e-04 2.699e-04 2.452e-03 -1.000 5.571e-03 -2.631 -0.663 -0.772 -0.459
0.0055 -0.44261 6.62500 5.7324385643 2.6173020252    5.732  3.004  4.3147  4.403    1  0.000  0.538     0.00     0.00     0.00     0.00     0.00 -1    -1e-30      0.00 7.361e-01 2.584e-01 9.888e-04 2.699e-04 2.452e-03 -1.000 5.571e-03 -2.739 -0.737 -0.847 -0.528
0.0055 -0.44261 6.62500 5.8986577988 2.6179088520    5.898  3.046  4.3209  4.398    1  0.000  0.538     0.00     0.00     0.00     0.00     0.00 -1    -1e-30      0.00 7.361e-01 2.584e-01 9.888e-04 2.699e-04 2.452e-03 -1.000 5.571e-03 -2.846 -0.807 -0.919 -0.595
0.0055 -0.44261 6.62500 6.0648765564 2.6184775844    6.064  3.088  4.3274  4.395    1  0.000  0.538     0.00     0.00     0.00     0.00     0.00 -1    -1e-30      0.00 7.361e-01 2.584e-01 9.888e-04 2.699e-04 2.452e-03 -1.000 5.571e-03 -2.949 -0.873 -0.987 -0.658
0.0055 -0.44261 6.62500 6.2310962677 2.6190115669    6.230  3.128  4.3337  4.392    1  0.000  0.538     0.00     0.00     0.00     0.00     0.00 -1    -1e-30      0.00 7.361e-01 2.584e-01 9.888e-04 2.699e-04 2.452e-03 -1.000 5.571e-03 -3.049 -0.938 -1.053 -0.719
0.0055 -0.44261 6.62500 6.5758399963 2.6200207485    6.569  3.205  4.3448  4.381    1  0.000  0.538     0.00     0.00     0.00     0.00     0.00 -1    -1e-30      0.00 7.361e-01 2.584e-01 9.888e-04 2.699e-04 2.452e-03 -1.000 5.571e-03 -3.243 -1.070 -1.188 -0.845
0.0055 -0.44261 6.62500 6.7297534943 2.6204331025    6.720  3.239  4.3498  4.378    1  0.000  0.538     0.00     0.00     0.00     0.00     0.00 -1    -1e-30      0.00 7.361e-01 2.584e-01 9.888e-04 2.699e-04 2.452e-03 -1.000 5.571e-03 -3.327 -1.126 -1.245 -0.898
0.0055 -0.44261 6.62500 7.5608496666 2.6223302237    7.542  3.407  4.3749  4.360    1  0.000  0.538     0.00     0.00     0.00     0.00     0.00 -1    -1e-30      0.00 7.361e-01 2.584e-01 9.888e-04 2.699e-04 2.452e-03 -1.000 5.571e-03 -3.747 -1.407 -1.533 -1.166
0.0055 -0.44261 6.62500 8.3919458389 2.6238019212    8.375  3.559  4.3970  4.342    1  0.000  0.538     0.00     0.00     0.00     0.00     0.00 -1    -1e-30      0.00 7.361e-01 2.584e-01 9.888e-04 2.699e-04 2.452e-03 -1.000 5.571e-03 -4.127 -1.667 -1.799 -1.415
0.0055 -0.44261 6.62500 8.4873247147 2.6239497486    8.471  3.575  4.3993  4.340    1  0.000  0.538     0.00     0.00     0.00     0.00     0.00 -1    -1e-30      0.00 7.361e-01 2.584e-01 9.888e-04 2.699e-04 2.452e-03 -1.000 5.571e-03 -4.167 -1.695 -1.828 -1.442
0.0055 -0.44261 6.62500 9.2230415344 2.6249728885    9.209  3.696  4.4167  4.325    1  0.000  0.538     0.00     0.00     0.00     0.00     0.00 -1    -1e-30      0.00 7.361e-01 2.584e-01 9.888e-04 2.699e-04 2.452e-03 -1.000 5.571e-03 -4.469 -1.880 -2.017 -1.630
0.0055 -0.44261 6.62500 9.6481952667 2.6254830208    9.631  3.759  4.4257  4.317    1  0.000  0.538     0.00     0.00     0.00     0.00     0.00 -1    -1e-30      0.00 7.361e-01 2.584e-01 9.888e-04 2.699e-04 2.452e-03 -1.000 5.571e-03 -4.627 -1.979 -2.120 -1.723
0.0055 -0.44261 6.62500 10.0541372299 2.6259240886   10.033  3.817  4.4339  4.310    1  0.000  0.538     0.00     0.00     0.00     0.00     0.00 -1    -1e-30      0.00 7.361e-01 2.584e-01 9.888e-04 2.699e-04 2.452e-03 -1.000 5.571e-03 -4.773 -2.105 -2.247 -1.846
0.0055 -0.44261 6.62500 10.4991855621 2.6263628566   10.477  3.878  4.4424  4.302    1  0.000  0.538     0.00     0.00     0.00     0.00     0.00 -1    -1e-30      0.00 7.361e-01 2.584e-01 9.888e-04 2.699e-04 2.452e-03 -1.000 5.571e-03 -4.925 -2.236 -2.379 -1.973
0.0055 -0.44261 6.62500 10.8852338791 2.6267102290   10.861  3.929  4.4495  4.295    1  0.000  0.538     0.00     0.00     0.00     0.00     0.00 -1    -1e-30      0.00 7.361e-01 2.584e-01 9.888e-04 2.699e-04 2.452e-03 -1.000 5.571e-03 -5.052 -2.345 -2.488 -2.079
0.0055 -0.44261 6.62500 10.9039049149 2.6267263138   10.880  3.931  4.4498  4.294    1  0.000  0.538     0.00     0.00     0.00     0.00     0.00 -1 -1.17e-30      0.00 7.361e-01 2.584e-01 9.888e-04 2.699e-04 2.452e-03 -1.000 5.571e-03 -5.058 -2.350 -2.494 -2.084
0.0055 -0.44261 6.62500 12.1475296021 2.6276709926   12.117  4.082  4.4704  4.272    1  0.000  0.539     0.00     0.00     0.00     0.00     0.00 -1 -3.07e-26      0.00 7.361e-01 2.584e-01 9.910e-04 2.700e-04 2.452e-03 -1.000 5.571e-03 -5.436 -2.604 -2.755 -2.321
0.0055 -0.44261 6.62500 12.5474262238 2.6279293921   12.515  4.128  4.4765  4.265    1  0.000  0.540     0.00     0.00     0.00     0.00     0.00 -1 -6.51e-25      0.00 7.360e-01 2.584e-01 9.916e-04 2.700e-04 2.452e-03 -1.000 5.571e-03 -5.551 -2.682 -2.835 -2.394
0.0055 -0.44261 6.62500 12.6220436096 2.6279755274   12.588  4.136  4.4776  4.264    1  0.000  0.540     0.00     0.00     0.00     0.00     0.00 -1 -2.78e-24      0.00 7.360e-01 2.584e-01 9.921e-04 2.700e-04 2.452e-03 -1.000 5.571e-03 -5.571 -2.696 -2.849 -2.408
0.0055 -0.44261 6.62500 13.8190774918 2.6286380317   13.766  4.261  4.4937  4.243    1  0.000  0.543     0.00     0.00     0.00     0.00     0.00 -1 -1.23e-14      0.00 7.360e-01 2.584e-01 9.983e-04 2.702e-04 2.451e-03 -1.000 5.571e-03 -5.881 -2.918 -3.074 -2.623
0.0055 -0.44261 6.62500 14.2096176147 2.6288266068   14.152  4.299  4.4987  4.236    1  0.000  0.544     0.00     0.00     0.00     0.00     0.00 -1 -1.16e-11      0.00 7.360e-01 2.584e-01 1.000e-03 2.702e-04 2.451e-03 -1.000 5.571e-03 -5.978 -2.988 -3.145 -2.691
0.0055 -0.44261 6.62500 14.2979335785 2.6288676117   14.239  4.307  4.4997  4.235    1  0.000  0.544     0.00     0.00     0.00     0.00     0.00 -1 -1.62e-11      0.00 7.360e-01 2.584e-01 1.000e-03 2.702e-04 2.451e-03 -1.000 5.571e-03 -5.998 -3.003 -3.160 -2.705
0.0055 -0.44261 6.62500 15.4539747238 2.6293550482   15.377  4.413  4.5128  4.215    1  0.000  0.545     0.00     0.00     0.00     0.00     0.00 -1 -1.13e-09      0.00 7.360e-01 2.585e-01 1.001e-03 2.703e-04 2.451e-03 -1.000 5.571e-03 -6.262 -3.196 -3.356 -2.895
0.0055 -0.44261 6.62500 15.8718109131 2.6295112651   15.789  4.449  4.5171  4.208    1  0.000  0.545     0.00     0.00     0.00     0.00     0.00 -1 -4.84e-09      0.00 7.360e-01 2.585e-01 1.002e-03 2.703e-04 2.451e-03 -1.000 5.571e-03 -6.353 -3.264 -3.424 -2.962
0.0055 -0.44261 6.62500 16.5386695862 2.6297418807   16.447  4.505  4.5236  4.196    1  0.000  0.545     0.00     0.00     0.00     0.00     0.00 -1 -6.31e-09      0.00 7.360e-01 2.585e-01 1.002e-03 2.703e-04 2.451e-03 -1.000 5.571e-03 -6.492 -3.368 -3.528 -3.064
0.0055 -0.44261 6.62500 17.5340042114 2.6300488554   17.429  4.585  4.5326  4.177    1  0.000  0.545     0.00     0.00     0.00     0.00     0.00 -1 -9.21e-09      0.00 7.360e-01 2.585e-01 1.002e-03 2.703e-04 2.451e-03 -1.000 5.571e-03 -6.691 -3.541 -3.701 -3.238
0.0055 -0.44261 6.62500 18.3912296295 2.6302828402   18.278  4.648  4.5394  4.162    1  0.000  0.545     0.00     0.00     0.00     0.00     0.00 -1 -1.23e-08      0.00 7.360e-01 2.585e-01 1.002e-03 2.703e-04 2.451e-03 -1.000 5.571e-03 -6.849 -3.679 -3.839 -3.377
0.0055 -0.44261 6.62500 19.4403781891 2.6305371671   19.316  4.722  4.5470  4.142    1  0.000  0.545     0.00     0.00     0.00     0.00     0.00 -1 -1.73e-08      0.00 7.360e-01 2.585e-01 1.002e-03 2.703e-04 2.451e-03 -1.000 5.571e-03 -7.034 -3.838 -3.998 -3.536
