Zini MH logAge Mini int_IMF Mass logL logTe logg label McoreTP C_O period0 period1 period2 period3 period4 pmode Mloss tau1m X Y Xc Xn Xo Cexcess Z mbolmag Gmag G_BPmag G_RPmag
0.0055 -0.44261 8.42001 0.0900000036 1.0816895926    0.090 -3.013  3.4311  5.082    0  0.000  0.545     0.00     0.00     0.00     0.00     0.00 -1 -1.18e-16      0.00 7.360e-01 2.585e-01 1.002e-03 2.703e-04 2.451e-03 -1.000 5.571e-03 12.302 13.913 16.545 12.490
0.0055 -0.44261 8.42001 0.0911832750 1.0929288802    0.091 -3.003  3.4325  5.083    0  0.000  0.545     0.00     0.00     0.00     0.00     0.00 -1  -1.2e-16      0.00 7.360e-01 2.585e-01 1.002e-03 2.703e-04 2.451e-03 -1.000 5.571e-03 12.277 13.873 16.482 12.454
0.0055 -0.44261 8.42001 0.0972936600 1.1480933203    0.097 -2.946  3.4406  5.086    0  0.000  0.545     0.00     0.00     0.00     0.00     0.00 -1 -1.32e-16      0.00 7.360e-01 2.585e-01 1.002e-03 2.703e-04 2.451e-03 -1.000 5.571e-03 12.135 13.647 16.113 12.250
0.0055 -0.44261 8.42001 0.1000000015 1.1711064122    0.100 -2.920  3.4447  5.088    0  0.000  0.545     0.00     0.00     0.00     0.00     0.00 -1 -1.38e-16      0.00 7.360e-01 2.585e-01 1.002e-03 2.703e-04 2.451e-03 -1.000 5.571e-03 12.070 13.541 15.938 12.156
0.0055 -0.44261 8.42001 0.1017220840 1.1853326141    0.102 -2.906  3.4465  5.090    0  0.000  0.545     0.00     0.00     0.00     0.00     0.00 -1 -1.41e-16      0.00 7.360e-01 2.585e-01 1.002e-03 2.703e-04 2.451e-03 -1.000 5.571e-03 12.036 13.488 15.853 12.108
0.0055 -0.44261 8.42001 0.1125076264 1.2678311642    0.112 -2.819  3.4584  5.093    0  0.000  0.545     0.00     0.00     0.00     0.00     0.00 -1 -1.63e-16      0.00 7.360e-01 2.585e-01 1.002e-03 2.703e-04 2.451e-03 -1.000 5.571e-03 11.817 13.147 15.299 11.805
0.0055 -0.44261 8.42001 0.1199212670 1.3187963247    0.120 -2.760  3.4667  5.095    0  0.000  0.545     0.00     0.00     0.00     0.00     0.00 -1  -1.8e-16      0.00 7.360e-01 2.585e-01 1.002e-03 2.703e-04 2.451e-03 -1.000 5.571e-03 11.669 12.919 14.935 11.604
0.0055 -0.44261 8.42001 0.1199999973 1.3193154249    0.120 -2.759  3.4667  5.095    0  0.000  0.545     0.00     0.00     0.00     0.00     0.00 -1  -1.8e-16      0.00 7.360e-01 2.585e-01 1.002e-03 2.703e-04 2.451e-03 -1.000 5.571e-03 11.668 12.917 14.931 11.602
0.0055 -0.44261 8.42001 0.1296322048 1.3796763946    0.130 -2.689  3.4747  5.090    0  0.000  0.545     0.00     0.00     0.00     0.00     0.00 -1 -2.05e-16      0.00 7.360e-01 2.585e-01 1.002e-03 2.703e-04 2.451e-03 -1.000 5.571e-03 11.493 12.664 14.550 11.377
0.0055 -0.44261 8.42001 0.1400000006 1.4384526719    0.140 -2.612  3.4832  5.080    0  0.000  0.545     0.00     0.00     0.00     0.00     0.00 -1 -2.38e-16      0.00 7.360e-01 2.585e-01 1.002e-03 2.703e-04 2.451e-03 -1.000 5.571e-03 11.299 12.389 14.143 11.133
0.0055 -0.44261 8.42001 0.1498079151 1.4890677708    0.150 -2.553  3.4892  5.075    0  0.000  0.545     0.00     0.00     0.00     0.00     0.00 -1 -2.66e-16      0.00 7.360e-01 2.585e-01 1.002e-03 2.703e-04 2.451e-03 -1.000 5.571e-03 11.153 12.185 13.846 10.952
0.0055 -0.44261 8.42001 0.1599999964 1.5372931554    0.160 -2.488  3.4952  5.063    0  0.000  0.545     0.00     0.00     0.00     0.00     0.00 -1 -3.02e-16      0.00 7.360e-01 2.585e-01 1.002e-03 2.703e-04 2.451e-03 -1.000 5.571e-03 10.991 11.970 13.552 10.759
0.0055 -0.44261 8.42001 0.1999999881 1.6938790356    0.200 -2.291  3.5125  5.032    0  0.000  0.545     0.00     0.00     0.00     0.00     0.00 -1 -4.42e-16      0.00 7.359e-01 2.585e-01 1.002e-03 2.703e-04 2.451e-03 -1.000 5.571e-03 10.499 11.335 12.716 10.186
0.0055 -0.44261 8.42001 0.2500000000 1.8403257998    0.250 -2.110  3.5273  5.007    0  0.000  0.545     0.00     0.00     0.00     0.00     0.00 -1 -6.18e-16      0.00 7.359e-01 2.585e-01 1.002e-03 2.703e-04 2.451e-03 -1.000 5.571e-03 10.045 10.774 12.019 9.675
0.0055 -0.44261 8.42001 0.3000000119 1.9529139769    0.300 -1.967  3.5377  4.984    0  0.000  0.545     0.00     0.00     0.00     0.00     0.00 -1 -8.03e-16      0.00 7.359e-01 2.585e-01 1.002e-03 2.703e-04 2.451e-03 -1.000 5.571e-03 9.687 10.350 11.516 9.282
0.0055 -0.44261 8.42001 0.3499999642 2.0434174156    0.350 -1.822  3.5482  4.949    0  0.000  0.545     0.00     0.00     0.00     0.00     0.00 -1 -1.08e-15      0.00 7.360e-01 2.585e-01 1.002e-03 2.703e-04 2.451e-03 -1.000 5.571e-03 9.325 9.925 11.020 8.889
0.0055 -0.44261 8.42001 0.3999999762 2.1185023988    0.400 -1.668  3.5600  4.900    0  0.000  0.545     0.00     0.00     0.00     0.00     0.00 -1 -1.53e-15      0.00 7.360e-01 2.585e-01 1.002e-03 2.703e-04 2.451e-03 -1.000 5.571e-03 8.941 9.475 10.497 8.473
0.0055 -0.44261 8.42001 0.4495329559 2.1817284122    0.449 -1.505  3.5735  4.842    0  0.000  0.545     0.00     0.00     0.00     0.00     0.00 -1 -2.23e-15      0.00 7.360e-01 2.585e-01 1.002e-03 2.703e-04 2.451e-03 -1.000 5.571e-03 8.533 8.997 9.943 8.033
0.0055 -0.44261 8.42001 0.4499999881 2.1822809009    0.450 -1.504  3.5736  4.841    0  0.000  0.545     0.00     0.00     0.00     0.00     0.00 -1 -2.24e-15      0.00 7.360e-01 2.585e-01 1.002e-03 2.703e-04 2.451e-03 -1.000 5.571e-03 8.530 8.992 9.939 8.029
0.0055 -0.44261 8.42001 0.4999999702 2.2374541023    0.500 -1.333  3.5915  4.788    0  0.000  0.545     0.00     0.00     0.00     0.00     0.00 -1 -3.34e-15      0.00 7.360e-01 2.585e-01 1.002e-03 2.703e-04 2.451e-03 -1.000 5.571e-03 8.102 8.482 9.345 7.565
0.0055 -0.44261 8.42001 0.5500000119 2.2836582633    0.550 -1.159  3.6156  4.752    0  0.000  0.545     0.00     0.00     0.00     0.00     0.00 -1 -4.96e-15      0.00 7.366e-01 2.578e-01 9.996e-04 2.697e-04 2.445e-03 -1.000 5.570e-03 7.668 7.956 8.722 7.098
0.0055 -0.44261 8.42001 0.5999999642 2.3211212854    0.600 -0.988  3.6420  4.724    0  0.000  0.545     0.00     0.00     0.00     0.00     0.00 -1 -7.25e-15      0.00 7.368e-01 2.577e-01 9.991e-04 2.695e-04 2.445e-03 -1.000 5.552e-03 7.240 7.429 8.089 6.641
0.0055 -0.44261 8.42001 0.6499999762 2.3520353107    0.650 -0.822  3.6691  4.702    0  0.000  0.545     0.00     0.00     0.00     0.00     0.00 -1 -1.05e-14      0.00 7.369e-01 2.576e-01 9.984e-04 2.694e-04 2.443e-03 -1.000 5.571e-03 6.826 6.910 7.462 6.202
0.0055 -0.44261 8.42001 0.6552149057 2.3549486247    0.655 -0.805  3.6718  4.699    0  0.000  0.545     0.00     0.00     0.00     0.00     0.00 -1 -1.09e-14      0.00 7.369e-01 2.575e-01 9.983e-04 2.694e-04 2.443e-03 -1.000 5.568e-03 6.784 6.858 7.402 6.158
0.0055 -0.44261 8.42001 0.6999999881 2.3779266974    0.700 -0.670  3.6955  4.687    0  0.000  0.545     0.00     0.00     0.00     0.00     0.00 -1 -1.46e-14      0.00 7.370e-01 2.574e-01 9.978e-04 2.693e-04 2.443e-03 -1.000 5.544e-03 6.445 6.447 6.920 5.807
0.0055 -0.44261 8.42001 0.7495123148 2.3996909141    0.750 -0.530  3.7196  4.673    0  0.000  0.538     0.00     0.00     0.00     0.00     0.00 -1 -1.97e-14      0.00 7.372e-01 2.572e-01 9.845e-04 2.688e-04 2.441e-03 -1.000 5.558e-03 6.096 6.047 6.458 5.462
0.0055 -0.44261 8.42001 0.7990245819 2.4183828323    0.799 -0.401  3.7395  4.651    0  0.000  0.538     0.00     0.00     0.00     0.00     0.00 -1 -2.64e-14      0.00 7.374e-01 2.570e-01 9.836e-04 2.686e-04 2.440e-03 -1.000 5.537e-03 5.772 5.694 6.061 5.153
0.0055 -0.44261 8.42001 0.8485368490 2.4345886963    0.848 -0.278  3.7569  4.624    0  0.000  0.538     0.00     0.00     0.00     0.00     0.00 -1  -3.5e-14      0.00 7.377e-01 2.568e-01 9.828e-04 2.684e-04 2.438e-03 -1.000 5.513e-03 5.466 5.374 5.705 4.871
0.0055 -0.44261 8.42001 0.8861719370 2.4455239577    0.886 -0.188  3.7686  4.600    1  0.000  0.537     0.00     0.00     0.00     0.00     0.00 -1 -4.34e-14      0.00 7.381e-01 2.563e-01 9.809e-04 2.679e-04 2.433e-03 -1.000 5.560e-03 5.241 5.145 5.452 4.668
0.0055 -0.44261 8.42001 0.8980491161 2.4487569484    0.897 -0.161  3.7721  4.593    0  0.000  0.537     0.00     0.00     0.00     0.00     0.00 -1 -4.62e-14      0.00 7.381e-01 2.564e-01 9.809e-04 2.680e-04 2.434e-03 -1.000 5.570e-03 5.173 5.077 5.377 4.608
0.0055 -0.44261 8.42001 0.9052857161 2.4506790063    0.905 -0.145  3.7741  4.588    1  0.000  0.537     0.00     0.00     0.00     0.00     0.00 -1 -4.81e-14      0.00 7.383e-01 2.562e-01 9.805e-04 2.678e-04 2.432e-03 -1.000 5.565e-03 5.132 5.036 5.331 4.571
0.0055 -0.44261 8.42001 0.9475613832 2.4612360964    0.947 -0.053  3.7855  4.561    1  0.000  0.538     0.00     0.00     0.00     0.00     0.00 -1 -5.99e-14      0.00 7.389e-01 2.556e-01 9.796e-04 2.674e-04 2.429e-03 -1.000 5.517e-03 4.901 4.806 5.079 4.367
0.0055 -0.44261 8.42001 0.9970737100 2.4723008218    0.997  0.053  3.7973  4.525    0  0.000  0.537     0.00     0.00     0.00     0.00     0.00 -1 -7.76e-14      0.00 7.398e-01 2.547e-01 9.758e-04 2.665e-04 2.421e-03 -1.000 5.480e-03 4.637 4.545 4.795 4.132
0.0055 -0.44261 8.42001 1.0372481346 2.4803917334    1.037  0.136  3.8061  4.494    1  0.000  0.537     0.00     0.00     0.00     0.00     0.00 -1 -9.02e-14      0.00 7.401e-01 2.544e-01 9.755e-04 2.665e-04 2.421e-03 -1.000 5.497e-03 4.430 4.340 4.574 3.948
0.0055 -0.44261 8.42001 1.0465859175 2.4821702926    1.046  0.155  3.8082  4.487    1  0.000  0.537     0.00     0.00     0.00     0.00     0.00 -1 -9.33e-14      0.00 7.401e-01 2.544e-01 9.755e-04 2.665e-04 2.422e-03 -1.000 5.498e-03 4.383 4.294 4.525 3.906
0.0055 -0.44261 8.42001 1.0960983038 2.4910214938    1.095  0.251  3.8186  4.453    1  0.000  0.537     0.00     0.00     0.00     0.00     0.00 -1 -1.09e-13      0.00 7.402e-01 2.543e-01 9.759e-04 2.666e-04 2.422e-03 -1.000 5.488e-03 4.143 4.058 4.271 3.694
0.0055 -0.44261 8.42001 1.1253193617 2.4958270118    1.124  0.305  3.8249  4.435    1  0.000  0.537     0.00     0.00     0.00     0.00     0.00 -1 -1.19e-13      0.00 7.403e-01 2.542e-01 9.757e-04 2.665e-04 2.421e-03 -1.000 5.474e-03 4.007 3.923 4.126 3.573
0.0055 -0.44261 8.42001 1.1456104517 2.4989986192    1.145  0.342  3.8291  4.423    1  0.000  0.537     0.00     0.00     0.00     0.00     0.00 -1 -1.25e-13      0.00 7.403e-01 2.542e-01 9.756e-04 2.665e-04 2.421e-03 -1.000 5.473e-03 3.915 3.832 4.028 3.491
0.0055 -0.44261 8.42001 1.1951228380 2.5062204782    1.195  0.427  3.8398  4.399    1  0.000  0.537     0.00     0.00     0.00     0.00     0.00 -1  -1.4e-13      0.00 7.402e-01 2.543e-01 9.756e-04 2.665e-04 2.422e-03 -1.000 5.478e-03 3.702 3.622 3.801 3.305
0.0055 -0.44261 8.42001 1.2446351051 2.5127855629    1.244  0.508  3.8515  4.382    1  0.000  0.537     0.00     0.00     0.00     0.00     0.00 -1 -1.52e-13      0.00 7.403e-01 2.542e-01 9.756e-04 2.664e-04 2.420e-03 -1.000 5.556e-03 3.499 3.423 3.584 3.133
0.0055 -0.44261 8.42001 1.2941472530 2.5187763088    1.294  0.586  3.8648  4.376    1  0.000  0.537     0.00     0.00     0.00     0.00     0.00 -1  -1.6e-13      0.00 7.405e-01 2.540e-01 9.749e-04 2.663e-04 2.419e-03 -1.000 5.481e-03 3.306 3.235 3.377 2.977
0.0055 -0.44261 8.42001 1.3436598778 2.5242622264    1.344  0.659  3.8802  4.380    1  0.000  0.537     0.00     0.00     0.00     0.00     0.00 -1 -1.62e-13      0.00 7.406e-01 2.539e-01 9.743e-04 2.662e-04 2.418e-03 -1.000 5.480e-03 3.121 3.058 3.178 2.837
0.0055 -0.44261 8.42001 1.3931720257 2.5293020999    1.393  0.730  3.8960  4.388    1  0.000  0.537     0.00     0.00     0.00     0.00     0.00 -1  -1.6e-13      0.00 7.407e-01 2.538e-01 9.741e-04 2.661e-04 2.417e-03 -1.000 5.506e-03 2.945 2.893 2.991 2.710
0.0055 -0.44261 8.42001 1.4322735071 2.5330003579    1.432  0.784  3.9081  4.394    1  0.000  0.537     0.00     0.00     0.00     0.00     0.00 -1 -1.54e-13      0.00 7.409e-01 2.536e-01 9.737e-04 2.660e-04 2.416e-03 -1.000 5.485e-03 2.809 2.769 2.850 2.616
0.0055 -0.44261 8.42001 1.4426841736 2.5339462294    1.443  0.798  3.9112  4.396    1  0.000  0.537     0.00     0.00     0.00     0.00     0.00 -1 -1.53e-13      0.00 7.409e-01 2.536e-01 9.736e-04 2.660e-04 2.416e-03 -1.000 5.483e-03 2.774 2.737 2.814 2.591
0.0055 -0.44261 8.42001 1.4921965599 2.5382377471    1.492  0.864  3.9256  4.402    1  0.000  0.537     0.00     0.00     0.00     0.00     0.00 -1  -1.4e-13      0.00 7.411e-01 2.535e-01 9.734e-04 2.658e-04 2.415e-03 -1.000 5.490e-03 2.610 2.594 2.652 2.484
0.0055 -0.44261 8.42001 1.5417087078 2.5422138004    1.542  0.927  3.9390  4.407    1  0.000  0.537     0.00     0.00     0.00     0.00     0.00 -1  -1.2e-13      0.00 7.412e-01 2.534e-01 9.730e-04 2.658e-04 2.415e-03 -1.000 5.482e-03 2.452 2.466 2.508 2.386
0.0055 -0.44261 8.42001 1.5912210941 2.5459066641    1.591  0.988  3.9515  4.410    1  0.000  0.537     0.00     0.00     0.00     0.00     0.00 -1 -9.25e-14      0.00 7.413e-01 2.532e-01 9.727e-04 2.657e-04 2.414e-03 -1.000 5.488e-03 2.301 2.351 2.380 2.295
0.0055 -0.44261 8.42001 1.6006177664 2.5465779127    1.600  0.999  3.9538  4.411    1  0.000  0.537     0.00     0.00     0.00     0.00     0.00 -1 -8.37e-14      0.00 7.413e-01 2.532e-01 9.726e-04 2.657e-04 2.414e-03 -1.000 5.486e-03 2.273 2.330 2.357 2.279
0.0055 -0.44261 8.42001 1.6407332420 2.5493443758    1.640  1.045  3.9630  4.411    1  0.000  0.537     0.00     0.00     0.00     0.00     0.00 -1  -5.5e-14      0.00 7.414e-01 2.531e-01 9.721e-04 2.656e-04 2.413e-03 -1.000 5.479e-03 2.156 2.244 2.263 2.208
0.0055 -0.44261 8.42001 1.6440458298 2.5495658905    1.643  1.049  3.9637  4.411    1  0.000  0.537     0.00     0.00     0.00     0.00     0.00 -1 -6.71e-15      0.00 7.414e-01 2.531e-01 9.721e-04 2.656e-04 2.413e-03 -1.000 5.481e-03 2.147 2.237 2.256 2.202
0.0055 -0.44261 8.42001 1.6902457476 2.5525515288    1.689  1.101  3.9733  4.410    1  0.000  0.537     0.00     0.00     0.00     0.00     0.00 -1 -1.82e-27      0.00 7.415e-01 2.530e-01 9.719e-04 2.655e-04 2.412e-03 -1.000 5.485e-03 2.017 2.144 2.155 2.124
0.0055 -0.44261 8.42001 1.7397580147 2.5555496449    1.739  1.155  3.9829  4.407    1  0.000  0.537     0.00     0.00     0.00     0.00     0.00 -1    -1e-30      0.00 7.416e-01 2.529e-01 9.720e-04 2.655e-04 2.412e-03 -1.000 5.482e-03 1.883 2.048 2.052 2.041
0.0055 -0.44261 8.42001 1.7730615139 2.5574583092    1.772  1.190  3.9889  4.404    1  0.000  0.537     0.00     0.00     0.00     0.00     0.00 -1    -1e-30      0.00 7.416e-01 2.529e-01 9.720e-04 2.654e-04 2.412e-03 -1.000 5.476e-03 1.795 1.986 1.986 1.986
0.0055 -0.44261 8.42001 1.7892701626 2.5583577403    1.788  1.207  3.9918  4.403    1  0.000  0.537     0.00     0.00     0.00     0.00     0.00 -1    -1e-30      0.00 7.416e-01 2.529e-01 9.720e-04 2.654e-04 2.412e-03 -1.000 5.464e-03 1.753 1.956 1.954 1.960
0.0055 -0.44261 8.42001 1.8387321234 2.5609900490    1.838  1.257  4.0001  4.397    1  0.000  0.537     0.00     0.00     0.00     0.00     0.00 -1    -1e-30      0.00 7.417e-01 2.528e-01 9.717e-04 2.654e-04 2.411e-03 -1.000 5.473e-03 1.627 1.866 1.860 1.880
0.0055 -0.44261 8.42001 1.8881943226 2.5634644041    1.887  1.306  4.0078  4.391    1  0.000  0.537     0.00     0.00     0.00     0.00     0.00 -1    -1e-30      0.00 7.417e-01 2.528e-01 9.715e-04 2.653e-04 2.410e-03 -1.000 5.471e-03 1.504 1.780 1.769 1.801
0.0055 -0.44261 8.42001 1.8917194605 2.5636350780    1.891  1.310  4.0084  4.390    1  0.000  0.537     0.00     0.00     0.00     0.00     0.00 -1    -1e-30      0.00 7.417e-01 2.528e-01 9.715e-04 2.653e-04 2.410e-03 -1.000 5.471e-03 1.496 1.774 1.763 1.796
0.0055 -0.44261 8.42001 1.9376561642 2.5657940315    1.937  1.355  4.0153  4.384    1  0.000  0.537     0.00     0.00     0.00     0.00     0.00 -1    -1e-30      0.00 7.418e-01 2.528e-01 9.714e-04 2.653e-04 2.411e-03 -1.000 5.471e-03 1.384 1.695 1.680 1.723
0.0055 -0.44261 8.42001 1.9871184826 2.5679908116    1.987  1.402  4.0225  4.376    1  0.000  0.537     0.00     0.00     0.00     0.00     0.00 -1    -1e-30      0.00 7.418e-01 2.527e-01 9.711e-04 2.653e-04 2.410e-03 -1.000 5.435e-03 1.266 1.611 1.593 1.646
0.0055 -0.44261 8.42001 2.0365805626 2.5700653215    2.036  1.448  4.0294  4.368    1  0.000  0.537     0.00     0.00     0.00     0.00     0.00 -1    -1e-30      0.00 7.418e-01 2.527e-01 9.712e-04 2.653e-04 2.410e-03 -1.000 5.507e-03 1.149 1.529 1.508 1.570
0.0055 -0.44261 8.42001 2.0612378120 2.5710568199    2.061  1.471  4.0327  4.364    1  0.000  0.537     0.00     0.00     0.00     0.00     0.00 -1    -1e-30      0.00 7.418e-01 2.527e-01 9.712e-04 2.653e-04 2.410e-03 -1.000 5.490e-03 1.092 1.488 1.465 1.532
0.0055 -0.44261 8.42001 2.0860424042 2.5720270946    2.085  1.494  4.0359  4.359    1  0.000  0.537     0.00     0.00     0.00     0.00     0.00 -1    -1e-30      0.00 7.418e-01 2.527e-01 9.712e-04 2.653e-04 2.410e-03 -1.000 5.473e-03 1.035 1.447 1.423 1.493
0.0055 -0.44261 8.42001 2.1194834709 2.5732939495    2.118  1.524  4.0401  4.352    1  0.000  0.537     0.00     0.00     0.00     0.00     0.00 -1    -1e-30      0.00 7.419e-01 2.527e-01 9.711e-04 2.653e-04 2.410e-03 -1.000 5.479e-03 0.959 1.393 1.367 1.442
0.0055 -0.44261 8.42001 2.1355042458 2.5738847270    2.134  1.539  4.0421  4.349    1  0.000  0.537     0.00     0.00     0.00     0.00     0.00 -1    -1e-30      0.00 7.419e-01 2.527e-01 9.711e-04 2.653e-04 2.410e-03 -1.000 5.483e-03 0.923 1.366 1.340 1.417
0.0055 -0.44261 8.42001 2.1475915909 2.5743237539    2.146  1.550  4.0436  4.346    1  0.000  0.537     0.00     0.00     0.00     0.00     0.00 -1    -1e-30      0.00 7.419e-01 2.526e-01 9.710e-04 2.652e-04 2.410e-03 -1.000 5.480e-03 0.896 1.347 1.319 1.399
0.0055 -0.44261 8.42001 2.1849665642 2.5756459881    2.184  1.583  4.0480  4.338    1  0.000  0.537     0.00     0.00     0.00     0.00     0.00 -1    -1e-30      0.00 7.419e-01 2.526e-01 9.708e-04 2.652e-04 2.410e-03 -1.000 5.471e-03 0.812 1.285 1.256 1.341
0.0055 -0.44261 8.42001 2.2111001015 2.5765400519    2.209  1.606  4.0510  4.332    1  0.000  0.537     0.00     0.00     0.00     0.00     0.00 -1    -1e-30      0.00 7.419e-01 2.526e-01 9.708e-04 2.652e-04 2.410e-03 -1.000 5.481e-03 0.754 1.243 1.213 1.300
0.0055 -0.44261 8.42001 2.2344286442 2.5773178692    2.233  1.627  4.0537  4.327    1  0.000  0.537     0.00     0.00     0.00     0.00     0.00 -1    -1e-30      0.00 7.419e-01 2.527e-01 9.709e-04 2.653e-04 2.410e-03 -1.000 5.488e-03 0.702 1.205 1.174 1.264
0.0055 -0.44261 8.42001 2.2838907242 2.5789067453    2.282  1.670  4.0589  4.314    1  0.000  0.537     0.00     0.00     0.00     0.00     0.00 -1    -1e-30      0.00 7.419e-01 2.526e-01 9.712e-04 2.652e-04 2.410e-03 -1.000 5.470e-03 0.594 1.124 1.091 1.187
0.0055 -0.44261 8.42001 2.3333525658 2.5804183969    2.332  1.713  4.0639  4.300    1  0.000  0.537     0.00     0.00     0.00     0.00     0.00 -1    -1e-30      0.00 7.419e-01 2.526e-01 9.712e-04 2.652e-04 2.410e-03 -1.000 5.488e-03 0.487 1.044 1.009 1.110
0.0055 -0.44261 8.42001 2.3548412323 2.5810524228    2.354  1.731  4.0661  4.295    1  0.000  0.537     0.00     0.00     0.00     0.00     0.00 -1    -1e-30      0.00 7.419e-01 2.526e-01 9.711e-04 2.652e-04 2.410e-03 -1.000 5.485e-03 0.441 1.009 0.973 1.077
0.0055 -0.44261 8.42001 2.3828148842 2.5818581182    2.382  1.755  4.0687  4.287    1  0.000  0.537     0.00     0.00     0.00     0.00     0.00 -1    -1e-30      0.00 7.419e-01 2.527e-01 9.709e-04 2.652e-04 2.410e-03 -1.000 5.472e-03 0.382 0.963 0.926 1.033
0.0055 -0.44261 8.42001 2.3937761784 2.5821679257    2.392  1.764  4.0698  4.284    1  0.000  0.537     0.00     0.00     0.00     0.00     0.00 -1    -1e-30      0.00 7.417e-01 2.528e-01 9.715e-04 2.654e-04 2.411e-03 -1.000 5.474e-03 0.359 0.946 0.909 1.016
0.0055 -0.44261 8.42001 2.4322769642 2.5832307011    2.430  1.796  4.0732  4.273    1  0.000  0.537     0.00     0.00     0.00     0.00     0.00 -1    -1e-30      0.00 7.410e-01 2.535e-01 9.735e-04 2.659e-04 2.416e-03 -1.000 5.487e-03 0.280 0.886 0.847 0.958
0.0055 -0.44261 8.42001 2.5193827152 2.5854978956    2.518  1.869  4.0806  4.244    1  0.000  0.537     0.00     0.00     0.00     0.00     0.00 -1    -1e-30      0.00 7.390e-01 2.554e-01 9.797e-04 2.676e-04 2.431e-03 -1.000 5.525e-03 0.098 0.743 0.701 0.819
0.0055 -0.44261 8.42001 2.5931427479 2.5872813934    2.592  1.931  4.0858  4.216    1  0.000  0.538     0.00     0.00     0.00     0.00     0.00 -1    -1e-30      0.00 7.371e-01 2.573e-01 9.857e-04 2.691e-04 2.445e-03 -1.000 5.556e-03 -0.056 0.616 0.573 0.696
0.0055 -0.44261 8.42001 2.6301250458 2.5881324392    2.629  1.962  4.0881  4.201    1  0.000  0.538     0.00     0.00     0.00     0.00     0.00 -1    -1e-30      0.00 7.361e-01 2.584e-01 9.888e-04 2.699e-04 2.452e-03 -1.000 5.571e-03 -0.134 0.551 0.507 0.632
0.0055 -0.44261 8.42001 2.6599097252 2.5887981022    2.659  1.986  4.0897  4.188    1  0.000  0.538     0.00     0.00     0.00     0.00     0.00 -1    -1e-30      0.00 7.361e-01 2.584e-01 9.888e-04 2.699e-04 2.452e-03 -1.000 5.571e-03 -0.195 0.498 0.454 0.581
0.0055 -0.44261 8.42001 2.7205314636 2.5901013162    2.720  2.036  4.0925  4.158    1  0.000  0.538     0.00     0.00     0.00     0.00     0.00 -1    -1e-30      0.00 7.361e-01 2.584e-01 9.888e-04 2.699e-04 2.452e-03 -1.000 5.571e-03 -0.321 0.387 0.342 0.471
0.0055 -0.44261 8.42001 2.7758443356 2.5912334684    2.775  2.082  4.0943  4.128    1  0.000  0.538     0.00     0.00     0.00     0.00     0.00 -1    -1e-30      0.00 7.361e-01 2.584e-01 9.888e-04 2.699e-04 2.452e-03 -1.000 5.571e-03 -0.436 0.282 0.235 0.367
0.0055 -0.44261 8.42001 2.8279733658 2.5922539678    2.827  2.127  4.0950  4.095    1  0.000  0.538     0.00     0.00     0.00     0.00     0.00 -1    -1e-30      0.00 7.361e-01 2.584e-01 9.888e-04 2.699e-04 2.452e-03 -1.000 5.571e-03 -0.547 0.175 0.128 0.260
0.0055 -0.44261 8.42001 2.8453631401 2.5925848468    2.845  2.141  4.0952  4.083    1  0.000  0.538     0.00     0.00     0.00     0.00     0.00 -1    -1e-30      0.00 7.361e-01 2.584e-01 9.888e-04 2.699e-04 2.452e-03 -1.000 5.571e-03 -0.583 0.139 0.092 0.225
0.0055 -0.44261 8.42001 2.9038352966 2.5936640616    2.903  2.191  4.0948  4.041    1  0.000  0.538     0.00     0.00     0.00     0.00     0.00 -1    -1e-30      0.00 7.361e-01 2.584e-01 9.888e-04 2.699e-04 2.452e-03 -1.000 5.571e-03 -0.707 0.013 -0.034 0.098
0.0055 -0.44261 8.42001 2.9561717510 2.5945885067    2.956  2.235  4.0932  3.998    1  0.000  0.538     0.00     0.00     0.00     0.00     0.00 -1    -1e-30      0.00 7.361e-01 2.584e-01 9.888e-04 2.699e-04 2.452e-03 -1.000 5.571e-03 -0.818 -0.107 -0.154 -0.023
0.0055 -0.44261 8.42001 3.0066616535 2.5954453502    3.006  2.279  4.0898  3.948    1  0.000  0.538     0.00     0.00     0.00     0.00     0.00 -1    -1e-30      0.00 7.361e-01 2.584e-01 9.888e-04 2.699e-04 2.452e-03 -1.000 5.571e-03 -0.928 -0.237 -0.282 -0.154
0.0055 -0.44261 8.42001 3.0258216858 2.5957619127    3.025  2.296  4.0879  3.926    1  0.000  0.538     0.00     0.00     0.00     0.00     0.00 -1    -1e-30      0.00 7.361e-01 2.584e-01 9.888e-04 2.699e-04 2.452e-03 -1.000 5.571e-03 -0.970 -0.289 -0.334 -0.208
0.0055 -0.44261 8.42001 3.0547857285 2.5962317985    3.054  2.321  4.0850  3.894    1  0.000  0.538     0.00     0.00     0.00     0.00     0.00 -1    -1e-30      0.00 7.361e-01 2.584e-01 9.888e-04 2.699e-04 2.452e-03 -1.000 5.571e-03 -1.033 -0.369 -0.413 -0.289
0.0055 -0.44261 8.42001 3.0948624611 2.5968653162    3.094  2.356  4.0793  3.841    1  0.000  0.538     0.00     0.00     0.00     0.00     0.00 -1    -1e-30      0.00 7.361e-01 2.584e-01 9.888e-04 2.699e-04 2.452e-03 -1.000 5.571e-03 -1.121 -0.488 -0.530 -0.412
0.0055 -0.44261 8.42001 3.1338477135 2.5974637346    3.133  2.392  4.0714  3.780    1  0.000  0.538     0.00     0.00     0.00     0.00     0.00 -1    -1e-30      0.00 7.361e-01 2.584e-01 9.888e-04 2.699e-04 2.452e-03 -1.000 5.571e-03 -1.209 -0.619 -0.658 -0.548
0.0055 -0.44261 8.42001 3.1679916382 2.5979739499    3.167  2.423  4.0631  3.720    1  0.000  0.538     0.00     0.00     0.00     0.00     0.00 -1    -1e-30      0.00 7.361e-01 2.584e-01 9.888e-04 2.699e-04 2.452e-03 -1.000 5.571e-03 -1.288 -0.741 -0.778 -0.675
0.0055 -0.44261 8.42001 3.1932559013 2.5983434093    3.192  2.447  4.0559  3.671    1  0.000  0.538     0.00     0.00     0.00     0.00     0.00 -1    -1e-30      0.00 7.361e-01 2.584e-01 9.888e-04 2.699e-04 2.452e-03 -1.000 5.571e-03 -1.348 -0.839 -0.874 -0.778
0.0055 -0.44261 8.42001 3.2163145542 2.5986747946    3.215  2.471  4.0497  3.625    1  0.000  0.538     0.00     0.00     0.00     0.00     0.00 -1    -1e-30      0.00 7.361e-01 2.584e-01 9.888e-04 2.699e-04 2.452e-03 -1.000 5.571e-03 -1.409 -0.933 -0.965 -0.875
0.0055 -0.44261 8.42001 3.2236697674 2.5987793532    3.222  2.480  4.0483  3.612    1  0.000  0.538     0.00     0.00     0.00     0.00     0.00 -1    -1e-30      0.00 7.361e-01 2.584e-01 9.888e-04 2.699e-04 2.452e-03 -1.000 5.571e-03 -1.430 -0.961 -0.993 -0.904
0.0055 -0.44261 8.42001 3.2326455116 2.5989062076    3.231  2.490  4.0466  3.596    1  0.000  0.538     0.00     0.00     0.00     0.00     0.00 -1    -1e-30      0.00 7.361e-01 2.584e-01 9.888e-04 2.699e-04 2.452e-03 -1.000 5.571e-03 -1.455 -0.996 -1.027 -0.940
0.0055 -0.44261 8.42001 3.2390098572 2.5989956652    3.238  2.501  4.0493  3.596    1  0.000  0.538     0.00     0.00     0.00     0.00     0.00 -1    -1e-30      0.00 7.361e-01 2.584e-01 9.888e-04 2.699e-04 2.452e-03 -1.000 5.571e-03 -1.482 -1.009 -1.041 -0.951
0.0055 -0.44261 8.42001 3.2473812103 2.5991127197    3.246  2.521  4.0595  3.618    1  0.000  0.538     0.00     0.00     0.00     0.00     0.00 -1    -1e-30      0.00 7.361e-01 2.584e-01 9.888e-04 2.699e-04 2.452e-03 -1.000 5.571e-03 -1.533 -1.007 -1.043 -0.943
0.0055 -0.44261 8.42001 3.2499122620 2.5991479743    3.248  2.535  4.0695  3.645    1  0.000  0.538     0.00     0.00     0.00     0.00     0.00 -1    -1e-30      0.00 7.361e-01 2.584e-01 9.888e-04 2.699e-04 2.452e-03 -1.000 5.571e-03 -1.567 -0.988 -1.028 -0.919
0.0055 -0.44261 8.42001 3.2511558533 2.5991652729    3.250  2.549  4.0797  3.672    1  0.000  0.538     0.00     0.00     0.00     0.00     0.00 -1    -1e-30      0.00 7.361e-01 2.584e-01 9.888e-04 2.699e-04 2.452e-03 -1.000 5.571e-03 -1.602 -0.969 -1.012 -0.893
0.0055 -0.44261 8.42001 3.2518291473 2.5991746322    3.250  2.564  4.0893  3.695    1  0.000  0.538     0.00     0.00     0.00     0.00     0.00 -1    -1e-30      0.00 7.361e-01 2.584e-01 9.888e-04 2.699e-04 2.452e-03 -1.000 5.571e-03 -1.640 -0.954 -1.000 -0.872
0.0055 -0.44261 8.42001 3.2522459030 2.5991804232    3.251  2.581  4.0988  3.716    1  0.000  0.538     0.00     0.00     0.00     0.00     0.00 -1    -1e-30      0.00 7.361e-01 2.584e-01 9.888e-04 2.699e-04 2.452e-03 -1.000 5.571e-03 -1.683 -0.945 -0.994 -0.858
0.0055 -0.44261 8.42001 3.2525813580 2.5991850833    3.251  2.597  4.1074  3.735    1  0.000  0.538     0.00     0.00     0.00     0.00     0.00 -1    -1e-30      0.00 7.361e-01 2.584e-01 9.888e-04 2.699e-04 2.452e-03 -1.000 5.571e-03 -1.722 -0.936 -0.988 -0.844
0.0055 -0.44261 8.42001 3.2527010441 2.5991867457    3.251  2.575  4.1013  3.732    2  0.000  0.538     0.00     0.00     0.00     0.00     0.00 -1    -1e-30      0.00 7.361e-01 2.584e-01 9.888e-04 2.699e-04 2.452e-03 -1.000 5.571e-03 -1.667 -0.916 -0.965 -0.827
0.0055 -0.44261 8.42001 3.2528033257 2.5991881662    3.251  2.555  4.0938  3.722    2  0.000  0.538     0.00     0.00     0.00     0.00     0.00 -1    -1e-30      0.00 7.361e-01 2.584e-01 9.888e-04 2.699e-04 2.452e-03 -1.000 5.571e-03 -1.617 -0.907 -0.954 -0.822
0.0055 -0.44261 8.42001 3.2529318333 2.5991899508    3.251  2.543  4.0820  3.687    2  0.000  0.538     0.00     0.00     0.00     0.00     0.00 -1    -1e-30      0.00 7.361e-01 2.584e-01 9.888e-04 2.699e-04 2.452e-03 -1.000 5.571e-03 -1.588 -0.942 -0.985 -0.864
0.0055 -0.44261 8.42001 3.2530713081 2.5991918876    3.252  2.549  4.0702  3.634    2  0.000  0.538     0.00     0.00     0.00     0.00     0.00 -1    -1e-30      0.00 7.361e-01 2.584e-01 9.888e-04 2.699e-04 2.452e-03 -1.000 5.571e-03 -1.601 -1.019 -1.058 -0.949
0.0055 -0.44261 8.42001 3.2532365322 2.5991941816    3.252  2.564  4.0582  3.572    2  0.000  0.538     0.00     0.00     0.00     0.00     0.00 -1    -1e-30      0.00 7.361e-01 2.584e-01 9.888e-04 2.699e-04 2.452e-03 -1.000 5.571e-03 -1.639 -1.120 -1.155 -1.057
0.0055 -0.44261 8.42001 3.2534227371 2.5991967666    3.252  2.577  4.0462  3.509    2  0.000  0.538     0.00     0.00     0.00     0.00     0.00 -1    -1e-30      0.00 7.361e-01 2.584e-01 9.888e-04 2.699e-04 2.452e-03 -1.000 5.571e-03 -1.674 -1.217 -1.249 -1.161
0.0055 -0.44261 8.42001 3.2536242008 2.5991995631    3.252  2.587  4.0341  3.451    2  0.000  0.538     0.00     0.00     0.00     0.00     0.00 -1    -1e-30      0.00 7.361e-01 2.584e-01 9.888e-04 2.699e-04 2.452e-03 -1.000 5.571e-03 -1.698 -1.302 -1.330 -1.255
0.0055 -0.44261 8.42001 3.2538380623 2.5992025313    3.252  2.593  4.0220  3.397    2  0.000  0.538     0.00     0.00     0.00     0.00     0.00 -1    -1e-30      0.00 7.361e-01 2.584e-01 9.888e-04 2.699e-04 2.452e-03 -1.000 5.571e-03 -1.713 -1.377 -1.401 -1.339
0.0055 -0.44261 8.42001 3.2540600300 2.5992056114    3.253  2.597  4.0099  3.345    2  0.000  0.538     0.00     0.00     0.00     0.00     0.00 -1    -1e-30      0.00 7.361e-01 2.584e-01 9.888e-04 2.699e-04 2.452e-03 -1.000 5.571e-03 -1.723 -1.445 -1.464 -1.415
0.0055 -0.44261 8.42001 3.2542867661 2.5992087573    3.253  2.599  3.9977  3.294    2  0.000  0.538     0.00     0.00     0.00     0.00     0.00 -1    -1e-30      0.00 7.361e-01 2.584e-01 9.888e-04 2.699e-04 2.452e-03 -1.000 5.571e-03 -1.728 -1.507 -1.520 -1.486
0.0055 -0.44261 8.42001 3.2545132637 2.5992118993    3.253  2.600  3.9855  3.245    2  0.000  0.538     0.00     0.00     0.00     0.00     0.00 -1    -1e-30      0.00 7.361e-01 2.584e-01 9.888e-04 2.699e-04 2.452e-03 -1.000 5.571e-03 -1.729 -1.563 -1.571 -1.553
0.0055 -0.44261 8.42001 3.2547366619 2.5992149978    3.253  2.599  3.9733  3.197    2  0.000  0.538     0.00     0.00     0.00     0.00     0.00 -1    -1e-30      0.00 7.361e-01 2.584e-01 9.888e-04 2.699e-04 2.452e-03 -1.000 5.571e-03 -1.727 -1.613 -1.615 -1.615
0.0055 -0.44261 8.42001 3.2549531460 2.5992180000    3.253  2.597  3.9612  3.150    2  0.000  0.538     0.00     0.00     0.00     0.00     0.00 -1    -1e-30      0.00 7.361e-01 2.584e-01 9.888e-04 2.699e-04 2.452e-03 -1.000 5.571e-03 -1.723 -1.658 -1.653 -1.673
0.0055 -0.44261 8.42001 3.2551612854 2.5992208860    3.254  2.595  3.9490  3.104    2  0.000  0.538     0.00     0.00     0.00     0.00     0.00 -1    -1e-30      0.00 7.361e-01 2.584e-01 9.888e-04 2.699e-04 2.452e-03 -1.000 5.571e-03 -1.717 -1.697 -1.685 -1.727
0.0055 -0.44261 8.42001 3.2553591728 2.5992236295    3.254  2.591  3.9368  3.058    2  0.000  0.538     0.00     0.00     0.00     0.00     0.00 -1    -1e-30      0.00 7.361e-01 2.584e-01 9.888e-04 2.699e-04 2.452e-03 -1.000 5.571e-03 -1.708 -1.730 -1.708 -1.777
0.0055 -0.44261 8.42001 3.2555465698 2.5992262272    3.254  2.587  3.9245  3.013    2  0.000  0.538     0.00     0.00     0.00     0.00     0.00 -1    -1e-30      0.00 7.361e-01 2.584e-01 9.888e-04 2.699e-04 2.452e-03 -1.000 5.571e-03 -1.699 -1.755 -1.722 -1.822
0.0055 -0.44261 8.42001 3.2557229996 2.5992286725    3.254  2.583  3.9123  2.969    2  0.000  0.538     0.00     0.00     0.00     0.00     0.00 -1    -1e-30      0.00 7.361e-01 2.584e-01 9.888e-04 2.699e-04 2.452e-03 -1.000 5.571e-03 -1.687 -1.770 -1.725 -1.862
0.0055 -0.44261 8.42001 3.2558882236 2.5992309623    3.254  2.578  3.9000  2.925    2  0.000  0.538     0.00     0.00     0.00     0.00     0.00 -1    -1e-30      0.00 7.361e-01 2.584e-01 9.888e-04 2.699e-04 2.452e-03 -1.000 5.571e-03 -1.674 -1.779 -1.719 -1.897
0.0055 -0.44261 8.42001 3.2560424805 2.5992330998    3.254  2.572  3.8878  2.882    2  0.000  0.538     0.00     0.00     0.00     0.00     0.00 -1    -1e-30      0.00 7.361e-01 2.584e-01 9.888e-04 2.699e-04 2.452e-03 -1.000 5.571e-03 -1.661 -1.780 -1.703 -1.928
0.0055 -0.44261 8.42001 3.2561869621 2.5992351017    3.255  2.566  3.8756  2.839    2  0.000  0.538     0.00     0.00     0.00     0.00     0.00 -1    -1e-30      0.00 7.361e-01 2.584e-01 9.888e-04 2.699e-04 2.452e-03 -1.000 5.571e-03 -1.645 -1.774 -1.679 -1.956
0.0055 -0.44261 8.42001 3.2563214302 2.5992369646    3.255  2.560  3.8634  2.796    2  0.000  0.538     0.00     0.00     0.00     0.00     0.00 -1    -1e-30      0.00 7.361e-01 2.584e-01 9.888e-04 2.699e-04 2.452e-03 -1.000 5.571e-03 -1.629 -1.765 -1.650 -1.980
0.0055 -0.44261 8.42001 3.2564466000 2.5992386986    3.255  2.553  3.8512  2.755    2  0.000  0.538     0.00     0.00     0.00     0.00     0.00 -1    -1e-30      0.00 7.361e-01 2.584e-01 9.888e-04 2.699e-04 2.452e-03 -1.000 5.571e-03 -1.612 -1.752 -1.616 -1.999
0.0055 -0.44261 8.42001 3.2565634251 2.5992403168    3.255  2.546  3.8391  2.713    2  0.000  0.538     0.00     0.00     0.00     0.00     0.00 -1    -1e-30      0.00 7.361e-01 2.584e-01 9.888e-04 2.699e-04 2.452e-03 -1.000 5.571e-03 -1.594 -1.735 -1.579 -2.014
0.0055 -0.44261 8.42001 3.2566721439 2.5992418226    3.255  2.538  3.8270  2.673    2  0.000  0.538     0.00     0.00     0.00     0.00     0.00 -1    -1e-30      0.00 7.361e-01 2.584e-01 9.888e-04 2.699e-04 2.452e-03 -1.000 5.571e-03 -1.575 -1.715 -1.538 -2.026
0.0055 -0.44261 8.42001 3.2567739487 2.5992432325    3.255  2.530  3.8151  2.633    2  0.000  0.538     0.00     0.00     0.00     0.00     0.00 -1    -1e-30      0.00 7.361e-01 2.584e-01 9.888e-04 2.699e-04 2.452e-03 -1.000 5.571e-03 -1.555 -1.693 -1.494 -2.035
0.0055 -0.44261 8.42001 3.2568690777 2.5992445499    3.255  2.522  3.8034  2.594    2  0.000  0.538     0.00     0.00     0.00     0.00     0.00 -1    -1e-30      0.00 7.361e-01 2.584e-01 9.888e-04 2.699e-04 2.452e-03 -1.000 5.571e-03 -1.535 -1.669 -1.447 -2.041
0.0055 -0.44261 8.42001 3.2569580078 2.5992457814    3.255  2.513  3.7922  2.558    2  0.000  0.538     0.00     0.00     0.00     0.00     0.00 -1    -1e-30      0.00 7.361e-01 2.584e-01 9.888e-04 2.699e-04 2.452e-03 -1.000 5.571e-03 -1.514 -1.641 -1.398 -2.042
0.0055 -0.44261 8.42001 3.2570416927 2.5992469402    3.255  2.505  3.7819  2.526    2  0.000  0.538     0.00     0.00     0.00     0.00     0.00 -1    -1e-30      0.00 7.361e-01 2.584e-01 9.888e-04 2.699e-04 2.452e-03 -1.000 5.571e-03 -1.492 -1.613 -1.349 -2.039
0.0055 -0.44261 8.42001 3.2571206093 2.5992480328    3.256  2.496  3.7726  2.497    2  0.000  0.538     0.00     0.00     0.00     0.00     0.00 -1    -1e-30      0.00 7.361e-01 2.584e-01 9.888e-04 2.699e-04 2.452e-03 -1.000 5.571e-03 -1.469 -1.582 -1.298 -2.032
0.0055 -0.44261 8.42001 3.2571957111 2.5992490726    3.256  2.486  3.7647  2.475    2  0.000  0.538     0.00     0.00     0.00     0.00     0.00 -1    -1e-30      0.00 7.361e-01 2.584e-01 9.888e-04 2.699e-04 2.452e-03 -1.000 5.571e-03 -1.445 -1.550 -1.250 -2.020
0.0055 -0.44261 8.42001 3.2572693825 2.5992500926    3.256  2.476  3.7581  2.459    2  0.000  0.538     0.00     0.00     0.00     0.00     0.00 -1    -1e-30      0.00 7.361e-01 2.584e-01 9.888e-04 2.699e-04 2.452e-03 -1.000 5.571e-03 -1.420 -1.518 -1.204 -2.003
0.0055 -0.44261 8.42001 3.2573506832 2.5992512181    3.256  2.464  3.7518  2.446    2  0.000  0.538     0.00     0.00     0.00     0.00     0.00 -1    -1e-30      0.00 7.361e-01 2.584e-01 9.888e-04 2.699e-04 2.452e-03 -1.000 5.571e-03 -1.389 -1.479 -1.152 -1.979
0.0055 -0.44261 8.42001 3.2574489117 2.5992525779    3.256  2.448  3.7452  2.435    2  0.000  0.538     0.00     0.00     0.00     0.00     0.00 -1    -1e-30      0.00 7.361e-01 2.584e-01 9.888e-04 2.699e-04 2.452e-03 -1.000 5.571e-03 -1.350 -1.430 -1.090 -1.945
0.0055 -0.44261 8.42001 3.2575886250 2.5992545117    3.256  2.424  3.7371  2.428    2  0.000  0.538     0.00     0.00     0.00     0.00     0.00 -1    -1e-30      0.00 7.361e-01 2.584e-01 9.888e-04 2.699e-04 2.452e-03 -1.000 5.571e-03 -1.289 -1.358 -1.001 -1.889
0.0055 -0.44261 8.42001 3.2577230930 2.5992563728    3.256  2.400  3.7302  2.423    2  0.000  0.538     0.00     0.00     0.00     0.00     0.00 -1    -1e-30      0.00 7.361e-01 2.584e-01 9.888e-04 2.699e-04 2.452e-03 -1.000 5.571e-03 -1.230 -1.289 -0.917 -1.836
0.0055 -0.44261 8.42001 3.2578766346 2.5992584977    3.256  2.379  3.7227  2.415    2  0.000  0.538     0.00     0.00     0.00     0.00     0.00 -1    -1e-30      0.00 7.361e-01 2.584e-01 9.888e-04 2.699e-04 2.452e-03 -1.000 5.571e-03 -1.176 -1.222 -0.834 -1.786
0.0055 -0.44261 8.42001 3.2580361366 2.5992607048    3.257  2.368  3.7151  2.395    2  0.000  0.538     0.00     0.00     0.00     0.00     0.00 -1    -1e-30      0.00 7.361e-01 2.584e-01 9.888e-04 2.699e-04 2.452e-03 -1.000 5.571e-03 -1.151 -1.183 -0.777 -1.764
0.0055 -0.44261 8.42001 3.2580997944 2.5992615856    3.257  2.372  3.7123  2.379    3  0.000  0.538     0.00     0.00     0.00     0.00     0.00 -1    -1e-30      0.00 7.361e-01 2.584e-01 9.888e-04 2.699e-04 2.452e-03 -1.000 5.571e-03 -1.161 -1.187 -0.775 -1.775
0.0055 -0.44261 8.42001 3.2582960129 2.5992643003    3.257  2.405  3.7037  2.313    3  0.000  0.538     0.00     0.00     0.00     0.00     0.00 -1    -1e-30      0.00 7.361e-01 2.584e-01 9.886e-04 2.699e-04 2.452e-03 -1.000 5.571e-03 -1.242 -1.251 -0.818 -1.857
0.0055 -0.44261 8.42001 3.2584331036 2.5992661967    3.257  2.438  3.6984  2.258    3  0.000  0.537     0.00     0.00     0.00     0.00     0.00 -1    -1e-30      0.00 7.360e-01 2.585e-01 9.872e-04 2.701e-04 2.452e-03 -1.000 5.571e-03 -1.326 -1.323 -0.877 -1.941
0.0055 -0.44261 8.42001 3.2585849762 2.5992682974    3.257  2.475  3.6937  2.203    3  0.000  0.532     0.00     0.00     0.00     0.00     0.00 -1    -1e-30      0.00 7.359e-01 2.586e-01 9.781e-04 2.732e-04 2.452e-03 -1.000 5.571e-03 -1.418 -1.404 -0.945 -2.033
0.0055 -0.44261 8.42001 3.2587735653 2.5992709057    3.257  2.512  3.6895  2.148    3  0.000  0.509     2.87     2.37     1.80     1.31     1.07  4    -1e-30      0.00 7.357e-01 2.587e-01 9.357e-04 3.074e-04 2.452e-03 -1.000 5.572e-03 -1.511 -1.486 -1.016 -2.125
0.0055 -0.44261 8.42001 3.2590379715 2.5992745619    3.257  2.552  3.6853  2.092    3  0.000  0.462     3.22     2.62     1.99     1.44     1.18  4    -1e-30      0.00 7.355e-01 2.589e-01 8.488e-04 4.076e-04 2.452e-03 -1.000 5.644e-03 -1.610 -1.573 -1.092 -2.222
0.0055 -0.44261 8.42001 3.2591135502 2.5992756069    3.258  2.562  3.6841  2.077    3  0.000  0.450     3.31     2.70     2.04     1.48     1.21  4    -1e-30      0.00 7.354e-01 2.590e-01 8.258e-04 4.355e-04 2.452e-03 -1.000 5.575e-03 -1.635 -1.595 -1.111 -2.247
0.0055 -0.44261 8.42001 3.2591905594 2.5992766716    3.258  2.572  3.6832  2.064    3  0.000  0.440     3.41     2.76     2.09     1.52     1.24  4    -1e-30      0.00 7.354e-01 2.590e-01 8.082e-04 4.572e-04 2.452e-03 -1.000 5.647e-03 -1.660 -1.617 -1.130 -2.271
0.0055 -0.44261 8.42001 3.2593865395 2.5992793809    3.258  2.596  3.6809  2.031    3  0.000  0.417     3.64     2.93     2.21     1.61     1.31  4    -1e-30      0.00 7.353e-01 2.592e-01 7.666e-04 5.085e-04 2.452e-03 -1.000 5.577e-03 -1.719 -1.670 -1.177 -2.329
0.0055 -0.44261 8.42001 3.2597005367 2.5992837210    3.258  2.634  3.6774  1.979    3  0.000  0.391     4.04     3.22     2.42     1.76     1.44  4    -1e-30      0.00 7.350e-01 2.595e-01 7.194e-04 5.668e-04 2.451e-03 -1.000 5.572e-03 -1.814 -1.754 -1.251 -2.422
0.0055 -0.44261 8.42001 3.2600140572 2.5992880535    3.258  2.671  3.6738  1.927    3  0.000  0.374     4.48     3.54     2.64     1.93     1.57  4    -1e-30      0.00 7.347e-01 2.597e-01 6.878e-04 6.058e-04 2.451e-03 -1.000 5.642e-03 -1.908 -1.838 -1.324 -2.515
0.0055 -0.44261 8.42001 3.2603275776 2.5992923850    3.259  2.709  3.6705  1.876    3  0.000  0.363     4.97     3.88     2.89     2.11     1.72  4    -1e-30      0.00 7.342e-01 2.602e-01 6.633e-04 6.473e-04 2.438e-03 -1.000 5.647e-03 -2.002 -1.923 -1.399 -2.608
0.0055 -0.44261 8.42001 3.2606410980 2.5992967156    3.259  2.747  3.6674  1.826    3  0.000  0.360     5.50     4.25     3.15     2.30     1.88  4    -1e-30      0.00 7.319e-01 2.624e-01 6.439e-04 7.186e-04 2.384e-03 -1.000 5.636e-03 -2.097 -2.008 -1.474 -2.701
0.0055 -0.44261 8.42001 3.2609937191 2.5993015852    3.259  2.789  3.6638  1.769    3  0.000  0.359     6.17     4.71     3.47     2.54     2.08  4    -1e-30      0.00 7.277e-01 2.667e-01 6.264e-04 7.933e-04 2.323e-03 -1.000 5.602e-03 -2.203 -2.103 -1.558 -2.804
0.0055 -0.44261 8.42001 3.2613070011 2.5993059104    3.260  2.827  3.6608  1.719    3  0.000  0.359     6.81     5.15     3.79     2.78     2.27  4    -1e-30      0.00 7.229e-01 2.715e-01 6.130e-04 8.520e-04 2.275e-03 -1.000 5.606e-03 -2.298 -2.187 -1.633 -2.895
0.0055 -0.44261 8.42001 3.2616202831 2.5993102347    3.260  2.865  3.6579  1.670    3  0.000  0.359     7.53     5.63     4.12     3.03     2.48  4    -1e-30      0.00 7.181e-01 2.763e-01 6.025e-04 8.981e-04 2.237e-03 -1.000 5.631e-03 -2.393 -2.271 -1.708 -2.987
0.0055 -0.44261 8.42001 3.2619333267 2.5993145548    3.260  2.902  3.6548  1.620    3  0.000  0.358     8.32     6.16     4.49     3.30     2.70  4    -1e-30      0.00 7.137e-01 2.807e-01 5.944e-04 9.344e-04 2.208e-03 -1.000 5.644e-03 -2.486 -2.353 -1.780 -3.075
0.0055 -0.44261 8.42001 3.2622895241 2.5993194692    3.261  2.938  3.6520  1.574    3  0.000  0.358     9.14     6.70     4.87     3.58     2.93  4    -1e-30      0.00 7.101e-01 2.843e-01 5.884e-04 9.604e-04 2.186e-03 -1.000 5.585e-03 -2.574 -2.429 -1.848 -3.158
0.0055 -0.44261 8.42001 3.2625246048 2.5993227119    3.261  2.947  3.6513  1.562    3  0.000  0.358     9.36     6.85     4.97     3.66     2.99  4    -1e-30      0.00 7.090e-01 2.854e-01 5.867e-04 9.684e-04 2.180e-03 -1.000 5.626e-03 -2.597 -2.449 -1.865 -3.179
0.0055 -0.44261 8.42001 3.2637238503 2.5993392460    3.262  2.934  3.6525  1.579    3  0.000  0.358     9.04     6.64     4.82     3.55     2.90  4    -1e-30      0.00 7.090e-01 2.854e-01 5.867e-04 9.684e-04 2.180e-03 -1.000 5.626e-03 -2.566 -2.423 -1.843 -3.151
0.0055 -0.44261 8.42001 3.2682080269 2.5994009461    3.267  2.892  3.6566  1.639    4  0.000  0.358     0.00     0.00     0.00     0.00     0.00 -1    -1e-30      0.00 7.090e-01 2.854e-01 5.868e-04 9.684e-04 2.179e-03 -1.000 5.625e-03 -2.459 -2.333 -1.765 -3.051
0.0055 -0.44261 8.42001 3.2715671062 2.5994470380    3.270  2.854  3.6600  1.691    4  0.000  0.358     0.00     0.00     0.00     0.00     0.00 -1    -1e-30      0.00 7.091e-01 2.853e-01 5.868e-04 9.683e-04 2.179e-03 -1.000 5.624e-03 -2.364 -2.251 -1.694 -2.961
0.0055 -0.44261 8.42001 3.2740800381 2.5994814484    3.272  2.817  3.6632  1.741    4  0.000  0.359     0.00     0.00     0.00     0.00     0.00 -1    -1e-30      0.00 7.091e-01 2.853e-01 5.869e-04 9.683e-04 2.179e-03 -1.000 5.623e-03 -2.273 -2.171 -1.624 -2.874
0.0055 -0.44261 8.42001 3.2763600349 2.5995126165    3.275  2.779  3.6666  1.792    4  0.000  0.359     0.00     0.00     0.00     0.00     0.00 -1    -1e-30      0.00 7.091e-01 2.853e-01 5.869e-04 9.682e-04 2.179e-03 -1.000 5.622e-03 -2.179 -2.088 -1.551 -2.783
0.0055 -0.44261 8.42001 3.2786006927 2.5995431983    3.277  2.740  3.6701  1.846    4  0.000  0.359     0.00     0.00     0.00     0.00     0.00 -1    -1e-30      0.00 7.091e-01 2.853e-01 5.869e-04 9.682e-04 2.179e-03 -1.000 5.622e-03 -2.080 -2.001 -1.475 -2.687
0.0055 -0.44261 8.42001 3.2808392048 2.5995737029    3.279  2.701  3.6737  1.900    4  0.000  0.359     0.00     0.00     0.00     0.00     0.00 -1    -1e-30      0.00 7.091e-01 2.853e-01 5.870e-04 9.682e-04 2.179e-03 -1.000 5.621e-03 -1.982 -1.913 -1.398 -2.591
0.0055 -0.44261 8.42001 3.2830042839 2.5996031612    3.281  2.665  3.6770  1.950    4  0.000  0.359     0.00     0.00     0.00     0.00     0.00 -1    -1e-30      0.00 7.091e-01 2.852e-01 5.870e-04 9.681e-04 2.179e-03 -1.000 5.620e-03 -1.892 -1.832 -1.327 -2.501
0.0055 -0.44261 8.42001 3.2854931355 2.5996369697    3.284  2.627  3.6807  2.002    4  0.000  0.359     0.00     0.00     0.00     0.00     0.00 -1    -1e-30      0.00 7.092e-01 2.852e-01 5.871e-04 9.681e-04 2.179e-03 -1.000 5.620e-03 -1.798 -1.748 -1.255 -2.409
0.0055 -0.44261 8.42001 3.2883753777 2.5996760485    3.287  2.591  3.6845  2.053    4  0.000  0.359     0.00     0.00     0.00     0.00     0.00 -1    -1e-30      0.00 7.092e-01 2.852e-01 5.871e-04 9.680e-04 2.179e-03 -1.000 5.619e-03 -1.709 -1.670 -1.186 -2.321
0.0055 -0.44261 8.42001 3.2929916382 2.5997384740    3.291  2.551  3.6899  2.116    4  0.000  0.359     0.00     0.00     0.00     0.00     0.00 -1    -1e-30      0.00 7.092e-01 2.852e-01 5.872e-04 9.679e-04 2.179e-03 -1.000 5.617e-03 -1.608 -1.585 -1.116 -2.224
0.0055 -0.44261 8.42001 3.3007893562 2.5998434664    3.299  2.525  3.6974  2.173    4  0.000  0.359     0.00     0.00     0.00     0.00     0.00 -1    -1e-30      0.00 7.093e-01 2.851e-01 5.873e-04 9.678e-04 2.179e-03 -1.000 5.615e-03 -1.543 -1.538 -1.088 -2.160
0.0055 -0.44261 8.42001 3.3014686108 2.5998525852    3.300  2.524  3.6980  2.177    4  0.000  0.359     0.00     0.00     0.00     0.00     0.00 -1    -1e-30      0.00 7.093e-01 2.851e-01 5.873e-04 9.678e-04 2.179e-03 -1.000 5.615e-03 -1.540 -1.537 -1.089 -2.157
0.0055 -0.44261 8.42001 3.3127884865 2.6000039189    3.311  2.596  3.7158  2.177    5  0.000  0.359     0.00     0.00     0.00     0.00     0.00 -1    -1e-30      0.00 7.094e-01 2.850e-01 5.875e-04 9.676e-04 2.179e-03 -1.000 5.612e-03 -1.720 -1.757 -1.350 -2.337
0.0055 -0.44261 8.42001 3.3246335983 2.6001610061    3.323  2.655  3.7302  2.177    5  0.000  0.359     0.00     0.00     0.00     0.00     0.00 -1    -1e-30      0.00 7.095e-01 2.849e-01 5.877e-04 9.674e-04 2.179e-03 -1.000 5.608e-03 -1.867 -1.930 -1.557 -2.479
0.0055 -0.44261 8.42001 3.3321075439 2.6002594633    3.330  2.675  3.7337  2.172    5  0.000  0.359     0.00     0.00     0.00     0.00     0.00 -1    -1e-30      0.00 7.095e-01 2.849e-01 5.878e-04 9.672e-04 2.179e-03 -1.000 5.606e-03 -1.918 -1.986 -1.621 -2.527
0.0055 -0.44261 8.42001 3.3372411728 2.6003267969    3.335  2.688  3.7352  2.165    5  0.000  0.359     0.00     0.00     0.00     0.00     0.00 -1    -1e-30      0.00 7.096e-01 2.848e-01 5.879e-04 9.671e-04 2.179e-03 -1.000 5.605e-03 -1.951 -2.022 -1.659 -2.559
0.0055 -0.44261 8.42001 3.3422074318 2.6003917089    3.340  2.701  3.7368  2.160    5  0.000  0.359     0.00     0.00     0.00     0.00     0.00 -1    -1e-30      0.00 7.096e-01 2.848e-01 5.880e-04 9.671e-04 2.179e-03 -1.000 5.604e-03 -1.982 -2.055 -1.697 -2.589
0.0055 -0.44261 8.42001 3.3458733559 2.6004394826    3.344  2.710  3.7384  2.158    5  0.000  0.359     0.00     0.00     0.00     0.00     0.00 -1    -1e-30      0.00 7.097e-01 2.847e-01 5.881e-04 9.670e-04 2.179e-03 -1.000 5.603e-03 -2.004 -2.081 -1.725 -2.610
0.0055 -0.44261 8.42001 3.3491191864 2.6004816814    3.347  2.718  3.7404  2.159    5  0.000  0.359     0.00     0.00     0.00     0.00     0.00 -1    -1e-30      0.00 7.097e-01 2.847e-01 5.881e-04 9.669e-04 2.179e-03 -1.000 5.602e-03 -2.024 -2.103 -1.752 -2.628
0.0055 -0.44261 8.42001 3.3518996239 2.6005177548    3.350  2.724  3.7424  2.160    5  0.000  0.359     0.00     0.00     0.00     0.00     0.00 -1    -1e-30      0.00 7.097e-01 2.847e-01 5.882e-04 9.669e-04 2.179e-03 -1.000 5.601e-03 -2.040 -2.122 -1.776 -2.643
0.0055 -0.44261 8.42001 3.3547043800 2.6005540742    3.353  2.731  3.7444  2.162    5  0.000  0.359     0.00     0.00     0.00     0.00     0.00 -1    -1e-30      0.00 7.097e-01 2.847e-01 5.882e-04 9.668e-04 2.179e-03 -1.000 5.600e-03 -2.056 -2.141 -1.799 -2.658
0.0055 -0.44261 8.42001 3.3577818871 2.6005938451    3.356  2.737  3.7463  2.164    5  0.000  0.359     0.00     0.00     0.00     0.00     0.00 -1    -1e-30      0.00 7.097e-01 2.847e-01 5.883e-04 9.668e-04 2.179e-03 -1.000 5.599e-03 -2.073 -2.161 -1.823 -2.673
0.0055 -0.44261 8.42001 3.3622422218 2.6006513379    3.360  2.747  3.7482  2.162    5  0.000  0.359     0.00     0.00     0.00     0.00     0.00 -1    -1e-30      0.00 7.098e-01 2.846e-01 5.883e-04 9.667e-04 2.179e-03 -1.000 5.598e-03 -2.097 -2.188 -1.853 -2.695
0.0055 -0.44261 8.42001 3.3677945137 2.6007226612    3.366  2.758  3.7495  2.157    5  0.000  0.360     0.00     0.00     0.00     0.00     0.00 -1    -1e-30      0.00 7.098e-01 2.846e-01 5.884e-04 9.666e-04 2.179e-03 -1.000 5.596e-03 -2.124 -2.217 -1.886 -2.721
0.0055 -0.44261 8.42001 3.3725917339 2.6007840676    3.370  2.764  3.7477  2.144    5  0.000  0.360     0.00     0.00     0.00     0.00     0.00 -1    -1e-30      0.00 7.099e-01 2.845e-01 5.885e-04 9.665e-04 2.179e-03 -1.000 5.595e-03 -2.141 -2.232 -1.896 -2.740
0.0055 -0.44261 8.42001 3.3949806690 2.6010680180    3.393  2.792  3.7391  2.085    6  0.000  0.360     0.00     0.00     0.00     0.00     0.00 -1    -1e-30      0.00 7.100e-01 2.844e-01 5.889e-04 9.661e-04 2.179e-03 -1.000 5.589e-03 -2.209 -2.288 -1.934 -2.816
0.0055 -0.44261 8.42001 3.4019887447 2.6011560160    3.400  2.796  3.7332  2.059    6  0.000  0.360     0.00     0.00     0.00     0.00     0.00 -1    -1e-30      0.00 7.101e-01 2.843e-01 5.890e-04 9.660e-04 2.179e-03 -1.000 5.587e-03 -2.219 -2.289 -1.921 -2.831
0.0055 -0.44261 8.42001 3.4060020447 2.6012062222    3.404  2.795  3.7282  2.040    6  0.000  0.360     0.00     0.00     0.00     0.00     0.00 -1    -1e-30      0.00 7.101e-01 2.843e-01 5.891e-04 9.659e-04 2.179e-03 -1.000 5.586e-03 -2.217 -2.279 -1.899 -2.833
0.0055 -0.44261 8.42001 3.4091715813 2.6012457769    3.407  2.793  3.7232  2.023    6  0.000  0.360     0.00     0.00     0.00     0.00     0.00 -1    -1e-30      0.00 7.102e-01 2.843e-01 5.891e-04 9.659e-04 2.179e-03 -1.000 5.585e-03 -2.212 -2.265 -1.874 -2.830
0.0055 -0.44261 8.42001 3.4118742943 2.6012794390    3.409  2.789  3.7184  2.007    6  0.000  0.360     0.00     0.00     0.00     0.00     0.00 -1    -1e-30      0.00 7.102e-01 2.842e-01 5.892e-04 9.658e-04 2.179e-03 -1.000 5.584e-03 -2.203 -2.247 -1.845 -2.823
0.0055 -0.44261 8.42001 3.4146926403 2.6013144761    3.412  2.784  3.7129  1.990    6  0.000  0.360     0.00     0.00     0.00     0.00     0.00 -1    -1e-30      0.00 7.102e-01 2.842e-01 5.892e-04 9.658e-04 2.179e-03 -1.000 5.583e-03 -2.190 -2.223 -1.807 -2.811
0.0055 -0.44261 8.42001 3.4166941643 2.6013393182    3.414  2.778  3.7082  1.978    6  0.000  0.360     0.00     0.00     0.00     0.00     0.00 -1    -1e-30      0.00 7.102e-01 2.842e-01 5.892e-04 9.657e-04 2.179e-03 -1.000 5.583e-03 -2.176 -2.199 -1.772 -2.798
0.0055 -0.44261 8.42001 3.4193639755 2.6013724028    3.417  2.769  3.7017  1.961    6  0.000  0.360     0.00     0.00     0.00     0.00     0.00 -1    -1e-30      0.00 7.102e-01 2.842e-01 5.893e-04 9.657e-04 2.179e-03 -1.000 5.582e-03 -2.152 -2.161 -1.718 -2.775
0.0055 -0.44261 8.42001 3.4212992191 2.6013963475    3.419  2.760  3.6957  1.946    6  0.000  0.360     0.00     0.00     0.00     0.00     0.00 -1    -1e-30      0.00 7.102e-01 2.842e-01 5.893e-04 9.657e-04 2.179e-03 -1.000 5.582e-03 -2.131 -2.124 -1.667 -2.752
0.0055 -0.44261 8.42001 3.4215180874 2.6013990536    3.419  2.759  3.6949  1.945    6  0.000  0.360     0.00     0.00     0.00     0.00     0.00 -1    -1e-30      0.00 7.103e-01 2.842e-01 5.893e-04 9.657e-04 2.179e-03 -1.000 5.582e-03 -2.128 -2.119 -1.659 -2.749
0.0055 -0.44261 8.42001 3.4222667217 2.6014083067    3.420  2.755  3.6923  1.938    6  0.000  0.360     0.00     0.00     0.00     0.00     0.00 -1    -1e-30      0.00 7.103e-01 2.842e-01 5.893e-04 9.656e-04 2.179e-03 -1.000 5.582e-03 -2.117 -2.101 -1.635 -2.737
0.0055 -0.44261 8.42001 3.4234218597 2.6014225750    3.421  2.758  3.6868  1.913    6  0.000  0.360     0.00     0.00     0.00     0.00     0.00 -1    -1e-30      0.00 7.103e-01 2.842e-01 5.893e-04 9.656e-04 2.179e-03 -1.000 5.582e-03 -2.126 -2.095 -1.615 -2.743
0.0055 -0.44261 8.42001 3.4245288372 2.6014362380    3.422  2.765  3.6811  1.884    6  0.000  0.360     0.00     0.00     0.00     0.00     0.00 -1    -1e-30      0.00 7.103e-01 2.841e-01 5.893e-04 9.656e-04 2.179e-03 -1.000 5.582e-03 -2.143 -2.098 -1.603 -2.759
0.0055 -0.44261 8.42001 3.4250352383 2.6014424850    3.423  2.799  3.6743  1.822    6  0.000  0.360     0.00     0.00     0.00     0.00     0.00 -1    -1e-30      0.00 7.103e-01 2.841e-01 5.894e-04 9.656e-04 2.179e-03 -1.000 5.583e-03 -2.227 -2.163 -1.648 -2.840
0.0055 -0.44261 8.42001 3.4250423908 2.6014425732    3.423  2.800  3.6741  1.820    6  0.000  0.360     0.00     0.00     0.00     0.00     0.00 -1    -1e-30      0.00 7.103e-01 2.841e-01 5.894e-04 9.656e-04 2.179e-03 -1.000 5.583e-03 -2.231 -2.166 -1.650 -2.843
0.0055 -0.44261 8.42001 3.4251291752 2.6014436436    3.423  2.832  3.6703  1.774    7  0.000  0.360     6.06     4.73     3.49     2.55     2.09  4    -1e-30      0.00 7.103e-01 2.841e-01 5.894e-04 9.656e-04 2.179e-03 -1.000 5.583e-03 -2.310 -2.233 -1.706 -2.920
0.0055 -0.44261 8.42001 3.4252083302 2.6014446198    3.423  2.871  3.6661  1.718    7  0.000  0.360     6.79     5.23     3.84     2.81     2.30  4    -1e-30      0.00 7.103e-01 2.841e-01 5.894e-04 9.656e-04 2.179e-03 -1.000 5.583e-03 -2.407 -2.317 -1.777 -3.013
0.0055 -0.44261 8.42001 3.4253454208 2.6014463104    3.423  2.910  3.6625  1.664    7  0.000  0.360     7.57     5.76     4.22     3.09     2.53  4    -1e-30      0.00 7.103e-01 2.841e-01 5.894e-04 9.656e-04 2.179e-03 -1.000 5.583e-03 -2.505 -2.403 -1.852 -3.108
0.0055 -0.44261 8.42001 3.4255125523 2.6014483712    3.423  2.884  3.6653  1.702    7  0.000  0.360     7.01     5.38     3.95     2.89     2.37  4    -1e-30      0.00 7.103e-01 2.841e-01 5.894e-04 9.656e-04 2.179e-03 -1.000 5.583e-03 -2.439 -2.347 -1.805 -3.045
0.0055 -0.44261 8.42001 3.4260547161 2.6014550548    3.424  2.884  3.6648  1.700    7  0.000  0.360     7.04     5.40     3.97     2.90     2.38  4    -1e-30      0.00 7.103e-01 2.841e-01 5.894e-04 9.655e-04 2.179e-03 -1.000 5.583e-03 -2.439 -2.344 -1.800 -3.044
0.0055 -0.44261 8.42001 3.4263556004 2.6014587630    3.424  2.927  3.6604  1.640    7  0.000  0.360     7.95     6.02     4.40     3.23     2.64  4    -1e-30      0.00 7.103e-01 2.841e-01 5.894e-04 9.655e-04 2.179e-03 -1.000 5.583e-03 -2.546 -2.436 -1.880 -3.146
0.0055 -0.44261 8.42001 3.4266667366 2.6014625967    3.424  2.965  3.6568  1.587    7  0.000  0.360     8.86     6.63     4.82     3.54     2.90  4    -1e-30      0.00 7.103e-01 2.841e-01 5.894e-04 9.655e-04 2.179e-03 -1.000 5.583e-03 -2.643 -2.519 -1.951 -3.237
0.0055 -0.44261 8.42001 3.4270689487 2.6014675515    3.425  3.004  3.6532  1.533    7  0.000  0.360     9.87     7.30     5.29     3.89     3.18  4    -1e-30      0.00 7.103e-01 2.841e-01 5.894e-04 9.655e-04 2.179e-03 -1.000 5.583e-03 -2.740 -2.601 -2.023 -3.327
0.0055 -0.44261 8.42001 3.4275581837 2.6014735764    3.425  3.043  3.6496  1.480    7  0.000  0.360    11.01     8.05     5.80     4.28     3.50  4    -1e-30      0.00 7.103e-01 2.841e-01 5.893e-04 9.655e-04 2.179e-03 -1.000 5.583e-03 -2.838 -2.684 -2.094 -3.419
0.0055 -0.44261 8.42001 3.4280953407 2.6014801892    3.426  3.083  3.6460  1.426    7  0.000  0.360    12.28     8.87     6.37     4.70     3.85  4    -1e-30      0.00 7.103e-01 2.841e-01 5.893e-04 9.655e-04 2.179e-03 -1.000 5.584e-03 -2.938 -2.766 -2.164 -3.510
0.0055 -0.44261 8.42001 3.4286429882 2.6014869288    3.426  3.124  3.6424  1.371    7  0.000  0.360    13.73     9.80     7.00     5.17     4.24  4    -1e-30      0.00 7.103e-01 2.841e-01 5.892e-04 9.656e-04 2.179e-03 -1.000 5.584e-03 -3.039 -2.850 -2.235 -3.604
0.0055 -0.44261 8.42001 3.4291732311 2.6014934517    3.427  3.165  3.6387  1.315    7  0.000  0.360    15.37    10.84     7.71     5.71     4.68  4    -1e-30      0.00 7.103e-01 2.841e-01 5.884e-04 9.659e-04 2.179e-03 -1.000 5.584e-03 -3.142 -2.934 -2.304 -3.697
0.0055 -0.44261 8.42001 3.4296689034 2.6014995473    3.427  3.206  3.6350  1.259    7  0.000  0.358    17.21    11.99     8.49     6.29     5.16  4    -1e-30      0.00 7.103e-01 2.841e-01 5.866e-04 9.676e-04 2.179e-03 -1.000 5.584e-03 -3.244 -3.017 -2.374 -3.791
0.0055 -0.44261 8.42001 3.4301218987 2.6015051163    3.428  3.247  3.6314  1.204    7  0.000  0.356    19.26    13.25     9.34     6.93     5.68  4    -1e-30      0.00 7.103e-01 2.841e-01 5.836e-04 9.714e-04 2.179e-03 -1.000 5.585e-03 -3.347 -3.101 -2.444 -3.885
0.0055 -0.44261 8.42001 3.4305324554 2.6015101622    3.428  3.288  3.6277  1.148    7  0.000  0.355    21.56    14.65    10.29     7.65     6.27  4    -1e-30      0.00 7.103e-01 2.841e-01 5.809e-04 9.745e-04 2.179e-03 -1.000 5.585e-03 -3.450 -3.184 -2.512 -3.977
0.0055 -0.44261 8.42001 3.4309041500 2.6015147292    3.429  3.329  3.6240  1.093    7  0.000  0.353    24.13    16.20    11.32     8.43     6.91  4    -1e-30      0.00 7.103e-01 2.841e-01 5.786e-04 9.773e-04 2.179e-03 -1.000 5.585e-03 -3.552 -3.265 -2.578 -4.068
0.0055 -0.44261 8.42001 3.4312429428 2.6015188909    3.429  3.370  3.6204  1.037    7  0.000  0.352    27.02    17.92    12.47     9.29     7.62  4  -1.1e-30      0.00 7.103e-01 2.841e-01 5.766e-04 9.800e-04 2.179e-03 -1.000 5.585e-03 -3.654 -3.346 -2.644 -4.159
0.0055 -0.44261 8.42001 3.4315524101 2.6015226916    3.429  3.410  3.6168  0.982    7  0.000  0.351    30.19    19.78    13.70    10.23     8.39  4 -1.25e-28      0.00 7.103e-01 2.841e-01 5.750e-04 9.819e-04 2.179e-03 -1.000 5.586e-03 -3.756 -3.425 -2.708 -4.249
0.0055 -0.44261 8.42001 3.4318389893 2.6015262105    3.430  3.451  3.6131  0.927    7  0.000  0.350    33.79    21.87    15.08    11.27     9.25  4 -5.57e-26      0.00 7.103e-01 2.841e-01 5.737e-04 9.838e-04 2.179e-03 -1.000 5.593e-03 -3.857 -3.503 -2.768 -4.338
0.0055 -0.44261 8.42001 3.4321038723 2.6015294623    3.430  3.491  3.6086  0.868    7  0.000  0.350    38.03    24.30    16.67    12.49    10.25  4    -1e-08      0.00 7.103e-01 2.840e-01 5.727e-04 9.858e-04 2.178e-03 -1.000 5.677e-03 -3.958 -3.575 -2.819 -4.423
0.0055 -0.44261 8.42001 3.4323499203 2.6015324824    3.429  3.531  3.6050  0.814    7  0.000  0.349    42.47    26.81    18.32    13.74    11.28  4  -1.2e-08      0.00 7.103e-01 2.840e-01 5.716e-04 9.879e-04 2.177e-03 -1.000 5.687e-03 -4.059 -3.651 -2.877 -4.511
0.0055 -0.44261 8.42001 3.4325788021 2.6015352914    3.429  3.572  3.6015  0.759    7  0.000  0.349    47.43    29.58    20.12    15.11    12.41  4 -1.44e-08      0.00 7.103e-01 2.840e-01 5.707e-04 9.901e-04 2.175e-03 -1.000 5.679e-03 -4.160 -3.727 -2.936 -4.598
0.0055 -0.44261 8.42001 3.4327905178 2.6015378893    3.428  3.612  3.5979  0.705    7  0.000  0.349    53.01    32.67    22.12    16.64    13.67  3 -1.73e-08      0.00 7.102e-01 2.840e-01 5.699e-04 9.931e-04 2.173e-03 -1.000 5.743e-03 -4.260 -3.801 -2.990 -4.684
0.0055 -0.44261 8.42001 3.4329874516 2.6015403055    3.428  3.652  3.5942  0.650    7  0.000  0.349    59.25    36.07    24.32    18.32    15.05  3 -2.08e-08      0.00 7.102e-01 2.841e-01 5.691e-04 9.961e-04 2.171e-03 -1.000 5.671e-03 -4.360 -3.873 -3.041 -4.768
0.0055 -0.44261 8.42001 3.4331705570 2.6015425518    3.427  3.692  3.5905  0.595    7  0.000  0.349    66.17    39.81    26.72    20.15    16.56  3 -2.49e-08      0.00 7.101e-01 2.843e-01 5.684e-04 9.991e-04 2.168e-03 -1.000 5.673e-03 -4.460 -3.945 -3.093 -4.852
0.0055 -0.44261 8.42001 3.4333424568 2.6015446603    3.427  3.732  3.5868  0.540    7  0.000  0.349    73.95    43.95    29.37    22.19    18.24  3    -3e-08      0.00 7.098e-01 2.844e-01 5.677e-04 1.002e-03 2.166e-03 -1.000 5.755e-03 -4.559 -4.013 -3.137 -4.933
0.0055 -0.44261 8.42001 3.4335043430 2.6015466458    3.426  3.771  3.5830  0.486    7  0.000  0.349    82.63    48.52    32.28    24.42    20.08  3 -3.74e-08      0.00 7.095e-01 2.847e-01 5.670e-04 1.005e-03 2.163e-03 -1.000 5.735e-03 -4.658 -4.080 -3.180 -5.014
0.0055 -0.44261 8.42001 3.4336566925 2.6015485141    3.425  3.810  3.5791  0.431    7  0.000  0.349    92.34    53.57    35.48    26.88    22.11  3 -4.75e-08      0.00 7.090e-01 2.853e-01 5.662e-04 1.009e-03 2.161e-03 -1.000 5.690e-03 -4.756 -4.144 -3.215 -5.093
0.0055 -0.44261 8.42001 3.4338018894 2.6015502946    3.423  3.849  3.5752  0.376    7  0.000  0.349   103.18    59.14    38.99    29.59    24.34  3 -7.09e-08      0.00 7.082e-01 2.861e-01 5.654e-04 1.013e-03 2.157e-03 -1.000 5.752e-03 -4.853 -4.202 -3.240 -5.168
0.0055 -0.44261 8.42001 3.4339413643 2.6015520047    3.421  3.888  3.5713  0.321    7  0.000  0.349   115.33    65.31    42.87    32.58    26.80  2 -1.06e-07      0.00 7.068e-01 2.875e-01 5.643e-04 1.018e-03 2.153e-03 -1.000 5.749e-03 -4.951 -4.260 -3.265 -5.243
0.0055 -0.44261 8.42001 3.4340758324 2.6015536532    3.418  3.927  3.5672  0.266    7  0.000  0.349   129.02    72.18    47.17    35.89    29.54  2 -1.58e-07      0.00 7.044e-01 2.899e-01 5.625e-04 1.026e-03 2.146e-03 -1.000 5.699e-03 -5.047 -4.310 -3.274 -5.313
0.0055 -0.44261 8.42001 3.4342050552 2.6015552373    3.413  3.965  3.5631  0.211    7  0.000  0.349   144.18    79.70    51.84    39.51    32.53  2 -2.34e-07      0.00 7.006e-01 2.937e-01 5.598e-04 1.038e-03 2.135e-03 -1.000 5.696e-03 -5.142 -4.357 -3.275 -5.379
0.0055 -0.44261 8.42001 3.4343411922 2.6015569061    3.406  4.006  3.5583  0.149    7  0.000  0.349   163.11    88.97    57.58    43.96    36.20  2 -3.59e-07      0.00 6.950e-01 2.993e-01 5.557e-04 1.058e-03 2.119e-03 -1.000 5.678e-03 -5.245 -4.398 -3.259 -5.446
0.0055 -0.44261 8.42001 3.4344518185 2.6015582620    3.397  4.041  3.5540  0.096    7  0.000  0.349   181.62    97.93    63.11    48.25    39.74  2 -5.15e-07      0.00 6.912e-01 3.032e-01 5.528e-04 1.071e-03 2.108e-03 -1.000 5.671e-03 -5.332 -4.424 -3.222 -5.497
0.0055 -0.44261 8.42001 3.4345607758 2.6015595973    3.384  4.077  3.5495  0.041    7  0.000  0.349   202.98   108.15    69.38    53.13    43.77  2 -7.67e-07      0.00 6.887e-01 3.057e-01 5.509e-04 1.080e-03 2.101e-03 -1.000 5.677e-03 -5.422 -4.447 -3.177 -5.547
0.0055 -0.44261 8.42001 3.4346649647 2.6015608742    3.366  4.112  3.5449 -0.016    7  0.000  0.349   226.97   119.52    76.32    58.55    48.24  2 -1.12e-06      0.01 6.874e-01 3.069e-01 5.500e-04 1.085e-03 2.097e-03 -1.000 5.682e-03 -5.510 -4.454 -3.093 -5.584
0.0055 -0.44261 8.42001 3.4347732067 2.6015622006    3.337  4.147  3.5400 -0.073    7  0.000  0.349   254.21   132.32    84.09    64.63    53.26  2 -1.64e-06      0.01 6.867e-01 3.076e-01 5.495e-04 1.087e-03 2.095e-03 -1.000 5.689e-03 -5.596 -4.451 -2.991 -5.615
0.0055 -0.44261 8.42001 3.4349460602 2.6015643185    3.268  4.169  3.5356 -0.122    7  0.000  0.349   278.67   143.86    91.03    70.10    57.77  2 -2.22e-06      0.02 6.861e-01 3.082e-01 5.489e-04 1.090e-03 2.093e-03 -1.000 5.673e-03 -5.652 -4.409 -2.833 -5.607
0.0055 -0.44261 8.42001 3.4350049496 2.6015650400    3.245  4.122  3.5409 -0.057    7  0.000  0.349   243.77   127.63    81.19    62.43    51.43  2 -1.41e-06      0.01 6.861e-01 3.083e-01 5.489e-04 1.090e-03 2.093e-03 -1.000 5.672e-03 -5.535 -4.409 -2.970 -5.566
0.0055 -0.44261 8.42001 3.4350206852 2.6015652328    3.241  4.073  3.5466  0.014    7  0.000  0.349   211.41   112.31    71.86    55.15    45.42  2 -8.59e-07      0.00 6.861e-01 3.083e-01 5.489e-04 1.090e-03 2.093e-03 -1.000 5.671e-03 -5.414 -4.391 -3.066 -5.509
0.0055 -0.44261 8.42001 3.4350290298 2.6015653351    3.240  4.025  3.5522  0.084    7  0.000  0.349   183.30    98.81    63.58    48.70    40.10  2 -5.17e-07      0.00 6.861e-01 3.083e-01 5.489e-04 1.090e-03 2.093e-03 -1.000 5.671e-03 -5.292 -4.360 -3.134 -5.443
0.0055 -0.44261 8.42001 3.4350347519 2.6015654052    3.239  3.989  3.5563  0.137    7  0.000  0.349   164.87    89.84    58.06    44.41    36.56  2  -3.6e-07      0.00 6.861e-01 3.083e-01 5.489e-04 1.090e-03 2.093e-03 -1.000 5.672e-03 -5.202 -4.329 -3.163 -5.388
0.0055 -0.44261 8.42001 3.4350399971 2.6015654694    3.239  3.966  3.5590  0.170    7  0.000  0.349   154.20    84.60    54.82    41.90    34.48  2 -2.84e-07      0.00 6.861e-01 3.083e-01 5.489e-04 1.090e-03 2.093e-03 -1.000 5.672e-03 -5.145 -4.309 -3.181 -5.353
0.0055 -0.44261 8.42001 3.4350502491 2.6015655950    3.238  4.002  3.5550  0.119    7  0.000  0.349   171.07    92.86    59.92    45.86    37.75  2 -4.08e-07      0.00 6.861e-01 3.083e-01 5.489e-04 1.090e-03 2.093e-03 -1.000 5.672e-03 -5.234 -4.341 -3.156 -5.408
0.0055 -0.44261 8.42001 3.4350566864 2.6015656739    3.238  4.034  3.5512  0.071    7  0.000  0.349   188.07   101.11    64.99    49.81    41.01  2 -5.73e-07      0.00 6.861e-01 3.083e-01 5.489e-04 1.090e-03 2.093e-03 -1.000 5.672e-03 -5.314 -4.368 -3.127 -5.456
0.0055 -0.44261 8.42001 3.4350659847 2.6015657878    3.237  4.066  3.5474  0.024    7  0.000  0.349   207.05   110.23    70.58    54.16    44.60  2 -7.98e-07      0.00 6.861e-01 3.083e-01 5.489e-04 1.090e-03 2.093e-03 -1.000 5.672e-03 -5.395 -4.385 -3.075 -5.498
0.0055 -0.44261 8.42001 3.4350821972 2.6015659864    3.234  4.068  3.5471  0.020    7  0.000  0.349   208.40   110.88    70.98    54.47    44.86  2 -8.11e-07      0.00 6.861e-01 3.083e-01 5.489e-04 1.090e-03 2.093e-03 -1.000 5.672e-03 -5.400 -4.386 -3.071 -5.500
0.0055 -0.44261 8.42001 3.4350883961 2.6015660624    3.233  4.076  3.5462  0.008    7  0.000  0.349   213.46   113.30    72.45    55.62    45.81  2 -8.88e-07      0.00 6.861e-01 3.083e-01 5.489e-04 1.090e-03 2.093e-03 -1.000 5.672e-03 -5.420 -4.389 -3.056 -5.510
0.0055 -0.44261 8.42001 3.4350943565 2.6015661354    3.232  4.106  3.5426 -0.036    7  0.000  0.349   233.36   122.74    78.21    60.11    49.52  2 -1.21e-06      0.01 6.861e-01 3.083e-01 5.489e-04 1.090e-03 2.093e-03 -1.000 5.672e-03 -5.494 -4.400 -2.995 -5.545
0.0055 -0.44261 8.42001 3.4351117611 2.6015663486    3.226  4.136  3.5388 -0.082    7  0.000  0.349   256.08   133.45    84.71    65.19    53.71  2 -1.65e-06      0.01 6.861e-01 3.083e-01 5.489e-04 1.090e-03 2.093e-03 -1.000 5.672e-03 -5.571 -4.401 -2.910 -5.573
