Zini MH logAge Mini int_IMF Mass logL logTe logg label McoreTP C_O period0 period1 period2 period3 period4 pmode Mloss tau1m X Y Xc Xn Xo Cexcess Z mbolmag Gmag G_BPmag G_RPmag
0.005 -0.48482 8.60000 0.0900000036 1.0816895926    0.090 -3.138  3.4239  5.178    0  0.000  0.545     0.00     0.00     0.00     0.00     0.00 -1 -7.93e-17      0.00 7.371e-01 2.578e-01 9.173e-04 2.474e-04 2.244e-03 -1.000 5.101e-03 12.615 14.285 17.111 12.838
0.005 -0.48482 8.60000 0.0914596617 1.0955268415    0.091 -3.123  3.4263  5.179    0  0.000  0.545     0.00     0.00     0.00     0.00     0.00 -1 -8.15e-17      0.00 7.371e-01 2.578e-01 9.173e-04 2.474e-04 2.244e-03 -1.000 5.101e-03 12.576 14.221 16.995 12.780
0.005 -0.48482 8.60000 0.0942034870 1.1207767050    0.094 -3.091  3.4309  5.179    0  0.000  0.545     0.00     0.00     0.00     0.00     0.00 -1 -8.59e-17      0.00 7.371e-01 2.578e-01 9.173e-04 2.474e-04 2.244e-03 -1.000 5.101e-03 12.498 14.093 16.768 12.666
0.005 -0.48482 8.60000 0.0979247242 1.1535333039    0.098 -3.046  3.4377  5.178    0  0.000  0.545     0.00     0.00     0.00     0.00     0.00 -1 -9.36e-17      0.00 7.371e-01 2.578e-01 9.173e-04 2.474e-04 2.244e-03 -1.000 5.101e-03 12.385 13.912 16.467 12.504
0.005 -0.48482 8.60000 0.1000000015 1.1711064122    0.100 -3.018  3.4418  5.176    0  0.000  0.545     0.00     0.00     0.00     0.00     0.00 -1  -9.9e-17      0.00 7.371e-01 2.578e-01 9.173e-04 2.474e-04 2.244e-03 -1.000 5.101e-03 12.316 13.803 16.284 12.406
0.005 -0.48482 8.60000 0.1106459871 1.2543438886    0.111 -2.913  3.4556  5.169    0  0.000  0.545     0.00     0.00     0.00     0.00     0.00 -1 -1.21e-16      0.00 7.371e-01 2.578e-01 9.173e-04 2.474e-04 2.244e-03 -1.000 5.101e-03 12.052 13.401 15.630 12.046
0.005 -0.48482 8.60000 0.1199999973 1.3193154249    0.120 -2.812  3.4679  5.153    0  0.000  0.545     0.00     0.00     0.00     0.00     0.00 -1  -1.5e-16      0.00 7.371e-01 2.578e-01 9.173e-04 2.474e-04 2.244e-03 -1.000 5.101e-03 11.801 13.029 15.039 11.716
0.005 -0.48482 8.60000 0.1400000006 1.4384526719    0.140 -2.632  3.4862  5.113    0  0.000  0.545     0.00     0.00     0.00     0.00     0.00 -1 -2.19e-16      0.00 7.371e-01 2.578e-01 9.173e-04 2.474e-04 2.244e-03 -1.000 5.101e-03 11.351 12.405 14.117 11.159
0.005 -0.48482 8.60000 0.1599999964 1.5372931554    0.160 -2.510  3.4986  5.098    0  0.000  0.545     0.00     0.00     0.00     0.00     0.00 -1 -2.77e-16      0.00 7.371e-01 2.578e-01 9.173e-04 2.474e-04 2.244e-03 -1.000 5.101e-03 11.044 11.987 13.530 10.788
0.005 -0.48482 8.60000 0.1822452843 1.6299151578    0.182 -2.394  3.5089  5.081    0  0.000  0.545     0.00     0.00     0.00     0.00     0.00 -1 -3.46e-16      0.00 7.371e-01 2.578e-01 9.173e-04 2.474e-04 2.244e-03 -1.000 5.101e-03 10.756 11.614 13.036 10.452
0.005 -0.48482 8.60000 0.1999999881 1.6938790356    0.200 -2.308  3.5163  5.064    0  0.000  0.545     0.00     0.00     0.00     0.00     0.00 -1 -4.09e-16      0.00 7.370e-01 2.579e-01 9.173e-04 2.474e-04 2.244e-03 -1.000 5.101e-03 10.540 11.341 12.683 10.206
0.005 -0.48482 8.60000 0.2209438384 1.7604523580    0.221 -2.224  3.5228  5.049    0  0.000  0.545     0.00     0.00     0.00     0.00     0.00 -1 -4.79e-16      0.00 7.370e-01 2.579e-01 9.173e-04 2.474e-04 2.244e-03 -1.000 5.101e-03 10.329 11.083 12.363 9.970
0.005 -0.48482 8.60000 0.2500000000 1.8403257998    0.250 -2.115  3.5307  5.026    0  0.000  0.545     0.00     0.00     0.00     0.00     0.00 -1 -5.94e-16      0.00 7.370e-01 2.579e-01 9.173e-04 2.474e-04 2.244e-03 -1.000 5.101e-03 10.058 10.758 11.971 9.670
0.005 -0.48482 8.60000 0.3000000119 1.9529139769    0.300 -1.965  3.5407  4.995    0  0.000  0.545     0.00     0.00     0.00     0.00     0.00 -1 -7.93e-16      0.00 7.369e-01 2.580e-01 9.173e-04 2.474e-04 2.244e-03 -1.000 5.101e-03 9.682 10.318 11.458 9.262
0.005 -0.48482 8.60000 0.3028267920 1.9585405657    0.303 -1.954  3.5412  4.990    0  0.000  0.545     0.00     0.00     0.00     0.00     0.00 -1 -8.12e-16      0.00 7.370e-01 2.579e-01 9.173e-04 2.474e-04 2.244e-03 -1.000 5.101e-03 9.656 10.290 11.426 9.235
0.005 -0.48482 8.60000 0.3499999642 2.0434174156    0.350 -1.817  3.5505  4.953    0  0.000  0.545     0.00     0.00     0.00     0.00     0.00 -1 -1.08e-15      0.00 7.371e-01 2.578e-01 9.173e-04 2.474e-04 2.244e-03 -1.000 5.101e-03 9.312 9.893 10.967 8.865
0.005 -0.48482 8.60000 0.3999999762 2.1185023988    0.400 -1.659  3.5620  4.900    0  0.000  0.545     0.00     0.00     0.00     0.00     0.00 -1 -1.55e-15      0.00 7.371e-01 2.578e-01 9.173e-04 2.474e-04 2.244e-03 -1.000 5.101e-03 8.919 9.435 10.440 8.442
0.005 -0.48482 8.60000 0.4499999881 2.1822809009    0.450 -1.493  3.5761  4.840    0  0.000  0.545     0.00     0.00     0.00     0.00     0.00 -1  -2.3e-15      0.00 7.371e-01 2.578e-01 9.173e-04 2.474e-04 2.244e-03 -1.000 5.101e-03 8.502 8.947 9.877 7.993
0.005 -0.48482 8.60000 0.4962467849 2.2335661153    0.496 -1.332  3.5925  4.788    0  0.000  0.545     0.00     0.00     0.00     0.00     0.00 -1 -3.35e-15      0.00 7.371e-01 2.578e-01 9.173e-04 2.474e-04 2.244e-03 -1.000 5.101e-03 8.101 8.472 9.327 7.561
0.005 -0.48482 8.60000 0.4999999404 2.2374540715    0.500 -1.320  3.5938  4.784    0  0.000  0.545     0.00     0.00     0.00     0.00     0.00 -1 -3.45e-15      0.00 7.371e-01 2.578e-01 9.173e-04 2.474e-04 2.244e-03 -1.000 5.101e-03 8.070 8.436 9.286 7.528
0.005 -0.48482 8.60000 0.5020328760 2.2395400041    0.502 -1.313  3.5949  4.783    0  0.000  0.545     0.00     0.00     0.00     0.00     0.00 -1 -3.51e-15      0.00 7.372e-01 2.577e-01 9.170e-04 2.474e-04 2.244e-03 -1.000 5.101e-03 8.051 8.413 9.258 7.507
0.005 -0.48482 8.60000 0.5500000119 2.2836582633    0.550 -1.145  3.6191  4.752    0  0.000  0.545     0.00     0.00     0.00     0.00     0.00 -1 -5.12e-15      0.00 7.382e-01 2.567e-01 9.138e-04 2.465e-04 2.236e-03 -1.000 5.100e-03 7.633 7.905 8.654 7.058
0.005 -0.48482 8.60000 0.5999999642 2.3211212854    0.600 -0.972  3.6455  4.722    0  0.000  0.545     0.00     0.00     0.00     0.00     0.00 -1 -7.52e-15      0.00 7.384e-01 2.565e-01 9.131e-04 2.463e-04 2.234e-03 -1.000 5.070e-03 7.201 7.375 8.017 6.599
0.005 -0.48482 8.60000 0.6255040169 2.3375999503    0.625 -0.885  3.6594  4.709    0  0.000  0.545     0.00     0.00     0.00     0.00     0.00 -1 -9.14e-15      0.00 7.386e-01 2.563e-01 9.123e-04 2.461e-04 2.232e-03 -1.000 5.074e-03 6.982 7.101 7.686 6.368
0.005 -0.48482 8.60000 0.6499999166 2.3520352771    0.650 -0.806  3.6730  4.701    0  0.000  0.545     0.00     0.00     0.00     0.00     0.00 -1 -1.09e-14      0.00 7.386e-01 2.563e-01 9.125e-04 2.462e-04 2.233e-03 -1.000 5.092e-03 6.786 6.857 7.394 6.161
0.005 -0.48482 8.60000 0.6560747027 2.3554238374    0.656 -0.787  3.6763  4.699    0  0.000  0.545     0.00     0.00     0.00     0.00     0.00 -1 -1.13e-14      0.00 7.386e-01 2.563e-01 9.124e-04 2.462e-04 2.233e-03 -1.000 5.086e-03 6.738 6.798 7.324 6.111
0.005 -0.48482 8.60000 0.6999999881 2.3779266974    0.700 -0.654  3.6996  4.688    0  0.000  0.545     0.00     0.00     0.00     0.00     0.00 -1 -1.51e-14      0.00 7.388e-01 2.561e-01 9.118e-04 2.460e-04 2.232e-03 -1.000 5.049e-03 6.405 6.398 6.857 5.769
0.005 -0.48482 8.60000 0.7489780188 2.3994736557    0.749 -0.515  3.7232  4.673    1  0.000  0.538     0.00     0.00     0.00     0.00     0.00 -1 -2.04e-14      0.00 7.391e-01 2.558e-01 8.993e-04 2.455e-04 2.230e-03 -1.000 5.084e-03 6.058 6.005 6.406 5.430
0.005 -0.48482 8.60000 0.7979561090 2.4180075369    0.798 -0.386  3.7428  4.649    1  0.000  0.538     0.00     0.00     0.00     0.00     0.00 -1 -2.74e-14      0.00 7.395e-01 2.555e-01 8.981e-04 2.453e-04 2.227e-03 -1.000 5.043e-03 5.735 5.657 6.015 5.123
0.005 -0.48482 8.60000 0.8469341993 2.4340981614    0.846 -0.264  3.7601  4.622    1  0.000  0.538     0.00     0.00     0.00     0.00     0.00 -1 -3.62e-14      0.00 7.399e-01 2.550e-01 8.967e-04 2.449e-04 2.224e-03 -1.000 5.020e-03 5.431 5.341 5.663 4.845
0.005 -0.48482 8.60000 0.8959121704 2.4481825371    0.895 -0.148  3.7750  4.590    1  0.000  0.537     0.00     0.00     0.00     0.00     0.00 -1 -4.78e-14      0.00 7.405e-01 2.544e-01 8.941e-04 2.442e-04 2.218e-03 -1.000 5.052e-03 5.141 5.048 5.341 4.585
0.005 -0.48482 8.60000 0.9369595647 2.4586914102    0.936 -0.055  3.7860  4.561    1  0.000  0.538     0.00     0.00     0.00     0.00     0.00 -1 -5.97e-14      0.00 7.416e-01 2.533e-01 8.918e-04 2.435e-04 2.212e-03 -1.000 5.012e-03 4.909 4.816 5.087 4.379
0.005 -0.48482 8.60000 0.9448902607 2.4606011507    0.944 -0.038  3.7880  4.555    1  0.000  0.538     0.00     0.00     0.00     0.00     0.00 -1 -6.23e-14      0.00 7.419e-01 2.531e-01 8.913e-04 2.433e-04 2.211e-03 -1.000 5.009e-03 4.865 4.773 5.040 4.340
0.005 -0.48482 8.60000 0.9938682914 2.4716227899    0.994  0.067  3.7997  4.519    0  0.000  0.537     0.00     0.00     0.00     0.00     0.00 -1 -8.08e-14      0.00 7.432e-01 2.518e-01 8.871e-04 2.423e-04 2.201e-03 -1.000 4.987e-03 4.603 4.514 4.759 4.107
0.005 -0.48482 8.60000 1.0428463221 2.4814624120    1.042  0.168  3.8105  4.482    1  0.000  0.537     0.00     0.00     0.00     0.00     0.00 -1 -9.73e-14      0.00 7.435e-01 2.515e-01 8.870e-04 2.424e-04 2.202e-03 -1.000 4.962e-03 4.351 4.266 4.492 3.883
0.005 -0.48482 8.60000 1.0435748100 2.4816007675    1.043  0.169  3.8107  4.482    1  0.000  0.537     0.00     0.00     0.00     0.00     0.00 -1 -9.76e-14      0.00 7.435e-01 2.515e-01 8.870e-04 2.424e-04 2.202e-03 -1.000 4.962e-03 4.347 4.262 4.488 3.880
0.005 -0.48482 8.60000 1.0918244123 2.4902937965    1.091  0.264  3.8211  4.448    1  0.000  0.537     0.00     0.00     0.00     0.00     0.00 -1 -1.14e-13      0.00 7.436e-01 2.514e-01 8.873e-04 2.424e-04 2.202e-03 -1.000 4.991e-03 4.111 4.028 4.237 3.670
0.005 -0.48482 8.60000 1.1408023834 2.4982588162    1.140  0.355  3.8317  4.419    1  0.000  0.537     0.00     0.00     0.00     0.00     0.00 -1 -1.31e-13      0.00 7.437e-01 2.513e-01 8.870e-04 2.423e-04 2.202e-03 -1.000 5.001e-03 3.883 3.803 3.995 3.469
0.005 -0.48482 8.60000 1.1416304111 2.4983867333    1.141  0.356  3.8319  4.418    1  0.000  0.537     0.00     0.00     0.00     0.00     0.00 -1 -1.31e-13      0.00 7.437e-01 2.513e-01 8.870e-04 2.423e-04 2.202e-03 -1.000 5.001e-03 3.879 3.800 3.991 3.465
0.005 -0.48482 8.60000 1.1897804737 2.5054744552    1.189  0.441  3.8427  4.395    1  0.000  0.537     0.00     0.00     0.00     0.00     0.00 -1 -1.47e-13      0.00 7.436e-01 2.515e-01 8.871e-04 2.424e-04 2.202e-03 -1.000 4.983e-03 3.668 3.592 3.766 3.282
0.005 -0.48482 8.60000 1.2387585640 2.5120378777    1.238  0.522  3.8549  4.380    1  0.000  0.537     0.00     0.00     0.00     0.00     0.00 -1  -1.6e-13      0.00 7.437e-01 2.512e-01 8.868e-04 2.422e-04 2.201e-03 -1.000 5.035e-03 3.464 3.392 3.549 3.110
0.005 -0.48482 8.60000 1.2877364159 2.5180304399    1.287  0.600  3.8688  4.375    1  0.000  0.537     0.00     0.00     0.00     0.00     0.00 -1 -1.68e-13      0.00 7.440e-01 2.510e-01 8.861e-04 2.421e-04 2.200e-03 -1.000 5.008e-03 3.270 3.203 3.339 2.954
0.005 -0.48482 8.60000 1.2982966900 2.5192545618    1.298  0.616  3.8722  4.376    1  0.000  0.537     0.00     0.00     0.00     0.00     0.00 -1 -1.69e-13      0.00 7.440e-01 2.510e-01 8.859e-04 2.421e-04 2.199e-03 -1.000 5.006e-03 3.229 3.164 3.295 2.923
0.005 -0.48482 8.60000 1.3367147446 2.5235208592    1.337  0.675  3.8845  4.379    1  0.000  0.537     0.00     0.00     0.00     0.00     0.00 -1 -1.72e-13      0.00 7.442e-01 2.508e-01 8.856e-04 2.419e-04 2.198e-03 -1.000 4.995e-03 3.084 3.025 3.139 2.814
0.005 -0.48482 8.60000 1.3431346416 2.5242064675    1.343  0.684  3.8866  4.380    1  0.000  0.537     0.00     0.00     0.00     0.00     0.00 -1 -1.72e-13      0.00 7.442e-01 2.508e-01 8.855e-04 2.419e-04 2.198e-03 -1.000 4.997e-03 3.060 3.003 3.114 2.796
0.005 -0.48482 8.60000 1.3856927156 2.5285672999    1.386  0.746  3.9002  4.386    1  0.000  0.537     0.00     0.00     0.00     0.00     0.00 -1 -1.71e-13      0.00 7.444e-01 2.506e-01 8.849e-04 2.418e-04 2.197e-03 -1.000 4.996e-03 2.905 2.858 2.950 2.685
0.005 -0.48482 8.60000 1.4346706867 2.5332195553    1.435  0.815  3.9152  4.392    1  0.000  0.537     0.00     0.00     0.00     0.00     0.00 -1 -1.65e-13      0.00 7.446e-01 2.504e-01 8.844e-04 2.417e-04 2.196e-03 -1.000 4.999e-03 2.731 2.702 2.773 2.566
0.005 -0.48482 8.60000 1.4836487770 2.5375203611    1.484  0.882  3.9293  4.396    1  0.000  0.537     0.00     0.00     0.00     0.00     0.00 -1 -1.53e-13      0.00 7.448e-01 2.502e-01 8.838e-04 2.415e-04 2.195e-03 -1.000 5.001e-03 2.565 2.557 2.610 2.455
0.005 -0.48482 8.60000 1.5326267481 2.5415065793    1.532  0.946  3.9422  4.398    1  0.000  0.537     0.00     0.00     0.00     0.00     0.00 -1 -1.34e-13      0.00 7.449e-01 2.501e-01 8.835e-04 2.414e-04 2.194e-03 -1.000 4.971e-03 2.404 2.429 2.467 2.355
0.005 -0.48482 8.60000 1.5816048384 2.5452102246    1.581  1.008  3.9540  4.397    1  0.000  0.537     0.00     0.00     0.00     0.00     0.00 -1 -1.07e-13      0.00 7.451e-01 2.499e-01 8.830e-04 2.413e-04 2.193e-03 -1.000 5.000e-03 2.251 2.310 2.337 2.259
0.005 -0.48482 8.60000 1.6305828094 2.5486591609    1.630  1.067  3.9646  4.394    1  0.000  0.537     0.00     0.00     0.00     0.00     0.00 -1 -6.81e-14      0.00 7.452e-01 2.498e-01 8.829e-04 2.412e-04 2.192e-03 -1.000 4.978e-03 2.103 2.198 2.216 2.165
0.005 -0.48482 8.60000 1.6736118793 2.5514984062    1.673  1.117  3.9730  4.389    1  0.000  0.537     0.00     0.00     0.00     0.00     0.00 -1 -1.11e-22      0.00 7.453e-01 2.497e-01 8.825e-04 2.412e-04 2.191e-03 -1.000 4.957e-03 1.978 2.105 2.116 2.084
0.005 -0.48482 8.60000 1.6795608997 2.5518778061    1.679  1.124  3.9742  4.388    1  0.000  0.537     0.00     0.00     0.00     0.00     0.00 -1 -7.05e-24      0.00 7.454e-01 2.497e-01 8.825e-04 2.412e-04 2.191e-03 -1.000 4.958e-03 1.961 2.092 2.102 2.073
0.005 -0.48482 8.60000 1.7285389900 2.5548875929    1.727  1.179  3.9831  4.381    1  0.000  0.537     0.00     0.00     0.00     0.00     0.00 -1    -1e-30      0.00 7.454e-01 2.496e-01 8.823e-04 2.411e-04 2.190e-03 -1.000 5.002e-03 1.822 1.989 1.993 1.983
0.005 -0.48482 8.60000 1.7775169611 2.5577074260    1.776  1.233  3.9914  4.372    1  0.000  0.537     0.00     0.00     0.00     0.00     0.00 -1    -1e-30      0.00 7.455e-01 2.495e-01 8.822e-04 2.410e-04 2.190e-03 -1.000 4.971e-03 1.687 1.889 1.887 1.893
0.005 -0.48482 8.60000 1.8120030165 2.5595880817    1.811  1.271  3.9968  4.364    1  0.000  0.537     0.00     0.00     0.00     0.00     0.00 -1    -1e-30      0.00 7.456e-01 2.495e-01 8.821e-04 2.410e-04 2.190e-03 -1.000 4.964e-03 1.593 1.819 1.815 1.829
0.005 -0.48482 8.60000 1.8271399736 2.5603878217    1.826  1.287  3.9992  4.361    1  0.000  0.537     0.00     0.00     0.00     0.00     0.00 -1    -1e-30      0.00 7.456e-01 2.495e-01 8.821e-04 2.410e-04 2.190e-03 -1.000 4.965e-03 1.552 1.789 1.783 1.801
0.005 -0.48482 8.60000 1.8705296516 2.5625979942    1.869  1.333  4.0057  4.351    1  0.000  0.537     0.00     0.00     0.00     0.00     0.00 -1    -1e-30      0.00 7.456e-01 2.494e-01 8.817e-04 2.410e-04 2.190e-03 -1.000 4.983e-03 1.437 1.703 1.694 1.723
0.005 -0.48482 8.60000 1.8767631054 2.5629058721    1.876  1.340  4.0065  4.349    1  0.000  0.537     0.00     0.00     0.00     0.00     0.00 -1    -1e-30      0.00 7.456e-01 2.494e-01 8.817e-04 2.409e-04 2.190e-03 -1.000 4.986e-03 1.420 1.691 1.681 1.711
0.005 -0.48482 8.60000 1.9263861179 2.5652753117    1.926  1.392  4.0134  4.336    1  0.000  0.537     0.00     0.00     0.00     0.00     0.00 -1    -1e-30      0.00 7.456e-01 2.494e-01 8.817e-04 2.409e-04 2.190e-03 -1.000 4.976e-03 1.289 1.592 1.578 1.619
0.005 -0.48482 8.60000 1.9632768631 2.5669478191    1.963  1.431  4.0183  4.325    1  0.000  0.537     0.00     0.00     0.00     0.00     0.00 -1    -1e-30      0.00 7.457e-01 2.494e-01 8.818e-04 2.409e-04 2.190e-03 -1.000 4.983e-03 1.193 1.520 1.504 1.551
0.005 -0.48482 8.60000 1.9760092497 2.5675084202    1.976  1.444  4.0199  4.322    1  0.000  0.537     0.00     0.00     0.00     0.00     0.00 -1    -1e-30      0.00 7.457e-01 2.494e-01 8.818e-04 2.409e-04 2.190e-03 -1.000 4.971e-03 1.160 1.495 1.477 1.528
0.005 -0.48482 8.60000 2.0256323814 2.5696161724    2.025  1.495  4.0260  4.306    1  0.000  0.537     0.00     0.00     0.00     0.00     0.00 -1    -1e-30      0.00 7.457e-01 2.494e-01 8.817e-04 2.409e-04 2.189e-03 -1.000 4.946e-03 1.033 1.397 1.377 1.435
0.005 -0.48482 8.60000 2.0752551556 2.5716084101    2.074  1.545  4.0316  4.288    1  0.000  0.537     0.00     0.00     0.00     0.00     0.00 -1    -1e-30      0.00 7.456e-01 2.494e-01 8.819e-04 2.410e-04 2.189e-03 -1.000 4.996e-03 0.907 1.299 1.276 1.342
0.005 -0.48482 8.60000 2.1248781681 2.5734940270    2.124  1.595  4.0366  4.268    1  0.000  0.537     0.00     0.00     0.00     0.00     0.00 -1    -1e-30      0.00 7.456e-01 2.494e-01 8.819e-04 2.410e-04 2.189e-03 -1.000 4.964e-03 0.782 1.199 1.174 1.245
0.005 -0.48482 8.60000 2.1500246525 2.5744114395    2.149  1.620  4.0389  4.258    1  0.000  0.537     0.00     0.00     0.00     0.00     0.00 -1    -1e-30      0.00 7.456e-01 2.494e-01 8.819e-04 2.410e-04 2.190e-03 -1.000 4.965e-03 0.719 1.148 1.122 1.196
0.005 -0.48482 8.60000 2.1745014191 2.5752810240    2.173  1.645  4.0410  4.246    1  0.000  0.537     0.00     0.00     0.00     0.00     0.00 -1    -1e-30      0.00 7.456e-01 2.494e-01 8.818e-04 2.410e-04 2.190e-03 -1.000 4.961e-03 0.658 1.097 1.070 1.147
0.005 -0.48482 8.60000 2.1924903393 2.5759058998    2.191  1.663  4.0425  4.238    1  0.000  0.537     0.00     0.00     0.00     0.00     0.00 -1    -1e-30      0.00 7.456e-01 2.494e-01 8.819e-04 2.410e-04 2.190e-03 -1.000 4.965e-03 0.613 1.059 1.032 1.110
0.005 -0.48482 8.60000 2.2241244316 2.5769766210    2.223  1.695  4.0448  4.221    1  0.000  0.537     0.00     0.00     0.00     0.00     0.00 -1    -1e-30      0.00 7.456e-01 2.495e-01 8.821e-04 2.410e-04 2.190e-03 -1.000 4.987e-03 0.533 0.991 0.963 1.044
0.005 -0.48482 8.60000 2.2564239502 2.5780343189    2.255  1.727  4.0469  4.204    1  0.000  0.537     0.00     0.00     0.00     0.00     0.00 -1    -1e-30      0.00 7.456e-01 2.495e-01 8.821e-04 2.410e-04 2.190e-03 -1.000 4.970e-03 0.453 0.922 0.892 0.976
0.005 -0.48482 8.60000 2.2737474442 2.5785873869    2.272  1.744  4.0478  4.194    1  0.000  0.537     0.00     0.00     0.00     0.00     0.00 -1    -1e-30      0.00 7.456e-01 2.495e-01 8.822e-04 2.410e-04 2.190e-03 -1.000 4.978e-03 0.410 0.883 0.853 0.938
0.005 -0.48482 8.60000 2.3034069538 2.5795121191    2.302  1.774  4.0494  4.176    1  0.000  0.537     0.00     0.00     0.00     0.00     0.00 -1    -1e-30      0.00 7.455e-01 2.495e-01 8.821e-04 2.410e-04 2.190e-03 -1.000 4.984e-03 0.336 0.817 0.787 0.874
0.005 -0.48482 8.60000 2.3233704567 2.5801192816    2.322  1.794  4.0502  4.163    1  0.000  0.537     0.00     0.00     0.00     0.00     0.00 -1    -1e-30      0.00 7.455e-01 2.495e-01 8.821e-04 2.411e-04 2.191e-03 -1.000 4.971e-03 0.286 0.771 0.740 0.828
0.005 -0.48482 8.60000 2.3687255383 2.5814550531    2.367  1.839  4.0514  4.130    1  0.000  0.537     0.00     0.00     0.00     0.00     0.00 -1    -1e-30      0.00 7.454e-01 2.496e-01 8.824e-04 2.411e-04 2.191e-03 -1.000 4.964e-03 0.172 0.663 0.631 0.721
0.005 -0.48482 8.60000 2.3729934692 2.5815777304    2.372  1.844  4.0514  4.127    1  0.000  0.537     0.00     0.00     0.00     0.00     0.00 -1    -1e-30      0.00 7.454e-01 2.496e-01 8.824e-04 2.411e-04 2.191e-03 -1.000 4.960e-03 0.161 0.652 0.621 0.710
0.005 -0.48482 8.60000 2.3849632740 2.5819190979    2.384  1.855  4.0517  4.119    1  0.000  0.537     0.00     0.00     0.00     0.00     0.00 -1    -1e-30      0.00 7.452e-01 2.498e-01 8.830e-04 2.413e-04 2.192e-03 -1.000 4.959e-03 0.132 0.624 0.593 0.683
0.005 -0.48482 8.60000 2.4226169586 2.5829676955    2.421  1.892  4.0517  4.089    1  0.000  0.537     0.00     0.00     0.00     0.00     0.00 -1    -1e-30      0.00 7.446e-01 2.504e-01 8.852e-04 2.418e-04 2.198e-03 -1.000 4.968e-03 0.039 0.532 0.500 0.590
0.005 -0.48482 8.60000 2.4501311779 2.5837105322    2.449  1.920  4.0515  4.065    1  0.000  0.537     0.00     0.00     0.00     0.00     0.00 -1    -1e-30      0.00 7.437e-01 2.514e-01 8.877e-04 2.425e-04 2.204e-03 -1.000 4.987e-03 -0.030 0.462 0.430 0.520
0.005 -0.48482 8.60000 2.4939343929 2.5848543428    2.493  1.964  4.0499  4.022    1  0.000  0.537     0.00     0.00     0.00     0.00     0.00 -1    -1e-30      0.00 7.421e-01 2.529e-01 8.920e-04 2.436e-04 2.214e-03 -1.000 5.034e-03 -0.140 0.343 0.311 0.400
0.005 -0.48482 8.60000 2.5390291214 2.5859845913    2.538  2.010  4.0464  3.970    1  0.000  0.537     0.00     0.00     0.00     0.00     0.00 -1    -1e-30      0.00 7.405e-01 2.545e-01 8.966e-04 2.448e-04 2.224e-03 -1.000 5.054e-03 -0.255 0.209 0.178 0.264
0.005 -0.48482 8.60000 2.5762951374 2.5868843635    2.575  2.049  4.0419  3.920    1  0.000  0.537     0.00     0.00     0.00     0.00     0.00 -1    -1e-30      0.00 7.390e-01 2.559e-01 9.004e-04 2.458e-04 2.234e-03 -1.000 5.073e-03 -0.352 0.089 0.060 0.141
0.005 -0.48482 8.60000 2.6157746315 2.5878054892    2.615  2.090  4.0350  3.858    1  0.000  0.538     0.00     0.00     0.00     0.00     0.00 -1    -1e-30      0.00 7.375e-01 2.574e-01 9.047e-04 2.470e-04 2.244e-03 -1.000 5.098e-03 -0.455 -0.049 -0.076 -0.002
0.005 -0.48482 8.60000 2.6211090088 2.5879275048    2.620  2.096  4.0337  3.847    1  0.000  0.538     0.00     0.00     0.00     0.00     0.00 -1    -1e-30      0.00 7.372e-01 2.577e-01 9.053e-04 2.471e-04 2.245e-03 -1.000 5.101e-03 -0.469 -0.070 -0.096 -0.024
0.005 -0.48482 8.60000 2.6457598209 2.5884840125    2.645  2.122  4.0273  3.800    1  0.000  0.538     0.00     0.00     0.00     0.00     0.00 -1    -1e-30      0.00 7.372e-01 2.577e-01 9.053e-04 2.471e-04 2.245e-03 -1.000 5.101e-03 -0.534 -0.168 -0.191 -0.126
0.005 -0.48482 8.60000 2.6737697124 2.5891020531    2.673  2.152  4.0188  3.741    1  0.000  0.538     0.00     0.00     0.00     0.00     0.00 -1    -1e-30      0.00 7.372e-01 2.577e-01 9.053e-04 2.471e-04 2.245e-03 -1.000 5.101e-03 -0.609 -0.284 -0.305 -0.248
0.005 -0.48482 8.60000 2.6982860565 2.5896309155    2.698  2.179  4.0102  3.683    1  0.000  0.538     0.00     0.00     0.00     0.00     0.00 -1    -1e-30      0.00 7.372e-01 2.577e-01 9.053e-04 2.471e-04 2.245e-03 -1.000 5.101e-03 -0.678 -0.395 -0.412 -0.365
0.005 -0.48482 8.60000 2.7253832817 2.5902027402    2.725  2.214  4.0022  3.621    1  0.000  0.538     0.00     0.00     0.00     0.00     0.00 -1    -1e-30      0.00 7.372e-01 2.577e-01 9.053e-04 2.471e-04 2.245e-03 -1.000 5.101e-03 -0.764 -0.520 -0.534 -0.496
0.005 -0.48482 8.60000 2.7263219357 2.5902223142    2.726  2.215  4.0021  3.619    1  0.000  0.538     0.00     0.00     0.00     0.00     0.00 -1    -1e-30      0.00 7.372e-01 2.577e-01 9.053e-04 2.471e-04 2.245e-03 -1.000 5.101e-03 -0.768 -0.524 -0.538 -0.501
0.005 -0.48482 8.60000 2.7352559566 2.5904078448    2.735  2.237  4.0098  3.629    1  0.000  0.538     0.00     0.00     0.00     0.00     0.00 -1    -1e-30      0.00 7.372e-01 2.577e-01 9.053e-04 2.471e-04 2.245e-03 -1.000 5.101e-03 -0.822 -0.542 -0.559 -0.512
0.005 -0.48482 8.60000 2.7394630909 2.5904947315    2.739  2.254  4.0197  3.653    1  0.000  0.538     0.00     0.00     0.00     0.00     0.00 -1    -1e-30      0.00 7.372e-01 2.577e-01 9.053e-04 2.471e-04 2.245e-03 -1.000 5.101e-03 -0.864 -0.536 -0.557 -0.499
0.005 -0.48482 8.60000 2.7410850525 2.5905281467    2.741  2.270  4.0310  3.682    1  0.000  0.538     0.00     0.00     0.00     0.00     0.00 -1    -1e-30      0.00 7.372e-01 2.577e-01 9.053e-04 2.471e-04 2.245e-03 -1.000 5.101e-03 -0.904 -0.520 -0.545 -0.475
0.005 -0.48482 8.60000 2.7418289185 2.5905434564    2.741  2.285  4.0412  3.708    1  0.000  0.538     0.00     0.00     0.00     0.00     0.00 -1    -1e-30      0.00 7.372e-01 2.577e-01 9.053e-04 2.471e-04 2.245e-03 -1.000 5.101e-03 -0.942 -0.507 -0.536 -0.455
0.005 -0.48482 8.60000 2.7422745228 2.5905526229    2.742  2.304  4.0519  3.732    1  0.000  0.538     0.00     0.00     0.00     0.00     0.00 -1    -1e-30      0.00 7.372e-01 2.577e-01 9.053e-04 2.471e-04 2.245e-03 -1.000 5.101e-03 -0.990 -0.499 -0.532 -0.441
0.005 -0.48482 8.60000 2.7425508499 2.5905583055    2.742  2.323  4.0616  3.751    1  0.000  0.538     0.00     0.00     0.00     0.00     0.00 -1    -1e-30      0.00 7.372e-01 2.577e-01 9.053e-04 2.471e-04 2.245e-03 -1.000 5.101e-03 -1.038 -0.498 -0.534 -0.433
0.005 -0.48482 8.60000 2.7426443100 2.5905602272    2.742  2.328  4.0643  3.758    1  0.000  0.538     0.00     0.00     0.00     0.00     0.00 -1    -1e-30      0.00 7.372e-01 2.577e-01 9.053e-04 2.471e-04 2.245e-03 -1.000 5.101e-03 -1.049 -0.494 -0.532 -0.428
0.005 -0.48482 8.60000 2.7427995205 2.5905634183    2.742  2.292  4.0537  3.751    2  0.000  0.538     0.00     0.00     0.00     0.00     0.00 -1    -1e-30      0.00 7.372e-01 2.577e-01 9.053e-04 2.471e-04 2.245e-03 -1.000 5.101e-03 -0.959 -0.460 -0.493 -0.400
0.005 -0.48482 8.60000 2.7428803444 2.5905650798    2.742  2.278  4.0452  3.731    2  0.000  0.538     0.00     0.00     0.00     0.00     0.00 -1    -1e-30      0.00 7.372e-01 2.577e-01 9.053e-04 2.471e-04 2.245e-03 -1.000 5.101e-03 -0.924 -0.468 -0.499 -0.414
0.005 -0.48482 8.60000 2.7429866791 2.5905672656    2.743  2.274  4.0339  3.689    2  0.000  0.538     0.00     0.00     0.00     0.00     0.00 -1    -1e-30      0.00 7.372e-01 2.577e-01 9.053e-04 2.471e-04 2.245e-03 -1.000 5.101e-03 -0.916 -0.517 -0.544 -0.471
0.005 -0.48482 8.60000 2.7431139946 2.5905698824    2.743  2.285  4.0222  3.631    2  0.000  0.538     0.00     0.00     0.00     0.00     0.00 -1    -1e-30      0.00 7.372e-01 2.577e-01 9.053e-04 2.471e-04 2.245e-03 -1.000 5.101e-03 -0.944 -0.604 -0.626 -0.565
0.005 -0.48482 8.60000 2.7432646751 2.5905729791    2.743  2.300  4.0103  3.569    2  0.000  0.538     0.00     0.00     0.00     0.00     0.00 -1    -1e-30      0.00 7.372e-01 2.577e-01 9.053e-04 2.471e-04 2.245e-03 -1.000 5.101e-03 -0.981 -0.698 -0.716 -0.668
0.005 -0.48482 8.60000 2.7434332371 2.5905764428    2.743  2.311  3.9984  3.510    2  0.000  0.538     0.00     0.00     0.00     0.00     0.00 -1    -1e-30      0.00 7.372e-01 2.577e-01 9.053e-04 2.471e-04 2.245e-03 -1.000 5.101e-03 -1.009 -0.782 -0.795 -0.761
0.005 -0.48482 8.60000 2.7436168194 2.5905802146    2.743  2.319  3.9865  3.456    2  0.000  0.538     0.00     0.00     0.00     0.00     0.00 -1    -1e-30      0.00 7.372e-01 2.577e-01 9.053e-04 2.471e-04 2.245e-03 -1.000 5.101e-03 -1.026 -0.854 -0.861 -0.844
0.005 -0.48482 8.60000 2.7438132763 2.5905842503    2.743  2.323  3.9745  3.403    2  0.000  0.538     0.00     0.00     0.00     0.00     0.00 -1    -1e-30      0.00 7.372e-01 2.577e-01 9.053e-04 2.471e-04 2.245e-03 -1.000 5.101e-03 -1.037 -0.916 -0.917 -0.918
0.005 -0.48482 8.60000 2.7440183163 2.5905884616    2.744  2.325  3.9625  3.353    2  0.000  0.538     0.00     0.00     0.00     0.00     0.00 -1    -1e-30      0.00 7.372e-01 2.577e-01 9.053e-04 2.471e-04 2.245e-03 -1.000 5.101e-03 -1.042 -0.970 -0.964 -0.985
0.005 -0.48482 8.60000 2.7442278862 2.5905927652    2.744  2.325  3.9504  3.304    2  0.000  0.538     0.00     0.00     0.00     0.00     0.00 -1    -1e-30      0.00 7.372e-01 2.577e-01 9.053e-04 2.471e-04 2.245e-03 -1.000 5.101e-03 -1.044 -1.016 -1.002 -1.047
0.005 -0.48482 8.60000 2.7444374561 2.5905970680    2.744  2.325  3.9382  3.257    2  0.000  0.538     0.00     0.00     0.00     0.00     0.00 -1    -1e-30      0.00 7.372e-01 2.577e-01 9.053e-04 2.471e-04 2.245e-03 -1.000 5.101e-03 -1.042 -1.054 -1.031 -1.103
0.005 -0.48482 8.60000 2.7446427345 2.5906012820    2.744  2.323  3.9261  3.210    2  0.000  0.538     0.00     0.00     0.00     0.00     0.00 -1    -1e-30      0.00 7.372e-01 2.577e-01 9.053e-04 2.471e-04 2.245e-03 -1.000 5.101e-03 -1.037 -1.083 -1.049 -1.153
0.005 -0.48482 8.60000 2.7448410988 2.5906053534    2.744  2.320  3.9139  3.164    2  0.000  0.538     0.00     0.00     0.00     0.00     0.00 -1    -1e-30      0.00 7.372e-01 2.577e-01 9.053e-04 2.471e-04 2.245e-03 -1.000 5.101e-03 -1.030 -1.103 -1.056 -1.197
0.005 -0.48482 8.60000 2.7450304031 2.5906092382    2.745  2.316  3.9016  3.119    2  0.000  0.538     0.00     0.00     0.00     0.00     0.00 -1    -1e-30      0.00 7.372e-01 2.577e-01 9.053e-04 2.471e-04 2.245e-03 -1.000 5.101e-03 -1.020 -1.115 -1.054 -1.236
0.005 -0.48482 8.60000 2.7452094555 2.5906129120    2.745  2.312  3.8895  3.075    2  0.000  0.538     0.00     0.00     0.00     0.00     0.00 -1    -1e-30      0.00 7.372e-01 2.577e-01 9.053e-04 2.471e-04 2.245e-03 -1.000 5.101e-03 -1.009 -1.120 -1.042 -1.270
0.005 -0.48482 8.60000 2.7453777790 2.5906163652    2.745  2.307  3.8773  3.031    2  0.000  0.538     0.00     0.00     0.00     0.00     0.00 -1    -1e-30      0.00 7.372e-01 2.577e-01 9.053e-04 2.471e-04 2.245e-03 -1.000 5.101e-03 -0.997 -1.117 -1.020 -1.301
0.005 -0.48482 8.60000 2.7455353737 2.5906195978    2.745  2.301  3.8651  2.988    2  0.000  0.538     0.00     0.00     0.00     0.00     0.00 -1    -1e-30      0.00 7.372e-01 2.577e-01 9.053e-04 2.471e-04 2.245e-03 -1.000 5.101e-03 -0.983 -1.110 -0.994 -1.326
0.005 -0.48482 8.60000 2.7456824780 2.5906226149    2.745  2.295  3.8530  2.945    2  0.000  0.538     0.00     0.00     0.00     0.00     0.00 -1    -1e-30      0.00 7.372e-01 2.577e-01 9.053e-04 2.471e-04 2.245e-03 -1.000 5.101e-03 -0.967 -1.098 -0.962 -1.347
0.005 -0.48482 8.60000 2.7458193302 2.5906254214    2.745  2.288  3.8409  2.904    2  0.000  0.538     0.00     0.00     0.00     0.00     0.00 -1    -1e-30      0.00 7.372e-01 2.577e-01 9.053e-04 2.471e-04 2.245e-03 -1.000 5.101e-03 -0.951 -1.083 -0.927 -1.363
0.005 -0.48482 8.60000 2.7459468842 2.5906280369    2.746  2.281  3.8290  2.863    2  0.000  0.538     0.00     0.00     0.00     0.00     0.00 -1    -1e-30      0.00 7.372e-01 2.577e-01 9.053e-04 2.471e-04 2.245e-03 -1.000 5.101e-03 -0.933 -1.066 -0.889 -1.376
0.005 -0.48482 8.60000 2.7460656166 2.5906304712    2.746  2.274  3.8174  2.824    2  0.000  0.538     0.00     0.00     0.00     0.00     0.00 -1    -1e-30      0.00 7.372e-01 2.577e-01 9.053e-04 2.471e-04 2.245e-03 -1.000 5.101e-03 -0.914 -1.045 -0.848 -1.384
0.005 -0.48482 8.60000 2.7461764812 2.5906327441    2.746  2.266  3.8062  2.788    2  0.000  0.538     0.00     0.00     0.00     0.00     0.00 -1    -1e-30      0.00 7.372e-01 2.577e-01 9.053e-04 2.471e-04 2.245e-03 -1.000 5.101e-03 -0.894 -1.022 -0.804 -1.389
0.005 -0.48482 8.60000 2.7462799549 2.5906348652    2.746  2.257  3.7957  2.754    2  0.000  0.538     0.00     0.00     0.00     0.00     0.00 -1    -1e-30      0.00 7.372e-01 2.577e-01 9.053e-04 2.471e-04 2.245e-03 -1.000 5.101e-03 -0.873 -0.996 -0.759 -1.390
0.005 -0.48482 8.60000 2.7463779449 2.5906368737    2.746  2.248  3.7861  2.724    2  0.000  0.538     0.00     0.00     0.00     0.00     0.00 -1    -1e-30      0.00 7.372e-01 2.577e-01 9.053e-04 2.471e-04 2.245e-03 -1.000 5.101e-03 -0.851 -0.968 -0.712 -1.386
0.005 -0.48482 8.60000 2.7464721203 2.5906388039    2.746  2.239  3.7776  2.700    2  0.000  0.538     0.00     0.00     0.00     0.00     0.00 -1    -1e-30      0.00 7.372e-01 2.577e-01 9.053e-04 2.471e-04 2.245e-03 -1.000 5.101e-03 -0.827 -0.938 -0.665 -1.377
0.005 -0.48482 8.60000 2.7465741634 2.5906408952    2.746  2.227  3.7695  2.680    2  0.000  0.538     0.00     0.00     0.00     0.00     0.00 -1    -1e-30      0.00 7.372e-01 2.577e-01 9.053e-04 2.471e-04 2.245e-03 -1.000 5.101e-03 -0.797 -0.901 -0.611 -1.360
0.005 -0.48482 8.60000 2.7466974258 2.5906434211    2.746  2.211  3.7615  2.664    2  0.000  0.538     0.00     0.00     0.00     0.00     0.00 -1    -1e-30      0.00 7.372e-01 2.577e-01 9.053e-04 2.471e-04 2.245e-03 -1.000 5.101e-03 -0.757 -0.853 -0.547 -1.330
0.005 -0.48482 8.60000 2.7468669415 2.5906468944    2.746  2.185  3.7523  2.653    2  0.000  0.538     0.00     0.00     0.00     0.00     0.00 -1    -1e-30      0.00 7.372e-01 2.577e-01 9.053e-04 2.471e-04 2.245e-03 -1.000 5.101e-03 -0.693 -0.778 -0.453 -1.277
0.005 -0.48482 8.60000 2.7470254898 2.5906501426    2.747  2.158  3.7448  2.650    2  0.000  0.538     0.00     0.00     0.00     0.00     0.00 -1    -1e-30      0.00 7.372e-01 2.577e-01 9.053e-04 2.471e-04 2.245e-03 -1.000 5.101e-03 -0.626 -0.701 -0.361 -1.215
0.005 -0.48482 8.60000 2.7471835613 2.5906533805    2.747  2.132  3.7379  2.649    2  0.000  0.538     0.00     0.00     0.00     0.00     0.00 -1    -1e-30      0.00 7.372e-01 2.577e-01 9.053e-04 2.471e-04 2.245e-03 -1.000 5.101e-03 -0.559 -0.624 -0.271 -1.154
0.005 -0.48482 8.60000 2.7473537922 2.5906568671    2.747  2.110  3.7307  2.642    2  0.000  0.538     0.00     0.00     0.00     0.00     0.00 -1    -1e-30      0.00 7.372e-01 2.577e-01 9.053e-04 2.471e-04 2.245e-03 -1.000 5.101e-03 -0.505 -0.560 -0.191 -1.105
0.005 -0.48482 8.60000 2.7474827766 2.5906595085    2.747  2.100  3.7253  2.630    2  0.000  0.538     0.00     0.00     0.00     0.00     0.00 -1    -1e-30      0.00 7.372e-01 2.577e-01 9.053e-04 2.471e-04 2.245e-03 -1.000 5.101e-03 -0.480 -0.526 -0.145 -1.083
0.005 -0.48482 8.60000 2.7475538254 2.5906609634    2.747  2.103  3.7225  2.616    3  0.000  0.538     0.00     0.00     0.00     0.00     0.00 -1    -1e-30      0.00 7.372e-01 2.577e-01 9.053e-04 2.471e-04 2.245e-03 -1.000 5.101e-03 -0.488 -0.530 -0.143 -1.093
0.005 -0.48482 8.60000 2.7477705479 2.5906654007    2.747  2.131  3.7147  2.556    3  0.000  0.537     0.00     0.00     0.00     0.00     0.00 -1    -1e-30      0.00 7.372e-01 2.577e-01 9.051e-04 2.472e-04 2.245e-03 -1.000 5.101e-03 -0.558 -0.586 -0.182 -1.166
0.005 -0.48482 8.60000 2.7479693890 2.5906694711    2.748  2.170  3.7087  2.494    3  0.000  0.535     0.00     0.00     0.00     0.00     0.00 -1    -1e-30      0.00 7.370e-01 2.579e-01 9.014e-04 2.483e-04 2.245e-03 -1.000 5.101e-03 -0.654 -0.670 -0.252 -1.263
0.005 -0.48482 8.60000 2.7481470108 2.5906731067    2.748  2.203  3.7047  2.445    3  0.000  0.522     0.00     0.00     0.00     0.00     0.00 -1    -1e-30      0.00 7.368e-01 2.581e-01 8.788e-04 2.643e-04 2.245e-03 -1.000 5.101e-03 -0.738 -0.745 -0.318 -1.348
0.005 -0.48482 8.60000 2.7483687401 2.5906776442    2.748  2.240  3.7007  2.392    3  0.000  0.493     0.00     0.00     0.00     0.00     0.00 -1    -1e-30      0.00 7.366e-01 2.583e-01 8.285e-04 3.142e-04 2.245e-03 -1.000 5.110e-03 -0.830 -0.830 -0.392 -1.441
0.005 -0.48482 8.60000 2.7486348152 2.5906830881    2.748  2.278  3.6969  2.339    3  0.000  0.451     0.00     0.00     0.00     0.00     0.00 -1    -1e-30      0.00 7.362e-01 2.586e-01 7.571e-04 3.978e-04 2.245e-03 -1.000 5.141e-03 -0.924 -0.915 -0.468 -1.535
0.005 -0.48482 8.60000 2.7489447594 2.5906894281    2.749  2.319  3.6931  2.283    3  0.000  0.411     0.00     0.00     0.00     0.00     0.00 -1    -1e-30      0.00 7.358e-01 2.591e-01 6.917e-04 4.779e-04 2.245e-03 -1.000 5.171e-03 -1.027 -1.008 -0.551 -1.637
0.005 -0.48482 8.60000 2.7489912510 2.5906903790    2.749  2.325  3.6926  2.275    3  0.000  0.407     0.00     0.00     0.00     0.00     0.00 -1    -1e-30      0.00 7.357e-01 2.591e-01 6.844e-04 4.870e-04 2.245e-03 -1.000 5.144e-03 -1.041 -1.022 -0.563 -1.652
0.005 -0.48482 8.60000 2.7490375042 2.5906913249    2.749  2.331  3.6920  2.267    3  0.000  0.403     0.00     0.00     0.00     0.00     0.00 -1    -1e-30      0.00 7.357e-01 2.592e-01 6.772e-04 4.958e-04 2.245e-03 -1.000 5.116e-03 -1.056 -1.036 -0.576 -1.667
0.005 -0.48482 8.60000 2.7492408752 2.5906954837    2.749  2.357  3.6898  2.231    3  0.000  0.388     0.00     0.00     0.00     0.00     0.00 -1    -1e-30      0.00 7.353e-01 2.595e-01 6.526e-04 5.262e-04 2.244e-03 -1.000 5.180e-03 -1.122 -1.096 -0.630 -1.733
0.005 -0.48482 8.60000 2.7495458126 2.5907017181    2.749  2.397  3.6864  2.178    3  0.000  0.371     0.00     0.00     0.00     0.00     0.00 -1    -1e-30      0.00 7.349e-01 2.600e-01 6.236e-04 5.620e-04 2.244e-03 -1.000 5.163e-03 -1.222 -1.187 -0.712 -1.832
0.005 -0.48482 8.60000 2.7499012947 2.5907089839    2.750  2.444  3.6826  2.116    3  0.000  0.359     0.00     0.00     0.00     0.00     0.00 -1    -1e-30      0.00 7.338e-01 2.611e-01 5.989e-04 6.107e-04 2.223e-03 -1.000 5.145e-03 -1.340 -1.294 -0.808 -1.947
0.005 -0.48482 8.60000 2.7502057552 2.5907152051    2.750  2.484  3.6794  2.063    3  0.000  0.355     0.00     0.00     0.00     0.00     0.00 -1    -1e-30      0.00 7.314e-01 2.634e-01 5.828e-04 6.641e-04 2.185e-03 -1.000 5.159e-03 -1.440 -1.385 -0.891 -2.046
0.005 -0.48482 8.60000 2.7505099773 2.5907214199    2.750  2.524  3.6763  2.010    3  0.000  0.354     3.95     2.91     2.19     1.60     1.31  4    -1e-30      0.00 7.276e-01 2.672e-01 5.696e-04 7.195e-04 2.140e-03 -1.000 5.191e-03 -1.541 -1.476 -0.972 -2.144
0.005 -0.48482 8.60000 2.7508141994 2.5907276331    2.750  2.564  3.6734  1.958    3  0.000  0.354     4.37     3.20     2.39     1.75     1.43  4    -1e-30      0.00 7.233e-01 2.715e-01 5.585e-04 7.685e-04 2.100e-03 -1.000 5.174e-03 -1.641 -1.568 -1.055 -2.244
0.005 -0.48482 8.60000 2.7511689663 2.5907348766    2.751  2.611  3.6698  1.897    3  0.000  0.354     4.93     3.57     2.66     1.95     1.59  4    -1e-30      0.00 7.181e-01 2.767e-01 5.483e-04 8.137e-04 2.062e-03 -1.000 5.138e-03 -1.759 -1.676 -1.152 -2.361
0.005 -0.48482 8.60000 2.7514727116 2.5907410766    2.751  2.652  3.6667  1.844    3  0.000  0.354     5.48     3.94     2.92     2.14     1.75  4    -1e-30      0.00 7.141e-01 2.807e-01 5.417e-04 8.432e-04 2.038e-03 -1.000 5.153e-03 -1.861 -1.768 -1.235 -2.461
0.005 -0.48482 8.60000 2.7517383099 2.5907464967    2.751  2.688  3.6640  1.798    3  0.000  0.353     6.00     4.28     3.16     2.33     1.90  4    -1e-30      0.00 7.112e-01 2.837e-01 5.373e-04 8.627e-04 2.022e-03 -1.000 5.131e-03 -1.950 -1.849 -1.306 -2.548
0.005 -0.48482 8.60000 2.7519993782 2.5907518232    2.752  2.721  3.6614  1.754    3  0.000  0.353     6.54     4.63     3.41     2.51     2.05  4    -1e-30      0.00 7.088e-01 2.861e-01 5.339e-04 8.778e-04 2.010e-03 -1.000 5.118e-03 -2.033 -1.923 -1.373 -2.629
0.005 -0.48482 8.60000 2.7522623539 2.5907571874    2.752  2.745  3.6595  1.723    3  0.000  0.353     6.95     4.90     3.60     2.65     2.16  4    -1e-30      0.00 7.070e-01 2.879e-01 5.315e-04 8.885e-04 2.001e-03 -1.000 5.116e-03 -2.092 -1.976 -1.420 -2.686
0.005 -0.48482 8.60000 2.7526218891 2.5907645194    2.752  2.731  3.6608  1.742    3  0.000  0.353     6.70     4.73     3.48     2.56     2.09  4    -1e-30      0.00 7.069e-01 2.879e-01 5.315e-04 8.888e-04 2.001e-03 -1.000 5.130e-03 -2.057 -1.945 -1.392 -2.652
0.005 -0.48482 8.60000 2.7535264492 2.5907829562    2.753  2.701  3.6633  1.782    4  0.000  0.353     0.00     0.00     0.00     0.00     0.00 -1    -1e-30      0.00 7.069e-01 2.879e-01 5.315e-04 8.889e-04 2.001e-03 -1.000 5.130e-03 -1.982 -1.879 -1.335 -2.580
0.005 -0.48482 8.60000 2.7551689148 2.5908163975    2.755  2.663  3.6665  1.833    4  0.000  0.353     0.00     0.00     0.00     0.00     0.00 -1    -1e-30      0.00 7.069e-01 2.879e-01 5.314e-04 8.890e-04 2.001e-03 -1.000 5.129e-03 -1.888 -1.795 -1.261 -2.489
0.005 -0.48482 8.60000 2.7566392422 2.5908462951    2.756  2.631  3.6692  1.876    4  0.000  0.353     0.00     0.00     0.00     0.00     0.00 -1    -1e-30      0.00 7.070e-01 2.879e-01 5.314e-04 8.890e-04 2.001e-03 -1.000 5.128e-03 -1.807 -1.723 -1.197 -2.410
0.005 -0.48482 8.60000 2.7578833103 2.5908715633    2.758  2.599  3.6719  1.919    4  0.000  0.353     0.00     0.00     0.00     0.00     0.00 -1    -1e-30      0.00 7.070e-01 2.879e-01 5.314e-04 8.891e-04 2.000e-03 -1.000 5.128e-03 -1.727 -1.651 -1.133 -2.331
0.005 -0.48482 8.60000 2.7589259148 2.5908927194    2.759  2.568  3.6744  1.960    4  0.000  0.353     0.00     0.00     0.00     0.00     0.00 -1    -1e-30      0.00 7.070e-01 2.879e-01 5.314e-04 8.891e-04 2.000e-03 -1.000 5.127e-03 -1.651 -1.581 -1.072 -2.255
0.005 -0.48482 8.60000 2.7598674297 2.5909118085    2.760  2.539  3.6769  2.000    4  0.000  0.353     0.00     0.00     0.00     0.00     0.00 -1    -1e-30      0.00 7.070e-01 2.879e-01 5.314e-04 8.891e-04 2.000e-03 -1.000 5.127e-03 -1.576 -1.513 -1.011 -2.181
0.005 -0.48482 8.60000 2.7608203888 2.5909311143    2.760  2.507  3.6795  2.042    4  0.000  0.353     0.00     0.00     0.00     0.00     0.00 -1    -1e-30      0.00 7.070e-01 2.879e-01 5.314e-04 8.892e-04 2.000e-03 -1.000 5.126e-03 -1.497 -1.442 -0.948 -2.103
0.005 -0.48482 8.60000 2.7619674206 2.5909543315    2.762  2.468  3.6826  2.094    4  0.000  0.353     0.00     0.00     0.00     0.00     0.00 -1    -1e-30      0.00 7.070e-01 2.879e-01 5.314e-04 8.892e-04 2.000e-03 -1.000 5.126e-03 -1.399 -1.353 -0.868 -2.007
0.005 -0.48482 8.60000 2.7629699707 2.5909746061    2.763  2.434  3.6854  2.139    4  0.000  0.353     0.00     0.00     0.00     0.00     0.00 -1    -1e-30      0.00 7.070e-01 2.879e-01 5.314e-04 8.892e-04 2.000e-03 -1.000 5.126e-03 -1.315 -1.276 -0.798 -1.924
0.005 -0.48482 8.60000 2.7640619278 2.5909966695    2.764  2.399  3.6884  2.186    4  0.000  0.353     0.00     0.00     0.00     0.00     0.00 -1    -1e-30      0.00 7.070e-01 2.879e-01 5.314e-04 8.893e-04 2.000e-03 -1.000 5.125e-03 -1.227 -1.197 -0.727 -1.837
0.005 -0.48482 8.60000 2.7652964592 2.5910215896    2.765  2.363  3.6915  2.235    4  0.000  0.353     0.00     0.00     0.00     0.00     0.00 -1    -1e-30      0.00 7.070e-01 2.879e-01 5.314e-04 8.893e-04 2.000e-03 -1.000 5.124e-03 -1.136 -1.115 -0.653 -1.748
0.005 -0.48482 8.60000 2.7667839527 2.5910515819    2.766  2.325  3.6949  2.286    4  0.000  0.353     0.00     0.00     0.00     0.00     0.00 -1    -1e-30      0.00 7.070e-01 2.878e-01 5.314e-04 8.894e-04 2.000e-03 -1.000 5.124e-03 -1.043 -1.029 -0.576 -1.654
0.005 -0.48482 8.60000 2.7691967487 2.5911001523    2.769  2.279  3.6995  2.351    4  0.000  0.353     0.00     0.00     0.00     0.00     0.00 -1    -1e-30      0.00 7.071e-01 2.878e-01 5.314e-04 8.894e-04 2.000e-03 -1.000 5.123e-03 -0.928 -0.925 -0.484 -1.539
0.005 -0.48482 8.60000 2.7726714611 2.5911699287    2.772  2.241  3.7049  2.412    4  0.000  0.353     0.00     0.00     0.00     0.00     0.00 -1    -1e-30      0.00 7.071e-01 2.878e-01 5.314e-04 8.896e-04 2.000e-03 -1.000 5.121e-03 -0.832 -0.841 -0.413 -1.443
0.005 -0.48482 8.60000 2.7774434090 2.5912654281    2.777  2.218  3.7112  2.461    4  0.000  0.354     0.00     0.00     0.00     0.00     0.00 -1    -1e-30      0.00 7.071e-01 2.878e-01 5.314e-04 8.897e-04 2.000e-03 -1.000 5.119e-03 -0.774 -0.795 -0.383 -1.383
0.005 -0.48482 8.60000 2.7795448303 2.5913073635    2.779  2.225  3.7135  2.463    4  0.000  0.354     0.00     0.00     0.00     0.00     0.00 -1    -1e-30      0.00 7.071e-01 2.878e-01 5.314e-04 8.898e-04 2.000e-03 -1.000 5.118e-03 -0.794 -0.819 -0.412 -1.402
0.005 -0.48482 8.60000 2.7849886417 2.5914156604    2.785  2.250  3.7193  2.462    5  0.000  0.354     0.00     0.00     0.00     0.00     0.00 -1    -1e-30      0.00 7.072e-01 2.877e-01 5.314e-04 8.900e-04 2.000e-03 -1.000 5.116e-03 -0.855 -0.892 -0.498 -1.462
0.005 -0.48482 8.60000 2.7880625725 2.5914765972    2.788  2.270  3.7225  2.456    5  0.000  0.354     0.00     0.00     0.00     0.00     0.00 -1    -1e-30      0.00 7.072e-01 2.877e-01 5.314e-04 8.901e-04 1.999e-03 -1.000 5.114e-03 -0.904 -0.947 -0.560 -1.510
0.005 -0.48482 8.60000 2.7914655209 2.5915438762    2.791  2.287  3.7251  2.449    5  0.000  0.354     0.00     0.00     0.00     0.00     0.00 -1    -1e-30      0.00 7.072e-01 2.877e-01 5.314e-04 8.902e-04 1.999e-03 -1.000 5.113e-03 -0.948 -0.995 -0.614 -1.553
0.005 -0.48482 8.60000 2.8160057068 2.5920235245    2.816  2.354  3.7280  2.398    5  0.000  0.354     0.00     0.00     0.00     0.00     0.00 -1    -1e-30      0.00 7.074e-01 2.875e-01 5.313e-04 8.910e-04 1.998e-03 -1.000 5.102e-03 -1.114 -1.167 -0.792 -1.718
0.005 -0.48482 8.60000 2.8196010590 2.5920929912    2.819  2.363  3.7284  2.390    5  0.000  0.354     0.00     0.00     0.00     0.00     0.00 -1    -1e-30      0.00 7.074e-01 2.875e-01 5.313e-04 8.911e-04 1.998e-03 -1.000 5.101e-03 -1.138 -1.192 -0.817 -1.742
0.005 -0.48482 8.60000 2.8476963043 2.5926288869    2.847  2.434  3.7300  2.331    5  0.000  0.354     0.00     0.00     0.00     0.00     0.00 -1    -1e-30      0.00 7.077e-01 2.872e-01 5.316e-04 8.912e-04 1.998e-03 -1.000 5.102e-03 -1.315 -1.372 -1.001 -1.919
0.005 -0.48482 8.60000 2.8652677536 2.5929579128    2.865  2.474  3.7301  2.293    5  0.000  0.354     0.00     0.00     0.00     0.00     0.00 -1    -1e-30      0.00 7.078e-01 2.871e-01 5.317e-04 8.912e-04 1.998e-03 -1.000 5.103e-03 -1.416 -1.475 -1.103 -2.022
0.005 -0.48482 8.60000 2.8763937950 2.5931638596    2.876  2.491  3.7270  2.266    6  0.000  0.354     0.00     0.00     0.00     0.00     0.00 -1    -1e-30      0.00 7.079e-01 2.870e-01 5.318e-04 8.912e-04 1.998e-03 -1.000 5.103e-03 -1.457 -1.510 -1.132 -2.064
0.005 -0.48482 8.60000 2.8906326294 2.5934247674    2.890  2.508  3.7217  2.230    6  0.000  0.354     0.00     0.00     0.00     0.00     0.00 -1    -1e-30      0.00 7.081e-01 2.868e-01 5.320e-04 8.912e-04 1.997e-03 -1.000 5.104e-03 -1.499 -1.544 -1.154 -2.111
0.005 -0.48482 8.60000 2.9006836414 2.5936071664    2.900  2.508  3.7138  2.200    6  0.000  0.354     0.00     0.00     0.00     0.00     0.00 -1    -1e-30      0.00 7.082e-01 2.867e-01 5.321e-04 8.912e-04 1.997e-03 -1.000 5.104e-03 -1.499 -1.529 -1.120 -2.113
0.005 -0.48482 8.60000 2.9055781364 2.5936954632    2.905  2.502  3.7078  2.183    6  0.000  0.354     0.00     0.00     0.00     0.00     0.00 -1    -1e-30      0.00 7.082e-01 2.867e-01 5.321e-04 8.912e-04 1.997e-03 -1.000 5.105e-03 -1.484 -1.502 -1.079 -2.100
0.005 -0.48482 8.60000 2.9081697464 2.5937420775    2.908  2.496  3.7026  2.168    6  0.000  0.354     0.00     0.00     0.00     0.00     0.00 -1    -1e-30      0.00 7.082e-01 2.867e-01 5.321e-04 8.912e-04 1.997e-03 -1.000 5.105e-03 -1.471 -1.477 -1.042 -2.086
0.005 -0.48482 8.60000 2.9102592468 2.5937795910    2.910  2.516  3.6926  2.108    6  0.000  0.354     0.00     0.00     0.00     0.00     0.00 -1    -1e-30      0.00 7.082e-01 2.867e-01 5.321e-04 8.912e-04 1.997e-03 -1.000 5.105e-03 -1.521 -1.503 -1.042 -2.135
0.005 -0.48482 8.60000 2.9107954502 2.5937892077    2.910  2.556  3.6858  2.041    6  0.000  0.354     0.00     0.00     0.00     0.00     0.00 -1    -1e-30      0.00 7.082e-01 2.867e-01 5.321e-04 8.912e-04 1.997e-03 -1.000 5.105e-03 -1.621 -1.585 -1.106 -2.232
0.005 -0.48482 8.60000 2.9108586311 2.5937903406    2.911  2.568  3.6842  2.023    6  0.000  0.354     0.00     0.00     0.00     0.00     0.00 -1    -1e-30      0.00 7.082e-01 2.866e-01 5.321e-04 8.912e-04 1.997e-03 -1.000 5.105e-03 -1.651 -1.610 -1.128 -2.261
0.005 -0.48482 8.60000 2.9109222889 2.5937914819    2.911  2.599  3.6810  1.978    7  0.000  0.354     4.15     3.13     2.35     1.72     1.40  4    -1e-30      0.00 7.082e-01 2.866e-01 5.321e-04 8.912e-04 1.997e-03 -1.000 5.105e-03 -1.728 -1.679 -1.187 -2.338
0.005 -0.48482 8.60000 2.9109902382 2.5937927002    2.911  2.635  3.6775  1.928    7  0.000  0.354     4.58     3.43     2.56     1.87     1.53  4    -1e-30      0.00 7.082e-01 2.866e-01 5.321e-04 8.912e-04 1.997e-03 -1.000 5.105e-03 -1.818 -1.760 -1.258 -2.427
0.005 -0.48482 8.60000 2.9112064838 2.5937965767    2.911  2.659  3.6754  1.897    7  0.000  0.354     4.87     3.63     2.70     1.98     1.62  4    -1e-30      0.00 7.082e-01 2.866e-01 5.322e-04 8.912e-04 1.997e-03 -1.000 5.105e-03 -1.876 -1.812 -1.304 -2.485
0.005 -0.48482 8.60000 2.9120886326 2.5938123838    2.912  2.646  3.6765  1.915    7  0.000  0.354     4.71     3.51     2.62     1.92     1.57  4    -1e-30      0.00 7.083e-01 2.866e-01 5.322e-04 8.912e-04 1.997e-03 -1.000 5.105e-03 -1.844 -1.783 -1.278 -2.452
0.005 -0.48482 8.60000 2.9127049446 2.5938234209    2.912  2.681  3.6730  1.865    7  0.000  0.354     5.19     3.84     2.85     2.09     1.71  4    -1e-30      0.00 7.083e-01 2.866e-01 5.322e-04 8.912e-04 1.997e-03 -1.000 5.105e-03 -1.932 -1.862 -1.346 -2.540
0.005 -0.48482 8.60000 2.9130868912 2.5938302582    2.913  2.717  3.6697  1.817    7  0.000  0.354     5.72     4.20     3.11     2.28     1.86  4    -1e-30      0.00 7.083e-01 2.866e-01 5.322e-04 8.912e-04 1.997e-03 -1.000 5.105e-03 -2.021 -1.941 -1.415 -2.627
0.005 -0.48482 8.60000 2.9135077000 2.5938377888    2.913  2.754  3.6665  1.767    7  0.000  0.354     6.31     4.59     3.39     2.49     2.03  4    -1e-30      0.00 7.083e-01 2.866e-01 5.322e-04 8.912e-04 1.997e-03 -1.000 5.105e-03 -2.114 -2.023 -1.487 -2.717
0.005 -0.48482 8.60000 2.9139928818 2.5938464683    2.914  2.792  3.6630  1.714    7  0.000  0.354     7.01     5.05     3.71     2.73     2.23  4    -1e-30      0.00 7.083e-01 2.866e-01 5.322e-04 8.912e-04 1.997e-03 -1.000 5.105e-03 -2.211 -2.109 -1.562 -2.811
0.005 -0.48482 8.60000 2.9144980907 2.5938555025    2.914  2.833  3.6595  1.660    7  0.000  0.354     7.80     5.57     4.07     3.00     2.45  4    -1e-30      0.00 7.083e-01 2.866e-01 5.321e-04 8.912e-04 1.997e-03 -1.000 5.105e-03 -2.311 -2.197 -1.639 -2.907
0.005 -0.48482 8.60000 2.9149811268 2.5938641369    2.915  2.873  3.6560  1.606    7  0.000  0.354     8.68     6.14     4.47     3.30     2.70  4    -1e-30      0.00 7.083e-01 2.866e-01 5.321e-04 8.913e-04 1.997e-03 -1.000 5.105e-03 -2.412 -2.283 -1.715 -3.002
0.005 -0.48482 8.60000 2.9154362679 2.5938722696    2.915  2.913  3.6526  1.552    7  0.000  0.354     9.66     6.77     4.91     3.63     2.96  4    -1e-30      0.00 7.083e-01 2.866e-01 5.318e-04 8.915e-04 1.997e-03 -1.000 5.105e-03 -2.512 -2.370 -1.791 -3.097
0.005 -0.48482 8.60000 2.9158611298 2.5938798586    2.916  2.953  3.6490  1.497    7  0.000  0.354    10.77     7.47     5.39     3.99     3.26  4    -1e-30      0.00 7.083e-01 2.866e-01 5.312e-04 8.921e-04 1.997e-03 -1.000 5.105e-03 -2.613 -2.456 -1.867 -3.191
0.005 -0.48482 8.60000 2.9162516594 2.5938868322    2.916  2.994  3.6448  1.440    7  0.000  0.353    12.07     8.29     5.95     4.41     3.61  4 -2.36e-26      0.00 7.083e-01 2.866e-01 5.301e-04 8.931e-04 1.997e-03 -1.000 5.147e-03 -2.715 -2.537 -1.932 -3.283
0.005 -0.48482 8.60000 2.9166085720 2.5938932035    2.916  3.034  3.6412  1.385    7  0.000  0.352    13.45     9.16     6.54     4.86     3.97  4 -6.12e-26      0.00 7.083e-01 2.866e-01 5.286e-04 8.948e-04 1.997e-03 -1.000 5.151e-03 -2.816 -2.621 -2.004 -3.377
0.005 -0.48482 8.60000 2.9169332981 2.5938989988    2.917  3.075  3.6377  1.331    7  0.000  0.351    14.99    10.11     7.19     5.35     4.37  4 -6.99e-26      0.00 7.083e-01 2.866e-01 5.269e-04 8.968e-04 1.997e-03 -1.000 5.151e-03 -2.918 -2.705 -2.075 -3.470
0.005 -0.48482 8.60000 2.9172255993 2.5939042141    2.917  3.116  3.6336  1.274    7  0.000  0.350    16.78    11.20     7.93     5.91     4.83  4 -5.84e-20      0.00 7.083e-01 2.865e-01 5.253e-04 8.988e-04 1.997e-03 -1.000 5.178e-03 -3.019 -2.785 -2.138 -3.560
0.005 -0.48482 8.60000 2.9174911976 2.5939089519    2.917  3.156  3.6295  1.217    7  0.000  0.349    18.77    12.40     8.74     6.52     5.34  4 -4.79e-14      0.00 7.083e-01 2.865e-01 5.238e-04 9.005e-04 1.997e-03 -1.000 5.205e-03 -3.119 -2.863 -2.201 -3.650
0.005 -0.48482 8.60000 2.9177355766 2.5939133103    2.917  3.195  3.6257  1.162    7  0.000  0.348    20.94    13.70     9.61     7.18     5.88  4 -1.78e-10      0.00 7.083e-01 2.865e-01 5.225e-04 9.021e-04 1.997e-03 -1.000 5.244e-03 -3.219 -2.941 -2.264 -3.738
0.005 -0.48482 8.60000 2.9179613590 2.5939173363    2.917  3.235  3.6222  1.108    7  0.000  0.347    23.30    15.10    10.55     7.89     6.46  4 -2.89e-09      0.00 7.083e-01 2.865e-01 5.213e-04 9.038e-04 1.997e-03 -1.000 5.249e-03 -3.318 -3.020 -2.329 -3.828
0.005 -0.48482 8.60000 2.9181711674 2.5939210769    2.916  3.275  3.6188  1.055    7  0.000  0.346    25.92    16.64    11.57     8.67     7.10  4 -6.34e-09      0.00 7.083e-01 2.865e-01 5.203e-04 9.053e-04 1.997e-03 -1.000 5.260e-03 -3.418 -3.100 -2.394 -3.917
0.005 -0.48482 8.60000 2.9183647633 2.5939245278    2.916  3.315  3.6154  1.001    7  0.000  0.346    28.82    18.33    12.69     9.52     7.80  4 -7.65e-09      0.00 7.083e-01 2.865e-01 5.194e-04 9.067e-04 1.996e-03 -1.000 5.273e-03 -3.517 -3.178 -2.457 -4.004
0.005 -0.48482 8.60000 2.9185435772 2.5939277148    2.916  3.354  3.6120  0.948    7  0.000  0.345    32.03    20.18    13.91    10.45     8.56  4 -9.17e-09      0.00 7.082e-01 2.865e-01 5.186e-04 9.083e-04 1.995e-03 -1.000 5.278e-03 -3.616 -3.255 -2.518 -4.092
0.005 -0.48482 8.60000 2.9187088013 2.5939306592    2.915  3.394  3.6085  0.895    7  0.000  0.345    35.59    22.21    15.25    11.47     9.40  4  -1.1e-08      0.00 7.082e-01 2.865e-01 5.180e-04 9.098e-04 1.994e-03 -1.000 5.285e-03 -3.714 -3.331 -2.577 -4.178
0.005 -0.48482 8.60000 2.9188618660 2.5939333865    2.915  3.433  3.6050  0.842    7  0.000  0.345    39.54    24.45    16.71    12.59    10.32  4 -1.31e-08      0.00 7.082e-01 2.865e-01 5.174e-04 9.114e-04 1.993e-03 -1.000 5.296e-03 -3.812 -3.404 -2.633 -4.263
0.005 -0.48482 8.60000 2.9190049171 2.5939359351    2.914  3.472  3.6016  0.789    7  0.000  0.345    43.92    26.90    18.31    13.82    11.33  3 -1.56e-08      0.00 7.082e-01 2.865e-01 5.168e-04 9.132e-04 1.992e-03 -1.000 5.272e-03 -3.910 -3.478 -2.690 -4.348
0.005 -0.48482 8.60000 2.9191381931 2.5939383093    2.913  3.511  3.5981  0.736    7  0.000  0.345    48.79    29.61    20.06    15.16    12.43  3 -1.86e-08      0.00 7.081e-01 2.866e-01 5.163e-04 9.149e-04 1.991e-03 -1.000 5.285e-03 -4.007 -3.550 -2.743 -4.431
0.005 -0.48482 8.60000 2.9192631245 2.5939405347    2.913  3.550  3.5945  0.683    7  0.000  0.345    54.20    32.58    21.99    16.63    13.65  3 -2.22e-08      0.00 7.080e-01 2.867e-01 5.159e-04 9.167e-04 1.989e-03 -1.000 5.295e-03 -4.104 -3.620 -2.793 -4.513
0.005 -0.48482 8.60000 2.9193801880 2.5939426197    2.912  3.588  3.5910  0.630    7  0.000  0.345    60.19    35.85    24.09    18.25    14.98  3 -2.63e-08      0.00 7.080e-01 2.868e-01 5.155e-04 9.182e-04 1.988e-03 -1.000 5.274e-03 -4.200 -3.689 -2.842 -4.593
0.005 -0.48482 8.60000 2.9194908142 2.5939445898    2.911  3.626  3.5873  0.577    7  0.000  0.345    66.88    39.45    26.40    20.03    16.44  3 -3.13e-08      0.00 7.078e-01 2.869e-01 5.152e-04 9.198e-04 1.987e-03 -1.000 5.277e-03 -4.296 -3.756 -2.886 -4.672
0.005 -0.48482 8.60000 2.9195959568 2.5939464621    2.909  3.665  3.5837  0.524    7  0.000  0.345    74.31    43.43    28.93    21.98    18.05  3 -3.84e-08      0.00 7.077e-01 2.870e-01 5.149e-04 9.210e-04 1.986e-03 -1.000 5.274e-03 -4.392 -3.821 -2.928 -4.750
0.005 -0.48482 8.60000 2.9196963310 2.5939482494    2.908  3.703  3.5799  0.470    7  0.000  0.345    82.60    47.82    31.72    24.13    19.82  3  -4.8e-08      0.00 7.075e-01 2.872e-01 5.146e-04 9.223e-04 1.985e-03 -1.000 5.262e-03 -4.487 -3.884 -2.967 -4.827
0.005 -0.48482 8.60000 2.9197928905 2.5939499686    2.906  3.741  3.5761  0.417    7  0.000  0.345    91.81    52.66    34.77    26.50    21.76  2 -6.05e-08      0.00 7.073e-01 2.874e-01 5.143e-04 9.235e-04 1.984e-03 -1.000 5.262e-03 -4.582 -3.941 -2.992 -4.901
0.005 -0.48482 8.60000 2.9198863506 2.5939516326    2.903  3.778  3.5722  0.363    7  0.000  0.345   102.08    58.00    38.13    29.10    23.91  2 -7.64e-08      0.00 7.071e-01 2.876e-01 5.141e-04 9.249e-04 1.983e-03 -1.000 5.272e-03 -4.676 -3.997 -3.016 -4.973
0.005 -0.48482 8.60000 2.9199900627 2.5939534788    2.900  3.821  3.5677  0.303    7  0.000  0.345   115.14    64.72    42.34    32.36    26.60  2 -1.09e-07      0.00 7.068e-01 2.879e-01 5.138e-04 9.260e-04 1.982e-03 -1.000 5.289e-03 -4.782 -4.054 -3.030 -5.051
0.005 -0.48482 8.60000 2.9200911522 2.5939552783    2.894  3.861  3.5633  0.243    7  0.000  0.345   129.47    72.02    46.89    35.90    29.51  2 -1.59e-07      0.00 7.065e-01 2.882e-01 5.135e-04 9.271e-04 1.981e-03 -1.000 5.264e-03 -4.883 -4.104 -3.032 -5.122
0.005 -0.48482 8.60000 2.9201993942 2.5939572049    2.884  3.901  3.5586  0.183    7  0.000  0.345   145.66    80.19    51.95    39.84    32.76  2 -2.33e-07      0.00 7.062e-01 2.885e-01 5.133e-04 9.283e-04 1.980e-03 -1.000 5.274e-03 -4.983 -4.147 -3.022 -5.189
0.005 -0.48482 8.60000 2.9203562737 2.5939599969    2.861  3.929  3.5550  0.137    7  0.000  0.345   159.26    86.98    56.13    43.12    35.45  2 -3.05e-07      0.00 7.059e-01 2.888e-01 5.132e-04 9.291e-04 1.979e-03 -1.000 5.285e-03 -5.053 -4.167 -2.991 -5.230
0.005 -0.48482 8.60000 2.9203736782 2.5939603067    2.858  3.922  3.5557  0.147    7  0.000  0.345   156.30    85.50    55.22    42.41    34.87  2 -2.81e-07      0.00 7.059e-01 2.888e-01 5.132e-04 9.292e-04 1.979e-03 -1.000 5.283e-03 -5.036 -4.160 -2.994 -5.218
0.005 -0.48482 8.60000 2.9203844070 2.5939604976    2.856  3.915  3.5564  0.157    7  0.000  0.345   153.21    83.95    54.27    41.66    34.26  2 -2.59e-07      0.00 7.059e-01 2.888e-01 5.132e-04 9.292e-04 1.979e-03 -1.000 5.282e-03 -5.018 -4.151 -2.995 -5.206
0.005 -0.48482 8.60000 2.9203958511 2.5939607013    2.855  3.907  3.5572  0.167    7  0.000  0.345   149.98    82.33    53.26    40.88    33.61  2 -2.38e-07      0.00 7.059e-01 2.888e-01 5.131e-04 9.292e-04 1.979e-03 -1.000 5.281e-03 -4.998 -4.142 -2.997 -5.192
0.005 -0.48482 8.60000 2.9204063416 2.5939608879    2.853  3.914  3.5565  0.158    7  0.000  0.345   152.83    83.76    54.15    41.57    34.18  2 -2.55e-07      0.00 7.059e-01 2.889e-01 5.131e-04 9.292e-04 1.979e-03 -1.000 5.279e-03 -5.014 -4.149 -2.994 -5.203
0.005 -0.48482 8.60000 2.9204201698 2.5939611340    2.850  3.920  3.5558  0.148    7  0.000  0.345   155.87    85.28    55.08    42.30    34.78  2 -2.75e-07      0.00 7.059e-01 2.889e-01 5.131e-04 9.293e-04 1.979e-03 -1.000 5.278e-03 -5.031 -4.156 -2.991 -5.214
0.005 -0.48482 8.60000 2.9204413891 2.5939615116    2.847  3.927  3.5551  0.138    7  0.000  0.345   158.78    86.73    55.98    43.00    35.36  2 -2.94e-07      0.00 7.058e-01 2.889e-01 5.131e-04 9.293e-04 1.979e-03 -1.000 5.276e-03 -5.046 -4.161 -2.985 -5.223
0.005 -0.48482 8.60000 2.9204535484 2.5939617280    2.845  3.925  3.5552  0.140    7  0.000  0.345   158.21    86.45    55.80    42.86    35.25  2  -2.9e-07      0.00 7.058e-01 2.889e-01 5.131e-04 9.294e-04 1.979e-03 -1.000 5.275e-03 -5.042 -4.158 -2.985 -5.220
0.005 -0.48482 8.60000 2.9204537868 2.5939617322    2.845  3.917  3.5561  0.152    7  0.000  0.345   154.55    84.62    54.67    41.98    34.52  2 -2.67e-07      0.00 7.058e-01 2.889e-01 5.131e-04 9.294e-04 1.979e-03 -1.000 5.275e-03 -5.022 -4.150 -2.989 -5.207
0.005 -0.48482 8.60000 2.9204542637 2.5939617407    2.844  3.908  3.5570  0.165    7  0.000  0.345   150.62    82.65    53.45    41.04    33.74  2 -2.44e-07      0.00 7.058e-01 2.889e-01 5.131e-04 9.294e-04 1.979e-03 -1.000 5.275e-03 -4.999 -4.141 -2.993 -5.192
0.005 -0.48482 8.60000 2.9204545021 2.5939617450    2.844  3.905  3.5573  0.169    7  0.000  0.345   149.44    82.05    53.09    40.75    33.50  2 -2.36e-07      0.00 7.058e-01 2.889e-01 5.131e-04 9.294e-04 1.979e-03 -1.000 5.275e-03 -4.992 -4.138 -2.994 -5.187
0.005 -0.48482 8.60000 2.9204576015 2.5939618001    2.844  3.911  3.5566  0.159    7  0.000  0.345   152.27    83.47    53.96    41.43    34.07  2 -2.53e-07      0.00 7.058e-01 2.889e-01 5.131e-04 9.294e-04 1.979e-03 -1.000 5.274e-03 -5.008 -4.144 -2.991 -5.198
0.005 -0.48482 8.60000 2.9204599857 2.5939618426    2.844  3.919  3.5558  0.148    7  0.000  0.345   155.69    85.19    55.02    42.26    34.75  2 -2.75e-07      0.00 7.058e-01 2.889e-01 5.131e-04 9.294e-04 1.979e-03 -1.000 5.274e-03 -5.028 -4.153 -2.988 -5.211
0.005 -0.48482 8.60000 2.9204635620 2.5939619062    2.843  3.927  3.5549  0.136    7  0.000  0.345   159.32    87.00    56.14    43.13    35.46  2 -2.99e-07      0.00 7.058e-01 2.889e-01 5.131e-04 9.294e-04 1.979e-03 -1.000 5.274e-03 -5.048 -4.160 -2.983 -5.224
0.005 -0.48482 8.60000 2.9204695225 2.5939620123    2.842  3.933  3.5542  0.127    7  0.000  0.345   162.28    88.47    57.05    43.84    36.05  2  -3.2e-07      0.00 7.058e-01 2.889e-01 5.131e-04 9.294e-04 1.979e-03 -1.000 5.273e-03 -5.064 -4.165 -2.978 -5.233
0.005 -0.48482 8.60000 2.9204823971 2.5939622414    2.839  3.928  3.5547  0.134    7  0.000  0.345   159.86    87.27    56.30    43.26    35.57  2 -3.09e-07      0.00 7.058e-01 2.889e-01 5.131e-04 9.294e-04 1.979e-03 -1.000 5.273e-03 -5.050 -4.159 -2.979 -5.224
0.005 -0.48482 8.60000 2.9204957485 2.5939624789    2.837  3.903  3.5575  0.169    7  0.000  0.345   149.14    81.90    52.99    40.68    33.44  2  -2.4e-07      0.00 7.058e-01 2.889e-01 5.131e-04 9.294e-04 1.979e-03 -1.000 5.273e-03 -4.988 -4.136 -2.994 -5.185
0.005 -0.48482 8.60000 2.9204959869 2.5939624832    2.837  3.927  3.5547  0.134    7  0.000  0.345   159.87    87.27    56.30    43.26    35.57  2 -3.08e-07      0.00 7.058e-01 2.889e-01 5.131e-04 9.294e-04 1.979e-03 -1.000 5.273e-03 -5.049 -4.158 -2.977 -5.222
0.005 -0.48482 8.60000 2.9204962254 2.5939624874    2.837  3.938  3.5535  0.119    7  0.000  0.345   164.79    89.72    57.81    44.44    36.54  2 -3.42e-07      0.00 7.058e-01 2.889e-01 5.131e-04 9.294e-04 1.979e-03 -1.000 5.273e-03 -5.074 -4.166 -2.968 -5.238
0.005 -0.48482 8.60000 2.9204964638 2.5939624917    2.837  3.930  3.5544  0.131    7  0.000  0.345   160.88    87.77    56.61    43.50    35.77  2 -3.14e-07      0.00 7.058e-01 2.889e-01 5.131e-04 9.294e-04 1.979e-03 -1.000 5.273e-03 -5.054 -4.159 -2.976 -5.226
0.005 -0.48482 8.60000 2.9204967022 2.5939624959    2.836  3.921  3.5554  0.143    7  0.000  0.345   157.16    85.92    55.47    42.61    35.04  2 -2.89e-07      0.00 7.058e-01 2.889e-01 5.131e-04 9.294e-04 1.979e-03 -1.000 5.273e-03 -5.034 -4.152 -2.981 -5.213
0.005 -0.48482 8.60000 2.9204974174 2.5939625086    2.836  3.912  3.5565  0.157    7  0.000  0.345   152.84    83.75    54.13    41.57    34.18  2 -2.61e-07      0.00 7.058e-01 2.889e-01 5.131e-04 9.294e-04 1.979e-03 -1.000 5.273e-03 -5.010 -4.144 -2.989 -5.198
0.005 -0.48482 8.60000 2.9204981327 2.5939625214    2.836  3.903  3.5575  0.170    7  0.000  0.345   149.03    81.84    52.95    40.65    33.42  2 -2.38e-07      0.00 7.058e-01 2.889e-01 5.131e-04 9.294e-04 1.979e-03 -1.000 5.273e-03 -4.988 -4.136 -2.995 -5.184
0.005 -0.48482 8.60000 2.9204990864 2.5939625383    2.836  3.894  3.5585  0.183    7  0.000  0.345   145.25    79.94    51.78    39.74    32.67  2 -2.16e-07      0.00 7.058e-01 2.889e-01 5.131e-04 9.294e-04 1.979e-03 -1.000 5.273e-03 -4.965 -4.127 -2.999 -5.170
0.005 -0.48482 8.60000 2.9205000401 2.5939625553    2.836  3.884  3.5596  0.198    7  0.000  0.345   141.02    77.81    50.46    38.71    31.82  2 -1.94e-07      0.00 7.058e-01 2.889e-01 5.131e-04 9.294e-04 1.979e-03 -1.000 5.273e-03 -4.939 -4.117 -3.005 -5.153
0.005 -0.48482 8.60000 2.9205038548 2.5939626232    2.835  3.879  3.5602  0.205    7  0.000  0.345   139.04    76.81    49.84    38.23    31.42  2 -1.83e-07      0.00 7.058e-01 2.889e-01 5.131e-04 9.294e-04 1.979e-03 -1.000 5.273e-03 -4.926 -4.111 -3.006 -5.144
0.005 -0.48482 8.60000 2.9205062389 2.5939626656    2.835  3.886  3.5594  0.194    7  0.000  0.345   141.94    78.27    50.75    38.93    32.00  2 -1.97e-07      0.00 7.058e-01 2.889e-01 5.131e-04 9.294e-04 1.979e-03 -1.000 5.273e-03 -4.945 -4.119 -3.005 -5.157
0.005 -0.48482 8.60000 2.9205091000 2.5939627165    2.835  3.893  3.5586  0.184    7  0.000  0.345   144.79    79.71    51.64    39.62    32.57  2 -2.11e-07      0.00 7.058e-01 2.889e-01 5.131e-04 9.294e-04 1.979e-03 -1.000 5.273e-03 -4.962 -4.126 -3.001 -5.168
0.005 -0.48482 8.60000 2.9205126762 2.5939627801    2.834  3.899  3.5580  0.176    7  0.000  0.345   147.15    80.89    52.37    40.19    33.04  2 -2.24e-07      0.00 7.058e-01 2.889e-01 5.131e-04 9.294e-04 1.979e-03 -1.000 5.273e-03 -4.976 -4.132 -2.998 -5.177
0.005 -0.48482 8.60000 2.9205188751 2.5939628905    2.833  3.902  3.5576  0.170    7  0.000  0.345   148.78    81.72    52.88    40.59    33.37  2 -2.34e-07      0.00 7.058e-01 2.889e-01 5.131e-04 9.294e-04 1.979e-03 -1.000 5.273e-03 -4.986 -4.135 -2.995 -5.183
0.005 -0.48482 8.60000 2.9205336571 2.5939631535    2.831  3.912  3.5564  0.156    7  0.000  0.345   153.15    83.91    54.23    41.64    34.24  2 -2.57e-07      0.00 7.058e-01 2.889e-01 5.131e-04 9.294e-04 1.979e-03 -1.000 5.273e-03 -5.010 -4.143 -2.987 -5.198
0.005 -0.48482 8.60000 2.9205493927 2.5939634335    2.829  3.914  3.5562  0.153    7  0.000  0.345   154.04    84.35    54.50    41.86    34.42  2 -2.63e-07      0.00 7.058e-01 2.889e-01 5.131e-04 9.294e-04 1.979e-03 -1.000 5.273e-03 -5.015 -4.146 -2.987 -5.201
0.005 -0.48482 8.60000 2.9205496311 2.5939634377    2.829  3.928  3.5547  0.133    7  0.000  0.345   160.20    87.43    56.40    43.34    35.64  2 -3.02e-07      0.00 7.058e-01 2.889e-01 5.131e-04 9.294e-04 1.979e-03 -1.000 5.273e-03 -5.049 -4.157 -2.977 -5.222
0.005 -0.48482 8.60000 2.9205498695 2.5939634420    2.829  3.953  3.5515  0.094    7  0.000  0.345   172.79    93.70    60.25    46.35    38.12  2 -3.93e-07      0.00 7.058e-01 2.889e-01 5.131e-04 9.295e-04 1.979e-03 -1.000 5.273e-03 -5.113 -4.177 -2.952 -5.261
0.005 -0.48482 8.60000 2.9205501080 2.5939634462    2.829  3.915  3.5558  0.150    7  0.000  0.345   154.92    84.79    54.77    42.07    34.59  2 -2.92e-07      0.00 7.058e-01 2.889e-01 5.131e-04 9.295e-04 1.979e-03 -1.000 5.273e-03 -5.018 -4.142 -2.978 -5.201
0.005 -0.48482 8.60000 2.9205508232 2.5939634589    2.829  3.942  3.5530  0.112    7  0.000  0.345   166.99    90.82    58.48    44.97    36.98  2  -3.5e-07      0.00 7.058e-01 2.889e-01 5.131e-04 9.295e-04 1.979e-03 -1.000 5.273e-03 -5.085 -4.170 -2.965 -5.245
0.005 -0.48482 8.60000 2.9205513000 2.5939634674    2.829  3.919  3.5556  0.145    7  0.000  0.345   156.34    85.50    55.21    42.42    34.87  2 -2.78e-07      0.00 7.058e-01 2.889e-01 5.131e-04 9.295e-04 1.979e-03 -1.000 5.273e-03 -5.028 -4.150 -2.982 -5.209
0.005 -0.48482 8.60000 2.9205520153 2.5939634801    2.829  3.902  3.5575  0.169    7  0.000  0.345   149.15    81.90    52.98    40.68    33.44  2 -2.42e-07      0.00 7.058e-01 2.889e-01 5.131e-04 9.295e-04 1.979e-03 -1.000 5.273e-03 -4.986 -4.134 -2.992 -5.182
0.005 -0.48482 8.60000 2.9205527306 2.5939634929    2.829  3.890  3.5588  0.187    7  0.000  0.345   144.03    79.32    51.39    39.44    32.42  2  -2.2e-07      0.00 7.058e-01 2.889e-01 5.131e-04 9.295e-04 1.979e-03 -1.000 5.273e-03 -4.956 -4.122 -2.999 -5.163
0.005 -0.48482 8.60000 2.9205534458 2.5939635056    2.829  3.882  3.5597  0.198    7  0.000  0.345   140.87    77.73    50.41    38.67    31.79  2 -2.04e-07      0.00 7.058e-01 2.889e-01 5.131e-04 9.295e-04 1.979e-03 -1.000 5.273e-03 -4.936 -4.114 -3.003 -5.150
0.005 -0.48482 8.60000 2.9205543995 2.5939635226    2.829  3.876  3.5603  0.207    7  0.000  0.345   138.47    76.51    49.65    38.08    31.30  2 -1.92e-07      0.00 7.058e-01 2.889e-01 5.131e-04 9.295e-04 1.979e-03 -1.000 5.273e-03 -4.921 -4.108 -3.005 -5.140
0.005 -0.48482 8.60000 2.9205579758 2.5939635862    2.828  3.883  3.5596  0.196    7  0.000  0.345   141.27    77.93    50.53    38.77    31.87  2 -2.04e-07      0.00 7.058e-01 2.889e-01 5.131e-04 9.295e-04 1.979e-03 -1.000 5.273e-03 -4.939 -4.115 -3.003 -5.152
0.005 -0.48482 8.60000 2.9205596447 2.5939636159    2.828  3.898  3.5579  0.175    7  0.000  0.345   147.43    81.03    52.45    40.26    33.10  2 -2.28e-07      0.00 7.058e-01 2.889e-01 5.131e-04 9.295e-04 1.979e-03 -1.000 5.273e-03 -4.976 -4.130 -2.995 -5.176
0.005 -0.48482 8.60000 2.9205617905 2.5939636541    2.828  3.913  3.5563  0.154    7  0.000  0.345   153.73    84.20    54.40    41.79    34.35  2 -2.62e-07      0.00 7.058e-01 2.889e-01 5.131e-04 9.295e-04 1.979e-03 -1.000 5.273e-03 -5.013 -4.144 -2.986 -5.200
0.005 -0.48482 8.60000 2.9205653667 2.5939637177    2.827  3.930  3.5544  0.129    7  0.000  0.345   161.47    88.07    56.79    43.65    35.89  2  -3.1e-07      0.00 7.058e-01 2.889e-01 5.131e-04 9.295e-04 1.979e-03 -1.000 5.273e-03 -5.055 -4.160 -2.975 -5.227
0.005 -0.48482 8.60000 2.9205715656 2.5939638280    2.826  3.950  3.5521  0.100    7  0.000  0.345   170.88    92.75    59.67    45.90    37.74  2 -3.81e-07      0.00 7.058e-01 2.889e-01 5.131e-04 9.295e-04 1.979e-03 -1.000 5.273e-03 -5.104 -4.177 -2.959 -5.257
0.005 -0.48482 8.60000 2.9205901623 2.5939641589    2.822  4.002  3.5459  0.022    7  0.000  0.345   199.28   106.76    68.25    52.61    43.28  2 -6.56e-07      0.00 7.058e-01 2.889e-01 5.131e-04 9.295e-04 1.979e-03 -1.000 5.273e-03 -5.235 -4.210 -2.885 -5.329
0.005 -0.48482 8.60000 2.9206027985 2.5939643837    2.819  4.023  3.5433 -0.010    7  0.000  0.345   212.07   113.02    72.06    55.59    45.74  2 -8.18e-07      0.00 7.058e-01 2.889e-01 5.131e-04 9.295e-04 1.979e-03 -1.000 5.273e-03 -5.288 -4.219 -2.845 -5.354
