Zini MH logAge Mini int_IMF Mass logL logTe logg label McoreTP C_O period0 period1 period2 period3 period4 pmode Mloss tau1m X Y Xc Xn Xo Cexcess Z mbolmag Gmag G_BPmag G_RPmag
0.005 -0.48482 6.94001 0.0900000036 1.0816895926    0.090 -1.931  3.4433  4.048    0  0.000  0.545     0.00     0.00     0.00     0.00     0.00 -1 -4.71e-15      0.00 7.371e-01 2.578e-01 9.173e-04 2.474e-04 2.244e-03 -1.000 5.101e-03 9.597 11.053 13.227 9.700
0.005 -0.48482 6.94001 0.1000000015 1.1711064122    0.100 -1.868  3.4511  4.062    0  0.000  0.545     0.00     0.00     0.00     0.00     0.00 -1 -5.08e-15      0.00 7.371e-01 2.578e-01 9.173e-04 2.474e-04 2.244e-03 -1.000 5.101e-03 9.439 10.816 12.878 9.485
0.005 -0.48482 6.94001 0.1199999973 1.3193154249    0.120 -1.759  3.4634  4.081    0  0.000  0.545     0.00     0.00     0.00     0.00     0.00 -1 -5.83e-15      0.00 7.371e-01 2.578e-01 9.173e-04 2.474e-04 2.244e-03 -1.000 5.101e-03 9.166 10.421 12.307 9.129
0.005 -0.48482 6.94001 0.1293869913 1.3782128304    0.129 -1.713  3.4683  4.088    0  0.000  0.545     0.00     0.00     0.00     0.00     0.00 -1 -6.18e-15      0.00 7.371e-01 2.578e-01 9.173e-04 2.474e-04 2.244e-03 -1.000 5.101e-03 9.053 10.263 12.085 8.984
0.005 -0.48482 6.94001 0.1438132226 1.4586636569    0.144 -1.649  3.4752  4.098    0  0.000  0.545     0.00     0.00     0.00     0.00     0.00 -1 -6.68e-15      0.00 7.371e-01 2.578e-01 9.173e-04 2.474e-04 2.244e-03 -1.000 5.101e-03 8.893 10.041 11.780 8.784
0.005 -0.48482 6.94001 0.1503563076 1.4917700136    0.150 -1.622  3.4780  4.102    0  0.000  0.545     0.00     0.00     0.00     0.00     0.00 -1 -6.91e-15      0.00 7.371e-01 2.578e-01 9.173e-04 2.474e-04 2.244e-03 -1.000 5.101e-03 8.826 9.949 11.653 8.700
0.005 -0.48482 6.94001 0.1528369337 1.5038353422    0.153 -1.612  3.4791  4.102    0  0.000  0.545     0.00     0.00     0.00     0.00     0.00 -1 -7.03e-15      0.00 7.371e-01 2.578e-01 9.173e-04 2.474e-04 2.244e-03 -1.000 5.101e-03 8.800 9.914 11.605 8.668
0.005 -0.48482 6.94001 0.1606293619 1.5401395701    0.161 -1.581  3.4823  4.106    0  0.000  0.545     0.00     0.00     0.00     0.00     0.00 -1 -7.36e-15      0.00 7.371e-01 2.578e-01 9.173e-04 2.474e-04 2.244e-03 -1.000 5.101e-03 8.724 9.810 11.464 8.574
0.005 -0.48482 6.94001 0.1745402515 1.5995801044    0.175 -1.530  3.4874  4.111    0  0.000  0.545     0.00     0.00     0.00     0.00     0.00 -1  -7.9e-15      0.00 7.371e-01 2.578e-01 9.173e-04 2.474e-04 2.244e-03 -1.000 5.101e-03 8.595 9.638 11.233 8.419
0.005 -0.48482 6.94001 0.1896923184 1.6576903922    0.190 -1.479  3.4926  4.118    0  0.000  0.545     0.00     0.00     0.00     0.00     0.00 -1 -8.45e-15      0.00 7.371e-01 2.578e-01 9.173e-04 2.474e-04 2.244e-03 -1.000 5.101e-03 8.469 9.470 11.009 8.266
0.005 -0.48482 6.94001 0.2063979208 1.7151435338    0.206 -1.428  3.4979  4.124    0  0.000  0.545     0.00     0.00     0.00     0.00     0.00 -1 -9.06e-15      0.00 7.371e-01 2.578e-01 9.173e-04 2.474e-04 2.244e-03 -1.000 5.101e-03 8.340 9.300 10.786 8.113
0.005 -0.48482 6.94001 0.2250952870 1.7726768916    0.225 -1.374  3.5034  4.130    0  0.000  0.545     0.00     0.00     0.00     0.00     0.00 -1 -9.77e-15      0.00 7.371e-01 2.578e-01 9.173e-04 2.474e-04 2.244e-03 -1.000 5.101e-03 8.204 9.123 10.557 7.953
0.005 -0.48482 6.94001 0.2453021407 1.8282535856    0.245 -1.320  3.5090  4.136    0  0.000  0.545     0.00     0.00     0.00     0.00     0.00 -1 -1.05e-14      0.00 7.371e-01 2.578e-01 9.173e-04 2.474e-04 2.244e-03 -1.000 5.101e-03 8.071 8.948 10.331 7.796
0.005 -0.48482 6.94001 0.2636446953 1.8737802340    0.264 -1.276  3.5137  4.142    0  0.000  0.545     0.00     0.00     0.00     0.00     0.00 -1 -1.12e-14      0.00 7.371e-01 2.578e-01 9.173e-04 2.474e-04 2.244e-03 -1.000 5.101e-03 7.960 8.804 10.146 7.666
0.005 -0.48482 6.94001 0.2921667099 1.9369550284    0.292 -1.211  3.5205  4.149    0  0.000  0.545     0.00     0.00     0.00     0.00     0.00 -1 -1.22e-14      0.00 7.371e-01 2.578e-01 9.173e-04 2.474e-04 2.244e-03 -1.000 5.101e-03 7.799 8.597 9.882 7.480
0.005 -0.48482 6.94001 0.3017005622 1.9563070669    0.302 -1.192  3.5226  4.152    0  0.000  0.545     0.00     0.00     0.00     0.00     0.00 -1 -1.25e-14      0.00 7.371e-01 2.578e-01 9.173e-04 2.474e-04 2.244e-03 -1.000 5.101e-03 7.751 8.536 9.804 7.425
0.005 -0.48482 6.94001 0.3428495526 2.0315399926    0.343 -1.115  3.5307  4.163    0  0.000  0.545     0.00     0.00     0.00     0.00     0.00 -1 -1.38e-14      0.00 7.371e-01 2.578e-01 9.173e-04 2.474e-04 2.244e-03 -1.000 5.101e-03 7.558 8.290 9.495 7.203
0.005 -0.48482 6.94001 0.3499999642 2.0434174156    0.350 -1.102  3.5321  4.165    0  0.000  0.545     0.00     0.00     0.00     0.00     0.00 -1 -1.41e-14      0.00 7.371e-01 2.578e-01 9.173e-04 2.474e-04 2.244e-03 -1.000 5.101e-03 7.525 8.249 9.445 7.166
0.005 -0.48482 6.94001 0.3999999762 2.1185023988    0.400 -1.021  3.5410  4.177    0  0.000  0.545     0.00     0.00     0.00     0.00     0.00 -1 -1.56e-14      0.00 7.371e-01 2.578e-01 9.173e-04 2.474e-04 2.244e-03 -1.000 5.101e-03 7.323 7.992 9.126 6.936
0.005 -0.48482 6.94001 0.4499999881 2.1822809009    0.450 -0.949  3.5495  4.190    0  0.000  0.545     0.00     0.00     0.00     0.00     0.00 -1 -1.71e-14      0.00 7.371e-01 2.578e-01 9.173e-04 2.474e-04 2.244e-03 -1.000 5.101e-03 7.143 7.762 8.840 6.732
0.005 -0.48482 6.94001 0.4999999404 2.2374540715    0.500 -0.884  3.5583  4.206    0  0.000  0.545     0.00     0.00     0.00     0.00     0.00 -1 -1.85e-14      0.00 7.371e-01 2.578e-01 9.173e-04 2.474e-04 2.244e-03 -1.000 5.101e-03 6.981 7.550 8.574 6.545
0.005 -0.48482 6.94001 0.5210579634 2.2581571337    0.521 -0.858  3.5623  4.214    0  0.000  0.545     0.00     0.00     0.00     0.00     0.00 -1 -1.91e-14      0.00 7.371e-01 2.578e-01 9.173e-04 2.474e-04 2.244e-03 -1.000 5.101e-03 6.915 7.461 8.462 6.469
0.005 -0.48482 6.94001 0.5461940765 2.2804819335    0.546 -0.827  3.5665  4.220    0  0.000  0.545     0.00     0.00     0.00     0.00     0.00 -1 -1.99e-14      0.00 7.371e-01 2.578e-01 9.173e-04 2.474e-04 2.244e-03 -1.000 5.101e-03 6.839 7.362 8.339 6.382
0.005 -0.48482 6.94001 0.5500000119 2.2836582633    0.550 -0.823  3.5671  4.221    0  0.000  0.545     0.00     0.00     0.00     0.00     0.00 -1    -2e-14      0.00 7.371e-01 2.578e-01 9.173e-04 2.474e-04 2.244e-03 -1.000 5.101e-03 6.827 7.347 8.321 6.369
0.005 -0.48482 6.94001 0.5800253749 2.3070451337    0.580 -0.786  3.5730  4.231    0  0.000  0.545     0.00     0.00     0.00     0.00     0.00 -1  -2.1e-14      0.00 7.371e-01 2.578e-01 9.173e-04 2.474e-04 2.244e-03 -1.000 5.101e-03 6.734 7.224 8.167 6.262
0.005 -0.48482 6.94001 0.5999999642 2.3211212854    0.600 -0.760  3.5767  4.234    0  0.000  0.545     0.00     0.00     0.00     0.00     0.00 -1 -2.18e-14      0.00 7.371e-01 2.578e-01 9.173e-04 2.474e-04 2.244e-03 -1.000 5.101e-03 6.669 7.141 8.066 6.189
0.005 -0.48482 6.94001 0.6127640605 2.3295655947    0.613 -0.744  3.5797  4.240    0  0.000  0.545     0.00     0.00     0.00     0.00     0.00 -1 -2.22e-14      0.00 7.371e-01 2.578e-01 9.173e-04 2.474e-04 2.244e-03 -1.000 5.101e-03 6.629 7.088 7.999 6.143
0.005 -0.48482 6.94001 0.6442027688 2.3487329597    0.644 -0.704  3.5861  4.248    0  0.000  0.545     0.00     0.00     0.00     0.00     0.00 -1 -2.35e-14      0.00 7.371e-01 2.578e-01 9.173e-04 2.474e-04 2.244e-03 -1.000 5.101e-03 6.531 6.960 7.840 6.033
0.005 -0.48482 6.94001 0.6499999166 2.3520352771    0.650 -0.697  3.5872  4.248    0  0.000  0.545     0.00     0.00     0.00     0.00     0.00 -1 -2.38e-14      0.00 7.371e-01 2.578e-01 9.173e-04 2.474e-04 2.244e-03 -1.000 5.101e-03 6.512 6.935 7.810 6.011
0.005 -0.48482 6.94001 0.6742444634 2.3651412794    0.674 -0.663  3.5935  4.256    0  0.000  0.545     0.00     0.00     0.00     0.00     0.00 -1  -2.5e-14      0.00 7.371e-01 2.578e-01 9.173e-04 2.474e-04 2.244e-03 -1.000 5.101e-03 6.428 6.825 7.672 5.918
0.005 -0.48482 6.94001 0.6999999881 2.3779266974    0.700 -0.624  3.5999  4.259    0  0.000  0.545     0.00     0.00     0.00     0.00     0.00 -1 -2.68e-14      0.00 7.371e-01 2.578e-01 9.173e-04 2.474e-04 2.244e-03 -1.000 5.101e-03 6.331 6.702 7.522 5.810
0.005 -0.48482 6.94001 0.7489780188 2.3994736557    0.749 -0.489  3.6429  4.325    0  0.000  0.538     0.00     0.00     0.00     0.00     0.00 -1 -3.29e-14      0.00 7.371e-01 2.578e-01 9.055e-04 2.471e-04 2.244e-03 -1.000 5.101e-03 5.991 6.183 6.822 5.409
0.005 -0.48482 6.94001 0.7606258988 2.4041305178    0.761 -0.477  3.6446  4.326    0  0.000  0.538     0.00     0.00     0.00     0.00     0.00 -1 -3.35e-14      0.00 7.371e-01 2.578e-01 9.054e-04 2.471e-04 2.244e-03 -1.000 5.101e-03 5.962 6.145 6.778 5.377
0.005 -0.48482 6.94001 0.7979561090 2.4180075369    0.798 -0.429  3.6503  4.323    0  0.000  0.538     0.00     0.00     0.00     0.00     0.00 -1 -3.65e-14      0.00 7.371e-01 2.578e-01 9.053e-04 2.471e-04 2.244e-03 -1.000 5.101e-03 5.844 6.002 6.610 5.251
0.005 -0.48482 6.94001 0.8132690787 2.4232779955    0.813 -0.409  3.6532  4.322    0  0.000  0.538     0.00     0.00     0.00     0.00     0.00 -1  -3.8e-14      0.00 7.371e-01 2.578e-01 9.053e-04 2.471e-04 2.244e-03 -1.000 5.101e-03 5.792 5.939 6.535 5.196
0.005 -0.48482 6.94001 0.8469341993 2.4340981614    0.846 -0.358  3.6601  4.316    0  0.000  0.538     0.00     0.00     0.00     0.00     0.00 -1 -4.21e-14      0.00 7.371e-01 2.578e-01 9.053e-04 2.471e-04 2.244e-03 -1.000 5.101e-03 5.664 5.782 6.352 5.060
0.005 -0.48482 6.94001 0.8646740317 2.4394116188    0.864 -0.332  3.6641  4.316    0  0.000  0.538     0.00     0.00     0.00     0.00     0.00 -1 -4.42e-14      0.00 7.371e-01 2.578e-01 9.053e-04 2.471e-04 2.244e-03 -1.000 5.101e-03 5.601 5.704 6.261 4.993
0.005 -0.48482 6.94001 0.8959121704 2.4481825371    0.895 -0.284  3.6718  4.314    0  0.000  0.538     0.00     0.00     0.00     0.00     0.00 -1 -4.85e-14      0.00 7.371e-01 2.578e-01 9.053e-04 2.471e-04 2.244e-03 -1.000 5.101e-03 5.481 5.557 6.089 4.866
0.005 -0.48482 6.94001 0.9204937220 2.4546052566    0.920 -0.248  3.6780  4.314    0  0.000  0.538     0.00     0.00     0.00     0.00     0.00 -1 -5.19e-14      0.00 7.371e-01 2.578e-01 9.053e-04 2.471e-04 2.244e-03 -1.000 5.101e-03 5.390 5.447 5.959 4.771
0.005 -0.48482 6.94001 0.9448902607 2.4606011507    0.944 -0.205  3.6850  4.310    0  0.000  0.538     0.00     0.00     0.00     0.00     0.00 -1 -5.65e-14      0.00 7.371e-01 2.578e-01 9.053e-04 2.471e-04 2.244e-03 -1.000 5.101e-03 5.283 5.318 5.809 4.660
0.005 -0.48482 6.94001 0.9499648809 2.4618039173    0.949 -0.197  3.6864  4.310    0  0.000  0.538     0.00     0.00     0.00     0.00     0.00 -1 -5.75e-14      0.00 7.371e-01 2.578e-01 9.053e-04 2.471e-04 2.244e-03 -1.000 5.101e-03 5.261 5.292 5.779 4.637
0.005 -0.48482 6.94001 0.9938682914 2.4716227899    0.994 -0.116  3.6995  4.302    0  0.000  0.538     0.00     0.00     0.00     0.00     0.00 -1 -6.82e-14      0.00 7.372e-01 2.577e-01 9.053e-04 2.471e-04 2.244e-03 -1.000 5.101e-03 5.060 5.056 5.509 4.432
0.005 -0.48482 6.94001 1.0122990608 2.4754540717    1.012 -0.083  3.7050  4.298    0  0.000  0.538     0.00     0.00     0.00     0.00     0.00 -1 -7.16e-14      0.00 7.372e-01 2.577e-01 9.053e-04 2.471e-04 2.244e-03 -1.000 5.101e-03 4.977 4.961 5.400 4.349
0.005 -0.48482 6.94001 1.0428463221 2.4814624120    1.042 -0.024  3.7145  4.290    0  0.000  0.538     0.00     0.00     0.00     0.00     0.00 -1 -7.83e-14      0.00 7.372e-01 2.577e-01 9.053e-04 2.471e-04 2.244e-03 -1.000 5.101e-03 4.829 4.794 5.210 4.204
0.005 -0.48482 6.94001 1.0828939676 2.4887519039    1.082  0.057  3.7270  4.275    0  0.000  0.538     0.00     0.00     0.00     0.00     0.00 -1 -8.81e-14      0.00 7.372e-01 2.577e-01 9.053e-04 2.471e-04 2.244e-03 -1.000 5.101e-03 4.628 4.572 4.960 4.009
0.005 -0.48482 6.94001 1.0918244123 2.4902937965    1.091  0.076  3.7298  4.271    0  0.000  0.538     0.00     0.00     0.00     0.00     0.00 -1 -9.08e-14      0.00 7.372e-01 2.577e-01 9.053e-04 2.471e-04 2.244e-03 -1.000 5.101e-03 4.580 4.520 4.902 3.963
0.005 -0.48482 6.94001 1.1147300005 2.4941190101    1.114  0.125  3.7370  4.260    0  0.000  0.538     0.00     0.00     0.00     0.00     0.00 -1 -9.79e-14      0.00 7.372e-01 2.577e-01 9.053e-04 2.471e-04 2.244e-03 -1.000 5.101e-03 4.457 4.389 4.755 3.847
0.005 -0.48482 6.94001 1.1408023834 2.4982588162    1.140  0.185  3.7454  4.244    0  0.000  0.538     0.00     0.00     0.00     0.00     0.00 -1 -1.08e-13      0.00 7.372e-01 2.577e-01 9.053e-04 2.471e-04 2.244e-03 -1.000 5.101e-03 4.309 4.232 4.580 3.708
0.005 -0.48482 6.94001 1.1564170122 2.5006356022    1.156  0.222  3.7504  4.233    0  0.000  0.538     0.00     0.00     0.00     0.00     0.00 -1 -1.15e-13      0.00 7.372e-01 2.577e-01 9.053e-04 2.471e-04 2.244e-03 -1.000 5.101e-03 4.216 4.135 4.473 3.622
0.005 -0.48482 6.94001 1.1818306446 2.5043499469    1.181  0.286  3.7586  4.210    0  0.000  0.538     0.00     0.00     0.00     0.00     0.00 -1 -1.29e-13      0.00 7.372e-01 2.577e-01 9.053e-04 2.471e-04 2.244e-03 -1.000 5.101e-03 4.054 3.967 4.289 3.472
0.005 -0.48482 6.94001 1.1897804737 2.5054744552    1.189  0.308  3.7612  4.203    0  0.000  0.538     0.00     0.00     0.00     0.00     0.00 -1 -1.34e-13      0.00 7.372e-01 2.577e-01 9.053e-04 2.471e-04 2.244e-03 -1.000 5.101e-03 4.001 3.913 4.229 3.424
0.005 -0.48482 6.94001 1.1951355934 2.5062222502    1.194  0.322  3.7629  4.197    0  0.000  0.538     0.00     0.00     0.00     0.00     0.00 -1 -1.38e-13      0.00 7.372e-01 2.577e-01 9.053e-04 2.471e-04 2.244e-03 -1.000 5.101e-03 3.965 3.877 4.190 3.391
0.005 -0.48482 6.94001 1.2214184999 2.5097833579    1.221  0.397  3.7715  4.166    0  0.000  0.538     0.00     0.00     0.00     0.00     0.00 -1 -1.59e-13      0.00 7.372e-01 2.577e-01 9.053e-04 2.471e-04 2.244e-03 -1.000 5.101e-03 3.779 3.687 3.983 3.221
0.005 -0.48482 6.94001 1.2387585640 2.5120378777    1.238  0.449  3.7773  4.143    0  0.000  0.538     0.00     0.00     0.00     0.00     0.00 -1 -1.76e-13      0.00 7.372e-01 2.577e-01 9.053e-04 2.471e-04 2.244e-03 -1.000 5.101e-03 3.647 3.554 3.839 3.101
0.005 -0.48482 6.94001 1.2527999878 2.5138110209    1.252  0.493  3.7821  4.123    0  0.000  0.538     0.00     0.00     0.00     0.00     0.00 -1 -1.92e-13      0.00 7.372e-01 2.577e-01 9.053e-04 2.471e-04 2.244e-03 -1.000 5.101e-03 3.538 3.444 3.719 3.002
0.005 -0.48482 6.94001 1.2752046585 2.5165474950    1.275  0.563  3.7899  4.092    0  0.000  0.538     0.00     0.00     0.00     0.00     0.00 -1  -2.2e-13      0.00 7.372e-01 2.577e-01 9.053e-04 2.471e-04 2.244e-03 -1.000 5.101e-03 3.362 3.267 3.527 2.843
0.005 -0.48482 6.94001 1.2877364159 2.5180304399    1.287  0.602  3.7945  4.076    0  0.000  0.538     0.00     0.00     0.00     0.00     0.00 -1 -2.37e-13      0.00 7.372e-01 2.577e-01 9.053e-04 2.471e-04 2.244e-03 -1.000 5.101e-03 3.265 3.171 3.422 2.757
0.005 -0.48482 6.94001 1.2944996357 2.5188170605    1.294  0.623  3.7970  4.068    0  0.000  0.538     0.00     0.00     0.00     0.00     0.00 -1 -2.46e-13      0.00 7.372e-01 2.577e-01 9.053e-04 2.471e-04 2.244e-03 -1.000 5.101e-03 3.214 3.119 3.366 2.711
0.005 -0.48482 6.94001 1.3191760778 2.5216086485    1.319  0.694  3.8070  4.044    0  0.000  0.538     0.00     0.00     0.00     0.00     0.00 -1 -2.77e-13      0.00 7.372e-01 2.577e-01 9.053e-04 2.471e-04 2.244e-03 -1.000 5.101e-03 3.035 2.941 3.170 2.557
0.005 -0.48482 6.94001 1.3367147446 2.5235208592    1.337  0.742  3.8149  4.034    0  0.000  0.538     0.00     0.00     0.00     0.00     0.00 -1 -2.98e-13      0.00 7.372e-01 2.577e-01 9.052e-04 2.471e-04 2.244e-03 -1.000 5.101e-03 2.916 2.823 3.038 2.457
0.005 -0.48482 6.94001 1.3500753641 2.5249392677    1.350  0.777  3.8216  4.030    0  0.000  0.538     0.00     0.00     0.00     0.00     0.00 -1  -3.1e-13      0.00 7.372e-01 2.577e-01 9.052e-04 2.471e-04 2.244e-03 -1.000 5.101e-03 2.829 2.736 2.940 2.385
0.005 -0.48482 6.94001 1.3698691130 2.5269822649    1.370  0.824  3.8333  4.036    0  0.000  0.538     0.00     0.00     0.00     0.00     0.00 -1 -3.22e-13      0.00 7.372e-01 2.577e-01 9.052e-04 2.471e-04 2.244e-03 -1.000 5.101e-03 2.710 2.619 2.804 2.295
0.005 -0.48482 6.94001 1.3856927156 2.5285672999    1.386  0.858  3.8444  4.051    0  0.000  0.538     0.00     0.00     0.00     0.00     0.00 -1 -3.25e-13      0.00 7.372e-01 2.577e-01 9.052e-04 2.471e-04 2.244e-03 -1.000 5.101e-03 2.625 2.537 2.705 2.238
0.005 -0.48482 6.94001 1.3919740915 2.5291850203    1.392  0.871  3.8494  4.060    0  0.000  0.538     0.00     0.00     0.00     0.00     0.00 -1 -3.24e-13      0.00 7.372e-01 2.577e-01 9.052e-04 2.471e-04 2.244e-03 -1.000 5.101e-03 2.593 2.506 2.667 2.219
0.005 -0.48482 6.94001 1.4082810879 2.5307591366    1.408  0.898  3.8636  4.095    0  0.000  0.538     0.00     0.00     0.00     0.00     0.00 -1 -3.12e-13      0.00 7.372e-01 2.577e-01 9.052e-04 2.471e-04 2.244e-03 -1.000 5.101e-03 2.524 2.443 2.582 2.189
0.005 -0.48482 6.94001 1.4166018963 2.5315463056    1.417  0.911  3.8710  4.115    0  0.000  0.538     0.00     0.00     0.00     0.00     0.00 -1 -3.04e-13      0.00 7.372e-01 2.577e-01 9.052e-04 2.471e-04 2.244e-03 -1.000 5.101e-03 2.493 2.415 2.544 2.179
0.005 -0.48482 6.94001 1.4264777899 2.5324668971    1.427  0.922  3.8792  4.139    0  0.000  0.538     0.00     0.00     0.00     0.00     0.00 -1 -2.92e-13      0.00 7.372e-01 2.577e-01 9.052e-04 2.471e-04 2.244e-03 -1.000 5.101e-03 2.466 2.394 2.511 2.177
0.005 -0.48482 6.94001 1.4346706867 2.5332195553    1.435  0.929  3.8856  4.160    0  0.000  0.538     0.00     0.00     0.00     0.00     0.00 -1 -2.81e-13      0.00 7.372e-01 2.577e-01 9.052e-04 2.471e-04 2.244e-03 -1.000 5.101e-03 2.448 2.380 2.488 2.178
0.005 -0.48482 6.94001 1.4526218176 2.5348345942    1.453  0.938  3.8975  4.204    0  0.000  0.538     0.00     0.00     0.00     0.00     0.00 -1 -2.52e-13      0.00 7.372e-01 2.577e-01 9.052e-04 2.471e-04 2.244e-03 -1.000 5.101e-03 2.425 2.368 2.459 2.194
0.005 -0.48482 6.94001 1.4828314781 2.5374512696    1.483  0.935  3.9106  4.268    0  0.000  0.538     0.00     0.00     0.00     0.00     0.00 -1 -2.04e-13      0.00 7.372e-01 2.577e-01 9.052e-04 2.471e-04 2.244e-03 -1.000 5.101e-03 2.432 2.391 2.466 2.248
0.005 -0.48482 6.94001 1.4836487770 2.5375203611    1.484  0.935  3.9108  4.270    0  0.000  0.538     0.00     0.00     0.00     0.00     0.00 -1 -2.03e-13      0.00 7.372e-01 2.577e-01 9.052e-04 2.471e-04 2.244e-03 -1.000 5.101e-03 2.432 2.392 2.466 2.250
0.005 -0.48482 6.94001 1.5048061609 2.5392789356    1.505  0.930  3.9165  4.303    0  0.000  0.538     0.00     0.00     0.00     0.00     0.00 -1 -1.71e-13      0.00 7.372e-01 2.577e-01 9.052e-04 2.471e-04 2.244e-03 -1.000 5.101e-03 2.445 2.413 2.481 2.284
0.005 -0.48482 6.94001 1.5326267481 2.5415065793    1.532  0.937  3.9241  4.335    0  0.000  0.538     0.00     0.00     0.00     0.00     0.00 -1 -1.43e-13      0.00 7.372e-01 2.577e-01 9.052e-04 2.471e-04 2.244e-03 -1.000 5.101e-03 2.428 2.410 2.468 2.298
0.005 -0.48482 6.94001 1.5368053913 2.5418331683    1.537  0.937  3.9252  4.340    0  0.000  0.538     0.00     0.00     0.00     0.00     0.00 -1 -1.38e-13      0.00 7.372e-01 2.577e-01 9.052e-04 2.471e-04 2.244e-03 -1.000 5.101e-03 2.427 2.410 2.468 2.301
0.005 -0.48482 6.94001 1.5816048384 2.5452102246    1.581  0.968  3.9381  4.374    0  0.000  0.538     0.00     0.00     0.00     0.00     0.00 -1 -1.01e-13      0.00 7.372e-01 2.577e-01 9.052e-04 2.471e-04 2.244e-03 -1.000 5.101e-03 2.351 2.364 2.406 2.283
0.005 -0.48482 6.94001 1.6144313812 2.5475483885    1.614  0.994  3.9483  4.397    0  0.000  0.538     0.00     0.00     0.00     0.00     0.00 -1 -6.98e-14      0.00 7.372e-01 2.577e-01 9.052e-04 2.471e-04 2.244e-03 -1.000 5.101e-03 2.285 2.326 2.358 2.265
0.005 -0.48482 6.94001 1.6305828094 2.5486591609    1.630  1.017  3.9551  4.405    0  0.000  0.538     0.00     0.00     0.00     0.00     0.00 -1 -6.02e-14      0.00 7.372e-01 2.577e-01 9.049e-04 2.471e-04 2.244e-03 -1.000 5.101e-03 2.227 2.289 2.315 2.240
0.005 -0.48482 6.94001 1.6552656889 2.5503085997    1.654  1.048  3.9655  4.423    0  0.000  0.538     0.00     0.00     0.00     0.00     0.00 -1 -5.29e-19      0.00 7.372e-01 2.577e-01 9.049e-04 2.471e-04 2.244e-03 -1.000 5.101e-03 2.151 2.250 2.267 2.217
0.005 -0.48482 6.94001 1.6795608997 2.5518778061    1.679  1.084  3.9768  4.438    0  0.000  0.537     0.00     0.00     0.00     0.00     0.00 -1 -6.66e-24      0.00 7.372e-01 2.577e-01 9.047e-04 2.471e-04 2.244e-03 -1.000 5.101e-03 2.060 2.202 2.211 2.186
0.005 -0.48482 6.94001 1.6979119778 2.5530289119    1.697  1.101  3.9828  4.450    0  0.000  0.537     0.00     0.00     0.00     0.00     0.00 -1 -1.75e-26      0.00 7.372e-01 2.577e-01 9.046e-04 2.471e-04 2.244e-03 -1.000 5.101e-03 2.018 2.185 2.190 2.177
0.005 -0.48482 6.94001 1.7259453535 2.5547331291    1.725  1.123  3.9891  4.460    0  0.000  0.537     0.00     0.00     0.00     0.00     0.00 -1 -2.27e-30      0.00 7.373e-01 2.576e-01 9.046e-04 2.471e-04 2.244e-03 -1.000 5.096e-03 1.962 2.155 2.156 2.155
0.005 -0.48482 6.94001 1.7285389900 2.5548875929    1.727  1.125  3.9896  4.461    0  0.000  0.537     0.00     0.00     0.00     0.00     0.00 -1    -1e-30      0.00 7.373e-01 2.576e-01 9.046e-04 2.471e-04 2.244e-03 -1.000 5.095e-03 1.957 2.152 2.153 2.153
0.005 -0.48482 6.94001 1.7775169611 2.5577074260    1.776  1.166  3.9997  4.472    0  0.000  0.537     0.00     0.00     0.00     0.00     0.00 -1    -1e-30      0.00 7.372e-01 2.577e-01 9.046e-04 2.470e-04 2.244e-03 -1.000 5.101e-03 1.854 2.095 2.089 2.106
0.005 -0.48482 6.94001 1.8190333843 2.5599614251    1.818  1.198  4.0075  4.481    0  0.000  0.537     0.00     0.00     0.00     0.00     0.00 -1    -1e-30      0.00 7.372e-01 2.577e-01 9.046e-04 2.471e-04 2.244e-03 -1.000 5.101e-03 1.774 2.050 2.041 2.070
0.005 -0.48482 6.94001 1.8271399736 2.5603878217    1.826  1.206  4.0091  4.482    0  0.000  0.537     0.00     0.00     0.00     0.00     0.00 -1    -1e-30      0.00 7.373e-01 2.576e-01 9.046e-04 2.471e-04 2.244e-03 -1.000 5.101e-03 1.755 2.039 2.028 2.060
0.005 -0.48482 6.94001 1.8767631054 2.5629058721    1.876  1.252  4.0186  4.486    0  0.000  0.537     0.00     0.00     0.00     0.00     0.00 -1    -1e-30      0.00 7.373e-01 2.576e-01 9.046e-04 2.471e-04 2.244e-03 -1.000 5.101e-03 1.640 1.969 1.954 2.000
0.005 -0.48482 6.94001 1.9263861179 2.5652753117    1.926  1.297  4.0279  4.489    0  0.000  0.537     0.00     0.00     0.00     0.00     0.00 -1    -1e-30      0.00 7.373e-01 2.576e-01 9.046e-04 2.471e-04 2.244e-03 -1.000 5.101e-03 1.527 1.902 1.882 1.940
0.005 -0.48482 6.94001 1.9760092497 2.5675084202    1.976  1.341  4.0367  4.492    0  0.000  0.537     0.00     0.00     0.00     0.00     0.00 -1    -1e-30      0.00 7.373e-01 2.576e-01 9.045e-04 2.470e-04 2.244e-03 -1.000 5.099e-03 1.419 1.838 1.814 1.883
0.005 -0.48482 6.94001 2.0256323814 2.5696161724    2.025  1.382  4.0450  4.494    0  0.000  0.537     0.00     0.00     0.00     0.00     0.00 -1    -1e-30      0.00 7.373e-01 2.576e-01 9.045e-04 2.470e-04 2.244e-03 -1.000 5.101e-03 1.315 1.776 1.749 1.828
0.005 -0.48482 6.94001 2.0752551556 2.5716084101    2.074  1.423  4.0530  4.496    0  0.000  0.537     0.00     0.00     0.00     0.00     0.00 -1    -1e-30      0.00 7.373e-01 2.576e-01 9.045e-04 2.470e-04 2.244e-03 -1.000 5.101e-03 1.213 1.716 1.686 1.774
0.005 -0.48482 6.94001 2.1248781681 2.5734940270    2.124  1.463  4.0608  4.497    0  0.000  0.537     0.00     0.00     0.00     0.00     0.00 -1    -1e-30      0.00 7.373e-01 2.576e-01 9.045e-04 2.470e-04 2.244e-03 -1.000 5.096e-03 1.113 1.657 1.624 1.720
0.005 -0.48482 6.94001 2.1745014191 2.5752810240    2.173  1.501  4.0683  4.499    0  0.000  0.538     0.00     0.00     0.00     0.00     0.00 -1    -1e-30      0.00 7.373e-01 2.576e-01 9.045e-04 2.471e-04 2.244e-03 -1.000 5.100e-03 1.017 1.600 1.564 1.668
0.005 -0.48482 6.94001 2.2241244316 2.5769766210    2.223  1.538  4.0752  4.499    0  0.000  0.538     0.00     0.00     0.00     0.00     0.00 -1    -1e-30      0.00 7.373e-01 2.576e-01 9.045e-04 2.471e-04 2.244e-03 -1.000 5.101e-03 0.924 1.545 1.507 1.618
0.005 -0.48482 6.94001 2.2737474442 2.5785873869    2.272  1.575  4.0822  4.500    0  0.000  0.538     0.00     0.00     0.00     0.00     0.00 -1    -1e-30      0.00 7.373e-01 2.576e-01 9.048e-04 2.470e-04 2.244e-03 -1.000 5.101e-03 0.832 1.490 1.449 1.567
0.005 -0.48482 6.94001 2.3233704567 2.5801192816    2.322  1.610  4.0887  4.500    0  0.000  0.538     0.00     0.00     0.00     0.00     0.00 -1    -1e-30      0.00 7.374e-01 2.575e-01 9.045e-04 2.470e-04 2.244e-03 -1.000 5.101e-03 0.744 1.438 1.395 1.519
0.005 -0.48482 6.94001 2.3729934692 2.5815777304    2.372  1.645  4.0950  4.500    0  0.000  0.538     0.00     0.00     0.00     0.00     0.00 -1    -1e-30      0.00 7.373e-01 2.576e-01 9.048e-04 2.470e-04 2.244e-03 -1.000 5.101e-03 0.658 1.386 1.341 1.471
0.005 -0.48482 6.94001 2.4226169586 2.5829676955    2.421  1.678  4.1012  4.500    0  0.000  0.538     0.00     0.00     0.00     0.00     0.00 -1    -1e-30      0.00 7.374e-01 2.576e-01 9.049e-04 2.471e-04 2.244e-03 -1.000 5.098e-03 0.574 1.337 1.289 1.425
0.005 -0.48482 6.94001 2.6211090088 2.5879275048    2.620  1.805  4.1236  4.498    0  0.000  0.538     0.00     0.00     0.00     0.00     0.00 -1    -1e-30      0.00 7.372e-01 2.577e-01 9.053e-04 2.471e-04 2.245e-03 -1.000 5.101e-03 0.258 1.146 1.092 1.247
0.005 -0.48482 6.94001 2.8196010590 2.5920929912    2.819  1.921  4.1430  4.491    1  0.000  0.538     0.00     0.00     0.00     0.00     0.00 -1    -1e-30      0.00 7.372e-01 2.577e-01 9.053e-04 2.471e-04 2.245e-03 -1.000 5.101e-03 -0.034 0.965 0.905 1.078
0.005 -0.48482 6.94001 2.8218588829 2.5921365112    2.822  1.923  4.1432  4.491    1  0.000  0.538     0.00     0.00     0.00     0.00     0.00 -1    -1e-30      0.00 7.372e-01 2.577e-01 9.053e-04 2.471e-04 2.245e-03 -1.000 5.101e-03 -0.037 0.963 0.902 1.076
0.005 -0.48482 6.94001 3.0180935860 2.5956347850    3.018  2.030  4.1609  4.484    1  0.000  0.538     0.00     0.00     0.00     0.00     0.00 -1    -1e-30      0.00 7.372e-01 2.577e-01 9.053e-04 2.471e-04 2.245e-03 -1.000 5.101e-03 -0.304 0.797 0.732 0.920
0.005 -0.48482 6.94001 3.2165856361 2.5986786580    3.215  2.131  4.1786  4.480    0  0.000  0.538     0.00     0.00     0.00     0.00     0.00 -1    -1e-30      0.00 7.372e-01 2.577e-01 9.053e-04 2.471e-04 2.245e-03 -1.000 5.101e-03 -0.558 0.647 0.576 0.779
0.005 -0.48482 6.94001 3.4150779247 2.6013192607    3.413  2.225  4.1938  4.473    1  0.000  0.538     0.00     0.00     0.00     0.00     0.00 -1    -1e-30      0.00 7.372e-01 2.577e-01 9.053e-04 2.471e-04 2.245e-03 -1.000 5.101e-03 -0.793 0.501 0.426 0.642
0.005 -0.48482 6.94001 3.6135697365 2.6036290617    3.611  2.314  4.2067  4.461    1  0.000  0.538     0.00     0.00     0.00     0.00     0.00 -1    -1e-30      0.00 7.372e-01 2.577e-01 9.053e-04 2.471e-04 2.245e-03 -1.000 5.101e-03 -1.014 0.357 0.277 0.505
0.005 -0.48482 6.94001 3.7926661968 2.6054763418    3.790  2.388  4.2179  4.452    1  0.000  0.538     0.00     0.00     0.00     0.00     0.00 -1    -1e-30      0.00 7.372e-01 2.577e-01 9.053e-04 2.471e-04 2.245e-03 -1.000 5.101e-03 -1.201 0.235 0.153 0.390
0.005 -0.48482 6.94001 3.8120622635 2.6056644568    3.810  2.396  4.2191  4.451    1  0.000  0.538     0.00     0.00     0.00     0.00     0.00 -1    -1e-30      0.00 7.372e-01 2.577e-01 9.053e-04 2.471e-04 2.245e-03 -1.000 5.101e-03 -1.221 0.223 0.140 0.378
0.005 -0.48482 6.94001 4.0105543137 2.6074699090    4.011  2.476  4.2329  4.449    1  0.000  0.538     0.00     0.00     0.00     0.00     0.00 -1    -1e-30      0.00 7.372e-01 2.577e-01 9.053e-04 2.471e-04 2.245e-03 -1.000 5.101e-03 -1.420 0.106 0.019 0.268
0.005 -0.48482 6.94001 4.2090463638 2.6090809467    4.207  2.551  4.2441  4.440    1  0.000  0.538     0.00     0.00     0.00     0.00     0.00 -1    -1e-30      0.00 7.372e-01 2.577e-01 9.053e-04 2.471e-04 2.245e-03 -1.000 5.101e-03 -1.606 -0.014 -0.104 0.155
0.005 -0.48482 6.94001 4.4075388908 2.6105262652    4.405  2.621  4.2544  4.430    1  0.000  0.538     0.00     0.00     0.00     0.00     0.00 -1    -1e-30      0.00 7.372e-01 2.577e-01 9.053e-04 2.471e-04 2.245e-03 -1.000 5.101e-03 -1.784 -0.130 -0.223 0.044
0.005 -0.48482 6.94001 4.6060314178 2.6118292719    4.603  2.689  4.2648  4.423    1  0.000  0.538     0.00     0.00     0.00     0.00     0.00 -1    -1e-30      0.00 7.372e-01 2.577e-01 9.053e-04 2.471e-04 2.245e-03 -1.000 5.101e-03 -1.953 -0.239 -0.335 -0.058
0.005 -0.48482 6.94001 4.7291951180 2.6125748445    4.727  2.730  4.2709  4.418    1  0.000  0.538     0.00     0.00     0.00     0.00     0.00 -1    -1e-30      0.00 7.372e-01 2.577e-01 9.053e-04 2.471e-04 2.245e-03 -1.000 5.101e-03 -2.054 -0.304 -0.402 -0.120
0.005 -0.48482 6.94001 4.8045234680 2.6130092428    4.803  2.754  4.2745  4.416    1  0.000  0.538     0.00     0.00     0.00     0.00     0.00 -1    -1e-30      0.00 7.372e-01 2.577e-01 9.053e-04 2.471e-04 2.245e-03 -1.000 5.101e-03 -2.115 -0.343 -0.442 -0.158
0.005 -0.48482 6.94001 4.8127770424 2.6130558893    4.811  2.757  4.2749  4.415    1  0.000  0.538     0.00     0.00     0.00     0.00     0.00 -1    -1e-30      0.00 7.372e-01 2.577e-01 9.053e-04 2.471e-04 2.245e-03 -1.000 5.101e-03 -2.122 -0.348 -0.447 -0.162
0.005 -0.48482 6.94001 5.0030159950 2.6140821937    5.002  2.816  4.2840  4.409    1  0.000  0.538     0.00     0.00     0.00     0.00     0.00 -1    -1e-30      0.00 7.372e-01 2.577e-01 9.053e-04 2.471e-04 2.245e-03 -1.000 5.101e-03 -2.270 -0.444 -0.545 -0.252
0.005 -0.48482 6.94001 5.2015075684 2.6150615156    5.201  2.875  4.2929  4.402    1  0.000  0.538     0.00     0.00     0.00     0.00     0.00 -1    -1e-30      0.00 7.372e-01 2.577e-01 9.053e-04 2.471e-04 2.245e-03 -1.000 5.101e-03 -2.419 -0.540 -0.644 -0.344
0.005 -0.48482 6.94001 5.2909789085 2.6154754221    5.291  2.901  4.2968  4.399    1  0.000  0.538     0.00     0.00     0.00     0.00     0.00 -1    -1e-30      0.00 7.372e-01 2.577e-01 9.053e-04 2.471e-04 2.245e-03 -1.000 5.101e-03 -2.483 -0.582 -0.687 -0.384
0.005 -0.48482 6.94001 5.4000000954 2.6159585105    5.401  2.932  4.3015  4.396    1  0.000  0.538     0.00     0.00     0.00     0.00     0.00 -1    -1e-30      0.00 7.372e-01 2.577e-01 9.053e-04 2.471e-04 2.245e-03 -1.000 5.101e-03 -2.561 -0.633 -0.739 -0.432
0.005 -0.48482 6.94001 5.5763292313 2.6166940622    5.577  2.982  4.3088  4.390    1  0.000  0.538     0.00     0.00     0.00     0.00     0.00 -1    -1e-30      0.00 7.372e-01 2.577e-01 9.053e-04 2.471e-04 2.245e-03 -1.000 5.101e-03 -2.684 -0.713 -0.821 -0.508
0.005 -0.48482 6.94001 5.7526593208 2.6173780033    5.753  3.029  4.3159  4.384    1  0.000  0.538     0.00     0.00     0.00     0.00     0.00 -1    -1e-30      0.00 7.372e-01 2.577e-01 9.053e-04 2.471e-04 2.245e-03 -1.000 5.101e-03 -2.802 -0.791 -0.901 -0.582
0.005 -0.48482 6.94001 5.9289884567 2.6180153688    5.929  3.075  4.3226  4.379    1  0.000  0.538     0.00     0.00     0.00     0.00     0.00 -1    -1e-30      0.00 7.372e-01 2.577e-01 9.053e-04 2.471e-04 2.245e-03 -1.000 5.101e-03 -2.917 -0.867 -0.979 -0.655
0.005 -0.48482 6.94001 6.1053180695 2.6186105833    6.105  3.119  4.3291  4.373    1  0.000  0.538     0.00     0.00     0.00     0.00     0.00 -1    -1e-30      0.00 7.372e-01 2.577e-01 9.053e-04 2.471e-04 2.245e-03 -1.000 5.101e-03 -3.029 -0.942 -1.056 -0.726
0.005 -0.48482 6.94001 6.1993131638 2.6189120076    6.198  3.143  4.3325  4.370    1  0.000  0.538     0.00     0.00     0.00     0.00     0.00 -1    -1e-30      0.00 7.372e-01 2.577e-01 9.053e-04 2.471e-04 2.245e-03 -1.000 5.101e-03 -3.087 -0.980 -1.095 -0.763
0.005 -0.48482 6.94001 6.2816472054 2.6191675316    6.280  3.163  4.3355  4.367    1  0.000  0.538     0.00     0.00     0.00     0.00     0.00 -1    -1e-30      0.00 7.372e-01 2.577e-01 9.053e-04 2.471e-04 2.245e-03 -1.000 5.101e-03 -3.137 -1.014 -1.130 -0.795
0.005 -0.48482 6.94001 6.7292613983 2.6204318186    6.721  3.266  4.3504  4.353    1  0.000  0.538     0.00     0.00     0.00     0.00     0.00 -1    -1e-30      0.00 7.372e-01 2.577e-01 9.053e-04 2.471e-04 2.245e-03 -1.000 5.101e-03 -3.395 -1.188 -1.308 -0.961
0.005 -0.48482 6.94001 6.8106355667 2.6206412250    6.802  3.284  4.3530  4.350    1  0.000  0.538     0.00     0.00     0.00     0.00     0.00 -1    -1e-30      0.00 7.372e-01 2.577e-01 9.053e-04 2.471e-04 2.245e-03 -1.000 5.101e-03 -3.440 -1.219 -1.340 -0.990
0.005 -0.48482 6.94001 7.6089625359 2.6224255496    7.593  3.451  4.3765  4.326    1  0.000  0.538     0.00     0.00     0.00     0.00     0.00 -1    -1e-30      0.00 7.372e-01 2.577e-01 9.053e-04 2.471e-04 2.245e-03 -1.000 5.101e-03 -3.856 -1.506 -1.633 -1.264
0.005 -0.48482 6.94001 7.6922831535 2.6225873933    7.676  3.467  4.3788  4.323    1  0.000  0.538     0.00     0.00     0.00     0.00     0.00 -1    -1e-30      0.00 7.372e-01 2.577e-01 9.053e-04 2.471e-04 2.245e-03 -1.000 5.101e-03 -3.898 -1.535 -1.662 -1.292
0.005 -0.48482 6.94001 8.4555292130 2.6239008949    8.437  3.611  4.3985  4.299    1  0.000  0.538     0.00     0.00     0.00     0.00     0.00 -1    -1e-30      0.00 7.372e-01 2.577e-01 9.053e-04 2.471e-04 2.245e-03 -1.000 5.101e-03 -4.258 -1.790 -1.922 -1.537
0.005 -0.48482 6.94001 8.5739307404 2.6240807077    8.556  3.632  4.4013  4.295    1  0.000  0.538     0.00     0.00     0.00     0.00     0.00 -1    -1e-30      0.00 7.372e-01 2.577e-01 9.053e-04 2.471e-04 2.245e-03 -1.000 5.101e-03 -4.311 -1.838 -1.970 -1.601
0.005 -0.48482 6.94001 8.9814901352 2.6246581918    8.964  3.703  4.4107  4.282    1  0.000  0.538     0.00     0.00     0.00     0.00     0.00 -1    -1e-30      0.00 7.372e-01 2.577e-01 9.053e-04 2.471e-04 2.245e-03 -1.000 5.101e-03 -4.488 -1.952 -2.087 -1.708
0.005 -0.48482 6.94001 9.4555778503 2.6252584382    9.438  3.783  4.4209  4.266    1  0.000  0.538     0.00     0.00     0.00     0.00     0.00 -1    -1e-30      0.00 7.372e-01 2.577e-01 9.053e-04 2.471e-04 2.245e-03 -1.000 5.101e-03 -4.686 -2.084 -2.222 -1.833
0.005 -0.48482 6.94001 9.6387939453 2.6254722987    9.620  3.811  4.4246  4.260    1  0.000  0.538     0.00     0.00     0.00     0.00     0.00 -1    -1e-30      0.00 7.372e-01 2.577e-01 9.053e-04 2.471e-04 2.245e-03 -1.000 5.101e-03 -4.758 -2.133 -2.272 -1.879
0.005 -0.48482 6.94001 10.2560501099 2.6261285800   10.233  3.906  4.4361  4.239    1  0.000  0.538     0.00     0.00     0.00     0.00     0.00 -1    -1e-30      0.00 7.372e-01 2.577e-01 9.053e-04 2.471e-04 2.245e-03 -1.000 5.101e-03 -4.995 -2.334 -2.476 -2.074
0.005 -0.48482 6.94001 10.3372249603 2.6262082070   10.314  3.918  4.4376  4.236    1  0.000  0.538     0.00     0.00     0.00     0.00     0.00 -1    -1e-30      0.00 7.372e-01 2.577e-01 9.053e-04 2.471e-04 2.245e-03 -1.000 5.101e-03 -5.025 -2.360 -2.503 -2.099
0.005 -0.48482 6.94001 10.3606081009 2.6262308783   10.337  3.921  4.4380  4.235    1  0.000  0.538     0.00     0.00     0.00     0.00     0.00 -1    -1e-30      0.00 7.372e-01 2.577e-01 9.053e-04 2.471e-04 2.245e-03 -1.000 5.101e-03 -5.033 -2.368 -2.510 -2.106
0.005 -0.48482 6.94001 10.9269218445 2.6267460555   10.901  4.003  4.4474  4.214    1  0.000  0.538     0.00     0.00     0.00     0.00     0.00 -1    -1e-30      0.00 7.372e-01 2.577e-01 9.053e-04 2.471e-04 2.245e-03 -1.000 5.101e-03 -5.238 -2.542 -2.686 -2.273
0.005 -0.48482 6.94001 11.2188730240 2.6269884008   11.191  4.044  4.4520  4.203    1  0.000  0.538     0.00     0.00     0.00     0.00     0.00 -1    -1e-30      0.00 7.372e-01 2.577e-01 9.053e-04 2.471e-04 2.245e-03 -1.000 5.101e-03 -5.341 -2.623 -2.769 -2.352
0.005 -0.48482 6.94001 11.2686319351 2.6270282672   11.240  4.051  4.4528  4.201    1  0.000  0.538     0.00     0.00     0.00     0.00     0.00 -1 -2.08e-30      0.00 7.372e-01 2.577e-01 9.055e-04 2.471e-04 2.245e-03 -1.000 5.101e-03 -5.358 -2.635 -2.781 -2.364
0.005 -0.48482 6.94001 11.7499876022 2.6273939654   11.716  4.115  4.4597  4.182    1  0.000  0.539     0.00     0.00     0.00     0.00     0.00 -1 -2.11e-27      0.00 7.372e-01 2.577e-01 9.068e-04 2.472e-04 2.245e-03 -1.000 5.101e-03 -5.518 -2.754 -2.902 -2.479
0.005 -0.48482 6.94001 12.2314071655 2.6277268033   12.192  4.178  4.4660  4.162    1  0.000  0.540     0.00     0.00     0.00     0.00     0.00 -1 -1.65e-24      0.00 7.372e-01 2.577e-01 9.082e-04 2.472e-04 2.245e-03 -1.000 5.101e-03 -5.675 -2.871 -3.021 -2.593
0.005 -0.48482 6.94001 12.6861610413 2.6280146725   12.641  4.236  4.4716  4.143    1  0.000  0.541     0.00     0.00     0.00     0.00     0.00 -1 -7.11e-22      0.00 7.372e-01 2.577e-01 9.094e-04 2.472e-04 2.245e-03 -1.000 5.101e-03 -5.819 -2.981 -3.132 -2.701
0.005 -0.48482 6.94001 12.9821681976 2.6281896409   12.934  4.273  4.4749  4.128    1  0.000  0.541     0.00     0.00     0.00     0.00     0.00 -1  -3.3e-20      0.00 7.372e-01 2.577e-01 9.101e-04 2.472e-04 2.245e-03 -1.000 5.101e-03 -5.912 -3.054 -3.206 -2.773
0.005 -0.48482 6.94001 13.3390169144 2.6283887455   13.284  4.315  4.4784  4.112    1  0.000  0.542     0.00     0.00     0.00     0.00     0.00 -1 -3.45e-18      0.00 7.372e-01 2.577e-01 9.114e-04 2.473e-04 2.245e-03 -1.000 5.101e-03 -6.018 -3.143 -3.296 -2.859
0.005 -0.48482 6.94001 13.9694986343 2.6287120998   13.902  4.388  4.4839  4.080    1  0.000  0.543     0.00     0.00     0.00     0.00     0.00 -1 -9.72e-15      0.00 7.372e-01 2.577e-01 9.136e-04 2.473e-04 2.245e-03 -1.000 5.101e-03 -6.201 -3.302 -3.456 -3.012
0.005 -0.48482 6.94001 14.5568866730 2.6289845513   14.475  4.455  4.4882  4.049    1  0.000  0.544     0.00     0.00     0.00     0.00     0.00 -1 -1.18e-11      0.00 7.372e-01 2.577e-01 9.156e-04 2.474e-04 2.244e-03 -1.000 5.101e-03 -6.367 -3.450 -3.606 -3.155
0.005 -0.48482 6.94001 14.7454624176 2.6290667438   14.661  4.476  4.4894  4.038    1  0.000  0.544     0.00     0.00     0.00     0.00     0.00 -1 -1.08e-10      0.00 7.372e-01 2.577e-01 9.162e-04 2.474e-04 2.244e-03 -1.000 5.101e-03 -6.419 -3.497 -3.654 -3.201
0.005 -0.48482 6.94001 14.8245153427 2.6291004852   14.738  4.484  4.4899  4.034    1  0.000  0.544     0.00     0.00     0.00     0.00     0.00 -1 -1.34e-10      0.00 7.372e-01 2.577e-01 9.162e-04 2.474e-04 2.244e-03 -1.000 5.101e-03 -6.440 -3.517 -3.673 -3.219
0.005 -0.48482 6.94001 15.3733701706 2.6293237867   15.272  4.542  4.4925  4.002    1  0.000  0.545     0.00     0.00     0.00     0.00     0.00 -1 -5.82e-10      0.00 7.372e-01 2.577e-01 9.166e-04 2.474e-04 2.244e-03 -1.000 5.101e-03 -6.586 -3.654 -3.812 -3.352
0.005 -0.48482 6.94001 15.9093971252 2.6295248556   15.793  4.598  4.4940  3.966    1  0.000  0.545     0.00     0.00     0.00     0.00     0.00 -1 -2.33e-09      0.00 7.372e-01 2.577e-01 9.169e-04 2.474e-04 2.244e-03 -1.000 5.101e-03 -6.726 -3.794 -3.952 -3.491
0.005 -0.48482 6.94001 16.3946018219 2.6296938835   16.263  4.648  4.4946  3.931    1  0.000  0.545     0.00     0.00     0.00     0.00     0.00 -1 -7.88e-09      0.00 7.371e-01 2.578e-01 9.172e-04 2.474e-04 2.244e-03 -1.000 5.101e-03 -6.851 -3.923 -4.081 -3.621
0.005 -0.48482 6.94001 16.5087585449 2.6297319948   16.374  4.660  4.4947  3.923    1  0.000  0.545     0.00     0.00     0.00     0.00     0.00 -1 -1.04e-08      0.00 7.371e-01 2.578e-01 9.173e-04 2.474e-04 2.244e-03 -1.000 5.101e-03 -6.880 -3.953 -4.111 -3.651
0.005 -0.48482 6.94001 16.5111656189 2.6297327919   16.376  4.660  4.4947  3.923    1  0.000  0.545     0.00     0.00     0.00     0.00     0.00 -1 -1.05e-08      0.00 7.371e-01 2.578e-01 9.173e-04 2.474e-04 2.244e-03 -1.000 5.101e-03 -6.880 -3.953 -4.112 -3.652
0.005 -0.48482 6.94001 17.0035018921 2.6298903856   16.852  4.708  4.4942  3.885    1  0.000  0.545     0.00     0.00     0.00     0.00     0.00 -1 -1.28e-08      0.00 7.371e-01 2.578e-01 9.173e-04 2.474e-04 2.244e-03 -1.000 5.101e-03 -7.001 -4.084 -4.242 -3.784
0.005 -0.48482 6.94001 17.5769653320 2.6300612079   17.405  4.765  4.4918  3.833    1  0.000  0.545     0.00     0.00     0.00     0.00     0.00 -1 -1.61e-08      0.00 7.371e-01 2.578e-01 9.173e-04 2.474e-04 2.244e-03 -1.000 5.101e-03 -7.141 -4.245 -4.402 -3.949
0.005 -0.48482 6.94001 18.1276512146 2.6302136018   17.934  4.818  4.4880  3.778    1  0.000  0.545     0.00     0.00     0.00     0.00     0.00 -1 -1.96e-08      0.00 7.371e-01 2.578e-01 9.173e-04 2.474e-04 2.244e-03 -1.000 5.101e-03 -7.275 -4.408 -4.563 -4.116
0.005 -0.48482 6.94001 18.2720527649 2.6302518185   18.075  4.832  4.4868  3.762    1  0.000  0.545     0.00     0.00     0.00     0.00     0.00 -1 -2.06e-08      0.00 7.371e-01 2.578e-01 9.173e-04 2.474e-04 2.244e-03 -1.000 5.101e-03 -7.309 -4.451 -4.606 -4.160
0.005 -0.48482 6.94001 18.3246288300 2.6302655612   18.125  4.836  4.4863  3.757    1  0.000  0.545     0.00     0.00     0.00     0.00     0.00 -1 -2.09e-08      0.00 7.371e-01 2.578e-01 9.173e-04 2.474e-04 2.244e-03 -1.000 5.101e-03 -7.321 -4.466 -4.621 -4.175
0.005 -0.48482 6.94001 18.8376483917 2.6303950411   18.616  4.883  4.4807  3.700    1  0.000  0.545     0.00     0.00     0.00     0.00     0.00 -1 -2.44e-08      0.00 7.371e-01 2.578e-01 9.173e-04 2.474e-04 2.244e-03 -1.000 5.101e-03 -7.436 -4.621 -4.774 -4.333
0.005 -0.48482 6.94001 19.2719192505 2.6304984725   19.030  4.922  4.4735  3.641    1  0.000  0.545     0.00     0.00     0.00     0.00     0.00 -1 -2.72e-08      0.00 7.371e-01 2.578e-01 9.173e-04 2.474e-04 2.244e-03 -1.000 5.101e-03 -7.536 -4.767 -4.920 -4.482
0.005 -0.48482 6.94001 19.6965217590 2.6305945467   19.433  4.961  4.4649  3.578    1  0.000  0.545     0.00     0.00     0.00     0.00     0.00 -1 -2.99e-08      0.00 7.371e-01 2.578e-01 9.173e-04 2.474e-04 2.244e-03 -1.000 5.101e-03 -7.631 -4.913 -5.065 -4.626
0.005 -0.48482 6.94001 20.0836105347 2.6306780741   19.800  4.995  4.4556  3.514    1  0.000  0.545     0.00     0.00     0.00     0.00     0.00 -1  -3.2e-08      0.00 7.371e-01 2.578e-01 9.173e-04 2.474e-04 2.244e-03 -1.000 5.101e-03 -7.718 -5.045 -5.197 -4.758
0.005 -0.48482 6.94001 20.3329696655 2.6307299491   20.036  5.018  4.4480  3.466    1  0.000  0.545     0.00     0.00     0.00     0.00     0.00 -1 -3.28e-08      0.00 7.371e-01 2.578e-01 9.173e-04 2.474e-04 2.244e-03 -1.000 5.101e-03 -7.775 -5.150 -5.301 -4.867
0.005 -0.48482 6.94001 20.5608673096 2.6307760960   20.251  5.039  4.4400  3.417    1  0.000  0.545     0.00     0.00     0.00     0.00     0.00 -1 -3.32e-08      0.00 7.371e-01 2.578e-01 9.173e-04 2.474e-04 2.244e-03 -1.000 5.101e-03 -7.828 -5.266 -5.412 -4.993
0.005 -0.48482 6.94001 20.7827491760 2.6308199084   20.461  5.060  4.4319  3.369    1  0.000  0.545     0.00     0.00     0.00     0.00     0.00 -1 -3.32e-08      0.00 7.371e-01 2.578e-01 9.173e-04 2.474e-04 2.244e-03 -1.000 5.101e-03 -7.880 -5.377 -5.520 -5.114
0.005 -0.48482 6.94001 21.1006698608 2.6308808413   20.761  5.090  4.4219  3.305    1  0.000  0.545     0.00     0.00     0.00     0.00     0.00 -1 -3.44e-08      0.00 7.371e-01 2.578e-01 9.173e-04 2.474e-04 2.244e-03 -1.000 5.101e-03 -7.955 -5.521 -5.660 -5.268
0.005 -0.48482 6.94001 21.1925315857 2.6308980566   20.847  5.099  4.4206  3.292    1  0.000  0.545     0.00     0.00     0.00     0.00     0.00 -1 -3.51e-08      0.00 7.371e-01 2.578e-01 9.173e-04 2.474e-04 2.244e-03 -1.000 5.101e-03 -7.978 -5.553 -5.691 -5.302
0.005 -0.48482 6.94001 21.3432006836 2.6309259240   20.989  5.118  4.4325  3.324    1  0.000  0.545     0.00     0.00     0.00     0.00     0.00 -1 -4.35e-08      0.00 7.371e-01 2.578e-01 9.173e-04 2.474e-04 2.244e-03 -1.000 5.101e-03 -8.026 -5.535 -5.677 -5.273
0.005 -0.48482 6.94001 21.3718643188 2.6309311744   21.016  5.127  4.4427  3.357    1  0.000  0.545     0.00     0.00     0.00     0.00     0.00 -1 -5.03e-08      0.00 7.371e-01 2.578e-01 9.173e-04 2.474e-04 2.244e-03 -1.000 5.101e-03 -8.046 -5.492 -5.638 -5.221
0.005 -0.48482 6.94001 21.3829040527 2.6309331922   21.026  5.136  4.4529  3.389    1  0.000  0.545     0.00     0.00     0.00     0.00     0.00 -1 -5.81e-08      0.00 7.371e-01 2.578e-01 9.173e-04 2.474e-04 2.244e-03 -1.000 5.101e-03 -8.069 -5.452 -5.601 -5.174
0.005 -0.48482 6.94001 21.3887519836 2.6309342602   21.032  5.149  4.4649  3.423    1  0.000  0.545     0.00     0.00     0.00     0.00     0.00 -1 -6.95e-08      0.00 7.371e-01 2.578e-01 9.173e-04 2.474e-04 2.244e-03 -1.000 5.101e-03 -8.103 -5.423 -5.573 -5.142
0.005 -0.48482 6.94001 21.3920707703 2.6309348659   21.034  5.159  4.4735  3.448    1  0.000  0.545     0.00     0.00     0.00     0.00     0.00 -1 -7.93e-08      0.00 7.371e-01 2.578e-01 9.173e-04 2.474e-04 2.244e-03 -1.000 5.101e-03 -8.127 -5.405 -5.556 -5.121
0.005 -0.48482 6.94001 21.3927745819 2.6309349944   21.035  5.160  4.4751  3.453    1  0.000  0.545     0.00     0.00     0.00     0.00     0.00 -1 -8.13e-08      0.00 7.371e-01 2.578e-01 9.173e-04 2.474e-04 2.244e-03 -1.000 5.101e-03 -8.131 -5.401 -5.552 -5.117
0.005 -0.48482 6.94001 21.3978672028 2.6309359234   21.040  5.155  4.4584  3.391    2  0.000  0.545     0.00     0.00     0.00     0.00     0.00 -1 -6.85e-08      0.00 7.371e-01 2.578e-01 9.173e-04 2.474e-04 2.244e-03 -1.000 5.101e-03 -8.118 -5.477 -5.626 -5.198
0.005 -0.48482 6.94001 21.3999652863 2.6309363060   21.042  5.157  4.4439  3.332    2  0.000  0.545     0.00     0.00     0.00     0.00     0.00 -1 -5.94e-08      0.00 7.371e-01 2.578e-01 9.173e-04 2.474e-04 2.244e-03 -1.000 5.101e-03 -8.122 -5.572 -5.717 -5.302
0.005 -0.48482 6.94001 21.4016819000 2.6309366190   21.043  5.159  4.4296  3.272    2  0.000  0.545     0.00     0.00     0.00     0.00     0.00 -1 -5.04e-08      0.00 7.371e-01 2.578e-01 9.173e-04 2.474e-04 2.244e-03 -1.000 5.101e-03 -8.128 -5.668 -5.808 -5.410
0.005 -0.48482 6.94001 21.4034194946 2.6309369357   21.045  5.162  4.4126  3.202    2  0.000  0.545     0.00     0.00     0.00     0.00     0.00 -1 -1.64e-07      0.00 7.371e-01 2.578e-01 9.173e-04 2.474e-04 2.244e-03 -1.000 5.101e-03 -8.134 -5.747 -5.884 -5.495
0.005 -0.48482 6.94001 21.4046497345 2.6309371600   21.046  5.163  4.3992  3.147    2  0.000  0.545     0.00     0.00     0.00     0.00     0.00 -1 -1.95e-07      0.00 7.371e-01 2.578e-01 9.173e-04 2.474e-04 2.244e-03 -1.000 5.101e-03 -8.138 -5.826 -5.959 -5.588
0.005 -0.48482 6.94001 21.4061813354 2.6309374391   21.047  5.164  4.3803  3.070    2  0.000  0.545     0.00     0.00     0.00     0.00     0.00 -1 -1.84e-07      0.00 7.371e-01 2.578e-01 9.173e-04 2.474e-04 2.244e-03 -1.000 5.101e-03 -8.141 -5.937 -6.069 -5.700
0.005 -0.48482 6.94001 21.4077358246 2.6309377223   21.048  5.165  4.3573  2.978    2  0.000  0.545     0.00     0.00     0.00     0.00     0.00 -1 -1.73e-07      0.00 7.371e-01 2.578e-01 9.173e-04 2.474e-04 2.244e-03 -1.000 5.101e-03 -8.142 -6.074 -6.199 -5.851
0.005 -0.48482 6.94001 21.4087791443 2.6309379124   21.049  5.165  4.3399  2.908    2  0.000  0.545     0.00     0.00     0.00     0.00     0.00 -1 -1.65e-07      0.00 7.371e-01 2.578e-01 9.173e-04 2.474e-04 2.244e-03 -1.000 5.101e-03 -8.143 -6.172 -6.293 -5.960
0.005 -0.48482 6.94001 21.4098377228 2.6309381052   21.050  5.166  4.3206  2.829    2  0.000  0.545     0.00     0.00     0.00     0.00     0.00 -1 -1.56e-07      0.00 7.371e-01 2.578e-01 9.173e-04 2.474e-04 2.244e-03 -1.000 5.101e-03 -8.146 -6.269 -6.385 -6.066
0.005 -0.48482 6.94001 21.4109096527 2.6309383004   21.051  5.168  4.2997  2.744    2  0.000  0.545     0.00     0.00     0.00     0.00     0.00 -1 -1.76e-07      0.00 7.371e-01 2.578e-01 9.173e-04 2.474e-04 2.244e-03 -1.000 5.101e-03 -8.150 -6.288 -6.398 -6.089
0.005 -0.48482 6.94001 21.4119892120 2.6309384970   21.052  5.170  4.2776  2.654    2  0.000  0.545     0.00     0.00     0.00     0.00     0.00 -1 -1.69e-07      0.00 7.371e-01 2.578e-01 9.173e-04 2.474e-04 2.244e-03 -1.000 5.101e-03 -8.155 -6.427 -6.529 -6.247
0.005 -0.48482 6.94001 21.4130840302 2.6309386964   21.053  5.173  4.2548  2.560    2  0.000  0.545     0.00     0.00     0.00     0.00     0.00 -1 -1.62e-07      0.00 7.371e-01 2.578e-01 9.173e-04 2.474e-04 2.244e-03 -1.000 5.101e-03 -8.162 -6.560 -6.656 -6.394
0.005 -0.48482 6.94001 21.4139156342 2.6309388478   21.054  5.175  4.2374  2.488    2  0.000  0.545     0.00     0.00     0.00     0.00     0.00 -1 -1.56e-07      0.00 7.371e-01 2.578e-01 9.173e-04 2.474e-04 2.244e-03 -1.000 5.101e-03 -8.167 -6.661 -6.752 -6.505
0.005 -0.48482 6.94001 21.4147472382 2.6309389992   21.054  5.177  4.2202  2.418    2  0.000  0.545     0.00     0.00     0.00     0.00     0.00 -1 -1.62e-07      0.00 7.371e-01 2.578e-01 9.173e-04 2.474e-04 2.244e-03 -1.000 5.101e-03 -8.172 -6.760 -6.846 -6.613
0.005 -0.48482 6.94001 21.4155941010 2.6309391534   21.054  5.179  4.2033  2.348    2  0.000  0.545     0.00     0.00     0.00     0.00     0.00 -1 -4.25e-07      0.00 7.371e-01 2.578e-01 9.173e-04 2.474e-04 2.244e-03 -1.000 5.101e-03 -8.177 -6.858 -6.939 -6.721
0.005 -0.48482 6.94001 21.4164638519 2.6309393117   21.054  5.180  4.1869  2.281    2  0.000  0.545     0.00     0.00     0.00     0.00     0.00 -1 -5.03e-07      0.00 7.371e-01 2.578e-01 9.173e-04 2.474e-04 2.244e-03 -1.000 5.101e-03 -8.181 -6.954 -7.029 -6.826
0.005 -0.48482 6.94001 21.4173679352 2.6309394762   21.054  5.182  4.1710  2.216    2  0.000  0.545     0.00     0.00     0.00     0.00     0.00 -1 -4.83e-07      0.00 7.371e-01 2.578e-01 9.173e-04 2.474e-04 2.244e-03 -1.000 5.101e-03 -8.185 -7.045 -7.115 -6.929
0.005 -0.48482 6.94001 21.4179916382 2.6309395898   21.054  5.183  4.1608  2.174    2  0.000  0.545     0.00     0.00     0.00     0.00     0.00 -1 -4.68e-07      0.00 7.371e-01 2.578e-01 9.173e-04 2.474e-04 2.244e-03 -1.000 5.101e-03 -8.187 -7.102 -7.167 -6.996
0.005 -0.48482 6.94001 21.4186439514 2.6309397085   21.054  5.184  4.1506  2.132    2  0.000  0.545     0.00     0.00     0.00     0.00     0.00 -1 -4.54e-07      0.00 7.371e-01 2.578e-01 9.173e-04 2.474e-04 2.244e-03 -1.000 5.101e-03 -8.189 -7.157 -7.218 -7.063
0.005 -0.48482 6.94001 21.4193363190 2.6309398344   21.053  5.184  4.1403  2.090    2  0.000  0.545     0.00     0.00     0.00     0.00     0.00 -1 -4.42e-07      0.00 7.371e-01 2.578e-01 9.173e-04 2.474e-04 2.244e-03 -1.000 5.101e-03 -8.191 -7.216 -7.274 -7.128
0.005 -0.48482 6.94001 21.4200935364 2.6309399722   21.054  5.185  4.1293  2.046    2  0.000  0.545     0.00     0.00     0.00     0.00     0.00 -1 -4.28e-07      0.00 7.371e-01 2.578e-01 9.173e-04 2.474e-04 2.244e-03 -1.000 5.101e-03 -8.193 -7.283 -7.337 -7.197
0.005 -0.48482 6.94001 21.4209842682 2.6309401343   21.053  5.186  4.1171  1.996    2  0.000  0.545     0.00     0.00     0.00     0.00     0.00 -1  -4.1e-07      0.00 7.371e-01 2.578e-01 9.173e-04 2.474e-04 2.244e-03 -1.000 5.101e-03 -8.195 -7.357 -7.409 -7.273
0.005 -0.48482 6.94001 21.4215068817 2.6309402294   21.054  5.186  4.1099  1.967    2  0.000  0.545     0.00     0.00     0.00     0.00     0.00 -1 -3.99e-07      0.00 7.371e-01 2.578e-01 9.173e-04 2.474e-04 2.244e-03 -1.000 5.101e-03 -8.196 -7.399 -7.450 -7.317
0.005 -0.48482 6.94001 21.4220886230 2.6309403352   21.054  5.187  4.1025  1.937    2  0.000  0.545     0.00     0.00     0.00     0.00     0.00 -1  -3.9e-07      0.00 7.371e-01 2.578e-01 9.173e-04 2.474e-04 2.244e-03 -1.000 5.101e-03 -8.197 -7.441 -7.489 -7.364
0.005 -0.48482 6.94001 21.4227447510 2.6309404545   21.054  5.187  4.0941  1.903    2  0.000  0.545     0.00     0.00     0.00     0.00     0.00 -1  -3.8e-07      0.00 7.371e-01 2.578e-01 9.173e-04 2.474e-04 2.244e-03 -1.000 5.101e-03 -8.197 -7.488 -7.533 -7.415
0.005 -0.48482 6.94001 21.4234790802 2.6309405881   21.054  5.187  4.0848  1.865    2  0.000  0.545     0.00     0.00     0.00     0.00     0.00 -1 -3.68e-07      0.00 7.371e-01 2.578e-01 9.173e-04 2.474e-04 2.244e-03 -1.000 5.101e-03 -8.199 -7.540 -7.582 -7.473
0.005 -0.48482 6.94001 21.4243030548 2.6309407380   21.054  5.188  4.0748  1.825    2  0.000  0.545     0.00     0.00     0.00     0.00     0.00 -1 -3.49e-07      0.00 7.371e-01 2.578e-01 9.173e-04 2.474e-04 2.244e-03 -1.000 5.101e-03 -8.199 -7.587 -7.623 -7.535
0.005 -0.48482 6.94001 21.4252166748 2.6309409041   21.054  5.188  4.0639  1.781    2  0.000  0.545     0.00     0.00     0.00     0.00     0.00 -1 -3.34e-07      0.00 7.371e-01 2.578e-01 9.173e-04 2.474e-04 2.244e-03 -1.000 5.101e-03 -8.200 -7.639 -7.669 -7.601
0.005 -0.48482 6.94001 21.4262371063 2.6309410897   21.054  5.188  4.0520  1.733    2  0.000  0.545     0.00     0.00     0.00     0.00     0.00 -1 -3.17e-07      0.00 7.371e-01 2.578e-01 9.173e-04 2.474e-04 2.244e-03 -1.000 5.101e-03 -8.200 -7.702 -7.728 -7.671
0.005 -0.48482 6.94001 21.4273834229 2.6309412981   21.055  5.188  4.0387  1.680    2  0.000  0.545     0.00     0.00     0.00     0.00     0.00 -1 -3.13e-07      0.00 7.371e-01 2.578e-01 9.173e-04 2.474e-04 2.244e-03 -1.000 5.101e-03 -8.200 -7.770 -7.791 -7.746
0.005 -0.48482 6.94001 21.4286613464 2.6309415304   21.055  5.188  4.0242  1.622    2  0.000  0.545     0.00     0.00     0.00     0.00     0.00 -1 -3.25e-07      0.00 7.371e-01 2.578e-01 9.173e-04 2.474e-04 2.244e-03 -1.000 5.101e-03 -8.200 -7.842 -7.859 -7.827
0.005 -0.48482 6.94001 21.4299659729 2.6309417675   21.056  5.188  4.0099  1.565    2  0.000  0.545     0.00     0.00     0.00     0.00     0.00 -1 -3.27e-07      0.00 7.371e-01 2.578e-01 9.173e-04 2.474e-04 2.244e-03 -1.000 5.101e-03 -8.200 -7.911 -7.923 -7.904
0.005 -0.48482 6.94001 21.4312248230 2.6309419963   21.056  5.188  3.9971  1.514    2  0.000  0.545     0.00     0.00     0.00     0.00     0.00 -1 -3.23e-07      0.00 7.371e-01 2.578e-01 9.173e-04 2.474e-04 2.244e-03 -1.000 5.101e-03 -8.199 -7.970 -7.978 -7.970
0.005 -0.48482 6.94001 21.4323921204 2.6309422084   21.056  5.187  3.9856  1.469    2  0.000  0.545     0.00     0.00     0.00     0.00     0.00 -1 -3.15e-07      0.00 7.371e-01 2.578e-01 9.173e-04 2.474e-04 2.244e-03 -1.000 5.101e-03 -8.198 -8.021 -8.025 -8.028
0.005 -0.48482 6.94001 21.4329147339 2.6309423034   21.057  5.187  3.9808  1.450    2  0.000  0.545     0.00     0.00     0.00     0.00     0.00 -1 -3.06e-07      0.00 7.371e-01 2.578e-01 9.173e-04 2.474e-04 2.244e-03 -1.000 5.101e-03 -8.196 -8.042 -8.044 -8.051
0.005 -0.48482 6.94001 21.4332084656 2.6309423567   21.057  5.186  3.9781  1.440    2  0.000  0.545     0.00     0.00     0.00     0.00     0.00 -1 -3.02e-07      0.00 7.371e-01 2.578e-01 9.173e-04 2.474e-04 2.244e-03 -1.000 5.101e-03 -8.196 -8.053 -8.054 -8.064
0.005 -0.48482 6.94001 21.4335403442 2.6309424170   21.057  5.186  3.9751  1.428    2  0.000  0.545     0.00     0.00     0.00     0.00     0.00 -1 -2.96e-07      0.00 7.371e-01 2.578e-01 9.173e-04 2.474e-04 2.244e-03 -1.000 5.101e-03 -8.194 -8.065 -8.065 -8.078
0.005 -0.48482 6.94001 21.4339065552 2.6309424836   21.057  5.185  3.9717  1.415    2  0.000  0.545     0.00     0.00     0.00     0.00     0.00 -1  -2.9e-07      0.00 7.371e-01 2.578e-01 9.173e-04 2.474e-04 2.244e-03 -1.000 5.101e-03 -8.193 -8.078 -8.078 -8.093
0.005 -0.48482 6.94001 21.4343185425 2.6309425584   21.057  5.184  3.9681  1.401    2  0.000  0.545     0.00     0.00     0.00     0.00     0.00 -1 -2.83e-07      0.00 7.371e-01 2.578e-01 9.173e-04 2.474e-04 2.244e-03 -1.000 5.101e-03 -8.191 -8.090 -8.086 -8.109
0.005 -0.48482 6.94001 21.4347743988 2.6309426412   21.058  5.183  3.9642  1.387    2  0.000  0.545     0.00     0.00     0.00     0.00     0.00 -1 -2.77e-07      0.00 7.371e-01 2.578e-01 9.173e-04 2.474e-04 2.244e-03 -1.000 5.101e-03 -8.187 -8.099 -8.092 -8.125
0.005 -0.48482 6.94001 21.4352855682 2.6309427341   21.058  5.181  3.9600  1.373    2  0.000  0.545     0.00     0.00     0.00     0.00     0.00 -1 -2.69e-07      0.00 7.371e-01 2.578e-01 9.173e-04 2.474e-04 2.244e-03 -1.000 5.101e-03 -8.182 -8.107 -8.097 -8.141
0.005 -0.48482 6.94001 21.4358005524 2.6309428276   21.058  5.178  3.9563  1.360    2  0.000  0.545     0.00     0.00     0.00     0.00     0.00 -1  -2.6e-07      0.00 7.371e-01 2.578e-01 9.173e-04 2.474e-04 2.244e-03 -1.000 5.101e-03 -8.176 -8.113 -8.100 -8.153
0.005 -0.48482 6.94001 21.4368305206 2.6309430147   21.058  5.176  3.9505  1.339    2  0.000  0.545     0.00     0.00     0.00     0.00     0.00 -1 -2.46e-07      0.00 7.371e-01 2.578e-01 9.173e-04 2.474e-04 2.244e-03 -1.000 5.101e-03 -8.170 -8.127 -8.108 -8.177
0.005 -0.48482 6.94001 21.4373245239 2.6309431044   21.059  5.177  3.9484  1.330    2  0.000  0.545     0.00     0.00     0.00     0.00     0.00 -1 -2.42e-07      0.00 7.371e-01 2.578e-01 9.171e-04 2.476e-04 2.244e-03 -1.000 5.101e-03 -8.172 -8.137 -8.117 -8.188
0.005 -0.48482 6.94001 21.4378795624 2.6309432052   21.059  5.178  3.9460  1.320    2  0.000  0.545     0.00     0.00     0.00     0.00     0.00 -1 -3.09e-07      0.00 7.371e-01 2.578e-01 9.169e-04 2.477e-04 2.244e-03 -1.000 5.101e-03 -8.174 -8.149 -8.129 -8.201
0.005 -0.48482 6.94001 21.4385032654 2.6309433185   21.059  5.178  3.9433  1.308    2  0.000  0.545     0.00     0.00     0.00     0.00     0.00 -1 -4.55e-07      0.00 7.371e-01 2.578e-01 9.167e-04 2.478e-04 2.244e-03 -1.000 5.101e-03 -8.176 -8.162 -8.142 -8.216
0.005 -0.48482 6.94001 21.4391956329 2.6309434442   21.060  5.179  3.9403  1.295    3  0.000  0.545    20.89    17.89    12.97     9.04     7.52  3 -7.01e-07      0.00 7.371e-01 2.578e-01 9.165e-04 2.480e-04 2.244e-03 -1.000 5.101e-03 -8.178 -8.177 -8.156 -8.232
0.005 -0.48482 6.94001 21.4399700165 2.6309435848   21.060  5.180  3.9368  1.280    3  0.000  0.544    21.69    18.38    13.30     9.28     7.72  3 -8.66e-07      0.00 7.371e-01 2.578e-01 9.162e-04 2.482e-04 2.244e-03 -1.000 5.101e-03 -8.181 -8.193 -8.171 -8.249
0.005 -0.48482 6.94001 21.4408397675 2.6309437427   21.060  5.182  3.9331  1.264    3  0.000  0.544    22.59    18.92    13.68     9.55     7.94  3 -8.61e-07      0.00 7.371e-01 2.578e-01 9.156e-04 2.487e-04 2.244e-03 -1.000 5.101e-03 -8.185 -8.211 -8.188 -8.269
0.005 -0.48482 6.94001 21.4418087006 2.6309439186   21.061  5.184  3.9294  1.247    3  0.000  0.543    23.59    19.52    14.09     9.84     8.18  3  -8.6e-07      0.00 7.371e-01 2.578e-01 9.136e-04 2.507e-04 2.244e-03 -1.000 5.101e-03 -8.190 -8.230 -8.206 -8.291
0.005 -0.48482 6.94001 21.4427604675 2.6309440914   21.061  5.186  3.9257  1.230    3  0.000  0.542    24.62    20.13    14.51    10.14     8.43  3 -8.53e-07      0.00 7.371e-01 2.578e-01 9.116e-04 2.527e-04 2.244e-03 -1.000 5.101e-03 -8.195 -8.245 -8.216 -8.313
0.005 -0.48482 6.94001 21.4431934357 2.6309441699   21.061  5.188  3.9217  1.213    3  0.000  0.541    25.72    20.77    14.95    10.45     8.69  3 -8.57e-07      0.00 7.370e-01 2.579e-01 9.088e-04 2.572e-04 2.242e-03 -1.000 5.102e-03 -8.199 -8.258 -8.224 -8.335
0.005 -0.48482 6.94001 21.4436798096 2.6309442582   21.061  5.189  3.9172  1.193    3  0.000  0.540    27.03    21.52    15.47    10.82     9.00  3 -8.53e-07      0.00 7.369e-01 2.580e-01 9.057e-04 2.623e-04 2.241e-03 -1.000 5.104e-03 -8.203 -8.273 -8.236 -8.358
0.005 -0.48482 6.94001 21.4442214966 2.6309443565   21.062  5.191  3.9122  1.171    3  0.000  0.539    28.57    22.39    16.06    11.24     9.35  3  -8.5e-07      0.00 7.367e-01 2.582e-01 9.033e-04 2.674e-04 2.238e-03 -1.000 5.104e-03 -8.208 -8.292 -8.251 -8.384
0.005 -0.48482 6.94001 21.4448299408 2.6309444669   21.062  5.193  3.9066  1.147    3  0.000  0.538    30.39    23.41    16.76    11.73     9.76  3 -8.55e-07      0.00 7.363e-01 2.586e-01 9.012e-04 2.728e-04 2.235e-03 -1.000 5.103e-03 -8.214 -8.313 -8.270 -8.410
0.005 -0.48482 6.94001 21.4453277588 2.6309445573   21.062  5.195  3.8988  1.114    3  0.000  0.538    33.02    24.84    17.74    12.43    10.35  3 -8.48e-07      0.00 7.362e-01 2.587e-01 9.005e-04 2.750e-04 2.234e-03 -1.000 5.103e-03 -8.218 -8.340 -8.293 -8.442
0.005 -0.48482 6.94001 21.4460277557 2.6309446843   21.063  5.198  3.8880  1.068    3  0.000  0.538    37.05    26.97    19.19    13.47    11.21  3 -8.35e-07      0.00 7.359e-01 2.590e-01 8.995e-04 2.780e-04 2.232e-03 -1.000 5.102e-03 -8.224 -8.370 -8.316 -8.484
0.005 -0.48482 6.94001 21.4470233917 2.6309448649   21.063  5.202  3.8740  1.008    3  0.000  0.538    43.10    30.07    21.29    14.96    12.46  3 -8.63e-07      0.00 7.356e-01 2.593e-01 8.981e-04 2.824e-04 2.229e-03 -1.000 5.101e-03 -8.234 -8.399 -8.330 -8.539
0.005 -0.48482 6.94001 21.4482803345 2.6309450929   21.064  5.206  3.8590  0.943    3  0.000  0.537    50.73    33.79    23.80    16.75    13.95  3  -9.1e-07      0.00 7.353e-01 2.596e-01 8.967e-04 2.869e-04 2.225e-03 -1.000 5.101e-03 -8.245 -8.423 -8.336 -8.598
0.005 -0.48482 6.94001 21.4497432709 2.6309453583   21.065  5.210  3.8455  0.886    3  0.000  0.537    58.64    37.49    26.28    18.53    15.44  3 -8.93e-07      0.00 7.352e-01 2.597e-01 8.964e-04 2.879e-04 2.225e-03 -1.000 5.101e-03 -8.254 -8.438 -8.328 -8.649
0.005 -0.48482 6.94001 21.4513301849 2.6309456461   21.066  5.213  3.8358  0.844    3  0.000  0.537    65.25    40.48    28.28    19.96    16.63  3 -8.76e-07      0.00 7.351e-01 2.598e-01 8.961e-04 2.891e-04 2.224e-03 -1.000 5.101e-03 -8.263 -8.448 -8.321 -8.686
0.005 -0.48482 6.94001 21.4527549744 2.6309459044   21.067  5.216  3.8305  0.820    3  0.000  0.537    69.23    42.23    29.44    20.80    17.33  3 -8.77e-07      0.00 7.350e-01 2.599e-01 8.959e-04 2.901e-04 2.223e-03 -1.000 5.101e-03 -8.269 -8.455 -8.318 -8.708
0.005 -0.48482 6.94001 21.4545936584 2.6309462378   21.068  5.218  3.8284  0.809    3  0.000  0.537    71.19    43.08    30.01    21.20    17.67  3  -8.7e-07      0.00 7.349e-01 2.600e-01 8.955e-04 2.913e-04 2.222e-03 -1.000 5.101e-03 -8.275 -8.461 -8.320 -8.721
0.005 -0.48482 6.94001 21.4559249878 2.6309464791   21.068  5.218  3.8290  0.811    3  0.000  0.537    70.77    42.90    29.89    21.12    17.60  3 -8.71e-07      0.00 7.349e-01 2.600e-01 8.956e-04 2.912e-04 2.222e-03 -1.000 5.101e-03 -8.275 -8.461 -8.321 -8.719
0.005 -0.48482 6.94001 21.4592514038 2.6309470819   21.070  5.218  3.8304  0.817    3  0.000  0.537    69.71    42.44    29.58    20.90    17.41  3 -8.72e-07      0.00 7.349e-01 2.600e-01 8.958e-04 2.907e-04 2.222e-03 -1.000 5.101e-03 -8.275 -8.461 -8.324 -8.715
0.005 -0.48482 6.94001 21.4636554718 2.6309478796   21.073  5.219  3.8324  0.825    4  0.000  0.537     0.00     0.00     0.00     0.00     0.00 -1 -8.76e-07      0.00 7.350e-01 2.599e-01 8.961e-04 2.902e-04 2.223e-03 -1.000 5.101e-03 -8.277 -8.462 -8.329 -8.710
0.005 -0.48482 6.94001 21.4714260101 2.6309492863   21.077  5.221  3.8358  0.836    4  0.000  0.538     0.00     0.00     0.00     0.00     0.00 -1 -8.88e-07      0.00 7.350e-01 2.599e-01 8.966e-04 2.892e-04 2.223e-03 -1.000 5.101e-03 -8.283 -8.469 -8.342 -8.707
0.005 -0.48482 6.94001 21.4920558929 2.6309530150   21.081  5.241  4.0470  1.661    5  0.000  0.538     0.00     0.00     0.00     0.00     0.00 -1 -1.49e-06      0.00 7.351e-01 2.598e-01 8.979e-04 2.865e-04 2.224e-03 -1.000 5.101e-03 -8.333 -7.860 -7.885 -7.831
0.005 -0.48482 6.94001 21.4944744110 2.6309534516   21.079  5.241  4.0633  1.726    5  0.000  0.538     0.00     0.00     0.00     0.00     0.00 -1 -1.55e-06      0.00 7.352e-01 2.597e-01 8.981e-04 2.862e-04 2.225e-03 -1.000 5.101e-03 -8.333 -7.775 -7.805 -7.737
0.005 -0.48482 6.94001 21.4956932068 2.6309536716   21.079  5.242  4.0700  1.752    5  0.000  0.538     0.00     0.00     0.00     0.00     0.00 -1 -1.59e-06      0.00 7.352e-01 2.597e-01 8.982e-04 2.861e-04 2.225e-03 -1.000 5.101e-03 -8.334 -7.741 -7.773 -7.699
0.005 -0.48482 6.94001 21.4961719513 2.6309537580   21.079  5.242  4.0725  1.762    5  0.000  0.538     0.00     0.00     0.00     0.00     0.00 -1  -1.6e-06      0.00 7.352e-01 2.597e-01 8.982e-04 2.860e-04 2.225e-03 -1.000 5.101e-03 -8.335 -7.732 -7.766 -7.684
0.005 -0.48482 6.94001 21.4964332581 2.6309538052   21.079  5.242  4.0742  1.768    5  0.000  0.538     0.00     0.00     0.00     0.00     0.00 -1 -1.61e-06      0.00 7.352e-01 2.597e-01 8.982e-04 2.860e-04 2.225e-03 -1.000 5.101e-03 -8.336 -7.726 -7.762 -7.675
0.005 -0.48482 6.94001 21.4965572357 2.6309538275   21.079  5.242  4.0750  1.772    5  0.000  0.538     0.00     0.00     0.00     0.00     0.00 -1 -1.62e-06      0.00 7.352e-01 2.597e-01 8.982e-04 2.859e-04 2.225e-03 -1.000 5.101e-03 -8.336 -7.723 -7.759 -7.670
0.005 -0.48482 6.94001 21.4966945648 2.6309538523   21.079  5.243  4.0762  1.776    5  0.000  0.538     0.00     0.00     0.00     0.00     0.00 -1 -1.62e-06      0.00 7.352e-01 2.597e-01 8.982e-04 2.859e-04 2.225e-03 -1.000 5.101e-03 -8.336 -7.718 -7.756 -7.663
0.005 -0.48482 6.94001 21.4968471527 2.6309538799   21.079  5.243  4.0776  1.782    5  0.000  0.538     0.00     0.00     0.00     0.00     0.00 -1 -1.63e-06      0.00 7.352e-01 2.597e-01 8.982e-04 2.859e-04 2.225e-03 -1.000 5.101e-03 -8.336 -7.713 -7.752 -7.654
0.005 -0.48482 6.94001 21.4970169067 2.6309539105   21.079  5.243  4.0793  1.788    5  0.000  0.538     0.00     0.00     0.00     0.00     0.00 -1 -1.64e-06      0.00 7.352e-01 2.597e-01 8.982e-04 2.859e-04 2.225e-03 -1.000 5.101e-03 -8.336 -7.706 -7.746 -7.644
0.005 -0.48482 6.94001 21.4972095490 2.6309539453   21.078  5.242  4.0810  1.796    5  0.000  0.538     0.00     0.00     0.00     0.00     0.00 -1 -1.64e-06      0.00 7.352e-01 2.597e-01 8.983e-04 2.859e-04 2.225e-03 -1.000 5.101e-03 -8.336 -7.697 -7.739 -7.633
0.005 -0.48482 6.94001 21.4974250793 2.6309539841   21.078  5.242  4.0828  1.803    5  0.000  0.538     0.00     0.00     0.00     0.00     0.00 -1 -1.65e-06      0.00 7.352e-01 2.597e-01 8.983e-04 2.858e-04 2.225e-03 -1.000 5.101e-03 -8.336 -7.687 -7.729 -7.622
0.005 -0.48482 6.94001 21.4976654053 2.6309540275   21.078  5.242  4.0847  1.810    5  0.000  0.538     0.00     0.00     0.00     0.00     0.00 -1 -1.65e-06      0.00 7.352e-01 2.597e-01 8.983e-04 2.858e-04 2.225e-03 -1.000 5.101e-03 -8.336 -7.677 -7.720 -7.610
0.005 -0.48482 6.94001 21.4979305267 2.6309540753   21.078  5.242  4.0866  1.818    5  0.000  0.538     0.00     0.00     0.00     0.00     0.00 -1 -1.66e-06      0.00 7.352e-01 2.597e-01 8.983e-04 2.858e-04 2.225e-03 -1.000 5.101e-03 -8.335 -7.667 -7.710 -7.599
0.005 -0.48482 6.94001 21.4982299805 2.6309541294   21.078  5.242  4.0886  1.826    5  0.000  0.538     0.00     0.00     0.00     0.00     0.00 -1 -1.67e-06      0.00 7.352e-01 2.597e-01 8.983e-04 2.857e-04 2.225e-03 -1.000 5.101e-03 -8.335 -7.655 -7.699 -7.586
0.005 -0.48482 6.94001 21.4985637665 2.6309541896   21.078  5.242  4.0908  1.835    5  0.000  0.538     0.00     0.00     0.00     0.00     0.00 -1 -1.67e-06      0.00 7.352e-01 2.597e-01 8.983e-04 2.857e-04 2.225e-03 -1.000 5.101e-03 -8.335 -7.643 -7.688 -7.573
0.005 -0.48482 6.94001 21.4989395142 2.6309542574   21.078  5.242  4.0931  1.845    5  0.000  0.538     0.00     0.00     0.00     0.00     0.00 -1 -1.68e-06      0.00 7.352e-01 2.597e-01 8.984e-04 2.856e-04 2.225e-03 -1.000 5.101e-03 -8.335 -7.630 -7.675 -7.558
0.005 -0.48482 6.94001 21.4993572235 2.6309543328   21.078  5.242  4.0955  1.854    5  0.000  0.538     0.00     0.00     0.00     0.00     0.00 -1 -1.69e-06      0.00 7.352e-01 2.597e-01 8.984e-04 2.856e-04 2.225e-03 -1.000 5.101e-03 -8.334 -7.617 -7.663 -7.543
0.005 -0.48482 6.94001 21.4998207092 2.6309544164   21.077  5.241  4.0978  1.863    5  0.000  0.538     0.00     0.00     0.00     0.00     0.00 -1 -1.59e-06      0.00 7.352e-01 2.597e-01 8.984e-04 2.855e-04 2.225e-03 -1.000 5.101e-03 -8.334 -7.604 -7.651 -7.529
0.005 -0.48482 6.94001 21.5003452301 2.6309545110   21.077  5.241  4.1001  1.873    5  0.000  0.538     0.00     0.00     0.00     0.00     0.00 -1 -1.61e-06      0.00 7.352e-01 2.597e-01 8.984e-04 2.855e-04 2.225e-03 -1.000 5.101e-03 -8.333 -7.591 -7.638 -7.515
0.005 -0.48482 6.94001 21.5009288788 2.6309546163   21.077  5.241  4.1026  1.883    5  0.000  0.538     0.00     0.00     0.00     0.00     0.00 -1 -1.62e-06      0.00 7.352e-01 2.597e-01 8.985e-04 2.854e-04 2.225e-03 -1.000 5.101e-03 -8.333 -7.577 -7.625 -7.499
0.005 -0.48482 6.94001 21.5015811920 2.6309547339   21.076  5.241  4.1052  1.894    5  0.000  0.538     0.00     0.00     0.00     0.00     0.00 -1 -1.63e-06      0.00 7.352e-01 2.597e-01 8.985e-04 2.853e-04 2.225e-03 -1.000 5.101e-03 -8.332 -7.562 -7.611 -7.483
0.005 -0.48482 6.94001 21.5023097992 2.6309548653   21.076  5.241  4.1077  1.904    5  0.000  0.538     0.00     0.00     0.00     0.00     0.00 -1 -1.42e-06      0.00 7.352e-01 2.597e-01 8.986e-04 2.852e-04 2.225e-03 -1.000 5.101e-03 -8.331 -7.547 -7.597 -7.466
0.005 -0.48482 6.94001 21.5031242371 2.6309550122   21.077  5.240  4.1102  1.914    5  0.000  0.538     0.00     0.00     0.00     0.00     0.00 -1 -9.94e-07      0.00 7.352e-01 2.597e-01 8.986e-04 2.851e-04 2.225e-03 -1.000 5.101e-03 -8.331 -7.533 -7.584 -7.451
0.005 -0.48482 6.94001 21.5040378571 2.6309551770   21.077  5.240  4.1128  1.925    5  0.000  0.538     0.00     0.00     0.00     0.00     0.00 -1 -6.66e-07      0.00 7.352e-01 2.597e-01 8.987e-04 2.850e-04 2.225e-03 -1.000 5.101e-03 -8.330 -7.518 -7.569 -7.435
0.005 -0.48482 6.94001 21.5061931610 2.6309555655   21.079  5.240  4.1178  1.945    5  0.000  0.538     0.00     0.00     0.00     0.00     0.00 -1 -4.48e-07      0.00 7.352e-01 2.597e-01 8.988e-04 2.847e-04 2.225e-03 -1.000 5.101e-03 -8.330 -7.488 -7.540 -7.404
0.005 -0.48482 6.94001 21.5088844299 2.6309560506   21.081  5.240  4.1230  1.966    5  0.000  0.538     0.00     0.00     0.00     0.00     0.00 -1 -4.54e-07      0.00 7.353e-01 2.596e-01 8.990e-04 2.844e-04 2.226e-03 -1.000 5.101e-03 -8.329 -7.456 -7.510 -7.372
0.005 -0.48482 6.94001 21.5157032013 2.6309572791   21.086  5.240  4.1338  2.009    5  0.000  0.539     0.00     0.00     0.00     0.00     0.00 -1 -4.67e-07      0.00 7.353e-01 2.596e-01 8.994e-04 2.835e-04 2.226e-03 -1.000 5.101e-03 -8.329 -7.392 -7.447 -7.307
0.005 -0.48482 6.94001 21.5230712891 2.6309586055   21.092  5.240  4.1419  2.042    5  0.000  0.539     0.00     0.00     0.00     0.00     0.00 -1 -4.76e-07      0.00 7.354e-01 2.595e-01 8.999e-04 2.825e-04 2.226e-03 -1.000 5.101e-03 -8.330 -7.345 -7.402 -7.258
0.005 -0.48482 6.94001 21.5321807861 2.6309602439   21.098  5.241  4.1491  2.069    5  0.000  0.539     0.00     0.00     0.00     0.00     0.00 -1 -4.88e-07      0.00 7.354e-01 2.595e-01 9.005e-04 2.814e-04 2.227e-03 -1.000 5.101e-03 -8.333 -7.308 -7.368 -7.216
0.005 -0.48482 6.94001 21.5467853546 2.6309628674   21.109  5.243  4.1639  2.127    5  0.000  0.539     0.00     0.00     0.00     0.00     0.00 -1 -4.91e-07      0.00 7.355e-01 2.594e-01 9.014e-04 2.795e-04 2.228e-03 -1.000 5.101e-03 -8.337 -7.235 -7.301 -7.126
0.005 -0.48482 6.94001 21.5745334625 2.6309678407   21.129  5.244  4.1724  2.160    5  0.000  0.540     0.00     0.00     0.00     0.00     0.00 -1 -5.06e-07      0.00 7.357e-01 2.592e-01 9.032e-04 2.760e-04 2.230e-03 -1.000 5.101e-03 -8.340 -7.193 -7.263 -7.075
0.005 -0.48482 6.94001 21.6846828461 2.6309874383   21.208  5.251  4.1558  2.088    6  0.000  0.542     0.00     0.00     0.00     0.00     0.00 -1 -5.05e-07      0.00 7.364e-01 2.585e-01 9.101e-04 2.619e-04 2.237e-03 -1.000 5.101e-03 -8.359 -7.298 -7.361 -7.199
0.005 -0.48482 6.94001 21.7758426666 2.6310034850   21.273  5.258  4.1396  2.018    6  0.000  0.544     0.00     0.00     0.00     0.00     0.00 -1 -4.97e-07      0.00 7.370e-01 2.579e-01 9.158e-04 2.503e-04 2.243e-03 -1.000 5.101e-03 -8.375 -7.403 -7.459 -7.317
