Zini MH logAge Mini int_IMF Mass logL logTe logg label McoreTP C_O period0 period1 period2 period3 period4 pmode Mloss tau1m X Y Xc Xn Xo Cexcess Z mbolmag Gmag G_BPmag G_RPmag
0.004 -0.58336 8.10001 0.0900000036 1.0816895926    0.090 -2.759  3.4544  4.920    0  0.000  0.545     0.00     0.00     0.00     0.00     0.00 -1 -2.56e-16      0.00 7.399e-01 2.561e-01 7.193e-04 1.940e-04 1.760e-03 -1.000 4.000e-03 11.666 12.989 15.170 11.643
0.004 -0.58336 8.10001 0.0957788080 1.1348454576    0.096 -2.711  3.4609  4.926    0  0.000  0.545     0.00     0.00     0.00     0.00     0.00 -1 -2.75e-16      0.00 7.399e-01 2.561e-01 7.193e-04 1.940e-04 1.760e-03 -1.000 4.000e-03 11.547 12.806 14.871 11.482
0.004 -0.58336 8.10001 0.1000000015 1.1711064122    0.100 -2.676  3.4660  4.930    0  0.000  0.545     0.00     0.00     0.00     0.00     0.00 -1 -2.91e-16      0.00 7.399e-01 2.561e-01 7.193e-04 1.940e-04 1.760e-03 -1.000 4.000e-03 11.460 12.672 14.655 11.364
0.004 -0.58336 8.10001 0.1050840467 1.2122241988    0.105 -2.640  3.4704  4.934    0  0.000  0.545     0.00     0.00     0.00     0.00     0.00 -1 -3.06e-16      0.00 7.399e-01 2.561e-01 7.193e-04 1.940e-04 1.760e-03 -1.000 4.000e-03 11.371 12.542 14.454 11.250
0.004 -0.58336 8.10001 0.1148023531 1.2840622546    0.115 -2.574  3.4790  4.939    0  0.000  0.545     0.00     0.00     0.00     0.00     0.00 -1 -3.39e-16      0.00 7.399e-01 2.561e-01 7.193e-04 1.940e-04 1.760e-03 -1.000 4.000e-03 11.204 12.296 14.075 11.034
0.004 -0.58336 8.10001 0.1199999973 1.3193154249    0.120 -2.539  3.4837  4.943    0  0.000  0.545     0.00     0.00     0.00     0.00     0.00 -1 -3.59e-16      0.00 7.399e-01 2.561e-01 7.193e-04 1.940e-04 1.760e-03 -1.000 4.000e-03 11.117 12.165 13.874 10.920
0.004 -0.58336 8.10001 0.1269185990 1.3632763775    0.127 -2.499  3.4884  4.945    0  0.000  0.545     0.00     0.00     0.00     0.00     0.00 -1 -3.81e-16      0.00 7.399e-01 2.561e-01 7.193e-04 1.940e-04 1.760e-03 -1.000 4.000e-03 11.017 12.022 13.662 10.795
0.004 -0.58336 8.10001 0.1400000006 1.4384526719    0.140 -2.426  3.4968  4.949    0  0.000  0.545     0.00     0.00     0.00     0.00     0.00 -1 -4.28e-16      0.00 7.399e-01 2.561e-01 7.193e-04 1.940e-04 1.760e-03 -1.000 4.000e-03 10.835 11.769 13.301 10.572
0.004 -0.58336 8.10001 0.1450003237 1.4648138285    0.145 -2.401  3.4995  4.951    0  0.000  0.545     0.00     0.00     0.00     0.00     0.00 -1 -4.44e-16      0.00 7.399e-01 2.561e-01 7.193e-04 1.940e-04 1.760e-03 -1.000 4.000e-03 10.774 11.685 13.185 10.498
0.004 -0.58336 8.10001 0.1599999964 1.5372931554    0.160 -2.330  3.5074  4.953    0  0.000  0.545     0.00     0.00     0.00     0.00     0.00 -1 -4.96e-16      0.00 7.399e-01 2.561e-01 7.193e-04 1.940e-04 1.760e-03 -1.000 4.000e-03 10.594 11.444 12.858 10.285
0.004 -0.58336 8.10001 0.1613305360 1.5432937273    0.161 -2.324  3.5080  4.954    0  0.000  0.545     0.00     0.00     0.00     0.00     0.00 -1 -5.01e-16      0.00 7.399e-01 2.561e-01 7.193e-04 1.940e-04 1.760e-03 -1.000 4.000e-03 10.580 11.426 12.833 10.268
0.004 -0.58336 8.10001 0.1999999881 1.6938790356    0.200 -2.167  3.5234  4.951    0  0.000  0.545     0.00     0.00     0.00     0.00     0.00 -1 -6.49e-16      0.00 7.399e-01 2.561e-01 7.193e-04 1.940e-04 1.760e-03 -1.000 4.000e-03 10.187 10.919 12.177 9.814
0.004 -0.58336 8.10001 0.2044265121 1.7086836123    0.204 -2.152  3.5247  4.951    0  0.000  0.545     0.00     0.00     0.00     0.00     0.00 -1 -6.64e-16      0.00 7.399e-01 2.561e-01 7.193e-04 1.940e-04 1.760e-03 -1.000 4.000e-03 10.150 10.873 12.121 9.773
0.004 -0.58336 8.10001 0.2500000000 1.8403257998    0.250 -2.011  3.5368  4.947    0  0.000  0.545     0.00     0.00     0.00     0.00     0.00 -1 -8.32e-16      0.00 7.399e-01 2.561e-01 7.193e-04 1.940e-04 1.760e-03 -1.000 4.000e-03 9.799 10.445 11.600 9.382
0.004 -0.58336 8.10001 0.2569610178 1.8576816280    0.257 -1.992  3.5383  4.945    0  0.000  0.545     0.00     0.00     0.00     0.00     0.00 -1  -8.6e-16      0.00 7.399e-01 2.561e-01 7.193e-04 1.940e-04 1.760e-03 -1.000 4.000e-03 9.750 10.386 11.530 9.328
0.004 -0.58336 8.10001 0.3000000119 1.9529139769    0.300 -1.875  3.5471  4.931    0  0.000  0.545     0.00     0.00     0.00     0.00     0.00 -1 -1.05e-15      0.00 7.399e-01 2.561e-01 7.193e-04 1.940e-04 1.760e-03 -1.000 4.000e-03 9.459 10.043 11.128 9.011
0.004 -0.58336 8.10001 0.3165625632 1.9849406535    0.316 -1.828  3.5509  4.922    0  0.000  0.545     0.00     0.00     0.00     0.00     0.00 -1 -1.15e-15      0.00 7.399e-01 2.561e-01 7.193e-04 1.940e-04 1.760e-03 -1.000 4.000e-03 9.341 9.905 10.965 8.884
0.004 -0.58336 8.10001 0.3499999642 2.0434174156    0.350 -1.737  3.5577  4.902    0  0.000  0.545     0.00     0.00     0.00     0.00     0.00 -1 -1.39e-15      0.00 7.399e-01 2.561e-01 7.193e-04 1.940e-04 1.760e-03 -1.000 4.000e-03 9.113 9.638 10.658 8.638
0.004 -0.58336 8.10001 0.3999999762 2.1185023988    0.400 -1.586  3.5712  4.863    0  0.000  0.545     0.00     0.00     0.00     0.00     0.00 -1 -1.93e-15      0.00 7.399e-01 2.561e-01 7.193e-04 1.940e-04 1.760e-03 -1.000 4.000e-03 8.736 9.191 10.134 8.229
0.004 -0.58336 8.10001 0.4082509279 2.1297203945    0.408 -1.558  3.5742  4.855    0  0.000  0.545     0.00     0.00     0.00     0.00     0.00 -1 -2.05e-15      0.00 7.399e-01 2.561e-01 7.193e-04 1.940e-04 1.760e-03 -1.000 4.000e-03 8.664 9.105 10.034 8.151
0.004 -0.58336 8.10001 0.4499999881 2.1822809009    0.450 -1.418  3.5878  4.812    0  0.000  0.545     0.00     0.00     0.00     0.00     0.00 -1 -2.82e-15      0.00 7.399e-01 2.561e-01 7.193e-04 1.940e-04 1.760e-03 -1.000 4.000e-03 8.316 8.696 9.562 7.777
0.004 -0.58336 8.10001 0.4833640456 2.2199242198    0.483 -1.307  3.6039  4.797    0  0.000  0.545     0.00     0.00     0.00     0.00     0.00 -1  -3.6e-15      0.00 7.399e-01 2.561e-01 7.193e-04 1.940e-04 1.760e-03 -1.000 4.000e-03 8.037 8.353 9.153 7.474
0.004 -0.58336 8.10001 0.4999999702 2.2374541023    0.500 -1.257  3.6096  4.784    0  0.000  0.545     0.00     0.00     0.00     0.00     0.00 -1 -4.02e-15      0.00 7.399e-01 2.561e-01 7.193e-04 1.940e-04 1.760e-03 -1.000 4.000e-03 7.912 8.208 8.985 7.342
0.004 -0.58336 8.10001 0.5261985064 2.2629225288    0.526 -1.186  3.6201  4.777    0  0.000  0.545     0.00     0.00     0.00     0.00     0.00 -1 -4.64e-15      0.00 7.400e-01 2.560e-01 7.190e-04 1.939e-04 1.759e-03 -1.000 4.000e-03 7.735 7.995 8.731 7.155
0.004 -0.58336 8.10001 0.5407387018 2.2758392299    0.540 -1.150  3.6244  4.770    0  0.000  0.545     0.00     0.00     0.00     0.00     0.00 -1 -4.99e-15      0.00 7.401e-01 2.559e-01 7.188e-04 1.939e-04 1.758e-03 -1.000 4.000e-03 7.645 7.891 8.610 7.061
0.004 -0.58336 8.10001 0.5500000119 2.2836582633    0.550 -1.119  3.6289  4.765    0  0.000  0.545     0.00     0.00     0.00     0.00     0.00 -1 -5.36e-15      0.00 7.402e-01 2.558e-01 7.186e-04 1.939e-04 1.758e-03 -1.000 4.000e-03 7.567 7.796 8.498 6.979
0.004 -0.58336 8.10001 0.5610590577 2.2926072807    0.561 -1.080  3.6352  4.759    0  0.000  0.545     0.00     0.00     0.00     0.00     0.00 -1 -5.84e-15      0.00 7.402e-01 2.558e-01 7.186e-04 1.939e-04 1.758e-03 -1.000 4.000e-03 7.469 7.676 8.353 6.876
0.004 -0.58336 8.10001 0.5999999642 2.3211212854    0.600 -0.947  3.6563  4.740    0  0.000  0.545     0.00     0.00     0.00     0.00     0.00 -1 -7.84e-15      0.00 7.402e-01 2.558e-01 7.185e-04 1.938e-04 1.758e-03 -1.000 4.000e-03 7.138 7.266 7.857 6.527
0.004 -0.58336 8.10001 0.6499999166 2.3520352771    0.650 -0.783  3.6837  4.720    0  0.000  0.545     0.00     0.00     0.00     0.00     0.00 -1 -1.13e-14      0.00 7.403e-01 2.557e-01 7.183e-04 1.938e-04 1.758e-03 -1.000 4.000e-03 6.726 6.764 7.262 6.100
0.004 -0.58336 8.10001 0.6999999881 2.3779266974    0.700 -0.628  3.7089  4.698    0  0.000  0.545     0.00     0.00     0.00     0.00     0.00 -1 -1.58e-14      0.00 7.405e-01 2.556e-01 7.181e-04 1.937e-04 1.757e-03 -1.000 3.912e-03 6.339 6.314 6.745 5.710
0.004 -0.58336 8.10001 0.7092230916 2.3822463211    0.709 -0.601  3.7133  4.695    0  0.000  0.543     0.00     0.00     0.00     0.00     0.00 -1 -1.68e-14      0.00 7.405e-01 2.556e-01 7.163e-04 1.937e-04 1.757e-03 -1.000 3.919e-03 6.271 6.238 6.658 5.644
0.004 -0.58336 8.10001 0.7477272749 2.3989636747    0.748 -0.493  3.7316  4.683    0  0.000  0.538     0.00     0.00     0.00     0.00     0.00 -1 -2.13e-14      0.00 7.405e-01 2.555e-01 7.088e-04 1.934e-04 1.757e-03 -1.000 3.996e-03 6.003 5.941 6.320 5.387
0.004 -0.58336 8.10001 0.7954545617 2.4171243451    0.795 -0.369  3.7505  4.661    0  0.000  0.538     0.00     0.00     0.00     0.00     0.00 -1 -2.82e-14      0.00 7.406e-01 2.554e-01 7.081e-04 1.934e-04 1.756e-03 -1.000 3.991e-03 5.692 5.613 5.953 5.098
0.004 -0.58336 8.10001 0.8431818485 2.4329412586    0.843 -0.252  3.7668  4.634    0  0.000  0.538     0.00     0.00     0.00     0.00     0.00 -1  -3.7e-14      0.00 7.408e-01 2.552e-01 7.077e-04 1.933e-04 1.755e-03 -1.000 3.987e-03 5.399 5.313 5.620 4.834
0.004 -0.58336 8.10001 0.8759128451 2.4426501043    0.875 -0.174  3.7765  4.612    0  0.000  0.538     0.00     0.00     0.00     0.00     0.00 -1 -4.44e-14      0.00 7.410e-01 2.551e-01 7.073e-04 1.932e-04 1.754e-03 -1.000 3.982e-03 5.205 5.119 5.407 4.661
0.004 -0.58336 8.10001 0.8909090757 2.4468253017    0.890 -0.140  3.7808  4.602    0  0.000  0.538     0.00     0.00     0.00     0.00     0.00 -1 -4.82e-14      0.00 7.410e-01 2.550e-01 7.071e-04 1.931e-04 1.754e-03 -1.000 3.980e-03 5.119 5.033 5.313 4.584
0.004 -0.58336 8.10001 0.9386363626 2.4590982838    0.938 -0.034  3.7931  4.568    0  0.000  0.538     0.00     0.00     0.00     0.00     0.00 -1 -6.23e-14      0.00 7.415e-01 2.545e-01 7.060e-04 1.928e-04 1.751e-03 -1.000 3.973e-03 4.854 4.771 5.027 4.349
0.004 -0.58336 8.10001 0.9863637090 2.4700155298    0.986  0.068  3.8043  4.533    0  0.000  0.538     0.00     0.00     0.00     0.00     0.00 -1 -8.01e-14      0.00 7.417e-01 2.543e-01 7.057e-04 1.927e-04 1.750e-03 -1.000 3.988e-03 4.600 4.520 4.756 4.124
0.004 -0.58336 8.10001 1.0340908766 2.4797820107    1.034  0.165  3.8148  4.499    1  0.000  0.537     0.00     0.00     0.00     0.00     0.00 -1 -9.66e-14      0.00 7.418e-01 2.542e-01 7.057e-04 1.927e-04 1.751e-03 -1.000 4.000e-03 4.358 4.282 4.501 3.910
0.004 -0.58336 8.10001 1.0818182230 2.4885641938    1.081  0.256  3.8252  4.468    0  0.000  0.537     0.00     0.00     0.00     0.00     0.00 -1 -1.12e-13      0.00 7.419e-01 2.542e-01 7.056e-04 1.927e-04 1.750e-03 -1.000 3.971e-03 4.129 4.056 4.258 3.706
0.004 -0.58336 8.10001 1.1295454502 2.4964983821    1.129  0.344  3.8359  4.442    0  0.000  0.538     0.00     0.00     0.00     0.00     0.00 -1 -1.28e-13      0.00 7.419e-01 2.542e-01 7.056e-04 1.927e-04 1.750e-03 -1.000 3.958e-03 3.910 3.839 4.024 3.513
0.004 -0.58336 8.10001 1.1772727966 2.5036973537    1.176  0.427  3.8473  4.423    1  0.000  0.537     0.00     0.00     0.00     0.00     0.00 -1 -1.42e-13      0.00 7.419e-01 2.541e-01 7.055e-04 1.927e-04 1.750e-03 -1.000 3.954e-03 3.702 3.635 3.803 3.335
0.004 -0.58336 8.10001 1.2250000238 2.5102550374    1.224  0.505  3.8598  4.412    0  0.000  0.537     0.00     0.00     0.00     0.00     0.00 -1 -1.53e-13      0.00 7.420e-01 2.540e-01 7.053e-04 1.926e-04 1.750e-03 -1.000 3.976e-03 3.507 3.444 3.593 3.172
0.004 -0.58336 8.10001 1.2727272511 2.5162503525    1.272  0.579  3.8741  4.412    0  0.000  0.537     0.00     0.00     0.00     0.00     0.00 -1  -1.6e-13      0.00 7.420e-01 2.540e-01 7.052e-04 1.926e-04 1.749e-03 -1.000 3.970e-03 3.322 3.265 3.394 3.027
0.004 -0.58336 8.10001 1.3204547167 2.5217500316    1.320  0.650  3.8896  4.419    1  0.000  0.537     0.00     0.00     0.00     0.00     0.00 -1 -1.63e-13      0.00 7.421e-01 2.539e-01 7.050e-04 1.925e-04 1.749e-03 -1.000 3.958e-03 3.144 3.096 3.203 2.895
0.004 -0.58336 8.10001 1.3681819439 2.5268107737    1.368  0.718  3.9051  4.428    1  0.000  0.537     0.00     0.00     0.00     0.00     0.00 -1 -1.62e-13      0.00 7.422e-01 2.538e-01 7.048e-04 1.925e-04 1.749e-03 -1.000 3.978e-03 2.975 2.939 3.026 2.776
0.004 -0.58336 8.10001 1.4159091711 2.5314811780    1.416  0.782  3.9197  4.438    1  0.000  0.538     0.00     0.00     0.00     0.00     0.00 -1 -1.56e-13      0.00 7.423e-01 2.538e-01 7.047e-04 1.924e-04 1.748e-03 -1.000 3.937e-03 2.814 2.796 2.863 2.669
0.004 -0.58336 8.10001 1.4278597832 2.5325945535    1.428  0.798  3.9234  4.440    1  0.000  0.538     0.00     0.00     0.00     0.00     0.00 -1 -1.54e-13      0.00 7.423e-01 2.538e-01 7.046e-04 1.924e-04 1.748e-03 -1.000 3.946e-03 2.774 2.762 2.824 2.644
0.004 -0.58336 8.10001 1.4636363983 2.5358030388    1.464  0.845  3.9340  4.446    1  0.000  0.538     0.00     0.00     0.00     0.00     0.00 -1 -1.46e-13      0.00 7.423e-01 2.537e-01 7.045e-04 1.924e-04 1.748e-03 -1.000 3.975e-03 2.657 2.665 2.714 2.572
0.004 -0.58336 8.10001 1.4974423647 2.5386733487    1.497  0.888  3.9436  4.452    1  0.000  0.537     0.00     0.00     0.00     0.00     0.00 -1 -1.35e-13      0.00 7.424e-01 2.537e-01 7.044e-04 1.924e-04 1.748e-03 -1.000 3.943e-03 2.549 2.583 2.621 2.510
0.004 -0.58336 8.10001 1.5113636255 2.5398125027    1.511  0.906  3.9475  4.454    1  0.000  0.537     0.00     0.00     0.00     0.00     0.00 -1 -1.31e-13      0.00 7.424e-01 2.537e-01 7.044e-04 1.924e-04 1.748e-03 -1.000 3.931e-03 2.506 2.550 2.584 2.485
0.004 -0.58336 8.10001 1.5590909719 2.5435409894    1.559  0.963  3.9602  4.460    1  0.000  0.538     0.00     0.00     0.00     0.00     0.00 -1 -1.08e-13      0.00 7.425e-01 2.535e-01 7.042e-04 1.923e-04 1.747e-03 -1.000 3.992e-03 2.362 2.446 2.469 2.404
0.004 -0.58336 8.10001 1.5754160881 2.5447568412    1.575  0.982  3.9644  4.462    1  0.000  0.538     0.00     0.00     0.00     0.00     0.00 -1  -9.7e-14      0.00 7.425e-01 2.535e-01 7.042e-04 1.923e-04 1.747e-03 -1.000 3.984e-03 2.314 2.413 2.432 2.378
0.004 -0.58336 8.10001 1.6068181992 2.5470158979    1.606  1.019  3.9723  4.466    1  0.000  0.538     0.00     0.00     0.00     0.00     0.00 -1 -7.87e-14      0.00 7.425e-01 2.535e-01 7.041e-04 1.923e-04 1.747e-03 -1.000 3.961e-03 2.222 2.351 2.364 2.327
0.004 -0.58336 8.10001 1.6545455456 2.5502612770    1.654  1.073  3.9836  4.471    1  0.000  0.537     0.00     0.00     0.00     0.00     0.00 -1 -1.45e-15      0.00 7.426e-01 2.534e-01 7.040e-04 1.923e-04 1.747e-03 -1.000 4.000e-03 2.089 2.263 2.268 2.255
0.004 -0.58336 8.10001 1.6832071543 2.5521088229    1.682  1.104  3.9900  4.472    1  0.000  0.537     0.00     0.00     0.00     0.00     0.00 -1 -1.01e-24      0.00 7.426e-01 2.534e-01 7.039e-04 1.923e-04 1.747e-03 -1.000 3.997e-03 2.011 2.212 2.213 2.212
0.004 -0.58336 8.10001 1.7022727728 2.5532982573    1.701  1.124  3.9942  4.473    1  0.000  0.537     0.00     0.00     0.00     0.00     0.00 -1    -1e-30      0.00 7.426e-01 2.534e-01 7.039e-04 1.923e-04 1.747e-03 -1.000 3.996e-03 1.960 2.179 2.177 2.184
0.004 -0.58336 8.10001 1.7500000000 2.5561455243    1.749  1.173  4.0040  4.475    1  0.000  0.537     0.00     0.00     0.00     0.00     0.00 -1    -1e-30      0.00 7.427e-01 2.534e-01 7.038e-04 1.922e-04 1.746e-03 -1.000 3.900e-03 1.836 2.100 2.092 2.115
0.004 -0.58336 8.10001 1.7506161928 2.5561811189    1.750  1.174  4.0041  4.475    1  0.000  0.537     0.00     0.00     0.00     0.00     0.00 -1    -1e-30      0.00 7.427e-01 2.534e-01 7.038e-04 1.922e-04 1.746e-03 -1.000 3.900e-03 1.835 2.099 2.091 2.114
0.004 -0.58336 8.10001 1.7999999523 2.5589429085    1.799  1.224  4.0135  4.475    1  0.000  0.537     0.00     0.00     0.00     0.00     0.00 -1    -1e-30      0.00 7.428e-01 2.533e-01 7.037e-04 1.922e-04 1.746e-03 -1.000 3.902e-03 1.711 2.019 2.007 2.044
0.004 -0.58336 8.10001 1.8088071346 2.5594172625    1.808  1.232  4.0151  4.475    1  0.000  0.537     0.00     0.00     0.00     0.00     0.00 -1    -1e-30      0.00 7.428e-01 2.533e-01 7.036e-04 1.922e-04 1.746e-03 -1.000 3.918e-03 1.690 2.005 1.992 2.032
0.004 -0.58336 8.10001 1.8500000238 2.5615671203    1.849  1.272  4.0224  4.475    1  0.000  0.538     0.00     0.00     0.00     0.00     0.00 -1    -1e-30      0.00 7.428e-01 2.532e-01 7.036e-04 1.922e-04 1.745e-03 -1.000 4.000e-03 1.590 1.942 1.925 1.975
0.004 -0.58336 8.10001 1.8999999762 2.5640331260    1.899  1.319  4.0308  4.473    1  0.000  0.537     0.00     0.00     0.00     0.00     0.00 -1    -1e-30      0.00 7.428e-01 2.533e-01 7.035e-04 1.921e-04 1.745e-03 -1.000 3.907e-03 1.473 1.866 1.845 1.906
0.004 -0.58336 8.10001 1.9500000477 2.5663542714    1.950  1.364  4.0387  4.471    1  0.000  0.537     0.00     0.00     0.00     0.00     0.00 -1    -1e-30      0.00 7.428e-01 2.532e-01 7.034e-04 1.922e-04 1.745e-03 -1.000 4.000e-03 1.360 1.793 1.769 1.839
0.004 -0.58336 8.10001 2.0000000000 2.5685424513    2.000  1.409  4.0463  4.468    1  0.000  0.537     0.00     0.00     0.00     0.00     0.00 -1    -1e-30      0.00 7.429e-01 2.532e-01 7.034e-04 1.921e-04 1.745e-03 -1.000 3.962e-03 1.249 1.721 1.694 1.773
0.004 -0.58336 8.10001 2.0499999523 2.5706083333    2.050  1.452  4.0535  4.464    1  0.000  0.537     0.00     0.00     0.00     0.00     0.00 -1    -1e-30      0.00 7.429e-01 2.531e-01 7.034e-04 1.921e-04 1.745e-03 -1.000 4.000e-03 1.141 1.650 1.620 1.708
0.004 -0.58336 8.10001 2.0999999046 2.5725614918    2.099  1.494  4.0605  4.460    1  0.000  0.537     0.00     0.00     0.00     0.00     0.00 -1    -1e-30      0.00 7.429e-01 2.531e-01 7.033e-04 1.921e-04 1.745e-03 -1.000 4.000e-03 1.035 1.581 1.548 1.643
0.004 -0.58336 8.10001 2.1500000954 2.5744105556    2.149  1.536  4.0672  4.456    1  0.000  0.537     0.00     0.00     0.00     0.00     0.00 -1    -1e-30      0.00 7.429e-01 2.531e-01 7.033e-04 1.920e-04 1.745e-03 -1.000 3.923e-03 0.931 1.513 1.478 1.580
0.004 -0.58336 8.10001 2.1805150509 2.5754912372    2.179  1.560  4.0712  4.453    1  0.000  0.537     0.00     0.00     0.00     0.00     0.00 -1    -1e-30      0.00 7.430e-01 2.531e-01 7.033e-04 1.921e-04 1.745e-03 -1.000 3.916e-03 0.869 1.473 1.436 1.542
0.004 -0.58336 8.10001 2.2000000477 2.5761632879    2.199  1.576  4.0737  4.451    1  0.000  0.537     0.00     0.00     0.00     0.00     0.00 -1    -1e-30      0.00 7.430e-01 2.531e-01 7.033e-04 1.921e-04 1.745e-03 -1.000 3.909e-03 0.830 1.447 1.409 1.518
0.004 -0.58336 8.10001 2.2185046673 2.5767889723    2.217  1.591  4.0761  4.449    1  0.000  0.537     0.00     0.00     0.00     0.00     0.00 -1    -1e-30      0.00 7.429e-01 2.531e-01 7.032e-04 1.921e-04 1.745e-03 -1.000 3.937e-03 0.793 1.422 1.384 1.495
0.004 -0.58336 8.10001 2.2500000000 2.5778267375    2.249  1.616  4.0800  4.446    1  0.000  0.537     0.00     0.00     0.00     0.00     0.00 -1    -1e-30      0.00 7.429e-01 2.531e-01 7.032e-04 1.920e-04 1.745e-03 -1.000 4.000e-03 0.730 1.381 1.341 1.456
0.004 -0.58336 8.10001 2.2999999523 2.5794072884    2.299  1.655  4.0861  4.441    1  0.000  0.537     0.00     0.00     0.00     0.00     0.00 -1    -1e-30      0.00 7.430e-01 2.531e-01 7.032e-04 1.921e-04 1.745e-03 -1.000 3.938e-03 0.633 1.317 1.275 1.395
0.004 -0.58336 8.10001 2.3499999046 2.5809107422    2.349  1.693  4.0919  4.436    1  0.000  0.537     0.00     0.00     0.00     0.00     0.00 -1    -1e-30      0.00 7.430e-01 2.530e-01 7.032e-04 1.921e-04 1.745e-03 -1.000 3.974e-03 0.537 1.253 1.209 1.335
0.004 -0.58336 8.10001 2.3520395756 2.5809705145    2.351  1.695  4.0922  4.435    1  0.000  0.537     0.00     0.00     0.00     0.00     0.00 -1    -1e-30      0.00 7.430e-01 2.530e-01 7.032e-04 1.921e-04 1.745e-03 -1.000 3.974e-03 0.534 1.251 1.207 1.333
0.004 -0.58336 8.10001 2.4000000954 2.5823423892    2.399  1.730  4.0975  4.430    1  0.000  0.538     0.00     0.00     0.00     0.00     0.00 -1    -1e-30      0.00 7.430e-01 2.530e-01 7.032e-04 1.920e-04 1.744e-03 -1.000 3.999e-03 0.444 1.191 1.145 1.276
0.004 -0.58336 8.10001 2.4029476643 2.5824246504    2.402  1.733  4.0979  4.430    1  0.000  0.538     0.00     0.00     0.00     0.00     0.00 -1    -1e-30      0.00 7.429e-01 2.531e-01 7.032e-04 1.920e-04 1.744e-03 -1.000 4.000e-03 0.439 1.187 1.141 1.273
0.004 -0.58336 8.10001 2.5362720490 2.5859168139    2.536  1.829  4.1122  4.414    1  0.000  0.537     0.00     0.00     0.00     0.00     0.00 -1    -1e-30      0.00 7.410e-01 2.550e-01 7.075e-04 1.932e-04 1.755e-03 -1.000 4.000e-03 0.198 1.026 0.975 1.120
0.004 -0.58336 8.10001 2.5999999046 2.5874412955    2.600  1.874  4.1187  4.406    1  0.000  0.537     0.00     0.00     0.00     0.00     0.00 -1    -1e-30      0.00 7.400e-01 2.560e-01 7.099e-04 1.938e-04 1.761e-03 -1.000 4.000e-03 0.085 0.950 0.897 1.048
0.004 -0.58336 8.10001 2.6556742191 2.5887044890    2.656  1.912  4.1242  4.398    1  0.000  0.537     0.00     0.00     0.00     0.00     0.00 -1    -1e-30      0.00 7.400e-01 2.560e-01 7.099e-04 1.938e-04 1.761e-03 -1.000 4.000e-03 -0.011 0.885 0.830 0.986
0.004 -0.58336 8.10001 2.7643609047 2.5910027070    2.765  1.986  4.1343  4.383    1  0.000  0.537     0.00     0.00     0.00     0.00     0.00 -1    -1e-30      0.00 7.400e-01 2.560e-01 7.099e-04 1.938e-04 1.761e-03 -1.000 4.000e-03 -0.195 0.758 0.700 0.865
0.004 -0.58336 8.10001 2.7999999523 2.5917117820    2.800  2.010  4.1374  4.377    1  0.000  0.537     0.00     0.00     0.00     0.00     0.00 -1    -1e-30      0.00 7.400e-01 2.560e-01 7.099e-04 1.938e-04 1.761e-03 -1.000 4.000e-03 -0.255 0.716 0.657 0.825
0.004 -0.58336 8.10001 2.8577797413 2.5928182685    2.858  2.048  4.1423  4.367    1  0.000  0.537     0.00     0.00     0.00     0.00     0.00 -1    -1e-30      0.00 7.400e-01 2.560e-01 7.099e-04 1.938e-04 1.761e-03 -1.000 4.000e-03 -0.349 0.649 0.589 0.761
0.004 -0.58336 8.10001 3.0000000000 2.5953341962    3.000  2.140  4.1534  4.341    1  0.000  0.537     0.00     0.00     0.00     0.00     0.00 -1    -1e-30      0.00 7.400e-01 2.560e-01 7.099e-04 1.938e-04 1.761e-03 -1.000 4.000e-03 -0.579 0.483 0.420 0.601
0.004 -0.58336 8.10001 3.0234539509 2.5957230427    3.024  2.154  4.1551  4.337    1  0.000  0.537     0.00     0.00     0.00     0.00     0.00 -1    -1e-30      0.00 7.400e-01 2.560e-01 7.099e-04 1.938e-04 1.761e-03 -1.000 4.000e-03 -0.616 0.456 0.392 0.575
0.004 -0.58336 8.10001 3.1680791378 2.5979752412    3.168  2.245  4.1651  4.306    1  0.000  0.537     0.00     0.00     0.00     0.00     0.00 -1    -1e-30      0.00 7.400e-01 2.560e-01 7.099e-04 1.938e-04 1.761e-03 -1.000 4.000e-03 -0.843 0.287 0.220 0.412
0.004 -0.58336 8.10001 3.2000000477 2.5984409005    3.199  2.265  4.1672  4.299    1  0.000  0.537     0.00     0.00     0.00     0.00     0.00 -1    -1e-30      0.00 7.400e-01 2.560e-01 7.099e-04 1.938e-04 1.761e-03 -1.000 4.000e-03 -0.892 0.249 0.182 0.375
0.004 -0.58336 8.10001 3.2845041752 2.5996235428    3.283  2.317  4.1724  4.280    1  0.000  0.537     0.00     0.00     0.00     0.00     0.00 -1    -1e-30      0.00 7.400e-01 2.560e-01 7.099e-04 1.938e-04 1.761e-03 -1.000 4.000e-03 -1.021 0.151 0.081 0.280
0.004 -0.58336 8.10001 3.4000000954 2.6011310876    3.398  2.387  4.1787  4.249    1  0.000  0.537     0.00     0.00     0.00     0.00     0.00 -1    -1e-30      0.00 7.400e-01 2.560e-01 7.099e-04 1.938e-04 1.761e-03 -1.000 4.000e-03 -1.198 0.011 -0.060 0.143
0.004 -0.58336 8.10001 3.4053163528 2.6011976539    3.404  2.390  4.1790  4.248    1  0.000  0.537     0.00     0.00     0.00     0.00     0.00 -1    -1e-30      0.00 7.400e-01 2.560e-01 7.099e-04 1.938e-04 1.761e-03 -1.000 4.000e-03 -1.205 0.005 -0.067 0.137
0.004 -0.58336 8.10001 3.5013654232 2.6023603827    3.499  2.448  4.1833  4.219    1  0.000  0.537     0.00     0.00     0.00     0.00     0.00 -1    -1e-30      0.00 7.400e-01 2.560e-01 7.099e-04 1.938e-04 1.761e-03 -1.000 4.000e-03 -1.351 -0.116 -0.189 0.019
0.004 -0.58336 8.10001 3.5965924263 2.6034429400    3.594  2.506  4.1868  4.186    1  0.000  0.537     0.00     0.00     0.00     0.00     0.00 -1    -1e-30      0.00 7.400e-01 2.560e-01 7.099e-04 1.938e-04 1.761e-03 -1.000 4.000e-03 -1.495 -0.240 -0.314 -0.103
0.004 -0.58336 8.10001 3.5999999046 2.6034804580    3.598  2.508  4.1869  4.185    1  0.000  0.537     0.00     0.00     0.00     0.00     0.00 -1    -1e-30      0.00 7.400e-01 2.560e-01 7.099e-04 1.938e-04 1.761e-03 -1.000 4.000e-03 -1.500 -0.245 -0.319 -0.108
0.004 -0.58336 8.10001 3.6624901295 2.6041542949    3.660  2.546  4.1888  4.163    1  0.000  0.537     0.00     0.00     0.00     0.00     0.00 -1    -1e-30      0.00 7.400e-01 2.560e-01 7.099e-04 1.938e-04 1.761e-03 -1.000 4.000e-03 -1.594 -0.328 -0.403 -0.190
0.004 -0.58336 8.10001 3.7368276119 2.6049222241    3.735  2.591  4.1903  4.132    1  0.000  0.537     0.00     0.00     0.00     0.00     0.00 -1    -1e-30      0.00 7.400e-01 2.560e-01 7.099e-04 1.938e-04 1.761e-03 -1.000 4.000e-03 -1.708 -0.433 -0.508 -0.294
0.004 -0.58336 8.10001 3.7999999523 2.6055477288    3.798  2.630  4.1908  4.103    1  0.000  0.537     0.00     0.00     0.00     0.00     0.00 -1    -1e-30      0.00 7.400e-01 2.560e-01 7.099e-04 1.938e-04 1.761e-03 -1.000 4.000e-03 -1.806 -0.528 -0.603 -0.389
0.004 -0.58336 8.10001 3.8048593998 2.6055948565    3.803  2.633  4.1909  4.100    1  0.000  0.537     0.00     0.00     0.00     0.00     0.00 -1    -1e-30      0.00 7.400e-01 2.560e-01 7.099e-04 1.938e-04 1.761e-03 -1.000 4.000e-03 -1.813 -0.535 -0.611 -0.396
0.004 -0.58336 8.10001 3.8914310932 2.6064118090    3.891  2.687  4.1905  4.055    1  0.000  0.537     0.00     0.00     0.00     0.00     0.00 -1    -1e-30      0.00 7.400e-01 2.560e-01 7.099e-04 1.938e-04 1.761e-03 -1.000 4.000e-03 -1.947 -0.672 -0.747 -0.533
0.004 -0.58336 8.10001 3.9683711529 2.6071035718    3.969  2.735  4.1887  4.008    1  0.000  0.537     0.00     0.00     0.00     0.00     0.00 -1    -1e-30      0.00 7.400e-01 2.560e-01 7.099e-04 1.938e-04 1.761e-03 -1.000 4.000e-03 -2.068 -0.803 -0.879 -0.665
0.004 -0.58336 8.10001 4.0000000000 2.6073790840    4.001  2.755  4.1875  3.987    1  0.000  0.537     0.00     0.00     0.00     0.00     0.00 -1    -1e-30      0.00 7.400e-01 2.560e-01 7.099e-04 1.938e-04 1.761e-03 -1.000 4.000e-03 -2.118 -0.862 -0.936 -0.724
0.004 -0.58336 8.10001 4.0692749023 2.6079653514    4.069  2.800  4.1840  3.935    1  0.000  0.537     0.00     0.00     0.00     0.00     0.00 -1    -1e-30      0.00 7.400e-01 2.560e-01 7.099e-04 1.938e-04 1.761e-03 -1.000 4.000e-03 -2.230 -0.994 -1.068 -0.859
0.004 -0.58336 8.10001 4.1364960670 2.6085127038    4.135  2.844  4.1787  3.877    1  0.000  0.537     0.00     0.00     0.00     0.00     0.00 -1    -1e-30      0.00 7.400e-01 2.560e-01 7.099e-04 1.938e-04 1.761e-03 -1.000 4.000e-03 -2.341 -1.137 -1.209 -1.004
0.004 -0.58336 8.10001 4.1904158592 2.6089371835    4.188  2.881  4.1724  3.821    1  0.000  0.537     0.00     0.00     0.00     0.00     0.00 -1    -1e-30      0.00 7.400e-01 2.560e-01 7.099e-04 1.938e-04 1.761e-03 -1.000 4.000e-03 -2.432 -1.266 -1.336 -1.137
0.004 -0.58336 8.10001 4.1999998093 2.6090113217    4.198  2.888  4.1710  3.810    1  0.000  0.537     0.00     0.00     0.00     0.00     0.00 -1    -1e-30      0.00 7.400e-01 2.560e-01 7.099e-04 1.938e-04 1.761e-03 -1.000 4.000e-03 -2.449 -1.291 -1.361 -1.163
0.004 -0.58336 8.10001 4.2389655113 2.6093087811    4.237  2.915  4.1655  3.764    1  0.000  0.537     0.00     0.00     0.00     0.00     0.00 -1    -1e-30      0.00 7.400e-01 2.560e-01 7.099e-04 1.938e-04 1.761e-03 -1.000 4.000e-03 -2.517 -1.391 -1.460 -1.266
0.004 -0.58336 8.10001 4.2825851440 2.6096343946    4.280  2.946  4.1582  3.709    1  0.000  0.537     0.00     0.00     0.00     0.00     0.00 -1    -1e-30      0.00 7.400e-01 2.560e-01 7.099e-04 1.938e-04 1.761e-03 -1.000 4.000e-03 -2.595 -1.512 -1.578 -1.391
0.004 -0.58336 8.10001 4.3221864700 2.6099234756    4.319  2.977  4.1514  3.654    1  0.000  0.537     0.00     0.00     0.00     0.00     0.00 -1    -1e-30      0.00 7.400e-01 2.560e-01 7.099e-04 1.938e-04 1.761e-03 -1.000 4.000e-03 -2.672 -1.629 -1.694 -1.513
0.004 -0.58336 8.10001 4.3399991989 2.6100515282    4.337  2.992  4.1499  3.635    1  0.000  0.537     0.00     0.00     0.00     0.00     0.00 -1    -1e-30      0.00 7.400e-01 2.560e-01 7.099e-04 1.938e-04 1.761e-03 -1.000 4.000e-03 -2.711 -1.677 -1.741 -1.561
0.004 -0.58336 8.10001 4.3540043831 2.6101513633    4.351  3.011  4.1576  3.648    1  0.000  0.537     0.00     0.00     0.00     0.00     0.00 -1    -1e-30      0.00 7.400e-01 2.560e-01 7.099e-04 1.938e-04 1.761e-03 -1.000 4.000e-03 -2.757 -1.678 -1.745 -1.558
0.004 -0.58336 8.10001 4.3631830215 2.6102163930    4.360  3.026  4.1665  3.669    1  0.000  0.537     0.00     0.00     0.00     0.00     0.00 -1    -1e-30      0.00 7.400e-01 2.560e-01 7.099e-04 1.938e-04 1.761e-03 -1.000 4.000e-03 -2.795 -1.665 -1.734 -1.540
0.004 -0.58336 8.10001 4.3664121628 2.6102391964    4.363  3.039  4.1766  3.697    1  0.000  0.537     0.00     0.00     0.00     0.00     0.00 -1    -1e-30      0.00 7.400e-01 2.560e-01 7.099e-04 1.938e-04 1.761e-03 -1.000 4.000e-03 -2.827 -1.638 -1.710 -1.507
0.004 -0.58336 8.10001 4.3678736687 2.6102495045    4.365  3.052  4.1862  3.723    1  0.000  0.537     0.00     0.00     0.00     0.00     0.00 -1    -1e-30      0.00 7.400e-01 2.560e-01 7.099e-04 1.938e-04 1.761e-03 -1.000 4.000e-03 -2.859 -1.613 -1.688 -1.476
0.004 -0.58336 8.10001 4.3686871529 2.6102552386    4.366  3.067  4.1960  3.747    1  0.000  0.537     0.00     0.00     0.00     0.00     0.00 -1    -1e-30      0.00 7.400e-01 2.560e-01 7.099e-04 1.938e-04 1.761e-03 -1.000 4.000e-03 -2.898 -1.594 -1.672 -1.452
0.004 -0.58336 8.10001 4.3692016602 2.6102588640    4.366  3.081  4.2042  3.766    1  0.000  0.537     0.00     0.00     0.00     0.00     0.00 -1    -1e-30      0.00 7.400e-01 2.560e-01 7.099e-04 1.938e-04 1.761e-03 -1.000 4.000e-03 -2.932 -1.581 -1.661 -1.434
0.004 -0.58336 8.10001 4.3693013191 2.6102595661    4.366  3.084  4.2057  3.769    1  0.000  0.537     0.00     0.00     0.00     0.00     0.00 -1    -1e-30      0.00 7.400e-01 2.560e-01 7.099e-04 1.938e-04 1.761e-03 -1.000 4.000e-03 -2.939 -1.578 -1.659 -1.431
0.004 -0.58336 8.10001 4.3694505692 2.6102606175    4.366  3.068  4.2008  3.765    2  0.000  0.537     0.00     0.00     0.00     0.00     0.00 -1    -1e-30      0.00 7.400e-01 2.560e-01 7.099e-04 1.938e-04 1.761e-03 -1.000 4.000e-03 -2.901 -1.569 -1.648 -1.424
0.004 -0.58336 8.10001 4.3696498871 2.6102620215    4.367  3.047  4.1914  3.749    2  0.000  0.537     0.00     0.00     0.00     0.00     0.00 -1    -1e-30      0.00 7.400e-01 2.560e-01 7.099e-04 1.938e-04 1.761e-03 -1.000 4.000e-03 -2.847 -1.570 -1.647 -1.431
0.004 -0.58336 8.10001 4.3698387146 2.6102633515    4.367  3.038  4.1798  3.711    2  0.000  0.537     0.00     0.00     0.00     0.00     0.00 -1    -1e-30      0.00 7.400e-01 2.560e-01 7.099e-04 1.938e-04 1.761e-03 -1.000 4.000e-03 -2.825 -1.617 -1.690 -1.484
0.004 -0.58336 8.10001 4.3700385094 2.6102647586    4.367  3.045  4.1682  3.658    2  0.000  0.537     0.00     0.00     0.00     0.00     0.00 -1    -1e-30      0.00 7.400e-01 2.560e-01 7.099e-04 1.938e-04 1.761e-03 -1.000 4.000e-03 -2.842 -1.702 -1.772 -1.576
0.004 -0.58336 8.10001 4.3702645302 2.6102663502    4.367  3.060  4.1565  3.596    2  0.000  0.537     0.00     0.00     0.00     0.00     0.00 -1    -1e-30      0.00 7.400e-01 2.560e-01 7.099e-04 1.938e-04 1.761e-03 -1.000 4.000e-03 -2.881 -1.810 -1.876 -1.690
0.004 -0.58336 8.10001 4.3705110550 2.6102680860    4.368  3.076  4.1446  3.533    2  0.000  0.537     0.00     0.00     0.00     0.00     0.00 -1    -1e-30      0.00 7.400e-01 2.560e-01 7.099e-04 1.938e-04 1.761e-03 -1.000 4.000e-03 -2.919 -1.916 -1.979 -1.804
0.004 -0.58336 8.10001 4.3707709312 2.6102699155    4.368  3.087  4.1327  3.474    2  0.000  0.537     0.00     0.00     0.00     0.00     0.00 -1    -1e-30      0.00 7.400e-01 2.560e-01 7.099e-04 1.938e-04 1.761e-03 -1.000 4.000e-03 -2.947 -2.013 -2.072 -1.908
0.004 -0.58336 8.10001 4.3710393906 2.6102718052    4.368  3.095  4.1208  3.418    2  0.000  0.537     0.00     0.00     0.00     0.00     0.00 -1    -1e-30      0.00 7.400e-01 2.560e-01 7.099e-04 1.938e-04 1.761e-03 -1.000 4.000e-03 -2.968 -2.102 -2.158 -2.004
0.004 -0.58336 8.10001 4.3713126183 2.6102737282    4.368  3.101  4.1088  3.364    2  0.000  0.537     0.00     0.00     0.00     0.00     0.00 -1    -1e-30      0.00 7.400e-01 2.560e-01 7.099e-04 1.938e-04 1.761e-03 -1.000 4.000e-03 -2.983 -2.185 -2.237 -2.094
0.004 -0.58336 8.10001 4.3715863228 2.6102756543    4.369  3.105  4.0968  3.312    2  0.000  0.537     0.00     0.00     0.00     0.00     0.00 -1    -1e-30      0.00 7.400e-01 2.560e-01 7.099e-04 1.938e-04 1.761e-03 -1.000 4.000e-03 -2.993 -2.262 -2.310 -2.179
0.004 -0.58336 8.10001 4.3718571663 2.6102775600    4.369  3.108  4.0848  3.261    2  0.000  0.537     0.00     0.00     0.00     0.00     0.00 -1    -1e-30      0.00 7.400e-01 2.560e-01 7.099e-04 1.938e-04 1.761e-03 -1.000 4.000e-03 -3.001 -2.335 -2.379 -2.259
0.004 -0.58336 8.10001 4.3721213341 2.6102794184    4.369  3.110  4.0727  3.211    2  0.000  0.537     0.00     0.00     0.00     0.00     0.00 -1    -1e-30      0.00 7.400e-01 2.560e-01 7.099e-04 1.938e-04 1.761e-03 -1.000 4.000e-03 -3.005 -2.404 -2.445 -2.336
0.004 -0.58336 8.10001 4.3723769188 2.6102812162    4.369  3.111  4.0606  3.162    2  0.000  0.537     0.00     0.00     0.00     0.00     0.00 -1    -1e-30      0.00 7.400e-01 2.560e-01 7.099e-04 1.938e-04 1.761e-03 -1.000 4.000e-03 -3.007 -2.471 -2.507 -2.410
0.004 -0.58336 8.10001 4.3726220131 2.6102829400    4.370  3.111  4.0485  3.114    2  0.000  0.537     0.00     0.00     0.00     0.00     0.00 -1    -1e-30      0.00 7.400e-01 2.560e-01 7.099e-04 1.938e-04 1.761e-03 -1.000 4.000e-03 -3.007 -2.533 -2.566 -2.480
0.004 -0.58336 8.10001 4.3728556633 2.6102845831    4.370  3.110  4.0364  3.066    2  0.000  0.537     0.00     0.00     0.00     0.00     0.00 -1    -1e-30      0.00 7.400e-01 2.560e-01 7.099e-04 1.938e-04 1.761e-03 -1.000 4.000e-03 -3.005 -2.594 -2.622 -2.548
0.004 -0.58336 8.10001 4.3730773926 2.6102861422    4.370  3.109  4.0243  3.019    2  0.000  0.537     0.00     0.00     0.00     0.00     0.00 -1    -1e-30      0.00 7.400e-01 2.560e-01 7.099e-04 1.938e-04 1.761e-03 -1.000 4.000e-03 -3.002 -2.651 -2.675 -2.613
0.004 -0.58336 8.10001 4.3732867241 2.6102876139    4.370  3.107  4.0121  2.972    2  0.000  0.537     0.00     0.00     0.00     0.00     0.00 -1    -1e-30      0.00 7.400e-01 2.560e-01 7.099e-04 1.938e-04 1.761e-03 -1.000 4.000e-03 -2.998 -2.705 -2.725 -2.676
0.004 -0.58336 8.10001 4.3734846115 2.6102890050    4.370  3.105  4.0000  2.925    2  0.000  0.537     0.00     0.00     0.00     0.00     0.00 -1    -1e-30      0.00 7.400e-01 2.560e-01 7.099e-04 1.938e-04 1.761e-03 -1.000 4.000e-03 -2.992 -2.757 -2.772 -2.737
0.004 -0.58336 8.10001 4.3736701012 2.6102903089    4.371  3.102  3.9878  2.880    2  0.000  0.537     0.00     0.00     0.00     0.00     0.00 -1    -1e-30      0.00 7.400e-01 2.560e-01 7.099e-04 1.938e-04 1.761e-03 -1.000 4.000e-03 -2.986 -2.805 -2.815 -2.795
0.004 -0.58336 8.10001 4.3738451004 2.6102915389    4.371  3.099  3.9757  2.834    2  0.000  0.537     0.00     0.00     0.00     0.00     0.00 -1    -1e-30      0.00 7.400e-01 2.560e-01 7.099e-04 1.938e-04 1.761e-03 -1.000 4.000e-03 -2.978 -2.851 -2.855 -2.850
0.004 -0.58336 8.10001 4.3740100861 2.6102926984    4.371  3.096  3.9636  2.789    2  0.000  0.537     0.00     0.00     0.00     0.00     0.00 -1    -1e-30      0.00 7.400e-01 2.560e-01 7.099e-04 1.938e-04 1.761e-03 -1.000 4.000e-03 -2.970 -2.892 -2.890 -2.903
0.004 -0.58336 8.10001 4.3741645813 2.6102937841    4.371  3.092  3.9514  2.744    2  0.000  0.537     0.00     0.00     0.00     0.00     0.00 -1    -1e-30      0.00 7.400e-01 2.560e-01 7.099e-04 1.938e-04 1.761e-03 -1.000 4.000e-03 -2.960 -2.930 -2.921 -2.954
0.004 -0.58336 8.10001 4.3743100166 2.6102948060    4.371  3.088  3.9393  2.700    2  0.000  0.537     0.00     0.00     0.00     0.00     0.00 -1    -1e-30      0.00 7.400e-01 2.560e-01 7.099e-04 1.938e-04 1.761e-03 -1.000 4.000e-03 -2.950 -2.962 -2.946 -3.001
0.004 -0.58336 8.10001 4.3744463921 2.6102957642    4.371  3.084  3.9271  2.655    2  0.000  0.537     0.00     0.00     0.00     0.00     0.00 -1    -1e-30      0.00 7.400e-01 2.560e-01 7.099e-04 1.938e-04 1.761e-03 -1.000 4.000e-03 -2.939 -2.989 -2.963 -3.046
0.004 -0.58336 8.10001 4.3745741844 2.6102966620    4.372  3.079  3.9149  2.611    2  0.000  0.537     0.00     0.00     0.00     0.00     0.00 -1    -1e-30      0.00 7.400e-01 2.560e-01 7.099e-04 1.938e-04 1.761e-03 -1.000 4.000e-03 -2.928 -3.007 -2.970 -3.085
0.004 -0.58336 8.10001 4.3746943474 2.6102975062    4.372  3.074  3.9028  2.568    2  0.000  0.537     0.00     0.00     0.00     0.00     0.00 -1    -1e-30      0.00 7.400e-01 2.560e-01 7.099e-04 1.938e-04 1.761e-03 -1.000 4.000e-03 -2.916 -3.019 -2.969 -3.122
0.004 -0.58336 8.10001 4.3748064041 2.6102982934    4.372  3.069  3.8906  2.524    2  0.000  0.537     0.00     0.00     0.00     0.00     0.00 -1    -1e-30      0.00 7.400e-01 2.560e-01 7.099e-04 1.938e-04 1.761e-03 -1.000 4.000e-03 -2.903 -3.025 -2.960 -3.154
0.004 -0.58336 8.10001 4.3749122620 2.6102990370    4.372  3.064  3.8785  2.481    2  0.000  0.537     0.00     0.00     0.00     0.00     0.00 -1    -1e-30      0.00 7.400e-01 2.560e-01 7.099e-04 1.938e-04 1.761e-03 -1.000 4.000e-03 -2.890 -3.023 -2.941 -3.183
0.004 -0.58336 8.10001 4.3750109673 2.6102997303    4.372  3.058  3.8663  2.438    2  0.000  0.537     0.00     0.00     0.00     0.00     0.00 -1    -1e-30      0.00 7.400e-01 2.560e-01 7.099e-04 1.938e-04 1.761e-03 -1.000 4.000e-03 -2.876 -3.017 -2.916 -3.210
0.004 -0.58336 8.10001 4.3751039505 2.6103003834    4.372  3.053  3.8542  2.395    2  0.000  0.537     0.00     0.00     0.00     0.00     0.00 -1    -1e-30      0.00 7.400e-01 2.560e-01 7.099e-04 1.938e-04 1.761e-03 -1.000 4.000e-03 -2.862 -3.008 -2.886 -3.235
0.004 -0.58336 8.10001 4.3751912117 2.6103009963    4.372  3.047  3.8420  2.352    2  0.000  0.537     0.00     0.00     0.00     0.00     0.00 -1    -1e-30      0.00 7.400e-01 2.560e-01 7.099e-04 1.938e-04 1.761e-03 -1.000 4.000e-03 -2.847 -2.995 -2.851 -3.256
0.004 -0.58336 8.10001 4.3752732277 2.6103015723    4.372  3.041  3.8298  2.309    2  0.000  0.537     0.00     0.00     0.00     0.00     0.00 -1    -1e-30      0.00 7.400e-01 2.560e-01 7.099e-04 1.938e-04 1.761e-03 -1.000 4.000e-03 -2.832 -2.979 -2.814 -3.273
0.004 -0.58336 8.10001 4.3753514290 2.6103021215    4.372  3.034  3.8176  2.267    2  0.000  0.537     0.00     0.00     0.00     0.00     0.00 -1    -1e-30      0.00 7.400e-01 2.560e-01 7.099e-04 1.938e-04 1.761e-03 -1.000 4.000e-03 -2.816 -2.961 -2.773 -3.287
0.004 -0.58336 8.10001 4.3754243851 2.6103026338    4.372  3.028  3.8055  2.225    2  0.000  0.537     0.00     0.00     0.00     0.00     0.00 -1    -1e-30      0.00 7.400e-01 2.560e-01 7.099e-04 1.938e-04 1.761e-03 -1.000 4.000e-03 -2.800 -2.939 -2.728 -3.298
0.004 -0.58336 8.10001 4.3754940033 2.6103031227    4.372  3.022  3.7934  2.183    2  0.000  0.537     0.00     0.00     0.00     0.00     0.00 -1    -1e-30      0.00 7.400e-01 2.560e-01 7.099e-04 1.938e-04 1.761e-03 -1.000 4.000e-03 -2.784 -2.915 -2.680 -3.306
0.004 -0.58336 8.10001 4.3755598068 2.6103035847    4.372  3.015  3.7814  2.141    2  0.000  0.537     0.00     0.00     0.00     0.00     0.00 -1    -1e-30      0.00 7.400e-01 2.560e-01 7.099e-04 1.938e-04 1.761e-03 -1.000 4.000e-03 -2.767 -2.889 -2.630 -3.311
0.004 -0.58336 8.10001 4.3756237030 2.6103040334    4.373  3.008  3.7695  2.101    2  0.000  0.537     0.00     0.00     0.00     0.00     0.00 -1    -1e-30      0.00 7.400e-01 2.560e-01 7.099e-04 1.938e-04 1.761e-03 -1.000 4.000e-03 -2.749 -2.860 -2.575 -3.313
0.004 -0.58336 8.10001 4.3756875992 2.6103044821    4.373  3.000  3.7582  2.064    2  0.000  0.537     0.00     0.00     0.00     0.00     0.00 -1    -1e-30      0.00 7.400e-01 2.560e-01 7.099e-04 1.938e-04 1.761e-03 -1.000 4.000e-03 -2.729 -2.828 -2.519 -3.308
0.004 -0.58336 8.10001 4.3757596016 2.6103049876    4.373  2.990  3.7469  2.028    2  0.000  0.537     0.00     0.00     0.00     0.00     0.00 -1    -1e-30      0.00 7.400e-01 2.560e-01 7.099e-04 1.938e-04 1.761e-03 -1.000 4.000e-03 -2.705 -2.789 -2.456 -3.295
0.004 -0.58336 8.10001 4.3758440018 2.6103055802    4.373  2.977  3.7361  1.998    2  0.000  0.537     0.00     0.00     0.00     0.00     0.00 -1    -1e-30      0.00 7.400e-01 2.560e-01 7.099e-04 1.938e-04 1.761e-03 -1.000 4.000e-03 -2.672 -2.740 -2.384 -3.272
0.004 -0.58336 8.10001 4.3759641647 2.6103064238    4.373  2.957  3.7252  1.975    2  0.000  0.537     0.00     0.00     0.00     0.00     0.00 -1    -1e-30      0.00 7.400e-01 2.560e-01 7.099e-04 1.938e-04 1.761e-03 -1.000 4.000e-03 -2.621 -2.672 -2.291 -3.229
0.004 -0.58336 8.10001 4.3760867119 2.6103072841    4.373  2.935  3.7163  1.961    2  0.000  0.537     0.00     0.00     0.00     0.00     0.00 -1    -1e-30      0.00 7.400e-01 2.560e-01 7.099e-04 1.938e-04 1.761e-03 -1.000 4.000e-03 -2.567 -2.601 -2.199 -3.179
0.004 -0.58336 8.10001 4.3762707710 2.6103085761    4.373  2.912  3.7047  1.937    2  0.000  0.537     0.00     0.00     0.00     0.00     0.00 -1    -1e-30      0.00 7.400e-01 2.560e-01 7.099e-04 1.938e-04 1.761e-03 -1.000 4.000e-03 -2.510 -2.520 -2.090 -3.124
0.004 -0.58336 8.10001 4.3763175011 2.6103089041    4.373  2.908  3.7019  1.930    2  0.000  0.537     0.00     0.00     0.00     0.00     0.00 -1    -1e-30      0.00 7.400e-01 2.560e-01 7.099e-04 1.938e-04 1.761e-03 -1.000 4.000e-03 -2.500 -2.504 -2.068 -3.115
0.004 -0.58336 8.10001 4.3763604164 2.6103092053    4.373  2.913  3.6993  1.915    2  0.000  0.537     0.00     0.00     0.00     0.00     0.00 -1    -1e-30      0.00 7.400e-01 2.560e-01 7.099e-04 1.938e-04 1.761e-03 -1.000 4.000e-03 -2.512 -2.510 -2.067 -3.126
0.004 -0.58336 8.10001 4.3764910698 2.6103101223    4.373  2.936  3.6915  1.861    3  0.000  0.537     4.90     4.30     3.21     2.32     1.90  4    -1e-30      0.00 7.400e-01 2.560e-01 7.098e-04 1.938e-04 1.761e-03 -1.000 4.000e-03 -2.570 -2.549 -2.085 -3.183
0.004 -0.58336 8.10001 4.3765878677 2.6103108017    4.374  2.963  3.6859  1.812    3  0.000  0.537     5.43     4.70     3.49     2.53     2.07  4    -1e-30      0.00 7.400e-01 2.560e-01 7.090e-04 1.940e-04 1.761e-03 -1.000 4.000e-03 -2.637 -2.600 -2.122 -3.248
0.004 -0.58336 8.10001 4.3766808510 2.6103114542    4.374  2.996  3.6809  1.758    3  0.000  0.534     6.08     5.18     3.83     2.78     2.28  4    -1e-30      0.00 7.399e-01 2.561e-01 7.056e-04 1.950e-04 1.761e-03 -1.000 4.000e-03 -2.721 -2.673 -2.180 -3.333
0.004 -0.58336 8.10001 4.3767714500 2.6103120900    4.374  3.029  3.6768  1.709    3  0.000  0.523     6.73     5.66     4.17     3.03     2.48  4    -1e-30      0.00 7.399e-01 2.561e-01 6.905e-04 2.038e-04 1.761e-03 -1.000 4.000e-03 -2.802 -2.744 -2.239 -3.414
0.004 -0.58336 8.10001 4.3768734932 2.6103128061    4.374  3.060  3.6731  1.663    3  0.000  0.498     7.41     6.15     4.51     3.28     2.69  4    -1e-30      0.00 7.398e-01 2.562e-01 6.575e-04 2.346e-04 1.761e-03 -1.000 4.000e-03 -2.881 -2.813 -2.296 -3.492
0.004 -0.58336 8.10001 4.3769016266 2.6103130035    4.374  3.067  3.6724  1.653    3  0.000  0.492     7.56     6.26     4.59     3.34     2.74  4    -1e-30      0.00 7.398e-01 2.562e-01 6.492e-04 2.443e-04 1.761e-03 -1.000 4.000e-03 -2.897 -2.827 -2.308 -3.508
0.004 -0.58336 8.10001 4.3769297600 2.6103132009    4.374  3.074  3.6717  1.644    3  0.000  0.485     7.71     6.36     4.66     3.39     2.78  4    -1e-30      0.00 7.398e-01 2.562e-01 6.408e-04 2.540e-04 1.761e-03 -1.000 4.000e-03 -2.914 -2.842 -2.321 -3.524
0.004 -0.58336 8.10001 4.3770298958 2.6103139035    4.374  3.088  3.6700  1.623    3  0.000  0.467     8.07     6.61     4.84     3.52     2.89  4    -1e-30      0.00 7.397e-01 2.562e-01 6.174e-04 2.827e-04 1.761e-03 -1.000 4.010e-03 -2.951 -2.874 -2.348 -3.560
0.004 -0.58336 8.10001 4.3773803711 2.6103163624    4.374  3.131  3.6653  1.561    3  0.000  0.421     9.18     7.40     5.39     3.93     3.22  4    -1e-30      0.00 7.396e-01 2.564e-01 5.563e-04 3.578e-04 1.761e-03 -1.000 4.001e-03 -3.059 -2.967 -2.426 -3.665
0.004 -0.58336 8.10001 4.3777298927 2.6103188141    4.375  3.168  3.6616  1.510    3  0.000  0.393    10.22     8.11     5.88     4.30     3.52  4    -1e-30      0.00 7.395e-01 2.565e-01 5.183e-04 4.047e-04 1.760e-03 -1.000 4.010e-03 -3.149 -3.045 -2.493 -3.752
0.004 -0.58336 8.10001 4.3781800270 2.6103219709    4.375  3.211  3.6574  1.450    3  0.000  0.371    11.59     9.04     6.52     4.77     3.92  4    -1e-30      0.00 7.389e-01 2.571e-01 4.866e-04 4.537e-04 1.748e-03 -1.000 4.030e-03 -3.257 -3.137 -2.570 -3.854
0.004 -0.58336 8.10001 4.3786301613 2.6103251270    4.376  3.253  3.6535  1.393    3  0.000  0.362    13.06    10.03     7.20     5.27     4.33  4    -1e-30      0.00 7.370e-01 2.589e-01 4.654e-04 5.107e-04 1.713e-03 -1.000 4.046e-03 -3.361 -3.224 -2.644 -3.951
0.004 -0.58336 8.10001 4.3790798187 2.6103282789    4.376  3.291  3.6501  1.341    3  0.000  0.360    14.56    11.01     7.87     5.78     4.74  4    -1e-30      0.00 7.337e-01 2.623e-01 4.500e-04 5.692e-04 1.668e-03 -1.000 4.036e-03 -3.457 -3.304 -2.713 -4.040
0.004 -0.58336 8.10001 4.3795294762 2.6103314302    4.376  3.316  3.6479  1.307    3  0.000  0.359    15.64    11.71     8.35     6.13     5.03  4    -1e-30      0.00 7.306e-01 2.654e-01 4.415e-04 6.060e-04 1.638e-03 -1.000 4.011e-03 -3.520 -3.357 -2.758 -4.099
0.004 -0.58336 8.10001 4.3800916672 2.6103353690    4.377  3.335  3.6463  1.281    3  0.000  0.359    16.50    12.27     8.73     6.42     5.27  4    -1e-30      0.00 7.279e-01 2.681e-01 4.360e-04 6.306e-04 1.618e-03 -1.000 4.001e-03 -3.569 -3.398 -2.792 -4.144
0.004 -0.58336 8.10001 4.3807163239 2.6103397441    4.378  3.354  3.6448  1.256    3  0.000  0.359    17.38    12.83     9.11     6.70     5.50  4    -1e-30      0.00 7.253e-01 2.707e-01 4.309e-04 6.531e-04 1.600e-03 -1.000 4.000e-03 -3.615 -3.437 -2.826 -4.187
0.004 -0.58336 8.10001 4.3873133659 2.6103858624    4.384  3.337  3.6468  1.282    3  0.000  0.359    16.47    12.26     8.72     6.41     5.26  4    -1e-30      0.00 7.253e-01 2.707e-01 4.310e-04 6.528e-04 1.600e-03 -1.000 4.000e-03 -3.573 -3.405 -2.801 -4.150
0.004 -0.58336 8.10001 4.3993611336 2.6104696752    4.396  3.305  3.6506  1.330    4  0.000  0.359     0.00     0.00     0.00     0.00     0.00 -1    -1e-30      0.00 7.254e-01 2.706e-01 4.312e-04 6.524e-04 1.600e-03 -1.000 4.000e-03 -3.493 -3.343 -2.752 -4.078
0.004 -0.58336 8.10001 4.4000000954 2.6104741055    4.397  3.303  3.6508  1.333    4  0.000  0.359     0.00     0.00     0.00     0.00     0.00 -1    -1e-30      0.00 7.254e-01 2.706e-01 4.312e-04 6.524e-04 1.600e-03 -1.000 4.000e-03 -3.488 -3.339 -2.749 -4.073
0.004 -0.58336 8.10001 4.4085197449 2.6105330365    4.406  3.278  3.6536  1.370    4  0.000  0.359     0.00     0.00     0.00     0.00     0.00 -1    -1e-30      0.00 7.254e-01 2.706e-01 4.312e-04 6.522e-04 1.600e-03 -1.000 4.000e-03 -3.426 -3.289 -2.709 -4.016
0.004 -0.58336 8.10001 4.4173479080 2.6105938259    4.415  3.250  3.6568  1.412    4  0.000  0.359     0.00     0.00     0.00     0.00     0.00 -1    -1e-30      0.00 7.255e-01 2.705e-01 4.312e-04 6.520e-04 1.600e-03 -1.000 4.000e-03 -3.355 -3.232 -2.663 -3.951
0.004 -0.58336 8.10001 4.4248557091 2.6106453040    4.422  3.226  3.6597  1.449    4  0.000  0.359     0.00     0.00     0.00     0.00     0.00 -1    -1e-30      0.00 7.255e-01 2.705e-01 4.313e-04 6.519e-04 1.601e-03 -1.000 4.000e-03 -3.295 -3.184 -2.624 -3.896
0.004 -0.58336 8.10001 4.4321427345 2.6106950766    4.429  3.203  3.6626  1.483    4  0.000  0.359     0.00     0.00     0.00     0.00     0.00 -1    -1e-30      0.00 7.256e-01 2.704e-01 4.313e-04 6.517e-04 1.601e-03 -1.000 4.000e-03 -3.238 -3.138 -2.587 -3.843
0.004 -0.58336 8.10001 4.4426031113 2.6107661960    4.440  3.177  3.6669  1.528    4  0.000  0.359     0.00     0.00     0.00     0.00     0.00 -1    -1e-30      0.00 7.256e-01 2.704e-01 4.313e-04 6.515e-04 1.601e-03 -1.000 4.000e-03 -3.171 -3.085 -2.548 -3.780
0.004 -0.58336 8.10001 4.4592013359 2.6108782592    4.456  3.155  3.6742  1.580    4  0.000  0.359     0.00     0.00     0.00     0.00     0.00 -1    -1e-30      0.00 7.257e-01 2.703e-01 4.313e-04 6.511e-04 1.601e-03 -1.000 4.000e-03 -3.118 -3.054 -2.538 -3.732
0.004 -0.58336 8.10001 4.4628634453 2.6109028549    4.460  3.152  3.6759  1.591    4  0.000  0.359     0.00     0.00     0.00     0.00     0.00 -1    -1e-30      0.00 7.257e-01 2.703e-01 4.313e-04 6.511e-04 1.601e-03 -1.000 4.000e-03 -3.110 -3.050 -2.539 -3.724
0.004 -0.58336 8.10001 4.4704146385 2.6109534246    4.468  3.166  3.6815  1.600    5  0.000  0.359     0.00     0.00     0.00     0.00     0.00 -1    -1e-30      0.00 7.258e-01 2.702e-01 4.313e-04 6.509e-04 1.601e-03 -1.000 4.000e-03 -3.145 -3.100 -2.605 -3.761
0.004 -0.58336 8.10001 4.4776387215 2.6110016200    4.475  3.188  3.6895  1.610    5  0.000  0.359     0.00     0.00     0.00     0.00     0.00 -1    -1e-30      0.00 7.258e-01 2.702e-01 4.314e-04 6.507e-04 1.602e-03 -1.000 4.000e-03 -3.201 -3.177 -2.703 -3.820
0.004 -0.58336 8.10001 4.4816856384 2.6110285409    4.479  3.210  3.6973  1.620    5  0.000  0.359     0.00     0.00     0.00     0.00     0.00 -1    -1e-30      0.00 7.258e-01 2.702e-01 4.314e-04 6.507e-04 1.602e-03 -1.000 4.000e-03 -3.256 -3.252 -2.798 -3.878
0.004 -0.58336 8.10001 4.4846487045 2.6110482164    4.482  3.229  3.7063  1.637    5  0.000  0.359     0.00     0.00     0.00     0.00     0.00 -1    -1e-30      0.00 7.258e-01 2.702e-01 4.314e-04 6.506e-04 1.602e-03 -1.000 4.000e-03 -3.303 -3.321 -2.889 -3.926
0.004 -0.58336 8.10001 4.4876298904 2.6110679821    4.485  3.246  3.7186  1.670    5  0.000  0.359     0.00     0.00     0.00     0.00     0.00 -1    -1e-30      0.00 7.258e-01 2.702e-01 4.314e-04 6.505e-04 1.602e-03 -1.000 4.000e-03 -3.344 -3.389 -2.987 -3.965
0.004 -0.58336 8.10001 4.4893198013 2.6110791730    4.487  3.254  3.7282  1.701    5  0.000  0.359     0.00     0.00     0.00     0.00     0.00 -1    -1e-30      0.00 7.259e-01 2.701e-01 4.314e-04 6.505e-04 1.602e-03 -1.000 4.000e-03 -3.365 -3.426 -3.048 -3.980
0.004 -0.58336 8.10001 4.4909000397 2.6110896289    4.488  3.261  3.7384  1.735    5  0.000  0.359     0.00     0.00     0.00     0.00     0.00 -1    -1e-30      0.00 7.259e-01 2.701e-01 4.314e-04 6.505e-04 1.602e-03 -1.000 4.000e-03 -3.382 -3.460 -3.106 -3.989
0.004 -0.58336 8.10001 4.4924440384 2.6110998369    4.490  3.267  3.7494  1.773    5  0.000  0.359     0.00     0.00     0.00     0.00     0.00 -1    -1e-30      0.00 7.259e-01 2.701e-01 4.314e-04 6.504e-04 1.602e-03 -1.000 4.000e-03 -3.397 -3.491 -3.162 -3.993
0.004 -0.58336 8.10001 4.4939656258 2.6111098888    4.491  3.272  3.7608  1.813    5  0.000  0.359     0.00     0.00     0.00     0.00     0.00 -1    -1e-30      0.00 7.259e-01 2.701e-01 4.314e-04 6.504e-04 1.602e-03 -1.000 4.000e-03 -3.410 -3.519 -3.216 -3.993
0.004 -0.58336 8.10001 4.4955153465 2.6111201185    4.493  3.277  3.7721  1.854    5  0.000  0.359     0.00     0.00     0.00     0.00     0.00 -1    -1e-30      0.00 7.259e-01 2.701e-01 4.314e-04 6.504e-04 1.602e-03 -1.000 4.000e-03 -3.424 -3.544 -3.266 -3.989
0.004 -0.58336 8.10001 4.4973554611 2.6111322545    4.495  3.283  3.7849  1.899    5  0.000  0.359     0.00     0.00     0.00     0.00     0.00 -1    -1e-30      0.00 7.259e-01 2.701e-01 4.314e-04 6.503e-04 1.602e-03 -1.000 4.000e-03 -3.438 -3.571 -3.320 -3.981
0.004 -0.58336 8.10001 4.4992465973 2.6111447152    4.496  3.289  3.7972  1.943    5  0.000  0.359     0.00     0.00     0.00     0.00     0.00 -1    -1e-30      0.00 7.259e-01 2.701e-01 4.314e-04 6.503e-04 1.602e-03 -1.000 4.000e-03 -3.453 -3.594 -3.369 -3.971
0.004 -0.58336 8.10001 4.5010023117 2.6111562728    4.498  3.294  3.8078  1.980    5  0.000  0.359     0.00     0.00     0.00     0.00     0.00 -1    -1e-30      0.00 7.259e-01 2.701e-01 4.314e-04 6.503e-04 1.602e-03 -1.000 4.000e-03 -3.465 -3.613 -3.410 -3.962
0.004 -0.58336 8.10001 4.5034828186 2.6111725839    4.501  3.301  3.8215  2.029    5  0.000  0.359     0.00     0.00     0.00     0.00     0.00 -1    -1e-30      0.00 7.259e-01 2.701e-01 4.314e-04 6.502e-04 1.602e-03 -1.000 4.000e-03 -3.482 -3.635 -3.458 -3.946
0.004 -0.58336 8.10001 4.5058865547 2.6111883705    4.503  3.307  3.8336  2.071    5  0.000  0.359     0.00     0.00     0.00     0.00     0.00 -1    -1e-30      0.00 7.259e-01 2.701e-01 4.314e-04 6.502e-04 1.602e-03 -1.000 4.000e-03 -3.497 -3.652 -3.498 -3.930
0.004 -0.58336 8.10001 4.5084362030 2.6112050942    4.506  3.313  3.8453  2.112    5  0.000  0.359     0.00     0.00     0.00     0.00     0.00 -1    -1e-30      0.00 7.259e-01 2.701e-01 4.314e-04 6.501e-04 1.602e-03 -1.000 4.000e-03 -3.512 -3.667 -3.534 -3.911
0.004 -0.58336 8.10001 4.5114665031 2.6112249424    4.509  3.319  3.8579  2.156    5  0.000  0.359     0.00     0.00     0.00     0.00     0.00 -1    -1e-30      0.00 7.260e-01 2.700e-01 4.314e-04 6.500e-04 1.602e-03 -1.000 4.000e-03 -3.529 -3.681 -3.571 -3.889
0.004 -0.58336 8.10001 4.5143599510 2.6112438655    4.511  3.326  3.8690  2.195    5  0.000  0.359     0.00     0.00     0.00     0.00     0.00 -1    -1e-30      0.00 7.260e-01 2.700e-01 4.314e-04 6.500e-04 1.602e-03 -1.000 4.000e-03 -3.544 -3.691 -3.599 -3.868
0.004 -0.58336 8.10001 4.5180897713 2.6112682175    4.515  3.333  3.8819  2.239    5  0.000  0.359     0.00     0.00     0.00     0.00     0.00 -1    -1e-30      0.00 7.260e-01 2.700e-01 4.314e-04 6.499e-04 1.602e-03 -1.000 4.000e-03 -3.563 -3.699 -3.627 -3.843
0.004 -0.58336 8.10001 4.5221815109 2.6112948793    4.519  3.341  3.8935  2.278    5  0.000  0.359     0.00     0.00     0.00     0.00     0.00 -1    -1e-30      0.00 7.260e-01 2.700e-01 4.314e-04 6.498e-04 1.602e-03 -1.000 4.000e-03 -3.581 -3.705 -3.648 -3.821
0.004 -0.58336 8.10001 4.5278658867 2.6113318268    4.525  3.350  3.9046  2.315    5  0.000  0.359     0.00     0.00     0.00     0.00     0.00 -1    -1e-30      0.00 7.260e-01 2.700e-01 4.315e-04 6.497e-04 1.603e-03 -1.000 4.000e-03 -3.604 -3.708 -3.664 -3.801
0.004 -0.58336 8.10001 4.5360417366 2.6113847817    4.533  3.361  3.9132  2.339    5  0.000  0.359     0.00     0.00     0.00     0.00     0.00 -1    -1e-30      0.00 7.261e-01 2.699e-01 4.315e-04 6.495e-04 1.603e-03 -1.000 4.000e-03 -3.631 -3.718 -3.683 -3.795
0.004 -0.58336 8.10001 4.5401797295 2.6114114999    4.537  3.364  3.9080  2.315    5  0.000  0.359     0.00     0.00     0.00     0.00     0.00 -1    -1e-30      0.00 7.261e-01 2.699e-01 4.315e-04 6.494e-04 1.603e-03 -1.000 4.000e-03 -3.640 -3.738 -3.698 -3.824
0.004 -0.58336 8.10001 4.5447750092 2.6114411051    4.542  3.367  3.9003  2.281    6  0.000  0.359     0.00     0.00     0.00     0.00     0.00 -1    -1e-30      0.00 7.261e-01 2.699e-01 4.315e-04 6.493e-04 1.603e-03 -1.000 4.000e-03 -3.648 -3.761 -3.713 -3.862
0.004 -0.58336 8.10001 4.5495009422 2.6114714804    4.547  3.369  3.8864  2.224    6  0.000  0.359     0.00     0.00     0.00     0.00     0.00 -1    -1e-30      0.00 7.262e-01 2.698e-01 4.315e-04 6.492e-04 1.603e-03 -1.000 4.000e-03 -3.653 -3.786 -3.720 -3.918
0.004 -0.58336 8.10001 4.5526275635 2.6114915364    4.550  3.370  3.8726  2.169    6  0.000  0.359     0.00     0.00     0.00     0.00     0.00 -1    -1e-30      0.00 7.262e-01 2.698e-01 4.315e-04 6.492e-04 1.603e-03 -1.000 4.000e-03 -3.654 -3.799 -3.714 -3.966
0.004 -0.58336 8.10001 4.5549111366 2.6115061647    4.552  3.369  3.8597  2.118    6  0.000  0.359     0.00     0.00     0.00     0.00     0.00 -1    -1e-30      0.00 7.262e-01 2.698e-01 4.315e-04 6.491e-04 1.603e-03 -1.000 4.000e-03 -3.654 -3.807 -3.702 -4.007
0.004 -0.58336 8.10001 4.5568299294 2.6115184431    4.554  3.369  3.8476  2.070    6  0.000  0.359     0.00     0.00     0.00     0.00     0.00 -1    -1e-30      0.00 7.262e-01 2.698e-01 4.315e-04 6.491e-04 1.603e-03 -1.000 4.000e-03 -3.652 -3.809 -3.682 -4.044
0.004 -0.58336 8.10001 4.5581245422 2.6115267207    4.555  3.368  3.8381  2.033    6  0.000  0.359     0.00     0.00     0.00     0.00     0.00 -1    -1e-30      0.00 7.262e-01 2.698e-01 4.315e-04 6.491e-04 1.603e-03 -1.000 4.000e-03 -3.650 -3.808 -3.663 -4.071
0.004 -0.58336 8.10001 4.5592432022 2.6115338689    4.556  3.367  3.8275  1.992    6  0.000  0.359     0.00     0.00     0.00     0.00     0.00 -1    -1e-30      0.00 7.262e-01 2.698e-01 4.315e-04 6.490e-04 1.603e-03 -1.000 4.000e-03 -3.646 -3.803 -3.639 -4.096
0.004 -0.58336 8.10001 4.5603041649 2.6115406447    4.557  3.364  3.8140  1.941    6  0.000  0.359     0.00     0.00     0.00     0.00     0.00 -1    -1e-30      0.00 7.262e-01 2.698e-01 4.315e-04 6.490e-04 1.603e-03 -1.000 4.000e-03 -3.641 -3.794 -3.603 -4.123
0.004 -0.58336 8.10001 4.5613522530 2.6115473347    4.558  3.361  3.7975  1.878    6  0.000  0.359     0.00     0.00     0.00     0.00     0.00 -1    -1e-30      0.00 7.262e-01 2.698e-01 4.315e-04 6.490e-04 1.603e-03 -1.000 4.000e-03 -3.633 -3.777 -3.553 -4.152
0.004 -0.58336 8.10001 4.5619487762 2.6115511408    4.559  3.359  3.7864  1.835    6  0.000  0.359     0.00     0.00     0.00     0.00     0.00 -1    -1e-30      0.00 7.262e-01 2.698e-01 4.315e-04 6.490e-04 1.603e-03 -1.000 4.000e-03 -3.627 -3.763 -3.516 -4.168
0.004 -0.58336 8.10001 4.5625472069 2.6115549579    4.560  3.356  3.7737  1.788    6  0.000  0.359     0.00     0.00     0.00     0.00     0.00 -1    -1e-30      0.00 7.262e-01 2.698e-01 4.315e-04 6.490e-04 1.603e-03 -1.000 4.000e-03 -3.621 -3.745 -3.470 -4.185
0.004 -0.58336 8.10001 4.5630412102 2.6115581080    4.560  3.353  3.7617  1.742    6  0.000  0.359     0.00     0.00     0.00     0.00     0.00 -1    -1e-30      0.00 7.262e-01 2.698e-01 4.315e-04 6.490e-04 1.603e-03 -1.000 4.000e-03 -3.613 -3.725 -3.423 -4.196
0.004 -0.58336 8.10001 4.5634622574 2.6115607923    4.560  3.350  3.7503  1.700    6  0.000  0.359     0.00     0.00     0.00     0.00     0.00 -1    -1e-30      0.00 7.262e-01 2.698e-01 4.315e-04 6.490e-04 1.603e-03 -1.000 4.000e-03 -3.606 -3.703 -3.376 -4.203
0.004 -0.58336 8.10001 4.5638856888 2.6115634912    4.561  3.346  3.7382  1.655    6  0.000  0.359     0.00     0.00     0.00     0.00     0.00 -1    -1e-30      0.00 7.262e-01 2.698e-01 4.315e-04 6.489e-04 1.603e-03 -1.000 4.000e-03 -3.596 -3.675 -3.320 -4.206
0.004 -0.58336 8.10001 4.5643930435 2.6115667243    4.561  3.340  3.7240  1.605    6  0.000  0.359     0.00     0.00     0.00     0.00     0.00 -1    -1e-30      0.00 7.262e-01 2.698e-01 4.315e-04 6.489e-04 1.603e-03 -1.000 4.000e-03 -3.579 -3.635 -3.245 -4.200
0.004 -0.58336 8.10001 4.5649085045 2.6115700082    4.562  3.330  3.7109  1.563    6  0.000  0.359     0.00     0.00     0.00     0.00     0.00 -1    -1e-30      0.00 7.262e-01 2.698e-01 4.315e-04 6.489e-04 1.603e-03 -1.000 4.000e-03 -3.555 -3.585 -3.163 -4.180
0.004 -0.58336 8.10001 4.5654506683 2.6115734612    4.562  3.314  3.6992  1.531    6  0.000  0.359     0.00     0.00     0.00     0.00     0.00 -1    -1e-30      0.00 7.262e-01 2.698e-01 4.315e-04 6.489e-04 1.603e-03 -1.000 4.000e-03 -3.516 -3.519 -3.067 -4.141
0.004 -0.58336 8.10001 4.5660209656 2.6115770925    4.563  3.291  3.6881  1.511    6  0.000  0.359     0.00     0.00     0.00     0.00     0.00 -1    -1e-30      0.00 7.262e-01 2.698e-01 4.315e-04 6.489e-04 1.603e-03 -1.000 4.000e-03 -3.457 -3.431 -2.951 -4.078
0.004 -0.58336 8.10001 4.5667295456 2.6115816028    4.564  3.270  3.6739  1.475    6  0.000  0.359     0.00     0.00     0.00     0.00     0.00 -1    -1e-30      0.00 7.262e-01 2.698e-01 4.315e-04 6.489e-04 1.603e-03 -1.000 4.000e-03 -3.405 -3.341 -2.821 -4.021
0.004 -0.58336 8.10001 4.5671124458 2.6115840394    4.564  3.269  3.6657  1.443    6  0.000  0.359     0.00     0.00     0.00     0.00     0.00 -1    -1e-30      0.00 7.262e-01 2.698e-01 4.315e-04 6.489e-04 1.603e-03 -1.000 4.000e-03 -3.403 -3.313 -2.769 -4.012
0.004 -0.58336 8.10001 4.5671343803 2.6115841789    4.564  3.269  3.6652  1.441    6  0.000  0.359     0.00     0.00     0.00     0.00     0.00 -1    -1e-30      0.00 7.262e-01 2.698e-01 4.315e-04 6.489e-04 1.603e-03 -1.000 4.000e-03 -3.404 -3.312 -2.767 -4.013
0.004 -0.58336 8.10001 4.5672874451 2.6115851528    4.564  3.305  3.6590  1.380    7  0.000  0.359    13.40    10.36     7.44     5.44     4.47  4    -1e-30      0.00 7.262e-01 2.698e-01 4.315e-04 6.489e-04 1.603e-03 -1.000 4.000e-03 -3.493 -3.379 -2.815 -4.095
0.004 -0.58336 8.10001 4.5674567223 2.6115862298    4.564  3.345  3.6544  1.322    7  0.000  0.359    15.17    11.52     8.23     6.03     4.95  4    -1e-30      0.00 7.262e-01 2.698e-01 4.315e-04 6.489e-04 1.603e-03 -1.000 4.000e-03 -3.593 -3.460 -2.879 -4.186
0.004 -0.58336 8.10001 4.5680294037 2.6115898725    4.565  3.344  3.6544  1.323    7  0.000  0.359    15.11    11.49     8.21     6.01     4.94  4    -1e-30      0.00 7.262e-01 2.698e-01 4.315e-04 6.489e-04 1.603e-03 -1.000 4.000e-03 -3.589 -3.456 -2.876 -4.183
0.004 -0.58336 8.10001 4.5682930946 2.6115915495    4.565  3.371  3.6507  1.281    7  0.000  0.359    16.53    12.41     8.83     6.48     5.32  4    -1e-30      0.00 7.262e-01 2.698e-01 4.315e-04 6.489e-04 1.603e-03 -1.000 4.000e-03 -3.658 -3.509 -2.916 -4.245
0.004 -0.58336 8.10001 4.5685195923 2.6115929897    4.566  3.412  3.6463  1.223    7  0.000  0.359    18.67    13.78     9.76     7.17     5.89  4    -1e-30      0.00 7.262e-01 2.698e-01 4.315e-04 6.488e-04 1.603e-03 -1.000 4.000e-03 -3.760 -3.589 -2.981 -4.337
0.004 -0.58336 8.10001 4.5687794685 2.6115946420    4.566  3.452  3.6424  1.167    7  0.000  0.359    20.99    15.23    10.74     7.91     6.50  4    -1e-30      0.00 7.262e-01 2.698e-01 4.315e-04 6.488e-04 1.603e-03 -1.000 4.000e-03 -3.859 -3.669 -3.048 -4.427
0.004 -0.58336 8.10001 4.5691061020 2.6115967184    4.566  3.490  3.6385  1.114    7  0.000  0.359    23.49    16.78    11.78     8.68     7.14  4    -1e-30      0.00 7.262e-01 2.698e-01 4.315e-04 6.488e-04 1.603e-03 -1.000 4.000e-03 -3.954 -3.745 -3.109 -4.513
0.004 -0.58336 8.10001 4.5695161819 2.6115993248    4.567  3.528  3.6348  1.061    7  0.000  0.359    26.25    18.46    12.91     9.53     7.83  4    -1e-30      0.00 7.263e-01 2.697e-01 4.314e-04 6.488e-04 1.603e-03 -1.000 4.000e-03 -4.049 -3.821 -3.171 -4.599
0.004 -0.58336 8.10001 4.5700092316 2.6116024578    4.567  3.566  3.6313  1.009    7  0.000  0.358    29.29    20.27    14.12    10.43     8.58  4 -1.46e-30      0.00 7.263e-01 2.697e-01 4.310e-04 6.491e-04 1.603e-03 -1.000 4.001e-03 -4.144 -3.896 -3.232 -4.684
0.004 -0.58336 8.10001 4.5705823898 2.6116060989    4.568  3.604  3.6284  0.960    7  0.000  0.357    32.50    22.17    15.38    11.38     9.36  4 -2.31e-12      0.00 7.263e-01 2.697e-01 4.292e-04 6.505e-04 1.603e-03 -1.000 4.084e-03 -4.239 -3.975 -3.299 -4.771
0.004 -0.58336 8.10001 4.5712151527 2.6116101175    4.568  3.643  3.6251  0.907    7  0.000  0.354    36.31    24.38    16.84    12.48    10.27  4  -2.1e-11      0.00 7.263e-01 2.697e-01 4.263e-04 6.539e-04 1.603e-03 -1.000 4.088e-03 -4.338 -4.054 -3.363 -4.860
0.004 -0.58336 8.10001 4.5718498230 2.6116141468    4.568  3.684  3.6217  0.853    7  0.000  0.351    40.68    26.88    18.48    13.72    11.29  4 -1.03e-08      0.00 7.263e-01 2.696e-01 4.225e-04 6.585e-04 1.603e-03 -1.000 4.100e-03 -4.439 -4.135 -3.428 -4.951
0.004 -0.58336 8.10001 4.5724320412 2.6116178420    4.568  3.724  3.6183  0.799    7  0.000  0.349    45.56    29.63    20.28    15.07    12.40  4 -1.23e-08      0.00 7.263e-01 2.696e-01 4.195e-04 6.623e-04 1.603e-03 -1.000 4.100e-03 -4.539 -4.214 -3.491 -5.040
0.004 -0.58336 8.10001 4.5729475021 2.6116211127    4.569  3.763  3.6149  0.746    7  0.000  0.347    50.96    32.62    22.23    16.55    13.62  4 -1.46e-08      0.00 7.263e-01 2.696e-01 4.171e-04 6.652e-04 1.603e-03 -1.000 4.100e-03 -4.638 -4.290 -3.551 -5.127
0.004 -0.58336 8.10001 4.5734057426 2.6116240195    4.568  3.802  3.6114  0.693    7  0.000  0.345    56.99    35.90    24.36    18.16    14.95  4 -1.74e-08      0.00 7.263e-01 2.696e-01 4.151e-04 6.679e-04 1.602e-03 -1.000 4.100e-03 -4.736 -4.365 -3.610 -5.213
0.004 -0.58336 8.10001 4.5738210678 2.6116266535    4.568  3.841  3.6079  0.640    7  0.000  0.344    63.71    39.51    26.70    19.92    16.41  3 -2.35e-08      0.00 7.263e-01 2.697e-01 4.134e-04 6.708e-04 1.602e-03 -1.000 4.034e-03 -4.833 -4.438 -3.665 -5.297
0.004 -0.58336 8.10001 4.5742101669 2.6116291207    4.568  3.880  3.6043  0.587    7  0.000  0.343    71.28    43.50    29.27    21.88    18.02  3  -3.4e-08      0.00 7.262e-01 2.697e-01 4.120e-04 6.741e-04 1.600e-03 -1.000 4.074e-03 -4.930 -4.511 -3.719 -5.381
0.004 -0.58336 8.10001 4.5745735168 2.6116314242    4.568  3.919  3.6008  0.534    7  0.000  0.343    79.71    47.88    32.08    24.01    19.78  3 -5.05e-08      0.00 7.262e-01 2.697e-01 4.108e-04 6.781e-04 1.597e-03 -1.000 4.100e-03 -5.027 -4.583 -3.773 -5.464
0.004 -0.58336 8.10001 4.5749120712 2.6116335702    4.567  3.958  3.5972  0.481    7  0.000  0.343    89.13    52.70    35.15    26.35    21.71  3 -7.51e-08      0.00 7.261e-01 2.698e-01 4.098e-04 6.824e-04 1.593e-03 -1.000 4.100e-03 -5.124 -4.653 -3.822 -5.546
0.004 -0.58336 8.10001 4.5752263069 2.6116355616    4.565  3.996  3.5937  0.428    7  0.000  0.343    99.50    57.92    38.47    28.87    23.80  3 -1.11e-07      0.00 7.259e-01 2.700e-01 4.087e-04 6.871e-04 1.589e-03 -1.000 4.100e-03 -5.220 -4.721 -3.869 -5.626
0.004 -0.58336 8.10001 4.5755290985 2.6116374803    4.563  4.035  3.5902  0.375    7  0.000  0.343   111.22    63.73    42.15    31.68    26.12  3 -1.65e-07      0.00 7.251e-01 2.708e-01 4.075e-04 6.930e-04 1.585e-03 -1.000 4.100e-03 -5.316 -4.790 -3.916 -5.707
0.004 -0.58336 8.10001 4.5758190155 2.6116393170    4.560  4.073  3.5865  0.322    7  0.000  0.343   124.53    70.22    46.24    34.81    28.71  3 -2.46e-07      0.00 7.226e-01 2.733e-01 4.055e-04 7.021e-04 1.577e-03 -1.000 4.100e-03 -5.413 -4.856 -3.956 -5.787
0.004 -0.58336 8.10001 4.5760812759 2.6116409784    4.555  4.112  3.5827  0.267    7  0.000  0.343   139.73    77.52    50.82    38.31    31.60  2 -3.67e-07      0.00 7.116e-01 2.843e-01 3.995e-04 7.307e-04 1.553e-03 -1.000 4.100e-03 -5.511 -4.919 -3.992 -5.865
0.004 -0.58336 8.10001 4.5762796402 2.6116422348    4.550  4.151  3.5783  0.210    7  0.000  0.344   157.30    85.82    56.00    42.28    34.89  2 -5.48e-07      0.00 6.850e-01 3.109e-01 3.855e-04 7.981e-04 1.496e-03 -1.000 4.100e-03 -5.607 -4.974 -4.015 -5.937
0.004 -0.58336 8.10001 4.5764408112 2.6116432555    4.543  4.191  3.5735  0.151    7  0.000  0.344   178.25    95.55    62.05    46.92    38.73  2  -8.3e-07      0.00 6.637e-01 3.322e-01 3.742e-04 8.519e-04 1.451e-03 -1.000 4.089e-03 -5.706 -5.026 -4.026 -6.007
0.004 -0.58336 8.10001 4.5765891075 2.6116441947    4.534  4.231  3.5689  0.091    7  0.000  0.344   202.04   106.42    68.77    52.09    43.00  2 -1.28e-06      0.00 6.563e-01 3.397e-01 3.703e-04 8.707e-04 1.435e-03 -1.000 4.023e-03 -5.807 -5.075 -4.033 -6.077
0.004 -0.58336 8.10001 4.5767383575 2.6116451398    4.520  4.273  3.5640  0.028    7  0.000  0.344   230.36   119.14    76.59    58.12    47.99  2 -1.98e-06      0.01 6.521e-01 3.438e-01 3.682e-04 8.812e-04 1.426e-03 -1.000 4.100e-03 -5.913 -5.116 -4.021 -6.143
0.004 -0.58336 8.10001 4.5768737793 2.6116459973    4.499  4.310  3.5595 -0.029    7  0.000  0.344   259.49   132.02    84.47    64.21    53.03  2 -2.95e-06      0.02 6.496e-01 3.463e-01 3.669e-04 8.874e-04 1.421e-03 -1.000 4.082e-03 -6.006 -5.142 -3.991 -6.193
0.004 -0.58336 8.10001 4.5770268440 2.6116469664    4.463  4.350  3.5544 -0.093    7  0.000  0.344   295.77   147.86    94.11    71.68    59.21  2 -4.58e-06      0.04 6.483e-01 3.477e-01 3.662e-04 8.909e-04 1.419e-03 -1.000 4.011e-03 -6.106 -5.138 -3.899 -6.224
0.004 -0.58336 8.10001 4.5772628784 2.6116484607    4.370  4.373  3.5503 -0.141    7  0.000  0.344   324.19   160.36   101.65    77.57    64.08  2 -6.25e-06      0.05 6.476e-01 3.483e-01 3.658e-04 8.925e-04 1.417e-03 -1.000 4.068e-03 -6.162 -5.105 -3.793 -6.220
0.004 -0.58336 8.10001 4.5773181915 2.6116488108    4.346  4.370  3.5502 -0.142    7  0.000  0.344   323.72   160.26   101.57    77.52    64.04  2 -6.21e-06      0.05 6.475e-01 3.484e-01 3.658e-04 8.928e-04 1.417e-03 -1.000 4.092e-03 -6.156 -5.098 -3.784 -6.213
0.004 -0.58336 8.10001 4.5773329735 2.6116489044    4.339  4.369  3.5502 -0.141    7  0.000  0.344   323.48   160.18   101.52    77.49    64.01  2 -6.19e-06      0.05 6.475e-01 3.484e-01 3.657e-04 8.928e-04 1.417e-03 -1.000 4.099e-03 -6.154 -5.096 -3.782 -6.211
0.004 -0.58336 8.10001 4.5773425102 2.6116489648    4.336  4.361  3.5511 -0.130    7  0.000  0.344   315.40   156.73    99.43    75.87    62.67  2 -5.69e-06      0.05 6.475e-01 3.485e-01 3.657e-04 8.929e-04 1.417e-03 -1.000 4.082e-03 -6.132 -5.101 -3.806 -6.208
0.004 -0.58336 8.10001 4.5773491859 2.6116490070    4.333  4.351  3.5521 -0.116    7  0.000  0.344   306.44   152.88    97.09    74.06    61.18  2 -5.16e-06      0.04 6.475e-01 3.485e-01 3.657e-04 8.929e-04 1.417e-03 -1.000 4.062e-03 -6.108 -5.101 -3.827 -6.201
0.004 -0.58336 8.10001 4.5773630142 2.6116490946    4.328  4.331  3.5544 -0.087    7  0.000  0.344   288.60   145.18    92.41    70.44    58.18  2 -4.22e-06      0.03 6.475e-01 3.485e-01 3.657e-04 8.929e-04 1.417e-03 -1.000 4.025e-03 -6.058 -5.096 -3.861 -6.181
0.004 -0.58336 8.10001 4.5773744583 2.6116491670    4.325  4.303  3.5575 -0.047    7  0.000  0.344   265.07   134.89    86.15    65.60    54.17  2 -3.14e-06      0.02 6.475e-01 3.485e-01 3.657e-04 8.929e-04 1.417e-03 -1.000 4.011e-03 -5.987 -5.091 -3.910 -6.154
0.004 -0.58336 8.10001 4.5773954391 2.6116492998    4.322  4.204  3.5683  0.095    7  0.000  0.344   197.14   104.44    67.47    51.18    42.24  2 -1.14e-06      0.00 6.475e-01 3.485e-01 3.657e-04 8.929e-04 1.417e-03 -1.000 4.011e-03 -5.741 -5.004 -3.958 -6.008
0.004 -0.58336 8.10001 4.5774245262 2.6116494840    4.320  4.255  3.5628  0.021    7  0.000  0.344   229.84   119.26    76.59    58.21    48.05  2 -1.93e-06      0.01 6.475e-01 3.485e-01 3.657e-04 8.929e-04 1.417e-03 -1.000 4.011e-03 -5.869 -5.059 -3.952 -6.090
0.004 -0.58336 8.10001 4.5774445534 2.6116496107    4.317  4.266  3.5616  0.006    7  0.000  0.344   237.21   122.56    78.61    59.78    49.35  2 -2.15e-06      0.01 6.475e-01 3.485e-01 3.657e-04 8.929e-04 1.417e-03 -1.000 4.011e-03 -5.894 -5.068 -3.947 -6.105
0.004 -0.58336 8.10001 4.5774459839 2.6116496198    4.317  4.266  3.5615  0.005    7  0.000  0.344   237.68   122.77    78.74    59.88    49.43  2 -2.17e-06      0.01 6.475e-01 3.485e-01 3.657e-04 8.929e-04 1.417e-03 -1.000 4.011e-03 -5.896 -5.068 -3.947 -6.106
0.004 -0.58336 8.10001 4.5774521828 2.6116496590    4.316  4.270  3.5611 -0.001    7  0.000  0.344   240.65   124.10    79.55    60.51    49.95  2 -2.26e-06      0.01 6.475e-01 3.485e-01 3.657e-04 8.929e-04 1.417e-03 -1.000 4.011e-03 -5.906 -5.071 -3.945 -6.112
0.004 -0.58336 8.10001 4.5774617195 2.6116497194    4.314  4.282  3.5597 -0.019    7  0.000  0.344   249.66   128.11    82.00    62.40    51.52  2 -2.56e-06      0.01 6.475e-01 3.485e-01 3.657e-04 8.929e-04 1.417e-03 -1.000 4.011e-03 -5.936 -5.080 -3.935 -6.128
0.004 -0.58336 8.10001 4.5774803162 2.6116498371    4.311  4.301  3.5576 -0.046    7  0.000  0.344   264.33   134.60    85.97    65.47    54.06  2 -3.11e-06      0.02 6.475e-01 3.485e-01 3.657e-04 8.929e-04 1.417e-03 -1.000 4.011e-03 -5.982 -5.087 -3.908 -6.150
