Zini MH logAge Mini int_IMF Mass logL logTe logg label McoreTP C_O period0 period1 period2 period3 period4 pmode Mloss tau1m X Y Xc Xn Xo Cexcess Z mbolmag Gmag G_BPmag G_RPmag
0.0065 -0.36842 8.50001 0.0900000036 1.0816895926    0.090 -3.082  3.4203  5.108    0  0.000  0.545     0.00     0.00     0.00     0.00     0.00 -1 -9.78e-17      0.00 7.332e-01 2.602e-01 1.179e-03 3.181e-04 2.885e-03 -1.000 6.556e-03 12.476 14.248 17.116 12.789
0.0065 -0.36842 8.50001 0.0953287929 1.1308573613    0.095 -3.028  3.4285  5.111    0  0.000  0.545     0.00     0.00     0.00     0.00     0.00 -1 -1.07e-16      0.00 7.332e-01 2.602e-01 1.179e-03 3.181e-04 2.885e-03 -1.000 6.556e-03 12.339 14.014 16.704 12.580
0.0065 -0.36842 8.50001 0.0994532034 1.1665225238    0.099 -2.983  3.4355  5.113    0  0.000  0.545     0.00     0.00     0.00     0.00     0.00 -1 -1.16e-16      0.00 7.332e-01 2.602e-01 1.179e-03 3.181e-04 2.885e-03 -1.000 6.557e-03 12.228 13.827 16.389 12.413
0.0065 -0.36842 8.50001 0.1059827134 1.2192235130    0.106 -2.929  3.4428  5.115    0  0.000  0.545     0.00     0.00     0.00     0.00     0.00 -1 -1.27e-16      0.00 7.332e-01 2.602e-01 1.179e-03 3.181e-04 2.885e-03 -1.000 6.556e-03 12.092 13.613 16.048 12.219
0.0065 -0.36842 8.50001 0.1103180721 1.2519376300    0.110 -2.892  3.4477  5.115    0  0.000  0.545     0.00     0.00     0.00     0.00     0.00 -1 -1.35e-16      0.00 7.332e-01 2.602e-01 1.179e-03 3.181e-04 2.885e-03 -1.000 6.556e-03 12.001 13.470 15.821 12.091
0.0065 -0.36842 8.50001 0.1165371761 1.2960556255    0.116 -2.839  3.4550  5.114    0  0.000  0.545     0.00     0.00     0.00     0.00     0.00 -1 -1.49e-16      0.00 7.332e-01 2.602e-01 1.179e-03 3.181e-04 2.885e-03 -1.000 6.556e-03 11.866 13.259 15.481 11.903
0.0065 -0.36842 8.50001 0.1183596253 1.3084073322    0.118 -2.822  3.4571  5.113    0  0.000  0.545     0.00     0.00     0.00     0.00     0.00 -1 -1.54e-16      0.00 7.332e-01 2.602e-01 1.179e-03 3.181e-04 2.885e-03 -1.000 6.557e-03 11.824 13.194 15.377 11.845
0.0065 -0.36842 8.50001 0.1372660398 1.4235162573    0.137 -2.677  3.4739  5.100    0  0.000  0.545     0.00     0.00     0.00     0.00     0.00 -1 -2.03e-16      0.00 7.332e-01 2.602e-01 1.179e-03 3.181e-04 2.885e-03 -1.000 6.556e-03 11.463 12.664 14.568 11.371
0.0065 -0.36842 8.50001 0.1408665031 1.4431076826    0.141 -2.653  3.4764  5.096    0  0.000  0.545     0.00     0.00     0.00     0.00     0.00 -1 -2.13e-16      0.00 7.332e-01 2.602e-01 1.179e-03 3.181e-04 2.885e-03 -1.000 6.556e-03 11.402 12.578 14.443 11.294
0.0065 -0.36842 8.50001 0.1561724544 1.5196632823    0.156 -2.547  3.4865  5.076    0  0.000  0.545     0.00     0.00     0.00     0.00     0.00 -1 -2.64e-16      0.00 7.332e-01 2.602e-01 1.179e-03 3.181e-04 2.885e-03 -1.000 6.556e-03 11.137 12.212 13.918 10.967
0.0065 -0.36842 8.50001 0.1707759947 1.5841196741    0.170 -2.468  3.4936  5.064    0  0.000  0.545     0.00     0.00     0.00     0.00     0.00 -1 -3.07e-16      0.00 7.332e-01 2.602e-01 1.179e-03 3.181e-04 2.885e-03 -1.000 6.557e-03 10.941 11.949 13.557 10.731
0.0065 -0.36842 8.50001 0.1939852685 1.6730657523    0.193 -2.351  3.5039  5.043    0  0.000  0.545     0.00     0.00     0.00     0.00     0.00 -1 -3.87e-16      0.00 7.332e-01 2.603e-01 1.179e-03 3.181e-04 2.885e-03 -1.000 6.557e-03 10.647 11.568 13.050 10.386
0.0065 -0.36842 8.50001 0.2412513196 1.8176002146    0.240 -2.162  3.5188  5.008    0  0.000  0.545     0.00     0.00     0.00     0.00     0.00 -1 -5.57e-16      0.00 7.332e-01 2.603e-01 1.179e-03 3.181e-04 2.885e-03 -1.000 6.556e-03 10.175 10.976 12.299 9.846
0.0065 -0.36842 8.50001 0.2885173559 1.9293289480    0.288 -2.022  3.5297  4.989    0  0.000  0.545     0.00     0.00     0.00     0.00     0.00 -1 -7.18e-16      0.00 7.332e-01 2.603e-01 1.179e-03 3.181e-04 2.885e-03 -1.000 6.556e-03 9.824 10.549 11.781 9.454
0.0065 -0.36842 8.50001 0.3357833922 2.0194818543    0.335 -1.884  3.5396  4.957    0  0.000  0.545     0.00     0.00     0.00     0.00     0.00 -1 -9.46e-16      0.00 7.332e-01 2.602e-01 1.179e-03 3.181e-04 2.885e-03 -1.000 6.556e-03 9.480 10.144 11.304 9.078
0.0065 -0.36842 8.50001 0.3830494285 2.0944832298    0.382 -1.739  3.5501  4.912    0  0.000  0.545     0.00     0.00     0.00     0.00     0.00 -1  -1.3e-15      0.00 7.332e-01 2.602e-01 1.179e-03 3.181e-04 2.885e-03 -1.000 6.556e-03 9.117 9.720 10.811 8.685
0.0065 -0.36842 8.50001 0.3983872831 2.1162746119    0.398 -1.689  3.5542  4.895    0  0.000  0.545     0.00     0.00     0.00     0.00     0.00 -1 -1.46e-15      0.00 7.332e-01 2.602e-01 1.179e-03 3.181e-04 2.885e-03 -1.000 6.556e-03 8.993 9.573 10.639 8.550
0.0065 -0.36842 8.50001 0.4303154945 2.1583256149    0.429 -1.588  3.5623  4.860    0  0.000  0.545     0.00     0.00     0.00     0.00     0.00 -1 -1.84e-15      0.00 7.332e-01 2.602e-01 1.179e-03 3.181e-04 2.885e-03 -1.000 6.557e-03 8.740 9.274 10.291 8.275
0.0065 -0.36842 8.50001 0.4775815010 2.2136462801    0.477 -1.430  3.5774  4.808    0  0.000  0.545     0.00     0.00     0.00     0.00     0.00 -1 -2.68e-15      0.00 7.332e-01 2.602e-01 1.179e-03 3.181e-04 2.885e-03 -1.000 6.556e-03 8.344 8.799 9.735 7.842
0.0065 -0.36842 8.50001 0.5248475671 2.2616805751    0.524 -1.269  3.5964  4.764    0  0.000  0.545     0.00     0.00     0.00     0.00     0.00 -1 -3.89e-15      0.00 7.337e-01 2.598e-01 1.177e-03 3.176e-04 2.880e-03 -1.000 6.553e-03 7.941 8.310 9.159 7.402
0.0065 -0.36842 8.50001 0.5721135736 2.3011561709    0.571 -1.106  3.6197  4.732    0  0.000  0.545     0.00     0.00     0.00     0.00     0.00 -1 -5.61e-15      0.00 7.341e-01 2.594e-01 1.176e-03 3.172e-04 2.877e-03 -1.000 6.551e-03 7.536 7.815 8.571 6.964
0.0065 -0.36842 8.50001 0.6193795800 2.3337850600    0.619 -0.949  3.6450  4.710    0  0.000  0.545     0.00     0.00     0.00     0.00     0.00 -1 -7.93e-15      0.00 7.342e-01 2.593e-01 1.175e-03 3.171e-04 2.876e-03 -1.000 6.522e-03 7.142 7.322 7.975 6.540
0.0065 -0.36842 8.50001 0.6568183899 2.3558337220    0.656 -0.826  3.6650  4.693    0  0.000  0.545     0.00     0.00     0.00     0.00     0.00 -1 -1.04e-14      0.00 7.344e-01 2.591e-01 1.174e-03 3.169e-04 2.874e-03 -1.000 6.516e-03 6.835 6.935 7.507 6.213
0.0065 -0.36842 8.50001 0.6666456461 2.3611514161    0.666 -0.796  3.6705  4.691    0  0.000  0.545     0.00     0.00     0.00     0.00     0.00 -1 -1.11e-14      0.00 7.344e-01 2.591e-01 1.174e-03 3.169e-04 2.874e-03 -1.000 6.524e-03 6.759 6.838 7.390 6.131
0.0065 -0.36842 8.50001 0.7139116526 2.3843930558    0.714 -0.655  3.6952  4.679    0  0.000  0.543     0.00     0.00     0.00     0.00     0.00 -1 -1.51e-14      0.00 7.345e-01 2.590e-01 1.168e-03 3.166e-04 2.873e-03 -1.000 6.542e-03 6.407 6.409 6.886 5.765
0.0065 -0.36842 8.50001 0.7632793188 2.4051685315    0.763 -0.518  3.7183  4.664    0  0.000  0.538     0.00     0.00     0.00     0.00     0.00 -1 -2.03e-14      0.00 7.347e-01 2.588e-01 1.158e-03 3.161e-04 2.871e-03 -1.000 6.529e-03 6.065 6.016 6.434 5.426
0.0065 -0.36842 8.50001 0.8126469851 2.4230683291    0.812 -0.390  3.7377  4.641    1  0.000  0.538     0.00     0.00     0.00     0.00     0.00 -1 -2.71e-14      0.00 7.350e-01 2.585e-01 1.157e-03 3.159e-04 2.869e-03 -1.000 6.503e-03 5.746 5.667 6.040 5.120
0.0065 -0.36842 8.50001 0.8620146513 2.4386310913    0.861 -0.269  3.7549  4.614    0  0.000  0.538     0.00     0.00     0.00     0.00     0.00 -1 -3.59e-14      0.00 7.353e-01 2.582e-01 1.155e-03 3.154e-04 2.865e-03 -1.000 6.493e-03 5.443 5.349 5.686 4.840
0.0065 -0.36842 8.50001 0.9050015211 2.4506041900    0.904 -0.168  3.7680  4.587    1  0.000  0.537     0.00     0.00     0.00     0.00     0.00 -1 -4.56e-14      0.00 7.358e-01 2.577e-01 1.153e-03 3.150e-04 2.862e-03 -1.000 6.548e-03 5.190 5.091 5.400 4.610
0.0065 -0.36842 8.50001 0.9113822579 2.4522710488    0.911 -0.154  3.7699  4.583    1  0.000  0.537     0.00     0.00     0.00     0.00     0.00 -1 -4.72e-14      0.00 7.358e-01 2.577e-01 1.153e-03 3.151e-04 2.862e-03 -1.000 6.553e-03 5.155 5.054 5.360 4.578
0.0065 -0.36842 8.50001 0.9153853059 2.4533031460    0.915 -0.145  3.7710  4.580    1  0.000  0.537     0.00     0.00     0.00     0.00     0.00 -1 -4.82e-14      0.00 7.359e-01 2.576e-01 1.153e-03 3.150e-04 2.861e-03 -1.000 6.551e-03 5.132 5.031 5.335 4.558
0.0065 -0.36842 8.50001 0.9607499242 2.4643116868    0.960 -0.047  3.7832  4.552    1  0.000  0.538     0.00     0.00     0.00     0.00     0.00 -1 -6.09e-14      0.00 7.365e-01 2.570e-01 1.151e-03 3.142e-04 2.854e-03 -1.000 6.497e-03 4.887 4.785 5.064 4.340
0.0065 -0.36842 8.50001 1.0101175308 2.4750089711    1.010  0.058  3.7950  4.516    0  0.000  0.537     0.00     0.00     0.00     0.00     0.00 -1 -7.76e-14      0.00 7.379e-01 2.557e-01 1.144e-03 3.126e-04 2.840e-03 -1.000 6.416e-03 4.625 4.527 4.782 4.108
0.0065 -0.36842 8.50001 1.0594851971 2.4845680035    1.059  0.159  3.8057  4.479    1  0.000  0.537     0.00     0.00     0.00     0.00     0.00 -1 -9.25e-14      0.00 7.383e-01 2.553e-01 1.145e-03 3.127e-04 2.841e-03 -1.000 6.426e-03 4.374 4.278 4.514 3.884
0.0065 -0.36842 8.50001 1.1088528633 2.4931548576    1.108  0.254  3.8160  4.445    1  0.000  0.537     0.00     0.00     0.00     0.00     0.00 -1 -1.08e-13      0.00 7.383e-01 2.552e-01 1.146e-03 3.130e-04 2.843e-03 -1.000 6.447e-03 4.135 4.043 4.261 3.673
0.0065 -0.36842 8.50001 1.1582205296 2.5009053814    1.157  0.344  3.8262  4.414    1  0.000  0.537     0.00     0.00     0.00     0.00     0.00 -1 -1.24e-13      0.00 7.385e-01 2.551e-01 1.145e-03 3.128e-04 2.842e-03 -1.000 6.450e-03 3.909 3.819 4.020 3.471
0.0065 -0.36842 8.50001 1.2075881958 2.5079316937    1.207  0.430  3.8365  4.388    1  0.000  0.537     0.00     0.00     0.00     0.00     0.00 -1 -1.38e-13      0.00 7.383e-01 2.552e-01 1.145e-03 3.129e-04 2.843e-03 -1.000 6.437e-03 3.696 3.608 3.793 3.284
0.0065 -0.36842 8.50001 1.2569558620 2.5143270928    1.257  0.510  3.8476  4.369    1  0.000  0.537     0.00     0.00     0.00     0.00     0.00 -1  -1.5e-13      0.00 7.384e-01 2.551e-01 1.145e-03 3.128e-04 2.842e-03 -1.000 6.508e-03 3.494 3.410 3.577 3.111
0.0065 -0.36842 8.50001 1.3063235283 2.5201698046    1.306  0.588  3.8602  4.359    1  0.000  0.537     0.00     0.00     0.00     0.00     0.00 -1 -1.58e-13      0.00 7.386e-01 2.549e-01 1.145e-03 3.126e-04 2.840e-03 -1.000 6.450e-03 3.301 3.222 3.370 2.953
0.0065 -0.36842 8.50001 1.3556913137 2.5255258872    1.356  0.661  3.8749  4.361    1  0.000  0.537     0.00     0.00     0.00     0.00     0.00 -1  -1.6e-13      0.00 7.388e-01 2.548e-01 1.144e-03 3.125e-04 2.839e-03 -1.000 6.446e-03 3.117 3.045 3.172 2.811
0.0065 -0.36842 8.50001 1.4050588608 2.5304514246    1.405  0.732  3.8903  4.367    1  0.000  0.537     0.00     0.00     0.00     0.00     0.00 -1 -1.57e-13      0.00 7.389e-01 2.546e-01 1.143e-03 3.123e-04 2.837e-03 -1.000 6.462e-03 2.941 2.878 2.984 2.682
0.0065 -0.36842 8.50001 1.4259971380 2.5324224320    1.426  0.761  3.8968  4.370    1  0.000  0.537     0.00     0.00     0.00     0.00     0.00 -1 -1.54e-13      0.00 7.390e-01 2.545e-01 1.143e-03 3.122e-04 2.837e-03 -1.000 6.456e-03 2.868 2.811 2.907 2.630
0.0065 -0.36842 8.50001 1.4544265270 2.5349944270    1.455  0.800  3.9053  4.374    1  0.000  0.537     0.00     0.00     0.00     0.00     0.00 -1  -1.5e-13      0.00 7.391e-01 2.544e-01 1.143e-03 3.122e-04 2.836e-03 -1.000 6.453e-03 2.770 2.721 2.806 2.562
0.0065 -0.36842 8.50001 1.5037940741 2.5391961074    1.504  0.866  3.9194  4.379    1  0.000  0.537     0.00     0.00     0.00     0.00     0.00 -1 -1.36e-13      0.00 7.393e-01 2.543e-01 1.142e-03 3.120e-04 2.835e-03 -1.000 6.456e-03 2.606 2.575 2.640 2.451
0.0065 -0.36842 8.50001 1.5531616211 2.5430921038    1.553  0.929  3.9326  4.383    1  0.000  0.537     0.00     0.00     0.00     0.00     0.00 -1 -1.15e-13      0.00 7.394e-01 2.541e-01 1.142e-03 3.119e-04 2.834e-03 -1.000 6.456e-03 2.448 2.442 2.491 2.349
0.0065 -0.36842 8.50001 1.5572776794 2.5434041301    1.557  0.934  3.9336  4.383    1  0.000  0.537     0.00     0.00     0.00     0.00     0.00 -1 -1.12e-13      0.00 7.394e-01 2.541e-01 1.142e-03 3.119e-04 2.834e-03 -1.000 6.456e-03 2.435 2.432 2.479 2.341
0.0065 -0.36842 8.50001 1.6025295258 2.5467133709    1.602  0.989  3.9446  4.384    1  0.000  0.537     0.00     0.00     0.00     0.00     0.00 -1 -8.57e-14      0.00 7.395e-01 2.540e-01 1.141e-03 3.117e-04 2.833e-03 -1.000 6.453e-03 2.297 2.322 2.357 2.254
0.0065 -0.36842 8.50001 1.6403540373 2.5493189525    1.640  1.034  3.9530  4.383    1  0.000  0.537     0.00     0.00     0.00     0.00     0.00 -1 -1.84e-14      0.00 7.397e-01 2.539e-01 1.141e-03 3.117e-04 2.832e-03 -1.000 6.440e-03 2.186 2.236 2.263 2.184
0.0065 -0.36842 8.50001 1.6518969536 2.5500868218    1.651  1.047  3.9555  4.383    1  0.000  0.537     0.00     0.00     0.00     0.00     0.00 -1 -1.16e-14      0.00 7.397e-01 2.539e-01 1.141e-03 3.117e-04 2.832e-03 -1.000 6.434e-03 2.152 2.210 2.235 2.163
0.0065 -0.36842 8.50001 1.6593477726 2.5505759532    1.659  1.056  3.9571  4.382    1  0.000  0.537     0.00     0.00     0.00     0.00     0.00 -1 -4.08e-17      0.00 7.397e-01 2.539e-01 1.141e-03 3.116e-04 2.831e-03 -1.000 6.435e-03 2.131 2.194 2.217 2.149
0.0065 -0.36842 8.50001 1.7012647390 2.5532361370    1.700  1.103  3.9654  4.379    1  0.000  0.537     0.00     0.00     0.00     0.00     0.00 -1    -1e-30      0.00 7.398e-01 2.538e-01 1.140e-03 3.116e-04 2.831e-03 -1.000 6.443e-03 2.013 2.105 2.122 2.074
0.0065 -0.36842 8.50001 1.7280497551 2.5548584973    1.727  1.132  3.9704  4.377    1  0.000  0.537     0.00     0.00     0.00     0.00     0.00 -1    -1e-30      0.00 7.398e-01 2.537e-01 1.140e-03 3.116e-04 2.831e-03 -1.000 6.447e-03 1.940 2.050 2.063 2.027
0.0065 -0.36842 8.50001 1.7506322861 2.5561820481    1.750  1.156  3.9745  4.374    1  0.000  0.537     0.00     0.00     0.00     0.00     0.00 -1    -1e-30      0.00 7.399e-01 2.537e-01 1.140e-03 3.115e-04 2.830e-03 -1.000 6.444e-03 1.879 2.005 2.015 1.988
0.0065 -0.36842 8.50001 1.7999999523 2.5589429085    1.799  1.209  3.9830  4.368    1  0.000  0.537     0.00     0.00     0.00     0.00     0.00 -1    -1e-30      0.00 7.399e-01 2.536e-01 1.140e-03 3.114e-04 2.830e-03 -1.000 6.411e-03 1.748 1.909 1.912 1.903
0.0065 -0.36842 8.50001 1.8481006622 2.5614704138    1.847  1.258  3.9907  4.361    1  0.000  0.537     0.00     0.00     0.00     0.00     0.00 -1    -1e-30      0.00 7.400e-01 2.536e-01 1.140e-03 3.114e-04 2.829e-03 -1.000 6.430e-03 1.624 1.818 1.816 1.822
0.0065 -0.36842 8.50001 1.8962011337 2.5638510103    1.895  1.307  3.9980  4.353    1  0.000  0.537     0.00     0.00     0.00     0.00     0.00 -1    -1e-30      0.00 7.400e-01 2.536e-01 1.140e-03 3.113e-04 2.829e-03 -1.000 6.450e-03 1.502 1.728 1.722 1.741
0.0065 -0.36842 8.50001 1.9443018436 2.5660966690    1.944  1.355  4.0050  4.344    1  0.000  0.537     0.00     0.00     0.00     0.00     0.00 -1    -1e-30      0.00 7.400e-01 2.535e-01 1.140e-03 3.113e-04 2.829e-03 -1.000 6.440e-03 1.383 1.641 1.631 1.661
0.0065 -0.36842 8.50001 1.9924024343 2.5682180846    1.992  1.402  4.0117  4.334    1  0.000  0.537     0.00     0.00     0.00     0.00     0.00 -1    -1e-30      0.00 7.401e-01 2.535e-01 1.139e-03 3.113e-04 2.829e-03 -1.000 6.396e-03 1.265 1.554 1.541 1.581
0.0065 -0.36842 8.50001 2.0405030251 2.5702248925    2.040  1.448  4.0180  4.323    1  0.000  0.537     0.00     0.00     0.00     0.00     0.00 -1    -1e-30      0.00 7.401e-01 2.535e-01 1.139e-03 3.113e-04 2.829e-03 -1.000 6.418e-03 1.149 1.468 1.452 1.501
0.0065 -0.36842 8.50001 2.0787892342 2.5717461284    2.078  1.485  4.0228  4.314    1  0.000  0.537     0.00     0.00     0.00     0.00     0.00 -1    -1e-30      0.00 7.401e-01 2.535e-01 1.139e-03 3.113e-04 2.828e-03 -1.000 6.443e-03 1.058 1.400 1.381 1.437
0.0065 -0.36842 8.50001 2.0886034966 2.5721257678    2.088  1.494  4.0240  4.312    1  0.000  0.537     0.00     0.00     0.00     0.00     0.00 -1    -1e-30      0.00 7.401e-01 2.535e-01 1.139e-03 3.113e-04 2.828e-03 -1.000 6.454e-03 1.034 1.383 1.363 1.421
0.0065 -0.36842 8.50001 2.0959284306 2.5724064509    2.095  1.501  4.0249  4.310    1  0.000  0.537     0.00     0.00     0.00     0.00     0.00 -1    -1e-30      0.00 7.401e-01 2.535e-01 1.139e-03 3.113e-04 2.828e-03 -1.000 6.451e-03 1.017 1.370 1.350 1.408
0.0065 -0.36842 8.50001 2.1367044449 2.5739285752    2.135  1.540  4.0297  4.299    1  0.000  0.537     0.00     0.00     0.00     0.00     0.00 -1    -1e-30      0.00 7.401e-01 2.535e-01 1.139e-03 3.113e-04 2.828e-03 -1.000 6.430e-03 0.921 1.297 1.275 1.340
0.0065 -0.36842 8.50001 2.1765935421 2.5753543080    2.175  1.577  4.0341  4.287    1  0.000  0.537     0.00     0.00     0.00     0.00     0.00 -1    -1e-30      0.00 7.401e-01 2.535e-01 1.139e-03 3.113e-04 2.828e-03 -1.000 6.429e-03 0.828 1.227 1.203 1.273
0.0065 -0.36842 8.50001 2.1848049164 2.5756403813    2.183  1.584  4.0350  4.285    1  0.000  0.537     0.00     0.00     0.00     0.00     0.00 -1    -1e-30      0.00 7.401e-01 2.535e-01 1.139e-03 3.113e-04 2.828e-03 -1.000 6.425e-03 0.809 1.212 1.188 1.259
0.0065 -0.36842 8.50001 2.2329053879 2.5772676511    2.231  1.628  4.0401  4.270    1  0.000  0.537     0.00     0.00     0.00     0.00     0.00 -1    -1e-30      0.00 7.401e-01 2.535e-01 1.139e-03 3.113e-04 2.828e-03 -1.000 6.425e-03 0.699 1.127 1.100 1.178
0.0065 -0.36842 8.50001 2.2621991634 2.5782197803    2.261  1.655  4.0430  4.261    1  0.000  0.537     0.00     0.00     0.00     0.00     0.00 -1    -1e-30      0.00 7.401e-01 2.535e-01 1.140e-03 3.113e-04 2.828e-03 -1.000 6.414e-03 0.633 1.076 1.047 1.128
0.0065 -0.36842 8.50001 2.2810058594 2.5788162485    2.280  1.672  4.0448  4.255    1  0.000  0.537     0.00     0.00     0.00     0.00     0.00 -1    -1e-30      0.00 7.401e-01 2.535e-01 1.140e-03 3.113e-04 2.829e-03 -1.000 6.411e-03 0.590 1.042 1.013 1.096
0.0065 -0.36842 8.50001 2.3115484715 2.5797611886    2.310  1.700  4.0476  4.244    1  0.000  0.537     0.00     0.00     0.00     0.00     0.00 -1    -1e-30      0.00 7.401e-01 2.535e-01 1.139e-03 3.113e-04 2.829e-03 -1.000 6.419e-03 0.521 0.988 0.958 1.044
0.0065 -0.36842 8.50001 2.3291068077 2.5802915325    2.328  1.715  4.0491  4.238    1  0.000  0.537     0.00     0.00     0.00     0.00     0.00 -1    -1e-30      0.00 7.401e-01 2.535e-01 1.139e-03 3.113e-04 2.829e-03 -1.000 6.429e-03 0.482 0.956 0.925 1.013
0.0065 -0.36842 8.50001 2.3301324844 2.5803222287    2.329  1.716  4.0492  4.238    1  0.000  0.537     0.00     0.00     0.00     0.00     0.00 -1    -1e-30      0.00 7.401e-01 2.535e-01 1.139e-03 3.113e-04 2.829e-03 -1.000 6.429e-03 0.480 0.954 0.924 1.012
0.0065 -0.36842 8.50001 2.3772072792 2.5816983552    2.376  1.759  4.0530  4.219    1  0.000  0.537     0.00     0.00     0.00     0.00     0.00 -1    -1e-30      0.00 7.401e-01 2.535e-01 1.140e-03 3.113e-04 2.829e-03 -1.000 6.434e-03 0.373 0.867 0.835 0.927
0.0065 -0.36842 8.50001 2.4244592190 2.5830180393    2.423  1.801  4.0567  4.200    1  0.000  0.537     0.00     0.00     0.00     0.00     0.00 -1    -1e-30      0.00 7.388e-01 2.547e-01 1.144e-03 3.125e-04 2.839e-03 -1.000 6.450e-03 0.268 0.781 0.748 0.844
0.0065 -0.36842 8.50001 2.4829862118 2.5845728070    2.482  1.852  4.0606  4.174    1  0.000  0.537     0.00     0.00     0.00     0.00     0.00 -1    -1e-30      0.00 7.372e-01 2.563e-01 1.150e-03 3.141e-04 2.854e-03 -1.000 6.489e-03 0.139 0.671 0.636 0.737
0.0065 -0.36842 8.50001 2.5420899391 2.5860596377    2.541  1.905  4.0638  4.146    1  0.000  0.538     0.00     0.00     0.00     0.00     0.00 -1    -1e-30      0.00 7.354e-01 2.581e-01 1.157e-03 3.158e-04 2.869e-03 -1.000 6.523e-03 0.009 0.558 0.522 0.625
0.0065 -0.36842 8.50001 2.5696098804 2.5867251589    2.568  1.929  4.0651  4.131    1  0.000  0.538     0.00     0.00     0.00     0.00     0.00 -1    -1e-30      0.00 7.345e-01 2.590e-01 1.160e-03 3.167e-04 2.877e-03 -1.000 6.541e-03 -0.052 0.504 0.467 0.573
0.0065 -0.36842 8.50001 2.5707581043 2.5867525707    2.570  1.930  4.0652  4.131    1  0.000  0.538     0.00     0.00     0.00     0.00     0.00 -1    -1e-30      0.00 7.345e-01 2.590e-01 1.160e-03 3.167e-04 2.877e-03 -1.000 6.541e-03 -0.054 0.502 0.465 0.571
0.0065 -0.36842 8.50001 2.6168694496 2.5878305781    2.616  1.971  4.0664  4.103    1  0.000  0.538     0.00     0.00     0.00     0.00     0.00 -1    -1e-30      0.00 7.342e-01 2.592e-01 1.161e-03 3.169e-04 2.879e-03 -1.000 6.539e-03 -0.157 0.406 0.368 0.475
0.0065 -0.36842 8.50001 2.6729240417 2.5890836113    2.672  2.021  4.0670  4.064    1  0.000  0.538     0.00     0.00     0.00     0.00     0.00 -1    -1e-30      0.00 7.339e-01 2.596e-01 1.162e-03 3.172e-04 2.881e-03 -1.000 6.543e-03 -0.283 0.283 0.245 0.352
0.0065 -0.36842 8.50001 2.7235724926 2.5901649355    2.723  2.067  4.0665  4.024    1  0.000  0.538     0.00     0.00     0.00     0.00     0.00 -1    -1e-30      0.00 7.336e-01 2.599e-01 1.163e-03 3.174e-04 2.884e-03 -1.000 6.551e-03 -0.397 0.165 0.127 0.235
0.0065 -0.36842 8.50001 2.7620122433 2.5909552383    2.761  2.102  4.0652  3.990    1  0.000  0.538     0.00     0.00     0.00     0.00     0.00 -1    -1e-30      0.00 7.333e-01 2.601e-01 1.164e-03 3.177e-04 2.886e-03 -1.000 6.556e-03 -0.485 0.070 0.033 0.139
0.0065 -0.36842 8.50001 2.7800526619 2.5913174867    2.779  2.118  4.0644  3.973    1  0.000  0.538     0.00     0.00     0.00     0.00     0.00 -1    -1e-30      0.00 7.333e-01 2.601e-01 1.164e-03 3.177e-04 2.886e-03 -1.000 6.556e-03 -0.526 0.025 -0.012 0.093
0.0065 -0.36842 8.50001 2.8275153637 2.5922451900    2.827  2.162  4.0607  3.922    1  0.000  0.538     0.00     0.00     0.00     0.00     0.00 -1    -1e-30      0.00 7.333e-01 2.601e-01 1.164e-03 3.177e-04 2.886e-03 -1.000 6.556e-03 -0.635 -0.104 -0.140 -0.038
0.0065 -0.36842 8.50001 2.8691961765 2.5930308391    2.868  2.200  4.0559  3.871    1  0.000  0.538     0.00     0.00     0.00     0.00     0.00 -1    -1e-30      0.00 7.333e-01 2.601e-01 1.164e-03 3.177e-04 2.886e-03 -1.000 6.556e-03 -0.731 -0.226 -0.261 -0.163
0.0065 -0.36842 8.50001 2.9108397961 2.5937900028    2.910  2.239  4.0490  3.811    1  0.000  0.538     0.00     0.00     0.00     0.00     0.00 -1    -1e-30      0.00 7.333e-01 2.601e-01 1.164e-03 3.177e-04 2.886e-03 -1.000 6.556e-03 -0.828 -0.359 -0.391 -0.301
0.0065 -0.36842 8.50001 2.9389793873 2.5942890041    2.938  2.266  4.0424  3.762    1  0.000  0.538     0.00     0.00     0.00     0.00     0.00 -1    -1e-30      0.00 7.333e-01 2.601e-01 1.164e-03 3.177e-04 2.886e-03 -1.000 6.556e-03 -0.895 -0.459 -0.489 -0.405
0.0065 -0.36842 8.50001 2.9544148445 2.5945580841    2.953  2.281  4.0384  3.733    1  0.000  0.538     0.00     0.00     0.00     0.00     0.00 -1    -1e-30      0.00 7.333e-01 2.601e-01 1.164e-03 3.177e-04 2.886e-03 -1.000 6.556e-03 -0.932 -0.517 -0.546 -0.466
0.0065 -0.36842 8.50001 2.9747796059 2.5949081859    2.974  2.300  4.0328  3.695    1  0.000  0.538     0.00     0.00     0.00     0.00     0.00 -1    -1e-30      0.00 7.333e-01 2.601e-01 1.164e-03 3.177e-04 2.886e-03 -1.000 6.557e-03 -0.980 -0.593 -0.620 -0.546
0.0065 -0.36842 8.50001 2.9982106686 2.5953042432    2.997  2.323  4.0253  3.645    1  0.000  0.538     0.00     0.00     0.00     0.00     0.00 -1    -1e-30      0.00 7.333e-01 2.601e-01 1.164e-03 3.177e-04 2.886e-03 -1.000 6.556e-03 -1.037 -0.688 -0.712 -0.646
0.0065 -0.36842 8.50001 3.0195946693 2.5956595365    3.018  2.346  4.0183  3.597    1  0.000  0.538     0.00     0.00     0.00     0.00     0.00 -1    -1e-30      0.00 7.333e-01 2.601e-01 1.164e-03 3.177e-04 2.886e-03 -1.000 6.556e-03 -1.095 -0.780 -0.802 -0.743
0.0065 -0.36842 8.50001 3.0345783234 2.5959050603    3.033  2.365  4.0157  3.570    1  0.000  0.538     0.00     0.00     0.00     0.00     0.00 -1    -1e-30      0.00 7.333e-01 2.601e-01 1.164e-03 3.177e-04 2.886e-03 -1.000 6.556e-03 -1.142 -0.840 -0.860 -0.804
0.0065 -0.36842 8.50001 3.0468935966 2.5961047819    3.046  2.394  4.0272  3.589    1  0.000  0.538     0.00     0.00     0.00     0.00     0.00 -1    -1e-30      0.00 7.333e-01 2.601e-01 1.164e-03 3.177e-04 2.886e-03 -1.000 6.556e-03 -1.215 -0.856 -0.881 -0.813
0.0065 -0.36842 8.50001 3.0496678352 2.5961495169    3.048  2.408  4.0363  3.611    1  0.000  0.538     0.00     0.00     0.00     0.00     0.00 -1    -1e-30      0.00 7.333e-01 2.601e-01 1.164e-03 3.177e-04 2.886e-03 -1.000 6.556e-03 -1.249 -0.846 -0.874 -0.796
0.0065 -0.36842 8.50001 3.0510323048 2.5961714849    3.050  2.422  4.0461  3.637    1  0.000  0.538     0.00     0.00     0.00     0.00     0.00 -1    -1e-30      0.00 7.333e-01 2.601e-01 1.164e-03 3.177e-04 2.886e-03 -1.000 6.556e-03 -1.284 -0.831 -0.863 -0.775
0.0065 -0.36842 8.50001 3.0518865585 2.5961852268    3.051  2.440  4.0577  3.666    1  0.000  0.538     0.00     0.00     0.00     0.00     0.00 -1    -1e-30      0.00 7.333e-01 2.601e-01 1.164e-03 3.177e-04 2.886e-03 -1.000 6.556e-03 -1.329 -0.817 -0.852 -0.753
0.0065 -0.36842 8.50001 3.0523407459 2.5961925295    3.051  2.460  4.0688  3.690    1  0.000  0.538     0.00     0.00     0.00     0.00     0.00 -1    -1e-30      0.00 7.333e-01 2.601e-01 1.164e-03 3.177e-04 2.886e-03 -1.000 6.556e-03 -1.381 -0.810 -0.849 -0.739
0.0065 -0.36842 8.50001 3.0526068211 2.5961968065    3.051  2.476  4.0768  3.706    1  0.000  0.538     0.00     0.00     0.00     0.00     0.00 -1    -1e-30      0.00 7.333e-01 2.601e-01 1.164e-03 3.177e-04 2.886e-03 -1.000 6.556e-03 -1.419 -0.806 -0.848 -0.731
0.0065 -0.36842 8.50001 3.0526587963 2.5961976418    3.051  2.478  4.0783  3.709    1  0.000  0.538     0.00     0.00     0.00     0.00     0.00 -1    -1e-30      0.00 7.333e-01 2.601e-01 1.164e-03 3.177e-04 2.886e-03 -1.000 6.556e-03 -1.425 -0.804 -0.847 -0.728
0.0065 -0.36842 8.50001 3.0528070927 2.5962000251    3.051  2.446  4.0698  3.707    2  0.000  0.538     0.00     0.00     0.00     0.00     0.00 -1    -1e-30      0.00 7.333e-01 2.601e-01 1.164e-03 3.177e-04 2.886e-03 -1.000 6.556e-03 -1.346 -0.770 -0.810 -0.699
0.0065 -0.36842 8.50001 3.0529029369 2.5962015653    3.052  2.426  4.0602  3.689    2  0.000  0.538     0.00     0.00     0.00     0.00     0.00 -1    -1e-30      0.00 7.333e-01 2.601e-01 1.164e-03 3.177e-04 2.886e-03 -1.000 6.556e-03 -1.295 -0.769 -0.806 -0.704
0.0065 -0.36842 8.50001 3.0530164242 2.5962033889    3.052  2.419  4.0485  3.649    2  0.000  0.538     0.00     0.00     0.00     0.00     0.00 -1    -1e-30      0.00 7.333e-01 2.601e-01 1.164e-03 3.177e-04 2.886e-03 -1.000 6.556e-03 -1.278 -0.813 -0.846 -0.755
0.0065 -0.36842 8.50001 3.0531413555 2.5962053961    3.052  2.429  4.0373  3.595    2  0.000  0.538     0.00     0.00     0.00     0.00     0.00 -1    -1e-30      0.00 7.333e-01 2.601e-01 1.164e-03 3.177e-04 2.886e-03 -1.000 6.556e-03 -1.302 -0.894 -0.923 -0.843
0.0065 -0.36842 8.50001 3.0532879829 2.5962077517    3.052  2.443  4.0258  3.535    2  0.000  0.538     0.00     0.00     0.00     0.00     0.00 -1    -1e-30      0.00 7.333e-01 2.601e-01 1.164e-03 3.177e-04 2.886e-03 -1.000 6.556e-03 -1.338 -0.987 -1.012 -0.944
0.0065 -0.36842 8.50001 3.0534520149 2.5962103866    3.052  2.455  4.0143  3.477    2  0.000  0.538     0.00     0.00     0.00     0.00     0.00 -1    -1e-30      0.00 7.333e-01 2.601e-01 1.164e-03 3.177e-04 2.886e-03 -1.000 6.556e-03 -1.367 -1.072 -1.093 -1.038
0.0065 -0.36842 8.50001 3.0536293983 2.5962132357    3.052  2.463  4.0027  3.423    2  0.000  0.538     0.00     0.00     0.00     0.00     0.00 -1    -1e-30      0.00 7.333e-01 2.601e-01 1.164e-03 3.177e-04 2.886e-03 -1.000 6.556e-03 -1.387 -1.146 -1.162 -1.121
0.0065 -0.36842 8.50001 3.0538175106 2.5962162566    3.052  2.467  3.9911  3.371    2  0.000  0.538     0.00     0.00     0.00     0.00     0.00 -1    -1e-30      0.00 7.333e-01 2.601e-01 1.164e-03 3.177e-04 2.886e-03 -1.000 6.556e-03 -1.398 -1.212 -1.222 -1.196
0.0065 -0.36842 8.50001 3.0540139675 2.5962194110    3.053  2.470  3.9794  3.322    2  0.000  0.538     0.00     0.00     0.00     0.00     0.00 -1    -1e-30      0.00 7.333e-01 2.601e-01 1.164e-03 3.177e-04 2.886e-03 -1.000 6.556e-03 -1.405 -1.269 -1.274 -1.264
0.0065 -0.36842 8.50001 3.0542156696 2.5962226492    3.053  2.471  3.9676  3.274    2  0.000  0.538     0.00     0.00     0.00     0.00     0.00 -1    -1e-30      0.00 7.333e-01 2.601e-01 1.164e-03 3.177e-04 2.886e-03 -1.000 6.556e-03 -1.407 -1.320 -1.318 -1.328
0.0065 -0.36842 8.50001 3.0544180870 2.5962258984    3.053  2.470  3.9558  3.228    2  0.000  0.538     0.00     0.00     0.00     0.00     0.00 -1    -1e-30      0.00 7.333e-01 2.601e-01 1.164e-03 3.177e-04 2.886e-03 -1.000 6.556e-03 -1.406 -1.365 -1.355 -1.387
0.0065 -0.36842 8.50001 3.0546188354 2.5962291203    3.053  2.469  3.9440  3.182    2  0.000  0.538     0.00     0.00     0.00     0.00     0.00 -1    -1e-30      0.00 7.333e-01 2.601e-01 1.164e-03 3.177e-04 2.886e-03 -1.000 6.556e-03 -1.402 -1.403 -1.385 -1.441
0.0065 -0.36842 8.50001 3.0548145771 2.5962322614    3.053  2.466  3.9320  3.137    2  0.000  0.538     0.00     0.00     0.00     0.00     0.00 -1    -1e-30      0.00 7.333e-01 2.601e-01 1.164e-03 3.177e-04 2.886e-03 -1.000 6.556e-03 -1.396 -1.434 -1.407 -1.491
0.0065 -0.36842 8.50001 3.0550034046 2.5962352911    3.054  2.463  3.9201  3.092    2  0.000  0.538     0.00     0.00     0.00     0.00     0.00 -1    -1e-30      0.00 7.333e-01 2.601e-01 1.164e-03 3.177e-04 2.886e-03 -1.000 6.556e-03 -1.387 -1.456 -1.417 -1.534
0.0065 -0.36842 8.50001 3.0551838875 2.5962381865    3.054  2.459  3.9081  3.048    2  0.000  0.538     0.00     0.00     0.00     0.00     0.00 -1    -1e-30      0.00 7.333e-01 2.601e-01 1.164e-03 3.177e-04 2.886e-03 -1.000 6.556e-03 -1.377 -1.469 -1.417 -1.572
0.0065 -0.36842 8.50001 3.0553550720 2.5962409324    3.054  2.454  3.8961  3.005    2  0.000  0.538     0.00     0.00     0.00     0.00     0.00 -1    -1e-30      0.00 7.333e-01 2.601e-01 1.164e-03 3.177e-04 2.886e-03 -1.000 6.556e-03 -1.365 -1.475 -1.409 -1.606
0.0065 -0.36842 8.50001 3.0555167198 2.5962435250    3.054  2.449  3.8840  2.962    2  0.000  0.538     0.00     0.00     0.00     0.00     0.00 -1    -1e-30      0.00 7.333e-01 2.601e-01 1.164e-03 3.177e-04 2.886e-03 -1.000 6.556e-03 -1.352 -1.475 -1.390 -1.637
0.0065 -0.36842 8.50001 3.0556693077 2.5962459720    3.054  2.443  3.8719  2.920    2  0.000  0.538     0.00     0.00     0.00     0.00     0.00 -1    -1e-30      0.00 7.333e-01 2.601e-01 1.164e-03 3.177e-04 2.886e-03 -1.000 6.556e-03 -1.337 -1.469 -1.365 -1.664
0.0065 -0.36842 8.50001 3.0558121204 2.5962482619    3.054  2.436  3.8598  2.878    2  0.000  0.538     0.00     0.00     0.00     0.00     0.00 -1    -1e-30      0.00 7.333e-01 2.601e-01 1.164e-03 3.177e-04 2.886e-03 -1.000 6.556e-03 -1.320 -1.459 -1.335 -1.687
0.0065 -0.36842 8.50001 3.0559463501 2.5962504140    3.055  2.429  3.8477  2.837    2  0.000  0.538     0.00     0.00     0.00     0.00     0.00 -1    -1e-30      0.00 7.333e-01 2.601e-01 1.164e-03 3.177e-04 2.886e-03 -1.000 6.556e-03 -1.303 -1.444 -1.300 -1.704
0.0065 -0.36842 8.50001 3.0560722351 2.5962524322    3.055  2.422  3.8356  2.796    2  0.000  0.538     0.00     0.00     0.00     0.00     0.00 -1    -1e-30      0.00 7.333e-01 2.601e-01 1.164e-03 3.177e-04 2.886e-03 -1.000 6.556e-03 -1.284 -1.426 -1.261 -1.718
0.0065 -0.36842 8.50001 3.0561907291 2.5962543316    3.055  2.414  3.8234  2.755    2  0.000  0.538     0.00     0.00     0.00     0.00     0.00 -1    -1e-30      0.00 7.333e-01 2.601e-01 1.164e-03 3.177e-04 2.886e-03 -1.000 6.556e-03 -1.264 -1.405 -1.219 -1.728
0.0065 -0.36842 8.50001 3.0563020706 2.5962561163    3.055  2.405  3.8114  2.715    2  0.000  0.538     0.00     0.00     0.00     0.00     0.00 -1    -1e-30      0.00 7.333e-01 2.601e-01 1.164e-03 3.177e-04 2.886e-03 -1.000 6.556e-03 -1.243 -1.382 -1.174 -1.736
0.0065 -0.36842 8.50001 3.0564074516 2.5962578052    3.055  2.396  3.7996  2.677    2  0.000  0.538     0.00     0.00     0.00     0.00     0.00 -1    -1e-30      0.00 7.333e-01 2.601e-01 1.164e-03 3.177e-04 2.886e-03 -1.000 6.556e-03 -1.221 -1.355 -1.124 -1.740
0.0065 -0.36842 8.50001 3.0565085411 2.5962594253    3.055  2.387  3.7882  2.641    2  0.000  0.538     0.00     0.00     0.00     0.00     0.00 -1    -1e-30      0.00 7.333e-01 2.601e-01 1.164e-03 3.177e-04 2.886e-03 -1.000 6.556e-03 -1.197 -1.325 -1.072 -1.738
0.0065 -0.36842 8.50001 3.0566129684 2.5962610987    3.055  2.376  3.7772  2.608    2  0.000  0.538     0.00     0.00     0.00     0.00     0.00 -1    -1e-30      0.00 7.333e-01 2.601e-01 1.164e-03 3.177e-04 2.886e-03 -1.000 6.556e-03 -1.170 -1.289 -1.014 -1.730
0.0065 -0.36842 8.50001 3.0567300320 2.5962629745    3.055  2.362  3.7662  2.578    2  0.000  0.538     0.00     0.00     0.00     0.00     0.00 -1    -1e-30      0.00 7.333e-01 2.601e-01 1.164e-03 3.177e-04 2.886e-03 -1.000 6.556e-03 -1.134 -1.244 -0.944 -1.712
0.0065 -0.36842 8.50001 3.0568780899 2.5962653467    3.056  2.341  3.7555  2.556    2  0.000  0.538     0.00     0.00     0.00     0.00     0.00 -1    -1e-30      0.00 7.333e-01 2.601e-01 1.164e-03 3.177e-04 2.886e-03 -1.000 6.556e-03 -1.082 -1.179 -0.857 -1.673
0.0065 -0.36842 8.50001 3.0570213795 2.5962676422    3.056  2.318  3.7469  2.545    2  0.000  0.538     0.00     0.00     0.00     0.00     0.00 -1    -1e-30      0.00 7.333e-01 2.601e-01 1.164e-03 3.177e-04 2.886e-03 -1.000 6.556e-03 -1.025 -1.110 -0.771 -1.623
0.0065 -0.36842 8.50001 3.0571806431 2.5962701933    3.056  2.290  3.7386  2.540    2  0.000  0.538     0.00     0.00     0.00     0.00     0.00 -1    -1e-30      0.00 7.333e-01 2.601e-01 1.164e-03 3.177e-04 2.886e-03 -1.000 6.556e-03 -0.954 -1.028 -0.672 -1.558
0.0065 -0.36842 8.50001 3.0573427677 2.5962727900    3.056  2.262  3.7309  2.537    2  0.000  0.538     0.00     0.00     0.00     0.00     0.00 -1    -1e-30      0.00 7.333e-01 2.601e-01 1.164e-03 3.177e-04 2.886e-03 -1.000 6.556e-03 -0.885 -0.946 -0.574 -1.494
0.0065 -0.36842 8.50001 3.0575242043 2.5962756956    3.056  2.240  3.7227  2.526    2  0.000  0.538     0.00     0.00     0.00     0.00     0.00 -1    -1e-30      0.00 7.333e-01 2.601e-01 1.164e-03 3.177e-04 2.886e-03 -1.000 6.556e-03 -0.830 -0.878 -0.487 -1.443
0.0065 -0.36842 8.50001 3.0576553345 2.5962777953    3.056  2.231  3.7168  2.511    2  0.000  0.538     0.00     0.00     0.00     0.00     0.00 -1    -1e-30      0.00 7.333e-01 2.601e-01 1.164e-03 3.177e-04 2.886e-03 -1.000 6.556e-03 -0.807 -0.844 -0.440 -1.423
0.0065 -0.36842 8.50001 3.0577869415 2.5962799024    3.056  2.243  3.7114  2.478    3  0.000  0.538     0.00     0.00     0.00     0.00     0.00 -1    -1e-30      0.00 7.333e-01 2.601e-01 1.164e-03 3.177e-04 2.886e-03 -1.000 6.557e-03 -0.837 -0.864 -0.447 -1.454
0.0065 -0.36842 8.50001 3.0579776764 2.5962829559    3.057  2.275  3.7040  2.416    3  0.000  0.537     0.00     0.00     0.00     0.00     0.00 -1    -1e-30      0.00 7.333e-01 2.602e-01 1.163e-03 3.178e-04 2.886e-03 -1.000 6.556e-03 -0.918 -0.929 -0.495 -1.536
0.0065 -0.36842 8.50001 3.0581479073 2.5962856807    3.057  2.314  3.6985  2.355    3  0.000  0.535     0.00     0.00     0.00     0.00     0.00 -1    -1e-30      0.00 7.332e-01 2.603e-01 1.158e-03 3.198e-04 2.886e-03 -1.000 6.556e-03 -1.014 -1.013 -0.565 -1.632
0.0065 -0.36842 8.50001 3.0583105087 2.5962882831    3.057  2.347  3.6944  2.306    3  0.000  0.525     0.00     0.00     0.00     0.00     0.00 -1    -1e-30      0.00 7.330e-01 2.604e-01 1.137e-03 3.313e-04 2.886e-03 -1.000 6.556e-03 -1.099 -1.087 -0.629 -1.717
0.0065 -0.36842 8.50001 3.0585138798 2.5962915376    3.057  2.382  3.6906  2.255    3  0.000  0.497     0.00     0.00     0.00     0.00     0.00 -1    -1e-30      0.00 7.328e-01 2.606e-01 1.077e-03 3.898e-04 2.886e-03 -1.000 6.561e-03 -1.185 -1.165 -0.696 -1.803
0.0065 -0.36842 8.50001 3.0588390827 2.5962967406    3.057  2.428  3.6859  2.191    3  0.000  0.447     0.00     0.00     0.00     0.00     0.00 -1    -1e-30      0.00 7.325e-01 2.609e-01 9.665e-04 5.195e-04 2.886e-03 -1.000 6.601e-03 -1.300 -1.266 -0.784 -1.915
0.0065 -0.36842 8.50001 3.0589609146 2.5962986895    3.058  2.444  3.6843  2.169    3  0.000  0.430     0.00     0.00     0.00     0.00     0.00 -1    -1e-30      0.00 7.324e-01 2.610e-01 9.314e-04 5.625e-04 2.886e-03 -1.000 6.619e-03 -1.340 -1.302 -0.815 -1.955
0.0065 -0.36842 8.50001 3.0590698719 2.5963004323    3.058  2.458  3.6829  2.149    3  0.000  0.420     0.00     0.00     0.00     0.00     0.00 -1    -1e-30      0.00 7.323e-01 2.611e-01 9.064e-04 5.932e-04 2.886e-03 -1.000 6.608e-03 -1.374 -1.333 -0.843 -1.989
0.0065 -0.36842 8.50001 3.0590918064 2.5963007832    3.058  2.461  3.6827  2.146    3  0.000  0.417     0.00     0.00     0.00     0.00     0.00 -1    -1e-30      0.00 7.323e-01 2.611e-01 9.016e-04 5.992e-04 2.886e-03 -1.000 6.609e-03 -1.381 -1.339 -0.848 -1.996
0.0065 -0.36842 8.50001 3.0591838360 2.5963022551    3.058  2.472  3.6816  2.130    3  0.000  0.409     0.00     0.00     0.00     0.00     0.00 -1    -1e-30      0.00 7.322e-01 2.612e-01 8.845e-04 6.202e-04 2.886e-03 -1.000 6.601e-03 -1.411 -1.365 -0.871 -2.024
0.0065 -0.36842 8.50001 3.0595061779 2.5963074097    3.058  2.513  3.6779  2.074    3  0.000  0.387     3.39     2.67     2.02     1.47     1.20  4    -1e-30      0.00 7.319e-01 2.615e-01 8.360e-04 6.802e-04 2.885e-03 -1.000 6.588e-03 -1.513 -1.456 -0.952 -2.124
0.0065 -0.36842 8.50001 3.0598745346 2.5963132987    3.059  2.560  3.6737  2.010    3  0.000  0.370     3.85     2.99     2.25     1.64     1.34  4    -1e-30      0.00 7.313e-01 2.622e-01 7.965e-04 7.393e-04 2.873e-03 -1.000 6.593e-03 -1.630 -1.560 -1.044 -2.239
0.0065 -0.36842 8.50001 3.0601966381 2.5963184469    3.059  2.601  3.6702  1.955    3  0.000  0.363     4.30     3.31     2.48     1.81     1.48  4    -1e-30      0.00 7.297e-01 2.637e-01 7.712e-04 8.049e-04 2.833e-03 -1.000 6.606e-03 -1.733 -1.653 -1.126 -2.340
0.0065 -0.36842 8.50001 3.0605187416 2.5963235938    3.059  2.643  3.6669  1.901    3  0.000  0.362     4.79     3.65     2.72     1.99     1.62  4    -1e-30      0.00 7.261e-01 2.672e-01 7.505e-04 8.896e-04 2.765e-03 -1.000 6.637e-03 -1.836 -1.746 -1.208 -2.441
0.0065 -0.36842 8.50001 3.0608863831 2.5963294669    3.060  2.690  3.6632  1.839    3  0.000  0.361     5.42     4.08     3.03     2.22     1.81  4    -1e-30      0.00 7.207e-01 2.727e-01 7.314e-04 9.727e-04 2.697e-03 -1.000 6.587e-03 -1.955 -1.852 -1.302 -2.556
0.0065 -0.36842 8.50001 3.0612082481 2.5963346074    3.060  2.732  3.6599  1.784    3  0.000  0.361     6.05     4.51     3.33     2.44     2.00  4    -1e-30      0.00 7.155e-01 2.778e-01 7.179e-04 1.032e-03 2.649e-03 -1.000 6.622e-03 -2.059 -1.944 -1.385 -2.656
0.0065 -0.36842 8.50001 3.0615756512 2.5963404736    3.060  2.780  3.6562  1.721    3  0.000  0.361     6.86     5.06     3.71     2.73     2.23  4    -1e-30      0.00 7.103e-01 2.831e-01 7.064e-04 1.083e-03 2.608e-03 -1.000 6.617e-03 -2.179 -2.050 -1.479 -2.771
0.0065 -0.36842 8.50001 3.0619430542 2.5963463382    3.061  2.826  3.6524  1.659    3  0.000  0.361     7.76     5.65     4.13     3.04     2.48  4    -1e-30      0.00 7.060e-01 2.874e-01 6.982e-04 1.118e-03 2.578e-03 -1.000 6.602e-03 -2.296 -2.151 -1.568 -2.881
0.0065 -0.36842 8.50001 3.0623090267 2.5963521784    3.061  2.859  3.6499  1.617    3  0.000  0.361     8.45     6.10     4.44     3.27     2.68  4    -1e-30      0.00 7.033e-01 2.901e-01 6.932e-04 1.140e-03 2.560e-03 -1.000 6.604e-03 -2.376 -2.222 -1.631 -2.957
0.0065 -0.36842 8.50001 3.0623741150 2.5963532169    3.061  2.862  3.6496  1.612    3  0.000  0.361     8.52     6.15     4.48     3.30     2.70  4    -1e-30      0.00 7.029e-01 2.905e-01 6.927e-04 1.143e-03 2.558e-03 -1.000 6.610e-03 -2.385 -2.229 -1.637 -2.965
0.0065 -0.36842 8.50001 3.0628228188 2.5963603747    3.061  2.853  3.6504  1.624    3  0.000  0.361     8.32     6.02     4.39     3.23     2.64  4    -1e-30      0.00 7.029e-01 2.905e-01 6.926e-04 1.143e-03 2.558e-03 -1.000 6.591e-03 -2.363 -2.210 -1.621 -2.944
0.0065 -0.36842 8.50001 3.0652563572 2.5963991532    3.064  2.812  3.6541  1.680    4  0.000  0.361     0.00     0.00     0.00     0.00     0.00 -1    -1e-30      0.00 7.029e-01 2.905e-01 6.927e-04 1.143e-03 2.558e-03 -1.000 6.583e-03 -2.261 -2.123 -1.545 -2.849
0.0065 -0.36842 8.50001 3.0675902367 2.5964362772    3.066  2.773  3.6575  1.733    4  0.000  0.361     0.00     0.00     0.00     0.00     0.00 -1    -1e-30      0.00 7.030e-01 2.905e-01 6.927e-04 1.143e-03 2.558e-03 -1.000 6.584e-03 -2.164 -2.040 -1.473 -2.758
0.0065 -0.36842 8.50001 3.0693595409 2.5964643775    3.068  2.739  3.6606  1.780    4  0.000  0.361     0.00     0.00     0.00     0.00     0.00 -1    -1e-30      0.00 7.030e-01 2.904e-01 6.927e-04 1.143e-03 2.558e-03 -1.000 6.584e-03 -2.077 -1.965 -1.407 -2.675
0.0065 -0.36842 8.50001 3.0713267326 2.5964955769    3.070  2.692  3.6646  1.844    4  0.000  0.361     0.00     0.00     0.00     0.00     0.00 -1    -1e-30      0.00 7.030e-01 2.904e-01 6.927e-04 1.143e-03 2.558e-03 -1.000 6.584e-03 -1.960 -1.861 -1.316 -2.563
0.0065 -0.36842 8.50001 3.0727119446 2.5965175186    3.071  2.654  3.6678  1.894    4  0.000  0.361     0.00     0.00     0.00     0.00     0.00 -1    -1e-30      0.00 7.030e-01 2.904e-01 6.927e-04 1.143e-03 2.558e-03 -1.000 6.585e-03 -1.866 -1.778 -1.243 -2.471
0.0065 -0.36842 8.50001 3.0739705563 2.5965374353    3.073  2.618  3.6709  1.943    4  0.000  0.361     0.00     0.00     0.00     0.00     0.00 -1    -1e-30      0.00 7.030e-01 2.904e-01 6.927e-04 1.143e-03 2.558e-03 -1.000 6.585e-03 -1.775 -1.697 -1.172 -2.383
0.0065 -0.36842 8.50001 3.0752394199 2.5965574952    3.074  2.581  3.6741  1.993    4  0.000  0.361     0.00     0.00     0.00     0.00     0.00 -1    -1e-30      0.00 7.030e-01 2.904e-01 6.927e-04 1.143e-03 2.558e-03 -1.000 6.585e-03 -1.683 -1.615 -1.099 -2.293
0.0065 -0.36842 8.50001 3.0765378475 2.5965780028    3.075  2.545  3.6773  2.041    4  0.000  0.361     0.00     0.00     0.00     0.00     0.00 -1    -1e-30      0.00 7.030e-01 2.904e-01 6.928e-04 1.143e-03 2.558e-03 -1.000 6.586e-03 -1.593 -1.535 -1.029 -2.205
0.0065 -0.36842 8.50001 3.0779581070 2.5966004119    3.077  2.509  3.6805  2.091    4  0.000  0.361     0.00     0.00     0.00     0.00     0.00 -1    -1e-30      0.00 7.030e-01 2.904e-01 6.928e-04 1.143e-03 2.558e-03 -1.000 6.586e-03 -1.503 -1.454 -0.957 -2.116
0.0065 -0.36842 8.50001 3.0795888901 2.5966261133    3.078  2.473  3.6839  2.141    4  0.000  0.361     0.00     0.00     0.00     0.00     0.00 -1    -1e-30      0.00 7.030e-01 2.904e-01 6.928e-04 1.143e-03 2.558e-03 -1.000 6.586e-03 -1.412 -1.374 -0.886 -2.028
0.0065 -0.36842 8.50001 3.0815737247 2.5966573525    3.080  2.438  3.6876  2.191    4  0.000  0.361     0.00     0.00     0.00     0.00     0.00 -1    -1e-30      0.00 7.031e-01 2.904e-01 6.928e-04 1.143e-03 2.558e-03 -1.000 6.587e-03 -1.324 -1.295 -0.818 -1.941
0.0065 -0.36842 8.50001 3.0844902992 2.5967031723    3.083  2.400  3.6920  2.247    4  0.000  0.361     0.00     0.00     0.00     0.00     0.00 -1    -1e-30      0.00 7.031e-01 2.903e-01 6.928e-04 1.143e-03 2.558e-03 -1.000 6.588e-03 -1.231 -1.214 -0.749 -1.849
0.0065 -0.36842 8.50001 3.0891811848 2.5967766582    3.088  2.370  3.6979  2.302    4  0.000  0.361     0.00     0.00     0.00     0.00     0.00 -1    -1e-30      0.00 7.031e-01 2.903e-01 6.929e-04 1.143e-03 2.558e-03 -1.000 6.589e-03 -1.154 -1.152 -0.702 -1.773
0.0065 -0.36842 8.50001 3.0925371647 2.5968290745    3.091  2.359  3.7017  2.328    4  0.000  0.361     0.00     0.00     0.00     0.00     0.00 -1    -1e-30      0.00 7.031e-01 2.903e-01 6.929e-04 1.143e-03 2.558e-03 -1.000 6.589e-03 -1.128 -1.135 -0.694 -1.747
0.0065 -0.36842 8.50001 3.0970261097 2.5968989823    3.096  2.376  3.7069  2.332    5  0.000  0.361     0.00     0.00     0.00     0.00     0.00 -1    -1e-30      0.00 7.032e-01 2.903e-01 6.929e-04 1.143e-03 2.558e-03 -1.000 6.591e-03 -1.170 -1.189 -0.761 -1.790
0.0065 -0.36842 8.50001 3.1021401882 2.5969783420    3.101  2.404  3.7127  2.328    5  0.000  0.361     0.00     0.00     0.00     0.00     0.00 -1    -1e-30      0.00 7.032e-01 2.902e-01 6.930e-04 1.143e-03 2.558e-03 -1.000 6.592e-03 -1.239 -1.270 -0.855 -1.859
0.0065 -0.36842 8.50001 3.1228904724 2.5972972779    3.121  2.473  3.7201  2.292    5  0.000  0.361     0.00     0.00     0.00     0.00     0.00 -1    -1e-30      0.00 7.033e-01 2.901e-01 6.932e-04 1.143e-03 2.558e-03 -1.000 6.597e-03 -1.413 -1.459 -1.061 -2.032
0.0065 -0.36842 8.50001 3.1468172073 2.5976590386    3.145  2.528  3.7221  2.247    5  0.000  0.361     0.00     0.00     0.00     0.00     0.00 -1    -1e-30      0.00 7.035e-01 2.899e-01 6.934e-04 1.143e-03 2.557e-03 -1.000 6.602e-03 -1.551 -1.602 -1.207 -2.170
0.0065 -0.36842 8.50001 3.1653742790 2.5979352863    3.164  2.570  3.7233  2.214    5  0.000  0.361     0.00     0.00     0.00     0.00     0.00 -1    -1e-30      0.00 7.036e-01 2.898e-01 6.936e-04 1.143e-03 2.557e-03 -1.000 6.601e-03 -1.655 -1.708 -1.316 -2.274
0.0065 -0.36842 8.50001 3.1777603626 2.5981176069    3.176  2.595  3.7234  2.191    5  0.000  0.361     0.00     0.00     0.00     0.00     0.00 -1    -1e-30      0.00 7.037e-01 2.897e-01 6.938e-04 1.143e-03 2.557e-03 -1.000 6.600e-03 -1.717 -1.771 -1.380 -2.337
0.0065 -0.36842 8.50001 3.1973848343 2.5984031520    3.195  2.615  3.7174  2.149    6  0.000  0.361     0.00     0.00     0.00     0.00     0.00 -1    -1e-30      0.00 7.039e-01 2.895e-01 6.940e-04 1.142e-03 2.557e-03 -1.000 6.598e-03 -1.769 -1.812 -1.406 -2.391
0.0065 -0.36842 8.50001 3.2121372223 2.5986151662    3.210  2.618  3.7086  2.112    6  0.000  0.362     0.00     0.00     0.00     0.00     0.00 -1    -1e-30      0.00 7.040e-01 2.894e-01 6.942e-04 1.142e-03 2.557e-03 -1.000 6.597e-03 -1.776 -1.801 -1.374 -2.401
0.0065 -0.36842 8.50001 3.2206311226 2.5987362237    3.219  2.606  3.6991  2.088    6  0.000  0.362     0.00     0.00     0.00     0.00     0.00 -1    -1e-30      0.00 7.041e-01 2.894e-01 6.943e-04 1.142e-03 2.557e-03 -1.000 6.596e-03 -1.746 -1.749 -1.299 -2.370
0.0065 -0.36842 8.50001 3.2253794670 2.5988035790    3.223  2.608  3.6882  2.043    6  0.000  0.362     0.00     0.00     0.00     0.00     0.00 -1    -1e-30      0.00 7.041e-01 2.893e-01 6.943e-04 1.142e-03 2.557e-03 -1.000 6.596e-03 -1.750 -1.724 -1.247 -2.370
0.0065 -0.36842 8.50001 3.2267789841 2.5988233877    3.225  2.636  3.6807  1.985    6  0.000  0.362     0.00     0.00     0.00     0.00     0.00 -1    -1e-30      0.00 7.041e-01 2.893e-01 6.943e-04 1.142e-03 2.557e-03 -1.000 6.596e-03 -1.820 -1.773 -1.275 -2.436
0.0065 -0.36842 8.50001 3.2270789146 2.5988276303    3.225  2.667  3.6760  1.935    6  0.000  0.362     0.00     0.00     0.00     0.00     0.00 -1    -1e-30      0.00 7.041e-01 2.893e-01 6.944e-04 1.142e-03 2.557e-03 -1.000 6.596e-03 -1.898 -1.837 -1.325 -2.511
0.0065 -0.36842 8.50001 3.2271149158 2.5988281395    3.225  2.674  3.6751  1.925    6  0.000  0.362     0.00     0.00     0.00     0.00     0.00 -1    -1e-30      0.00 7.041e-01 2.893e-01 6.944e-04 1.142e-03 2.557e-03 -1.000 6.596e-03 -1.916 -1.852 -1.338 -2.529
0.0065 -0.36842 8.50001 3.2272052765 2.5988294175    3.225  2.712  3.6709  1.870    7  0.000  0.362     5.04     3.91     2.91     2.13     1.74  4    -1e-30      0.00 7.041e-01 2.893e-01 6.944e-04 1.142e-03 2.557e-03 -1.000 6.596e-03 -2.011 -1.936 -1.409 -2.622
0.0065 -0.36842 8.50001 3.2272777557 2.5988304425    3.225  2.745  3.6677  1.824    7  0.000  0.362     5.53     4.25     3.15     2.30     1.88  4    -1e-30      0.00 7.041e-01 2.893e-01 6.944e-04 1.142e-03 2.557e-03 -1.000 6.596e-03 -2.093 -2.007 -1.470 -2.701
0.0065 -0.36842 8.50001 3.2273700237 2.5988317473    3.225  2.771  3.6653  1.788    7  0.000  0.362     5.94     4.53     3.35     2.45     2.01  4    -1e-30      0.00 7.041e-01 2.893e-01 6.944e-04 1.142e-03 2.557e-03 -1.000 6.596e-03 -2.159 -2.064 -1.520 -2.764
0.0065 -0.36842 8.50001 3.2275505066 2.5988342993    3.225  2.761  3.6663  1.803    7  0.000  0.362     5.77     4.42     3.27     2.39     1.95  4    -1e-30      0.00 7.041e-01 2.893e-01 6.944e-04 1.142e-03 2.557e-03 -1.000 6.596e-03 -2.133 -2.042 -1.501 -2.739
0.0065 -0.36842 8.50001 3.2278282642 2.5988382262    3.226  2.740  3.6684  1.832    7  0.000  0.362     5.44     4.19     3.11     2.27     1.86  4    -1e-30      0.00 7.041e-01 2.893e-01 6.944e-04 1.142e-03 2.557e-03 -1.000 6.595e-03 -2.081 -1.997 -1.462 -2.690
0.0065 -0.36842 8.50001 3.2285332680 2.5988481898    3.226  2.769  3.6653  1.791    7  0.000  0.362     5.91     4.51     3.34     2.44     2.00  4    -1e-30      0.00 7.041e-01 2.893e-01 6.944e-04 1.142e-03 2.557e-03 -1.000 6.595e-03 -2.152 -2.058 -1.514 -2.758
0.0065 -0.36842 8.50001 3.2289185524 2.5988536328    3.227  2.797  3.6626  1.753    7  0.000  0.362     6.38     4.84     3.56     2.61     2.13  4    -1e-30      0.00 7.041e-01 2.893e-01 6.944e-04 1.142e-03 2.557e-03 -1.000 6.595e-03 -2.221 -2.118 -1.566 -2.824
0.0065 -0.36842 8.50001 3.2293794155 2.5988601416    3.227  2.836  3.6589  1.698    7  0.000  0.362     7.13     5.34     3.92     2.87     2.35  4    -1e-30      0.00 7.041e-01 2.893e-01 6.944e-04 1.142e-03 2.557e-03 -1.000 6.595e-03 -2.321 -2.204 -1.640 -2.918
0.0065 -0.36842 8.50001 3.2299273014 2.5988678766    3.228  2.880  3.6550  1.639    7  0.000  0.362     8.02     5.94     4.34     3.19     2.61  4    -1e-30      0.00 7.041e-01 2.893e-01 6.944e-04 1.142e-03 2.557e-03 -1.000 6.595e-03 -2.429 -2.296 -1.720 -3.020
0.0065 -0.36842 8.50001 3.2305197716 2.5988762377    3.228  2.923  3.6511  1.580    7  0.000  0.362     9.03     6.60     4.80     3.53     2.89  4    -1e-30      0.00 7.041e-01 2.893e-01 6.944e-04 1.142e-03 2.557e-03 -1.000 6.601e-03 -2.537 -2.388 -1.801 -3.121
0.0065 -0.36842 8.50001 3.2311084270 2.5988845414    3.229  2.966  3.6472  1.522    7  0.000  0.362    10.15     7.34     5.31     3.91     3.20  4    -1e-30      0.00 7.041e-01 2.893e-01 6.943e-04 1.142e-03 2.557e-03 -1.000 6.608e-03 -2.645 -2.479 -1.879 -3.220
0.0065 -0.36842 8.50001 3.2316656113 2.5988923980    3.229  3.009  3.6435  1.464    7  0.000  0.362    11.40     8.14     5.86     4.33     3.54  4    -1e-30      0.00 7.041e-01 2.893e-01 6.941e-04 1.142e-03 2.557e-03 -1.000 6.608e-03 -2.751 -2.568 -1.956 -3.318
0.0065 -0.36842 8.50001 3.2321808338 2.5988996601    3.230  3.051  3.6397  1.407    7  0.000  0.361    12.79     9.03     6.47     4.79     3.92  4    -1e-30      0.00 7.041e-01 2.893e-01 6.935e-04 1.143e-03 2.557e-03 -1.000 6.608e-03 -2.858 -2.655 -2.030 -3.416
0.0065 -0.36842 8.50001 3.2326512337 2.5989062882    3.230  3.093  3.6360  1.350    7  0.000  0.360    14.34    10.01     7.14     5.29     4.33  4    -1e-30      0.00 7.041e-01 2.893e-01 6.920e-04 1.144e-03 2.557e-03 -1.000 6.608e-03 -2.963 -2.741 -2.102 -3.512
0.0065 -0.36842 8.50001 3.2330770493 2.5989122861    3.231  3.135  3.6323  1.294    7  0.000  0.359    16.06    11.09     7.87     5.84     4.78  4    -1e-30      0.00 7.041e-01 2.893e-01 6.897e-04 1.147e-03 2.557e-03 -1.000 6.608e-03 -3.067 -2.826 -2.173 -3.607
0.0065 -0.36842 8.50001 3.2334606647 2.5989176880    3.231  3.176  3.6287  1.238    7  0.000  0.358    17.97    12.26     8.67     6.44     5.27  4    -1e-30      0.00 7.041e-01 2.893e-01 6.871e-04 1.150e-03 2.557e-03 -1.000 6.608e-03 -3.170 -2.910 -2.243 -3.701
0.0065 -0.36842 8.50001 3.2338078022 2.5989225750    3.232  3.217  3.6251  1.182    7  0.000  0.357    20.11    13.57     9.54     7.10     5.82  4 -1.06e-30      0.00 7.041e-01 2.893e-01 6.848e-04 1.153e-03 2.557e-03 -1.000 6.608e-03 -3.273 -2.992 -2.310 -3.793
0.0065 -0.36842 8.50001 3.2341241837 2.5989270280    3.232  3.258  3.6213  1.126    7  0.000  0.356    22.50    15.01    10.51     7.83     6.42  4 -9.46e-30      0.00 7.041e-01 2.892e-01 6.829e-04 1.155e-03 2.557e-03 -1.000 6.612e-03 -3.376 -3.074 -2.376 -3.885
0.0065 -0.36842 8.50001 3.2344155312 2.5989311277    3.232  3.300  3.6174  1.069    7  0.000  0.355    25.23    16.64    11.60     8.66     7.10  4 -1.16e-25      0.00 7.041e-01 2.892e-01 6.813e-04 1.157e-03 2.557e-03 -1.000 6.631e-03 -3.479 -3.152 -2.438 -3.975
0.0065 -0.36842 8.50001 3.2346863747 2.5989349382    3.232  3.341  3.6130  1.011    7  0.000  0.354    28.40    18.50    12.84     9.60     7.87  4 -2.32e-17      0.00 7.041e-01 2.892e-01 6.799e-04 1.159e-03 2.556e-03 -1.000 6.684e-03 -3.582 -3.228 -2.495 -4.063
0.0065 -0.36842 8.50001 3.2349357605 2.5989384461    3.232  3.382  3.6087  0.952    7  0.000  0.354    31.94    20.56    14.20    10.63     8.72  4 -2.13e-09      0.00 7.041e-01 2.891e-01 6.787e-04 1.161e-03 2.556e-03 -1.000 6.722e-03 -3.685 -3.303 -2.550 -4.151
0.0065 -0.36842 8.50001 3.2351651192 2.5989416717    3.232  3.423  3.6051  0.897    7  0.000  0.353    35.71    22.73    15.62    11.71     9.61  4 -8.63e-09      0.00 7.041e-01 2.891e-01 6.776e-04 1.163e-03 2.555e-03 -1.000 6.731e-03 -3.787 -3.381 -2.609 -4.240
0.0065 -0.36842 8.50001 3.2353768349 2.5989446488    3.232  3.464  3.6014  0.842    7  0.000  0.353    39.91    25.12    17.19    12.91    10.59  4 -1.04e-08      0.00 7.041e-01 2.892e-01 6.767e-04 1.165e-03 2.554e-03 -1.000 6.702e-03 -3.889 -3.457 -2.667 -4.328
0.0065 -0.36842 8.50001 3.2355725765 2.5989474009    3.231  3.504  3.5978  0.786    7  0.000  0.353    44.61    27.76    18.91    14.22    11.67  4 -1.25e-08      0.00 7.041e-01 2.892e-01 6.758e-04 1.167e-03 2.553e-03 -1.000 6.682e-03 -3.991 -3.532 -2.722 -4.414
0.0065 -0.36842 8.50001 3.2357552052 2.5989499682    3.231  3.545  3.5941  0.731    7  0.000  0.352    49.89    30.69    20.81    15.67    12.87  3  -1.5e-08      0.00 7.040e-01 2.892e-01 6.751e-04 1.170e-03 2.551e-03 -1.000 6.710e-03 -4.092 -3.605 -2.774 -4.500
0.0065 -0.36842 8.50001 3.2359247208 2.5989523509    3.230  3.585  3.5903  0.675    7  0.000  0.352    55.80    33.94    22.91    17.28    14.19  3  -1.8e-08      0.00 7.040e-01 2.893e-01 6.744e-04 1.172e-03 2.549e-03 -1.000 6.739e-03 -4.193 -3.678 -2.825 -4.585
0.0065 -0.36842 8.50001 3.2360827923 2.5989545725    3.230  3.626  3.5865  0.620    7  0.000  0.352    62.39    37.52    25.22    19.05    15.64  3 -2.15e-08      0.00 7.039e-01 2.894e-01 6.737e-04 1.175e-03 2.546e-03 -1.000 6.737e-03 -4.294 -3.746 -2.869 -4.667
0.0065 -0.36842 8.50001 3.2362306118 2.5989566497    3.229  3.666  3.5826  0.564    7  0.000  0.352    69.77    41.48    27.76    20.99    17.25  3  -2.6e-08      0.00 7.037e-01 2.896e-01 6.731e-04 1.178e-03 2.544e-03 -1.000 6.707e-03 -4.394 -3.813 -2.911 -4.749
0.0065 -0.36842 8.50001 3.2363693714 2.5989585995    3.228  3.706  3.5787  0.508    7  0.000  0.352    78.02    45.86    30.55    23.14    19.02  3 -3.23e-08      0.00 7.035e-01 2.898e-01 6.725e-04 1.180e-03 2.542e-03 -1.000 6.693e-03 -4.494 -3.878 -2.948 -4.828
0.0065 -0.36842 8.50001 3.2365005016 2.5989604419    3.227  3.745  3.5748  0.453    7  0.000  0.352    87.25    50.71    33.62    25.51    20.97  3 -4.06e-08      0.00 7.032e-01 2.901e-01 6.720e-04 1.183e-03 2.540e-03 -1.000 6.711e-03 -4.593 -3.936 -2.972 -4.904
0.0065 -0.36842 8.50001 3.2366247177 2.5989621870    3.226  3.785  3.5707  0.397    7  0.000  0.352    97.60    56.08    37.02    28.12    23.12  3 -5.34e-08      0.00 7.027e-01 2.906e-01 6.714e-04 1.185e-03 2.538e-03 -1.000 6.732e-03 -4.691 -3.993 -2.993 -4.979
0.0065 -0.36842 8.50001 3.2367429733 2.5989638482    3.224  3.823  3.5666  0.341    7  0.000  0.352   109.12    62.00    40.73    31.00    25.49  2 -7.42e-08      0.00 7.021e-01 2.912e-01 6.707e-04 1.188e-03 2.535e-03 -1.000 6.681e-03 -4.789 -4.042 -2.998 -5.049
0.0065 -0.36842 8.50001 3.2368562222 2.5989654389    3.221  3.862  3.5625  0.286    7  0.000  0.352   121.98    68.52    44.82    34.16    28.09  2 -1.07e-07      0.00 7.012e-01 2.921e-01 6.698e-04 1.192e-03 2.532e-03 -1.000 6.687e-03 -4.885 -4.088 -2.997 -5.116
0.0065 -0.36842 8.50001 3.2369654179 2.5989669726    3.218  3.900  3.5582  0.230    7  0.000  0.352   136.38    75.75    49.32    37.64    30.97  2 -1.53e-07      0.00 6.999e-01 2.934e-01 6.687e-04 1.198e-03 2.528e-03 -1.000 6.693e-03 -4.980 -4.129 -2.983 -5.179
0.0065 -0.36842 8.50001 3.2370657921 2.5989683822    3.213  3.936  3.5541  0.177    7  0.000  0.352   151.64    83.32    54.02    41.29    33.98  2  -2.2e-07      0.00 6.987e-01 2.946e-01 6.675e-04 1.203e-03 2.523e-03 -1.000 6.731e-03 -5.070 -4.159 -2.952 -5.234
0.0065 -0.36842 8.50001 3.2371706963 2.5989698554    3.205  3.974  3.5494  0.119    7  0.000  0.352   170.38    92.53    59.70    45.71    37.62  2 -3.31e-07      0.00 6.976e-01 2.958e-01 6.665e-04 1.208e-03 2.519e-03 -1.000 6.679e-03 -5.166 -4.186 -2.907 -5.290
0.0065 -0.36842 8.50001 3.2372748852 2.5989713185    3.194  4.013  3.5446  0.059    7  0.000  0.352   191.98   103.02    66.15    50.73    41.77  2 -5.02e-07      0.00 6.967e-01 2.966e-01 6.656e-04 1.212e-03 2.516e-03 -1.000 6.696e-03 -5.263 -4.201 -2.824 -5.336
0.0065 -0.36842 8.50001 3.2373745441 2.5989727178    3.177  4.049  3.5398  0.002    7  0.000  0.352   215.00   114.10    72.91    56.01    46.13  2 -7.39e-07      0.00 6.961e-01 2.972e-01 6.651e-04 1.215e-03 2.514e-03 -1.000 6.701e-03 -5.353 -4.207 -2.735 -5.374
0.0065 -0.36842 8.50001 3.2374792099 2.5989741873    3.150  4.076  3.5359 -0.044    7  0.000  0.352   235.16   123.73    78.76    60.60    49.91  2 -1.01e-06      0.01 6.956e-01 2.977e-01 6.647e-04 1.216e-03 2.512e-03 -1.000 6.711e-03 -5.420 -4.193 -2.622 -5.388
0.0065 -0.36842 8.50001 3.2375729084 2.5989755027    3.120  4.074  3.5354 -0.048    7  0.000  0.352   236.46   124.39    79.15    60.92    50.17  2 -1.02e-06      0.01 6.954e-01 2.979e-01 6.646e-04 1.217e-03 2.512e-03 -1.000 6.694e-03 -5.416 -4.179 -2.595 -5.377
0.0065 -0.36842 8.50001 3.2375981808 2.5989758575    3.113  4.067  3.5362 -0.039    7  0.000  0.352   231.75   122.17    77.79    59.87    49.30  2 -9.48e-07      0.01 6.954e-01 2.979e-01 6.645e-04 1.217e-03 2.511e-03 -1.000 6.688e-03 -5.396 -4.176 -2.612 -5.369
0.0065 -0.36842 8.50001 3.2376139164 2.5989760784    3.108  4.053  3.5376 -0.020    7  0.000  0.352   223.29   118.14    75.34    57.96    47.72  2 -8.35e-07      0.00 6.954e-01 2.979e-01 6.645e-04 1.217e-03 2.511e-03 -1.000 6.687e-03 -5.364 -4.174 -2.648 -5.356
0.0065 -0.36842 8.50001 3.2376248837 2.5989762324    3.105  4.041  3.5390 -0.003    7  0.000  0.352   215.51   114.42    73.07    56.19    46.26  2 -7.37e-07      0.00 6.954e-01 2.980e-01 6.645e-04 1.218e-03 2.511e-03 -1.000 6.686e-03 -5.332 -4.171 -2.681 -5.343
0.0065 -0.36842 8.50001 3.2376337051 2.5989763562    3.102  4.030  3.5403  0.013    7  0.000  0.352   208.66   111.13    71.06    54.62    44.97  2 -6.58e-07      0.00 6.954e-01 2.980e-01 6.645e-04 1.218e-03 2.511e-03 -1.000 6.685e-03 -5.304 -4.168 -2.708 -5.331
0.0065 -0.36842 8.50001 3.2376410961 2.5989764600    3.100  4.020  3.5414  0.027    7  0.000  0.352   202.75   108.28    69.32    53.26    43.85  2 -5.95e-07      0.00 6.953e-01 2.980e-01 6.645e-04 1.218e-03 2.511e-03 -1.000 6.685e-03 -5.279 -4.163 -2.725 -5.318
0.0065 -0.36842 8.50001 3.2376542091 2.5989766441    3.097  4.003  3.5434  0.051    7  0.000  0.352   193.32   103.73    66.53    51.09    42.05  2 -5.06e-07      0.00 6.953e-01 2.980e-01 6.645e-04 1.218e-03 2.511e-03 -1.000 6.685e-03 -5.238 -4.156 -2.757 -5.299
0.0065 -0.36842 8.50001 3.2376604080 2.5989767311    3.096  4.000  3.5438  0.056    7  0.000  0.352   191.44   102.81    65.97    50.65    41.69  2 -4.89e-07      0.00 6.953e-01 2.980e-01 6.645e-04 1.218e-03 2.511e-03 -1.000 6.685e-03 -5.230 -4.155 -2.765 -5.295
0.0065 -0.36842 8.50001 3.2376697063 2.5989768616    3.094  3.980  3.5462  0.085    7  0.000  0.352   180.64    97.56    62.75    48.14    39.62  2    -4e-07      0.00 6.953e-01 2.980e-01 6.645e-04 1.218e-03 2.511e-03 -1.000 6.685e-03 -5.181 -4.147 -2.803 -5.271
0.0065 -0.36842 8.50001 3.2376835346 2.5989770557    3.093  3.938  3.5512  0.147    7  0.000  0.352   159.45    87.16    56.34    43.15    35.51  2 -2.57e-07      0.00 6.953e-01 2.980e-01 6.645e-04 1.218e-03 2.511e-03 -1.000 6.685e-03 -5.075 -4.122 -2.873 -5.215
0.0065 -0.36842 8.50001 3.2377088070 2.5989774105    3.090  4.006  3.5431  0.046    7  0.000  0.352   195.03   104.56    67.04    51.49    42.38  2 -5.22e-07      0.00 6.953e-01 2.980e-01 6.645e-04 1.218e-03 2.511e-03 -1.000 6.685e-03 -5.245 -4.157 -2.753 -5.302
0.0065 -0.36842 8.50001 3.2377200127 2.5989775678    3.089  4.014  3.5421  0.035    7  0.000  0.352   199.65   106.80    68.41    52.56    43.26  2 -5.66e-07      0.00 6.953e-01 2.980e-01 6.645e-04 1.218e-03 2.511e-03 -1.000 6.685e-03 -5.264 -4.160 -2.736 -5.311
0.0065 -0.36842 8.50001 3.2377207279 2.5989775778    3.089  4.008  3.5428  0.043    7  0.000  0.352   196.30   105.17    67.42    51.78    42.62  2 -5.34e-07      0.00 6.953e-01 2.980e-01 6.645e-04 1.218e-03 2.511e-03 -1.000 6.685e-03 -5.250 -4.157 -2.747 -5.304
0.0065 -0.36842 8.50001 3.2377233505 2.5989776146    3.088  4.008  3.5428  0.043    7  0.000  0.352   196.11   105.08    67.36    51.74    42.59  2 -5.32e-07      0.00 6.953e-01 2.980e-01 6.645e-04 1.218e-03 2.511e-03 -1.000 6.685e-03 -5.249 -4.157 -2.748 -5.304
0.0065 -0.36842 8.50001 3.2377259731 2.5989776514    3.088  4.015  3.5420  0.033    7  0.000  0.352   200.31   107.12    68.60    52.71    43.39  2 -5.73e-07      0.00 6.953e-01 2.980e-01 6.645e-04 1.218e-03 2.511e-03 -1.000 6.685e-03 -5.267 -4.160 -2.733 -5.312
0.0065 -0.36842 8.50001 3.2377305031 2.5989777150    3.087  4.031  3.5401  0.009    7  0.000  0.352   209.94   111.76    71.44    54.92    45.22  2 -6.76e-07      0.00 6.953e-01 2.980e-01 6.645e-04 1.218e-03 2.511e-03 -1.000 6.685e-03 -5.306 -4.166 -2.701 -5.331
0.0065 -0.36842 8.50001 3.2377390862 2.5989778355    3.085  4.067  3.5356 -0.045    7  0.000  0.352   233.93   123.25    78.44    60.39    49.73  2 -9.78e-07      0.01 6.953e-01 2.980e-01 6.645e-04 1.218e-03 2.511e-03 -1.000 6.685e-03 -5.396 -4.164 -2.586 -5.361
0.0065 -0.36842 8.50001 3.2377524376 2.5989780229    3.081  4.090  3.5326 -0.081    7  0.000  0.352   251.30   131.50    83.44    64.31    52.96  2 -1.25e-06      0.01 6.953e-01 2.980e-01 6.645e-04 1.218e-03 2.511e-03 -1.000 6.685e-03 -5.455 -4.159 -2.503 -5.378
