Zini MH logAge Mini int_IMF Mass logL logTe logg label McoreTP C_O period0 period1 period2 period3 period4 pmode Mloss tau1m X Y Xc Xn Xo Cexcess Z mbolmag Gmag G_BPmag G_RPmag
0.0055 -0.44261 7.39500 0.0900000036 1.0816895926    0.090 -2.259  3.4470  4.392    0  0.000  0.545     0.00     0.00     0.00     0.00     0.00 -1 -1.49e-15      0.00 7.360e-01 2.585e-01 1.002e-03 2.703e-04 2.451e-03 -1.000 5.571e-03 10.418 11.852 14.036 10.500
0.0055 -0.44261 7.39500 0.0909890234 1.0910968341    0.091 -2.253  3.4478  4.393    0  0.000  0.545     0.00     0.00     0.00     0.00     0.00 -1  -1.5e-15      0.00 7.360e-01 2.585e-01 1.002e-03 2.703e-04 2.451e-03 -1.000 5.571e-03 10.401 11.827 13.998 10.477
0.0055 -0.44261 7.39500 0.0994860902 1.1667991443    0.099 -2.194  3.4545  4.399    0  0.000  0.545     0.00     0.00     0.00     0.00     0.00 -1 -1.63e-15      0.00 7.360e-01 2.585e-01 1.002e-03 2.703e-04 2.451e-03 -1.000 5.571e-03 10.254 11.611 13.677 10.281
0.0055 -0.44261 7.39500 0.1000000015 1.1711064122    0.100 -2.190  3.4549  4.400    0  0.000  0.545     0.00     0.00     0.00     0.00     0.00 -1 -1.64e-15      0.00 7.360e-01 2.585e-01 1.002e-03 2.703e-04 2.451e-03 -1.000 5.571e-03 10.246 11.599 13.659 10.270
0.0055 -0.44261 7.39500 0.1038313210 1.2023363685    0.104 -2.167  3.4576  4.403    0  0.000  0.545     0.00     0.00     0.00     0.00     0.00 -1 -1.69e-15      0.00 7.360e-01 2.585e-01 1.002e-03 2.703e-04 2.451e-03 -1.000 5.571e-03 10.187 11.513 13.530 10.192
0.0055 -0.44261 7.39500 0.1184317395 1.3088909961    0.118 -2.081  3.4670  4.412    0  0.000  0.545     0.00     0.00     0.00     0.00     0.00 -1 -1.91e-15      0.00 7.360e-01 2.585e-01 1.002e-03 2.703e-04 2.451e-03 -1.000 5.571e-03 9.971 11.205 13.087 9.915
0.0055 -0.44261 7.39500 0.1199999973 1.3193154249    0.120 -2.072  3.4679  4.413    0  0.000  0.545     0.00     0.00     0.00     0.00     0.00 -1 -1.93e-15      0.00 7.360e-01 2.585e-01 1.002e-03 2.703e-04 2.451e-03 -1.000 5.571e-03 9.950 11.175 13.043 9.887
0.0055 -0.44261 7.39500 0.1254128665 1.3539783369    0.125 -2.044  3.4708  4.415    0  0.000  0.545     0.00     0.00     0.00     0.00     0.00 -1 -2.01e-15      0.00 7.360e-01 2.585e-01 1.002e-03 2.703e-04 2.451e-03 -1.000 5.571e-03 9.879 11.077 12.905 9.798
0.0055 -0.44261 7.39500 0.1400000006 1.4384526719    0.140 -1.972  3.4781  4.420    0  0.000  0.545     0.00     0.00     0.00     0.00     0.00 -1 -2.23e-15      0.00 7.360e-01 2.585e-01 1.002e-03 2.703e-04 2.451e-03 -1.000 5.571e-03 9.700 10.830 12.562 9.575
0.0055 -0.44261 7.39500 0.1599999964 1.5372931554    0.160 -1.886  3.4866  4.427    0  0.000  0.545     0.00     0.00     0.00     0.00     0.00 -1 -2.53e-15      0.00 7.360e-01 2.585e-01 1.002e-03 2.703e-04 2.451e-03 -1.000 5.571e-03 9.486 10.537 12.159 9.311
0.0055 -0.44261 7.39500 0.1922363639 1.6668558938    0.192 -1.769  3.4980  4.435    0  0.000  0.545     0.00     0.00     0.00     0.00     0.00 -1 -2.99e-15      0.00 7.360e-01 2.585e-01 1.002e-03 2.703e-04 2.451e-03 -1.000 5.571e-03 9.193 10.149 11.644 8.961
0.0055 -0.44261 7.39500 0.2148501277 1.7419572319    0.215 -1.698  3.5050  4.440    0  0.000  0.545     0.00     0.00     0.00     0.00     0.00 -1 -3.31e-15      0.00 7.360e-01 2.585e-01 1.002e-03 2.703e-04 2.451e-03 -1.000 5.571e-03 9.016 9.919 11.346 8.752
0.0055 -0.44261 7.39500 0.2290366739 1.7840146556    0.229 -1.657  3.5089  4.443    0  0.000  0.545     0.00     0.00     0.00     0.00     0.00 -1 -3.51e-15      0.00 7.360e-01 2.585e-01 1.002e-03 2.703e-04 2.451e-03 -1.000 5.571e-03 8.913 9.786 11.175 8.632
0.0055 -0.44261 7.39500 0.2395311594 1.8130057260    0.240 -1.628  3.5116  4.444    0  0.000  0.545     0.00     0.00     0.00     0.00     0.00 -1 -3.65e-15      0.00 7.360e-01 2.585e-01 1.002e-03 2.703e-04 2.451e-03 -1.000 5.571e-03 8.841 9.694 11.058 8.549
0.0055 -0.44261 7.39500 0.2473049462 1.8334366931    0.247 -1.608  3.5136  4.446    0  0.000  0.545     0.00     0.00     0.00     0.00     0.00 -1 -3.75e-15      0.00 7.360e-01 2.585e-01 1.002e-03 2.703e-04 2.451e-03 -1.000 5.571e-03 8.791 9.630 10.977 8.491
0.0055 -0.44261 7.39500 0.2523321211 1.8462097130    0.252 -1.596  3.5148  4.447    0  0.000  0.545     0.00     0.00     0.00     0.00     0.00 -1  -3.8e-15      0.00 7.360e-01 2.585e-01 1.002e-03 2.703e-04 2.451e-03 -1.000 5.571e-03 8.760 9.591 10.927 8.455
0.0055 -0.44261 7.39500 0.2625069022 1.8710774032    0.262 -1.571  3.5171  4.448    0  0.000  0.545     0.00     0.00     0.00     0.00     0.00 -1 -3.98e-15      0.00 7.360e-01 2.585e-01 1.002e-03 2.703e-04 2.451e-03 -1.000 5.571e-03 8.696 9.510 10.826 8.382
0.0055 -0.44261 7.39500 0.2899451554 1.9323274854    0.290 -1.507  3.5233  4.452    0  0.000  0.545     0.00     0.00     0.00     0.00     0.00 -1 -4.37e-15      0.00 7.360e-01 2.585e-01 1.002e-03 2.703e-04 2.451e-03 -1.000 5.571e-03 8.537 9.309 10.574 8.200
0.0055 -0.44261 7.39500 0.3000000119 1.9529139769    0.300 -1.486  3.5255  4.454    0  0.000  0.545     0.00     0.00     0.00     0.00     0.00 -1  -4.5e-15      0.00 7.360e-01 2.585e-01 1.002e-03 2.703e-04 2.451e-03 -1.000 5.571e-03 8.484 9.242 10.490 8.139
0.0055 -0.44261 7.39500 0.3371654451 2.0218660815    0.337 -1.413  3.5322  4.460    0  0.000  0.545     0.00     0.00     0.00     0.00     0.00 -1 -4.99e-15      0.00 7.360e-01 2.585e-01 1.002e-03 2.703e-04 2.451e-03 -1.000 5.571e-03 8.303 9.018 10.216 7.935
0.0055 -0.44261 7.39500 0.3499999642 2.0434174156    0.350 -1.389  3.5344  4.461    0  0.000  0.545     0.00     0.00     0.00     0.00     0.00 -1 -5.17e-15      0.00 7.360e-01 2.585e-01 1.002e-03 2.703e-04 2.451e-03 -1.000 5.571e-03 8.243 8.945 10.128 7.868
0.0055 -0.44261 7.39500 0.3954087198 2.1121290155    0.395 -1.311  3.5418  4.465    0  0.000  0.545     0.00     0.00     0.00     0.00     0.00 -1 -5.79e-15      0.00 7.360e-01 2.585e-01 1.002e-03 2.703e-04 2.451e-03 -1.000 5.571e-03 8.047 8.704 9.836 7.649
0.0055 -0.44261 7.39500 0.3999999762 2.1185023988    0.400 -1.303  3.5425  4.465    0  0.000  0.545     0.00     0.00     0.00     0.00     0.00 -1 -5.86e-15      0.00 7.360e-01 2.585e-01 1.002e-03 2.703e-04 2.451e-03 -1.000 5.571e-03 8.028 8.681 9.809 7.628
0.0055 -0.44261 7.39500 0.4499999881 2.1822809009    0.450 -1.223  3.5506  4.468    0  0.000  0.545     0.00     0.00     0.00     0.00     0.00 -1 -6.62e-15      0.00 7.360e-01 2.585e-01 1.002e-03 2.703e-04 2.451e-03 -1.000 5.571e-03 7.827 8.432 9.509 7.403
0.0055 -0.44261 7.39500 0.4544622898 2.1875223977    0.454 -1.215  3.5514  4.468    0  0.000  0.545     0.00     0.00     0.00     0.00     0.00 -1  -6.7e-15      0.00 7.360e-01 2.585e-01 1.002e-03 2.703e-04 2.451e-03 -1.000 5.571e-03 7.808 8.409 9.480 7.382
0.0055 -0.44261 7.39500 0.4999999702 2.2374541023    0.500 -1.142  3.5593  4.469    0  0.000  0.545     0.00     0.00     0.00     0.00     0.00 -1 -7.56e-15      0.00 7.360e-01 2.585e-01 1.002e-03 2.703e-04 2.451e-03 -1.000 5.571e-03 7.626 8.181 9.205 7.178
0.0055 -0.44261 7.39500 0.5165910721 2.2539275449    0.517 -1.116  3.5628  4.471    0  0.000  0.545     0.00     0.00     0.00     0.00     0.00 -1 -7.87e-15      0.00 7.360e-01 2.585e-01 1.002e-03 2.703e-04 2.451e-03 -1.000 5.571e-03 7.561 8.097 9.100 7.104
0.0055 -0.44261 7.39500 0.5498831272 2.2835614669    0.549 -1.059  3.5700  4.468    0  0.000  0.545     0.00     0.00     0.00     0.00     0.00 -1 -8.73e-15      0.00 7.360e-01 2.585e-01 1.002e-03 2.703e-04 2.451e-03 -1.000 5.571e-03 7.416 7.913 8.875 6.940
0.0055 -0.44261 7.39500 0.5500000119 2.2836582633    0.550 -1.058  3.5700  4.469    0  0.000  0.545     0.00     0.00     0.00     0.00     0.00 -1 -8.74e-15      0.00 7.360e-01 2.585e-01 1.002e-03 2.703e-04 2.451e-03 -1.000 5.571e-03 7.416 7.912 8.874 6.940
0.0055 -0.44261 7.39500 0.5505589843 2.2841205150    0.550 -1.057  3.5702  4.469    0  0.000  0.545     0.00     0.00     0.00     0.00     0.00 -1 -8.75e-15      0.00 7.360e-01 2.585e-01 1.002e-03 2.703e-04 2.451e-03 -1.000 5.571e-03 7.414 7.909 8.871 6.937
0.0055 -0.44261 7.39500 0.5999999642 2.3211212854    0.600 -0.960  3.5837  4.463    0  0.000  0.545     0.00     0.00     0.00     0.00     0.00 -1 -1.05e-14      0.00 7.360e-01 2.585e-01 1.002e-03 2.703e-04 2.451e-03 -1.000 5.571e-03 7.171 7.603 8.500 6.666
0.0055 -0.44261 7.39500 0.6025102139 2.3228145072    0.602 -0.956  3.5845  4.464    0  0.000  0.545     0.00     0.00     0.00     0.00     0.00 -1 -1.06e-14      0.00 7.360e-01 2.585e-01 1.002e-03 2.703e-04 2.451e-03 -1.000 5.571e-03 7.160 7.588 8.481 6.653
0.0055 -0.44261 7.39500 0.6366016865 2.3442980683    0.637 -0.882  3.5967  4.463    0  0.000  0.545     0.00     0.00     0.00     0.00     0.00 -1 -1.22e-14      0.00 7.360e-01 2.585e-01 1.002e-03 2.703e-04 2.451e-03 -1.000 5.571e-03 6.976 7.351 8.191 6.448
0.0055 -0.44261 7.39500 0.6499999762 2.3520353107    0.650 -0.846  3.6029  4.460    0  0.000  0.545     0.00     0.00     0.00     0.00     0.00 -1 -1.31e-14      0.00 7.360e-01 2.584e-01 1.002e-03 2.703e-04 2.451e-03 -1.000 5.571e-03 6.885 7.237 8.052 6.349
0.0055 -0.44261 7.39500 0.6691619754 2.3624841919    0.669 -0.793  3.6130  4.461    0  0.000  0.545     0.00     0.00     0.00     0.00     0.00 -1 -1.46e-14      0.00 7.360e-01 2.584e-01 1.002e-03 2.703e-04 2.451e-03 -1.000 5.571e-03 6.753 7.066 7.840 6.203
0.0055 -0.44261 7.39500 0.6999999881 2.3779266974    0.700 -0.696  3.6327  4.462    0  0.000  0.545     0.00     0.00     0.00     0.00     0.00 -1 -1.78e-14      0.00 7.361e-01 2.584e-01 1.002e-03 2.703e-04 2.451e-03 -1.000 5.571e-03 6.510 6.746 7.439 5.936
0.0055 -0.44261 7.39500 0.7100583911 2.3826311640    0.710 -0.660  3.6429  4.473    0  0.000  0.543     0.00     0.00     0.00     0.00     0.00 -1 -1.89e-14      0.00 7.361e-01 2.584e-01 9.991e-04 2.702e-04 2.451e-03 -1.000 5.571e-03 6.419 6.611 7.260 5.831
0.0055 -0.44261 7.39500 0.7381896377 2.3950093281    0.738 -0.556  3.6710  4.498    0  0.000  0.539     0.00     0.00     0.00     0.00     0.00 -1 -2.29e-14      0.00 7.361e-01 2.584e-01 9.917e-04 2.700e-04 2.451e-03 -1.000 5.571e-03 6.159 6.238 6.779 5.539
0.0055 -0.44261 7.39500 0.7495123148 2.3996909141    0.750 -0.512  3.6823  4.506    0  0.000  0.538     0.00     0.00     0.00     0.00     0.00 -1 -2.49e-14      0.00 7.361e-01 2.584e-01 9.889e-04 2.699e-04 2.451e-03 -1.000 5.571e-03 6.049 6.091 6.597 5.422
0.0055 -0.44261 7.39500 0.7569799423 2.4026905669    0.757 -0.486  3.6870  4.503    0  0.000  0.538     0.00     0.00     0.00     0.00     0.00 -1 -2.64e-14      0.00 7.361e-01 2.584e-01 9.888e-04 2.699e-04 2.451e-03 -1.000 5.571e-03 5.985 6.012 6.505 5.354
0.0055 -0.44261 7.39500 0.7780923247 2.4108140743    0.778 -0.413  3.7007  4.497    0  0.000  0.538     0.00     0.00     0.00     0.00     0.00 -1  -3.1e-14      0.00 7.361e-01 2.584e-01 9.888e-04 2.699e-04 2.451e-03 -1.000 5.571e-03 5.803 5.794 6.249 5.168
0.0055 -0.44261 7.39500 0.7967607379 2.4175862970    0.797 -0.348  3.7131  4.492    0  0.000  0.538     0.00     0.00     0.00     0.00     0.00 -1 -3.58e-14      0.00 7.361e-01 2.584e-01 9.888e-04 2.699e-04 2.451e-03 -1.000 5.571e-03 5.640 5.605 6.029 5.008
0.0055 -0.44261 7.39500 0.7990245819 2.4183828323    0.799 -0.340  3.7146  4.491    0  0.000  0.538     0.00     0.00     0.00     0.00     0.00 -1 -3.64e-14      0.00 7.361e-01 2.584e-01 9.888e-04 2.699e-04 2.451e-03 -1.000 5.571e-03 5.620 5.582 6.002 4.989
0.0055 -0.44261 7.39500 0.8179188967 2.4248335309    0.818 -0.275  3.7270  4.485    0  0.000  0.538     0.00     0.00     0.00     0.00     0.00 -1 -4.21e-14      0.00 7.361e-01 2.584e-01 9.888e-04 2.699e-04 2.451e-03 -1.000 5.571e-03 5.457 5.398 5.790 4.832
0.0055 -0.44261 7.39500 0.8386850357 2.4315391337    0.838 -0.203  3.7404  4.478    0  0.000  0.538     0.00     0.00     0.00     0.00     0.00 -1 -4.94e-14      0.00 7.361e-01 2.584e-01 9.888e-04 2.699e-04 2.451e-03 -1.000 5.571e-03 5.278 5.201 5.564 4.664
0.0055 -0.44261 7.39500 0.8485368490 2.4345886963    0.848 -0.170  3.7468  4.475    0  0.000  0.538     0.00     0.00     0.00     0.00     0.00 -1 -5.33e-14      0.00 7.361e-01 2.584e-01 9.888e-04 2.699e-04 2.451e-03 -1.000 5.571e-03 5.194 5.111 5.461 4.588
0.0055 -0.44261 7.39500 0.8731594682 2.4418655773    0.873 -0.089  3.7613  4.465    0  0.000  0.538     0.00     0.00     0.00     0.00     0.00 -1  -6.4e-14      0.00 7.361e-01 2.584e-01 9.888e-04 2.699e-04 2.451e-03 -1.000 5.571e-03 4.993 4.901 5.221 4.408
0.0055 -0.44261 7.39500 0.8951984644 2.4479899902    0.895 -0.025  3.7733  4.460    0  0.000  0.538     0.00     0.00     0.00     0.00     0.00 -1 -7.38e-14      0.00 7.361e-01 2.584e-01 9.888e-04 2.699e-04 2.451e-03 -1.000 5.571e-03 4.833 4.738 5.034 4.272
0.0055 -0.44261 7.39500 0.8980491161 2.4487569484    0.897 -0.019  3.7745  4.460    0  0.000  0.538     0.00     0.00     0.00     0.00     0.00 -1 -7.47e-14      0.00 7.361e-01 2.584e-01 9.888e-04 2.699e-04 2.451e-03 -1.000 5.571e-03 4.818 4.723 5.016 4.260
0.0055 -0.44261 7.39500 0.9067460895 2.4510626089    0.906 -0.002  3.7779  4.461    0  0.000  0.538     0.00     0.00     0.00     0.00     0.00 -1 -7.73e-14      0.00 7.361e-01 2.584e-01 9.887e-04 2.699e-04 2.451e-03 -1.000 5.571e-03 4.776 4.680 4.967 4.225
0.0055 -0.44261 7.39500 0.9475613832 2.4612360964    0.947  0.042  3.7899  4.483    0  0.000  0.537     0.00     0.00     0.00     0.00     0.00 -1 -8.26e-14      0.00 7.361e-01 2.584e-01 9.879e-04 2.699e-04 2.451e-03 -1.000 5.571e-03 4.664 4.569 4.832 4.141
0.0055 -0.44261 7.39500 0.9537440538 2.4626900860    0.953  0.047  3.7915  4.488    0  0.000  0.537     0.00     0.00     0.00     0.00     0.00 -1 -8.29e-14      0.00 7.361e-01 2.584e-01 9.879e-04 2.698e-04 2.451e-03 -1.000 5.571e-03 4.652 4.558 4.818 4.133
0.0055 -0.44261 7.39500 0.9815920591 2.4689788724    0.981  0.065  3.7965  4.503    0  0.000  0.537     0.00     0.00     0.00     0.00     0.00 -1 -8.37e-14      0.00 7.361e-01 2.583e-01 9.879e-04 2.698e-04 2.451e-03 -1.000 5.552e-03 4.606 4.513 4.765 4.100
0.0055 -0.44261 7.39500 0.9970737100 2.4723008218    0.997  0.077  3.7990  4.508    0  0.000  0.538     0.00     0.00     0.00     0.00     0.00 -1 -8.46e-14      0.00 7.361e-01 2.583e-01 9.879e-04 2.698e-04 2.451e-03 -1.000 5.571e-03 4.578 4.486 4.733 4.078
0.0055 -0.44261 7.39500 1.0053474903 2.4740279898    1.005  0.082  3.8004  4.511    0  0.000  0.538     0.00     0.00     0.00     0.00     0.00 -1 -8.41e-14      0.00 7.361e-01 2.583e-01 9.879e-04 2.698e-04 2.451e-03 -1.000 5.571e-03 4.564 4.472 4.717 4.067
0.0055 -0.44261 7.39500 1.0465859175 2.4821702926    1.046  0.143  3.8075  4.497    0  0.000  0.538     0.00     0.00     0.00     0.00     0.00 -1 -9.07e-14      0.00 7.362e-01 2.583e-01 9.879e-04 2.698e-04 2.450e-03 -1.000 5.571e-03 4.413 4.324 4.556 3.935
0.0055 -0.44261 7.39500 1.0618617535 2.4850024543    1.061  0.164  3.8101  4.492    0  0.000  0.538     0.00     0.00     0.00     0.00     0.00 -1 -9.24e-14      0.00 7.362e-01 2.583e-01 9.879e-04 2.698e-04 2.450e-03 -1.000 5.571e-03 4.360 4.273 4.500 3.889
0.0055 -0.44261 7.39500 1.0960983038 2.4910214938    1.095  0.230  3.8171  4.468    0  0.000  0.538     0.00     0.00     0.00     0.00     0.00 -1 -1.03e-13      0.00 7.362e-01 2.582e-01 9.879e-04 2.698e-04 2.450e-03 -1.000 5.571e-03 4.195 4.109 4.325 3.742
0.0055 -0.44261 7.39500 1.1456104517 2.4989986192    1.145  0.320  3.8273  4.438    0  0.000  0.538     0.00     0.00     0.00     0.00     0.00 -1 -1.17e-13      0.00 7.362e-01 2.582e-01 9.879e-04 2.698e-04 2.450e-03 -1.000 5.571e-03 3.969 3.886 4.085 3.541
0.0055 -0.44261 7.39500 1.1951228380 2.5062204782    1.195  0.407  3.8382  4.413    0  0.000  0.538     0.00     0.00     0.00     0.00     0.00 -1 -1.32e-13      0.00 7.363e-01 2.582e-01 9.879e-04 2.697e-04 2.450e-03 -1.000 5.571e-03 3.752 3.672 3.854 3.352
0.0055 -0.44261 7.39500 1.2198896408 2.5095810399    1.219  0.450  3.8446  4.405    0  0.000  0.538     0.00     0.00     0.00     0.00     0.00 -1 -1.37e-13      0.00 7.363e-01 2.582e-01 9.879e-04 2.697e-04 2.450e-03 -1.000 5.571e-03 3.646 3.568 3.740 3.262
0.0055 -0.44261 7.39500 1.2446351051 2.5127855629    1.244  0.490  3.8502  4.396    0  0.000  0.538     0.00     0.00     0.00     0.00     0.00 -1 -1.43e-13      0.00 7.363e-01 2.581e-01 9.878e-04 2.697e-04 2.450e-03 -1.000 5.571e-03 3.546 3.470 3.633 3.177
0.0055 -0.44261 7.39500 1.2941472530 2.5187763088    1.294  0.565  3.8636  4.391    0  0.000  0.538     0.00     0.00     0.00     0.00     0.00 -1  -1.5e-13      0.00 7.363e-01 2.581e-01 9.878e-04 2.697e-04 2.450e-03 -1.000 5.569e-03 3.356 3.286 3.429 3.024
0.0055 -0.44261 7.39500 1.3436598778 2.5242622264    1.344  0.638  3.8786  4.395    0  0.000  0.538     0.00     0.00     0.00     0.00     0.00 -1 -1.52e-13      0.00 7.363e-01 2.581e-01 9.876e-04 2.697e-04 2.450e-03 -1.000 5.566e-03 3.175 3.112 3.234 2.886
0.0055 -0.44261 7.39500 1.3931720257 2.5293020999    1.393  0.706  3.8944  4.405    0  0.000  0.538     0.00     0.00     0.00     0.00     0.00 -1 -1.49e-13      0.00 7.363e-01 2.581e-01 9.876e-04 2.696e-04 2.449e-03 -1.000 5.570e-03 3.004 2.952 3.052 2.763
0.0055 -0.44261 7.39500 1.4426841736 2.5339462294    1.443  0.772  3.9097  4.416    0  0.000  0.538     0.00     0.00     0.00     0.00     0.00 -1 -1.41e-13      0.00 7.363e-01 2.581e-01 9.874e-04 2.696e-04 2.449e-03 -1.000 5.565e-03 2.840 2.802 2.881 2.652
0.0055 -0.44261 7.39500 1.4921965599 2.5382377471    1.492  0.835  3.9243  4.425    0  0.000  0.538     0.00     0.00     0.00     0.00     0.00 -1 -1.28e-13      0.00 7.364e-01 2.581e-01 9.874e-04 2.697e-04 2.449e-03 -1.000 5.570e-03 2.681 2.665 2.725 2.550
0.0055 -0.44261 7.39500 1.5417087078 2.5422138004    1.542  0.895  3.9379  4.435    0  0.000  0.538     0.00     0.00     0.00     0.00     0.00 -1 -1.09e-13      0.00 7.364e-01 2.581e-01 9.873e-04 2.696e-04 2.449e-03 -1.000 5.561e-03 2.532 2.544 2.588 2.461
0.0055 -0.44261 7.39500 1.5912210941 2.5459066641    1.591  0.953  3.9509  4.442    0  0.000  0.538     0.00     0.00     0.00     0.00     0.00 -1 -8.31e-14      0.00 7.364e-01 2.580e-01 9.873e-04 2.696e-04 2.449e-03 -1.000 5.567e-03 2.387 2.435 2.465 2.378
0.0055 -0.44261 7.39500 1.6407332420 2.5493443758    1.640  1.009  3.9632  4.449    0  0.000  0.538     0.00     0.00     0.00     0.00     0.00 -1 -4.89e-14      0.00 7.364e-01 2.580e-01 9.872e-04 2.696e-04 2.448e-03 -1.000 5.561e-03 2.248 2.337 2.357 2.301
0.0055 -0.44261 7.39500 1.6902457476 2.5525515288    1.689  1.061  3.9747  4.455    0  0.000  0.538     0.00     0.00     0.00     0.00     0.00 -1 -1.77e-27      0.00 7.365e-01 2.580e-01 9.870e-04 2.696e-04 2.448e-03 -1.000 5.559e-03 2.116 2.249 2.260 2.230
0.0055 -0.44261 7.39500 1.7397580147 2.5555496449    1.739  1.113  3.9858  4.460    0  0.000  0.537     0.00     0.00     0.00     0.00     0.00 -1    -1e-30      0.00 7.365e-01 2.580e-01 9.869e-04 2.695e-04 2.449e-03 -1.000 5.554e-03 1.987 2.165 2.168 2.161
0.0055 -0.44261 7.39500 1.7892701626 2.5583577403    1.788  1.163  3.9964  4.464    0  0.000  0.537     0.00     0.00     0.00     0.00     0.00 -1    -1e-30      0.00 7.364e-01 2.580e-01 9.869e-04 2.695e-04 2.449e-03 -1.000 5.571e-03 1.862 2.085 2.082 2.094
0.0055 -0.44261 7.39500 1.8387321234 2.5609900490    1.838  1.211  4.0062  4.469    0  0.000  0.537     0.00     0.00     0.00     0.00     0.00 -1    -1e-30      0.00 7.364e-01 2.580e-01 9.869e-04 2.695e-04 2.448e-03 -1.000 5.571e-03 1.744 2.012 2.003 2.031
0.0055 -0.44261 7.39500 1.8881943226 2.5634644041    1.887  1.256  4.0155  4.471    0  0.000  0.537     0.00     0.00     0.00     0.00     0.00 -1    -1e-30      0.00 7.365e-01 2.580e-01 9.868e-04 2.695e-04 2.448e-03 -1.000 5.571e-03 1.630 1.942 1.928 1.970
0.0055 -0.44261 7.39500 1.9376561642 2.5657940315    1.937  1.301  4.0244  4.474    0  0.000  0.537     0.00     0.00     0.00     0.00     0.00 -1    -1e-30      0.00 7.365e-01 2.579e-01 9.868e-04 2.695e-04 2.448e-03 -1.000 5.571e-03 1.518 1.874 1.856 1.910
0.0055 -0.44261 7.39500 1.9871184826 2.5679908116    1.987  1.344  4.0329  4.476    0  0.000  0.537     0.00     0.00     0.00     0.00     0.00 -1    -1e-30      0.00 7.365e-01 2.579e-01 9.867e-04 2.695e-04 2.448e-03 -1.000 5.561e-03 1.410 1.809 1.787 1.852
0.0055 -0.44261 7.39500 2.0365805626 2.5700653215    2.036  1.385  4.0409  4.477    0  0.000  0.537     0.00     0.00     0.00     0.00     0.00 -1    -1e-30      0.00 7.365e-01 2.579e-01 9.867e-04 2.695e-04 2.448e-03 -1.000 5.571e-03 1.307 1.746 1.720 1.795
0.0055 -0.44261 7.39500 2.0860424042 2.5720270946    2.085  1.425  4.0485  4.478    1  0.000  0.537     0.00     0.00     0.00     0.00     0.00 -1    -1e-30      0.00 7.365e-01 2.579e-01 9.867e-04 2.695e-04 2.448e-03 -1.000 5.571e-03 1.206 1.684 1.655 1.739
0.0055 -0.44261 7.39500 2.1355042458 2.5738847270    2.134  1.465  4.0559  4.478    1  0.000  0.538     0.00     0.00     0.00     0.00     0.00 -1    -1e-30      0.00 7.365e-01 2.579e-01 9.869e-04 2.695e-04 2.448e-03 -1.000 5.556e-03 1.108 1.624 1.592 1.684
0.0055 -0.44261 7.39500 2.1849665642 2.5756459881    2.184  1.503  4.0630  4.478    1  0.000  0.538     0.00     0.00     0.00     0.00     0.00 -1    -1e-30      0.00 7.366e-01 2.579e-01 9.869e-04 2.695e-04 2.448e-03 -1.000 5.568e-03 1.012 1.565 1.531 1.630
0.0055 -0.44261 7.39500 2.2344286442 2.5773178692    2.233  1.541  4.0697  4.477    1  0.000  0.538     0.00     0.00     0.00     0.00     0.00 -1    -1e-30      0.00 7.366e-01 2.579e-01 9.868e-04 2.695e-04 2.448e-03 -1.000 5.570e-03 0.919 1.507 1.471 1.577
0.0055 -0.44261 7.39500 2.2838907242 2.5789067453    2.282  1.577  4.0761  4.476    1  0.000  0.538     0.00     0.00     0.00     0.00     0.00 -1    -1e-30      0.00 7.366e-01 2.579e-01 9.868e-04 2.695e-04 2.448e-03 -1.000 5.570e-03 0.828 1.451 1.412 1.525
0.0055 -0.44261 7.39500 2.3333525658 2.5804183969    2.332  1.612  4.0822  4.475    1  0.000  0.538     0.00     0.00     0.00     0.00     0.00 -1    -1e-30      0.00 7.366e-01 2.578e-01 9.869e-04 2.694e-04 2.447e-03 -1.000 5.571e-03 0.740 1.397 1.356 1.474
0.0055 -0.44261 7.39500 2.3828148842 2.5818581182    2.382  1.647  4.0885  4.474    1  0.000  0.538     0.00     0.00     0.00     0.00     0.00 -1    -1e-30      0.00 7.366e-01 2.579e-01 9.869e-04 2.695e-04 2.448e-03 -1.000 5.571e-03 0.653 1.343 1.300 1.425
0.0055 -0.44261 7.39500 2.4322769642 2.5832307011    2.430  1.680  4.0944  4.473    1  0.000  0.538     0.00     0.00     0.00     0.00     0.00 -1    -1e-30      0.00 7.365e-01 2.579e-01 9.872e-04 2.695e-04 2.448e-03 -1.000 5.563e-03 0.569 1.292 1.247 1.377
0.0055 -0.44261 7.39500 2.6301250458 2.5881324392    2.629  1.808  4.1155  4.464    1  0.000  0.538     0.00     0.00     0.00     0.00     0.00 -1    -1e-30      0.00 7.361e-01 2.584e-01 9.888e-04 2.699e-04 2.452e-03 -1.000 5.571e-03 0.251 1.091 1.039 1.188
0.0055 -0.44261 7.39500 2.6834392548 2.5893119701    2.683  1.840  4.1208  4.462    1  0.000  0.538     0.00     0.00     0.00     0.00     0.00 -1    -1e-30      0.00 7.361e-01 2.584e-01 9.888e-04 2.699e-04 2.452e-03 -1.000 5.571e-03 0.169 1.039 0.985 1.139
0.0055 -0.44261 7.39500 2.8279733658 2.5922539678    2.827  1.926  4.1347  4.454    1  0.000  0.538     0.00     0.00     0.00     0.00     0.00 -1    -1e-30      0.00 7.361e-01 2.584e-01 9.888e-04 2.699e-04 2.452e-03 -1.000 5.571e-03 -0.045 0.903 0.845 1.012
0.0055 -0.44261 7.39500 2.8458347321 2.5925937551    2.845  1.936  4.1363  4.453    1  0.000  0.538     0.00     0.00     0.00     0.00     0.00 -1    -1e-30      0.00 7.361e-01 2.584e-01 9.888e-04 2.699e-04 2.452e-03 -1.000 5.571e-03 -0.071 0.887 0.828 0.996
0.0055 -0.44261 7.39500 3.0258216858 2.5957619127    3.025  2.036  4.1523  4.444    1  0.000  0.538     0.00     0.00     0.00     0.00     0.00 -1    -1e-30      0.00 7.361e-01 2.584e-01 9.888e-04 2.699e-04 2.452e-03 -1.000 5.571e-03 -0.320 0.728 0.665 0.846
0.0055 -0.44261 7.39500 3.2236697674 2.5987793532    3.222  2.140  4.1690  4.435    1  0.000  0.538     0.00     0.00     0.00     0.00     0.00 -1    -1e-30      0.00 7.361e-01 2.584e-01 9.888e-04 2.699e-04 2.452e-03 -1.000 5.571e-03 -0.579 0.567 0.498 0.694
0.0055 -0.44261 7.39500 3.4215180874 2.6013990536    3.419  2.236  4.1838  4.423    1  0.000  0.538     0.00     0.00     0.00     0.00     0.00 -1    -1e-30      0.00 7.361e-01 2.584e-01 9.888e-04 2.699e-04 2.452e-03 -1.000 5.571e-03 -0.820 0.412 0.339 0.548
0.0055 -0.44261 7.39500 3.6193659306 2.6036921456    3.617  2.327  4.1977  4.412    1  0.000  0.538     0.00     0.00     0.00     0.00     0.00 -1    -1e-30      0.00 7.361e-01 2.584e-01 9.888e-04 2.699e-04 2.452e-03 -1.000 5.571e-03 -1.048 0.266 0.189 0.409
0.0055 -0.44261 7.39500 3.8172140121 2.6057140523    3.815  2.414  4.2109  4.401    1  0.000  0.538     0.00     0.00     0.00     0.00     0.00 -1    -1e-30      0.00 7.361e-01 2.584e-01 9.888e-04 2.699e-04 2.452e-03 -1.000 5.571e-03 -1.265 0.127 0.046 0.278
0.0055 -0.44261 7.39500 3.9406888485 2.6068582588    3.940  2.466  4.2187  4.395    1  0.000  0.538     0.00     0.00     0.00     0.00     0.00 -1    -1e-30      0.00 7.361e-01 2.584e-01 9.888e-04 2.699e-04 2.452e-03 -1.000 5.571e-03 -1.394 0.044 -0.039 0.199
0.0055 -0.44261 7.39500 4.0150623322 2.6075085355    4.015  2.496  4.2232  4.391    1  0.000  0.538     0.00     0.00     0.00     0.00     0.00 -1    -1e-30      0.00 7.361e-01 2.584e-01 9.888e-04 2.699e-04 2.452e-03 -1.000 5.571e-03 -1.470 -0.005 -0.089 0.153
0.0055 -0.44261 7.39500 4.1649818420 2.6087385308    4.163  2.556  4.2321  4.382    1  0.000  0.538     0.00     0.00     0.00     0.00     0.00 -1    -1e-30      0.00 7.361e-01 2.584e-01 9.888e-04 2.699e-04 2.452e-03 -1.000 5.571e-03 -1.619 -0.102 -0.189 0.061
0.0055 -0.44261 7.39500 4.2129106522 2.6091105826    4.211  2.575  4.2349  4.379    1  0.000  0.538     0.00     0.00     0.00     0.00     0.00 -1    -1e-30      0.00 7.361e-01 2.584e-01 9.888e-04 2.699e-04 2.452e-03 -1.000 5.571e-03 -1.666 -0.132 -0.220 0.032
0.0055 -0.44261 7.39500 4.4107589722 2.6105484820    4.408  2.650  4.2459  4.368    1  0.000  0.538     0.00     0.00     0.00     0.00     0.00 -1    -1e-30      0.00 7.361e-01 2.584e-01 9.888e-04 2.699e-04 2.452e-03 -1.000 5.571e-03 -1.854 -0.255 -0.346 -0.084
0.0055 -0.44261 7.39500 4.6086072922 2.6118453348    4.606  2.722  4.2563  4.357    1  0.000  0.538     0.00     0.00     0.00     0.00     0.00 -1    -1e-30      0.00 7.361e-01 2.584e-01 9.888e-04 2.699e-04 2.452e-03 -1.000 5.571e-03 -2.034 -0.374 -0.468 -0.197
0.0055 -0.44261 7.39500 4.8064551353 2.6130201765    4.804  2.791  4.2662  4.345    1  0.000  0.538     0.00     0.00     0.00     0.00     0.00 -1    -1e-30      0.00 7.361e-01 2.584e-01 9.888e-04 2.699e-04 2.452e-03 -1.000 5.571e-03 -2.207 -0.489 -0.586 -0.307
0.0055 -0.44261 7.39500 4.8076806068 2.6130271077    4.806  2.791  4.2663  4.345    1  0.000  0.538     0.00     0.00     0.00     0.00     0.00 -1    -1e-30      0.00 7.361e-01 2.584e-01 9.888e-04 2.699e-04 2.452e-03 -1.000 5.571e-03 -2.209 -0.489 -0.586 -0.308
0.0055 -0.44261 7.39500 5.0043039322 2.6140888367    5.003  2.858  4.2755  4.334    1  0.000  0.538     0.00     0.00     0.00     0.00     0.00 -1    -1e-30      0.00 7.361e-01 2.584e-01 9.888e-04 2.699e-04 2.452e-03 -1.000 5.571e-03 -2.374 -0.601 -0.700 -0.414
0.0055 -0.44261 7.39500 5.0630135536 2.6143875297    5.062  2.877  4.2781  4.330    1  0.000  0.538     0.00     0.00     0.00     0.00     0.00 -1    -1e-30      0.00 7.361e-01 2.584e-01 9.888e-04 2.699e-04 2.452e-03 -1.000 5.571e-03 -2.422 -0.633 -0.734 -0.445
0.0055 -0.44261 7.39500 5.2021517754 2.6150645543    5.202  2.922  4.2843  4.321    1  0.000  0.538     0.00     0.00     0.00     0.00     0.00 -1    -1e-30      0.00 7.361e-01 2.584e-01 9.888e-04 2.699e-04 2.452e-03 -1.000 5.571e-03 -2.535 -0.710 -0.812 -0.519
0.0055 -0.44261 7.39500 5.2517533302 2.6152959556    5.252  2.938  4.2864  4.318    1  0.000  0.538     0.00     0.00     0.00     0.00     0.00 -1    -1e-30      0.00 7.361e-01 2.584e-01 9.888e-04 2.699e-04 2.452e-03 -1.000 5.571e-03 -2.574 -0.737 -0.840 -0.544
0.0055 -0.44261 7.39500 5.4000000954 2.6159585105    5.401  2.984  4.2926  4.309    1  0.000  0.538     0.00     0.00     0.00     0.00     0.00 -1    -1e-30      0.00 7.361e-01 2.584e-01 9.888e-04 2.699e-04 2.452e-03 -1.000 5.571e-03 -2.691 -0.818 -0.922 -0.622
0.0055 -0.44261 7.39500 5.4785203934 2.6162927815    5.479  3.008  4.2958  4.304    1  0.000  0.538     0.00     0.00     0.00     0.00     0.00 -1    -1e-30      0.00 7.361e-01 2.584e-01 9.888e-04 2.699e-04 2.452e-03 -1.000 5.571e-03 -2.751 -0.860 -0.965 -0.662
0.0055 -0.44261 7.39500 5.5662188530 2.6166533334    5.566  3.035  4.2993  4.298    1  0.000  0.538     0.00     0.00     0.00     0.00     0.00 -1    -1e-30      0.00 7.361e-01 2.584e-01 9.888e-04 2.699e-04 2.452e-03 -1.000 5.571e-03 -2.818 -0.907 -1.013 -0.707
0.0055 -0.44261 7.39500 5.7324385643 2.6173020252    5.732  3.085  4.3057  4.286    1  0.000  0.538     0.00     0.00     0.00     0.00     0.00 -1    -1e-30      0.00 7.361e-01 2.584e-01 9.888e-04 2.699e-04 2.452e-03 -1.000 5.571e-03 -2.942 -0.994 -1.102 -0.791
0.0055 -0.44261 7.39500 5.7539176941 2.6173827112    5.754  3.091  4.3065  4.285    1  0.000  0.538     0.00     0.00     0.00     0.00     0.00 -1    -1e-30      0.00 7.361e-01 2.584e-01 9.888e-04 2.699e-04 2.452e-03 -1.000 5.571e-03 -2.957 -1.005 -1.114 -0.801
0.0055 -0.44261 7.39500 5.8986577988 2.6179088520    5.898  3.134  4.3117  4.274    1  0.000  0.538     0.00     0.00     0.00     0.00     0.00 -1    -1e-30      0.00 7.361e-01 2.584e-01 9.888e-04 2.699e-04 2.452e-03 -1.000 5.571e-03 -3.064 -1.083 -1.192 -0.876
0.0055 -0.44261 7.39500 6.0648765564 2.6184775844    6.064  3.182  4.3174  4.261    1  0.000  0.538     0.00     0.00     0.00     0.00     0.00 -1    -1e-30      0.00 7.361e-01 2.584e-01 9.888e-04 2.699e-04 2.452e-03 -1.000 5.571e-03 -3.184 -1.170 -1.282 -0.960
0.0055 -0.44261 7.39500 6.1830558777 2.6188606270    6.182  3.215  4.3213  4.251    1  0.000  0.538     0.00     0.00     0.00     0.00     0.00 -1    -1e-30      0.00 7.361e-01 2.584e-01 9.888e-04 2.699e-04 2.452e-03 -1.000 5.571e-03 -3.268 -1.232 -1.344 -1.019
0.0055 -0.44261 7.39500 6.2310962677 2.6190115669    6.230  3.229  4.3229  4.247    1  0.000  0.538     0.00     0.00     0.00     0.00     0.00 -1    -1e-30      0.00 7.361e-01 2.584e-01 9.888e-04 2.699e-04 2.452e-03 -1.000 5.571e-03 -3.302 -1.257 -1.370 -1.044
0.0055 -0.44261 7.39500 6.4927167892 2.6197886781    6.487  3.300  4.3308  4.226    1  0.000  0.538     0.00     0.00     0.00     0.00     0.00 -1    -1e-30      0.00 7.361e-01 2.584e-01 9.888e-04 2.699e-04 2.452e-03 -1.000 5.571e-03 -3.479 -1.389 -1.505 -1.172
0.0055 -0.44261 7.39500 6.7205166817 2.6204089679    6.711  3.360  4.3373  4.206    1  0.000  0.538     0.00     0.00     0.00     0.00     0.00 -1    -1e-30      0.00 7.361e-01 2.584e-01 9.888e-04 2.699e-04 2.452e-03 -1.000 5.571e-03 -3.630 -1.505 -1.622 -1.283
0.0055 -0.44261 7.39500 6.7297534943 2.6204331025    6.720  3.362  4.3376  4.205    1  0.000  0.538     0.00     0.00     0.00     0.00     0.00 -1    -1e-30      0.00 7.361e-01 2.584e-01 9.888e-04 2.699e-04 2.452e-03 -1.000 5.571e-03 -3.636 -1.509 -1.626 -1.288
0.0055 -0.44261 7.39500 6.7716498375 2.6205416222    6.762  3.373  4.3387  4.202    1  0.000  0.538     0.00     0.00     0.00     0.00     0.00 -1    -1e-30      0.00 7.361e-01 2.584e-01 9.888e-04 2.699e-04 2.452e-03 -1.000 5.571e-03 -3.663 -1.530 -1.647 -1.308
0.0055 -0.44261 7.39500 7.0169792175 2.6211472750    7.004  3.436  4.3449  4.179    1  0.000  0.538     0.00     0.00     0.00     0.00     0.00 -1    -1e-30      0.00 7.361e-01 2.584e-01 9.888e-04 2.699e-04 2.452e-03 -1.000 5.571e-03 -3.820 -1.653 -1.772 -1.428
0.0055 -0.44261 7.39500 7.2436113358 2.6216650520    7.228  3.494  4.3500  4.155    1  0.000  0.538     0.00     0.00     0.00     0.00     0.00 -1    -1e-30      0.00 7.361e-01 2.584e-01 9.888e-04 2.699e-04 2.452e-03 -1.000 5.571e-03 -3.965 -1.770 -1.891 -1.542
0.0055 -0.44261 7.39500 7.5277748108 2.6222638791    7.508  3.566  4.3556  4.122    1  0.000  0.538     0.00     0.00     0.00     0.00     0.00 -1    -1e-30      0.00 7.361e-01 2.584e-01 9.888e-04 2.699e-04 2.452e-03 -1.000 5.571e-03 -4.145 -1.921 -2.043 -1.689
0.0055 -0.44261 7.39500 7.5608496666 2.6223302237    7.542  3.574  4.3562  4.118    1  0.000  0.538     0.00     0.00     0.00     0.00     0.00 -1    -1e-30      0.00 7.361e-01 2.584e-01 9.888e-04 2.699e-04 2.452e-03 -1.000 5.571e-03 -4.166 -1.939 -2.061 -1.707
0.0055 -0.44261 7.39500 7.7157602310 2.6226322705    7.697  3.613  4.3588  4.098    1  0.000  0.538     0.00     0.00     0.00     0.00     0.00 -1    -1e-30      0.00 7.361e-01 2.584e-01 9.888e-04 2.699e-04 2.452e-03 -1.000 5.571e-03 -4.263 -2.023 -2.146 -1.789
0.0055 -0.44261 7.39500 7.8902521133 2.6229562154    7.872  3.657  4.3613  4.074    1  0.000  0.538     0.00     0.00     0.00     0.00     0.00 -1    -1e-30      0.00 7.361e-01 2.584e-01 9.888e-04 2.699e-04 2.452e-03 -1.000 5.571e-03 -4.373 -2.120 -2.244 -1.885
0.0055 -0.44261 7.39500 8.1314134598 2.6233777210    8.114  3.718  4.3638  4.036    1  0.000  0.538     0.00     0.00     0.00     0.00     0.00 -1    -1e-30      0.00 7.361e-01 2.584e-01 9.888e-04 2.699e-04 2.452e-03 -1.000 5.571e-03 -4.526 -2.260 -2.385 -2.024
0.0055 -0.44261 7.39500 8.3492898941 2.6237345505    8.332  3.774  4.3651  3.997    1  0.000  0.538     0.00     0.00     0.00     0.00     0.00 -1    -1e-30      0.00 7.361e-01 2.584e-01 9.888e-04 2.699e-04 2.452e-03 -1.000 5.571e-03 -4.665 -2.395 -2.520 -2.158
0.0055 -0.44261 7.39500 8.3919458389 2.6238019212    8.375  3.785  4.3652  3.989    1  0.000  0.538     0.00     0.00     0.00     0.00     0.00 -1    -1e-30      0.00 7.361e-01 2.584e-01 9.888e-04 2.699e-04 2.452e-03 -1.000 5.571e-03 -4.693 -2.422 -2.547 -2.185
0.0055 -0.44261 7.39500 8.4317150116 2.6238640268    8.415  3.795  4.3654  3.982    1  0.000  0.538     0.00     0.00     0.00     0.00     0.00 -1    -1e-30      0.00 7.361e-01 2.584e-01 9.888e-04 2.699e-04 2.452e-03 -1.000 5.571e-03 -4.718 -2.446 -2.572 -2.210
0.0055 -0.44261 7.39500 8.6269865036 2.6241594427    8.611  3.844  4.3653  3.942    1  0.000  0.538     0.00     0.00     0.00     0.00     0.00 -1    -1e-30      0.00 7.361e-01 2.584e-01 9.888e-04 2.699e-04 2.452e-03 -1.000 5.571e-03 -4.841 -2.572 -2.698 -2.335
0.0055 -0.44261 7.39500 8.7913322449 2.6243964119    8.776  3.886  4.3641  3.903    1  0.000  0.538     0.00     0.00     0.00     0.00     0.00 -1    -1e-30      0.00 7.361e-01 2.584e-01 9.888e-04 2.699e-04 2.452e-03 -1.000 5.571e-03 -4.946 -2.687 -2.812 -2.450
0.0055 -0.44261 7.39500 8.9950218201 2.6246763356    8.980  3.940  4.3612  3.848    1  0.000  0.538     0.00     0.00     0.00     0.00     0.00 -1    -1e-30      0.00 7.361e-01 2.584e-01 9.888e-04 2.699e-04 2.452e-03 -1.000 5.571e-03 -5.080 -2.839 -2.964 -2.604
0.0055 -0.44261 7.39500 9.1798667908 2.6249180364    9.165  3.989  4.3570  3.791    1  0.000  0.538     0.00     0.00     0.00     0.00     0.00 -1    -1e-30      0.00 7.361e-01 2.584e-01 9.888e-04 2.699e-04 2.452e-03 -1.000 5.571e-03 -5.202 -2.988 -3.112 -2.756
0.0055 -0.44261 7.39500 9.2230415344 2.6249728885    9.209  4.001  4.3555  3.775    1  0.000  0.538     0.00     0.00     0.00     0.00     0.00 -1    -1e-30      0.00 7.361e-01 2.584e-01 9.888e-04 2.699e-04 2.452e-03 -1.000 5.571e-03 -5.232 -3.027 -3.150 -2.795
0.0055 -0.44261 7.39500 9.3271322250 2.6251027342    9.312  4.027  4.3523  3.741    1  0.000  0.538     0.00     0.00     0.00     0.00     0.00 -1    -1e-30      0.00 7.361e-01 2.584e-01 9.888e-04 2.699e-04 2.452e-03 -1.000 5.571e-03 -5.298 -3.113 -3.235 -2.883
0.0055 -0.44261 7.39500 9.4786758423 2.6252859236    9.463  4.067  4.3460  3.683    1  0.000  0.538     0.00     0.00     0.00     0.00     0.00 -1    -1e-30      0.00 7.361e-01 2.584e-01 9.888e-04 2.699e-04 2.452e-03 -1.000 5.571e-03 -5.398 -3.249 -3.370 -3.022
0.0055 -0.44261 7.39500 9.6286277771 2.6254606772    9.611  4.107  4.3386  3.620    1  0.000  0.538     0.00     0.00     0.00     0.00     0.00 -1    -1e-30      0.00 7.361e-01 2.584e-01 9.888e-04 2.699e-04 2.452e-03 -1.000 5.571e-03 -5.497 -3.392 -3.511 -3.169
0.0055 -0.44261 7.39500 9.7535142899 2.6256015130    9.735  4.142  4.3304  3.558    1  0.000  0.538     0.00     0.00     0.00     0.00     0.00 -1    -1e-30      0.00 7.361e-01 2.584e-01 9.888e-04 2.699e-04 2.452e-03 -1.000 5.571e-03 -5.585 -3.528 -3.645 -3.309
0.0055 -0.44261 7.39500 9.8865671158 2.6257470651    9.867  4.182  4.3247  3.501    1  0.000  0.538     0.00     0.00     0.00     0.00     0.00 -1    -1e-30      0.00 7.361e-01 2.584e-01 9.888e-04 2.699e-04 2.452e-03 -1.000 5.571e-03 -5.685 -3.662 -3.778 -3.446
0.0055 -0.44261 7.39500 9.9159574509 2.6257786113    9.896  4.193  4.3283  3.505    1  0.000  0.538     0.00     0.00     0.00     0.00     0.00 -1    -1e-30      0.00 7.361e-01 2.584e-01 9.888e-04 2.699e-04 2.452e-03 -1.000 5.571e-03 -5.713 -3.670 -3.786 -3.452
0.0055 -0.44261 7.39500 9.9548988342 2.6258200794    9.935  4.211  4.3397  3.535    1  0.000  0.538     0.00     0.00     0.00     0.00     0.00 -1    -1e-30      0.00 7.361e-01 2.584e-01 9.888e-04 2.699e-04 2.452e-03 -1.000 5.571e-03 -5.758 -3.651 -3.771 -3.428
0.0055 -0.44261 7.39500 9.9633722305 2.6258290532    9.943  4.221  4.3497  3.565    1  0.000  0.538     0.00     0.00     0.00     0.00     0.00 -1    -1e-30      0.00 7.361e-01 2.584e-01 9.888e-04 2.699e-04 2.452e-03 -1.000 5.571e-03 -5.782 -3.621 -3.743 -3.392
0.0055 -0.44261 7.39500 9.9679870605 2.6258339332    9.948  4.234  4.3613  3.599    1  0.000  0.538     0.00     0.00     0.00     0.00     0.00 -1    -1e-30      0.00 7.361e-01 2.584e-01 9.888e-04 2.699e-04 2.452e-03 -1.000 5.571e-03 -5.816 -3.590 -3.715 -3.355
0.0055 -0.44261 7.39500 9.9700307846 2.6258360927    9.950  4.250  4.3717  3.624    1  0.000  0.538     0.00     0.00     0.00     0.00     0.00 -1    -1e-30      0.00 7.361e-01 2.584e-01 9.888e-04 2.699e-04 2.452e-03 -1.000 5.571e-03 -5.856 -3.573 -3.701 -3.334
0.0055 -0.44261 7.39500 9.9710149765 2.6258371323    9.951  4.261  4.3779  3.638    1  0.000  0.538     0.00     0.00     0.00     0.00     0.00 -1    -1e-30      0.00 7.361e-01 2.584e-01 9.888e-04 2.699e-04 2.452e-03 -1.000 5.571e-03 -5.883 -3.566 -3.696 -3.324
0.0055 -0.44261 7.39500 9.9719381332 2.6258381072    9.952  4.238  4.3685  3.624    2  0.000  0.538     0.00     0.00     0.00     0.00     0.00 -1    -1e-30      0.00 7.361e-01 2.584e-01 9.888e-04 2.699e-04 2.452e-03 -1.000 5.571e-03 -5.824 -3.559 -3.686 -3.320
0.0055 -0.44261 7.39500 9.9724683762 2.6258386671    9.952  4.225  4.3576  3.593    2  0.000  0.538     0.00     0.00     0.00     0.00     0.00 -1    -1e-30      0.00 7.361e-01 2.584e-01 9.888e-04 2.699e-04 2.452e-03 -1.000 5.571e-03 -5.793 -3.588 -3.712 -3.355
0.0055 -0.44261 7.39500 9.9730262756 2.6258392561    9.953  4.219  4.3442  3.546    2  0.000  0.538     0.00     0.00     0.00     0.00     0.00 -1    -1e-30      0.00 7.361e-01 2.584e-01 9.888e-04 2.699e-04 2.452e-03 -1.000 5.571e-03 -5.778 -3.646 -3.767 -3.420
0.0055 -0.44261 7.39500 9.9736194611 2.6258398822    9.953  4.222  4.3280  3.478    2  0.000  0.538     0.00     0.00     0.00     0.00     0.00 -1    -1e-30      0.00 7.361e-01 2.584e-01 9.888e-04 2.699e-04 2.452e-03 -1.000 5.571e-03 -5.785 -3.745 -3.862 -3.528
0.0055 -0.44261 7.39500 9.9740552902 2.6258403422    9.954  4.229  4.3153  3.421    2  0.000  0.538     0.00     0.00     0.00     0.00     0.00 -1    -1e-30      0.00 7.361e-01 2.584e-01 9.888e-04 2.699e-04 2.452e-03 -1.000 5.571e-03 -5.802 -3.834 -3.948 -3.624
0.0055 -0.44261 7.39500 9.9744682312 2.6258407780    9.954  4.236  4.3028  3.363    2  0.000  0.538     0.00     0.00     0.00     0.00     0.00 -1    -1e-30      0.00 7.361e-01 2.584e-01 9.888e-04 2.699e-04 2.452e-03 -1.000 5.571e-03 -5.820 -3.924 -4.034 -3.721
0.0055 -0.44261 7.39500 9.9748630524 2.6258411947    9.954  4.243  4.2903  3.307    2  0.000  0.538     0.00     0.00     0.00     0.00     0.00 -1    -1e-30      0.00 7.361e-01 2.584e-01 9.888e-04 2.699e-04 2.452e-03 -1.000 5.571e-03 -5.837 -4.013 -4.120 -3.817
0.0055 -0.44261 7.39500 9.9752407074 2.6258415932    9.955  4.249  4.2780  3.251    2  0.000  0.538     0.00     0.00     0.00     0.00     0.00 -1    -1e-30      0.00 7.361e-01 2.584e-01 9.888e-04 2.699e-04 2.452e-03 -1.000 5.571e-03 -5.852 -4.099 -4.202 -3.910
0.0055 -0.44261 7.39500 9.9756031036 2.6258419755    9.955  4.254  4.2657  3.197    2  0.000  0.538     0.00     0.00     0.00     0.00     0.00 -1    -1e-30      0.00 7.361e-01 2.584e-01 9.888e-04 2.699e-04 2.452e-03 -1.000 5.571e-03 -5.865 -4.183 -4.282 -4.001
0.0055 -0.44261 7.39500 9.9759473801 2.6258423387    9.956  4.258  4.2535  3.144    2  0.000  0.538     0.00     0.00     0.00     0.00     0.00 -1    -1e-30      0.00 7.361e-01 2.584e-01 9.888e-04 2.699e-04 2.452e-03 -1.000 5.571e-03 -5.875 -4.263 -4.360 -4.088
0.0055 -0.44261 7.39500 9.9762792587 2.6258426889    9.956  4.261  4.2412  3.092    2  0.000  0.538     0.00     0.00     0.00     0.00     0.00 -1    -1e-30      0.00 7.361e-01 2.584e-01 9.888e-04 2.699e-04 2.452e-03 -1.000 5.571e-03 -5.884 -4.342 -4.435 -4.175
0.0055 -0.44261 7.39500 9.9765949249 2.6258430218    9.956  4.264  4.2290  3.040    2  0.000  0.538     0.00     0.00     0.00     0.00     0.00 -1    -1e-30      0.00 7.361e-01 2.584e-01 9.888e-04 2.699e-04 2.452e-03 -1.000 5.571e-03 -5.890 -4.419 -4.508 -4.259
0.0055 -0.44261 7.39500 9.9768972397 2.6258433407    9.957  4.266  4.2168  2.989    2  0.000  0.538     0.00     0.00     0.00     0.00     0.00 -1    -1e-30      0.00 7.361e-01 2.584e-01 9.888e-04 2.699e-04 2.452e-03 -1.000 5.571e-03 -5.896 -4.495 -4.580 -4.342
0.0055 -0.44261 7.39500 9.9771852493 2.6258436445    9.957  4.268  4.2047  2.939    2  0.000  0.538     0.00     0.00     0.00     0.00     0.00 -1    -1e-30      0.00 7.361e-01 2.584e-01 9.888e-04 2.699e-04 2.452e-03 -1.000 5.571e-03 -5.900 -4.569 -4.650 -4.424
0.0055 -0.44261 7.39500 9.9774599075 2.6258439341    9.957  4.269  4.1925  2.889    2  0.000  0.538     0.00     0.00     0.00     0.00     0.00 -1    -1e-30      0.00 7.361e-01 2.584e-01 9.888e-04 2.699e-04 2.452e-03 -1.000 5.571e-03 -5.902 -4.641 -4.720 -4.504
0.0055 -0.44261 7.39500 9.9777212143 2.6258442097    9.957  4.270  4.1804  2.840    2  0.000  0.538     0.00     0.00     0.00     0.00     0.00 -1    -1e-30      0.00 7.361e-01 2.584e-01 9.888e-04 2.699e-04 2.452e-03 -1.000 5.571e-03 -5.904 -4.713 -4.787 -4.583
0.0055 -0.44261 7.39500 9.9779701233 2.6258444722    9.958  4.270  4.1685  2.792    2  0.000  0.538     0.00     0.00     0.00     0.00     0.00 -1    -1e-30      0.00 7.361e-01 2.584e-01 9.888e-04 2.699e-04 2.452e-03 -1.000 5.571e-03 -5.905 -4.782 -4.852 -4.661
0.0055 -0.44261 7.39500 9.9782066345 2.6258447215    9.958  4.270  4.1564  2.743    2  0.000  0.538     0.00     0.00     0.00     0.00     0.00 -1    -1e-30      0.00 7.361e-01 2.584e-01 9.888e-04 2.699e-04 2.452e-03 -1.000 5.571e-03 -5.906 -4.851 -4.917 -4.737
0.0055 -0.44261 7.39500 9.9784317017 2.6258449589    9.958  4.270  4.1443  2.695    2  0.000  0.538     0.00     0.00     0.00     0.00     0.00 -1    -1e-30      0.00 7.361e-01 2.584e-01 9.888e-04 2.699e-04 2.452e-03 -1.000 5.571e-03 -5.905 -4.919 -4.981 -4.813
0.0055 -0.44261 7.39500 9.9786453247 2.6258451841    9.958  4.269  4.1323  2.648    2  0.000  0.538     0.00     0.00     0.00     0.00     0.00 -1    -1e-30      0.00 7.361e-01 2.584e-01 9.888e-04 2.699e-04 2.452e-03 -1.000 5.571e-03 -5.904 -4.985 -5.044 -4.887
0.0055 -0.44261 7.39500 9.9788484573 2.6258453982    9.958  4.269  4.1202  2.600    2  0.000  0.538     0.00     0.00     0.00     0.00     0.00 -1    -1e-30      0.00 7.361e-01 2.584e-01 9.888e-04 2.699e-04 2.452e-03 -1.000 5.571e-03 -5.902 -5.051 -5.105 -4.961
0.0055 -0.44261 7.39500 9.9790410995 2.6258456013    9.959  4.268  4.1082  2.553    2  0.000  0.538     0.00     0.00     0.00     0.00     0.00 -1    -1e-30      0.00 7.361e-01 2.584e-01 9.888e-04 2.699e-04 2.452e-03 -1.000 5.571e-03 -5.899 -5.115 -5.165 -5.033
0.0055 -0.44261 7.39500 9.9792242050 2.6258457944    9.959  4.267  4.0962  2.507    2  0.000  0.538     0.00     0.00     0.00     0.00     0.00 -1    -1e-30      0.00 7.361e-01 2.584e-01 9.888e-04 2.699e-04 2.452e-03 -1.000 5.571e-03 -5.896 -5.178 -5.224 -5.103
0.0055 -0.44261 7.39500 9.9793987274 2.6258459783    9.959  4.265  4.0843  2.460    2  0.000  0.538     0.00     0.00     0.00     0.00     0.00 -1    -1e-30      0.00 7.361e-01 2.584e-01 9.888e-04 2.699e-04 2.452e-03 -1.000 5.571e-03 -5.893 -5.239 -5.282 -5.172
0.0055 -0.44261 7.39500 9.9795637131 2.6258461522    9.959  4.264  4.0722  2.414    2  0.000  0.538     0.00     0.00     0.00     0.00     0.00 -1    -1e-30      0.00 7.361e-01 2.584e-01 9.888e-04 2.699e-04 2.452e-03 -1.000 5.571e-03 -5.889 -5.298 -5.336 -5.240
0.0055 -0.44261 7.39500 9.9797201157 2.6258463171    9.959  4.262  4.0603  2.368    2  0.000  0.538     0.00     0.00     0.00     0.00     0.00 -1    -1e-30      0.00 7.361e-01 2.584e-01 9.888e-04 2.699e-04 2.452e-03 -1.000 5.571e-03 -5.885 -5.354 -5.388 -5.306
0.0055 -0.44261 7.39500 9.9798688889 2.6258464739    9.959  4.260  4.0485  2.322    2  0.000  0.538     0.00     0.00     0.00     0.00     0.00 -1    -1e-30      0.00 7.361e-01 2.584e-01 9.888e-04 2.699e-04 2.452e-03 -1.000 5.571e-03 -5.880 -5.410 -5.438 -5.370
0.0055 -0.44261 7.39500 9.9800100327 2.6258466227    9.960  4.258  4.0365  2.276    2  0.000  0.538     0.00     0.00     0.00     0.00     0.00 -1    -1e-30      0.00 7.361e-01 2.584e-01 9.888e-04 2.699e-04 2.452e-03 -1.000 5.571e-03 -5.875 -5.464 -5.488 -5.433
0.0055 -0.44261 7.39500 9.9801435471 2.6258467634    9.960  4.256  4.0247  2.231    2  0.000  0.538     0.00     0.00     0.00     0.00     0.00 -1    -1e-30      0.00 7.361e-01 2.584e-01 9.888e-04 2.699e-04 2.452e-03 -1.000 5.571e-03 -5.870 -5.516 -5.536 -5.493
0.0055 -0.44261 7.39500 9.9802703857 2.6258468971    9.960  4.254  4.0128  2.186    2  0.000  0.538     0.00     0.00     0.00     0.00     0.00 -1    -1e-30      0.00 7.361e-01 2.584e-01 9.888e-04 2.699e-04 2.452e-03 -1.000 5.571e-03 -5.864 -5.567 -5.582 -5.552
0.0055 -0.44261 7.39500 9.9803915024 2.6258470247    9.960  4.251  4.0011  2.141    2  0.000  0.538     0.00     0.00     0.00     0.00     0.00 -1    -1e-30      0.00 7.361e-01 2.584e-01 9.888e-04 2.699e-04 2.452e-03 -1.000 5.571e-03 -5.858 -5.615 -5.626 -5.609
0.0055 -0.44261 7.39500 9.9805059433 2.6258471453    9.960  4.249  3.9893  2.097    2  0.000  0.538     0.00     0.00     0.00     0.00     0.00 -1    -1e-30      0.00 7.361e-01 2.584e-01 9.888e-04 2.699e-04 2.452e-03 -1.000 5.571e-03 -5.852 -5.662 -5.668 -5.664
0.0055 -0.44261 7.39500 9.9806146622 2.6258472599    9.960  4.246  3.9777  2.053    2  0.000  0.538     0.00     0.00     0.00     0.00     0.00 -1    -1e-30      0.00 7.361e-01 2.584e-01 9.888e-04 2.699e-04 2.452e-03 -1.000 5.571e-03 -5.845 -5.707 -5.709 -5.717
0.0055 -0.44261 7.39500 9.9807195663 2.6258473704    9.960  4.243  3.9659  2.008    2  0.000  0.538     0.00     0.00     0.00     0.00     0.00 -1    -1e-30      0.00 7.361e-01 2.584e-01 9.888e-04 2.699e-04 2.452e-03 -1.000 5.571e-03 -5.838 -5.751 -5.748 -5.768
0.0055 -0.44261 7.39500 9.9808168411 2.6258474729    9.960  4.241  3.9543  1.965    2  0.000  0.538     0.00     0.00     0.00     0.00     0.00 -1    -1e-30      0.00 7.361e-01 2.584e-01 9.888e-04 2.699e-04 2.452e-03 -1.000 5.571e-03 -5.832 -5.790 -5.782 -5.817
0.0055 -0.44261 7.39500 9.9809112549 2.6258475724    9.960  4.238  3.9427  1.921    2  0.000  0.538     0.00     0.00     0.00     0.00     0.00 -1    -1e-30      0.00 7.361e-01 2.584e-01 9.888e-04 2.699e-04 2.452e-03 -1.000 5.571e-03 -5.825 -5.826 -5.813 -5.864
0.0055 -0.44261 7.39500 9.9809999466 2.6258476659    9.961  4.235  3.9312  1.878    2  0.000  0.538     0.00     0.00     0.00     0.00     0.00 -1    -1e-30      0.00 7.361e-01 2.584e-01 9.888e-04 2.699e-04 2.452e-03 -1.000 5.571e-03 -5.817 -5.859 -5.840 -5.908
0.0055 -0.44261 7.39500 9.9810867310 2.6258477573    9.961  4.232  3.9196  1.835    2  0.000  0.538     0.00     0.00     0.00     0.00     0.00 -1    -1e-30      0.00 7.361e-01 2.584e-01 9.888e-04 2.699e-04 2.452e-03 -1.000 5.571e-03 -5.810 -5.887 -5.860 -5.950
0.0055 -0.44261 7.39500 9.9811677933 2.6258478428    9.961  4.229  3.9081  1.792    2  0.000  0.538     0.00     0.00     0.00     0.00     0.00 -1    -1e-30      0.00 7.361e-01 2.584e-01 9.888e-04 2.699e-04 2.452e-03 -1.000 5.571e-03 -5.802 -5.908 -5.872 -5.988
0.0055 -0.44261 7.39500 9.9812459946 2.6258479252    9.961  4.225  3.8967  1.750    2  0.000  0.538     0.00     0.00     0.00     0.00     0.00 -1    -1e-30      0.00 7.361e-01 2.584e-01 9.888e-04 2.699e-04 2.452e-03 -1.000 5.571e-03 -5.794 -5.923 -5.876 -6.023
0.0055 -0.44261 7.39500 9.9813222885 2.6258480055    9.961  4.222  3.8849  1.706    2  0.000  0.538     0.00     0.00     0.00     0.00     0.00 -1    -1e-30      0.00 7.361e-01 2.584e-01 9.888e-04 2.699e-04 2.452e-03 -1.000 5.571e-03 -5.785 -5.932 -5.871 -6.057
0.0055 -0.44261 7.39500 9.9813938141 2.6258480809    9.961  4.218  3.8733  1.663    2  0.000  0.538     0.00     0.00     0.00     0.00     0.00 -1    -1e-30      0.00 7.361e-01 2.584e-01 9.888e-04 2.699e-04 2.452e-03 -1.000 5.571e-03 -5.776 -5.935 -5.859 -6.087
0.0055 -0.44261 7.39500 9.9814624786 2.6258481532    9.961  4.215  3.8617  1.620    2  0.000  0.538     0.00     0.00     0.00     0.00     0.00 -1    -1e-30      0.00 7.361e-01 2.584e-01 9.888e-04 2.699e-04 2.452e-03 -1.000 5.571e-03 -5.767 -5.934 -5.841 -6.115
0.0055 -0.44261 7.39500 9.9815435410 2.6258482387    9.961  4.210  3.8472  1.567    2  0.000  0.538     0.00     0.00     0.00     0.00     0.00 -1    -1e-30      0.00 7.361e-01 2.584e-01 9.888e-04 2.699e-04 2.452e-03 -1.000 5.571e-03 -5.754 -5.927 -5.809 -6.149
0.0055 -0.44261 7.39500 9.9816036224 2.6258483020    9.961  4.206  3.8357  1.525    2  0.000  0.538     0.00     0.00     0.00     0.00     0.00 -1    -1e-30      0.00 7.361e-01 2.584e-01 9.888e-04 2.699e-04 2.452e-03 -1.000 5.571e-03 -5.744 -5.919 -5.779 -6.175
0.0055 -0.44261 7.39500 9.9816617966 2.6258483632    9.961  4.201  3.8242  1.484    2  0.000  0.538     0.00     0.00     0.00     0.00     0.00 -1    -1e-30      0.00 7.361e-01 2.584e-01 9.888e-04 2.699e-04 2.452e-03 -1.000 5.571e-03 -5.733 -5.907 -5.744 -6.198
0.0055 -0.44261 7.39500 9.9817314148 2.6258484366    9.961  4.196  3.8099  1.432    2  0.000  0.538     0.00     0.00     0.00     0.00     0.00 -1    -1e-30      0.00 7.361e-01 2.584e-01 9.888e-04 2.699e-04 2.452e-03 -1.000 5.571e-03 -5.719 -5.889 -5.696 -6.222
0.0055 -0.44261 7.39500 9.9817838669 2.6258484919    9.961  4.191  3.7984  1.391    2  0.000  0.538     0.00     0.00     0.00     0.00     0.00 -1    -1e-30      0.00 7.361e-01 2.584e-01 9.888e-04 2.699e-04 2.452e-03 -1.000 5.571e-03 -5.707 -5.870 -5.652 -6.238
0.0055 -0.44261 7.39500 9.9818334579 2.6258485441    9.961  4.186  3.7870  1.351    2  0.000  0.538     0.00     0.00     0.00     0.00     0.00 -1    -1e-30      0.00 7.361e-01 2.584e-01 9.888e-04 2.699e-04 2.452e-03 -1.000 5.571e-03 -5.694 -5.850 -5.606 -6.251
0.0055 -0.44261 7.39500 9.9818944931 2.6258486084    9.962  4.179  3.7726  1.300    2  0.000  0.538     0.00     0.00     0.00     0.00     0.00 -1    -1e-30      0.00 7.361e-01 2.584e-01 9.888e-04 2.699e-04 2.452e-03 -1.000 5.571e-03 -5.677 -5.820 -5.540 -6.264
0.0055 -0.44261 7.39500 9.9819393158 2.6258486556    9.962  4.173  3.7614  1.261    2  0.000  0.538     0.00     0.00     0.00     0.00     0.00 -1    -1e-30      0.00 7.361e-01 2.584e-01 9.888e-04 2.699e-04 2.452e-03 -1.000 5.571e-03 -5.662 -5.792 -5.485 -6.268
0.0055 -0.44261 7.39500 9.9819831848 2.6258487018    9.962  4.167  3.7501  1.222    2  0.000  0.538     0.00     0.00     0.00     0.00     0.00 -1    -1e-30      0.00 7.361e-01 2.584e-01 9.888e-04 2.699e-04 2.452e-03 -1.000 5.571e-03 -5.647 -5.761 -5.426 -6.268
0.0055 -0.44261 7.39500 9.9820261002 2.6258487471    9.962  4.160  3.7388  1.184    2  0.000  0.538     0.00     0.00     0.00     0.00     0.00 -1    -1e-30      0.00 7.361e-01 2.584e-01 9.888e-04 2.699e-04 2.452e-03 -1.000 5.571e-03 -5.629 -5.729 -5.364 -6.266
0.0055 -0.44261 7.39500 9.9820671082 2.6258487903    9.962  4.152  3.7277  1.147    2  0.000  0.538     0.00     0.00     0.00     0.00     0.00 -1    -1e-30      0.00 7.361e-01 2.584e-01 9.888e-04 2.699e-04 2.452e-03 -1.000 5.571e-03 -5.611 -5.691 -5.298 -6.256
0.0055 -0.44261 7.39500 9.9821071625 2.6258488324    9.962  4.144  3.7166  1.110    2  0.000  0.538     0.00     0.00     0.00     0.00     0.00 -1    -1e-30      0.00 7.361e-01 2.584e-01 9.888e-04 2.699e-04 2.452e-03 -1.000 5.571e-03 -5.591 -5.648 -5.226 -6.240
0.0055 -0.44261 7.39500 9.9821462631 2.6258488736    9.962  4.135  3.7063  1.078    2  0.000  0.538     0.00     0.00     0.00     0.00     0.00 -1    -1e-30      0.00 7.361e-01 2.584e-01 9.888e-04 2.699e-04 2.452e-03 -1.000 5.571e-03 -5.569 -5.603 -5.152 -6.220
0.0055 -0.44261 7.39500 9.9821853638 2.6258489148    9.962  4.126  3.6965  1.049    2  0.000  0.538     0.00     0.00     0.00     0.00     0.00 -1    -1e-30      0.00 7.361e-01 2.584e-01 9.888e-04 2.699e-04 2.452e-03 -1.000 5.571e-03 -5.544 -5.553 -5.077 -6.194
0.0055 -0.44261 7.39500 9.9822254181 2.6258489570    9.962  4.114  3.6874  1.024    2  0.000  0.538     0.00     0.00     0.00     0.00     0.00 -1    -1e-30      0.00 7.361e-01 2.584e-01 9.888e-04 2.699e-04 2.452e-03 -1.000 5.571e-03 -5.515 -5.499 -4.998 -6.161
0.0055 -0.44261 7.39500 9.9822721481 2.6258490063    9.962  4.099  3.6784  1.003    2  0.000  0.538     0.00     0.00     0.00     0.00     0.00 -1    -1e-30      0.00 7.361e-01 2.584e-01 9.888e-04 2.699e-04 2.452e-03 -1.000 5.571e-03 -5.478 -5.437 -4.911 -6.119
0.0055 -0.44261 7.39500 9.9823322296 2.6258490695    9.962  4.082  3.6701  0.987    2  0.000  0.538     0.00     0.00     0.00     0.00     0.00 -1    -1e-30      0.00 7.361e-01 2.584e-01 9.888e-04 2.699e-04 2.452e-03 -1.000 5.571e-03 -5.434 -5.366 -4.816 -6.067
0.0055 -0.44261 7.39500 9.9824113846 2.6258491529    9.962  4.061  3.6622  0.976    2  0.000  0.538     0.00     0.00     0.00     0.00     0.00 -1    -1e-30      0.00 7.361e-01 2.584e-01 9.888e-04 2.699e-04 2.452e-03 -1.000 5.571e-03 -5.383 -5.284 -4.713 -6.003
0.0055 -0.44261 7.39500 9.9825134277 2.6258492604    9.962  4.040  3.6543  0.965    2  0.000  0.538     0.00     0.00     0.00     0.00     0.00 -1    -1e-30      0.00 7.361e-01 2.584e-01 9.888e-04 2.699e-04 2.452e-03 -1.000 5.571e-03 -5.330 -5.199 -4.603 -5.935
0.0055 -0.44261 7.39500 9.9825868607 2.6258493378    9.962  4.029  3.6490  0.955    2  0.000  0.538     0.00     0.00     0.00     0.00     0.00 -1    -1e-30      0.00 7.361e-01 2.584e-01 9.888e-04 2.699e-04 2.452e-03 -1.000 5.571e-03 -5.302 -5.146 -4.534 -5.894
0.0055 -0.44261 7.39500 9.9826679230 2.6258494232    9.962  4.039  3.6426  0.920    3  0.000  0.537    41.50    29.08    20.28    14.64    12.12  4    -1e-30      0.00 7.361e-01 2.584e-01 9.881e-04 2.702e-04 2.452e-03 -1.000 5.571e-03 -5.327 -5.139 -4.506 -5.903
0.0055 -0.44261 7.39500 9.9827594757 2.6258495196    9.962  4.076  3.6343  0.849    3  0.000  0.532    48.95    33.08    22.93    16.59    13.73  4    -1e-30      0.00 7.361e-01 2.584e-01 9.801e-04 2.737e-04 2.452e-03 -1.000 5.571e-03 -5.421 -5.188 -4.525 -5.974
0.0055 -0.44261 7.39500 9.9828147888 2.6258495778    9.962  4.118  3.6284  0.784    3  0.000  0.502    56.91    37.20    25.65    18.59    15.40  4    -1e-30      0.00 7.361e-01 2.584e-01 9.255e-04 3.165e-04 2.452e-03 -1.000 5.572e-03 -5.525 -5.259 -4.573 -6.061
0.0055 -0.44261 7.39500 9.9828577042 2.6258496230    9.962  4.158  3.6235  0.725    3  0.000  0.455    65.30    41.41    28.42    20.62    17.09  4    -1e-30      0.00 7.360e-01 2.584e-01 8.389e-04 4.166e-04 2.452e-03 -1.000 5.657e-03 -5.625 -5.330 -4.623 -6.146
0.0055 -0.44261 7.39500 9.9828777313 2.6258496441    9.963  4.177  3.6213  0.697    3  0.000  0.436    69.69    43.57    29.83    21.67    17.95  4    -1e-30      0.00 7.360e-01 2.584e-01 8.043e-04 4.591e-04 2.452e-03 -1.000 5.671e-03 -5.672 -5.364 -4.647 -6.186
0.0055 -0.44261 7.39500 9.9828968048 2.6258496642    9.963  4.197  3.6191  0.668    3  0.000  0.421    74.55    45.92    31.36    22.80    18.89  4    -1e-30      0.00 7.360e-01 2.584e-01 7.766e-04 4.934e-04 2.452e-03 -1.000 5.671e-03 -5.723 -5.402 -4.676 -6.231
0.0055 -0.44261 7.39500 9.9829092026 2.6258496773    9.962  4.209  3.6179  0.651    3  0.000  0.415    77.48    47.32    32.28    23.47    19.45  4    -1e-30      0.00 7.359e-01 2.584e-01 7.643e-04 5.090e-04 2.451e-03 -1.000 5.631e-03 -5.752 -5.423 -4.691 -6.255
0.0055 -0.44261 7.39500 9.9829559326 2.6258497265    9.963  4.252  3.6134  0.590    3  0.000  0.397    89.25    52.84    35.86    26.12    21.66  4    -1e-30      0.00 7.354e-01 2.590e-01 7.262e-04 5.684e-04 2.437e-03 -1.000 5.610e-03 -5.860 -5.503 -4.750 -6.348
0.0055 -0.44261 7.39500 9.9830112457 2.6258497848    9.963  4.294  3.6094  0.532    3  0.000  0.386   102.03    58.65    39.62    28.90    23.97  4    -1e-30      0.00 7.343e-01 2.600e-01 6.987e-04 6.281e-04 2.407e-03 -1.000 5.610e-03 -5.964 -5.580 -4.808 -6.437
0.0055 -0.44261 7.39500 9.9831047058 2.6258498832    9.963  4.340  3.6049  0.468    3  0.000  0.378   118.43    65.88    44.27    32.35    26.84  4    -1e-30      0.00 7.331e-01 2.613e-01 6.750e-04 6.844e-04 2.376e-03 -1.000 5.638e-03 -6.080 -5.664 -4.868 -6.536
0.0055 -0.44261 7.39500 9.9833269119 2.6258501172    9.963  4.381  3.6008  0.411    3  0.000  0.374   135.17    73.03    48.85    35.75    29.66  4    -1e-30      0.00 7.317e-01 2.626e-01 6.563e-04 7.416e-04 2.337e-03 -1.000 5.649e-03 -6.182 -5.738 -4.920 -6.623
0.0055 -0.44261 7.39500 9.9841003418 2.6258509317    9.964  4.420  3.5970  0.357    3  0.000  0.372   153.27    80.55    53.64    39.32    32.63  4    -1e-30      0.00 7.279e-01 2.665e-01 6.354e-04 8.251e-04 2.272e-03 -1.000 5.611e-03 -6.280 -5.806 -4.965 -6.704
0.0055 -0.44261 7.39500 9.9854450226 2.6258523474    9.965  4.443  3.5949  0.325    3  0.000  0.372   164.86    85.26    56.64    41.55    34.48  4    -1e-30      0.00 7.243e-01 2.701e-01 6.229e-04 8.791e-04 2.228e-03 -1.000 5.591e-03 -6.337 -5.846 -4.992 -6.752
0.0055 -0.44261 7.39500 9.9878301620 2.6258548574    9.967  4.460  3.5933  0.302    3  0.000  0.372   174.22    89.01    59.01    43.31    35.95  3    -1e-30      0.00 7.219e-01 2.725e-01 6.158e-04 9.092e-04 2.204e-03 -1.000 5.591e-03 -6.381 -5.877 -5.014 -6.789
0.0055 -0.44261 7.39500 10.0011625290 2.6258688626    9.981  4.450  3.5946  0.318    4  0.000  0.372     0.00     0.00     0.00     0.00     0.00 -1    -1e-30      0.00 7.219e-01 2.725e-01 6.158e-04 9.093e-04 2.204e-03 -1.000 5.591e-03 -6.355 -5.863 -5.007 -6.769
0.0055 -0.44261 7.39500 10.0429306030 2.6259124616   10.022  4.419  3.5987  0.367    4  0.000  0.372     0.00     0.00     0.00     0.00     0.00 -1    -1e-30      0.00 7.219e-01 2.725e-01 6.158e-04 9.096e-04 2.203e-03 -1.000 5.592e-03 -6.277 -5.816 -4.984 -6.709
0.0055 -0.44261 7.39500 10.0541372299 2.6259240886   10.033  4.411  3.5998  0.380    4  0.000  0.372     0.00     0.00     0.00     0.00     0.00 -1    -1e-30      0.00 7.219e-01 2.725e-01 6.157e-04 9.097e-04 2.203e-03 -1.000 5.592e-03 -6.256 -5.804 -4.978 -6.693
0.0055 -0.44261 7.39500 10.0850391388 2.6259559959   10.064  4.388  3.6027  0.415    4  0.000  0.372     0.00     0.00     0.00     0.00     0.00 -1    -1e-30      0.00 7.218e-01 2.726e-01 6.156e-04 9.103e-04 2.203e-03 -1.000 5.593e-03 -6.201 -5.769 -4.959 -6.649
0.0055 -0.44261 7.39500 10.1373567581 2.6260095059   10.116  4.359  3.6073  0.465    4  0.000  0.372     0.00     0.00     0.00     0.00     0.00 -1    -1e-30      0.00 7.216e-01 2.728e-01 6.155e-04 9.113e-04 2.202e-03 -1.000 5.595e-03 -6.129 -5.730 -4.944 -6.595
0.0055 -0.44261 7.39500 10.2312612534 2.6261039740   10.210  4.342  3.6142  0.514    4  0.000  0.372     0.00     0.00     0.00     0.00     0.00 -1    -1e-30      0.00 7.214e-01 2.730e-01 6.152e-04 9.131e-04 2.200e-03 -1.000 5.598e-03 -6.085 -5.731 -4.977 -6.577
0.0055 -0.44261 7.39500 10.2450304031 2.6261176585   10.224  4.342  3.6151  0.518    4  0.000  0.372     0.00     0.00     0.00     0.00     0.00 -1    -1e-30      0.00 7.214e-01 2.731e-01 6.151e-04 9.133e-04 2.200e-03 -1.000 5.598e-03 -6.085 -5.737 -4.987 -6.580
0.0055 -0.44261 7.39500 10.2557573318 2.6261282902   10.234  4.345  3.6159  0.519    4  0.000  0.372     0.00     0.00     0.00     0.00     0.00 -1    -1e-30      0.00 7.213e-01 2.731e-01 6.151e-04 9.135e-04 2.200e-03 -1.000 5.598e-03 -6.092 -5.750 -5.002 -6.591
0.0055 -0.44261 7.39500 10.2572326660 2.6261297504   10.236  4.347  3.6165  0.519    4  0.000  0.372     0.00     0.00     0.00     0.00     0.00 -1    -1e-30      0.00 7.213e-01 2.731e-01 6.151e-04 9.136e-04 2.200e-03 -1.000 5.598e-03 -6.098 -5.759 -5.014 -6.599
0.0055 -0.44261 7.39500 10.2576398849 2.6261301534   10.236  4.349  3.6169  0.519    4  0.000  0.372     0.00     0.00     0.00     0.00     0.00 -1    -1e-30      0.00 7.213e-01 2.731e-01 6.151e-04 9.136e-04 2.200e-03 -1.000 5.598e-03 -6.102 -5.765 -5.022 -6.604
0.0055 -0.44261 7.39500 10.2578105927 2.6261303223   10.236  4.350  3.6175  0.520    4  0.000  0.372     0.00     0.00     0.00     0.00     0.00 -1    -1e-30      0.00 7.213e-01 2.731e-01 6.151e-04 9.136e-04 2.200e-03 -1.000 5.598e-03 -6.105 -5.772 -5.031 -6.609
0.0055 -0.44261 7.39500 10.2578916550 2.6261304025   10.237  4.350  3.6181  0.522    4  0.000  0.372     0.00     0.00     0.00     0.00     0.00 -1    -1e-30      0.00 7.213e-01 2.731e-01 6.151e-04 9.136e-04 2.200e-03 -1.000 5.598e-03 -6.106 -5.777 -5.038 -6.612
0.0055 -0.44261 7.39500 10.2579450607 2.6261304554   10.237  4.351  3.6187  0.524    4  0.000  0.372     0.00     0.00     0.00     0.00     0.00 -1    -1e-30      0.00 7.213e-01 2.731e-01 6.151e-04 9.136e-04 2.200e-03 -1.000 5.598e-03 -6.106 -5.781 -5.045 -6.615
0.0055 -0.44261 7.39500 10.2580080032 2.6261305176   10.237  4.351  3.6195  0.528    4  0.000  0.372     0.00     0.00     0.00     0.00     0.00 -1    -1e-30      0.00 7.213e-01 2.731e-01 6.151e-04 9.136e-04 2.200e-03 -1.000 5.598e-03 -6.107 -5.787 -5.054 -6.619
0.0055 -0.44261 7.39500 10.2580595016 2.6261305686   10.237  4.351  3.6204  0.531    4  0.000  0.372     0.00     0.00     0.00     0.00     0.00 -1    -1e-30      0.00 7.213e-01 2.731e-01 6.151e-04 9.136e-04 2.200e-03 -1.000 5.598e-03 -6.107 -5.792 -5.063 -6.622
0.0055 -0.44261 7.39500 10.2580976486 2.6261306063   10.237  4.351  3.6210  0.533    4  0.000  0.372     0.00     0.00     0.00     0.00     0.00 -1    -1e-30      0.00 7.213e-01 2.731e-01 6.151e-04 9.136e-04 2.200e-03 -1.000 5.598e-03 -6.107 -5.796 -5.069 -6.624
0.0055 -0.44261 7.39500 10.2581367493 2.6261306450   10.237  4.351  3.6217  0.536    4  0.000  0.372     0.00     0.00     0.00     0.00     0.00 -1    -1e-30      0.00 7.213e-01 2.731e-01 6.151e-04 9.136e-04 2.200e-03 -1.000 5.598e-03 -6.107 -5.800 -5.076 -6.627
0.0055 -0.44261 7.39500 10.2581748962 2.6261306828   10.237  4.351  3.6223  0.538    4  0.000  0.372     0.00     0.00     0.00     0.00     0.00 -1    -1e-30      0.00 7.213e-01 2.731e-01 6.151e-04 9.136e-04 2.200e-03 -1.000 5.598e-03 -6.107 -5.804 -5.082 -6.629
0.0055 -0.44261 7.39500 10.2582159042 2.6261307233   10.237  4.351  3.6230  0.541    4  0.000  0.372     0.00     0.00     0.00     0.00     0.00 -1    -1e-30      0.00 7.213e-01 2.731e-01 6.151e-04 9.136e-04 2.200e-03 -1.000 5.598e-03 -6.107 -5.808 -5.088 -6.631
0.0055 -0.44261 7.39500 10.2582664490 2.6261307734   10.237  4.351  3.6238  0.544    4  0.000  0.372     0.00     0.00     0.00     0.00     0.00 -1    -1e-30      0.00 7.213e-01 2.731e-01 6.151e-04 9.136e-04 2.200e-03 -1.000 5.598e-03 -6.108 -5.813 -5.096 -6.634
0.0055 -0.44261 7.39500 10.2583198547 2.6261308262   10.237  4.351  3.6246  0.548    4  0.000  0.372     0.00     0.00     0.00     0.00     0.00 -1    -1e-30      0.00 7.213e-01 2.731e-01 6.151e-04 9.136e-04 2.200e-03 -1.000 5.598e-03 -6.108 -5.818 -5.104 -6.637
0.0055 -0.44261 7.39500 10.2583742142 2.6261308800   10.237  4.351  3.6254  0.551    4  0.000  0.372     0.00     0.00     0.00     0.00     0.00 -1    -1e-30      0.00 7.213e-01 2.731e-01 6.151e-04 9.136e-04 2.200e-03 -1.000 5.598e-03 -6.108 -5.822 -5.112 -6.639
0.0055 -0.44261 7.39500 10.2584218979 2.6261309272   10.237  4.351  3.6261  0.553    4  0.000  0.372     0.00     0.00     0.00     0.00     0.00 -1    -1e-30      0.00 7.213e-01 2.731e-01 6.151e-04 9.136e-04 2.200e-03 -1.000 5.598e-03 -6.108 -5.826 -5.118 -6.642
0.0055 -0.44261 7.39500 10.2584810257 2.6261309856   10.237  4.351  3.6269  0.556    4  0.000  0.372     0.00     0.00     0.00     0.00     0.00 -1    -1e-30      0.00 7.213e-01 2.731e-01 6.151e-04 9.136e-04 2.200e-03 -1.000 5.598e-03 -6.108 -5.831 -5.126 -6.644
0.0055 -0.44261 7.39500 10.2585468292 2.6261310507   10.237  4.351  3.6277  0.560    4  0.000  0.372     0.00     0.00     0.00     0.00     0.00 -1    -1e-30      0.00 7.213e-01 2.731e-01 6.151e-04 9.136e-04 2.200e-03 -1.000 5.598e-03 -6.108 -5.836 -5.134 -6.647
0.0055 -0.44261 7.39500 10.2586154938 2.6261311187   10.237  4.351  3.6285  0.563    4  0.000  0.372     0.00     0.00     0.00     0.00     0.00 -1    -1e-30      0.00 7.213e-01 2.731e-01 6.151e-04 9.136e-04 2.200e-03 -1.000 5.598e-03 -6.108 -5.841 -5.142 -6.650
0.0055 -0.44261 7.39500 10.2586908340 2.6261311932   10.237  4.351  3.6293  0.566    4  0.000  0.372     0.00     0.00     0.00     0.00     0.00 -1    -1e-30      0.00 7.213e-01 2.731e-01 6.151e-04 9.136e-04 2.200e-03 -1.000 5.598e-03 -6.108 -5.845 -5.150 -6.653
0.0055 -0.44261 7.39500 10.2587718964 2.6261312734   10.237  4.351  3.6301  0.570    4  0.000  0.372     0.00     0.00     0.00     0.00     0.00 -1    -1e-30      0.00 7.213e-01 2.731e-01 6.151e-04 9.136e-04 2.200e-03 -1.000 5.598e-03 -6.108 -5.850 -5.157 -6.655
0.0055 -0.44261 7.39500 10.2588605881 2.6261313611   10.237  4.351  3.6309  0.573    4  0.000  0.372     0.00     0.00     0.00     0.00     0.00 -1    -1e-30      0.00 7.213e-01 2.731e-01 6.151e-04 9.136e-04 2.200e-03 -1.000 5.598e-03 -6.108 -5.854 -5.165 -6.658
0.0055 -0.44261 7.39500 10.2589368820 2.6261314366   10.238  4.351  3.6316  0.575    4  0.000  0.372     0.00     0.00     0.00     0.00     0.00 -1    -1e-30      0.00 7.213e-01 2.731e-01 6.151e-04 9.136e-04 2.200e-03 -1.000 5.598e-03 -6.108 -5.858 -5.170 -6.659
0.0055 -0.44261 7.39500 10.2590417862 2.6261315404   10.238  4.351  3.6324  0.579    4  0.000  0.372     0.00     0.00     0.00     0.00     0.00 -1    -1e-30      0.00 7.213e-01 2.731e-01 6.151e-04 9.136e-04 2.200e-03 -1.000 5.598e-03 -6.108 -5.862 -5.178 -6.662
0.0055 -0.44261 7.39500 10.2591581345 2.6261316555   10.238  4.351  3.6332  0.582    4  0.000  0.372     0.00     0.00     0.00     0.00     0.00 -1    -1e-30      0.00 7.213e-01 2.731e-01 6.151e-04 9.136e-04 2.200e-03 -1.000 5.598e-03 -6.107 -5.867 -5.185 -6.664
0.0055 -0.44261 7.39500 10.2592887878 2.6261317847   10.238  4.351  3.6340  0.585    4  0.000  0.372     0.00     0.00     0.00     0.00     0.00 -1    -1e-30      0.00 7.213e-01 2.731e-01 6.151e-04 9.136e-04 2.200e-03 -1.000 5.598e-03 -6.107 -5.871 -5.192 -6.667
0.0055 -0.44261 7.39500 10.2594060898 2.6261319007   10.238  4.351  3.6347  0.588    4  0.000  0.372     0.00     0.00     0.00     0.00     0.00 -1    -1e-30      0.00 7.213e-01 2.731e-01 6.151e-04 9.136e-04 2.200e-03 -1.000 5.598e-03 -6.107 -5.874 -5.198 -6.668
0.0055 -0.44261 7.39500 10.2595767975 2.6261320696   10.238  4.351  3.6355  0.591    4  0.000  0.372     0.00     0.00     0.00     0.00     0.00 -1    -1e-30      0.00 7.213e-01 2.731e-01 6.151e-04 9.136e-04 2.200e-03 -1.000 5.598e-03 -6.107 -5.879 -5.205 -6.671
0.0055 -0.44261 7.39500 10.2597389221 2.6261322299   10.238  4.351  3.6361  0.594    4  0.000  0.372     0.00     0.00     0.00     0.00     0.00 -1    -1e-30      0.00 7.213e-01 2.731e-01 6.151e-04 9.136e-04 2.200e-03 -1.000 5.598e-03 -6.107 -5.882 -5.211 -6.673
0.0055 -0.44261 7.39500 10.2599334717 2.6261324224   10.239  4.351  3.6368  0.597    4  0.000  0.372     0.00     0.00     0.00     0.00     0.00 -1    -1e-30      0.00 7.213e-01 2.731e-01 6.151e-04 9.136e-04 2.200e-03 -1.000 5.598e-03 -6.107 -5.886 -5.216 -6.674
0.0055 -0.44261 7.39500 10.2602491379 2.6261327345   10.239  4.351  3.6376  0.600    4  0.000  0.372     0.00     0.00     0.00     0.00     0.00 -1    -1e-30      0.00 7.213e-01 2.731e-01 6.151e-04 9.136e-04 2.200e-03 -1.000 5.598e-03 -6.107 -5.890 -5.223 -6.677
0.0055 -0.44261 7.39500 10.2606010437 2.6261330825   10.239  4.351  3.6382  0.603    4  0.000  0.372     0.00     0.00     0.00     0.00     0.00 -1    -1e-30      0.00 7.213e-01 2.731e-01 6.151e-04 9.136e-04 2.200e-03 -1.000 5.598e-03 -6.106 -5.893 -5.229 -6.679
0.0055 -0.44261 7.39500 10.2611255646 2.6261336012   10.240  4.351  3.6389  0.605    4  0.000  0.372     0.00     0.00     0.00     0.00     0.00 -1    -1e-30      0.00 7.213e-01 2.731e-01 6.151e-04 9.136e-04 2.200e-03 -1.000 5.598e-03 -6.107 -5.897 -5.235 -6.681
0.0055 -0.44261 7.39500 10.2620286942 2.6261344940   10.241  4.351  3.6396  0.608    4  0.000  0.372     0.00     0.00     0.00     0.00     0.00 -1    -1e-30      0.00 7.213e-01 2.731e-01 6.151e-04 9.136e-04 2.200e-03 -1.000 5.598e-03 -6.107 -5.901 -5.242 -6.683
0.0055 -0.44261 7.39500 10.2643814087 2.6261368192   10.243  4.351  3.6406  0.612    4  0.000  0.372     0.00     0.00     0.00     0.00     0.00 -1    -1e-30      0.00 7.213e-01 2.731e-01 6.151e-04 9.137e-04 2.199e-03 -1.000 5.599e-03 -6.108 -5.908 -5.252 -6.687
0.0055 -0.44261 7.39500 10.2671194077 2.6261395235   10.246  4.352  3.6416  0.615    4  0.000  0.372     0.00     0.00     0.00     0.00     0.00 -1    -1e-30      0.00 7.213e-01 2.731e-01 6.151e-04 9.137e-04 2.199e-03 -1.000 5.599e-03 -6.110 -5.915 -5.262 -6.692
0.0055 -0.44261 7.39500 10.2703237534 2.6261426864   10.249  4.353  3.6428  0.619    4  0.000  0.372     0.00     0.00     0.00     0.00     0.00 -1    -1e-30      0.00 7.213e-01 2.731e-01 6.151e-04 9.138e-04 2.199e-03 -1.000 5.599e-03 -6.112 -5.923 -5.274 -6.697
0.0055 -0.44261 7.39500 10.2740898132 2.6261464008   10.253  4.354  3.6442  0.623    4  0.000  0.372     0.00     0.00     0.00     0.00     0.00 -1    -1e-30      0.00 7.213e-01 2.731e-01 6.150e-04 9.139e-04 2.199e-03 -1.000 5.599e-03 -6.115 -5.933 -5.289 -6.704
0.0055 -0.44261 7.39500 10.2777757645 2.6261500332   10.256  4.355  3.6455  0.627    4  0.000  0.372     0.00     0.00     0.00     0.00     0.00 -1    -1e-30      0.00 7.213e-01 2.731e-01 6.150e-04 9.139e-04 2.199e-03 -1.000 5.599e-03 -6.119 -5.943 -5.302 -6.711
0.0055 -0.44261 7.39500 10.2823314667 2.6261545185   10.261  4.357  3.6470  0.632    5  0.000  0.372     0.00     0.00     0.00     0.00     0.00 -1    -1e-30      0.00 7.213e-01 2.731e-01 6.150e-04 9.140e-04 2.199e-03 -1.000 5.599e-03 -6.123 -5.954 -5.319 -6.719
0.0055 -0.44261 7.39500 10.2876787186 2.6261597774   10.266  4.359  3.6487  0.637    5  0.000  0.372     0.00     0.00     0.00     0.00     0.00 -1    -1e-30      0.00 7.212e-01 2.732e-01 6.150e-04 9.141e-04 2.199e-03 -1.000 5.599e-03 -6.127 -5.967 -5.337 -6.728
0.0055 -0.44261 7.39500 10.2941493988 2.6261661327   10.273  4.365  3.6520  0.645    5  0.000  0.372     0.00     0.00     0.00     0.00     0.00 -1    -1e-30      0.00 7.212e-01 2.732e-01 6.150e-04 9.142e-04 2.199e-03 -1.000 5.599e-03 -6.143 -5.998 -5.379 -6.751
0.0055 -0.44261 7.39500 10.3030347824 2.6261748447   10.281  4.371  3.6789  0.747    5  0.000  0.372     0.00     0.00     0.00     0.00     0.00 -1    -1e-30      0.00 7.212e-01 2.732e-01 6.149e-04 9.144e-04 2.199e-03 -1.000 5.600e-03 -6.157 -6.117 -5.587 -6.802
0.0055 -0.44261 7.39500 10.3210754395 2.6261924802   10.300  4.375  3.6832  0.761    5  0.000  0.372     0.00     0.00     0.00     0.00     0.00 -1    -1e-30      0.00 7.211e-01 2.733e-01 6.149e-04 9.148e-04 2.199e-03 -1.000 5.600e-03 -6.167 -6.139 -5.623 -6.813
0.0055 -0.44261 7.39500 10.3232402802 2.6261945917   10.302  4.375  3.6835  0.762    5  0.000  0.372     0.00     0.00     0.00     0.00     0.00 -1    -1e-30      0.00 7.211e-01 2.733e-01 6.149e-04 9.148e-04 2.198e-03 -1.000 5.600e-03 -6.168 -6.141 -5.625 -6.815
0.0055 -0.44261 7.39500 10.3448991776 2.6262156606   10.323  4.383  3.6824  0.750    5  0.000  0.373     0.00     0.00     0.00     0.00     0.00 -1    -1e-30      0.00 7.211e-01 2.733e-01 6.148e-04 9.152e-04 2.198e-03 -1.000 5.601e-03 -6.188 -6.157 -5.639 -6.834
0.0055 -0.44261 7.39500 10.3560323715 2.6262264511   10.334  4.387  3.6809  0.741    6  0.000  0.373     0.00     0.00     0.00     0.00     0.00 -1    -1e-30      0.00 7.211e-01 2.733e-01 6.148e-04 9.154e-04 2.198e-03 -1.000 5.601e-03 -6.197 -6.163 -5.639 -6.844
0.0055 -0.44261 7.39500 10.3653020859 2.6262354152   10.344  4.390  3.6798  0.734    6  0.000  0.373     0.00     0.00     0.00     0.00     0.00 -1    -1e-30      0.00 7.210e-01 2.734e-01 6.148e-04 9.156e-04 2.198e-03 -1.000 5.601e-03 -6.206 -6.168 -5.641 -6.852
0.0055 -0.44261 7.39500 10.3756694794 2.6262454189   10.354  4.394  3.6786  0.725    6  0.000  0.373     0.00     0.00     0.00     0.00     0.00 -1    -1e-30      0.00 7.210e-01 2.734e-01 6.147e-04 9.158e-04 2.198e-03 -1.000 5.602e-03 -6.215 -6.174 -5.643 -6.861
0.0055 -0.44261 7.39500 10.3806486130 2.6262502152   10.359  4.397  3.6799  0.728    6  0.000  0.373     0.00     0.00     0.00     0.00     0.00 -1    -1e-30      0.00 7.210e-01 2.734e-01 6.147e-04 9.159e-04 2.197e-03 -1.000 5.602e-03 -6.223 -6.185 -5.658 -6.869
0.0055 -0.44261 7.39500 10.3813447952 2.6262508854   10.360  4.397  3.6808  0.731    6  0.000  0.373     0.00     0.00     0.00     0.00     0.00 -1    -1e-30      0.00 7.210e-01 2.734e-01 6.147e-04 9.159e-04 2.197e-03 -1.000 5.602e-03 -6.224 -6.189 -5.665 -6.870
0.0055 -0.44261 7.39500 10.3836765289 2.6262531293   10.362  4.397  3.6815  0.734    6  0.000  0.373     0.00     0.00     0.00     0.00     0.00 -1    -1e-30      0.00 7.210e-01 2.734e-01 6.147e-04 9.159e-04 2.197e-03 -1.000 5.602e-03 -6.223 -6.191 -5.669 -6.870
0.0055 -0.44261 7.39500 10.3871307373 2.6262564514   10.365  4.399  3.6803  0.728    6  0.000  0.373     0.00     0.00     0.00     0.00     0.00 -1    -1e-30      0.00 7.210e-01 2.734e-01 6.147e-04 9.160e-04 2.197e-03 -1.000 5.602e-03 -6.226 -6.190 -5.664 -6.873
0.0055 -0.44261 7.39500 10.3910741806 2.6262602408   10.369  4.401  3.6788  0.720    6  0.000  0.373     0.00     0.00     0.00     0.00     0.00 -1    -1e-30      0.00 7.210e-01 2.734e-01 6.147e-04 9.161e-04 2.197e-03 -1.000 5.602e-03 -6.232 -6.192 -5.661 -6.878
0.0055 -0.44261 7.39500 10.3947029114 2.6262637249   10.373  4.403  3.6772  0.711    6  0.000  0.373     0.00     0.00     0.00     0.00     0.00 -1    -1e-30      0.00 7.210e-01 2.734e-01 6.147e-04 9.161e-04 2.197e-03 -1.000 5.602e-03 -6.239 -6.193 -5.657 -6.883
0.0055 -0.44261 7.39500 10.3977909088 2.6262666876   10.376  4.406  3.6757  0.703    6  0.000  0.373     0.00     0.00     0.00     0.00     0.00 -1    -1e-30      0.00 7.209e-01 2.735e-01 6.146e-04 9.162e-04 2.197e-03 -1.000 5.603e-03 -6.244 -6.193 -5.652 -6.888
0.0055 -0.44261 7.39500 10.4009962082 2.6262697608   10.379  4.408  3.6738  0.694    6  0.000  0.373     0.00     0.00     0.00     0.00     0.00 -1    -1e-30      0.00 7.209e-01 2.735e-01 6.146e-04 9.162e-04 2.197e-03 -1.000 5.603e-03 -6.249 -6.193 -5.645 -6.892
0.0055 -0.44261 7.39500 10.4031352997 2.6262718104   10.381  4.410  3.6723  0.686    6  0.000  0.373     0.00     0.00     0.00     0.00     0.00 -1    -1e-30      0.00 7.209e-01 2.735e-01 6.146e-04 9.163e-04 2.197e-03 -1.000 5.603e-03 -6.254 -6.192 -5.640 -6.895
0.0055 -0.44261 7.39500 10.4053897858 2.6262739696   10.383  4.412  3.6704  0.676    6  0.000  0.373     0.00     0.00     0.00     0.00     0.00 -1    -1e-30      0.00 7.209e-01 2.735e-01 6.146e-04 9.163e-04 2.197e-03 -1.000 5.603e-03 -6.259 -6.191 -5.632 -6.900
0.0055 -0.44261 7.39500 10.4069213867 2.6262754359   10.385  4.413  3.6690  0.669    6  0.000  0.373     0.00     0.00     0.00     0.00     0.00 -1    -1e-30      0.00 7.209e-01 2.735e-01 6.146e-04 9.164e-04 2.197e-03 -1.000 5.603e-03 -6.263 -6.190 -5.625 -6.902
0.0055 -0.44261 7.39500 10.4085626602 2.6262770066   10.387  4.415  3.6672  0.661    6  0.000  0.373     0.00     0.00     0.00     0.00     0.00 -1    -1e-30      0.00 7.209e-01 2.735e-01 6.146e-04 9.164e-04 2.197e-03 -1.000 5.603e-03 -6.266 -6.187 -5.616 -6.903
0.0055 -0.44261 7.39500 10.4096822739 2.6262780777   10.388  4.416  3.6658  0.654    6  0.000  0.373     0.00     0.00     0.00     0.00     0.00 -1    -1e-30      0.00 7.209e-01 2.735e-01 6.146e-04 9.164e-04 2.197e-03 -1.000 5.603e-03 -6.269 -6.184 -5.608 -6.904
0.0055 -0.44261 7.39500 10.4106531143 2.6262790063   10.389  4.416  3.6644  0.648    6  0.000  0.373     0.00     0.00     0.00     0.00     0.00 -1    -1e-30      0.00 7.209e-01 2.735e-01 6.146e-04 9.164e-04 2.197e-03 -1.000 5.603e-03 -6.271 -6.180 -5.600 -6.904
0.0055 -0.44261 7.39500 10.4114999771 2.6262798161   10.390  4.417  3.6631  0.642    6  0.000  0.373     0.00     0.00     0.00     0.00     0.00 -1    -1e-30      0.00 7.209e-01 2.735e-01 6.146e-04 9.164e-04 2.197e-03 -1.000 5.603e-03 -6.273 -6.177 -5.592 -6.904
0.0055 -0.44261 7.39500 10.4122447968 2.6262805283   10.390  4.418  3.6618  0.636    6  0.000  0.373     0.00     0.00     0.00     0.00     0.00 -1    -1e-30      0.00 7.209e-01 2.735e-01 6.146e-04 9.165e-04 2.197e-03 -1.000 5.603e-03 -6.274 -6.173 -5.583 -6.904
0.0055 -0.44261 7.39500 10.4129142761 2.6262811683   10.391  4.418  3.6605  0.631    6  0.000  0.373     0.00     0.00     0.00     0.00     0.00 -1    -1e-30      0.00 7.209e-01 2.735e-01 6.146e-04 9.165e-04 2.197e-03 -1.000 5.603e-03 -6.275 -6.169 -5.575 -6.903
0.0055 -0.44261 7.39500 10.4135560989 2.6262817818   10.392  4.418  3.6593  0.625    6  0.000  0.373     0.00     0.00     0.00     0.00     0.00 -1    -1e-30      0.00 7.209e-01 2.735e-01 6.146e-04 9.165e-04 2.197e-03 -1.000 5.603e-03 -6.276 -6.164 -5.566 -6.902
0.0055 -0.44261 7.39500 10.4142074585 2.6262824043   10.392  4.418  3.6580  0.620    6  0.000  0.373     0.00     0.00     0.00     0.00     0.00 -1    -1e-30      0.00 7.209e-01 2.735e-01 6.146e-04 9.165e-04 2.197e-03 -1.000 5.603e-03 -6.276 -6.159 -5.556 -6.900
0.0055 -0.44261 7.39500 10.4148998260 2.6262830659   10.393  4.418  3.6568  0.616    6  0.000  0.373     0.00     0.00     0.00     0.00     0.00 -1    -1e-30      0.00 7.209e-01 2.735e-01 6.146e-04 9.165e-04 2.197e-03 -1.000 5.603e-03 -6.276 -6.153 -5.546 -6.897
0.0055 -0.44261 7.39500 10.4156789780 2.6262838103   10.394  4.418  3.6556  0.611    6  0.000  0.373     0.00     0.00     0.00     0.00     0.00 -1    -1e-30      0.00 7.209e-01 2.735e-01 6.146e-04 9.165e-04 2.197e-03 -1.000 5.603e-03 -6.275 -6.147 -5.536 -6.893
0.0055 -0.44261 7.39500 10.4170045853 2.6262850765   10.395  4.416  3.6542  0.607    6  0.000  0.373     0.00     0.00     0.00     0.00     0.00 -1    -1e-30      0.00 7.209e-01 2.735e-01 6.146e-04 9.165e-04 2.197e-03 -1.000 5.603e-03 -6.271 -6.137 -5.522 -6.887
0.0055 -0.44261 7.39500 10.4180431366 2.6262860682   10.396  4.416  3.6531  0.603    6  0.000  0.373     0.00     0.00     0.00     0.00     0.00 -1    -1e-30      0.00 7.209e-01 2.735e-01 6.146e-04 9.166e-04 2.197e-03 -1.000 5.603e-03 -6.269 -6.130 -5.511 -6.882
0.0055 -0.44261 7.39500 10.4194240570 2.6262873865   10.398  4.419  3.6518  0.595    6  0.000  0.373     0.00     0.00     0.00     0.00     0.00 -1    -1e-30      0.00 7.209e-01 2.735e-01 6.146e-04 9.166e-04 2.197e-03 -1.000 5.603e-03 -6.277 -6.131 -5.509 -6.887
0.0055 -0.44261 7.39500 10.4279298782 2.6262954980   10.406  4.436  3.6459  0.555    6  0.000  0.373     0.00     0.00     0.00     0.00     0.00 -1    -1e-30      0.00 7.209e-01 2.735e-01 6.146e-04 9.167e-04 2.197e-03 -1.000 5.603e-03 -6.320 -6.146 -5.503 -6.915
0.0055 -0.44261 7.39500 10.4346675873 2.6263019125   10.413  4.479  3.6304  0.450    6  0.000  0.373     0.00     0.00     0.00     0.00     0.00 -1    -1e-30      0.00 7.208e-01 2.736e-01 6.145e-04 9.169e-04 2.197e-03 -1.000 5.604e-03 -6.429 -6.171 -5.471 -6.980
0.0055 -0.44261 7.39500 10.4360284805 2.6263032069   10.414  4.514  3.6197  0.373    6  0.000  0.373     0.00     0.00     0.00     0.00     0.00 -1    -1e-30      0.00 7.208e-01 2.736e-01 6.145e-04 9.169e-04 2.197e-03 -1.000 5.603e-03 -6.514 -6.191 -5.446 -7.030
0.0055 -0.44261 7.39500 10.4360446930 2.6263032224   10.414  4.514  3.6195  0.371    6  0.000  0.373     0.00     0.00     0.00     0.00     0.00 -1    -1e-30      0.00 7.208e-01 2.736e-01 6.145e-04 9.169e-04 2.197e-03 -1.000 5.604e-03 -6.516 -6.192 -5.446 -7.031
0.0055 -0.44261 7.39500 10.4363269806 2.6263034908   10.414  4.530  3.6170  0.345    7  0.000  0.373   160.44    83.16    55.36    40.53    33.65  3    -1e-30      0.00 7.208e-01 2.736e-01 6.145e-04 9.169e-04 2.197e-03 -1.000 5.604e-03 -6.555 -6.214 -5.456 -7.061
0.0055 -0.44261 7.39500 10.4366579056 2.6263038055   10.415  4.541  3.6146  0.325    7  0.000  0.373   168.06    86.20    57.29    41.96    34.84  3    -1e-30      0.00 7.208e-01 2.736e-01 6.145e-04 9.169e-04 2.197e-03 -1.000 5.604e-03 -6.582 -6.225 -5.456 -7.079
0.0055 -0.44261 7.39500 10.4369554520 2.6263040884   10.415  4.548  3.6126  0.310    7  0.000  0.373   174.34    88.69    58.87    43.14    35.82  3    -1e-30      0.00 7.208e-01 2.736e-01 6.145e-04 9.169e-04 2.197e-03 -1.000 5.604e-03 -6.601 -6.231 -5.453 -7.090
0.0055 -0.44261 7.39500 10.4372205734 2.6263043405   10.415  4.551  3.6110  0.301    7  0.000  0.373   178.00    90.13    59.78    43.82    36.39  3    -1e-30      0.00 7.208e-01 2.736e-01 6.145e-04 9.169e-04 2.197e-03 -1.000 5.604e-03 -6.607 -6.227 -5.442 -7.091
0.0055 -0.44261 7.39500 10.4374542236 2.6263045627   10.416  4.552  3.6096  0.294    7  0.000  0.373   180.69    91.18    60.45    44.31    36.80  3    -1e-30      0.00 7.208e-01 2.736e-01 6.145e-04 9.169e-04 2.197e-03 -1.000 5.604e-03 -6.609 -6.220 -5.429 -7.088
0.0055 -0.44261 7.39500 10.4376659393 2.6263047639   10.416  4.550  3.6085  0.292    7  0.000  0.373   181.83    91.63    60.73    44.53    36.98  3    -1e-30      0.00 7.208e-01 2.736e-01 6.145e-04 9.169e-04 2.197e-03 -1.000 5.604e-03 -6.605 -6.208 -5.412 -7.079
0.0055 -0.44261 7.39500 10.4378576279 2.6263049462   10.416  4.548  3.6073  0.289    7  0.000  0.373   183.04    92.11    61.03    44.75    37.16  3    -1e-30      0.00 7.208e-01 2.736e-01 6.145e-04 9.169e-04 2.196e-03 -1.000 5.604e-03 -6.600 -6.196 -5.395 -7.070
0.0055 -0.44261 7.39500 10.4380321503 2.6263051121   10.416  4.547  3.6062  0.286    7  0.000  0.373   184.28    92.59    61.34    44.98    37.35  3    -1e-30      0.00 7.208e-01 2.736e-01 6.145e-04 9.169e-04 2.196e-03 -1.000 5.604e-03 -6.596 -6.184 -5.377 -7.061
0.0055 -0.44261 7.39500 10.4382305145 2.6263053007   10.416  4.544  3.6048  0.282    7  0.000  0.373   185.88    93.21    61.73    45.27    37.59  3    -1e-30      0.00 7.208e-01 2.736e-01 6.145e-04 9.169e-04 2.196e-03 -1.000 5.604e-03 -6.591 -6.169 -5.356 -7.050
0.0055 -0.44261 7.39500 10.4383783340 2.6263054412   10.416  4.543  3.6036  0.279    7  0.000  0.373   187.19    93.72    62.06    45.51    37.79  3    -1e-30      0.00 7.208e-01 2.736e-01 6.145e-04 9.169e-04 2.196e-03 -1.000 5.604e-03 -6.587 -6.157 -5.338 -7.041
0.0055 -0.44261 7.39500 10.4385128021 2.6263055690   10.417  4.542  3.6024  0.276    7  0.000  0.373   188.71    94.31    62.43    45.79    38.02  3    -1e-30      0.00 7.208e-01 2.736e-01 6.145e-04 9.169e-04 2.196e-03 -1.000 5.604e-03 -6.584 -6.145 -5.322 -7.033
0.0055 -0.44261 7.39500 10.4386425018 2.6263056923   10.417  4.540  3.6012  0.272    7  0.000  0.373   190.33    94.94    62.83    46.08    38.27  3    -1e-30      0.00 7.208e-01 2.736e-01 6.145e-04 9.169e-04 2.196e-03 -1.000 5.604e-03 -6.581 -6.134 -5.305 -7.025
0.0055 -0.44261 7.39500 10.4387645721 2.6263058083   10.417  4.539  3.6000  0.269    7  0.000  0.373   191.93    95.55    63.22    46.37    38.51  3    -1e-30      0.00 7.208e-01 2.736e-01 6.145e-04 9.169e-04 2.196e-03 -1.000 5.604e-03 -6.578 -6.122 -5.288 -7.017
0.0055 -0.44261 7.39500 10.4388866425 2.6263059243   10.417  4.538  3.5988  0.265    7  0.000  0.373   193.43    96.13    63.58    46.65    38.74  3    -1e-30      0.00 7.208e-01 2.736e-01 6.145e-04 9.169e-04 2.196e-03 -1.000 5.604e-03 -6.574 -6.110 -5.269 -7.008
0.0055 -0.44261 7.39500 10.4390153885 2.6263060467   10.417  4.536  3.5976  0.262    7  0.000  0.373   194.76    96.65    63.91    46.89    38.94  3    -1e-30      0.00 7.208e-01 2.736e-01 6.145e-04 9.169e-04 2.196e-03 -1.000 5.604e-03 -6.570 -6.097 -5.250 -6.998
0.0055 -0.44261 7.39500 10.4391679764 2.6263061917   10.417  4.534  3.5964  0.259    7  0.000  0.373   196.24    97.21    64.26    47.15    39.16  3    -1e-30      0.00 7.208e-01 2.736e-01 6.145e-04 9.170e-04 2.196e-03 -1.000 5.604e-03 -6.566 -6.084 -5.231 -6.988
0.0055 -0.44261 7.39500 10.4393558502 2.6263063702   10.417  4.533  3.5950  0.255    7  0.000  0.373   198.26    97.99    64.75    47.52    39.47  3    -1e-30      0.00 7.208e-01 2.736e-01 6.145e-04 9.170e-04 2.196e-03 -1.000 5.604e-03 -6.563 -6.071 -5.211 -6.980
0.0055 -0.44261 7.39500 10.4396524429 2.6263066521   10.418  4.533  3.5937  0.250    7  0.000  0.373   200.57    98.88    65.31    47.93    39.81  3    -1e-30      0.00 7.208e-01 2.736e-01 6.145e-04 9.170e-04 2.196e-03 -1.000 5.604e-03 -6.562 -6.060 -5.193 -6.973
0.0055 -0.44261 7.39500 10.4400339127 2.6263070146   10.418  4.534  3.5922  0.242    7  0.000  0.373   204.06   100.21    66.15    48.56    40.33  3    -1e-30      0.00 7.208e-01 2.736e-01 6.145e-04 9.170e-04 2.196e-03 -1.000 5.604e-03 -6.566 -6.052 -5.178 -6.969
0.0055 -0.44261 7.39500 10.4402933121 2.6263072611   10.418  4.540  3.5909  0.231    7  0.000  0.373   209.42   102.24    67.43    49.52    41.13  3    -1e-30      0.00 7.208e-01 2.736e-01 6.145e-04 9.170e-04 2.196e-03 -1.000 5.604e-03 -6.581 -6.058 -5.176 -6.979
0.0055 -0.44261 7.39500 10.4404029846 2.6263073653   10.418  4.545  3.5903  0.224    7  0.000  0.373   213.06   103.62    68.30    50.16    41.67  3    -1e-30      0.00 7.208e-01 2.736e-01 6.145e-04 9.170e-04 2.196e-03 -1.000 5.604e-03 -6.593 -6.064 -5.179 -6.988
0.0055 -0.44261 7.39500 10.4405069351 2.6263074640   10.418  4.550  3.5896  0.216    7  0.000  0.373   217.00   105.10    69.23    50.86    42.25  3    -1e-30      0.00 7.208e-01 2.736e-01 6.145e-04 9.170e-04 2.196e-03 -1.000 5.604e-03 -6.606 -6.072 -5.183 -6.998
0.0055 -0.44261 7.39500 10.4406042099 2.6263075564   10.419  4.556  3.5891  0.208    7  0.000  0.373   220.77   106.51    70.12    51.52    42.80  3    -1e-30      0.00 7.208e-01 2.736e-01 6.145e-04 9.170e-04 2.196e-03 -1.000 5.604e-03 -6.619 -6.080 -5.187 -7.008
0.0055 -0.44261 7.39500 10.4407024384 2.6263076498   10.419  4.561  3.5885  0.201    7  0.000  0.373   224.78   108.01    71.06    52.22    43.39  3    -1e-30      0.00 7.208e-01 2.736e-01 6.144e-04 9.170e-04 2.196e-03 -1.000 5.604e-03 -6.633 -6.089 -5.191 -7.019
0.0055 -0.44261 7.39500 10.4408206940 2.6263077621   10.419  4.568  3.5878  0.191    7  0.000  0.373   229.77   109.87    72.23    53.09    44.11  3    -1e-30      0.00 7.208e-01 2.736e-01 6.144e-04 9.171e-04 2.196e-03 -1.000 5.604e-03 -6.649 -6.100 -5.198 -7.032
0.0055 -0.44261 7.39500 10.4410486221 2.6263079787   10.419  4.578  3.5868  0.177    7  0.000  0.373   237.57   112.75    74.04    54.44    45.23  3    -1e-30      0.00 7.208e-01 2.736e-01 6.143e-04 9.172e-04 2.196e-03 -1.000 5.604e-03 -6.675 -6.117 -5.207 -7.053
0.0055 -0.44261 7.39500 10.4429149628 2.6263097513   10.421  4.630  3.5816  0.105    7  0.000  0.372   281.16   128.49    83.88    61.80    51.36  3    -1e-30      0.00 7.208e-01 2.736e-01 6.136e-04 9.180e-04 2.196e-03 -1.000 5.604e-03 -6.804 -6.202 -5.256 -7.157
0.0055 -0.44261 7.39500 10.4459829330 2.6263126636   10.424  4.702  3.5743  0.004    7  0.000  0.371   337.39   154.28    99.89    73.80    61.36  3    -1e-30      0.00 7.183e-01 2.761e-01 6.066e-04 9.451e-04 2.175e-03 -1.000 5.578e-03 -6.985 -6.311 -5.306 -7.296
0.0055 -0.44261 7.39500 10.4478311539 2.6263144172   10.426  4.741  3.5705 -0.051    7  0.000  0.371   366.50   170.21   109.72    81.17    67.51  3    -1e-30      0.00 7.158e-01 2.786e-01 6.005e-04 9.692e-04 2.156e-03 -1.000 5.613e-03 -7.082 -6.369 -5.330 -7.371
0.0055 -0.44261 7.39500 10.4501218796 2.6263165895   10.428  4.776  3.5672 -0.099    7  0.000  0.370   394.26   185.62   119.19    88.29    73.44  2    -1e-30      0.00 7.136e-01 2.807e-01 5.959e-04 9.870e-04 2.142e-03 -1.000 5.636e-03 -7.169 -6.417 -5.340 -7.436
0.0055 -0.44261 7.39500 10.4534416199 2.6263197358   10.431  4.803  3.5646 -0.136    7  0.000  0.370   417.30   198.57   127.12    94.26    78.42  0    -1e-30      0.00 7.113e-01 2.831e-01 5.925e-04 1.001e-03 2.131e-03 -1.000 5.630e-03 -7.237 -6.455 -5.347 -7.486
0.0055 -0.44261 7.39500 10.4569740295 2.6263230811   10.435  4.825  3.5625 -0.167    7  0.000  0.370   437.25   209.89   134.03    99.46    82.76  0    -1e-30      0.00 7.093e-01 2.851e-01 5.903e-04 1.011e-03 2.123e-03 -1.000 5.633e-03 -7.293 -6.485 -5.353 -7.527
0.0055 -0.44261 7.39500 10.4613800049 2.6263272501   10.439  4.844  3.5608 -0.192    7  0.000  0.370   454.69   219.86   140.10   104.04    86.58  0    -1e-30      0.00 7.071e-01 2.873e-01 5.882e-04 1.021e-03 2.115e-03 -1.000 5.633e-03 -7.340 -6.512 -5.359 -7.563
0.0055 -0.44261 7.39500 10.4655656815 2.6263312068   10.443  4.857  3.5597 -0.209    7  0.000  0.370   466.83   226.84   144.35   107.24    89.25  0    -1e-30      0.00 7.052e-01 2.891e-01 5.866e-04 1.028e-03 2.109e-03 -1.000 5.631e-03 -7.372 -6.530 -5.363 -7.587
0.0055 -0.44261 7.39500 10.4856548309 2.6263501468   10.463  4.883  3.5575 -0.244    7  0.000  0.370   492.01   241.41   153.20   113.91    94.82  0    -1e-30      0.00 6.975e-01 2.969e-01 5.807e-04 1.055e-03 2.087e-03 -1.000 5.595e-03 -7.438 -6.566 -5.364 -7.635
