Zini MH logAge Mini int_IMF Mass logL logTe logg label McoreTP C_O period0 period1 period2 period3 period4 pmode Mloss tau1m X Y Xc Xn Xo Cexcess Z mbolmag Gmag G_BPmag G_RPmag
0.004 -0.58336 7.35000 0.0900000036 1.0816895926    0.090 -2.207  3.4608  4.395    0  0.000  0.545     0.00     0.00     0.00     0.00     0.00 -1 -1.67e-15      0.00 7.399e-01 2.561e-01 7.193e-04 1.940e-04 1.760e-03 -1.000 4.000e-03 10.288 11.542 13.504 10.235
0.004 -0.58336 7.35000 0.0936333537 1.1156094232    0.094 -2.182  3.4637  4.398    0  0.000  0.545     0.00     0.00     0.00     0.00     0.00 -1 -1.73e-15      0.00 7.399e-01 2.561e-01 7.193e-04 1.940e-04 1.760e-03 -1.000 4.000e-03 10.226 11.453 13.375 10.155
0.004 -0.58336 7.35000 0.1000000015 1.1711064122    0.100 -2.138  3.4686  4.402    0  0.000  0.545     0.00     0.00     0.00     0.00     0.00 -1 -1.84e-15      0.00 7.399e-01 2.561e-01 7.193e-04 1.940e-04 1.760e-03 -1.000 4.000e-03 10.115 11.297 13.148 10.016
0.004 -0.58336 7.35000 0.1070310846 1.2272919423    0.107 -2.096  3.4732  4.408    0  0.000  0.545     0.00     0.00     0.00     0.00     0.00 -1 -1.95e-15      0.00 7.399e-01 2.561e-01 7.193e-04 1.940e-04 1.760e-03 -1.000 4.000e-03 10.009 11.149 12.936 9.883
0.004 -0.58336 7.35000 0.1199999973 1.3193154249    0.120 -2.021  3.4811  4.414    0  0.000  0.545     0.00     0.00     0.00     0.00     0.00 -1 -2.17e-15      0.00 7.399e-01 2.561e-01 7.193e-04 1.940e-04 1.760e-03 -1.000 4.000e-03 9.823 10.891 12.570 9.651
0.004 -0.58336 7.35000 0.1400000006 1.4384526719    0.140 -1.923  3.4906  4.421    0  0.000  0.545     0.00     0.00     0.00     0.00     0.00 -1  -2.5e-15      0.00 7.399e-01 2.561e-01 7.193e-04 1.940e-04 1.760e-03 -1.000 4.000e-03 9.578 10.559 12.109 9.354
0.004 -0.58336 7.35000 0.1599999964 1.5372931554    0.160 -1.840  3.4986  4.428    0  0.000  0.545     0.00     0.00     0.00     0.00     0.00 -1 -2.81e-15      0.00 7.399e-01 2.561e-01 7.193e-04 1.940e-04 1.760e-03 -1.000 4.000e-03 9.369 10.286 11.751 9.108
0.004 -0.58336 7.35000 0.1802834123 1.6223515218    0.180 -1.762  3.5062  4.433    0  0.000  0.545     0.00     0.00     0.00     0.00     0.00 -1 -3.15e-15      0.00 7.399e-01 2.561e-01 7.193e-04 1.940e-04 1.760e-03 -1.000 4.000e-03 9.176 10.036 11.427 8.882
0.004 -0.58336 7.35000 0.2078249902 1.7197699213    0.208 -1.671  3.5149  4.438    0  0.000  0.545     0.00     0.00     0.00     0.00     0.00 -1 -3.59e-15      0.00 7.399e-01 2.561e-01 7.193e-04 1.940e-04 1.760e-03 -1.000 4.000e-03 8.948 9.746 11.057 8.620
0.004 -0.58336 7.35000 0.2227550596 1.7658221688    0.223 -1.628  3.5189  4.441    0  0.000  0.545     0.00     0.00     0.00     0.00     0.00 -1 -3.82e-15      0.00 7.399e-01 2.561e-01 7.193e-04 1.940e-04 1.760e-03 -1.000 4.000e-03 8.840 9.609 10.885 8.497
0.004 -0.58336 7.35000 0.2338319570 1.7974714349    0.234 -1.598  3.5218  4.444    0  0.000  0.545     0.00     0.00     0.00     0.00     0.00 -1 -3.97e-15      0.00 7.399e-01 2.561e-01 7.193e-04 1.940e-04 1.760e-03 -1.000 4.000e-03 8.764 9.515 10.766 8.411
0.004 -0.58336 7.35000 0.2420694977 1.8197706208    0.242 -1.576  3.5239  4.446    0  0.000  0.545     0.00     0.00     0.00     0.00     0.00 -1 -4.08e-15      0.00 7.399e-01 2.561e-01 7.193e-04 1.940e-04 1.760e-03 -1.000 4.000e-03 8.710 9.447 10.683 8.350
0.004 -0.58336 7.35000 0.2471290529 1.8329836837    0.247 -1.564  3.5252  4.448    0  0.000  0.545     0.00     0.00     0.00     0.00     0.00 -1 -4.14e-15      0.00 7.399e-01 2.561e-01 7.193e-04 1.940e-04 1.760e-03 -1.000 4.000e-03 8.679 9.408 10.634 8.314
0.004 -0.58336 7.35000 0.2574025989 1.8587619618    0.257 -1.537  3.5275  4.448    0  0.000  0.545     0.00     0.00     0.00     0.00     0.00 -1 -4.34e-15      0.00 7.399e-01 2.561e-01 7.193e-04 1.940e-04 1.760e-03 -1.000 4.000e-03 8.613 9.327 10.536 8.241
0.004 -0.58336 7.35000 0.2869838476 1.9260868489    0.287 -1.468  3.5335  4.450    0  0.000  0.545     0.00     0.00     0.00     0.00     0.00 -1 -4.81e-15      0.00 7.399e-01 2.561e-01 7.193e-04 1.940e-04 1.760e-03 -1.000 4.000e-03 8.441 9.118 10.284 8.049
0.004 -0.58336 7.35000 0.3000000119 1.9529139769    0.300 -1.441  3.5359  4.451    0  0.000  0.545     0.00     0.00     0.00     0.00     0.00 -1 -5.01e-15      0.00 7.399e-01 2.561e-01 7.193e-04 1.940e-04 1.760e-03 -1.000 4.000e-03 8.371 9.034 10.184 7.973
0.004 -0.58336 7.35000 0.3359471262 2.0197649830    0.336 -1.370  3.5423  4.456    0  0.000  0.545     0.00     0.00     0.00     0.00     0.00 -1 -5.53e-15      0.00 7.399e-01 2.561e-01 7.193e-04 1.940e-04 1.760e-03 -1.000 4.000e-03 8.196 8.822 9.928 7.778
0.004 -0.58336 7.35000 0.3499999642 2.0434174156    0.350 -1.344  3.5446  4.457    0  0.000  0.545     0.00     0.00     0.00     0.00     0.00 -1 -5.75e-15      0.00 7.399e-01 2.561e-01 7.193e-04 1.940e-04 1.760e-03 -1.000 4.000e-03 8.131 8.743 9.835 7.706
0.004 -0.58336 7.35000 0.3936055303 2.1095995374    0.394 -1.269  3.5516  4.461    0  0.000  0.545     0.00     0.00     0.00     0.00     0.00 -1 -6.41e-15      0.00 7.399e-01 2.561e-01 7.193e-04 1.940e-04 1.760e-03 -1.000 4.000e-03 7.943 8.516 9.565 7.500
0.004 -0.58336 7.35000 0.3999999762 2.1185023988    0.400 -1.259  3.5526  4.461    0  0.000  0.545     0.00     0.00     0.00     0.00     0.00 -1 -6.51e-15      0.00 7.399e-01 2.561e-01 7.193e-04 1.940e-04 1.760e-03 -1.000 4.000e-03 7.918 8.485 9.528 7.472
0.004 -0.58336 7.35000 0.4499999881 2.1822809009    0.450 -1.177  3.5610  4.463    0  0.000  0.545     0.00     0.00     0.00     0.00     0.00 -1  -7.4e-15      0.00 7.399e-01 2.561e-01 7.193e-04 1.940e-04 1.760e-03 -1.000 4.000e-03 7.712 8.234 9.228 7.244
0.004 -0.58336 7.35000 0.4552839696 2.1884802646    0.455 -1.168  3.5620  4.464    0  0.000  0.545     0.00     0.00     0.00     0.00     0.00 -1  -7.5e-15      0.00 7.399e-01 2.561e-01 7.193e-04 1.940e-04 1.760e-03 -1.000 4.000e-03 7.690 8.206 9.195 7.220
0.004 -0.58336 7.35000 0.4999999702 2.2374541023    0.500 -1.096  3.5704  4.466    0  0.000  0.545     0.00     0.00     0.00     0.00     0.00 -1 -8.44e-15      0.00 7.399e-01 2.561e-01 7.193e-04 1.940e-04 1.760e-03 -1.000 4.000e-03 7.509 7.982 8.926 7.019
0.004 -0.58336 7.35000 0.5129256248 2.2503934693    0.513 -1.076  3.5731  4.468    0  0.000  0.545     0.00     0.00     0.00     0.00     0.00 -1  -8.7e-15      0.00 7.399e-01 2.561e-01 7.193e-04 1.940e-04 1.760e-03 -1.000 4.000e-03 7.459 7.919 8.851 6.964
0.004 -0.58336 7.35000 0.5454909801 2.2798895678    0.545 -1.018  3.5801  4.465    0  0.000  0.545     0.00     0.00     0.00     0.00     0.00 -1 -9.67e-15      0.00 7.399e-01 2.561e-01 7.193e-04 1.940e-04 1.760e-03 -1.000 4.000e-03 7.315 7.744 8.642 6.806
0.004 -0.58336 7.35000 0.5500000119 2.2836582633    0.550 -1.009  3.5812  4.464    0  0.000  0.545     0.00     0.00     0.00     0.00     0.00 -1 -9.85e-15      0.00 7.399e-01 2.561e-01 7.193e-04 1.940e-04 1.760e-03 -1.000 4.000e-03 7.292 7.715 8.609 6.780
0.004 -0.58336 7.35000 0.5966461897 2.3188334980    0.596 -0.914  3.5951  4.460    0  0.000  0.545     0.00     0.00     0.00     0.00     0.00 -1 -1.18e-14      0.00 7.399e-01 2.561e-01 7.193e-04 1.940e-04 1.760e-03 -1.000 4.000e-03 7.055 7.422 8.256 6.522
0.004 -0.58336 7.35000 0.5999999642 2.3211212854    0.600 -0.906  3.5962  4.459    0  0.000  0.545     0.00     0.00     0.00     0.00     0.00 -1  -1.2e-14      0.00 7.399e-01 2.561e-01 7.193e-04 1.940e-04 1.760e-03 -1.000 4.000e-03 7.036 7.398 8.228 6.501
0.004 -0.58336 7.35000 0.6318925023 2.3414888309    0.632 -0.838  3.6082  4.461    0  0.000  0.545     0.00     0.00     0.00     0.00     0.00 -1 -1.35e-14      0.00 7.399e-01 2.561e-01 7.193e-04 1.940e-04 1.760e-03 -1.000 4.000e-03 6.864 7.184 7.965 6.315
0.004 -0.58336 7.35000 0.6499999166 2.3520352771    0.650 -0.786  3.6172  4.458    0  0.000  0.545     0.00     0.00     0.00     0.00     0.00 -1 -1.51e-14      0.00 7.399e-01 2.561e-01 7.193e-04 1.940e-04 1.760e-03 -1.000 4.000e-03 6.735 7.023 7.768 6.177
0.004 -0.58336 7.35000 0.6639320254 2.3597011169    0.664 -0.746  3.6252  4.459    0  0.000  0.545     0.00     0.00     0.00     0.00     0.00 -1 -1.64e-14      0.00 7.399e-01 2.561e-01 7.193e-04 1.940e-04 1.760e-03 -1.000 4.000e-03 6.634 6.893 7.606 6.068
0.004 -0.58336 7.35000 0.6999999881 2.3779266974    0.700 -0.631  3.6491  4.463    0  0.000  0.545     0.00     0.00     0.00     0.00     0.00 -1 -2.06e-14      0.00 7.399e-01 2.561e-01 7.193e-04 1.940e-04 1.760e-03 -1.000 4.000e-03 6.347 6.508 7.119 5.754
0.004 -0.58336 7.35000 0.7001640797 2.3780046937    0.700 -0.630  3.6493  4.463    0  0.000  0.545     0.00     0.00     0.00     0.00     0.00 -1 -2.07e-14      0.00 7.399e-01 2.561e-01 7.193e-04 1.940e-04 1.760e-03 -1.000 4.000e-03 6.346 6.506 7.117 5.753
0.004 -0.58336 7.35000 0.7304168940 2.3916987342    0.730 -0.522  3.6775  4.485    0  0.000  0.540     0.00     0.00     0.00     0.00     0.00 -1 -2.53e-14      0.00 7.400e-01 2.560e-01 7.134e-04 1.939e-04 1.760e-03 -1.000 4.000e-03 6.075 6.134 6.646 5.458
0.004 -0.58336 7.35000 0.7477272749 2.3989636747    0.748 -0.458  3.6934  4.495    0  0.000  0.538     0.00     0.00     0.00     0.00     0.00 -1 -2.86e-14      0.00 7.400e-01 2.560e-01 7.102e-04 1.938e-04 1.760e-03 -1.000 4.000e-03 5.915 5.927 6.394 5.289
0.004 -0.58336 7.35000 0.7510558963 2.4003165774    0.751 -0.447  3.6955  4.494    0  0.000  0.538     0.00     0.00     0.00     0.00     0.00 -1 -2.93e-14      0.00 7.400e-01 2.560e-01 7.102e-04 1.938e-04 1.760e-03 -1.000 4.000e-03 5.887 5.893 6.354 5.261
0.004 -0.58336 7.35000 0.7733722925 2.4090421611    0.773 -0.370  3.7103  4.490    0  0.000  0.538     0.00     0.00     0.00     0.00     0.00 -1 -3.46e-14      0.00 7.400e-01 2.560e-01 7.099e-04 1.938e-04 1.760e-03 -1.000 4.000e-03 5.696 5.670 6.094 5.071
0.004 -0.58336 7.35000 0.7931067348 2.4162895943    0.793 -0.302  3.7235  4.485    0  0.000  0.538     0.00     0.00     0.00     0.00     0.00 -1 -4.02e-14      0.00 7.400e-01 2.560e-01 7.097e-04 1.938e-04 1.760e-03 -1.000 4.000e-03 5.525 5.477 5.871 4.907
0.004 -0.58336 7.35000 0.7954545617 2.4171243451    0.795 -0.294  3.7251  4.485    0  0.000  0.538     0.00     0.00     0.00     0.00     0.00 -1 -4.09e-14      0.00 7.400e-01 2.560e-01 7.097e-04 1.938e-04 1.760e-03 -1.000 4.000e-03 5.504 5.454 5.845 4.888
0.004 -0.58336 7.35000 0.8145706058 2.4237154627    0.814 -0.228  3.7375  4.478    0  0.000  0.538     0.00     0.00     0.00     0.00     0.00 -1 -4.74e-14      0.00 7.400e-01 2.560e-01 7.097e-04 1.938e-04 1.760e-03 -1.000 4.000e-03 5.340 5.274 5.638 4.733
0.004 -0.58336 7.35000 0.8361207843 2.4307318199    0.836 -0.154  3.7512  4.471    0  0.000  0.538     0.00     0.00     0.00     0.00     0.00 -1  -5.6e-14      0.00 7.400e-01 2.560e-01 7.097e-04 1.938e-04 1.760e-03 -1.000 4.000e-03 5.154 5.077 5.413 4.565
0.004 -0.58336 7.35000 0.8431818485 2.4329412586    0.843 -0.129  3.7557  4.468    0  0.000  0.538     0.00     0.00     0.00     0.00     0.00 -1 -5.92e-14      0.00 7.400e-01 2.560e-01 7.097e-04 1.938e-04 1.760e-03 -1.000 4.000e-03 5.093 5.013 5.340 4.511
0.004 -0.58336 7.35000 0.8438664079 2.4331532005    0.843 -0.127  3.7561  4.467    0  0.000  0.538     0.00     0.00     0.00     0.00     0.00 -1 -5.95e-14      0.00 7.400e-01 2.560e-01 7.097e-04 1.938e-04 1.760e-03 -1.000 4.000e-03 5.087 5.007 5.333 4.505
0.004 -0.58336 7.35000 0.8711252213 2.4412822891    0.870 -0.040  3.7715  4.456    0  0.000  0.538     0.00     0.00     0.00     0.00     0.00 -1 -7.25e-14      0.00 7.400e-01 2.560e-01 7.097e-04 1.938e-04 1.760e-03 -1.000 4.000e-03 4.870 4.785 5.082 4.317
0.004 -0.58336 7.35000 0.8909090757 2.4468253017    0.890  0.016  3.7817  4.451    0  0.000  0.538     0.00     0.00     0.00     0.00     0.00 -1 -8.22e-14      0.00 7.400e-01 2.560e-01 7.097e-04 1.938e-04 1.760e-03 -1.000 4.000e-03 4.730 4.645 4.921 4.199
0.004 -0.58336 7.35000 0.8923140764 2.4472082168    0.892  0.020  3.7825  4.450    0  0.000  0.538     0.00     0.00     0.00     0.00     0.00 -1  -8.3e-14      0.00 7.400e-01 2.560e-01 7.097e-04 1.938e-04 1.760e-03 -1.000 4.000e-03 4.720 4.635 4.910 4.191
0.004 -0.58336 7.35000 0.9041316509 2.4503748547    0.903  0.038  3.7864  4.453    0  0.000  0.538     0.00     0.00     0.00     0.00     0.00 -1 -8.59e-14      0.00 7.400e-01 2.560e-01 7.097e-04 1.938e-04 1.760e-03 -1.000 4.000e-03 4.675 4.589 4.857 4.154
0.004 -0.58336 7.35000 0.9386363626 2.4590982838    0.938  0.078  3.7968  4.471    0  0.000  0.538     0.00     0.00     0.00     0.00     0.00 -1 -9.13e-14      0.00 7.400e-01 2.560e-01 7.096e-04 1.938e-04 1.760e-03 -1.000 4.000e-03 4.574 4.491 4.740 4.079
0.004 -0.58336 7.35000 0.9521019459 2.4623060261    0.951  0.089  3.8005  4.481    0  0.000  0.538     0.00     0.00     0.00     0.00     0.00 -1 -9.21e-14      0.00 7.400e-01 2.560e-01 7.096e-04 1.938e-04 1.760e-03 -1.000 4.000e-03 4.547 4.465 4.708 4.061
0.004 -0.58336 7.35000 0.9817078710 2.4690041702    0.981  0.108  3.8059  4.498    0  0.000  0.538     0.00     0.00     0.00     0.00     0.00 -1 -9.28e-14      0.00 7.400e-01 2.560e-01 7.095e-04 1.937e-04 1.760e-03 -1.000 4.000e-03 4.500 4.421 4.654 4.029
0.004 -0.58336 7.35000 0.9863637090 2.4700155298    0.986  0.112  3.8067  4.499    0  0.000  0.538     0.00     0.00     0.00     0.00     0.00 -1 -9.32e-14      0.00 7.400e-01 2.560e-01 7.095e-04 1.937e-04 1.760e-03 -1.000 4.000e-03 4.491 4.412 4.644 4.021
0.004 -0.58336 7.35000 1.0060288906 2.4741687780    1.006  0.128  3.8099  4.504    0  0.000  0.538     0.00     0.00     0.00     0.00     0.00 -1 -9.32e-14      0.00 7.401e-01 2.559e-01 7.095e-04 1.937e-04 1.760e-03 -1.000 4.000e-03 4.450 4.372 4.599 3.989
0.004 -0.58336 7.35000 1.0340908766 2.4797820107    1.034  0.170  3.8151  4.495    0  0.000  0.538     0.00     0.00     0.00     0.00     0.00 -1 -9.93e-14      0.00 7.401e-01 2.559e-01 7.094e-04 1.937e-04 1.759e-03 -1.000 4.000e-03 4.345 4.269 4.487 3.897
0.004 -0.58336 7.35000 1.0597356558 2.4846138947    1.059  0.205  3.8198  4.489    0  0.000  0.538     0.00     0.00     0.00     0.00     0.00 -1 -1.03e-13      0.00 7.401e-01 2.559e-01 7.094e-04 1.937e-04 1.759e-03 -1.000 4.000e-03 4.257 4.182 4.392 3.820
0.004 -0.58336 7.35000 1.0818182230 2.4885641938    1.081  0.248  3.8245  4.474    0  0.000  0.538     0.00     0.00     0.00     0.00     0.00 -1  -1.1e-13      0.00 7.401e-01 2.559e-01 7.094e-04 1.937e-04 1.759e-03 -1.000 4.000e-03 4.151 4.077 4.280 3.726
0.004 -0.58336 7.35000 1.1295454502 2.4964983821    1.129  0.335  3.8351  4.448    0  0.000  0.538     0.00     0.00     0.00     0.00     0.00 -1 -1.25e-13      0.00 7.401e-01 2.559e-01 7.094e-04 1.937e-04 1.759e-03 -1.000 4.000e-03 3.932 3.861 4.048 3.533
0.004 -0.58336 7.35000 1.1772727966 2.5036973537    1.176  0.418  3.8464  4.428    0  0.000  0.538     0.00     0.00     0.00     0.00     0.00 -1 -1.38e-13      0.00 7.402e-01 2.558e-01 7.093e-04 1.937e-04 1.759e-03 -1.000 4.000e-03 3.725 3.658 3.827 3.355
0.004 -0.58336 7.35000 1.2193527222 2.5095098496    1.219  0.487  3.8578  4.420    0  0.000  0.538     0.00     0.00     0.00     0.00     0.00 -1 -1.48e-13      0.00 7.402e-01 2.558e-01 7.093e-04 1.937e-04 1.759e-03 -1.000 4.000e-03 3.552 3.488 3.641 3.212
0.004 -0.58336 7.35000 1.2250000238 2.5102550374    1.224  0.496  3.8592  4.418    0  0.000  0.538     0.00     0.00     0.00     0.00     0.00 -1 -1.49e-13      0.00 7.402e-01 2.558e-01 7.093e-04 1.937e-04 1.759e-03 -1.000 4.000e-03 3.529 3.466 3.617 3.193
0.004 -0.58336 7.35000 1.2727272511 2.5162503525    1.272  0.570  3.8734  4.418    0  0.000  0.538     0.00     0.00     0.00     0.00     0.00 -1 -1.56e-13      0.00 7.402e-01 2.558e-01 7.093e-04 1.937e-04 1.759e-03 -1.000 3.999e-03 3.344 3.287 3.417 3.048
0.004 -0.58336 7.35000 1.3204547167 2.5217500316    1.320  0.641  3.8888  4.425    0  0.000  0.538     0.00     0.00     0.00     0.00     0.00 -1 -1.59e-13      0.00 7.402e-01 2.558e-01 7.092e-04 1.937e-04 1.759e-03 -1.000 3.998e-03 3.168 3.119 3.228 2.916
0.004 -0.58336 7.35000 1.3681819439 2.5268107737    1.368  0.708  3.9043  4.435    0  0.000  0.538     0.00     0.00     0.00     0.00     0.00 -1 -1.58e-13      0.00 7.402e-01 2.558e-01 7.092e-04 1.936e-04 1.758e-03 -1.000 3.998e-03 2.999 2.963 3.050 2.798
0.004 -0.58336 7.35000 1.4159091711 2.5314811780    1.416  0.773  3.9192  4.445    0  0.000  0.538     0.00     0.00     0.00     0.00     0.00 -1 -1.52e-13      0.00 7.402e-01 2.558e-01 7.091e-04 1.936e-04 1.758e-03 -1.000 3.996e-03 2.838 2.819 2.887 2.691
0.004 -0.58336 7.35000 1.4636363983 2.5358030388    1.464  0.834  3.9335  4.455    0  0.000  0.538     0.00     0.00     0.00     0.00     0.00 -1 -1.41e-13      0.00 7.403e-01 2.557e-01 7.091e-04 1.936e-04 1.758e-03 -1.000 3.998e-03 2.685 2.693 2.743 2.598
0.004 -0.58336 7.35000 1.5113636255 2.5398125027    1.511  0.893  3.9470  4.464    0  0.000  0.537     0.00     0.00     0.00     0.00     0.00 -1 -1.26e-13      0.00 7.403e-01 2.557e-01 7.091e-04 1.936e-04 1.759e-03 -1.000 3.991e-03 2.538 2.581 2.616 2.514
0.004 -0.58336 7.35000 1.5590909719 2.5435409894    1.559  0.949  3.9597  4.472    0  0.000  0.538     0.00     0.00     0.00     0.00     0.00 -1 -1.04e-13      0.00 7.403e-01 2.557e-01 7.090e-04 1.936e-04 1.759e-03 -1.000 3.983e-03 2.398 2.481 2.504 2.437
0.004 -0.58336 7.35000 1.6068181992 2.5470158979    1.606  1.003  3.9718  4.480    0  0.000  0.538     0.00     0.00     0.00     0.00     0.00 -1  -7.5e-14      0.00 7.403e-01 2.557e-01 7.090e-04 1.936e-04 1.759e-03 -1.000 3.981e-03 2.262 2.389 2.402 2.364
0.004 -0.58336 7.35000 1.6304696798 2.5486514687    1.630  1.029  3.9774  4.483    0  0.000  0.538     0.00     0.00     0.00     0.00     0.00 -1 -1.02e-14      0.00 7.403e-01 2.557e-01 7.090e-04 1.936e-04 1.758e-03 -1.000 3.986e-03 2.198 2.346 2.356 2.330
0.004 -0.58336 7.35000 1.6545455456 2.5502612770    1.654  1.055  3.9830  4.486    1  0.000  0.538     0.00     0.00     0.00     0.00     0.00 -1 -1.37e-15      0.00 7.403e-01 2.557e-01 7.090e-04 1.936e-04 1.758e-03 -1.000 3.992e-03 2.133 2.305 2.311 2.296
0.004 -0.58336 7.35000 1.7022727728 2.5532982573    1.701  1.107  3.9944  4.492    0  0.000  0.537     0.00     0.00     0.00     0.00     0.00 -1    -1e-30      0.00 7.404e-01 2.557e-01 7.089e-04 1.935e-04 1.759e-03 -1.000 3.918e-03 2.003 2.223 2.222 2.228
0.004 -0.58336 7.35000 1.7500000000 2.5561455243    1.749  1.156  4.0048  4.496    0  0.000  0.538     0.00     0.00     0.00     0.00     0.00 -1    -1e-30      0.00 7.403e-01 2.557e-01 7.089e-04 1.935e-04 1.758e-03 -1.000 4.000e-03 1.881 2.148 2.141 2.164
0.004 -0.58336 7.35000 1.7999999523 2.5589429085    1.799  1.204  4.0151  4.501    0  0.000  0.538     0.00     0.00     0.00     0.00     0.00 -1    -1e-30      0.00 7.403e-01 2.557e-01 7.089e-04 1.936e-04 1.758e-03 -1.000 4.000e-03 1.759 2.075 2.062 2.101
0.004 -0.58336 7.35000 1.8500000238 2.5615671203    1.849  1.251  4.0249  4.505    0  0.000  0.538     0.00     0.00     0.00     0.00     0.00 -1    -1e-30      0.00 7.404e-01 2.556e-01 7.089e-04 1.936e-04 1.758e-03 -1.000 4.000e-03 1.642 2.005 1.988 2.040
0.004 -0.58336 7.35000 1.8999999762 2.5640331260    1.899  1.298  4.0342  4.508    0  0.000  0.538     0.00     0.00     0.00     0.00     0.00 -1    -1e-30      0.00 7.404e-01 2.556e-01 7.088e-04 1.936e-04 1.758e-03 -1.000 4.000e-03 1.526 1.936 1.914 1.979
0.004 -0.58336 7.35000 1.9500000477 2.5663542714    1.950  1.341  4.0430  4.511    0  0.000  0.538     0.00     0.00     0.00     0.00     0.00 -1    -1e-30      0.00 7.404e-01 2.556e-01 7.088e-04 1.936e-04 1.758e-03 -1.000 3.959e-03 1.417 1.872 1.846 1.921
0.004 -0.58336 7.35000 2.0000000000 2.5685424513    2.000  1.384  4.0514  4.513    0  0.000  0.538     0.00     0.00     0.00     0.00     0.00 -1    -1e-30      0.00 7.404e-01 2.556e-01 7.087e-04 1.935e-04 1.758e-03 -1.000 4.000e-03 1.310 1.809 1.780 1.864
0.004 -0.58336 7.35000 2.0499999523 2.5706083333    2.050  1.425  4.0593  4.514    1  0.000  0.538     0.00     0.00     0.00     0.00     0.00 -1    -1e-30      0.00 7.404e-01 2.556e-01 7.087e-04 1.935e-04 1.758e-03 -1.000 4.000e-03 1.207 1.748 1.715 1.809
0.004 -0.58336 7.35000 2.0999999046 2.5725614918    2.099  1.465  4.0669  4.514    1  0.000  0.537     0.00     0.00     0.00     0.00     0.00 -1    -1e-30      0.00 7.405e-01 2.556e-01 7.087e-04 1.935e-04 1.758e-03 -1.000 3.935e-03 1.107 1.688 1.653 1.754
0.004 -0.58336 7.35000 2.1500000954 2.5744105556    2.149  1.505  4.0744  4.515    1  0.000  0.538     0.00     0.00     0.00     0.00     0.00 -1    -1e-30      0.00 7.404e-01 2.556e-01 7.087e-04 1.935e-04 1.758e-03 -1.000 3.988e-03 1.007 1.628 1.591 1.700
0.004 -0.58336 7.35000 2.2000000477 2.5761632879    2.199  1.543  4.0812  4.514    1  0.000  0.538     0.00     0.00     0.00     0.00     0.00 -1    -1e-30      0.00 7.405e-01 2.555e-01 7.087e-04 1.935e-04 1.758e-03 -1.000 4.000e-03 0.914 1.571 1.531 1.647
0.004 -0.58336 7.35000 2.2255477905 2.5770239752    2.224  1.561  4.0844  4.514    1  0.000  0.538     0.00     0.00     0.00     0.00     0.00 -1    -1e-30      0.00 7.404e-01 2.556e-01 7.087e-04 1.935e-04 1.758e-03 -1.000 4.000e-03 0.868 1.543 1.502 1.620
0.004 -0.58336 7.35000 2.2500000000 2.5778267375    2.249  1.578  4.0874  4.513    1  0.000  0.538     0.00     0.00     0.00     0.00     0.00 -1    -1e-30      0.00 7.404e-01 2.556e-01 7.087e-04 1.935e-04 1.758e-03 -1.000 4.000e-03 0.824 1.516 1.474 1.595
0.004 -0.58336 7.35000 2.2999999523 2.5794072884    2.299  1.616  4.0944  4.513    1  0.000  0.538     0.00     0.00     0.00     0.00     0.00 -1    -1e-30      0.00 7.405e-01 2.555e-01 7.087e-04 1.935e-04 1.758e-03 -1.000 4.000e-03 0.731 1.461 1.416 1.544
0.004 -0.58336 7.35000 2.3187544346 2.5799799600    2.317  1.629  4.0966  4.513    1  0.000  0.538     0.00     0.00     0.00     0.00     0.00 -1    -1e-30      0.00 7.404e-01 2.556e-01 7.087e-04 1.935e-04 1.758e-03 -1.000 4.000e-03 0.698 1.440 1.395 1.525
0.004 -0.58336 7.35000 2.3499999046 2.5809107422    2.349  1.650  4.1003  4.512    1  0.000  0.538     0.00     0.00     0.00     0.00     0.00 -1    -1e-30      0.00 7.404e-01 2.556e-01 7.087e-04 1.935e-04 1.758e-03 -1.000 4.000e-03 0.644 1.407 1.360 1.494
0.004 -0.58336 7.35000 2.4000000954 2.5823423892    2.399  1.686  4.1067  4.511    1  0.000  0.538     0.00     0.00     0.00     0.00     0.00 -1    -1e-30      0.00 7.405e-01 2.556e-01 7.087e-04 1.935e-04 1.758e-03 -1.000 3.967e-03 0.556 1.354 1.306 1.445
0.004 -0.58336 7.35000 2.5999999046 2.5874412955    2.600  1.814  4.1278  4.502    1  0.000  0.537     0.00     0.00     0.00     0.00     0.00 -1    -1e-30      0.00 7.400e-01 2.560e-01 7.099e-04 1.938e-04 1.761e-03 -1.000 4.000e-03 0.234 1.151 1.096 1.255
0.004 -0.58336 7.35000 2.7301647663 2.5903022885    2.730  1.893  4.1407  4.496    1  0.000  0.537     0.00     0.00     0.00     0.00     0.00 -1    -1e-30      0.00 7.400e-01 2.560e-01 7.099e-04 1.938e-04 1.761e-03 -1.000 4.000e-03 0.037 1.028 0.969 1.139
0.004 -0.58336 7.35000 2.7999999523 2.5917117820    2.800  1.934  4.1475  4.493    1  0.000  0.537     0.00     0.00     0.00     0.00     0.00 -1    -1e-30      0.00 7.400e-01 2.560e-01 7.099e-04 1.938e-04 1.761e-03 -1.000 4.000e-03 -0.065 0.964 0.903 1.079
0.004 -0.58336 7.35000 2.9029221535 2.5936475917    2.903  1.992  4.1565  4.487    1  0.000  0.537     0.00     0.00     0.00     0.00     0.00 -1    -1e-30      0.00 7.400e-01 2.560e-01 7.099e-04 1.938e-04 1.761e-03 -1.000 4.000e-03 -0.210 0.871 0.807 0.991
0.004 -0.58336 7.35000 3.0000000000 2.5953341962    3.000  2.045  4.1649  4.482    1  0.000  0.537     0.00     0.00     0.00     0.00     0.00 -1    -1e-30      0.00 7.400e-01 2.560e-01 7.099e-04 1.938e-04 1.761e-03 -1.000 4.000e-03 -0.343 0.788 0.721 0.912
0.004 -0.58336 7.35000 3.2000000477 2.5984409005    3.199  2.149  4.1821  4.474    1  0.000  0.537     0.00     0.00     0.00     0.00     0.00 -1    -1e-30      0.00 7.400e-01 2.560e-01 7.099e-04 1.938e-04 1.761e-03 -1.000 4.000e-03 -0.603 0.628 0.556 0.762
0.004 -0.58336 7.35000 3.4000000954 2.6011310876    3.398  2.246  4.1972  4.464    1  0.000  0.537     0.00     0.00     0.00     0.00     0.00 -1    -1e-30      0.00 7.400e-01 2.560e-01 7.099e-04 1.938e-04 1.761e-03 -1.000 4.000e-03 -0.846 0.474 0.398 0.616
0.004 -0.58336 7.35000 3.5999999046 2.6034804580    3.598  2.337  4.2105  4.451    1  0.000  0.537     0.00     0.00     0.00     0.00     0.00 -1    -1e-30      0.00 7.400e-01 2.560e-01 7.099e-04 1.938e-04 1.761e-03 -1.000 4.000e-03 -1.073 0.325 0.245 0.475
0.004 -0.58336 7.35000 3.6489231586 2.6040102558    3.647  2.359  4.2138  4.448    1  0.000  0.537     0.00     0.00     0.00     0.00     0.00 -1    -1e-30      0.00 7.400e-01 2.560e-01 7.099e-04 1.938e-04 1.761e-03 -1.000 4.000e-03 -1.127 0.291 0.210 0.442
0.004 -0.58336 7.35000 3.7999999523 2.6055477288    3.798  2.424  4.2238  4.441    1  0.000  0.537     0.00     0.00     0.00     0.00     0.00 -1    -1e-30      0.00 7.400e-01 2.560e-01 7.099e-04 1.938e-04 1.761e-03 -1.000 4.000e-03 -1.290 0.187 0.103 0.344
0.004 -0.58336 7.35000 4.0000000000 2.6073790840    4.001  2.506  4.2362  4.431    1  0.000  0.537     0.00     0.00     0.00     0.00     0.00 -1    -1e-30      0.00 7.400e-01 2.560e-01 7.099e-04 1.938e-04 1.761e-03 -1.000 4.000e-03 -1.496 0.055 -0.033 0.219
0.004 -0.58336 7.35000 4.1999998093 2.6090113217    4.198  2.585  4.2479  4.420    1  0.000  0.537     0.00     0.00     0.00     0.00     0.00 -1    -1e-30      0.00 7.400e-01 2.560e-01 7.099e-04 1.938e-04 1.761e-03 -1.000 4.000e-03 -1.692 -0.072 -0.163 0.099
0.004 -0.58336 7.35000 4.2943973541 2.6097212629    4.292  2.620  4.2531  4.415    1  0.000  0.537     0.00     0.00     0.00     0.00     0.00 -1    -1e-30      0.00 7.400e-01 2.560e-01 7.099e-04 1.938e-04 1.761e-03 -1.000 4.000e-03 -1.781 -0.130 -0.223 0.043
0.004 -0.58336 7.35000 4.4000000954 2.6104741055    4.397  2.660  4.2589  4.409    1  0.000  0.537     0.00     0.00     0.00     0.00     0.00 -1    -1e-30      0.00 7.400e-01 2.560e-01 7.099e-04 1.938e-04 1.761e-03 -1.000 4.000e-03 -1.879 -0.194 -0.288 -0.018
0.004 -0.58336 7.35000 4.4889502525 2.6110767266    4.486  2.692  4.2636  4.404    1  0.000  0.537     0.00     0.00     0.00     0.00     0.00 -1    -1e-30      0.00 7.400e-01 2.560e-01 7.099e-04 1.938e-04 1.761e-03 -1.000 4.000e-03 -1.959 -0.247 -0.343 -0.068
0.004 -0.58336 7.35000 4.5999999046 2.6117915791    4.597  2.731  4.2693  4.399    1  0.000  0.537     0.00     0.00     0.00     0.00     0.00 -1    -1e-30      0.00 7.400e-01 2.560e-01 7.099e-04 1.938e-04 1.761e-03 -1.000 4.000e-03 -2.058 -0.313 -0.410 -0.130
0.004 -0.58336 7.35000 4.7167720795 2.6125016698    4.714  2.772  4.2751  4.392    1  0.000  0.537     0.00     0.00     0.00     0.00     0.00 -1    -1e-30      0.00 7.400e-01 2.560e-01 7.099e-04 1.938e-04 1.761e-03 -1.000 4.000e-03 -2.160 -0.380 -0.478 -0.194
0.004 -0.58336 7.35000 4.8000001907 2.6129836005    4.798  2.800  4.2792  4.388    1  0.000  0.537     0.00     0.00     0.00     0.00     0.00 -1    -1e-30      0.00 7.400e-01 2.560e-01 7.099e-04 1.938e-04 1.761e-03 -1.000 4.000e-03 -2.231 -0.427 -0.527 -0.239
0.004 -0.58336 7.35000 4.9770450592 2.6139473956    4.976  2.859  4.2874  4.378    1  0.000  0.537     0.00     0.00     0.00     0.00     0.00 -1    -1e-30      0.00 7.400e-01 2.560e-01 7.099e-04 1.938e-04 1.761e-03 -1.000 4.000e-03 -2.377 -0.525 -0.628 -0.333
0.004 -0.58336 7.35000 5.0000004768 2.6140666248    4.999  2.866  4.2885  4.377    1  0.000  0.537     0.00     0.00     0.00     0.00     0.00 -1    -1e-30      0.00 7.400e-01 2.560e-01 7.099e-04 1.938e-04 1.761e-03 -1.000 4.000e-03 -2.396 -0.538 -0.641 -0.345
0.004 -0.58336 7.35000 5.1999998093 2.6150544000    5.200  2.930  4.2973  4.365    1  0.000  0.537     0.00     0.00     0.00     0.00     0.00 -1    -1e-30      0.00 7.400e-01 2.560e-01 7.099e-04 1.938e-04 1.761e-03 -1.000 4.000e-03 -2.555 -0.647 -0.752 -0.449
0.004 -0.58336 7.35000 5.4000000954 2.6159585105    5.401  2.992  4.3057  4.353    1  0.000  0.537     0.00     0.00     0.00     0.00     0.00 -1    -1e-30      0.00 7.400e-01 2.560e-01 7.099e-04 1.938e-04 1.761e-03 -1.000 4.000e-03 -2.709 -0.753 -0.860 -0.550
0.004 -0.58336 7.35000 5.4521226883 2.6161816382    5.453  3.007  4.3078  4.350    1  0.000  0.537     0.00     0.00     0.00     0.00     0.00 -1    -1e-30      0.00 7.400e-01 2.560e-01 7.099e-04 1.938e-04 1.761e-03 -1.000 4.000e-03 -2.749 -0.780 -0.888 -0.576
0.004 -0.58336 7.35000 5.5999999046 2.6167887565    5.601  3.052  4.3136  4.341    1  0.000  0.537     0.00     0.00     0.00     0.00     0.00 -1    -1e-30      0.00 7.400e-01 2.560e-01 7.099e-04 1.938e-04 1.761e-03 -1.000 4.000e-03 -2.859 -0.857 -0.966 -0.650
0.004 -0.58336 7.35000 5.6939368248 2.6171556405    5.695  3.079  4.3172  4.335    1  0.000  0.537     0.00     0.00     0.00     0.00     0.00 -1    -1e-30      0.00 7.400e-01 2.560e-01 7.099e-04 1.938e-04 1.761e-03 -1.000 4.000e-03 -2.927 -0.905 -1.016 -0.696
0.004 -0.58336 7.35000 5.8000001907 2.6175535027    5.801  3.110  4.3211  4.328    1  0.000  0.537     0.00     0.00     0.00     0.00     0.00 -1    -1e-30      0.00 7.400e-01 2.560e-01 7.099e-04 1.938e-04 1.761e-03 -1.000 4.000e-03 -3.004 -0.959 -1.071 -0.748
0.004 -0.58336 7.35000 5.9884605408 2.6182206286    5.989  3.163  4.3279  4.316    1  0.000  0.537     0.00     0.00     0.00     0.00     0.00 -1    -1e-30      0.00 7.400e-01 2.560e-01 7.099e-04 1.938e-04 1.761e-03 -1.000 4.000e-03 -3.138 -1.055 -1.168 -0.840
0.004 -0.58336 7.35000 6.0000000000 2.6182599138    6.000  3.166  4.3283  4.315    1  0.000  0.537     0.00     0.00     0.00     0.00     0.00 -1    -1e-30      0.00 7.400e-01 2.560e-01 7.099e-04 1.938e-04 1.761e-03 -1.000 4.000e-03 -3.146 -1.060 -1.174 -0.845
0.004 -0.58336 7.35000 6.1999998093 2.6189141709    6.200  3.221  4.3349  4.301    1  0.000  0.537     0.00     0.00     0.00     0.00     0.00 -1    -1e-30      0.00 7.400e-01 2.560e-01 7.099e-04 1.938e-04 1.761e-03 -1.000 4.000e-03 -3.283 -1.161 -1.276 -0.942
0.004 -0.58336 7.35000 6.4000000954 2.6195216279    6.399  3.276  4.3413  4.286    1  0.000  0.537     0.00     0.00     0.00     0.00     0.00 -1    -1e-30      0.00 7.400e-01 2.560e-01 7.099e-04 1.938e-04 1.761e-03 -1.000 4.000e-03 -3.419 -1.261 -1.378 -1.038
0.004 -0.58336 7.35000 6.4802384377 2.6197532484    6.479  3.297  4.3437  4.280    1  0.000  0.537     0.00     0.00     0.00     0.00     0.00 -1    -1e-30      0.00 7.400e-01 2.560e-01 7.099e-04 1.938e-04 1.761e-03 -1.000 4.000e-03 -3.472 -1.300 -1.418 -1.077
0.004 -0.58336 7.35000 6.7716078758 2.6205415143    6.768  3.373  4.3521  4.256    1  0.000  0.537     0.00     0.00     0.00     0.00     0.00 -1    -1e-30      0.00 7.400e-01 2.560e-01 7.099e-04 1.938e-04 1.761e-03 -1.000 4.000e-03 -3.661 -1.444 -1.564 -1.215
0.004 -0.58336 7.35000 7.0000000000 2.6211069280    6.996  3.431  4.3582  4.237    1  0.000  0.537     0.00     0.00     0.00     0.00     0.00 -1    -1e-30      0.00 7.400e-01 2.560e-01 7.099e-04 1.938e-04 1.761e-03 -1.000 4.000e-03 -3.807 -1.556 -1.678 -1.324
0.004 -0.58336 7.35000 7.0606064796 2.6212499222    7.057  3.446  4.3597  4.232    1  0.000  0.537     0.00     0.00     0.00     0.00     0.00 -1    -1e-30      0.00 7.400e-01 2.560e-01 7.099e-04 1.938e-04 1.761e-03 -1.000 4.000e-03 -3.844 -1.585 -1.708 -1.353
0.004 -0.58336 7.35000 7.3170385361 2.6218249172    7.315  3.509  4.3658  4.209    1  0.000  0.537     0.00     0.00     0.00     0.00     0.00 -1    -1e-30      0.00 7.400e-01 2.560e-01 7.099e-04 1.938e-04 1.761e-03 -1.000 4.000e-03 -4.002 -1.710 -1.834 -1.474
0.004 -0.58336 7.35000 7.5538959503 2.6223163307    7.553  3.566  4.3708  4.185    1  0.000  0.537     0.00     0.00     0.00     0.00     0.00 -1    -1e-30      0.00 7.400e-01 2.560e-01 7.099e-04 1.938e-04 1.761e-03 -1.000 4.000e-03 -4.146 -1.827 -1.953 -1.589
0.004 -0.58336 7.35000 7.8508419991 2.6228844972    7.851  3.638  4.3764  4.152    1  0.000  0.537     0.00     0.00     0.00     0.00     0.00 -1    -1e-30      0.00 7.400e-01 2.560e-01 7.099e-04 1.938e-04 1.761e-03 -1.000 4.000e-03 -4.326 -1.979 -2.106 -1.738
0.004 -0.58336 7.35000 8.0000000000 2.6231516585    8.001  3.674  4.3788  4.134    1  0.000  0.537     0.00     0.00     0.00     0.00     0.00 -1    -1e-30      0.00 7.400e-01 2.560e-01 7.099e-04 1.938e-04 1.761e-03 -1.000 4.000e-03 -4.416 -2.056 -2.184 -1.814
0.004 -0.58336 7.35000 8.0514669418 2.6232412050    8.052  3.686  4.3796  4.128    1  0.000  0.537     0.00     0.00     0.00     0.00     0.00 -1    -1e-30      0.00 7.400e-01 2.560e-01 7.099e-04 1.938e-04 1.761e-03 -1.000 4.000e-03 -4.446 -2.082 -2.210 -1.839
0.004 -0.58336 7.35000 8.2458791733 2.6235678919    8.245  3.732  4.3823  4.104    1  0.000  0.537     0.00     0.00     0.00     0.00     0.00 -1    -1e-30      0.00 7.400e-01 2.560e-01 7.099e-04 1.938e-04 1.761e-03 -1.000 4.000e-03 -4.559 -2.182 -2.311 -1.937
0.004 -0.58336 7.35000 8.5150413513 2.6239919930    8.512  3.795  4.3850  4.066    1  0.000  0.537     0.00     0.00     0.00     0.00     0.00 -1    -1e-30      0.00 7.400e-01 2.560e-01 7.099e-04 1.938e-04 1.761e-03 -1.000 4.000e-03 -4.716 -2.326 -2.456 -2.080
0.004 -0.58336 7.35000 8.7586688995 2.6243501286    8.754  3.852  4.3864  4.026    1  0.000  0.537     0.00     0.00     0.00     0.00     0.00 -1    -1e-30      0.00 7.400e-01 2.560e-01 7.099e-04 1.938e-04 1.761e-03 -1.000 4.000e-03 -4.860 -2.465 -2.595 -2.218
0.004 -0.58336 7.35000 8.9624242783 2.6246325206    8.956  3.900  4.3869  3.990    1  0.000  0.537     0.00     0.00     0.00     0.00     0.00 -1    -1e-30      0.00 7.400e-01 2.560e-01 7.099e-04 1.938e-04 1.761e-03 -1.000 4.000e-03 -4.981 -2.584 -2.714 -2.337
0.004 -0.58336 7.35000 9.0000000000 2.6246829947    8.995  3.909  4.3869  3.983    1  0.000  0.537     0.00     0.00     0.00     0.00     0.00 -1    -1e-30      0.00 7.400e-01 2.560e-01 7.099e-04 1.938e-04 1.761e-03 -1.000 4.000e-03 -5.003 -2.607 -2.737 -2.359
0.004 -0.58336 7.35000 9.0635681152 2.6247672887    9.058  3.924  4.3869  3.971    1  0.000  0.537     0.00     0.00     0.00     0.00     0.00 -1    -1e-30      0.00 7.400e-01 2.560e-01 7.099e-04 1.938e-04 1.761e-03 -1.000 4.000e-03 -5.039 -2.644 -2.774 -2.397
0.004 -0.58336 7.35000 9.2502336502 2.6250071330    9.246  3.968  4.3859  3.932    1  0.000  0.537     0.00     0.00     0.00     0.00     0.00 -1    -1e-30      0.00 7.400e-01 2.560e-01 7.099e-04 1.938e-04 1.761e-03 -1.000 4.000e-03 -5.149 -2.762 -2.892 -2.515
0.004 -0.58336 7.35000 9.4819717407 2.6252898330    9.478  4.023  4.3831  3.876    1  0.000  0.537     0.00     0.00     0.00     0.00     0.00 -1    -1e-30      0.00 7.400e-01 2.560e-01 7.099e-04 1.938e-04 1.761e-03 -1.000 4.000e-03 -5.287 -2.918 -3.048 -2.673
0.004 -0.58336 7.35000 9.6926298141 2.6255333743    9.689  4.073  4.3790  3.819    1  0.000  0.537     0.00     0.00     0.00     0.00     0.00 -1    -1e-30      0.00 7.400e-01 2.560e-01 7.099e-04 1.938e-04 1.761e-03 -1.000 4.000e-03 -5.414 -3.070 -3.199 -2.828
0.004 -0.58336 7.35000 9.8670501709 2.6257259971    9.864  4.117  4.3735  3.761    1  0.000  0.537     0.00     0.00     0.00     0.00     0.00 -1    -1e-30      0.00 7.400e-01 2.560e-01 7.099e-04 1.938e-04 1.761e-03 -1.000 4.000e-03 -5.522 -3.212 -3.340 -2.972
0.004 -0.58336 7.35000 10.0000000000 2.6258676431    9.998  4.151  4.3681  3.712    1  0.000  0.537     0.00     0.00     0.00     0.00     0.00 -1    -1e-30      0.00 7.400e-01 2.560e-01 7.099e-04 1.938e-04 1.761e-03 -1.000 4.000e-03 -5.607 -3.328 -3.454 -3.091
0.004 -0.58336 7.35000 10.0040454865 2.6258718854   10.002  4.152  4.3680  3.710    1  0.000  0.537     0.00     0.00     0.00     0.00     0.00 -1    -1e-30      0.00 7.400e-01 2.560e-01 7.099e-04 1.938e-04 1.761e-03 -1.000 4.000e-03 -5.609 -3.332 -3.458 -3.094
0.004 -0.58336 7.35000 10.1655874252 2.6260381171   10.164  4.192  4.3606  3.648    1  0.000  0.537     0.00     0.00     0.00     0.00     0.00 -1    -1e-30      0.00 7.400e-01 2.560e-01 7.099e-04 1.938e-04 1.761e-03 -1.000 4.000e-03 -5.709 -3.475 -3.599 -3.241
0.004 -0.58336 7.35000 10.3001737595 2.6261720414   10.299  4.227  4.3525  3.585    1  0.000  0.537     0.00     0.00     0.00     0.00     0.00 -1    -1e-30      0.00 7.400e-01 2.560e-01 7.099e-04 1.938e-04 1.761e-03 -1.000 4.000e-03 -5.799 -3.612 -3.734 -3.382
0.004 -0.58336 7.35000 10.4436063766 2.6263104078   10.443  4.268  4.3467  3.528    1  0.000  0.537     0.00     0.00     0.00     0.00     0.00 -1    -1e-30      0.00 7.400e-01 2.560e-01 7.099e-04 1.938e-04 1.761e-03 -1.000 4.000e-03 -5.899 -3.746 -3.867 -3.520
0.004 -0.58336 7.35000 10.4751377106 2.6263402417   10.475  4.278  4.3491  3.529    1  0.000  0.537     0.00     0.00     0.00     0.00     0.00 -1    -1e-30      0.00 7.400e-01 2.560e-01 7.099e-04 1.938e-04 1.761e-03 -1.000 4.000e-03 -5.924 -3.759 -3.881 -3.531
0.004 -0.58336 7.35000 10.5169582367 2.6263794938   10.517  4.296  4.3615  3.562    1  0.000  0.537     0.00     0.00     0.00     0.00     0.00 -1    -1e-30      0.00 7.400e-01 2.560e-01 7.099e-04 1.938e-04 1.761e-03 -1.000 4.000e-03 -5.969 -3.735 -3.860 -3.502
0.004 -0.58336 7.35000 10.5260648727 2.6263879936   10.526  4.305  4.3715  3.593    1  0.000  0.537     0.00     0.00     0.00     0.00     0.00 -1    -1e-30      0.00 7.400e-01 2.560e-01 7.099e-04 1.938e-04 1.761e-03 -1.000 4.000e-03 -5.993 -3.704 -3.832 -3.466
0.004 -0.58336 7.35000 10.5310249329 2.6263926160   10.531  4.319  4.3831  3.626    1  0.000  0.537     0.00     0.00     0.00     0.00     0.00 -1    -1e-30      0.00 7.400e-01 2.560e-01 7.099e-04 1.938e-04 1.761e-03 -1.000 4.000e-03 -6.027 -3.675 -3.805 -3.430
0.004 -0.58336 7.35000 10.5332221985 2.6263946621   10.533  4.335  4.3934  3.651    1  0.000  0.537     0.00     0.00     0.00     0.00     0.00 -1    -1e-30      0.00 7.400e-01 2.560e-01 7.099e-04 1.938e-04 1.761e-03 -1.000 4.000e-03 -6.068 -3.660 -3.793 -3.410
0.004 -0.58336 7.35000 10.5342798233 2.6263956466   10.534  4.344  4.3988  3.664    1  0.000  0.537     0.00     0.00     0.00     0.00     0.00 -1    -1e-30      0.00 7.400e-01 2.560e-01 7.099e-04 1.938e-04 1.761e-03 -1.000 4.000e-03 -6.089 -3.652 -3.786 -3.399
0.004 -0.58336 7.35000 10.5352659225 2.6263965643   10.535  4.323  4.3905  3.651    2  0.000  0.537     0.00     0.00     0.00     0.00     0.00 -1    -1e-30      0.00 7.400e-01 2.560e-01 7.099e-04 1.938e-04 1.761e-03 -1.000 4.000e-03 -6.038 -3.645 -3.777 -3.397
0.004 -0.58336 7.35000 10.5358324051 2.6263970914   10.536  4.311  4.3800  3.622    2  0.000  0.537     0.00     0.00     0.00     0.00     0.00 -1    -1e-30      0.00 7.400e-01 2.560e-01 7.099e-04 1.938e-04 1.761e-03 -1.000 4.000e-03 -6.008 -3.671 -3.801 -3.428
0.004 -0.58336 7.35000 10.5364274979 2.6263976451   10.536  4.305  4.3671  3.576    2  0.000  0.537     0.00     0.00     0.00     0.00     0.00 -1    -1e-30      0.00 7.400e-01 2.560e-01 7.099e-04 1.938e-04 1.761e-03 -1.000 4.000e-03 -5.993 -3.729 -3.855 -3.492
0.004 -0.58336 7.35000 10.5370607376 2.6263982342   10.537  4.308  4.3515  3.511    2  0.000  0.537     0.00     0.00     0.00     0.00     0.00 -1    -1e-30      0.00 7.400e-01 2.560e-01 7.099e-04 1.938e-04 1.761e-03 -1.000 4.000e-03 -6.000 -3.822 -3.945 -3.593
0.004 -0.58336 7.35000 10.5375261307 2.6263986670   10.537  4.314  4.3391  3.455    2  0.000  0.537     0.00     0.00     0.00     0.00     0.00 -1    -1e-30      0.00 7.400e-01 2.560e-01 7.099e-04 1.938e-04 1.761e-03 -1.000 4.000e-03 -6.015 -3.907 -4.027 -3.685
0.004 -0.58336 7.35000 10.5379676819 2.6263990777   10.538  4.321  4.3268  3.399    2  0.000  0.537     0.00     0.00     0.00     0.00     0.00 -1    -1e-30      0.00 7.400e-01 2.560e-01 7.099e-04 1.938e-04 1.761e-03 -1.000 4.000e-03 -6.032 -3.995 -4.111 -3.779
0.004 -0.58336 7.35000 10.5383892059 2.6263994697   10.538  4.327  4.3145  3.343    2  0.000  0.537     0.00     0.00     0.00     0.00     0.00 -1    -1e-30      0.00 7.400e-01 2.560e-01 7.099e-04 1.938e-04 1.761e-03 -1.000 4.000e-03 -6.048 -4.081 -4.194 -3.873
0.004 -0.58336 7.35000 10.5387916565 2.6263998440   10.539  4.333  4.3023  3.289    2  0.000  0.537     0.00     0.00     0.00     0.00     0.00 -1    -1e-30      0.00 7.400e-01 2.560e-01 7.099e-04 1.938e-04 1.761e-03 -1.000 4.000e-03 -6.063 -4.166 -4.275 -3.964
0.004 -0.58336 7.35000 10.5391788483 2.6264002040   10.539  4.339  4.2901  3.235    2  0.000  0.537     0.00     0.00     0.00     0.00     0.00 -1    -1e-30      0.00 7.400e-01 2.560e-01 7.099e-04 1.938e-04 1.761e-03 -1.000 4.000e-03 -6.076 -4.249 -4.355 -4.054
0.004 -0.58336 7.35000 10.5395469666 2.6264005462   10.539  4.343  4.2779  3.182    2  0.000  0.537     0.00     0.00     0.00     0.00     0.00 -1    -1e-30      0.00 7.400e-01 2.560e-01 7.099e-04 1.938e-04 1.761e-03 -1.000 4.000e-03 -6.087 -4.329 -4.432 -4.141
0.004 -0.58336 7.35000 10.5399007797 2.6264008751   10.540  4.347  4.2657  3.129    2  0.000  0.537     0.00     0.00     0.00     0.00     0.00 -1    -1e-30      0.00 7.400e-01 2.560e-01 7.099e-04 1.938e-04 1.761e-03 -1.000 4.000e-03 -6.097 -4.408 -4.508 -4.228
0.004 -0.58336 7.35000 10.5402383804 2.6264011890   10.540  4.350  4.2536  3.077    2  0.000  0.537     0.00     0.00     0.00     0.00     0.00 -1    -1e-30      0.00 7.400e-01 2.560e-01 7.099e-04 1.938e-04 1.761e-03 -1.000 4.000e-03 -6.104 -4.486 -4.582 -4.312
0.004 -0.58336 7.35000 10.5405607224 2.6264014886   10.541  4.352  4.2414  3.026    2  0.000  0.537     0.00     0.00     0.00     0.00     0.00 -1    -1e-30      0.00 7.400e-01 2.560e-01 7.099e-04 1.938e-04 1.761e-03 -1.000 4.000e-03 -6.111 -4.562 -4.654 -4.395
0.004 -0.58336 7.35000 10.5408687592 2.6264017749   10.541  4.354  4.2293  2.976    2  0.000  0.537     0.00     0.00     0.00     0.00     0.00 -1    -1e-30      0.00 7.400e-01 2.560e-01 7.099e-04 1.938e-04 1.761e-03 -1.000 4.000e-03 -6.116 -4.637 -4.725 -4.478
0.004 -0.58336 7.35000 10.5411624908 2.6264020479   10.541  4.356  4.2171  2.925    2  0.000  0.537     0.00     0.00     0.00     0.00     0.00 -1    -1e-30      0.00 7.400e-01 2.560e-01 7.099e-04 1.938e-04 1.761e-03 -1.000 4.000e-03 -6.120 -4.710 -4.796 -4.559
0.004 -0.58336 7.35000 10.5414409637 2.6264023067   10.541  4.357  4.2050  2.876    2  0.000  0.537     0.00     0.00     0.00     0.00     0.00 -1    -1e-30      0.00 7.400e-01 2.560e-01 7.099e-04 1.938e-04 1.761e-03 -1.000 4.000e-03 -6.123 -4.783 -4.864 -4.640
0.004 -0.58336 7.35000 10.5417060852 2.6264025531   10.542  4.358  4.1930  2.827    2  0.000  0.537     0.00     0.00     0.00     0.00     0.00 -1    -1e-30      0.00 7.400e-01 2.560e-01 7.099e-04 1.938e-04 1.761e-03 -1.000 4.000e-03 -6.126 -4.854 -4.932 -4.719
0.004 -0.58336 7.35000 10.5419597626 2.6264027888   10.542  4.359  4.1809  2.778    2  0.000  0.537     0.00     0.00     0.00     0.00     0.00 -1    -1e-30      0.00 7.400e-01 2.560e-01 7.099e-04 1.938e-04 1.761e-03 -1.000 4.000e-03 -6.127 -4.925 -4.999 -4.797
0.004 -0.58336 7.35000 10.5421991348 2.6264030112   10.542  4.359  4.1687  2.729    2  0.000  0.537     0.00     0.00     0.00     0.00     0.00 -1    -1e-30      0.00 7.400e-01 2.560e-01 7.099e-04 1.938e-04 1.761e-03 -1.000 4.000e-03 -6.128 -4.995 -5.065 -4.875
0.004 -0.58336 7.35000 10.5424280167 2.6264032239   10.542  4.359  4.1566  2.680    2  0.000  0.537     0.00     0.00     0.00     0.00     0.00 -1    -1e-30      0.00 7.400e-01 2.560e-01 7.099e-04 1.938e-04 1.761e-03 -1.000 4.000e-03 -6.128 -5.063 -5.129 -4.952
0.004 -0.58336 7.35000 10.5426445007 2.6264034250   10.543  4.359  4.1445  2.632    2  0.000  0.537     0.00     0.00     0.00     0.00     0.00 -1    -1e-30      0.00 7.400e-01 2.560e-01 7.099e-04 1.938e-04 1.761e-03 -1.000 4.000e-03 -6.127 -5.131 -5.193 -5.027
0.004 -0.58336 7.35000 10.5428504944 2.6264036164   10.543  4.358  4.1324  2.584    2  0.000  0.537     0.00     0.00     0.00     0.00     0.00 -1    -1e-30      0.00 7.400e-01 2.560e-01 7.099e-04 1.938e-04 1.761e-03 -1.000 4.000e-03 -6.126 -5.198 -5.256 -5.102
0.004 -0.58336 7.35000 10.5430459976 2.6264037980   10.543  4.358  4.1204  2.537    2  0.000  0.537     0.00     0.00     0.00     0.00     0.00 -1    -1e-30      0.00 7.400e-01 2.560e-01 7.099e-04 1.938e-04 1.761e-03 -1.000 4.000e-03 -6.124 -5.264 -5.317 -5.175
0.004 -0.58336 7.35000 10.5432319641 2.6264039708   10.543  4.357  4.1082  2.489    2  0.000  0.537     0.00     0.00     0.00     0.00     0.00 -1    -1e-30      0.00 7.400e-01 2.560e-01 7.099e-04 1.938e-04 1.761e-03 -1.000 4.000e-03 -6.122 -5.329 -5.379 -5.249
0.004 -0.58336 7.35000 10.5434074402 2.6264041338   10.543  4.356  4.0961  2.442    2  0.000  0.537     0.00     0.00     0.00     0.00     0.00 -1    -1e-30      0.00 7.400e-01 2.560e-01 7.099e-04 1.938e-04 1.761e-03 -1.000 4.000e-03 -6.119 -5.393 -5.439 -5.320
0.004 -0.58336 7.35000 10.5435752869 2.6264042897   10.544  4.355  4.0840  2.395    2  0.000  0.537     0.00     0.00     0.00     0.00     0.00 -1    -1e-30      0.00 7.400e-01 2.560e-01 7.099e-04 1.938e-04 1.761e-03 -1.000 4.000e-03 -6.116 -5.456 -5.498 -5.390
0.004 -0.58336 7.35000 10.5437335968 2.6264044367   10.544  4.353  4.0720  2.348    2  0.000  0.537     0.00     0.00     0.00     0.00     0.00 -1    -1e-30      0.00 7.400e-01 2.560e-01 7.099e-04 1.938e-04 1.761e-03 -1.000 4.000e-03 -6.113 -5.514 -5.550 -5.459
0.004 -0.58336 7.35000 10.5438852310 2.6264045776   10.544  4.352  4.0599  2.301    2  0.000  0.537     0.00     0.00     0.00     0.00     0.00 -1    -1e-30      0.00 7.400e-01 2.560e-01 7.099e-04 1.938e-04 1.761e-03 -1.000 4.000e-03 -6.109 -5.572 -5.604 -5.527
0.004 -0.58336 7.35000 10.5440282822 2.6264047104   10.544  4.350  4.0479  2.254    2  0.000  0.537     0.00     0.00     0.00     0.00     0.00 -1    -1e-30      0.00 7.400e-01 2.560e-01 7.099e-04 1.938e-04 1.761e-03 -1.000 4.000e-03 -6.105 -5.629 -5.656 -5.593
0.004 -0.58336 7.35000 10.5441637039 2.6264048362   10.544  4.348  4.0358  2.208    2  0.000  0.537     0.00     0.00     0.00     0.00     0.00 -1    -1e-30      0.00 7.400e-01 2.560e-01 7.099e-04 1.938e-04 1.761e-03 -1.000 4.000e-03 -6.101 -5.685 -5.708 -5.657
0.004 -0.58336 7.35000 10.5442924500 2.6264049558   10.544  4.347  4.0238  2.162    2  0.000  0.537     0.00     0.00     0.00     0.00     0.00 -1    -1e-30      0.00 7.400e-01 2.560e-01 7.099e-04 1.938e-04 1.761e-03 -1.000 4.000e-03 -6.097 -5.739 -5.757 -5.719
0.004 -0.58336 7.35000 10.5444145203 2.6264050691   10.544  4.345  4.0119  2.116    2  0.000  0.537     0.00     0.00     0.00     0.00     0.00 -1    -1e-30      0.00 7.400e-01 2.560e-01 7.099e-04 1.938e-04 1.761e-03 -1.000 4.000e-03 -6.092 -5.791 -5.805 -5.780
0.004 -0.58336 7.35000 10.5445308685 2.6264051772   10.544  4.343  3.9998  2.070    2  0.000  0.537     0.00     0.00     0.00     0.00     0.00 -1    -1e-30      0.00 7.400e-01 2.560e-01 7.099e-04 1.938e-04 1.761e-03 -1.000 4.000e-03 -6.087 -5.842 -5.851 -5.839
0.004 -0.58336 7.35000 10.5446424484 2.6264052808   10.545  4.340  3.9878  2.024    2  0.000  0.537     0.00     0.00     0.00     0.00     0.00 -1    -1e-30      0.00 7.400e-01 2.560e-01 7.099e-04 1.938e-04 1.761e-03 -1.000 4.000e-03 -6.081 -5.892 -5.896 -5.897
0.004 -0.58336 7.35000 10.5447473526 2.6264053782   10.545  4.338  3.9757  1.978    2  0.000  0.537     0.00     0.00     0.00     0.00     0.00 -1    -1e-30      0.00 7.400e-01 2.560e-01 7.099e-04 1.938e-04 1.761e-03 -1.000 4.000e-03 -6.076 -5.940 -5.940 -5.953
0.004 -0.58336 7.35000 10.5448474884 2.6264054712   10.545  4.336  3.9638  1.932    2  0.000  0.537     0.00     0.00     0.00     0.00     0.00 -1    -1e-30      0.00 7.400e-01 2.560e-01 7.099e-04 1.938e-04 1.761e-03 -1.000 4.000e-03 -6.070 -5.985 -5.980 -6.006
0.004 -0.58336 7.35000 10.5449428558 2.6264055598   10.545  4.333  3.9518  1.887    2  0.000  0.537     0.00     0.00     0.00     0.00     0.00 -1    -1e-30      0.00 7.400e-01 2.560e-01 7.099e-04 1.938e-04 1.761e-03 -1.000 4.000e-03 -6.064 -6.025 -6.014 -6.057
0.004 -0.58336 7.35000 10.5450344086 2.6264056448   10.545  4.331  3.9398  1.841    2  0.000  0.537     0.00     0.00     0.00     0.00     0.00 -1    -1e-30      0.00 7.400e-01 2.560e-01 7.099e-04 1.938e-04 1.761e-03 -1.000 4.000e-03 -6.057 -6.063 -6.047 -6.107
0.004 -0.58336 7.35000 10.5451211929 2.6264057254   10.545  4.328  3.9279  1.797    2  0.000  0.537     0.00     0.00     0.00     0.00     0.00 -1    -1e-30      0.00 7.400e-01 2.560e-01 7.099e-04 1.938e-04 1.761e-03 -1.000 4.000e-03 -6.051 -6.098 -6.076 -6.152
0.004 -0.58336 7.35000 10.5452051163 2.6264058033   10.545  4.326  3.9160  1.752    2  0.000  0.537     0.00     0.00     0.00     0.00     0.00 -1    -1e-30      0.00 7.400e-01 2.560e-01 7.099e-04 1.938e-04 1.761e-03 -1.000 4.000e-03 -6.044 -6.126 -6.096 -6.195
0.004 -0.58336 7.35000 10.5452861786 2.6264058786   10.545  4.323  3.9039  1.706    2  0.000  0.537     0.00     0.00     0.00     0.00     0.00 -1    -1e-30      0.00 7.400e-01 2.560e-01 7.099e-04 1.938e-04 1.761e-03 -1.000 4.000e-03 -6.036 -6.148 -6.108 -6.235
0.004 -0.58336 7.35000 10.5453624725 2.6264059494   10.545  4.319  3.8920  1.661    2  0.000  0.537     0.00     0.00     0.00     0.00     0.00 -1    -1e-30      0.00 7.400e-01 2.560e-01 7.099e-04 1.938e-04 1.761e-03 -1.000 4.000e-03 -6.029 -6.163 -6.112 -6.271
0.004 -0.58336 7.35000 10.5454359055 2.6264060176   10.545  4.316  3.8799  1.616    2  0.000  0.537     0.00     0.00     0.00     0.00     0.00 -1    -1e-30      0.00 7.400e-01 2.560e-01 7.099e-04 1.938e-04 1.761e-03 -1.000 4.000e-03 -6.021 -6.171 -6.105 -6.305
0.004 -0.58336 7.35000 10.5455226898 2.6264060982   10.546  4.312  3.8648  1.561    2  0.000  0.537     0.00     0.00     0.00     0.00     0.00 -1    -1e-30      0.00 7.400e-01 2.560e-01 7.099e-04 1.938e-04 1.761e-03 -1.000 4.000e-03 -6.010 -6.173 -6.087 -6.344
0.004 -0.58336 7.35000 10.5455875397 2.6264061584   10.546  4.308  3.8529  1.516    2  0.000  0.537     0.00     0.00     0.00     0.00     0.00 -1    -1e-30      0.00 7.400e-01 2.560e-01 7.099e-04 1.938e-04 1.761e-03 -1.000 4.000e-03 -6.001 -6.170 -6.064 -6.372
0.004 -0.58336 7.35000 10.5456495285 2.6264062159   10.546  4.304  3.8409  1.472    2  0.000  0.537     0.00     0.00     0.00     0.00     0.00 -1    -1e-30      0.00 7.400e-01 2.560e-01 7.099e-04 1.938e-04 1.761e-03 -1.000 4.000e-03 -5.991 -6.163 -6.036 -6.400
0.004 -0.58336 7.35000 10.5457229614 2.6264062841   10.546  4.299  3.8259  1.417    2  0.000  0.537     0.00     0.00     0.00     0.00     0.00 -1    -1e-30      0.00 7.400e-01 2.560e-01 7.099e-04 1.938e-04 1.761e-03 -1.000 4.000e-03 -5.978 -6.150 -5.993 -6.432
0.004 -0.58336 7.35000 10.5457792282 2.6264063364   10.546  4.295  3.8139  1.374    2  0.000  0.537     0.00     0.00     0.00     0.00     0.00 -1    -1e-30      0.00 7.400e-01 2.560e-01 7.099e-04 1.938e-04 1.761e-03 -1.000 4.000e-03 -5.967 -6.136 -5.954 -6.454
0.004 -0.58336 7.35000 10.5458326340 2.6264063859   10.546  4.290  3.8020  1.331    2  0.000  0.537     0.00     0.00     0.00     0.00     0.00 -1    -1e-30      0.00 7.400e-01 2.560e-01 7.099e-04 1.938e-04 1.761e-03 -1.000 4.000e-03 -5.956 -6.118 -5.910 -6.471
0.004 -0.58336 7.35000 10.5458965302 2.6264064453   10.546  4.284  3.7868  1.277    2  0.000  0.537     0.00     0.00     0.00     0.00     0.00 -1    -1e-30      0.00 7.400e-01 2.560e-01 7.099e-04 1.938e-04 1.761e-03 -1.000 4.000e-03 -5.940 -6.091 -5.850 -6.489
0.004 -0.58336 7.35000 10.5459451675 2.6264064904   10.546  4.278  3.7749  1.234    2  0.000  0.537     0.00     0.00     0.00     0.00     0.00 -1    -1e-30      0.00 7.400e-01 2.560e-01 7.099e-04 1.938e-04 1.761e-03 -1.000 4.000e-03 -5.926 -6.067 -5.797 -6.499
0.004 -0.58336 7.35000 10.5459918976 2.6264065338   10.546  4.272  3.7631  1.193    2  0.000  0.537     0.00     0.00     0.00     0.00     0.00 -1    -1e-30      0.00 7.400e-01 2.560e-01 7.099e-04 1.938e-04 1.761e-03 -1.000 4.000e-03 -5.911 -6.038 -5.740 -6.504
0.004 -0.58336 7.35000 10.5460376740 2.6264065763   10.546  4.266  3.7512  1.152    2  0.000  0.537     0.00     0.00     0.00     0.00     0.00 -1    -1e-30      0.00 7.400e-01 2.560e-01 7.099e-04 1.938e-04 1.761e-03 -1.000 4.000e-03 -5.895 -6.006 -5.679 -6.504
0.004 -0.58336 7.35000 10.5460815430 2.6264066170   10.546  4.259  3.7393  1.111    2  0.000  0.537     0.00     0.00     0.00     0.00     0.00 -1    -1e-30      0.00 7.400e-01 2.560e-01 7.099e-04 1.938e-04 1.761e-03 -1.000 4.000e-03 -5.877 -5.971 -5.614 -6.501
0.004 -0.58336 7.35000 10.5461244583 2.6264066569   10.546  4.251  3.7275  1.072    2  0.000  0.537     0.00     0.00     0.00     0.00     0.00 -1    -1e-30      0.00 7.400e-01 2.560e-01 7.099e-04 1.938e-04 1.761e-03 -1.000 4.000e-03 -5.858 -5.931 -5.545 -6.490
0.004 -0.58336 7.35000 10.5461654663 2.6264066949   10.546  4.242  3.7160  1.035    2  0.000  0.537     0.00     0.00     0.00     0.00     0.00 -1    -1e-30      0.00 7.400e-01 2.560e-01 7.099e-04 1.938e-04 1.761e-03 -1.000 4.000e-03 -5.836 -5.886 -5.470 -6.474
0.004 -0.58336 7.35000 10.5462074280 2.6264067339   10.546  4.233  3.7049  1.000    2  0.000  0.537     0.00     0.00     0.00     0.00     0.00 -1    -1e-30      0.00 7.400e-01 2.560e-01 7.099e-04 1.938e-04 1.761e-03 -1.000 4.000e-03 -5.811 -5.836 -5.390 -6.451
0.004 -0.58336 7.35000 10.5462512970 2.6264067746   10.546  4.221  3.6945  0.970    2  0.000  0.537     0.00     0.00     0.00     0.00     0.00 -1    -1e-30      0.00 7.400e-01 2.560e-01 7.099e-04 1.938e-04 1.761e-03 -1.000 4.000e-03 -5.782 -5.780 -5.306 -6.420
0.004 -0.58336 7.35000 10.5463018417 2.6264068215   10.546  4.205  3.6841  0.944    2  0.000  0.537     0.00     0.00     0.00     0.00     0.00 -1    -1e-30      0.00 7.400e-01 2.560e-01 7.099e-04 1.938e-04 1.761e-03 -1.000 4.000e-03 -5.744 -5.712 -5.210 -6.377
0.004 -0.58336 7.35000 10.5463647842 2.6264068800   10.546  4.185  3.6744  0.925    2  0.000  0.537     0.00     0.00     0.00     0.00     0.00 -1    -1e-30      0.00 7.400e-01 2.560e-01 7.099e-04 1.938e-04 1.761e-03 -1.000 4.000e-03 -5.694 -5.635 -5.102 -6.325
0.004 -0.58336 7.35000 10.5464496613 2.6264069588   10.546  4.162  3.6652  0.911    2  0.000  0.537     0.00     0.00     0.00     0.00     0.00 -1    -1e-30      0.00 7.400e-01 2.560e-01 7.099e-04 1.938e-04 1.761e-03 -1.000 4.000e-03 -5.636 -5.546 -4.982 -6.259
0.004 -0.58336 7.35000 10.5465583801 2.6264070597   10.547  4.140  3.6565  0.898    2  0.000  0.537     0.00     0.00     0.00     0.00     0.00 -1    -1e-30      0.00 7.400e-01 2.560e-01 7.099e-04 1.938e-04 1.761e-03 -1.000 4.000e-03 -5.581 -5.457 -4.864 -6.191
0.004 -0.58336 7.35000 10.5466365814 2.6264071323   10.547  4.133  3.6506  0.883    2  0.000  0.537     0.00     0.00     0.00     0.00     0.00 -1    -1e-30      0.00 7.400e-01 2.560e-01 7.099e-04 1.938e-04 1.761e-03 -1.000 4.000e-03 -5.562 -5.411 -4.800 -6.159
0.004 -0.58336 7.35000 10.5467052460 2.6264071960   10.547  4.149  3.6447  0.843    3  0.000  0.536    50.49    33.92    23.52    16.98    14.07  4    -1e-30      0.00 7.400e-01 2.560e-01 7.078e-04 1.946e-04 1.761e-03 -1.000 4.000e-03 -5.602 -5.423 -4.791 -6.185
0.004 -0.58336 7.35000 10.5467824936 2.6264072677   10.547  4.185  3.6373  0.777    3  0.000  0.523    58.87    38.21    26.35    19.06    15.80  4    -1e-30      0.00 7.400e-01 2.560e-01 6.908e-04 2.060e-04 1.761e-03 -1.000 4.000e-03 -5.693 -5.474 -4.816 -6.257
0.004 -0.58336 7.35000 10.5468292236 2.6264073111   10.547  4.220  3.6322  0.721    3  0.000  0.486    67.07    42.27    29.02    21.02    17.43  4    -1e-30      0.00 7.400e-01 2.560e-01 6.425e-04 2.538e-04 1.761e-03 -1.000 4.007e-03 -5.781 -5.534 -4.856 -6.331
0.004 -0.58336 7.35000 10.5468654633 2.6264073447   10.547  4.255  3.6279  0.670    3  0.000  0.445    75.67    46.41    31.72    23.02    19.08  4    -1e-30      0.00 7.399e-01 2.560e-01 5.881e-04 3.162e-04 1.761e-03 -1.000 4.061e-03 -5.867 -5.596 -4.899 -6.404
0.004 -0.58336 7.35000 10.5468816757 2.6264073598   10.547  4.271  3.6260  0.646    3  0.000  0.427    79.96    48.43    33.04    23.99    19.89  4    -1e-30      0.00 7.399e-01 2.560e-01 5.637e-04 3.462e-04 1.761e-03 -1.000 4.100e-03 -5.907 -5.625 -4.920 -6.438
0.004 -0.58336 7.35000 10.5469007492 2.6264073775   10.547  4.291  3.6238  0.617    3  0.000  0.411    85.53    51.03    34.73    25.23    20.93  4    -1e-30      0.00 7.399e-01 2.560e-01 5.423e-04 3.727e-04 1.760e-03 -1.000 4.100e-03 -5.958 -5.662 -4.947 -6.482
0.004 -0.58336 7.35000 10.5469102859 2.6264073863   10.547  4.301  3.6227  0.603    3  0.000  0.405    88.46    52.37    35.61    25.88    21.46  4    -1e-30      0.00 7.399e-01 2.561e-01 5.349e-04 3.827e-04 1.759e-03 -1.000 4.077e-03 -5.983 -5.680 -4.961 -6.503
0.004 -0.58336 7.35000 10.5469503403 2.6264074235   10.547  4.340  3.6186  0.547    3  0.000  0.389   100.74    57.93    39.21    28.54    23.67  4    -1e-30      0.00 7.389e-01 2.570e-01 5.094e-04 4.284e-04 1.743e-03 -1.000 4.072e-03 -6.081 -5.753 -5.016 -6.588
0.004 -0.58336 7.35000 10.5469989777 2.6264074687   10.547  4.381  3.6147  0.491    3  0.000  0.380   114.86    64.12    43.20    31.49    26.13  4    -1e-30      0.00 7.371e-01 2.588e-01 4.878e-04 4.821e-04 1.713e-03 -1.000 4.044e-03 -6.182 -5.828 -5.072 -6.675
0.004 -0.58336 7.35000 10.5470800400 2.6264075439   10.547  4.428  3.6102  0.426    3  0.000  0.373   133.73    72.14    48.34    35.30    29.30  4    -1e-30      0.00 7.347e-01 2.612e-01 4.687e-04 5.392e-04 1.674e-03 -1.000 4.052e-03 -6.300 -5.915 -5.135 -6.777
0.004 -0.58336 7.35000 10.5472717285 2.6264077218   10.547  4.469  3.6062  0.369    3  0.000  0.369   152.57    79.89    53.29    38.97    32.36  4    -1e-30      0.00 7.331e-01 2.628e-01 4.561e-04 5.772e-04 1.648e-03 -1.000 4.078e-03 -6.402 -5.988 -5.186 -6.863
0.004 -0.58336 7.35000 10.5479393005 2.6264083414   10.548  4.498  3.6033  0.328    3  0.000  0.367   167.98    86.07    57.22    41.89    34.79  4    -1e-30      0.00 7.318e-01 2.642e-01 4.480e-04 6.037e-04 1.629e-03 -1.000 4.062e-03 -6.476 -6.042 -5.223 -6.926
0.004 -0.58336 7.35000 10.5491008759 2.6264094192   10.549  4.511  3.6022  0.311    3  0.000  0.366   174.83    88.78    58.94    43.17    35.85  3    -1e-30      0.00 7.307e-01 2.652e-01 4.442e-04 6.185e-04 1.618e-03 -1.000 4.060e-03 -6.507 -6.064 -5.239 -6.953
0.004 -0.58336 7.35000 10.5511598587 2.6264113290   10.551  4.533  3.6001  0.281    3  0.000  0.365   187.66    93.78    62.11    45.53    37.81  3    -1e-30      0.00 7.289e-01 2.670e-01 4.374e-04 6.446e-04 1.598e-03 -1.000 4.056e-03 -6.562 -6.104 -5.267 -7.000
0.004 -0.58336 7.35000 10.5647363663 2.6264239004   10.565  4.524  3.6013  0.295    3  0.000  0.365   181.47    91.36    60.58    44.39    36.87  3    -1e-30      0.00 7.289e-01 2.671e-01 4.374e-04 6.449e-04 1.597e-03 -1.000 4.058e-03 -6.540 -6.091 -5.260 -6.982
0.004 -0.58336 7.35000 10.6072168350 2.6264629971   10.607  4.498  3.6051  0.338    4  0.000  0.365     0.00     0.00     0.00     0.00     0.00 -1    -1e-30      0.00 7.288e-01 2.672e-01 4.373e-04 6.458e-04 1.597e-03 -1.000 4.062e-03 -6.474 -6.052 -5.241 -6.931
0.004 -0.58336 7.35000 10.6496286392 2.6265016730   10.650  4.475  3.6085  0.376    4  0.000  0.365     0.00     0.00     0.00     0.00     0.00 -1    -1e-30      0.00 7.287e-01 2.673e-01 4.371e-04 6.467e-04 1.596e-03 -1.000 4.066e-03 -6.418 -6.020 -5.228 -6.889
0.004 -0.58336 7.35000 10.7023334503 2.6265492444   10.703  4.456  3.6123  0.412    4  0.000  0.365     0.00     0.00     0.00     0.00     0.00 -1    -1e-30      0.00 7.285e-01 2.674e-01 4.369e-04 6.478e-04 1.595e-03 -1.000 4.071e-03 -6.371 -6.000 -5.226 -6.857
0.004 -0.58336 7.35000 10.7974872589 2.6266337792   10.798  4.444  3.6186  0.454    4  0.000  0.365     0.00     0.00     0.00     0.00     0.00 -1    -1e-30      0.00 7.282e-01 2.677e-01 4.366e-04 6.497e-04 1.593e-03 -1.000 4.081e-03 -6.339 -6.008 -5.263 -6.848
0.004 -0.58336 7.35000 10.8114986420 2.6266460825   10.812  4.442  3.6195  0.460    4  0.000  0.366     0.00     0.00     0.00     0.00     0.00 -1    -1e-30      0.00 7.282e-01 2.677e-01 4.366e-04 6.500e-04 1.593e-03 -1.000 4.082e-03 -6.334 -6.010 -5.269 -6.846
0.004 -0.58336 7.35000 10.8327922821 2.6266647102   10.834  4.445  3.6202  0.460    4  0.000  0.366     0.00     0.00     0.00     0.00     0.00 -1    -1e-30      0.00 7.282e-01 2.678e-01 4.365e-04 6.505e-04 1.592e-03 -1.000 4.084e-03 -6.343 -6.023 -5.285 -6.858
0.004 -0.58336 7.35000 10.8515691757 2.6266810665   10.853  4.449  3.6209  0.460    5  0.000  0.366     0.00     0.00     0.00     0.00     0.00 -1    -1e-30      0.00 7.281e-01 2.678e-01 4.365e-04 6.509e-04 1.592e-03 -1.000 4.086e-03 -6.351 -6.035 -5.299 -6.868
0.004 -0.58336 7.35000 10.8544635773 2.6266835820   10.855  4.449  3.6209  0.460    5  0.000  0.366     0.00     0.00     0.00     0.00     0.00 -1    -1e-30      0.00 7.281e-01 2.678e-01 4.365e-04 6.509e-04 1.592e-03 -1.000 4.086e-03 -6.353 -6.037 -5.301 -6.870
0.004 -0.58336 7.35000 10.8553810120 2.6266843790   10.856  4.449  3.6210  0.460    5  0.000  0.366     0.00     0.00     0.00     0.00     0.00 -1    -1e-30      0.00 7.281e-01 2.678e-01 4.365e-04 6.509e-04 1.592e-03 -1.000 4.086e-03 -6.353 -6.037 -5.302 -6.870
0.004 -0.58336 7.35000 10.8557195663 2.6266846731   10.857  4.449  3.6210  0.460    5  0.000  0.366     0.00     0.00     0.00     0.00     0.00 -1    -1e-30      0.00 7.281e-01 2.678e-01 4.365e-04 6.509e-04 1.592e-03 -1.000 4.086e-03 -6.353 -6.037 -5.302 -6.871
0.004 -0.58336 7.35000 10.8559360504 2.6266848611   10.857  4.449  3.6210  0.460    5  0.000  0.366     0.00     0.00     0.00     0.00     0.00 -1    -1e-30      0.00 7.281e-01 2.678e-01 4.365e-04 6.510e-04 1.592e-03 -1.000 4.086e-03 -6.353 -6.037 -5.302 -6.871
0.004 -0.58336 7.35000 10.8561401367 2.6266850384   10.857  4.449  3.6210  0.460    5  0.000  0.366     0.00     0.00     0.00     0.00     0.00 -1    -1e-30      0.00 7.281e-01 2.678e-01 4.365e-04 6.510e-04 1.592e-03 -1.000 4.086e-03 -6.353 -6.038 -5.302 -6.871
0.004 -0.58336 7.35000 10.8562994003 2.6266851767   10.857  4.449  3.6210  0.460    5  0.000  0.366     0.00     0.00     0.00     0.00     0.00 -1    -1e-30      0.00 7.281e-01 2.678e-01 4.365e-04 6.510e-04 1.592e-03 -1.000 4.086e-03 -6.353 -6.038 -5.302 -6.871
0.004 -0.58336 7.35000 10.8564414978 2.6266853001   10.857  4.449  3.6210  0.460    5  0.000  0.366     0.00     0.00     0.00     0.00     0.00 -1    -1e-30      0.00 7.281e-01 2.678e-01 4.365e-04 6.510e-04 1.592e-03 -1.000 4.086e-03 -6.353 -6.038 -5.302 -6.871
0.004 -0.58336 7.35000 10.8566160202 2.6266854516   10.858  4.449  3.6210  0.460    5  0.000  0.366     0.00     0.00     0.00     0.00     0.00 -1    -1e-30      0.00 7.281e-01 2.678e-01 4.365e-04 6.510e-04 1.592e-03 -1.000 4.086e-03 -6.353 -6.038 -5.303 -6.871
0.004 -0.58336 7.35000 10.8567600250 2.6266855767   10.858  4.449  3.6210  0.460    5  0.000  0.366     0.00     0.00     0.00     0.00     0.00 -1    -1e-30      0.00 7.281e-01 2.678e-01 4.365e-04 6.510e-04 1.592e-03 -1.000 4.086e-03 -6.354 -6.038 -5.303 -6.871
0.004 -0.58336 7.35000 10.8569116592 2.6266857084   10.858  4.449  3.6210  0.460    5  0.000  0.366     0.00     0.00     0.00     0.00     0.00 -1    -1e-30      0.00 7.281e-01 2.678e-01 4.365e-04 6.510e-04 1.592e-03 -1.000 4.086e-03 -6.354 -6.038 -5.303 -6.871
0.004 -0.58336 7.35000 10.8571157455 2.6266858856   10.858  4.449  3.6210  0.460    5  0.000  0.366     0.00     0.00     0.00     0.00     0.00 -1    -1e-30      0.00 7.281e-01 2.678e-01 4.365e-04 6.510e-04 1.592e-03 -1.000 4.086e-03 -6.354 -6.038 -5.303 -6.871
0.004 -0.58336 7.35000 10.8572940826 2.6266860404   10.858  4.450  3.6210  0.460    5  0.000  0.366     0.00     0.00     0.00     0.00     0.00 -1    -1e-30      0.00 7.281e-01 2.678e-01 4.365e-04 6.510e-04 1.592e-03 -1.000 4.086e-03 -6.354 -6.038 -5.303 -6.872
0.004 -0.58336 7.35000 10.8574895859 2.6266862102   10.859  4.450  3.6210  0.460    5  0.000  0.366     0.00     0.00     0.00     0.00     0.00 -1    -1e-30      0.00 7.281e-01 2.678e-01 4.365e-04 6.510e-04 1.592e-03 -1.000 4.086e-03 -6.354 -6.038 -5.303 -6.872
0.004 -0.58336 7.35000 10.8577089310 2.6266864006   10.859  4.450  3.6211  0.460    5  0.000  0.366     0.00     0.00     0.00     0.00     0.00 -1    -1e-30      0.00 7.281e-01 2.678e-01 4.365e-04 6.510e-04 1.592e-03 -1.000 4.086e-03 -6.354 -6.039 -5.303 -6.872
0.004 -0.58336 7.35000 10.8579587936 2.6266866176   10.859  4.450  3.6211  0.460    5  0.000  0.366     0.00     0.00     0.00     0.00     0.00 -1    -1e-30      0.00 7.281e-01 2.678e-01 4.365e-04 6.510e-04 1.592e-03 -1.000 4.086e-03 -6.354 -6.039 -5.304 -6.872
0.004 -0.58336 7.35000 10.8582534790 2.6266868734   10.859  4.450  3.6211  0.460    5  0.000  0.366     0.00     0.00     0.00     0.00     0.00 -1    -1e-30      0.00 7.281e-01 2.678e-01 4.364e-04 6.510e-04 1.592e-03 -1.000 4.086e-03 -6.354 -6.039 -5.304 -6.872
0.004 -0.58336 7.35000 10.8586139679 2.6266871863   10.860  4.450  3.6211  0.460    5  0.000  0.366     0.00     0.00     0.00     0.00     0.00 -1    -1e-30      0.00 7.281e-01 2.678e-01 4.364e-04 6.510e-04 1.592e-03 -1.000 4.086e-03 -6.354 -6.039 -5.304 -6.872
0.004 -0.58336 7.35000 10.8590803146 2.6266875911   10.860  4.450  3.6211  0.460    5  0.000  0.366     0.00     0.00     0.00     0.00     0.00 -1    -1e-30      0.00 7.281e-01 2.678e-01 4.364e-04 6.510e-04 1.592e-03 -1.000 4.086e-03 -6.355 -6.039 -5.304 -6.873
0.004 -0.58336 7.35000 10.8597412109 2.6266881647   10.861  4.450  3.6211  0.460    5  0.000  0.366     0.00     0.00     0.00     0.00     0.00 -1    -1e-30      0.00 7.281e-01 2.678e-01 4.364e-04 6.510e-04 1.592e-03 -1.000 4.087e-03 -6.355 -6.040 -5.305 -6.873
0.004 -0.58336 7.35000 10.8608369827 2.6266891156   10.862  4.450  3.6212  0.460    5  0.000  0.366     0.00     0.00     0.00     0.00     0.00 -1    -1e-30      0.00 7.281e-01 2.678e-01 4.364e-04 6.511e-04 1.592e-03 -1.000 4.087e-03 -6.355 -6.041 -5.306 -6.873
0.004 -0.58336 7.35000 10.8638134003 2.6266916973   10.865  4.451  3.6212  0.460    5  0.000  0.366     0.00     0.00     0.00     0.00     0.00 -1    -1e-30      0.00 7.281e-01 2.678e-01 4.364e-04 6.511e-04 1.592e-03 -1.000 4.087e-03 -6.357 -6.042 -5.308 -6.875
0.004 -0.58336 7.35000 10.8752365112 2.6267015903   10.876  4.453  3.6216  0.460    5  0.000  0.366     0.00     0.00     0.00     0.00     0.00 -1    -1e-30      0.00 7.280e-01 2.679e-01 4.364e-04 6.514e-04 1.591e-03 -1.000 4.088e-03 -6.361 -6.049 -5.316 -6.881
0.004 -0.58336 7.35000 10.8800153732 2.6267057220   10.881  4.453  3.6218  0.460    5  0.000  0.366     0.00     0.00     0.00     0.00     0.00 -1    -1e-30      0.00 7.280e-01 2.679e-01 4.364e-04 6.514e-04 1.591e-03 -1.000 4.089e-03 -6.363 -6.052 -5.320 -6.884
0.004 -0.58336 7.35000 10.9068536758 2.6267288483   10.908  4.461  3.6195  0.444    5  0.000  0.366     0.00     0.00     0.00     0.00     0.00 -1    -1e-30      0.00 7.279e-01 2.680e-01 4.363e-04 6.520e-04 1.591e-03 -1.000 4.091e-03 -6.383 -6.058 -5.315 -6.896
0.004 -0.58336 7.35000 10.9206981659 2.6267407269   10.922  4.465  3.6183  0.436    6  0.000  0.366     0.00     0.00     0.00     0.00     0.00 -1    -1e-30      0.00 7.279e-01 2.680e-01 4.363e-04 6.523e-04 1.591e-03 -1.000 4.092e-03 -6.394 -6.061 -5.313 -6.902
0.004 -0.58336 7.35000 10.9322490692 2.6267506111   10.933  4.469  3.6173  0.429    6  0.000  0.366     0.00     0.00     0.00     0.00     0.00 -1    -1e-30      0.00 7.279e-01 2.680e-01 4.362e-04 6.525e-04 1.590e-03 -1.000 4.094e-03 -6.402 -6.063 -5.310 -6.907
0.004 -0.58336 7.35000 10.9451980591 2.6267616631   10.947  4.473  3.6162  0.422    6  0.000  0.366     0.00     0.00     0.00     0.00     0.00 -1    -1e-30      0.00 7.278e-01 2.681e-01 4.362e-04 6.528e-04 1.590e-03 -1.000 4.095e-03 -6.412 -6.065 -5.308 -6.912
0.004 -0.58336 7.35000 10.9514236450 2.6267669660   10.953  4.474  3.6157  0.418    6  0.000  0.366     0.00     0.00     0.00     0.00     0.00 -1    -1e-30      0.00 7.278e-01 2.681e-01 4.362e-04 6.529e-04 1.590e-03 -1.000 4.095e-03 -6.416 -6.066 -5.306 -6.915
0.004 -0.58336 7.35000 10.9522953033 2.6267677079   10.954  4.475  3.6156  0.417    6  0.000  0.366     0.00     0.00     0.00     0.00     0.00 -1    -1e-30      0.00 7.278e-01 2.681e-01 4.362e-04 6.529e-04 1.590e-03 -1.000 4.095e-03 -6.417 -6.066 -5.306 -6.915
0.004 -0.58336 7.35000 10.9552154541 2.6267701924   10.957  4.476  3.6154  0.416    6  0.000  0.366     0.00     0.00     0.00     0.00     0.00 -1    -1e-30      0.00 7.278e-01 2.681e-01 4.361e-04 6.530e-04 1.590e-03 -1.000 4.096e-03 -6.419 -6.067 -5.306 -6.916
0.004 -0.58336 7.35000 10.9595422745 2.6267738710   10.961  4.477  3.6150  0.413    6  0.000  0.366     0.00     0.00     0.00     0.00     0.00 -1    -1e-30      0.00 7.278e-01 2.681e-01 4.361e-04 6.531e-04 1.590e-03 -1.000 4.096e-03 -6.422 -6.068 -5.305 -6.918
0.004 -0.58336 7.35000 10.9644870758 2.6267780708   10.966  4.480  3.6145  0.408    6  0.000  0.366     0.00     0.00     0.00     0.00     0.00 -1    -1e-30      0.00 7.278e-01 2.681e-01 4.361e-04 6.532e-04 1.590e-03 -1.000 4.097e-03 -6.429 -6.071 -5.306 -6.923
0.004 -0.58336 7.35000 10.9690399170 2.6267819338   10.970  4.483  3.6139  0.402    6  0.000  0.366     0.00     0.00     0.00     0.00     0.00 -1    -1e-30      0.00 7.278e-01 2.681e-01 4.361e-04 6.533e-04 1.590e-03 -1.000 4.097e-03 -6.439 -6.077 -5.308 -6.931
0.004 -0.58336 7.35000 10.9729166031 2.6267852203   10.974  4.487  3.6133  0.397    6  0.000  0.366     0.00     0.00     0.00     0.00     0.00 -1    -1e-30      0.00 7.278e-01 2.681e-01 4.361e-04 6.533e-04 1.590e-03 -1.000 4.097e-03 -6.447 -6.081 -5.310 -6.937
0.004 -0.58336 7.35000 10.9769439697 2.6267886316   10.978  4.490  3.6128  0.391    6  0.000  0.366     0.00     0.00     0.00     0.00     0.00 -1    -1e-30      0.00 7.278e-01 2.681e-01 4.361e-04 6.534e-04 1.589e-03 -1.000 4.098e-03 -6.456 -6.086 -5.313 -6.944
0.004 -0.58336 7.35000 10.9796314240 2.6267909064   10.981  4.493  3.6124  0.388    6  0.000  0.366     0.00     0.00     0.00     0.00     0.00 -1    -1e-30      0.00 7.278e-01 2.681e-01 4.361e-04 6.535e-04 1.589e-03 -1.000 4.098e-03 -6.462 -6.090 -5.314 -6.948
0.004 -0.58336 7.35000 10.9824686050 2.6267933066   10.984  4.495  3.6120  0.384    6  0.000  0.366     0.00     0.00     0.00     0.00     0.00 -1    -1e-30      0.00 7.277e-01 2.682e-01 4.361e-04 6.535e-04 1.589e-03 -1.000 4.098e-03 -6.468 -6.093 -5.316 -6.953
0.004 -0.58336 7.35000 10.9843969345 2.6267949370   10.986  4.497  3.6118  0.381    6  0.000  0.366     0.00     0.00     0.00     0.00     0.00 -1    -1e-30      0.00 7.277e-01 2.682e-01 4.360e-04 6.536e-04 1.589e-03 -1.000 4.099e-03 -6.472 -6.096 -5.317 -6.956
0.004 -0.58336 7.35000 10.9864625931 2.6267966829   10.988  4.499  3.6115  0.378    6  0.000  0.366     0.00     0.00     0.00     0.00     0.00 -1    -1e-30      0.00 7.277e-01 2.682e-01 4.360e-04 6.536e-04 1.589e-03 -1.000 4.099e-03 -6.476 -6.098 -5.318 -6.960
0.004 -0.58336 7.35000 10.9878702164 2.6267978722   10.989  4.500  3.6113  0.376    6  0.000  0.366     0.00     0.00     0.00     0.00     0.00 -1    -1e-30      0.00 7.277e-01 2.682e-01 4.360e-04 6.537e-04 1.589e-03 -1.000 4.099e-03 -6.480 -6.100 -5.319 -6.962
0.004 -0.58336 7.35000 10.9890947342 2.6267989064   10.991  4.501  3.6111  0.375    6  0.000  0.366     0.00     0.00     0.00     0.00     0.00 -1    -1e-30      0.00 7.277e-01 2.682e-01 4.360e-04 6.537e-04 1.589e-03 -1.000 4.099e-03 -6.482 -6.102 -5.320 -6.964
0.004 -0.58336 7.35000 10.9901609421 2.6267998068   10.992  4.502  3.6110  0.373    6  0.000  0.366     0.00     0.00     0.00     0.00     0.00 -1    -1e-30      0.00 7.277e-01 2.682e-01 4.360e-04 6.537e-04 1.589e-03 -1.000 4.099e-03 -6.484 -6.103 -5.321 -6.966
0.004 -0.58336 7.35000 10.9910993576 2.6268005991   10.993  4.503  3.6108  0.372    6  0.000  0.366     0.00     0.00     0.00     0.00     0.00 -1    -1e-30      0.00 7.277e-01 2.682e-01 4.360e-04 6.537e-04 1.589e-03 -1.000 4.099e-03 -6.487 -6.104 -5.321 -6.967
0.004 -0.58336 7.35000 10.9919433594 2.6268013115   10.993  4.503  3.6107  0.371    6  0.000  0.366     0.00     0.00     0.00     0.00     0.00 -1    -1e-30      0.00 7.277e-01 2.682e-01 4.360e-04 6.537e-04 1.589e-03 -1.000 4.099e-03 -6.488 -6.105 -5.322 -6.969
0.004 -0.58336 7.35000 10.9927501678 2.6268019924   10.994  4.504  3.6106  0.370    6  0.000  0.366     0.00     0.00     0.00     0.00     0.00 -1    -1e-30      0.00 7.277e-01 2.682e-01 4.360e-04 6.538e-04 1.589e-03 -1.000 4.099e-03 -6.490 -6.106 -5.322 -6.970
0.004 -0.58336 7.35000 10.9935731888 2.6268026869   10.995  4.505  3.6105  0.368    6  0.000  0.366     0.00     0.00     0.00     0.00     0.00 -1    -1e-30      0.00 7.277e-01 2.682e-01 4.360e-04 6.538e-04 1.589e-03 -1.000 4.099e-03 -6.492 -6.107 -5.323 -6.971
0.004 -0.58336 7.35000 10.9944448471 2.6268034223   10.996  4.506  3.6104  0.367    6  0.000  0.366     0.00     0.00     0.00     0.00     0.00 -1    -1e-30      0.00 7.277e-01 2.682e-01 4.360e-04 6.538e-04 1.589e-03 -1.000 4.100e-03 -6.494 -6.108 -5.323 -6.973
0.004 -0.58336 7.35000 10.9954271317 2.6268042508   10.997  4.506  3.6102  0.366    6  0.000  0.366     0.00     0.00     0.00     0.00     0.00 -1    -1e-30      0.00 7.277e-01 2.682e-01 4.360e-04 6.538e-04 1.589e-03 -1.000 4.100e-03 -6.496 -6.110 -5.324 -6.975
0.004 -0.58336 7.35000 10.9970979691 2.6268056598   10.999  4.508  3.6100  0.364    6  0.000  0.366     0.00     0.00     0.00     0.00     0.00 -1    -1e-30      0.00 7.277e-01 2.682e-01 4.360e-04 6.538e-04 1.589e-03 -1.000 4.100e-03 -6.500 -6.112 -5.325 -6.977
0.004 -0.58336 7.35000 10.9984092712 2.6268067652   11.000  4.509  3.6098  0.362    6  0.000  0.366     0.00     0.00     0.00     0.00     0.00 -1    -1e-30      0.00 7.277e-01 2.682e-01 4.360e-04 6.539e-04 1.589e-03 -1.000 4.100e-03 -6.502 -6.113 -5.325 -6.979
0.004 -0.58336 7.35000 11.0000000000 2.6268081058   11.001  4.510  3.6096  0.360    6  0.000  0.366     0.00     0.00     0.00     0.00     0.00 -1    -1e-30      0.00 7.277e-01 2.682e-01 4.360e-04 6.539e-04 1.589e-03 -1.000 4.100e-03 -6.506 -6.115 -5.326 -6.982
0.004 -0.58336 7.35000 11.0001583099 2.6268082392   11.001  4.510  3.6097  0.360    6  0.000  0.366     0.00     0.00     0.00     0.00     0.00 -1    -1e-30      0.00 7.277e-01 2.682e-01 4.360e-04 6.539e-04 1.589e-03 -1.000 4.100e-03 -6.506 -6.116 -5.327 -6.983
0.004 -0.58336 7.35000 11.0114574432 2.6268177484   11.013  4.530  3.6122  0.351    6  0.000  0.366     0.00     0.00     0.00     0.00     0.00 -1    -1e-30      0.00 7.276e-01 2.683e-01 4.359e-04 6.546e-04 1.588e-03 -1.000 4.099e-03 -6.555 -6.181 -5.401 -7.042
0.004 -0.58336 7.35000 11.0203685760 2.6268252321   11.022  4.580  3.6080  0.284    6  0.000  0.366     0.00     0.00     0.00     0.00     0.00 -1    -1e-30      0.00 7.275e-01 2.684e-01 4.358e-04 6.552e-04 1.588e-03 -1.000 4.098e-03 -6.680 -6.276 -5.473 -7.151
0.004 -0.58336 7.35000 11.0221633911 2.6268267377   11.023  4.618  3.6029  0.226    6  0.000  0.366     0.00     0.00     0.00     0.00     0.00 -1    -1e-30      0.00 7.275e-01 2.684e-01 4.357e-04 6.553e-04 1.588e-03 -1.000 4.098e-03 -6.775 -6.334 -5.503 -7.225
0.004 -0.58336 7.35000 11.0221843719 2.6268267553   11.023  4.619  3.6028  0.225    6  0.000  0.366     0.00     0.00     0.00     0.00     0.00 -1    -1e-30      0.00 7.275e-01 2.684e-01 4.357e-04 6.553e-04 1.588e-03 -1.000 4.098e-03 -6.777 -6.335 -5.503 -7.226
0.004 -0.58336 7.35000 11.0223836899 2.6268269225   11.024  4.630  3.6016  0.209    7  0.000  0.366   226.60   107.96    71.12    52.16    43.35  3    -1e-30      0.00 7.275e-01 2.684e-01 4.357e-04 6.553e-04 1.588e-03 -1.000 4.098e-03 -6.804 -6.353 -5.514 -7.248
0.004 -0.58336 7.35000 11.0226173401 2.6268271184   11.024  4.642  3.6001  0.190    7  0.000  0.366   236.79   111.68    73.46    53.90    44.80  3    -1e-30      0.00 7.275e-01 2.684e-01 4.357e-04 6.554e-04 1.588e-03 -1.000 4.098e-03 -6.836 -6.374 -5.527 -7.274
0.004 -0.58336 7.35000 11.0228271484 2.6268272944   11.024  4.654  3.5987  0.173    7  0.000  0.366   246.39   115.15    75.64    55.53    46.15  3    -1e-30      0.00 7.275e-01 2.684e-01 4.357e-04 6.554e-04 1.588e-03 -1.000 4.098e-03 -6.864 -6.391 -5.536 -7.296
0.004 -0.58336 7.35000 11.0230140686 2.6268274511   11.024  4.664  3.5974  0.158    7  0.000  0.366   255.35   118.37    77.65    57.03    47.41  3    -1e-30      0.00 7.275e-01 2.684e-01 4.357e-04 6.554e-04 1.588e-03 -1.000 4.098e-03 -6.889 -6.406 -5.544 -7.316
0.004 -0.58336 7.35000 11.0231790543 2.6268275895   11.024  4.670  3.5965  0.148    7  0.000  0.366   261.52   120.56    79.03    58.05    48.26  3    -1e-30      0.00 7.275e-01 2.684e-01 4.357e-04 6.554e-04 1.588e-03 -1.000 4.098e-03 -6.906 -6.415 -5.547 -7.328
0.004 -0.58336 7.35000 11.0233278275 2.6268277142   11.025  4.669  3.5963  0.149    7  0.000  0.366   261.16   120.44    78.95    57.99    48.21  3    -1e-30      0.00 7.275e-01 2.684e-01 4.357e-04 6.554e-04 1.588e-03 -1.000 4.098e-03 -6.902 -6.411 -5.542 -7.324
0.004 -0.58336 7.35000 11.0234622955 2.6268278270   11.025  4.668  3.5961  0.149    7  0.000  0.366   260.90   120.35    78.89    57.95    48.18  3    -1e-30      0.00 7.275e-01 2.684e-01 4.357e-04 6.554e-04 1.588e-03 -1.000 4.098e-03 -6.900 -6.407 -5.537 -7.320
0.004 -0.58336 7.35000 11.0235862732 2.6268279309   11.025  4.667  3.5959  0.149    7  0.000  0.366   260.72   120.28    78.85    57.92    48.15  3    -1e-30      0.00 7.275e-01 2.685e-01 4.357e-04 6.554e-04 1.588e-03 -1.000 4.098e-03 -6.897 -6.403 -5.532 -7.317
0.004 -0.58336 7.35000 11.0237245560 2.6268280469   11.025  4.666  3.5957  0.149    7  0.000  0.366   260.59   120.23    78.82    57.90    48.13  3    -1e-30      0.00 7.274e-01 2.685e-01 4.357e-04 6.554e-04 1.588e-03 -1.000 4.097e-03 -6.894 -6.398 -5.526 -7.312
0.004 -0.58336 7.35000 11.0238294601 2.6268281348   11.025  4.665  3.5955  0.150    7  0.000  0.366   260.53   120.21    78.81    57.89    48.12  3    -1e-30      0.00 7.274e-01 2.685e-01 4.357e-04 6.554e-04 1.588e-03 -1.000 4.098e-03 -6.892 -6.394 -5.521 -7.309
0.004 -0.58336 7.35000 11.0239248276 2.6268282148   11.025  4.664  3.5952  0.150    7  0.000  0.366   260.52   120.21    78.81    57.89    48.12  3    -1e-30      0.00 7.274e-01 2.685e-01 4.357e-04 6.554e-04 1.588e-03 -1.000 4.097e-03 -6.889 -6.390 -5.516 -7.306
0.004 -0.58336 7.35000 11.0240154266 2.6268282908   11.025  4.663  3.5950  0.150    7  0.000  0.366   260.53   120.21    78.81    57.89    48.12  3    -1e-30      0.00 7.274e-01 2.685e-01 4.357e-04 6.554e-04 1.588e-03 -1.000 4.097e-03 -6.887 -6.386 -5.511 -7.302
0.004 -0.58336 7.35000 11.0241012573 2.6268283627   11.025  4.662  3.5948  0.150    7  0.000  0.366   260.56   120.22    78.82    57.89    48.13  3    -1e-30      0.00 7.274e-01 2.685e-01 4.357e-04 6.555e-04 1.588e-03 -1.000 4.097e-03 -6.885 -6.382 -5.506 -7.299
0.004 -0.58336 7.35000 11.0241880417 2.6268284355   11.026  4.661  3.5945  0.150    7  0.000  0.366   260.56   120.22    78.82    57.89    48.13  3    -1e-30      0.00 7.274e-01 2.685e-01 4.357e-04 6.555e-04 1.588e-03 -1.000 4.097e-03 -6.883 -6.378 -5.501 -7.296
0.004 -0.58336 7.35000 11.0242786407 2.6268285114   11.026  4.660  3.5943  0.150    7  0.000  0.366   260.47   120.19    78.80    57.88    48.12  3    -1e-30      0.00 7.274e-01 2.685e-01 4.357e-04 6.555e-04 1.588e-03 -1.000 4.097e-03 -6.880 -6.374 -5.496 -7.292
0.004 -0.58336 7.35000 11.0243864059 2.6268286018   11.026  4.659  3.5941  0.150    7  0.000  0.366   260.19   120.09    78.73    57.83    48.08  3    -1e-30      0.00 7.274e-01 2.685e-01 4.357e-04 6.555e-04 1.588e-03 -1.000 4.097e-03 -6.877 -6.370 -5.490 -7.288
0.004 -0.58336 7.35000 11.0245180130 2.6268287121   11.026  4.657  3.5939  0.151    7  0.000  0.366   259.60   119.88    78.60    57.73    47.99  3    -1e-30      0.00 7.274e-01 2.685e-01 4.357e-04 6.555e-04 1.588e-03 -1.000 4.097e-03 -6.873 -6.364 -5.484 -7.283
0.004 -0.58336 7.35000 11.0247278214 2.6268288880   11.026  4.655  3.5938  0.153    7  0.000  0.366   258.36   119.44    78.33    57.53    47.82  3    -1e-30      0.00 7.274e-01 2.685e-01 4.357e-04 6.555e-04 1.588e-03 -1.000 4.097e-03 -6.866 -6.357 -5.477 -7.276
0.004 -0.58336 7.35000 11.0249958038 2.6268291126   11.026  4.652  3.5938  0.155    7  0.000  0.366   256.96   118.94    78.01    57.29    47.63  3    -1e-30      0.00 7.274e-01 2.685e-01 4.357e-04 6.555e-04 1.588e-03 -1.000 4.097e-03 -6.860 -6.350 -5.470 -7.270
0.004 -0.58336 7.35000 11.0251789093 2.6268292661   11.026  4.652  3.5936  0.155    7  0.000  0.366   256.97   118.94    78.01    57.29    47.63  3    -1e-30      0.00 7.274e-01 2.685e-01 4.357e-04 6.555e-04 1.588e-03 -1.000 4.097e-03 -6.859 -6.348 -5.467 -7.268
0.004 -0.58336 7.35000 11.0252561569 2.6268293309   11.026  4.652  3.5936  0.155    7  0.000  0.366   257.40   119.09    78.11    57.37    47.69  3    -1e-30      0.00 7.274e-01 2.685e-01 4.357e-04 6.555e-04 1.588e-03 -1.000 4.097e-03 -6.860 -6.349 -5.467 -7.268
0.004 -0.58336 7.35000 11.0253295898 2.6268293924   11.027  4.652  3.5935  0.154    7  0.000  0.366   257.94   119.29    78.23    57.46    47.76  3    -1e-30      0.00 7.274e-01 2.685e-01 4.357e-04 6.555e-04 1.588e-03 -1.000 4.097e-03 -6.861 -6.349 -5.468 -7.269
0.004 -0.58336 7.35000 11.0253982544 2.6268294500   11.027  4.653  3.5934  0.153    7  0.000  0.366   258.46   119.47    78.35    57.54    47.84  3    -1e-30      0.00 7.274e-01 2.685e-01 4.357e-04 6.555e-04 1.588e-03 -1.000 4.097e-03 -6.863 -6.350 -5.468 -7.271
0.004 -0.58336 7.35000 11.0254669189 2.6268295075   11.027  4.654  3.5933  0.152    7  0.000  0.366   258.93   119.64    78.45    57.62    47.90  3    -1e-30      0.00 7.274e-01 2.685e-01 4.357e-04 6.555e-04 1.588e-03 -1.000 4.097e-03 -6.864 -6.351 -5.469 -7.272
0.004 -0.58336 7.35000 11.0255508423 2.6268295778   11.027  4.654  3.5933  0.152    7  0.000  0.366   259.28   119.76    78.53    57.68    47.95  3    -1e-30      0.00 7.274e-01 2.685e-01 4.357e-04 6.555e-04 1.588e-03 -1.000 4.097e-03 -6.865 -6.352 -5.469 -7.273
0.004 -0.58336 7.35000 11.0257110596 2.6268297121   11.027  4.654  3.5933  0.152    7  0.000  0.366   259.32   119.78    78.54    57.69    47.96  3    -1e-30      0.00 7.274e-01 2.685e-01 4.357e-04 6.556e-04 1.588e-03 -1.000 4.097e-03 -6.865 -6.352 -5.469 -7.273
0.004 -0.58336 7.35000 11.0270261765 2.6268308142   11.028  4.674  3.5913  0.124    7  0.000  0.366   276.86   125.97    82.41    60.58    50.37  3    -1e-30      0.00 7.274e-01 2.685e-01 4.357e-04 6.556e-04 1.587e-03 -1.000 4.097e-03 -6.915 -6.386 -5.490 -7.313
0.004 -0.58336 7.35000 11.0291881561 2.6268326252   11.031  4.719  3.5868  0.060    7  0.000  0.366   313.78   141.25    91.93    67.69    56.29  3    -1e-30      0.00 7.273e-01 2.687e-01 4.346e-04 6.589e-04 1.585e-03 -1.000 4.033e-03 -7.028 -6.461 -5.535 -7.405
0.004 -0.58336 7.35000 11.0304899216 2.6268337153   11.032  4.754  3.5834  0.012    7  0.000  0.365   337.71   154.09    99.90    73.65    61.26  3    -1e-30      0.00 7.257e-01 2.703e-01 4.305e-04 6.745e-04 1.573e-03 -1.000 4.000e-03 -7.115 -6.518 -5.568 -7.474
0.004 -0.58336 7.35000 11.0321035385 2.6268350661   11.033  4.790  3.5799 -0.038    7  0.000  0.364   364.62   168.75   108.96    80.43    66.92  3    -1e-30      0.00 7.223e-01 2.737e-01 4.241e-04 7.009e-04 1.552e-03 -1.000 4.003e-03 -7.206 -6.578 -5.602 -7.547
0.004 -0.58336 7.35000 11.0344400406 2.6268370212   11.036  4.838  3.5755 -0.103    7  0.000  0.364   402.84   189.91   121.97    90.19    75.06  0    -1e-30      0.00 7.173e-01 2.787e-01 4.169e-04 7.328e-04 1.526e-03 -1.000 4.000e-03 -7.325 -6.652 -5.636 -7.641
0.004 -0.58336 7.35000 11.0369272232 2.6268391014   11.038  4.873  3.5722 -0.151    7  0.000  0.364   433.20   206.98   132.42    98.05    81.62  0    -1e-30      0.00 7.144e-01 2.816e-01 4.142e-04 7.449e-04 1.516e-03 -1.000 4.000e-03 -7.412 -6.707 -5.661 -7.709
0.004 -0.58336 7.35000 11.0400285721 2.6268416937   11.041  4.896  3.5704 -0.181    7  0.000  0.364   453.67   218.62   139.52   103.38    86.07  0    -1e-30      0.00 7.113e-01 2.847e-01 4.119e-04 7.552e-04 1.507e-03 -1.000 4.000e-03 -7.469 -6.745 -5.682 -7.755
0.004 -0.58336 7.35000 11.0429735184 2.6268441537   11.044  4.906  3.5696 -0.195    7  0.000  0.364   463.26   224.10   142.86   105.90    88.17  0    -1e-30      0.00 7.084e-01 2.876e-01 4.101e-04 7.632e-04 1.501e-03 -1.000 4.000e-03 -7.495 -6.762 -5.691 -7.777
0.004 -0.58336 7.35000 11.0570983887 2.6268559319   11.058  4.932  3.5678 -0.227    7  0.000  0.364   486.88   237.68   151.13   112.12    93.36  0    -1e-30      0.00 6.942e-01 3.018e-01 4.022e-04 7.987e-04 1.472e-03 -1.000 4.000e-03 -7.560 -6.806 -5.713 -7.830
