Zini MH logAge Mini int_IMF Mass logL logTe logg label McoreTP C_O period0 period1 period2 period3 period4 pmode Mloss tau1m X Y Xc Xn Xo Cexcess Z mbolmag Gmag G_BPmag G_RPmag
0.008 -0.27576 7.93500 0.0900000036 1.0816895926    0.090 -2.662  3.4322  4.735    0  0.000  0.545     0.00     0.00     0.00     0.00     0.00 -1 -3.96e-16      0.00 7.289e-01 2.631e-01 1.439e-03 3.881e-04 3.520e-03 -1.000 8.000e-03 11.424 13.104 15.609 11.691
0.008 -0.27576 7.93500 0.0911212265 1.0923442342    0.091 -2.653  3.4333  4.736    0  0.000  0.545     0.00     0.00     0.00     0.00     0.00 -1 -4.01e-16      0.00 7.289e-01 2.631e-01 1.439e-03 3.881e-04 3.520e-03 -1.000 8.000e-03 11.404 13.072 15.561 11.662
0.008 -0.27576 7.93500 0.0985129252 1.1585629134    0.098 -2.599  3.4399  4.742    0  0.000  0.545     0.00     0.00     0.00     0.00     0.00 -1 -4.35e-16      0.00 7.289e-01 2.631e-01 1.439e-03 3.881e-04 3.520e-03 -1.000 8.000e-03 11.267 12.860 15.241 11.468
0.008 -0.27576 7.93500 0.1000000015 1.1711064122    0.100 -2.588  3.4412  4.743    0  0.000  0.545     0.00     0.00     0.00     0.00     0.00 -1 -4.42e-16      0.00 7.289e-01 2.631e-01 1.439e-03 3.881e-04 3.520e-03 -1.000 8.000e-03 11.240 12.818 15.177 11.430
0.008 -0.27576 7.93500 0.1128396764 1.2702063339    0.113 -2.503  3.4515  4.752    0  0.000  0.545     0.00     0.00     0.00     0.00     0.00 -1    -5e-16      0.00 7.289e-01 2.631e-01 1.439e-03 3.881e-04 3.520e-03 -1.000 8.000e-03 11.028 12.490 14.685 11.134
0.008 -0.27576 7.93500 0.1200000048 1.3193154741    0.120 -2.459  3.4571  4.757    0  0.000  0.545     0.00     0.00     0.00     0.00     0.00 -1 -5.33e-16      0.00 7.289e-01 2.631e-01 1.439e-03 3.881e-04 3.520e-03 -1.000 8.000e-03 10.919 12.319 14.421 10.980
0.008 -0.27576 7.93500 0.1368519068 1.4212200006    0.137 -2.368  3.4679  4.765    0  0.000  0.545     0.00     0.00     0.00     0.00     0.00 -1 -6.11e-16      0.00 7.289e-01 2.631e-01 1.439e-03 3.881e-04 3.520e-03 -1.000 8.000e-03 10.690 11.976 13.915 10.673
0.008 -0.27576 7.93500 0.1400000006 1.4384526719    0.140 -2.351  3.4698  4.766    0  0.000  0.545     0.00     0.00     0.00     0.00     0.00 -1 -6.27e-16      0.00 7.289e-01 2.631e-01 1.439e-03 3.881e-04 3.520e-03 -1.000 8.000e-03 10.648 11.915 13.825 10.618
0.008 -0.27576 7.93500 0.1599999964 1.5372931554    0.160 -2.260  3.4798  4.773    0  0.000  0.545     0.00     0.00     0.00     0.00     0.00 -1 -7.19e-16      0.00 7.289e-01 2.631e-01 1.439e-03 3.881e-04 3.520e-03 -1.000 8.000e-03 10.419 11.586 13.356 10.322
0.008 -0.27576 7.93500 0.1666721404 1.5667515254    0.167 -2.233  3.4826  4.775    0  0.000  0.545     0.00     0.00     0.00     0.00     0.00 -1 -7.48e-16      0.00 7.289e-01 2.631e-01 1.439e-03 3.881e-04 3.520e-03 -1.000 8.000e-03 10.351 11.490 13.221 10.236
0.008 -0.27576 7.93500 0.2000000030 1.6938790862    0.200 -2.109  3.4952  4.781    0  0.000  0.545     0.00     0.00     0.00     0.00     0.00 -1    -9e-16      0.00 7.289e-01 2.631e-01 1.439e-03 3.881e-04 3.520e-03 -1.000 8.000e-03 10.043 11.064 12.635 9.854
0.008 -0.27576 7.93500 0.2095549405 1.7253231434    0.210 -2.079  3.4981  4.782    0  0.000  0.545     0.00     0.00     0.00     0.00     0.00 -1 -9.42e-16      0.00 7.289e-01 2.631e-01 1.439e-03 3.881e-04 3.520e-03 -1.000 8.000e-03 9.966 10.962 12.501 9.761
0.008 -0.27576 7.93500 0.2500000000 1.8403257998    0.250 -1.961  3.5092  4.785    0  0.000  0.545     0.00     0.00     0.00     0.00     0.00 -1 -1.13e-15      0.00 7.289e-01 2.631e-01 1.439e-03 3.881e-04 3.520e-03 -1.000 8.000e-03 9.672 10.578 12.003 9.413
0.008 -0.27576 7.93500 0.2878911197 1.9280076898    0.288 -1.864  3.5182  4.786    0  0.000  0.545     0.00     0.00     0.00     0.00     0.00 -1 -1.31e-15      0.00 7.289e-01 2.631e-01 1.439e-03 3.881e-04 3.520e-03 -1.000 8.000e-03 9.429 10.266 11.606 9.130
0.008 -0.27576 7.93500 0.3000000119 1.9529139769    0.300 -1.835  3.5208  4.785    0  0.000  0.545     0.00     0.00     0.00     0.00     0.00 -1 -1.37e-15      0.00 7.289e-01 2.631e-01 1.439e-03 3.881e-04 3.520e-03 -1.000 8.000e-03 9.358 10.175 11.492 9.048
0.008 -0.27576 7.93500 0.3500000238 2.0434175133    0.350 -1.720  3.5310  4.778    0  0.000  0.545     0.00     0.00     0.00     0.00     0.00 -1 -1.67e-15      0.00 7.289e-01 2.631e-01 1.439e-03 3.881e-04 3.520e-03 -1.000 8.000e-03 9.071 9.819 11.055 8.722
0.008 -0.27576 7.93500 0.4000000358 2.1185024810    0.400 -1.603  3.5415  4.762    0  0.000  0.545     0.00     0.00     0.00     0.00     0.00 -1 -2.09e-15      0.00 7.289e-01 2.631e-01 1.439e-03 3.881e-04 3.520e-03 -1.000 8.000e-03 8.778 9.461 10.622 8.394
0.008 -0.27576 7.93500 0.4500000179 2.1822809362    0.450 -1.472  3.5549  4.734    0  0.000  0.545     0.00     0.00     0.00     0.00     0.00 -1 -2.74e-15      0.00 7.289e-01 2.631e-01 1.439e-03 3.881e-04 3.520e-03 -1.000 8.000e-03 8.449 9.052 10.128 8.024
0.008 -0.27576 7.93500 0.4551576674 2.1883331750    0.455 -1.455  3.5570  4.730    0  0.000  0.545     0.00     0.00     0.00     0.00     0.00 -1 -2.85e-15      0.00 7.289e-01 2.631e-01 1.439e-03 3.881e-04 3.520e-03 -1.000 8.000e-03 8.407 8.997 10.060 7.976
0.008 -0.27576 7.93500 0.5000000000 2.2374541529    0.500 -1.308  3.5751  4.697    0  0.000  0.545     0.00     0.00     0.00     0.00     0.00 -1 -3.93e-15      0.00 7.289e-01 2.631e-01 1.439e-03 3.881e-04 3.520e-03 -1.000 8.000e-03 8.039 8.528 9.488 7.558
0.008 -0.27576 7.93500 0.5046521425 2.2421990561    0.505 -1.289  3.5780  4.694    0  0.000  0.545     0.00     0.00     0.00     0.00     0.00 -1 -4.09e-15      0.00 7.289e-01 2.631e-01 1.439e-03 3.881e-04 3.520e-03 -1.000 8.000e-03 7.993 8.467 9.413 7.506
0.008 -0.27576 7.93500 0.5279518366 2.2645235168    0.528 -1.194  3.5936  4.681    0  0.000  0.545     0.00     0.00     0.00     0.00     0.00 -1 -5.04e-15      0.00 7.290e-01 2.630e-01 1.438e-03 3.880e-04 3.519e-03 -1.000 8.000e-03 7.756 8.154 9.026 7.234
0.008 -0.27576 7.93500 0.5500000119 2.2836582633    0.550 -1.112  3.6072  4.671    0  0.000  0.545     0.00     0.00     0.00     0.00     0.00 -1 -6.04e-15      0.00 7.290e-01 2.630e-01 1.438e-03 3.880e-04 3.519e-03 -1.000 8.000e-03 7.551 7.892 8.707 7.005
0.008 -0.27576 7.93500 0.5575130582 2.2897822984    0.557 -1.084  3.6130  4.672    0  0.000  0.545     0.00     0.00     0.00     0.00     0.00 -1 -6.41e-15      0.00 7.290e-01 2.630e-01 1.438e-03 3.880e-04 3.519e-03 -1.000 8.000e-03 7.479 7.797 8.588 6.925
0.008 -0.27576 7.93500 0.6000000238 2.3211213258    0.600 -0.953  3.6405  4.683    0  0.000  0.545     0.00     0.00     0.00     0.00     0.00 -1 -8.29e-15      0.00 7.291e-01 2.629e-01 1.438e-03 3.879e-04 3.518e-03 -1.000 8.000e-03 7.153 7.356 8.034 6.558
0.008 -0.27576 7.93500 0.6155871153 2.3313789339    0.615 -0.922  3.6481  4.694    0  0.000  0.545     0.00     0.00     0.00     0.00     0.00 -1 -8.68e-15      0.00 7.291e-01 2.629e-01 1.438e-03 3.879e-04 3.518e-03 -1.000 8.000e-03 7.076 7.246 7.892 6.470
0.008 -0.27576 7.93500 0.6350895166 2.3434012134    0.635 -0.896  3.6532  4.701    0  0.000  0.545     0.00     0.00     0.00     0.00     0.00 -1 -9.01e-15      0.00 7.291e-01 2.629e-01 1.438e-03 3.879e-04 3.518e-03 -1.000 8.000e-03 7.010 7.158 7.784 6.397
0.008 -0.27576 7.93500 0.6499999762 2.3520353107    0.650 -0.872  3.6568  4.703    0  0.000  0.545     0.00     0.00     0.00     0.00     0.00 -1 -9.39e-15      0.00 7.291e-01 2.629e-01 1.438e-03 3.879e-04 3.518e-03 -1.000 8.000e-03 6.951 7.083 7.694 6.333
0.008 -0.27576 7.93500 0.6545564532 2.3545837248    0.655 -0.864  3.6581  4.703    0  0.000  0.545     0.00     0.00     0.00     0.00     0.00 -1 -9.52e-15      0.00 7.291e-01 2.629e-01 1.438e-03 3.879e-04 3.518e-03 -1.000 8.000e-03 6.931 7.058 7.664 6.312
0.008 -0.27576 7.93500 0.6749386191 2.3655006088    0.675 -0.808  3.6674  4.697    0  0.000  0.545     0.00     0.00     0.00     0.00     0.00 -1 -1.07e-14      0.00 7.291e-01 2.629e-01 1.438e-03 3.879e-04 3.518e-03 -1.000 8.000e-03 6.790 6.881 7.451 6.161
0.008 -0.27576 7.93500 0.7000000477 2.3779267258    0.700 -0.732  3.6807  4.690    0  0.000  0.545     0.00     0.00     0.00     0.00     0.00 -1 -1.26e-14      0.00 7.291e-01 2.629e-01 1.438e-03 3.879e-04 3.518e-03 -1.000 7.994e-03 6.600 6.644 7.169 5.960
0.008 -0.27576 7.93500 0.7500000000 2.3998889087    0.750 -0.590  3.7048  4.674    0  0.000  0.538     0.00     0.00     0.00     0.00     0.00 -1 -1.72e-14      0.00 7.292e-01 2.628e-01 1.418e-03 3.873e-04 3.518e-03 -1.000 8.000e-03 6.245 6.221 6.677 5.596
0.008 -0.27576 7.93500 0.7977272868 2.4179270140    0.798 -0.466  3.7237  4.652    0  0.000  0.537     0.00     0.00     0.00     0.00     0.00 -1 -2.28e-14      0.00 7.293e-01 2.627e-01 1.418e-03 3.872e-04 3.517e-03 -1.000 8.000e-03 5.934 5.872 6.281 5.291
0.008 -0.27576 7.93500 0.8311443329 2.4291487043    0.831 -0.383  3.7356  4.635    0  0.000  0.538     0.00     0.00     0.00     0.00     0.00 -1 -2.75e-14      0.00 7.293e-01 2.627e-01 1.418e-03 3.871e-04 3.516e-03 -1.000 8.000e-03 5.728 5.647 6.030 5.092
0.008 -0.27576 7.93500 0.8454545736 2.4336433821    0.845 -0.349  3.7408  4.629    0  0.000  0.538     0.00     0.00     0.00     0.00     0.00 -1 -2.97e-14      0.00 7.294e-01 2.626e-01 1.418e-03 3.871e-04 3.516e-03 -1.000 7.998e-03 5.642 5.554 5.925 5.011
0.008 -0.27576 7.93500 0.8501488566 2.4350799506    0.850 -0.337  3.7424  4.626    0  0.000  0.538     0.00     0.00     0.00     0.00     0.00 -1 -3.05e-14      0.00 7.294e-01 2.626e-01 1.417e-03 3.870e-04 3.516e-03 -1.000 8.000e-03 5.613 5.523 5.891 4.984
0.008 -0.27576 7.93500 0.8931818008 2.4474440122    0.892 -0.238  3.7566  4.605    0  0.000  0.538     0.00     0.00     0.00     0.00     0.00 -1 -3.84e-14      0.00 7.294e-01 2.626e-01 1.417e-03 3.870e-04 3.516e-03 -1.000 7.968e-03 5.366 5.265 5.601 4.756
0.008 -0.27576 7.93500 0.9409090877 2.4596470974    0.940 -0.134  3.7701  4.578    0  0.000  0.538     0.00     0.00     0.00     0.00     0.00 -1 -4.92e-14      0.00 7.295e-01 2.625e-01 1.417e-03 3.869e-04 3.514e-03 -1.000 7.993e-03 5.105 4.998 5.306 4.520
0.008 -0.27576 7.93500 0.9886363149 2.4705052176    0.988 -0.030  3.7823  4.544    0  0.000  0.538     0.00     0.00     0.00     0.00     0.00 -1 -6.31e-14      0.00 7.297e-01 2.624e-01 1.416e-03 3.867e-04 3.512e-03 -1.000 7.928e-03 4.845 4.737 5.019 4.288
0.008 -0.27576 7.93500 1.0363636017 2.4802213451    1.036  0.067  3.7934  4.511    0  0.000  0.538     0.00     0.00     0.00     0.00     0.00 -1 -7.58e-14      0.00 7.300e-01 2.620e-01 1.414e-03 3.862e-04 3.508e-03 -1.000 7.983e-03 4.602 4.495 4.756 4.072
0.008 -0.27576 7.93500 1.0840909481 2.4889602654    1.083  0.157  3.8030  4.480    0  0.000  0.538     0.00     0.00     0.00     0.00     0.00 -1 -8.77e-14      0.00 7.301e-01 2.619e-01 1.414e-03 3.861e-04 3.507e-03 -1.000 7.946e-03 4.377 4.273 4.515 3.872
0.008 -0.27576 7.93500 1.0979588032 2.4913362385    1.097  0.187  3.8063  4.469    0  0.000  0.538     0.00     0.00     0.00     0.00     0.00 -1 -9.22e-14      0.00 7.304e-01 2.617e-01 1.413e-03 3.859e-04 3.505e-03 -1.000 7.924e-03 4.303 4.200 4.436 3.807
0.008 -0.27576 7.93500 1.0999603271 2.4916734738    1.099  0.191  3.8068  4.467    0  0.000  0.538     0.00     0.00     0.00     0.00     0.00 -1  -9.3e-14      0.00 7.304e-01 2.617e-01 1.413e-03 3.858e-04 3.504e-03 -1.000 7.900e-03 4.292 4.189 4.424 3.797
0.008 -0.27576 7.93500 1.1318181753 2.4968570514    1.131  0.250  3.8132  4.446    0  0.000  0.538     0.00     0.00     0.00     0.00     0.00 -1 -1.02e-13      0.00 7.302e-01 2.619e-01 1.414e-03 3.862e-04 3.508e-03 -1.000 7.954e-03 4.146 4.045 4.269 3.668
0.008 -0.27576 7.93500 1.1795454025 2.5040234706    1.179  0.335  3.8227  4.417    0  0.000  0.538     0.00     0.00     0.00     0.00     0.00 -1 -1.15e-13      0.00 7.302e-01 2.618e-01 1.414e-03 3.862e-04 3.508e-03 -1.000 7.981e-03 3.932 3.834 4.041 3.478
0.008 -0.27576 7.93500 1.2272726297 2.5105526937    1.227  0.416  3.8325  4.393    0  0.000  0.538     0.00     0.00     0.00     0.00     0.00 -1 -1.27e-13      0.00 7.302e-01 2.618e-01 1.414e-03 3.862e-04 3.508e-03 -1.000 7.970e-03 3.730 3.634 3.826 3.300
0.008 -0.27576 7.93500 1.2749998569 2.5165229813    1.275  0.493  3.8426  4.373    0  0.000  0.537     0.00     0.00     0.00     0.00     0.00 -1 -1.36e-13      0.00 7.302e-01 2.618e-01 1.414e-03 3.862e-04 3.508e-03 -1.000 7.967e-03 3.538 3.445 3.621 3.135
0.008 -0.27576 7.93500 1.3227273226 2.5220005450    1.323  0.566  3.8538  4.361    0  0.000  0.538     0.00     0.00     0.00     0.00     0.00 -1 -1.43e-13      0.00 7.303e-01 2.618e-01 1.414e-03 3.861e-04 3.507e-03 -1.000 7.982e-03 3.356 3.266 3.425 2.982
0.008 -0.27576 7.93500 1.3704545498 2.5270416578    1.370  0.635  3.8665  4.358    0  0.000  0.538     0.00     0.00     0.00     0.00     0.00 -1 -1.44e-13      0.00 7.303e-01 2.617e-01 1.414e-03 3.860e-04 3.506e-03 -1.000 7.977e-03 3.183 3.100 3.239 2.846
0.008 -0.27576 7.93500 1.4181818962 2.5316945779    1.418  0.700  3.8805  4.364    1  0.000  0.538     0.00     0.00     0.00     0.00     0.00 -1  -1.4e-13      0.00 7.304e-01 2.616e-01 1.413e-03 3.860e-04 3.506e-03 -1.000 7.963e-03 3.021 2.945 3.065 2.725
0.008 -0.27576 7.93500 1.4659091234 2.5360007837    1.466  0.762  3.8948  4.373    1  0.000  0.537     0.00     0.00     0.00     0.00     0.00 -1  -1.3e-13      0.00 7.304e-01 2.616e-01 1.413e-03 3.859e-04 3.506e-03 -1.000 7.968e-03 2.865 2.800 2.899 2.615
0.008 -0.27576 7.93500 1.5136363506 2.5399961893    1.514  0.824  3.9087  4.381    1  0.000  0.538     0.00     0.00     0.00     0.00     0.00 -1 -1.16e-13      0.00 7.305e-01 2.616e-01 1.413e-03 3.859e-04 3.505e-03 -1.000 7.927e-03 2.711 2.661 2.741 2.510
0.008 -0.27576 7.93500 1.5613635778 2.5437119997    1.561  0.882  3.9218  4.388    1  0.000  0.538     0.00     0.00     0.00     0.00     0.00 -1 -9.57e-14      0.00 7.305e-01 2.615e-01 1.413e-03 3.858e-04 3.504e-03 -1.000 7.997e-03 2.565 2.533 2.596 2.415
0.008 -0.27576 7.93500 1.6090908051 2.5471754580    1.609  0.938  3.9342  4.395    1  0.000  0.538     0.00     0.00     0.00     0.00     0.00 -1 -6.87e-14      0.00 7.306e-01 2.615e-01 1.413e-03 3.857e-04 3.504e-03 -1.000 7.968e-03 2.424 2.417 2.464 2.328
0.008 -0.27576 7.93500 1.6568181515 2.5504104558    1.656  0.992  3.9459  4.400    1  0.000  0.537     0.00     0.00     0.00     0.00     0.00 -1  -2.3e-16      0.00 7.306e-01 2.614e-01 1.412e-03 3.857e-04 3.504e-03 -1.000 7.957e-03 2.289 2.312 2.347 2.248
0.008 -0.27576 7.93500 1.7045452595 2.5534379899    1.704  1.045  3.9570  4.405    1  0.000  0.537     0.00     0.00     0.00     0.00     0.00 -1    -1e-30      0.00 7.307e-01 2.614e-01 1.412e-03 3.857e-04 3.503e-03 -1.000 7.971e-03 2.158 2.216 2.240 2.171
0.008 -0.27576 7.93500 1.7522726059 2.5562766592    1.751  1.095  3.9674  4.408    1  0.000  0.537     0.00     0.00     0.00     0.00     0.00 -1    -1e-30      0.00 7.307e-01 2.613e-01 1.412e-03 3.856e-04 3.503e-03 -1.000 7.970e-03 2.033 2.127 2.142 2.100
0.008 -0.27576 7.93500 1.7999999523 2.5589429085    1.799  1.143  3.9771  4.411    1  0.000  0.537     0.00     0.00     0.00     0.00     0.00 -1    -1e-30      0.00 7.308e-01 2.613e-01 1.412e-03 3.855e-04 3.502e-03 -1.000 7.914e-03 1.912 2.045 2.052 2.031
0.008 -0.27576 7.93500 1.8500000238 2.5615671203    1.849  1.192  3.9866  4.412    1  0.000  0.537     0.00     0.00     0.00     0.00     0.00 -1    -1e-30      0.00 7.308e-01 2.613e-01 1.412e-03 3.856e-04 3.502e-03 -1.000 7.921e-03 1.791 1.962 1.964 1.961
0.008 -0.27576 7.93500 1.8999999762 2.5640331260    1.899  1.238  3.9954  4.412    1  0.000  0.537     0.00     0.00     0.00     0.00     0.00 -1    -1e-30      0.00 7.308e-01 2.613e-01 1.412e-03 3.855e-04 3.502e-03 -1.000 7.957e-03 1.674 1.884 1.880 1.894
0.008 -0.27576 7.93500 1.9500000477 2.5663542714    1.950  1.284  4.0039  4.411    1  0.000  0.537     0.00     0.00     0.00     0.00     0.00 -1    -1e-30      0.00 7.308e-01 2.612e-01 1.411e-03 3.855e-04 3.502e-03 -1.000 7.944e-03 1.560 1.809 1.800 1.827
0.008 -0.27576 7.93500 2.0000000000 2.5685424513    2.000  1.328  4.0118  4.410    1  0.000  0.538     0.00     0.00     0.00     0.00     0.00 -1    -1e-30      0.00 7.309e-01 2.612e-01 1.411e-03 3.854e-04 3.501e-03 -1.000 7.909e-03 1.450 1.736 1.722 1.762
0.008 -0.27576 7.93500 2.0262103081 2.5696400214    2.026  1.350  4.0158  4.409    1  0.000  0.538     0.00     0.00     0.00     0.00     0.00 -1    -1e-30      0.00 7.309e-01 2.612e-01 1.412e-03 3.855e-04 3.501e-03 -1.000 7.942e-03 1.394 1.698 1.683 1.729
0.008 -0.27576 7.93500 2.0499999523 2.5706083333    2.050  1.371  4.0193  4.408    1  0.000  0.538     0.00     0.00     0.00     0.00     0.00 -1    -1e-30      0.00 7.309e-01 2.612e-01 1.412e-03 3.855e-04 3.501e-03 -1.000 7.972e-03 1.343 1.665 1.648 1.698
0.008 -0.27576 7.93500 2.0999999046 2.5725614918    2.099  1.413  4.0265  4.405    1  0.000  0.537     0.00     0.00     0.00     0.00     0.00 -1    -1e-30      0.00 7.309e-01 2.611e-01 1.411e-03 3.854e-04 3.501e-03 -1.000 7.996e-03 1.239 1.595 1.575 1.635
0.008 -0.27576 7.93500 2.1199088097 2.5733097669    2.119  1.429  4.0293  4.404    1  0.000  0.537     0.00     0.00     0.00     0.00     0.00 -1    -1e-30      0.00 7.309e-01 2.611e-01 1.411e-03 3.854e-04 3.501e-03 -1.000 7.957e-03 1.198 1.568 1.547 1.611
0.008 -0.27576 7.93500 2.1500000954 2.5744105556    2.149  1.453  4.0334  4.403    1  0.000  0.538     0.00     0.00     0.00     0.00     0.00 -1    -1e-30      0.00 7.309e-01 2.612e-01 1.411e-03 3.854e-04 3.501e-03 -1.000 7.900e-03 1.137 1.528 1.504 1.574
0.008 -0.27576 7.93500 2.2000000477 2.5761632879    2.199  1.493  4.0402  4.399    1  0.000  0.537     0.00     0.00     0.00     0.00     0.00 -1    -1e-30      0.00 7.309e-01 2.611e-01 1.411e-03 3.854e-04 3.501e-03 -1.000 7.963e-03 1.036 1.461 1.435 1.512
0.008 -0.27576 7.93500 2.2500000000 2.5778267375    2.249  1.532  4.0466  4.396    1  0.000  0.538     0.00     0.00     0.00     0.00     0.00 -1    -1e-30      0.00 7.309e-01 2.611e-01 1.411e-03 3.853e-04 3.501e-03 -1.000 7.956e-03 0.939 1.396 1.367 1.452
0.008 -0.27576 7.93500 2.2999999523 2.5794072884    2.299  1.571  4.0529  4.392    1  0.000  0.538     0.00     0.00     0.00     0.00     0.00 -1    -1e-30      0.00 7.309e-01 2.611e-01 1.411e-03 3.854e-04 3.500e-03 -1.000 7.951e-03 0.843 1.333 1.301 1.393
0.008 -0.27576 7.93500 2.3499999046 2.5809107422    2.349  1.608  4.0587  4.388    1  0.000  0.537     0.00     0.00     0.00     0.00     0.00 -1    -1e-30      0.00 7.310e-01 2.611e-01 1.411e-03 3.853e-04 3.500e-03 -1.000 7.998e-03 0.750 1.270 1.236 1.335
0.008 -0.27576 7.93500 2.4000000954 2.5823423892    2.399  1.644  4.0645  4.384    1  0.000  0.538     0.00     0.00     0.00     0.00     0.00 -1    -1e-30      0.00 7.310e-01 2.611e-01 1.411e-03 3.853e-04 3.500e-03 -1.000 7.900e-03 0.659 1.209 1.173 1.278
0.008 -0.27576 7.93500 2.4457259178 2.5835928896    2.445  1.677  4.0697  4.380    1  0.000  0.538     0.00     0.00     0.00     0.00     0.00 -1    -1e-30      0.00 7.306e-01 2.615e-01 1.413e-03 3.858e-04 3.504e-03 -1.000 7.924e-03 0.578 1.155 1.117 1.226
0.008 -0.27576 7.93500 2.5999999046 2.5874412955    2.600  1.784  4.0864  4.367    1  0.000  0.538     0.00     0.00     0.00     0.00     0.00 -1    -1e-30      0.00 7.290e-01 2.630e-01 1.420e-03 3.876e-04 3.521e-03 -1.000 8.000e-03 0.311 0.977 0.933 1.059
0.008 -0.27576 7.93500 2.6282269955 2.5880894309    2.628  1.803  4.0893  4.364    1  0.000  0.538     0.00     0.00     0.00     0.00     0.00 -1    -1e-30      0.00 7.290e-01 2.630e-01 1.420e-03 3.876e-04 3.521e-03 -1.000 8.000e-03 0.263 0.945 0.900 1.029
0.008 -0.27576 7.93500 2.7999999523 2.5917117820    2.800  1.915  4.1060  4.347    1  0.000  0.538     0.00     0.00     0.00     0.00     0.00 -1    -1e-30      0.00 7.290e-01 2.630e-01 1.420e-03 3.876e-04 3.521e-03 -1.000 8.000e-03 -0.016 0.756 0.706 0.850
0.008 -0.27576 7.93500 2.8961074352 2.5935243010    2.896  1.974  4.1147  4.337    1  0.000  0.538     0.00     0.00     0.00     0.00     0.00 -1    -1e-30      0.00 7.290e-01 2.630e-01 1.420e-03 3.876e-04 3.521e-03 -1.000 8.000e-03 -0.165 0.655 0.602 0.754
0.008 -0.27576 7.93500 3.0000000000 2.5953341962    3.000  2.037  4.1238  4.325    1  0.000  0.538     0.00     0.00     0.00     0.00     0.00 -1    -1e-30      0.00 7.290e-01 2.630e-01 1.420e-03 3.876e-04 3.521e-03 -1.000 8.000e-03 -0.323 0.549 0.493 0.653
0.008 -0.27576 7.93500 3.0812895298 2.5966528824    3.081  2.085  4.1305  4.316    1  0.000  0.538     0.00     0.00     0.00     0.00     0.00 -1    -1e-30      0.00 7.290e-01 2.630e-01 1.420e-03 3.876e-04 3.521e-03 -1.000 8.000e-03 -0.442 0.467 0.409 0.575
0.008 -0.27576 7.93500 3.2000000477 2.5984409005    3.199  2.153  4.1400  4.302    1  0.000  0.538     0.00     0.00     0.00     0.00     0.00 -1    -1e-30      0.00 7.290e-01 2.630e-01 1.420e-03 3.876e-04 3.521e-03 -1.000 8.000e-03 -0.613 0.350 0.289 0.463
0.008 -0.27576 7.93500 3.2256488800 2.5988073938    3.225  2.168  4.1420  4.299    1  0.000  0.538     0.00     0.00     0.00     0.00     0.00 -1    -1e-30      0.00 7.290e-01 2.630e-01 1.420e-03 3.876e-04 3.521e-03 -1.000 8.000e-03 -0.650 0.325 0.263 0.439
0.008 -0.27576 7.93500 3.4000000954 2.6011310876    3.398  2.265  4.1548  4.275    1  0.000  0.538     0.00     0.00     0.00     0.00     0.00 -1    -1e-30      0.00 7.290e-01 2.630e-01 1.420e-03 3.876e-04 3.521e-03 -1.000 8.000e-03 -0.893 0.154 0.089 0.276
0.008 -0.27576 7.93500 3.5546755791 2.6029746389    3.552  2.348  4.1652  4.253    1  0.000  0.538     0.00     0.00     0.00     0.00     0.00 -1    -1e-30      0.00 7.290e-01 2.630e-01 1.420e-03 3.876e-04 3.521e-03 -1.000 8.000e-03 -1.101 0.006 -0.062 0.134
0.008 -0.27576 7.93500 3.5999999046 2.6034804580    3.598  2.372  4.1681  4.246    1  0.000  0.538     0.00     0.00     0.00     0.00     0.00 -1    -1e-30      0.00 7.290e-01 2.630e-01 1.420e-03 3.876e-04 3.521e-03 -1.000 8.000e-03 -1.161 -0.037 -0.107 0.092
0.008 -0.27576 7.93500 3.6616964340 2.6041459021    3.659  2.405  4.1718  4.236    1  0.000  0.538     0.00     0.00     0.00     0.00     0.00 -1    -1e-30      0.00 7.290e-01 2.630e-01 1.420e-03 3.876e-04 3.521e-03 -1.000 8.000e-03 -1.242 -0.096 -0.167 0.035
0.008 -0.27576 7.93500 3.7999999523 2.6055477288    3.798  2.476  4.1797  4.212    1  0.000  0.538     0.00     0.00     0.00     0.00     0.00 -1    -1e-30      0.00 7.290e-01 2.630e-01 1.420e-03 3.876e-04 3.521e-03 -1.000 8.000e-03 -1.421 -0.230 -0.303 -0.094
0.008 -0.27576 7.93500 3.9498181343 2.6069395971    3.950  2.552  4.1876  4.185    1  0.000  0.538     0.00     0.00     0.00     0.00     0.00 -1    -1e-30      0.00 7.290e-01 2.630e-01 1.420e-03 3.876e-04 3.521e-03 -1.000 8.000e-03 -1.611 -0.374 -0.450 -0.234
0.008 -0.27576 7.93500 4.0000000000 2.6073790840    4.001  2.578  4.1900  4.174    1  0.000  0.538     0.00     0.00     0.00     0.00     0.00 -1    -1e-30      0.00 7.290e-01 2.630e-01 1.420e-03 3.876e-04 3.521e-03 -1.000 8.000e-03 -1.675 -0.424 -0.500 -0.282
0.008 -0.27576 7.93500 4.0976176262 2.6081986522    4.097  2.627  4.1943  4.153    1  0.000  0.538     0.00     0.00     0.00     0.00     0.00 -1    -1e-30      0.00 7.290e-01 2.630e-01 1.420e-03 3.876e-04 3.521e-03 -1.000 8.000e-03 -1.798 -0.521 -0.599 -0.378
0.008 -0.27576 7.93500 4.1999998093 2.6090113217    4.198  2.679  4.1983  4.128    1  0.000  0.538     0.00     0.00     0.00     0.00     0.00 -1    -1e-30      0.00 7.290e-01 2.630e-01 1.420e-03 3.876e-04 3.521e-03 -1.000 8.000e-03 -1.927 -0.627 -0.706 -0.481
0.008 -0.27576 7.93500 4.3171944618 2.6098873709    4.315  2.737  4.2021  4.096    1  0.000  0.538     0.00     0.00     0.00     0.00     0.00 -1    -1e-30      0.00 7.290e-01 2.630e-01 1.420e-03 3.876e-04 3.521e-03 -1.000 8.000e-03 -2.072 -0.751 -0.831 -0.603
0.008 -0.27576 7.93500 4.4000000954 2.6104741055    4.397  2.778  4.2043  4.072    1  0.000  0.538     0.00     0.00     0.00     0.00     0.00 -1    -1e-30      0.00 7.290e-01 2.630e-01 1.420e-03 3.876e-04 3.521e-03 -1.000 8.000e-03 -2.176 -0.842 -0.923 -0.692
0.008 -0.27576 7.93500 4.4185323715 2.6106019607    4.416  2.787  4.2047  4.067    1  0.000  0.538     0.00     0.00     0.00     0.00     0.00 -1    -1e-30      0.00 7.290e-01 2.630e-01 1.420e-03 3.876e-04 3.521e-03 -1.000 8.000e-03 -2.198 -0.862 -0.943 -0.712
0.008 -0.27576 7.93500 4.5031652451 2.6111704968    4.500  2.830  4.2063  4.039    1  0.000  0.538     0.00     0.00     0.00     0.00     0.00 -1    -1e-30      0.00 7.290e-01 2.630e-01 1.420e-03 3.876e-04 3.521e-03 -1.000 8.000e-03 -2.304 -0.959 -1.041 -0.808
0.008 -0.27576 7.93500 4.5895571709 2.6117260497    4.587  2.874  4.2071  4.006    1  0.000  0.538     0.00     0.00     0.00     0.00     0.00 -1    -1e-30      0.00 7.290e-01 2.630e-01 1.420e-03 3.876e-04 3.521e-03 -1.000 8.000e-03 -2.414 -1.065 -1.147 -0.913
0.008 -0.27576 7.93500 4.5999999046 2.6117915791    4.597  2.879  4.2071  4.002    1  0.000  0.538     0.00     0.00     0.00     0.00     0.00 -1    -1e-30      0.00 7.290e-01 2.630e-01 1.420e-03 3.876e-04 3.521e-03 -1.000 8.000e-03 -2.427 -1.078 -1.160 -0.926
0.008 -0.27576 7.93500 4.6334080696 2.6119989395    4.631  2.896  4.2072  3.989    1  0.000  0.538     0.00     0.00     0.00     0.00     0.00 -1    -1e-30      0.00 7.290e-01 2.630e-01 1.420e-03 3.876e-04 3.521e-03 -1.000 8.000e-03 -2.469 -1.120 -1.202 -0.968
0.008 -0.27576 7.93500 4.7378458977 2.6126255391    4.736  2.949  4.2066  3.943    1  0.000  0.538     0.00     0.00     0.00     0.00     0.00 -1    -1e-30      0.00 7.290e-01 2.630e-01 1.420e-03 3.876e-04 3.521e-03 -1.000 8.000e-03 -2.602 -1.257 -1.339 -1.106
0.008 -0.27576 7.93500 4.8000001907 2.6129836005    4.798  2.981  4.2053  3.911    1  0.000  0.538     0.00     0.00     0.00     0.00     0.00 -1    -1e-30      0.00 7.290e-01 2.630e-01 1.420e-03 3.876e-04 3.521e-03 -1.000 8.000e-03 -2.683 -1.346 -1.427 -1.195
0.008 -0.27576 7.93500 4.8563466072 2.6132991113    4.855  3.010  4.2037  3.881    1  0.000  0.538     0.00     0.00     0.00     0.00     0.00 -1    -1e-30      0.00 7.290e-01 2.630e-01 1.420e-03 3.876e-04 3.521e-03 -1.000 8.000e-03 -2.756 -1.429 -1.510 -1.279
0.008 -0.27576 7.93500 4.9316544533 2.6137078778    4.930  3.050  4.2004  3.834    1  0.000  0.538     0.00     0.00     0.00     0.00     0.00 -1    -1e-30      0.00 7.290e-01 2.630e-01 1.420e-03 3.876e-04 3.521e-03 -1.000 8.000e-03 -2.856 -1.549 -1.629 -1.401
0.008 -0.27576 7.93500 5.0000000000 2.6140666223    4.999  3.087  4.1961  3.786    1  0.000  0.538     0.00     0.00     0.00     0.00     0.00 -1    -1e-30      0.00 7.290e-01 2.630e-01 1.420e-03 3.876e-04 3.521e-03 -1.000 8.000e-03 -2.947 -1.666 -1.745 -1.521
0.008 -0.27576 7.93500 5.0184679031 2.6141616336    5.018  3.097  4.1949  3.773    1  0.000  0.538     0.00     0.00     0.00     0.00     0.00 -1    -1e-30      0.00 7.290e-01 2.630e-01 1.420e-03 3.876e-04 3.521e-03 -1.000 8.000e-03 -2.972 -1.698 -1.777 -1.553
0.008 -0.27576 7.93500 5.0844855309 2.6144947921    5.084  3.134  4.1881  3.715    1  0.000  0.538     0.00     0.00     0.00     0.00     0.00 -1    -1e-30      0.00 7.290e-01 2.630e-01 1.420e-03 3.876e-04 3.521e-03 -1.000 8.000e-03 -3.064 -1.830 -1.908 -1.690
0.008 -0.27576 7.93500 5.1488127708 2.6148099872    5.148  3.170  4.1803  3.653    1  0.000  0.538     0.00     0.00     0.00     0.00     0.00 -1    -1e-30      0.00 7.290e-01 2.630e-01 1.420e-03 3.876e-04 3.521e-03 -1.000 8.000e-03 -3.155 -1.968 -2.043 -1.832
0.008 -0.27576 7.93500 5.1999998093 2.6150544000    5.200  3.200  4.1730  3.598    1  0.000  0.538     0.00     0.00     0.00     0.00     0.00 -1    -1e-30      0.00 7.290e-01 2.630e-01 1.420e-03 3.876e-04 3.521e-03 -1.000 8.000e-03 -3.231 -2.087 -2.160 -1.955
0.008 -0.27576 7.93500 5.2516937256 2.6152956805    5.252  3.234  4.1657  3.540    1  0.000  0.538     0.00     0.00     0.00     0.00     0.00 -1    -1e-30      0.00 7.290e-01 2.630e-01 1.420e-03 3.876e-04 3.521e-03 -1.000 8.000e-03 -3.314 -2.213 -2.284 -2.086
0.008 -0.27576 7.93500 5.2657008171 2.6153601210    5.266  3.244  4.1651  3.528    1  0.000  0.538     0.00     0.00     0.00     0.00     0.00 -1    -1e-30      0.00 7.290e-01 2.630e-01 1.420e-03 3.876e-04 3.521e-03 -1.000 8.000e-03 -3.339 -2.242 -2.312 -2.115
0.008 -0.27576 7.93500 5.2751483917 2.6154033630    5.275  3.253  4.1685  3.533    1  0.000  0.538     0.00     0.00     0.00     0.00     0.00 -1    -1e-30      0.00 7.290e-01 2.630e-01 1.420e-03 3.876e-04 3.521e-03 -1.000 8.000e-03 -3.363 -2.246 -2.318 -2.117
0.008 -0.27576 7.93500 5.2931671143 2.6154853436    5.293  3.276  4.1793  3.555    1  0.000  0.538     0.00     0.00     0.00     0.00     0.00 -1    -1e-30      0.00 7.290e-01 2.630e-01 1.420e-03 3.876e-04 3.521e-03 -1.000 8.000e-03 -3.419 -2.239 -2.314 -2.104
0.008 -0.27576 7.93500 5.2979469299 2.6155069830    5.298  3.289  4.1899  3.585    1  0.000  0.538     0.00     0.00     0.00     0.00     0.00 -1    -1e-30      0.00 7.290e-01 2.630e-01 1.420e-03 3.876e-04 3.521e-03 -1.000 8.000e-03 -3.452 -2.210 -2.288 -2.069
0.008 -0.27576 7.93500 5.3000907898 2.6155166741    5.300  3.304  4.2010  3.615    1  0.000  0.538     0.00     0.00     0.00     0.00     0.00 -1    -1e-30      0.00 7.290e-01 2.630e-01 1.420e-03 3.876e-04 3.521e-03 -1.000 8.000e-03 -3.489 -2.182 -2.263 -2.034
0.008 -0.27576 7.93500 5.3011698723 2.6155215487    5.301  3.320  4.2112  3.639    1  0.000  0.538     0.00     0.00     0.00     0.00     0.00 -1    -1e-30      0.00 7.290e-01 2.630e-01 1.420e-03 3.876e-04 3.521e-03 -1.000 8.000e-03 -3.529 -2.162 -2.247 -2.009
0.008 -0.27576 7.93500 5.3018441200 2.6155245933    5.302  3.336  4.2203  3.660    1  0.000  0.538     0.00     0.00     0.00     0.00     0.00 -1    -1e-30      0.00 7.290e-01 2.630e-01 1.420e-03 3.876e-04 3.521e-03 -1.000 8.000e-03 -3.570 -2.150 -2.236 -1.991
0.008 -0.27576 7.93500 5.3019800186 2.6155252068    5.302  3.339  4.2220  3.664    1  0.000  0.538     0.00     0.00     0.00     0.00     0.00 -1    -1e-30      0.00 7.290e-01 2.630e-01 1.420e-03 3.876e-04 3.521e-03 -1.000 8.000e-03 -3.577 -2.147 -2.234 -1.987
0.008 -0.27576 7.93500 5.3022584915 2.6155264639    5.302  3.314  4.2141  3.657    2  0.000  0.538     0.00     0.00     0.00     0.00     0.00 -1    -1e-30      0.00 7.290e-01 2.630e-01 1.420e-03 3.876e-04 3.521e-03 -1.000 8.000e-03 -3.514 -2.130 -2.215 -1.974
0.008 -0.27576 7.93500 5.3024449348 2.6155273055    5.303  3.296  4.2052  3.640    2  0.000  0.538     0.00     0.00     0.00     0.00     0.00 -1    -1e-30      0.00 7.290e-01 2.630e-01 1.420e-03 3.876e-04 3.521e-03 -1.000 8.000e-03 -3.469 -2.137 -2.219 -1.987
0.008 -0.27576 7.93500 5.3026590347 2.6155282719    5.303  3.287  4.1933  3.601    2  0.000  0.538     0.00     0.00     0.00     0.00     0.00 -1    -1e-30      0.00 7.290e-01 2.630e-01 1.420e-03 3.876e-04 3.521e-03 -1.000 8.000e-03 -3.446 -2.185 -2.264 -2.041
0.008 -0.27576 7.93500 5.3028759956 2.6155292510    5.303  3.292  4.1815  3.549    2  0.000  0.538     0.00     0.00     0.00     0.00     0.00 -1    -1e-30      0.00 7.290e-01 2.630e-01 1.420e-03 3.876e-04 3.521e-03 -1.000 8.000e-03 -3.459 -2.267 -2.342 -2.130
0.008 -0.27576 7.93500 5.3031096458 2.6155303054    5.303  3.305  4.1698  3.489    2  0.000  0.538     0.00     0.00     0.00     0.00     0.00 -1    -1e-30      0.00 7.290e-01 2.630e-01 1.420e-03 3.876e-04 3.521e-03 -1.000 8.000e-03 -3.492 -2.368 -2.440 -2.238
0.008 -0.27576 7.93500 5.3033585548 2.6155314285    5.304  3.318  4.1579  3.428    2  0.000  0.538     0.00     0.00     0.00     0.00     0.00 -1    -1e-30      0.00 7.290e-01 2.630e-01 1.420e-03 3.876e-04 3.521e-03 -1.000 8.000e-03 -3.525 -2.471 -2.539 -2.348
0.008 -0.27576 7.93500 5.3036160469 2.6155325903    5.304  3.329  4.1460  3.370    2  0.000  0.538     0.00     0.00     0.00     0.00     0.00 -1    -1e-30      0.00 7.290e-01 2.630e-01 1.420e-03 3.876e-04 3.521e-03 -1.000 8.000e-03 -3.552 -2.566 -2.631 -2.451
0.008 -0.27576 7.93500 5.3038783073 2.6155337734    5.304  3.336  4.1340  3.314    2  0.000  0.538     0.00     0.00     0.00     0.00     0.00 -1    -1e-30      0.00 7.290e-01 2.630e-01 1.420e-03 3.876e-04 3.521e-03 -1.000 8.000e-03 -3.571 -2.654 -2.715 -2.546
0.008 -0.27576 7.93500 5.3041419983 2.6155349628    5.304  3.342  4.1220  3.261    2  0.000  0.538     0.00     0.00     0.00     0.00     0.00 -1    -1e-30      0.00 7.290e-01 2.630e-01 1.420e-03 3.876e-04 3.521e-03 -1.000 8.000e-03 -3.585 -2.735 -2.793 -2.635
0.008 -0.27576 7.93500 5.3044037819 2.6155361435    5.305  3.346  4.1101  3.209    2  0.000  0.538     0.00     0.00     0.00     0.00     0.00 -1    -1e-30      0.00 7.290e-01 2.630e-01 1.420e-03 3.876e-04 3.521e-03 -1.000 8.000e-03 -3.594 -2.812 -2.866 -2.719
0.008 -0.27576 7.93500 5.3046622276 2.6155373090    5.305  3.348  4.0981  3.159    2  0.000  0.538     0.00     0.00     0.00     0.00     0.00 -1    -1e-30      0.00 7.290e-01 2.630e-01 1.420e-03 3.876e-04 3.521e-03 -1.000 8.000e-03 -3.600 -2.885 -2.935 -2.799
0.008 -0.27576 7.93500 5.3049144745 2.6155384464    5.305  3.349  4.0860  3.109    2  0.000  0.538     0.00     0.00     0.00     0.00     0.00 -1    -1e-30      0.00 7.290e-01 2.630e-01 1.420e-03 3.876e-04 3.521e-03 -1.000 8.000e-03 -3.604 -2.954 -3.000 -2.875
0.008 -0.27576 7.93500 5.3051586151 2.6155395471    5.305  3.350  4.0740  3.061    2  0.000  0.538     0.00     0.00     0.00     0.00     0.00 -1    -1e-30      0.00 7.290e-01 2.630e-01 1.420e-03 3.876e-04 3.521e-03 -1.000 8.000e-03 -3.604 -3.019 -3.061 -2.948
0.008 -0.27576 7.93500 5.3053936958 2.6155406069    5.306  3.349  4.0620  3.013    2  0.000  0.538     0.00     0.00     0.00     0.00     0.00 -1    -1e-30      0.00 7.290e-01 2.630e-01 1.420e-03 3.876e-04 3.521e-03 -1.000 8.000e-03 -3.603 -3.081 -3.119 -3.017
0.008 -0.27576 7.93500 5.3056182861 2.6155416193    5.306  3.348  4.0499  2.966    2  0.000  0.538     0.00     0.00     0.00     0.00     0.00 -1    -1e-30      0.00 7.290e-01 2.630e-01 1.420e-03 3.876e-04 3.521e-03 -1.000 8.000e-03 -3.601 -3.140 -3.174 -3.084
0.008 -0.27576 7.93500 5.3058328629 2.6155425865    5.306  3.347  4.0378  2.920    2  0.000  0.538     0.00     0.00     0.00     0.00     0.00 -1    -1e-30      0.00 7.290e-01 2.630e-01 1.420e-03 3.876e-04 3.521e-03 -1.000 8.000e-03 -3.596 -3.196 -3.225 -3.148
0.008 -0.27576 7.93500 5.3060369492 2.6155435062    5.306  3.344  4.0258  2.874    2  0.000  0.538     0.00     0.00     0.00     0.00     0.00 -1    -1e-30      0.00 7.290e-01 2.630e-01 1.420e-03 3.876e-04 3.521e-03 -1.000 8.000e-03 -3.591 -3.249 -3.274 -3.209
0.008 -0.27576 7.93500 5.3062305450 2.6155443787    5.307  3.342  4.0137  2.828    2  0.000  0.538     0.00     0.00     0.00     0.00     0.00 -1    -1e-30      0.00 7.290e-01 2.630e-01 1.420e-03 3.876e-04 3.521e-03 -1.000 8.000e-03 -3.584 -3.300 -3.320 -3.268
0.008 -0.27576 7.93500 5.3064141273 2.6155452059    5.307  3.338  4.0015  2.783    2  0.000  0.538     0.00     0.00     0.00     0.00     0.00 -1    -1e-30      0.00 7.290e-01 2.630e-01 1.420e-03 3.876e-04 3.521e-03 -1.000 8.000e-03 -3.576 -3.348 -3.364 -3.326
0.008 -0.27576 7.93500 5.3065872192 2.6155459859    5.307  3.335  3.9895  2.738    2  0.000  0.538     0.00     0.00     0.00     0.00     0.00 -1    -1e-30      0.00 7.290e-01 2.630e-01 1.420e-03 3.876e-04 3.521e-03 -1.000 8.000e-03 -3.567 -3.394 -3.405 -3.380
0.008 -0.27576 7.93500 5.3067517281 2.6155467270    5.307  3.331  3.9774  2.693    2  0.000  0.538     0.00     0.00     0.00     0.00     0.00 -1    -1e-30      0.00 7.290e-01 2.630e-01 1.420e-03 3.876e-04 3.521e-03 -1.000 8.000e-03 -3.557 -3.436 -3.442 -3.433
0.008 -0.27576 7.93500 5.3069067001 2.6155474252    5.307  3.327  3.9653  2.649    2  0.000  0.538     0.00     0.00     0.00     0.00     0.00 -1    -1e-30      0.00 7.290e-01 2.630e-01 1.420e-03 3.876e-04 3.521e-03 -1.000 8.000e-03 -3.547 -3.475 -3.476 -3.483
0.008 -0.27576 7.93500 5.3070535660 2.6155480868    5.307  3.322  3.9532  2.605    2  0.000  0.538     0.00     0.00     0.00     0.00     0.00 -1    -1e-30      0.00 7.290e-01 2.630e-01 1.420e-03 3.876e-04 3.521e-03 -1.000 8.000e-03 -3.535 -3.511 -3.505 -3.531
0.008 -0.27576 7.93500 5.3071928024 2.6155487140    5.307  3.317  3.9411  2.562    2  0.000  0.538     0.00     0.00     0.00     0.00     0.00 -1    -1e-30      0.00 7.290e-01 2.630e-01 1.420e-03 3.876e-04 3.521e-03 -1.000 8.000e-03 -3.523 -3.543 -3.529 -3.577
0.008 -0.27576 7.93500 5.3073239326 2.6155493047    5.308  3.312  3.9290  2.519    2  0.000  0.538     0.00     0.00     0.00     0.00     0.00 -1    -1e-30      0.00 7.290e-01 2.630e-01 1.420e-03 3.876e-04 3.521e-03 -1.000 8.000e-03 -3.511 -3.569 -3.546 -3.619
0.008 -0.27576 7.93500 5.3074483871 2.6155498652    5.308  3.307  3.9168  2.475    2  0.000  0.538     0.00     0.00     0.00     0.00     0.00 -1    -1e-30      0.00 7.290e-01 2.630e-01 1.420e-03 3.876e-04 3.521e-03 -1.000 8.000e-03 -3.497 -3.587 -3.553 -3.658
0.008 -0.27576 7.93500 5.3075652122 2.6155503914    5.308  3.301  3.9047  2.432    2  0.000  0.538     0.00     0.00     0.00     0.00     0.00 -1    -1e-30      0.00 7.290e-01 2.630e-01 1.420e-03 3.876e-04 3.521e-03 -1.000 8.000e-03 -3.484 -3.598 -3.551 -3.693
0.008 -0.27576 7.93500 5.3076758385 2.6155508896    5.308  3.296  3.8926  2.390    2  0.000  0.538     0.00     0.00     0.00     0.00     0.00 -1    -1e-30      0.00 7.290e-01 2.630e-01 1.420e-03 3.876e-04 3.521e-03 -1.000 8.000e-03 -3.469 -3.603 -3.542 -3.725
0.008 -0.27576 7.93500 5.3077797890 2.6155513577    5.308  3.290  3.8805  2.347    2  0.000  0.538     0.00     0.00     0.00     0.00     0.00 -1    -1e-30      0.00 7.290e-01 2.630e-01 1.420e-03 3.876e-04 3.521e-03 -1.000 8.000e-03 -3.455 -3.601 -3.524 -3.753
0.008 -0.27576 7.93500 5.3078780174 2.6155518001    5.308  3.284  3.8683  2.304    2  0.000  0.538     0.00     0.00     0.00     0.00     0.00 -1    -1e-30      0.00 7.290e-01 2.630e-01 1.420e-03 3.876e-04 3.521e-03 -1.000 8.000e-03 -3.439 -3.595 -3.499 -3.779
0.008 -0.27576 7.93500 5.3079710007 2.6155522188    5.308  3.278  3.8562  2.262    2  0.000  0.538     0.00     0.00     0.00     0.00     0.00 -1    -1e-30      0.00 7.290e-01 2.630e-01 1.420e-03 3.876e-04 3.521e-03 -1.000 8.000e-03 -3.424 -3.586 -3.469 -3.804
0.008 -0.27576 7.93500 5.3080582619 2.6155526117    5.308  3.271  3.8441  2.220    2  0.000  0.538     0.00     0.00     0.00     0.00     0.00 -1    -1e-30      0.00 7.290e-01 2.630e-01 1.420e-03 3.876e-04 3.521e-03 -1.000 8.000e-03 -3.408 -3.573 -3.433 -3.826
0.008 -0.27576 7.93500 5.3081412315 2.6155529853    5.308  3.265  3.8320  2.178    2  0.000  0.538     0.00     0.00     0.00     0.00     0.00 -1    -1e-30      0.00 7.290e-01 2.630e-01 1.420e-03 3.876e-04 3.521e-03 -1.000 8.000e-03 -3.392 -3.558 -3.395 -3.845
0.008 -0.27576 7.93500 5.3082199097 2.6155533395    5.308  3.258  3.8199  2.136    2  0.000  0.538     0.00     0.00     0.00     0.00     0.00 -1    -1e-30      0.00 7.290e-01 2.630e-01 1.420e-03 3.876e-04 3.521e-03 -1.000 8.000e-03 -3.376 -3.539 -3.354 -3.860
0.008 -0.27576 7.93500 5.3082938194 2.6155536723    5.309  3.252  3.8078  2.094    2  0.000  0.538     0.00     0.00     0.00     0.00     0.00 -1    -1e-30      0.00 7.290e-01 2.630e-01 1.420e-03 3.876e-04 3.521e-03 -1.000 8.000e-03 -3.359 -3.519 -3.309 -3.873
0.008 -0.27576 7.93500 5.3083643913 2.6155539900    5.309  3.245  3.7957  2.053    2  0.000  0.538     0.00     0.00     0.00     0.00     0.00 -1    -1e-30      0.00 7.290e-01 2.630e-01 1.420e-03 3.876e-04 3.521e-03 -1.000 8.000e-03 -3.342 -3.495 -3.260 -3.883
0.008 -0.27576 7.93500 5.3084316254 2.6155542927    5.309  3.238  3.7836  2.012    2  0.000  0.538     0.00     0.00     0.00     0.00     0.00 -1    -1e-30      0.00 7.290e-01 2.630e-01 1.420e-03 3.876e-04 3.521e-03 -1.000 8.000e-03 -3.324 -3.469 -3.208 -3.890
0.008 -0.27576 7.93500 5.3084950447 2.6155545782    5.309  3.231  3.7715  1.971    2  0.000  0.538     0.00     0.00     0.00     0.00     0.00 -1    -1e-30      0.00 7.290e-01 2.630e-01 1.420e-03 3.876e-04 3.521e-03 -1.000 8.000e-03 -3.306 -3.440 -3.151 -3.895
0.008 -0.27576 7.93500 5.3085565567 2.6155548552    5.309  3.223  3.7596  1.930    2  0.000  0.538     0.00     0.00     0.00     0.00     0.00 -1    -1e-30      0.00 7.290e-01 2.630e-01 1.420e-03 3.876e-04 3.521e-03 -1.000 8.000e-03 -3.288 -3.409 -3.092 -3.895
0.008 -0.27576 7.93500 5.3086156845 2.6155551213    5.309  3.215  3.7479  1.891    2  0.000  0.538     0.00     0.00     0.00     0.00     0.00 -1    -1e-30      0.00 7.290e-01 2.630e-01 1.420e-03 3.876e-04 3.521e-03 -1.000 8.000e-03 -3.268 -3.374 -3.030 -3.889
0.008 -0.27576 7.93500 5.3086748123 2.6155553875    5.309  3.207  3.7368  1.855    2  0.000  0.538     0.00     0.00     0.00     0.00     0.00 -1    -1e-30      0.00 7.290e-01 2.630e-01 1.420e-03 3.876e-04 3.521e-03 -1.000 8.000e-03 -3.247 -3.336 -2.965 -3.878
0.008 -0.27576 7.93500 5.3087396622 2.6155556794    5.309  3.196  3.7257  1.822    2  0.000  0.538     0.00     0.00     0.00     0.00     0.00 -1    -1e-30      0.00 7.290e-01 2.630e-01 1.420e-03 3.876e-04 3.521e-03 -1.000 8.000e-03 -3.221 -3.290 -2.893 -3.859
0.008 -0.27576 7.93500 5.3088126183 2.6155560078    5.309  3.183  3.7154  1.793    2  0.000  0.538     0.00     0.00     0.00     0.00     0.00 -1    -1e-30      0.00 7.290e-01 2.630e-01 1.420e-03 3.876e-04 3.521e-03 -1.000 8.000e-03 -3.188 -3.237 -2.814 -3.830
0.008 -0.27576 7.93500 5.3089089394 2.6155564414    5.309  3.165  3.7054  1.772    2  0.000  0.538     0.00     0.00     0.00     0.00     0.00 -1    -1e-30      0.00 7.290e-01 2.630e-01 1.420e-03 3.876e-04 3.521e-03 -1.000 8.000e-03 -3.143 -3.169 -2.721 -3.785
0.008 -0.27576 7.93500 5.3090152740 2.6155569200    5.309  3.144  3.6969  1.759    2  0.000  0.538     0.00     0.00     0.00     0.00     0.00 -1    -1e-30      0.00 7.290e-01 2.630e-01 1.420e-03 3.876e-04 3.521e-03 -1.000 8.000e-03 -3.089 -3.094 -2.625 -3.729
0.008 -0.27576 7.93500 5.3091335297 2.6155574522    5.309  3.123  3.6886  1.747    2  0.000  0.538     0.00     0.00     0.00     0.00     0.00 -1    -1e-30      0.00 7.290e-01 2.630e-01 1.420e-03 3.876e-04 3.521e-03 -1.000 8.000e-03 -3.037 -3.019 -2.529 -3.672
0.008 -0.27576 7.93500 5.3092679977 2.6155580574    5.310  3.110  3.6797  1.724    2  0.000  0.538     0.00     0.00     0.00     0.00     0.00 -1    -1e-30      0.00 7.290e-01 2.630e-01 1.420e-03 3.876e-04 3.521e-03 -1.000 8.000e-03 -3.004 -2.961 -2.449 -3.634
0.008 -0.27576 7.93500 5.3093118668 2.6155582548    5.310  3.113  3.6769  1.710    3  0.000  0.538     6.63     5.94     4.39     3.17     2.60  4    -1e-30      0.00 7.290e-01 2.630e-01 1.420e-03 3.876e-04 3.521e-03 -1.000 8.000e-03 -3.013 -2.961 -2.441 -3.640
0.008 -0.27576 7.93500 5.3094501495 2.6155588771    5.310  3.138  3.6677  1.648    3  0.000  0.538     7.57     6.64     4.88     3.52     2.89  4    -1e-30      0.00 7.290e-01 2.630e-01 1.420e-03 3.876e-04 3.521e-03 -1.000 8.000e-03 -3.074 -2.993 -2.449 -3.692
0.008 -0.27576 7.93500 5.3095445633 2.6155593020    5.310  3.173  3.6612  1.587    3  0.000  0.537     8.64     7.42     5.42     3.93     3.23  4    -1e-30      0.00 7.290e-01 2.630e-01 1.417e-03 3.881e-04 3.521e-03 -1.000 8.000e-03 -3.163 -3.059 -2.497 -3.771
0.008 -0.27576 7.93500 5.3096318245 2.6155596946    5.310  3.213  3.6555  1.524    3  0.000  0.531     9.88     8.31     6.04     4.38     3.60  4    -1e-30      0.00 7.289e-01 2.631e-01 1.403e-03 3.943e-04 3.521e-03 -1.000 8.000e-03 -3.263 -3.135 -2.557 -3.860
0.008 -0.27576 7.93500 5.3097138405 2.6155600637    5.310  3.251  3.6509  1.467    3  0.000  0.514    11.16     9.20     6.66     4.84     3.98  4    -1e-30      0.00 7.289e-01 2.631e-01 1.358e-03 4.281e-04 3.521e-03 -1.000 8.000e-03 -3.358 -3.210 -2.617 -3.945
0.008 -0.27576 7.93500 5.3097801208 2.6155603619    5.310  3.279  3.6477  1.427    3  0.000  0.493    12.17     9.90     7.14     5.20     4.27  4    -1e-30      0.00 7.289e-01 2.631e-01 1.302e-03 4.839e-04 3.521e-03 -1.000 8.000e-03 -3.427 -3.264 -2.661 -4.008
0.008 -0.27576 7.93500 5.3099088669 2.6155609412    5.310  3.315  3.6437  1.375    3  0.000  0.460    13.61    10.88     7.82     5.69     4.68  4    -1e-30      0.00 7.288e-01 2.632e-01 1.214e-03 5.911e-04 3.521e-03 -1.000 8.000e-03 -3.517 -3.335 -2.717 -4.089
0.008 -0.27576 7.93500 5.3099474907 2.6155611149    5.310  3.325  3.6426  1.360    3  0.000  0.451    14.04    11.17     8.01     5.84     4.80  4    -1e-30      0.00 7.288e-01 2.632e-01 1.191e-03 6.189e-04 3.521e-03 -1.000 8.000e-03 -3.542 -3.354 -2.733 -4.111
0.008 -0.27576 7.93500 5.3101420403 2.6155619902    5.310  3.351  3.6398  1.323    3  0.000  0.430    15.21    11.94     8.55     6.23     5.12  4    -1e-30      0.00 7.288e-01 2.632e-01 1.136e-03 6.869e-04 3.521e-03 -1.000 8.037e-03 -3.607 -3.406 -2.774 -4.170
0.008 -0.27576 7.93500 5.3105072975 2.6155636332    5.311  3.389  3.6357  1.269    3  0.000  0.404    17.09    13.18     9.39     6.86     5.64  4    -1e-30      0.00 7.287e-01 2.632e-01 1.066e-03 7.740e-04 3.520e-03 -1.000 8.100e-03 -3.703 -3.479 -2.833 -4.255
0.008 -0.27576 7.93500 5.3109769821 2.6155657457    5.311  3.429  3.6316  1.213    3  0.000  0.385    19.28    14.58    10.34     7.56     6.22  4    -1e-30      0.00 7.282e-01 2.637e-01 1.011e-03 8.582e-04 3.501e-03 -1.000 8.085e-03 -3.802 -3.558 -2.896 -4.344
0.008 -0.27576 7.93500 5.3114471436 2.6155678598    5.312  3.467  3.6280  1.160    3  0.000  0.378    21.58    16.04    11.33     8.30     6.83  4    -1e-30      0.00 7.265e-01 2.655e-01 9.722e-04 9.702e-04 3.427e-03 -1.000 8.030e-03 -3.898 -3.634 -2.957 -4.429
0.008 -0.27576 7.93500 5.3119683266 2.6155702028    5.312  3.508  3.6242  1.104    3  0.000  0.378    24.37    17.77    12.49     9.16     7.54  4    -1e-30      0.00 7.218e-01 2.702e-01 9.383e-04 1.111e-03 3.313e-03 -1.000 8.019e-03 -4.001 -3.715 -3.023 -4.521
0.008 -0.27576 7.93500 5.3124904633 2.6155725496    5.313  3.548  3.6206  1.050    3  0.000  0.377    27.35    19.58    13.70    10.07     8.29  4    -1e-30      0.00 7.156e-01 2.763e-01 9.118e-04 1.224e-03 3.222e-03 -1.000 8.098e-03 -4.100 -3.793 -3.087 -4.610
0.008 -0.27576 7.93500 5.3131814003 2.6155756543    5.313  3.581  3.6179  1.006    3  0.000  0.377    30.05    21.20    14.78    10.87     8.95  4    -1e-30      0.00 7.103e-01 2.816e-01 8.945e-04 1.298e-03 3.162e-03 -1.000 8.055e-03 -4.182 -3.859 -3.141 -4.683
0.008 -0.27576 7.93500 5.3145394325 2.6155817539    5.315  3.604  3.6160  0.975    3  0.000  0.377    32.09    22.40    15.58    11.47     9.44  4    -1e-30      0.00 7.072e-01 2.847e-01 8.851e-04 1.338e-03 3.129e-03 -1.000 8.042e-03 -4.240 -3.904 -3.177 -4.734
0.008 -0.27576 7.93500 5.3250226974 2.6156287185    5.325  3.578  3.6189  1.014    3  0.000  0.377    29.53    20.89    14.58    10.72     8.82  4    -1e-30      0.00 7.073e-01 2.847e-01 8.850e-04 1.339e-03 3.129e-03 -1.000 8.037e-03 -4.174 -3.857 -3.144 -4.679
0.008 -0.27576 7.93500 5.3362331390 2.6156787062    5.337  3.546  3.6224  1.061    4  0.000  0.377     0.00     0.00     0.00     0.00     0.00 -1    -1e-30      0.00 7.073e-01 2.847e-01 8.850e-04 1.339e-03 3.129e-03 -1.000 8.031e-03 -4.095 -3.799 -3.099 -4.610
0.008 -0.27576 7.93500 5.3449821472 2.6157175508    5.345  3.515  3.6257  1.106    4  0.000  0.377     0.00     0.00     0.00     0.00     0.00 -1    -1e-30      0.00 7.073e-01 2.846e-01 8.849e-04 1.339e-03 3.129e-03 -1.000 8.027e-03 -4.016 -3.739 -3.053 -4.541
0.008 -0.27576 7.93500 5.3527274132 2.6157518170    5.353  3.481  3.6292  1.154    4  0.000  0.377     0.00     0.00     0.00     0.00     0.00 -1    -1e-30      0.00 7.074e-01 2.846e-01 8.849e-04 1.339e-03 3.129e-03 -1.000 8.023e-03 -3.932 -3.675 -3.002 -4.468
0.008 -0.27576 7.93500 5.3601403236 2.6157845062    5.361  3.447  3.6328  1.204    4  0.000  0.377     0.00     0.00     0.00     0.00     0.00 -1    -1e-30      0.00 7.074e-01 2.846e-01 8.848e-04 1.339e-03 3.129e-03 -1.000 8.020e-03 -3.847 -3.609 -2.951 -4.392
0.008 -0.27576 7.93500 5.3672690392 2.6158158443    5.368  3.416  3.6364  1.249    4  0.000  0.377     0.00     0.00     0.00     0.00     0.00 -1    -1e-30      0.00 7.074e-01 2.846e-01 8.848e-04 1.339e-03 3.128e-03 -1.000 8.016e-03 -3.770 -3.550 -2.905 -4.324
0.008 -0.27576 7.93500 5.3751478195 2.6158503685    5.376  3.388  3.6401  1.293    4  0.000  0.377     0.00     0.00     0.00     0.00     0.00 -1    -1e-30      0.00 7.074e-01 2.846e-01 8.847e-04 1.340e-03 3.128e-03 -1.000 8.012e-03 -3.699 -3.499 -2.868 -4.263
0.008 -0.27576 7.93500 5.3889169693 2.6159104251    5.389  3.353  3.6463  1.353    4  0.000  0.377     0.00     0.00     0.00     0.00     0.00 -1    -1e-30      0.00 7.075e-01 2.845e-01 8.847e-04 1.340e-03 3.128e-03 -1.000 8.005e-03 -3.613 -3.444 -2.834 -4.192
0.008 -0.27576 7.93500 5.3999996185 2.6159585084    5.401  3.339  3.6512  1.388    4  0.000  0.377     0.00     0.00     0.00     0.00     0.00 -1    -1e-30      0.00 7.075e-01 2.845e-01 8.846e-04 1.340e-03 3.128e-03 -1.000 8.000e-03 -3.578 -3.431 -2.837 -4.168
0.008 -0.27576 7.93500 5.4028701782 2.6159709257    5.403  3.335  3.6525  1.397    4  0.000  0.377     0.00     0.00     0.00     0.00     0.00 -1    -1e-30      0.00 7.075e-01 2.845e-01 8.846e-04 1.340e-03 3.128e-03 -1.000 8.000e-03 -3.568 -3.428 -2.837 -4.161
0.008 -0.27576 7.93500 5.4124827385 2.6160123967    5.413  3.347  3.6582  1.409    5  0.000  0.377     0.00     0.00     0.00     0.00     0.00 -1    -1e-30      0.00 7.075e-01 2.845e-01 8.847e-04 1.340e-03 3.128e-03 -1.000 8.000e-03 -3.598 -3.483 -2.909 -4.203
0.008 -0.27576 7.93500 5.4188480377 2.6160397651    5.419  3.376  3.6661  1.412    5  0.000  0.377     0.00     0.00     0.00     0.00     0.00 -1    -1e-30      0.00 7.076e-01 2.844e-01 8.847e-04 1.340e-03 3.128e-03 -1.000 8.000e-03 -3.670 -3.585 -3.031 -4.291
0.008 -0.27576 7.93500 5.4218606949 2.6160526926    5.422  3.403  3.6747  1.420    5  0.000  0.377     0.00     0.00     0.00     0.00     0.00 -1    -1e-30      0.00 7.076e-01 2.844e-01 8.848e-04 1.340e-03 3.128e-03 -1.000 8.000e-03 -3.738 -3.682 -3.149 -4.371
0.008 -0.27576 7.93500 5.4243841171 2.6160635081    5.425  3.428  3.6868  1.444    5  0.000  0.377     0.00     0.00     0.00     0.00     0.00 -1    -1e-30      0.00 7.076e-01 2.844e-01 8.848e-04 1.340e-03 3.128e-03 -1.000 8.000e-03 -3.800 -3.779 -3.276 -4.443
0.008 -0.27576 7.93500 5.4259791374 2.6160703385    5.427  3.441  3.6988  1.478    5  0.000  0.377     0.00     0.00     0.00     0.00     0.00 -1    -1e-30      0.00 7.076e-01 2.844e-01 8.848e-04 1.339e-03 3.128e-03 -1.000 8.000e-03 -3.833 -3.847 -3.375 -4.484
0.008 -0.27576 7.93500 5.4271955490 2.6160755444    5.428  3.450  3.7121  1.523    5  0.000  0.377     0.00     0.00     0.00     0.00     0.00 -1    -1e-30      0.00 7.076e-01 2.844e-01 8.848e-04 1.339e-03 3.128e-03 -1.000 8.000e-03 -3.855 -3.901 -3.463 -4.507
0.008 -0.27576 7.93500 5.4282431602 2.6160800258    5.429  3.456  3.7246  1.567    5  0.000  0.377     0.00     0.00     0.00     0.00     0.00 -1    -1e-30      0.00 7.076e-01 2.844e-01 8.848e-04 1.339e-03 3.128e-03 -1.000 8.000e-03 -3.871 -3.943 -3.537 -4.519
0.008 -0.27576 7.93500 5.4292497635 2.6160843298    5.430  3.462  3.7368  1.610    5  0.000  0.377     0.00     0.00     0.00     0.00     0.00 -1    -1e-30      0.00 7.076e-01 2.844e-01 8.848e-04 1.339e-03 3.128e-03 -1.000 8.000e-03 -3.884 -3.979 -3.603 -4.525
0.008 -0.27576 7.93500 5.4302573204 2.6160886361    5.431  3.467  3.7486  1.653    5  0.000  0.377     0.00     0.00     0.00     0.00     0.00 -1    -1e-30      0.00 7.076e-01 2.844e-01 8.848e-04 1.339e-03 3.128e-03 -1.000 8.000e-03 -3.897 -4.010 -3.664 -4.525
0.008 -0.27576 7.93500 5.4313273430 2.6160932074    5.432  3.472  3.7604  1.695    5  0.000  0.377     0.00     0.00     0.00     0.00     0.00 -1    -1e-30      0.00 7.076e-01 2.844e-01 8.848e-04 1.339e-03 3.128e-03 -1.000 8.000e-03 -3.910 -4.037 -3.720 -4.522
0.008 -0.27576 7.93500 5.4324784279 2.6160981227    5.433  3.477  3.7722  1.737    5  0.000  0.377     0.00     0.00     0.00     0.00     0.00 -1    -1e-30      0.00 7.076e-01 2.844e-01 8.848e-04 1.339e-03 3.128e-03 -1.000 8.000e-03 -3.922 -4.063 -3.774 -4.516
0.008 -0.27576 7.93500 5.4337110519 2.6161033835    5.434  3.482  3.7840  1.779    5  0.000  0.377     0.00     0.00     0.00     0.00     0.00 -1    -1e-30      0.00 7.076e-01 2.844e-01 8.848e-04 1.339e-03 3.129e-03 -1.000 8.000e-03 -3.935 -4.086 -3.827 -4.504
0.008 -0.27576 7.93500 5.4350261688 2.6161089933    5.436  3.487  3.7957  1.821    5  0.000  0.377     0.00     0.00     0.00     0.00     0.00 -1    -1e-30      0.00 7.076e-01 2.844e-01 8.848e-04 1.339e-03 3.129e-03 -1.000 8.000e-03 -3.948 -4.107 -3.874 -4.491
0.008 -0.27576 7.93500 5.4364275932 2.6161149679    5.437  3.492  3.8075  1.863    5  0.000  0.377     0.00     0.00     0.00     0.00     0.00 -1    -1e-30      0.00 7.076e-01 2.844e-01 8.849e-04 1.339e-03 3.129e-03 -1.000 8.000e-03 -3.961 -4.126 -3.919 -4.478
0.008 -0.27576 7.93500 5.4379210472 2.6161213309    5.438  3.498  3.8192  1.905    5  0.000  0.377     0.00     0.00     0.00     0.00     0.00 -1    -1e-30      0.00 7.076e-01 2.844e-01 8.849e-04 1.339e-03 3.129e-03 -1.000 8.000e-03 -3.974 -4.143 -3.960 -4.462
0.008 -0.27576 7.93500 5.4395380020 2.6161282156    5.440  3.503  3.8311  1.947    5  0.000  0.377     0.00     0.00     0.00     0.00     0.00 -1    -1e-30      0.00 7.076e-01 2.844e-01 8.849e-04 1.339e-03 3.129e-03 -1.000 8.000e-03 -3.988 -4.160 -4.000 -4.444
0.008 -0.27576 7.93500 5.4412355423 2.6161354383    5.442  3.509  3.8427  1.988    5  0.000  0.377     0.00     0.00     0.00     0.00     0.00 -1    -1e-30      0.00 7.076e-01 2.844e-01 8.849e-04 1.339e-03 3.129e-03 -1.000 8.000e-03 -4.001 -4.172 -4.035 -4.423
0.008 -0.27576 7.93500 5.4430890083 2.6161433186    5.444  3.514  3.8545  2.030    5  0.000  0.377     0.00     0.00     0.00     0.00     0.00 -1    -1e-30      0.00 7.076e-01 2.844e-01 8.849e-04 1.339e-03 3.129e-03 -1.000 8.000e-03 -4.015 -4.184 -4.068 -4.399
0.008 -0.27576 7.93500 5.4450769424 2.6161517637    5.446  3.520  3.8661  2.071    5  0.000  0.377     0.00     0.00     0.00     0.00     0.00 -1    -1e-30      0.00 7.076e-01 2.844e-01 8.849e-04 1.339e-03 3.129e-03 -1.000 8.000e-03 -4.029 -4.192 -4.097 -4.374
0.008 -0.27576 7.93500 5.4471220970 2.6161604445    5.448  3.525  3.8770  2.109    5  0.000  0.377     0.00     0.00     0.00     0.00     0.00 -1    -1e-30      0.00 7.076e-01 2.844e-01 8.849e-04 1.339e-03 3.129e-03 -1.000 8.000e-03 -4.043 -4.197 -4.118 -4.351
0.008 -0.27576 7.93500 5.4497060776 2.6161714016    5.450  3.531  3.8890  2.151    5  0.000  0.377     0.00     0.00     0.00     0.00     0.00 -1    -1e-30      0.00 7.077e-01 2.843e-01 8.850e-04 1.339e-03 3.129e-03 -1.000 8.000e-03 -4.058 -4.200 -4.138 -4.325
0.008 -0.27576 7.93500 5.4530601501 2.6161856065    5.454  3.538  3.9015  2.195    5  0.000  0.377     0.00     0.00     0.00     0.00     0.00 -1    -1e-30      0.00 7.077e-01 2.843e-01 8.850e-04 1.339e-03 3.129e-03 -1.000 8.000e-03 -4.074 -4.198 -4.151 -4.295
0.008 -0.27576 7.93500 5.4583888054 2.6162081326    5.459  3.546  3.9138  2.236    5  0.000  0.377     0.00     0.00     0.00     0.00     0.00 -1    -1e-30      0.00 7.077e-01 2.843e-01 8.850e-04 1.339e-03 3.129e-03 -1.000 8.000e-03 -4.095 -4.193 -4.158 -4.267
0.008 -0.27576 7.93500 5.4633359909 2.6162290009    5.464  3.551  3.9185  2.250    5  0.000  0.377     0.00     0.00     0.00     0.00     0.00 -1    -1e-30      0.00 7.077e-01 2.843e-01 8.850e-04 1.339e-03 3.129e-03 -1.000 8.000e-03 -4.108 -4.195 -4.165 -4.261
0.008 -0.27576 7.93500 5.4718241692 2.6162647048    5.472  3.556  3.9106  2.215    6  0.000  0.377     0.00     0.00     0.00     0.00     0.00 -1    -1e-30      0.00 7.077e-01 2.843e-01 8.851e-04 1.339e-03 3.129e-03 -1.000 8.000e-03 -4.120 -4.225 -4.188 -4.304
0.008 -0.27576 7.93500 5.4789991379 2.6162947858    5.480  3.560  3.8997  2.168    6  0.000  0.377     0.00     0.00     0.00     0.00     0.00 -1    -1e-30      0.00 7.077e-01 2.843e-01 8.852e-04 1.338e-03 3.129e-03 -1.000 8.000e-03 -4.129 -4.256 -4.208 -4.357
0.008 -0.27576 7.93500 5.4866423607 2.6163267304    5.487  3.563  3.8916  2.132    6  0.000  0.377     0.00     0.00     0.00     0.00     0.00 -1    -1e-30      0.00 7.078e-01 2.842e-01 8.852e-04 1.338e-03 3.129e-03 -1.000 8.000e-03 -4.139 -4.278 -4.220 -4.396
0.008 -0.27576 7.93500 5.4957318306 2.6163645865    5.496  3.568  3.8795  2.080    6  0.000  0.377     0.00     0.00     0.00     0.00     0.00 -1    -1e-30      0.00 7.078e-01 2.842e-01 8.853e-04 1.338e-03 3.129e-03 -1.000 8.000e-03 -4.149 -4.302 -4.228 -4.449
0.008 -0.27576 7.93500 5.5018057823 2.6163898033    5.502  3.570  3.8677  2.032    6  0.000  0.377     0.00     0.00     0.00     0.00     0.00 -1    -1e-30      0.00 7.078e-01 2.842e-01 8.853e-04 1.338e-03 3.130e-03 -1.000 8.000e-03 -4.154 -4.317 -4.225 -4.494
0.008 -0.27576 7.93500 5.5061783791 2.6164079172    5.507  3.570  3.8570  1.989    6  0.000  0.377     0.00     0.00     0.00     0.00     0.00 -1    -1e-30      0.00 7.078e-01 2.842e-01 8.853e-04 1.338e-03 3.130e-03 -1.000 8.000e-03 -4.156 -4.325 -4.215 -4.531
0.008 -0.27576 7.93500 5.5102372169 2.6164247017    5.511  3.570  3.8452  1.942    6  0.000  0.377     0.00     0.00     0.00     0.00     0.00 -1    -1e-30      0.00 7.078e-01 2.842e-01 8.854e-04 1.338e-03 3.130e-03 -1.000 8.000e-03 -4.156 -4.328 -4.196 -4.569
0.008 -0.27576 7.93500 5.5126266479 2.6164345694    5.513  3.570  3.8357  1.904    6  0.000  0.377     0.00     0.00     0.00     0.00     0.00 -1    -1e-30      0.00 7.078e-01 2.842e-01 8.854e-04 1.338e-03 3.130e-03 -1.000 8.000e-03 -4.154 -4.327 -4.177 -4.597
0.008 -0.27576 7.93500 5.5149807930 2.6164442817    5.516  3.569  3.8242  1.860    6  0.000  0.377     0.00     0.00     0.00     0.00     0.00 -1    -1e-30      0.00 7.078e-01 2.842e-01 8.854e-04 1.338e-03 3.130e-03 -1.000 8.000e-03 -4.151 -4.323 -4.151 -4.626
0.008 -0.27576 7.93500 5.5176954269 2.6164554695    5.518  3.567  3.8090  1.801    6  0.000  0.377     0.00     0.00     0.00     0.00     0.00 -1    -1e-30      0.00 7.079e-01 2.841e-01 8.854e-04 1.338e-03 3.130e-03 -1.000 8.000e-03 -4.147 -4.315 -4.111 -4.661
0.008 -0.27576 7.93500 5.5200300217 2.6164650809    5.521  3.564  3.7940  1.744    6  0.000  0.377     0.00     0.00     0.00     0.00     0.00 -1    -1e-30      0.00 7.079e-01 2.841e-01 8.854e-04 1.338e-03 3.130e-03 -1.000 8.000e-03 -4.141 -4.300 -4.064 -4.689
0.008 -0.27576 7.93500 5.5218505859 2.6164725696    5.523  3.562  3.7799  1.690    6  0.000  0.377     0.00     0.00     0.00     0.00     0.00 -1    -1e-30      0.00 7.079e-01 2.841e-01 8.855e-04 1.338e-03 3.130e-03 -1.000 8.000e-03 -4.134 -4.284 -4.016 -4.714
0.008 -0.27576 7.93500 5.5234012604 2.6164789437    5.524  3.558  3.7647  1.633    6  0.000  0.377     0.00     0.00     0.00     0.00     0.00 -1    -1e-30      0.00 7.079e-01 2.841e-01 8.855e-04 1.338e-03 3.130e-03 -1.000 8.000e-03 -4.125 -4.260 -3.952 -4.734
0.008 -0.27576 7.93500 5.5244355202 2.6164831927    5.525  3.554  3.7512  1.583    6  0.000  0.377     0.00     0.00     0.00     0.00     0.00 -1    -1e-30      0.00 7.079e-01 2.841e-01 8.855e-04 1.337e-03 3.130e-03 -1.000 8.000e-03 -4.116 -4.234 -3.894 -4.744
0.008 -0.27576 7.93500 5.5252447128 2.6164865158    5.526  3.551  3.7386  1.536    6  0.000  0.377     0.00     0.00     0.00     0.00     0.00 -1    -1e-30      0.00 7.079e-01 2.841e-01 8.855e-04 1.337e-03 3.130e-03 -1.000 8.000e-03 -4.108 -4.207 -3.834 -4.749
0.008 -0.27576 7.93500 5.5259523392 2.6164894209    5.527  3.547  3.7264  1.491    6  0.000  0.377     0.00     0.00     0.00     0.00     0.00 -1    -1e-30      0.00 7.079e-01 2.841e-01 8.855e-04 1.337e-03 3.130e-03 -1.000 8.000e-03 -4.098 -4.175 -3.772 -4.748
0.008 -0.27576 7.93500 5.5266304016 2.6164922038    5.527  3.543  3.7143  1.447    6  0.000  0.377     0.00     0.00     0.00     0.00     0.00 -1    -1e-30      0.00 7.079e-01 2.841e-01 8.855e-04 1.337e-03 3.130e-03 -1.000 8.000e-03 -4.087 -4.139 -3.706 -4.741
0.008 -0.27576 7.93500 5.5273213387 2.6164950388    5.528  3.537  3.7021  1.404    6  0.000  0.377     0.00     0.00     0.00     0.00     0.00 -1    -1e-30      0.00 7.079e-01 2.841e-01 8.855e-04 1.337e-03 3.130e-03 -1.000 8.000e-03 -4.073 -4.096 -3.630 -4.727
0.008 -0.27576 7.93500 5.5280489922 2.6164980235    5.529  3.530  3.6899  1.362    6  0.000  0.377     0.00     0.00     0.00     0.00     0.00 -1    -1e-30      0.00 7.079e-01 2.841e-01 8.855e-04 1.337e-03 3.130e-03 -1.000 8.000e-03 -4.054 -4.044 -3.546 -4.703
0.008 -0.27576 7.93500 5.5290489197 2.6165021236    5.530  3.515  3.6774  1.327    6  0.000  0.377     0.00     0.00     0.00     0.00     0.00 -1    -1e-30      0.00 7.079e-01 2.841e-01 8.855e-04 1.337e-03 3.130e-03 -1.000 8.000e-03 -4.018 -3.972 -3.442 -4.657
0.008 -0.27576 7.93500 5.5300750732 2.6165063295    5.531  3.494  3.6672  1.308    6  0.000  0.377     0.00     0.00     0.00     0.00     0.00 -1    -1e-30      0.00 7.079e-01 2.841e-01 8.855e-04 1.337e-03 3.130e-03 -1.000 8.000e-03 -3.964 -3.885 -3.330 -4.590
0.008 -0.27576 7.93500 5.5311532021 2.6165107464    5.532  3.477  3.6580  1.287    6  0.000  0.377     0.00     0.00     0.00     0.00     0.00 -1    -1e-30      0.00 7.079e-01 2.841e-01 8.855e-04 1.337e-03 3.130e-03 -1.000 8.000e-03 -3.923 -3.808 -3.230 -4.531
0.008 -0.27576 7.93500 5.5329880714 2.6165182591    5.534  3.466  3.6448  1.247    6  0.000  0.377     0.00     0.00     0.00     0.00     0.00 -1    -1e-30      0.00 7.079e-01 2.841e-01 8.855e-04 1.337e-03 3.130e-03 -1.000 8.000e-03 -3.894 -3.717 -3.099 -4.471
0.008 -0.27576 7.93500 5.5343589783 2.6165238683    5.535  3.489  3.6365  1.190    6  0.000  0.377     0.00     0.00     0.00     0.00     0.00 -1    -1e-30      0.00 7.079e-01 2.841e-01 8.855e-04 1.337e-03 3.130e-03 -1.000 8.000e-03 -3.953 -3.735 -3.088 -4.510
0.008 -0.27576 7.93500 5.5345401764 2.6165246095    5.535  3.502  3.6343  1.168    6  0.000  0.377     0.00     0.00     0.00     0.00     0.00 -1    -1e-30      0.00 7.079e-01 2.841e-01 8.855e-04 1.337e-03 3.130e-03 -1.000 8.000e-03 -3.986 -3.756 -3.101 -4.536
0.008 -0.27576 7.93500 5.5346932411 2.6165252355    5.535  3.527  3.6293  1.123    7  0.000  0.377    23.48    17.34    12.21     8.94     7.36  4 -1.51e-16      0.00 7.079e-01 2.840e-01 8.855e-04 1.337e-03 3.130e-03 -1.000 8.066e-03 -4.048 -3.791 -3.118 -4.584
0.008 -0.27576 7.93500 5.5350441933 2.6165266708    5.536  3.548  3.6273  1.094    7  0.000  0.377    24.98    18.26    12.83     9.40     7.74  4 -3.67e-16      0.00 7.079e-01 2.840e-01 8.856e-04 1.337e-03 3.130e-03 -1.000 8.068e-03 -4.100 -3.832 -3.152 -4.631
0.008 -0.27576 7.93500 5.5356187820 2.6165290202    5.536  3.557  3.6259  1.080    7  0.000  0.377    25.79    18.75    13.16     9.65     7.94  4 -1.78e-11      0.00 7.079e-01 2.840e-01 8.856e-04 1.337e-03 3.130e-03 -1.000 8.090e-03 -4.123 -3.846 -3.160 -4.649
0.008 -0.27576 7.93500 5.5360598564 2.6165308233    5.537  3.578  3.6238  1.051    7  0.000  0.377    27.45    19.76    13.83    10.15     8.36  4 -3.08e-09      0.00 7.079e-01 2.840e-01 8.856e-04 1.337e-03 3.130e-03 -1.000 8.100e-03 -4.174 -3.886 -3.191 -4.694
0.008 -0.27576 7.93500 5.5363626480 2.6165320609    5.537  3.614  3.6207  1.003    7  0.000  0.377    30.46    21.56    15.03    11.04     9.09  4 -3.62e-09      0.00 7.079e-01 2.840e-01 8.856e-04 1.337e-03 3.130e-03 -1.000 8.100e-03 -4.264 -3.958 -3.251 -4.775
0.008 -0.27576 7.93500 5.5367131233 2.6165334932    5.537  3.652  3.6175  0.951    7  0.000  0.377    34.01    23.65    16.42    12.08     9.95  4 -4.31e-09      0.00 7.079e-01 2.840e-01 8.855e-04 1.337e-03 3.130e-03 -1.000 8.100e-03 -4.360 -4.033 -3.310 -4.859
0.008 -0.27576 7.93500 5.5371503830 2.6165352799    5.538  3.691  3.6141  0.898    7  0.000  0.377    38.13    26.02    18.00    13.25    10.92  4 -5.16e-09      0.00 7.079e-01 2.840e-01 8.854e-04 1.337e-03 3.130e-03 -1.000 8.100e-03 -4.458 -4.109 -3.371 -4.946
0.008 -0.27576 7.93500 5.5376772881 2.6165374325    5.538  3.730  3.6107  0.847    7  0.000  0.377    42.64    28.58    19.68    14.51    11.96  4 -6.12e-09      0.00 7.079e-01 2.840e-01 8.849e-04 1.337e-03 3.130e-03 -1.000 8.100e-03 -4.554 -4.184 -3.430 -5.031
0.008 -0.27576 7.93500 5.5382990837 2.6165399721    5.539  3.768  3.6073  0.794    7  0.000  0.376    47.73    31.41    21.54    15.91    13.11  4 -7.35e-09      0.00 7.079e-01 2.840e-01 8.828e-04 1.339e-03 3.130e-03 -1.000 8.100e-03 -4.650 -4.257 -3.486 -5.115
0.008 -0.27576 7.93500 5.5390157700 2.6165428985    5.539  3.807  3.6038  0.741    7  0.000  0.374    53.51    34.56    23.60    17.45    14.39  4 -9.58e-09      0.00 7.079e-01 2.840e-01 8.780e-04 1.344e-03 3.130e-03 -1.000 8.100e-03 -4.748 -4.331 -3.542 -5.200
0.008 -0.27576 7.93500 5.5398149490 2.6165461606    5.540  3.847  3.6003  0.688    7  0.000  0.371    60.10    38.09    25.89    19.18    15.82  4 -1.39e-08      0.00 7.079e-01 2.840e-01 8.713e-04 1.352e-03 3.130e-03 -1.000 8.094e-03 -4.847 -4.405 -3.598 -5.285
0.008 -0.27576 7.93500 5.5406494141 2.6165495657    5.540  3.887  3.5967  0.634    7  0.000  0.369    67.53    42.00    28.43    21.08    17.39  4 -2.08e-08      0.00 7.079e-01 2.840e-01 8.654e-04 1.360e-03 3.130e-03 -1.000 8.058e-03 -4.947 -4.477 -3.649 -5.369
0.008 -0.27576 7.93500 5.5414261818 2.6165527342    5.540  3.925  3.5932  0.581    7  0.000  0.367    75.65    46.18    31.13    23.12    19.07  4 -3.08e-08      0.00 7.079e-01 2.841e-01 8.608e-04 1.365e-03 3.130e-03 -1.000 8.011e-03 -5.043 -4.545 -3.697 -5.450
0.008 -0.27576 7.93500 5.5421056747 2.6165555052    5.540  3.962  3.5897  0.530    7  0.000  0.365    84.42    50.63    33.98    25.27    20.86  3 -4.48e-08      0.00 7.079e-01 2.841e-01 8.571e-04 1.370e-03 3.129e-03 -1.000 8.052e-03 -5.135 -4.611 -3.742 -5.527
0.008 -0.27576 7.93500 5.5427017212 2.6165579351    5.539  3.999  3.5863  0.480    7  0.000  0.364    94.13    55.46    37.07    27.61    22.79  3 -6.55e-08      0.00 7.078e-01 2.841e-01 8.540e-04 1.375e-03 3.128e-03 -1.000 8.098e-03 -5.227 -4.673 -3.780 -5.602
0.008 -0.27576 7.93500 5.5432424545 2.6165601391    5.539  4.036  3.5827  0.429    7  0.000  0.363   105.09    60.82    40.49    30.19    24.93  3 -9.56e-08      0.00 7.078e-01 2.841e-01 8.514e-04 1.380e-03 3.125e-03 -1.000 8.100e-03 -5.319 -4.733 -3.815 -5.676
0.008 -0.27576 7.93500 5.5437378883 2.6165621580    5.537  4.071  3.5793  0.379    7  0.000  0.363   117.06    66.57    44.13    32.96    27.22  3 -1.38e-07      0.00 7.078e-01 2.841e-01 8.490e-04 1.387e-03 3.121e-03 -1.000 8.100e-03 -5.409 -4.791 -3.846 -5.748
0.008 -0.27576 7.93500 5.5442552567 2.6165642658    5.534  4.112  3.5753  0.322    7  0.000  0.363   132.19    73.70    48.64    36.38    30.05  3 -2.08e-07      0.00 7.075e-01 2.844e-01 8.464e-04 1.398e-03 3.112e-03 -1.000 8.100e-03 -5.510 -4.849 -3.868 -5.825
0.008 -0.27576 7.93500 5.5447502136 2.6165662819    5.531  4.152  3.5712  0.266    7  0.000  0.363   149.36    81.65    53.63    40.17    33.19  3 -3.11e-07      0.00 7.057e-01 2.862e-01 8.420e-04 1.418e-03 3.096e-03 -1.000 8.100e-03 -5.610 -4.906 -3.888 -5.900
0.008 -0.27576 7.93500 5.5451478958 2.6165679015    5.526  4.186  3.5675  0.217    7  0.000  0.363   166.02    89.21    58.36    43.78    36.18  3 -4.47e-07      0.00 6.899e-01 3.020e-01 8.237e-04 1.501e-03 3.027e-03 -1.000 8.100e-03 -5.695 -4.947 -3.887 -5.959
0.008 -0.27576 7.93500 5.5453581810 2.6165687578    5.523  4.216  3.5635  0.170    7  0.000  0.363   183.53    97.03    63.24    47.49    39.26  3 -6.14e-07      0.00 6.654e-01 3.265e-01 7.961e-04 1.628e-03 2.922e-03 -1.000 8.100e-03 -5.771 -4.971 -3.864 -6.005
0.008 -0.27576 7.93500 5.5455293655 2.6165694548    5.519  4.253  3.5586  0.113    7  0.000  0.364   207.57   107.58    69.79    52.49    43.40  3 -9.07e-07      0.00 6.444e-01 3.475e-01 7.725e-04 1.736e-03 2.832e-03 -1.000 8.079e-03 -5.864 -4.996 -3.824 -6.057
0.008 -0.27576 7.93500 5.5456848145 2.6165700877    5.513  4.294  3.5535  0.052    7  0.000  0.364   236.66   120.08    77.51    58.40    48.30  2 -1.38e-06      0.01 6.342e-01 3.577e-01 7.612e-04 1.789e-03 2.789e-03 -1.000 8.036e-03 -5.964 -5.013 -3.756 -6.105
0.008 -0.27576 7.93500 5.5458297729 2.6165706779    5.504  4.335  3.5484 -0.011    7  0.000  0.364   270.58   134.37    86.29    65.13    53.87  2 -2.11e-06      0.02 6.289e-01 3.630e-01 7.553e-04 1.816e-03 2.767e-03 -1.000 8.086e-03 -6.067 -5.017 -3.662 -6.145
0.008 -0.27576 7.93500 5.5459690094 2.6165712447    5.491  4.377  3.5431 -0.075    7  0.000  0.364   310.57   150.86    96.38    72.87    60.29  2 -3.32e-06      0.04 6.260e-01 3.660e-01 7.520e-04 1.831e-03 2.754e-03 -1.000 8.066e-03 -6.173 -4.993 -3.510 -6.163
0.008 -0.27576 7.93500 5.5461211205 2.6165718639    5.469  4.423  3.5371 -0.147    7  0.000  0.364   361.94   171.67   109.03    82.60    68.37  2 -5.44e-06      0.08 6.242e-01 3.677e-01 7.501e-04 1.841e-03 2.746e-03 -1.000 8.075e-03 -6.288 -4.919 -3.254 -6.143
0.008 -0.27576 7.93500 5.5462698936 2.6165724695    5.433  4.463  3.5316 -0.212    7  0.000  0.364   397.65   192.79   121.78    92.45    76.53  2 -8.45e-06      0.16 6.233e-01 3.686e-01 7.491e-04 1.845e-03 2.743e-03 -1.000 8.100e-03 -6.388 -4.783 -2.906 -6.064
0.008 -0.27576 7.93500 5.5464954376 2.6165733875    5.358  4.397  3.5386 -0.123    7  0.000  0.364   340.99   163.64   104.10    78.88    65.27  2 -4.44e-06      0.07 6.227e-01 3.692e-01 7.485e-04 1.848e-03 2.740e-03 -1.000 8.100e-03 -6.222 -4.915 -3.306 -6.123
0.008 -0.27576 7.93500 5.5465345383 2.6165735466    5.346  4.356  3.5435 -0.064    7  0.000  0.364   299.59   146.80    93.84    70.99    58.73  2 -2.93e-06      0.04 6.226e-01 3.693e-01 7.484e-04 1.848e-03 2.740e-03 -1.000 8.100e-03 -6.119 -4.955 -3.484 -6.121
0.008 -0.27576 7.93500 5.5465483665 2.6165736029    5.344  4.356  3.5435 -0.064    7  0.000  0.364   299.55   146.79    93.84    70.99    58.72  2 -2.93e-06      0.04 6.226e-01 3.693e-01 7.484e-04 1.848e-03 2.740e-03 -1.000 8.100e-03 -6.119 -4.955 -3.485 -6.121
0.008 -0.27576 7.93500 5.5465574265 2.6165736397    5.343  4.358  3.5432 -0.068    7  0.000  0.364   302.07   147.83    94.47    71.48    59.13  2 -3.01e-06      0.04 6.226e-01 3.693e-01 7.484e-04 1.848e-03 2.740e-03 -1.000 8.100e-03 -6.125 -4.954 -3.476 -6.122
0.008 -0.27576 7.93500 5.5465645790 2.6165736688    5.342  4.360  3.5430 -0.070    7  0.000  0.364   303.76   148.53    94.90    71.80    59.40  2 -3.06e-06      0.04 6.226e-01 3.693e-01 7.484e-04 1.848e-03 2.740e-03 -1.000 8.100e-03 -6.129 -4.953 -3.470 -6.123
0.008 -0.27576 7.93500 5.5465807915 2.6165737348    5.340  4.371  3.5415 -0.087    7  0.000  0.364   315.19   153.22    97.76    74.00    61.22  2 -3.44e-06      0.04 6.226e-01 3.693e-01 7.484e-04 1.848e-03 2.740e-03 -1.000 8.100e-03 -6.158 -4.948 -3.429 -6.128
0.008 -0.27576 7.93500 5.5465974808 2.6165738027    5.338  4.388  3.5395 -0.113    7  0.000  0.364   332.80   160.40   102.13    77.36    64.01  2  -4.1e-06      0.06 6.226e-01 3.693e-01 7.484e-04 1.848e-03 2.740e-03 -1.000 8.100e-03 -6.200 -4.924 -3.346 -6.124
0.008 -0.27576 7.93500 5.5466523170 2.6165740259    5.328  4.413  3.5363 -0.151    7  0.000  0.364   360.83   171.73   109.00    82.66    68.40  2 -5.32e-06      0.08 6.226e-01 3.693e-01 7.474e-04 1.849e-03 2.740e-03 -1.000 8.100e-03 -6.262 -4.879 -3.196 -6.108
0.008 -0.27576 7.93500 5.5466890335 2.6165741753    5.321  4.428  3.5343 -0.175    7  0.000  0.362   374.61   179.23   113.54    86.16    71.31  2 -6.25e-06      0.10 6.226e-01 3.693e-01 7.439e-04 1.851e-03 2.740e-03 -1.000 8.092e-03 -6.300 -4.839 -3.084 -6.088
0.008 -0.27576 7.93500 5.5467023849 2.6165742297    5.318  4.436  3.5333 -0.187    7  0.000  0.359   381.28   183.18   115.93    88.00    72.83  2 -6.79e-06      0.12 6.226e-01 3.693e-01 7.384e-04 1.853e-03 2.740e-03 -1.000 8.078e-03 -6.320 -4.812 -3.016 -6.072
0.008 -0.27576 7.93500 5.5467123985 2.6165742704    5.316  4.442  3.5325 -0.196    7  0.000  0.357   386.63   186.36   117.84    89.48    74.06  2 -7.25e-06      0.13 6.226e-01 3.693e-01 7.342e-04 1.854e-03 2.740e-03 -1.000 8.067e-03 -6.335 -4.791 -2.963 -6.059
0.008 -0.27576 7.93500 5.5467362404 2.6165743675    5.310  4.450  3.5314 -0.209    7  0.000  0.353   393.65   190.55   120.37    91.43    75.68  2 -7.91e-06      0.15 6.226e-01 3.693e-01 7.245e-04 1.858e-03 2.740e-03 -1.000 8.041e-03 -6.354 -4.762 -2.892 -6.042
0.008 -0.27576 7.93500 5.5467376709 2.6165743733    5.310  4.449  3.5315 -0.208    7  0.000  0.352   393.28   190.33   120.24    91.33    75.59  2 -7.88e-06      0.15 6.226e-01 3.693e-01 7.239e-04 1.858e-03 2.740e-03 -1.000 8.040e-03 -6.353 -4.763 -2.895 -6.043
0.008 -0.27576 7.93500 5.5467433929 2.6165743966    5.308  4.452  3.5312 -0.212    7  0.000  0.351   395.50   191.65   121.03    91.95    76.11  2 -8.09e-06      0.15 6.226e-01 3.693e-01 7.215e-04 1.859e-03 2.739e-03 -1.000 8.033e-03 -6.359 -4.755 -2.873 -6.038
0.008 -0.27576 7.93500 5.5467500687 2.6165744237    5.307  4.461  3.5300 -0.226    7  0.000  0.349   403.72   196.58   124.01    94.24    78.01  2 -8.87e-06      0.17 6.226e-01 3.693e-01 7.173e-04 1.861e-03 2.739e-03 -1.000 8.026e-03 -6.382 -4.726 -2.797 -6.021
0.008 -0.27576 7.93500 5.5467619896 2.6165744722    5.301  4.503  3.5245 -0.291    7  0.000  0.304   443.87   220.98   138.66   105.57    87.41  0 -1.38e-05      0.26 6.226e-01 3.693e-01 6.240e-04 1.935e-03 2.738e-03 -1.000 8.045e-03 -6.488 -4.538 -2.345 -5.893
0.008 -0.27576 7.93500 5.5467715263 2.6165745110    5.296  4.519  3.5223 -0.315    7  0.000  0.253   459.92   230.89   144.59   110.16    91.22  0 -1.64e-05      0.32 6.226e-01 3.693e-01 5.204e-04 2.046e-03 2.736e-03 -1.000 8.100e-03 -6.526 -4.421 -2.100 -5.804
