Zini MH logAge Mini int_IMF Mass logL logTe logg label McoreTP C_O period0 period1 period2 period3 period4 pmode Mloss tau1m X Y Xc Xn Xo Cexcess Z mbolmag Gmag G_BPmag G_RPmag
0.0045 -0.53140 7.05001 0.0900000036 1.0816895926    0.090 -2.002  3.4508  4.150    0  0.000  0.545     0.00     0.00     0.00     0.00     0.00 -1 -3.55e-15      0.00 7.384e-01 2.570e-01 8.238e-04 2.222e-04 2.016e-03 -1.000 4.581e-03 9.775 11.139 13.219 9.807
0.0045 -0.53140 7.05001 0.0906608179 1.0879898445    0.091 -1.998  3.4513  4.151    0  0.000  0.545     0.00     0.00     0.00     0.00     0.00 -1 -3.57e-15      0.00 7.384e-01 2.570e-01 8.238e-04 2.222e-04 2.016e-03 -1.000 4.581e-03 9.764 11.123 13.195 9.793
0.0045 -0.53140 7.05001 0.1000000089 1.1711064744    0.100 -1.937  3.4583  4.161    0  0.000  0.545     0.00     0.00     0.00     0.00     0.00 -1 -3.86e-15      0.00 7.384e-01 2.570e-01 8.238e-04 2.222e-04 2.016e-03 -1.000 4.581e-03 9.613 10.903 12.867 9.594
0.0045 -0.53140 7.05001 0.1025481150 1.1920458527    0.103 -1.922  3.4600  4.163    0  0.000  0.545     0.00     0.00     0.00     0.00     0.00 -1 -3.94e-15      0.00 7.384e-01 2.570e-01 8.238e-04 2.222e-04 2.016e-03 -1.000 4.581e-03 9.576 10.849 12.787 9.545
0.0045 -0.53140 7.05001 0.1199999973 1.3193154249    0.120 -1.826  3.4704  4.177    0  0.000  0.545     0.00     0.00     0.00     0.00     0.00 -1 -4.47e-15      0.00 7.384e-01 2.570e-01 8.238e-04 2.222e-04 2.016e-03 -1.000 4.581e-03 9.335 10.512 12.312 9.240
0.0045 -0.53140 7.05001 0.1288796067 1.3751730089    0.129 -1.782  3.4750  4.182    0  0.000  0.545     0.00     0.00     0.00     0.00     0.00 -1 -4.75e-15      0.00 7.384e-01 2.570e-01 8.238e-04 2.222e-04 2.016e-03 -1.000 4.581e-03 9.225 10.362 12.105 9.105
0.0045 -0.53140 7.05001 0.1400000006 1.4384526719    0.140 -1.731  3.4803  4.188    0  0.000  0.545     0.00     0.00     0.00     0.00     0.00 -1 -5.08e-15      0.00 7.384e-01 2.570e-01 8.238e-04 2.222e-04 2.016e-03 -1.000 4.581e-03 9.099 10.189 11.865 8.948
0.0045 -0.53140 7.05001 0.1568626314 1.5228835309    0.157 -1.661  3.4873  4.196    0  0.000  0.545     0.00     0.00     0.00     0.00     0.00 -1 -5.58e-15      0.00 7.384e-01 2.570e-01 8.238e-04 2.222e-04 2.016e-03 -1.000 4.581e-03 8.924 9.952 11.544 8.735
0.0045 -0.53140 7.05001 0.1614086926 1.5436442023    0.161 -1.644  3.4891  4.199    0  0.000  0.545     0.00     0.00     0.00     0.00     0.00 -1  -5.7e-15      0.00 7.384e-01 2.570e-01 8.238e-04 2.222e-04 2.016e-03 -1.000 4.581e-03 8.881 9.894 11.464 8.683
0.0045 -0.53140 7.05001 0.1719709337 1.5890751053    0.172 -1.604  3.4929  4.201    0  0.000  0.545     0.00     0.00     0.00     0.00     0.00 -1 -6.01e-15      0.00 7.384e-01 2.570e-01 8.238e-04 2.222e-04 2.016e-03 -1.000 4.581e-03 8.781 9.764 11.293 8.564
0.0045 -0.53140 7.05001 0.1837781668 1.6357516215    0.184 -1.563  3.4968  4.204    0  0.000  0.545     0.00     0.00     0.00     0.00     0.00 -1 -6.42e-15      0.00 7.384e-01 2.570e-01 8.238e-04 2.222e-04 2.016e-03 -1.000 4.581e-03 8.677 9.629 11.118 8.442
0.0045 -0.53140 7.05001 0.1996870041 1.6928161539    0.200 -1.513  3.5017  4.210    0  0.000  0.545     0.00     0.00     0.00     0.00     0.00 -1 -6.86e-15      0.00 7.384e-01 2.570e-01 8.238e-04 2.222e-04 2.016e-03 -1.000 4.581e-03 8.552 9.467 10.907 8.295
0.0045 -0.53140 7.05001 0.2178437412 1.7511272427    0.218 -1.458  3.5072  4.215    0  0.000  0.545     0.00     0.00     0.00     0.00     0.00 -1 -7.42e-15      0.00 7.384e-01 2.570e-01 8.238e-04 2.222e-04 2.016e-03 -1.000 4.581e-03 8.414 9.289 10.679 8.135
0.0045 -0.53140 7.05001 0.2376502901 1.8079326417    0.238 -1.403  3.5129  4.220    0  0.000  0.545     0.00     0.00     0.00     0.00     0.00 -1 -8.01e-15      0.00 7.384e-01 2.570e-01 8.238e-04 2.222e-04 2.016e-03 -1.000 4.581e-03 8.277 9.112 10.451 7.975
0.0045 -0.53140 7.05001 0.2528060973 1.8473969081    0.253 -1.365  3.5169  4.225    0  0.000  0.545     0.00     0.00     0.00     0.00     0.00 -1 -8.42e-15      0.00 7.384e-01 2.570e-01 8.238e-04 2.222e-04 2.016e-03 -1.000 4.581e-03 8.182 8.989 10.293 7.865
0.0045 -0.53140 7.05001 0.2809902430 1.9131959312    0.281 -1.299  3.5233  4.230    0  0.000  0.545     0.00     0.00     0.00     0.00     0.00 -1 -9.26e-15      0.00 7.384e-01 2.570e-01 8.238e-04 2.222e-04 2.016e-03 -1.000 4.581e-03 8.017 8.781 10.034 7.676
0.0045 -0.53140 7.05001 0.3000000119 1.9529139769    0.300 -1.258  3.5272  4.234    0  0.000  0.545     0.00     0.00     0.00     0.00     0.00 -1 -9.79e-15      0.00 7.384e-01 2.570e-01 8.238e-04 2.222e-04 2.016e-03 -1.000 4.581e-03 7.915 8.654 9.876 7.561
0.0045 -0.53140 7.05001 0.3278411031 2.0055285751    0.328 -1.205  3.5326  4.241    0  0.000  0.545     0.00     0.00     0.00     0.00     0.00 -1 -1.05e-14      0.00 7.384e-01 2.570e-01 8.238e-04 2.222e-04 2.016e-03 -1.000 4.581e-03 7.782 8.487 9.670 7.411
0.0045 -0.53140 7.05001 0.3499999642 2.0434174156    0.350 -1.164  3.5366  4.245    0  0.000  0.545     0.00     0.00     0.00     0.00     0.00 -1 -1.11e-14      0.00 7.384e-01 2.570e-01 8.238e-04 2.222e-04 2.016e-03 -1.000 4.581e-03 7.680 8.361 9.516 7.297
0.0045 -0.53140 7.05001 0.3806114793 2.0909149833    0.381 -1.114  3.5419  4.252    0  0.000  0.545     0.00     0.00     0.00     0.00     0.00 -1 -1.19e-14      0.00 7.384e-01 2.570e-01 8.238e-04 2.222e-04 2.016e-03 -1.000 4.581e-03 7.554 8.203 9.322 7.154
0.0045 -0.53140 7.05001 0.3999999762 2.1185023988    0.400 -1.083  3.5451  4.256    0  0.000  0.545     0.00     0.00     0.00     0.00     0.00 -1 -1.24e-14      0.00 7.384e-01 2.570e-01 8.238e-04 2.222e-04 2.016e-03 -1.000 4.581e-03 7.478 8.108 9.206 7.069
0.0045 -0.53140 7.05001 0.4411997199 2.1717431438    0.441 -1.022  3.5520  4.264    0  0.000  0.545     0.00     0.00     0.00     0.00     0.00 -1 -1.34e-14      0.00 7.384e-01 2.570e-01 8.238e-04 2.222e-04 2.016e-03 -1.000 4.581e-03 7.326 7.917 8.972 6.897
0.0045 -0.53140 7.05001 0.4499999881 2.1822809009    0.450 -1.010  3.5533  4.266    0  0.000  0.545     0.00     0.00     0.00     0.00     0.00 -1 -1.36e-14      0.00 7.384e-01 2.570e-01 8.238e-04 2.222e-04 2.016e-03 -1.000 4.581e-03 7.295 7.878 8.925 6.863
0.0045 -0.53140 7.05001 0.4813908339 2.2177929852    0.481 -0.968  3.5589  4.276    0  0.000  0.545     0.00     0.00     0.00     0.00     0.00 -1 -1.44e-14      0.00 7.384e-01 2.570e-01 8.238e-04 2.222e-04 2.016e-03 -1.000 4.581e-03 7.189 7.741 8.754 6.742
0.0045 -0.53140 7.05001 0.4999999404 2.2374540715    0.500 -0.943  3.5621  4.280    0  0.000  0.545     0.00     0.00     0.00     0.00     0.00 -1 -1.49e-14      0.00 7.384e-01 2.570e-01 8.238e-04 2.222e-04 2.016e-03 -1.000 4.581e-03 7.127 7.662 8.657 6.672
0.0045 -0.53140 7.05001 0.5057175756 2.2432716139    0.506 -0.936  3.5632  4.283    0  0.000  0.545     0.00     0.00     0.00     0.00     0.00 -1  -1.5e-14      0.00 7.384e-01 2.570e-01 8.238e-04 2.222e-04 2.016e-03 -1.000 4.581e-03 7.110 7.639 8.628 6.652
0.0045 -0.53140 7.05001 0.5306062698 2.2669241740    0.530 -0.904  3.5677  4.289    0  0.000  0.545     0.00     0.00     0.00     0.00     0.00 -1 -1.56e-14      0.00 7.384e-01 2.570e-01 8.238e-04 2.222e-04 2.016e-03 -1.000 4.581e-03 7.029 7.534 8.498 6.560
0.0045 -0.53140 7.05001 0.5500000119 2.2836582633    0.550 -0.877  3.5709  4.291    0  0.000  0.545     0.00     0.00     0.00     0.00     0.00 -1 -1.63e-14      0.00 7.384e-01 2.570e-01 8.238e-04 2.222e-04 2.016e-03 -1.000 4.581e-03 6.962 7.450 8.398 6.486
0.0045 -0.53140 7.05001 0.5605492592 2.2922036700    0.560 -0.864  3.5730  4.294    0  0.000  0.545     0.00     0.00     0.00     0.00     0.00 -1 -1.66e-14      0.00 7.384e-01 2.570e-01 8.238e-04 2.222e-04 2.016e-03 -1.000 4.581e-03 6.930 7.407 8.344 6.449
0.0045 -0.53140 7.05001 0.5973114967 2.3192896887    0.597 -0.814  3.5802  4.301    0  0.000  0.545     0.00     0.00     0.00     0.00     0.00 -1 -1.78e-14      0.00 7.384e-01 2.570e-01 8.238e-04 2.222e-04 2.016e-03 -1.000 4.581e-03 6.806 7.250 8.153 6.311
0.0045 -0.53140 7.05001 0.5999999642 2.3211212854    0.600 -0.810  3.5808  4.301    0  0.000  0.545     0.00     0.00     0.00     0.00     0.00 -1  -1.8e-14      0.00 7.384e-01 2.570e-01 8.238e-04 2.222e-04 2.016e-03 -1.000 4.581e-03 6.796 7.238 8.138 6.299
0.0045 -0.53140 7.05001 0.6310935020 2.3410074053    0.631 -0.766  3.5880  4.308    0  0.000  0.545     0.00     0.00     0.00     0.00     0.00 -1 -1.93e-14      0.00 7.384e-01 2.570e-01 8.238e-04 2.222e-04 2.016e-03 -1.000 4.581e-03 6.685 7.094 7.961 6.175
0.0045 -0.53140 7.05001 0.6499999166 2.3520352771    0.650 -0.738  3.5923  4.310    0  0.000  0.545     0.00     0.00     0.00     0.00     0.00 -1 -2.02e-14      0.00 7.384e-01 2.570e-01 8.238e-04 2.222e-04 2.016e-03 -1.000 4.581e-03 6.616 7.008 7.857 6.100
0.0045 -0.53140 7.05001 0.6591864228 2.3571317858    0.659 -0.726  3.5947  4.313    0  0.000  0.545     0.00     0.00     0.00     0.00     0.00 -1 -2.05e-14      0.00 7.384e-01 2.570e-01 8.238e-04 2.222e-04 2.016e-03 -1.000 4.581e-03 6.584 6.966 7.805 6.064
0.0045 -0.53140 7.05001 0.6999999881 2.3779266974    0.700 -0.657  3.6063  4.317    0  0.000  0.545     0.00     0.00     0.00     0.00     0.00 -1 -2.32e-14      0.00 7.384e-01 2.570e-01 8.238e-04 2.222e-04 2.016e-03 -1.000 4.581e-03 6.413 6.751 7.542 5.877
0.0045 -0.53140 7.05001 0.7418331504 2.3965337494    0.742 -0.543  3.6428  4.374    0  0.000  0.539     0.00     0.00     0.00     0.00     0.00 -1 -2.75e-14      0.00 7.384e-01 2.570e-01 8.147e-04 2.220e-04 2.016e-03 -1.000 4.581e-03 6.126 6.317 6.956 5.543
0.0045 -0.53140 7.05001 0.7483875155 2.3992331269    0.748 -0.525  3.6484  4.383    0  0.000  0.538     0.00     0.00     0.00     0.00     0.00 -1 -2.83e-14      0.00 7.384e-01 2.570e-01 8.133e-04 2.220e-04 2.016e-03 -1.000 4.581e-03 6.082 6.247 6.862 5.491
0.0045 -0.53140 7.05001 0.7967749834 2.4175913256    0.797 -0.447  3.6589  4.374    0  0.000  0.538     0.00     0.00     0.00     0.00     0.00 -1  -3.3e-14      0.00 7.384e-01 2.570e-01 8.130e-04 2.219e-04 2.016e-03 -1.000 4.581e-03 5.888 6.010 6.583 5.285
0.0045 -0.53140 7.05001 0.8155200481 2.4240335750    0.815 -0.417  3.6637  4.373    0  0.000  0.538     0.00     0.00     0.00     0.00     0.00 -1 -3.49e-14      0.00 7.384e-01 2.570e-01 8.130e-04 2.219e-04 2.016e-03 -1.000 4.581e-03 5.813 5.918 6.475 5.206
0.0045 -0.53140 7.05001 0.8258416057 2.4274376242    0.825 -0.399  3.6665  4.372    0  0.000  0.538     0.00     0.00     0.00     0.00     0.00 -1 -3.61e-14      0.00 7.385e-01 2.570e-01 8.130e-04 2.219e-04 2.016e-03 -1.000 4.581e-03 5.768 5.863 6.410 5.159
0.0045 -0.53140 7.05001 0.8451624513 2.4335533786    0.845 -0.360  3.6728  4.368    0  0.000  0.538     0.00     0.00     0.00     0.00     0.00 -1 -3.91e-14      0.00 7.385e-01 2.570e-01 8.130e-04 2.219e-04 2.016e-03 -1.000 4.581e-03 5.671 5.745 6.271 5.057
0.0045 -0.53140 7.05001 0.8455009460 2.4336576629    0.845 -0.360  3.6729  4.368    0  0.000  0.538     0.00     0.00     0.00     0.00     0.00 -1 -3.92e-14      0.00 7.385e-01 2.570e-01 8.130e-04 2.219e-04 2.016e-03 -1.000 4.581e-03 5.669 5.743 6.269 5.055
0.0045 -0.53140 7.05001 0.8935499191 2.4475438855    0.893 -0.257  3.6904  4.359    0  0.000  0.538     0.00     0.00     0.00     0.00     0.00 -1 -4.87e-14      0.00 7.385e-01 2.569e-01 8.130e-04 2.219e-04 2.016e-03 -1.000 4.581e-03 5.412 5.431 5.906 4.787
0.0045 -0.53140 7.05001 0.9074024558 2.4512345571    0.907 -0.228  3.6954  4.357    0  0.000  0.538     0.00     0.00     0.00     0.00     0.00 -1 -5.17e-14      0.00 7.385e-01 2.569e-01 8.130e-04 2.219e-04 2.016e-03 -1.000 4.581e-03 5.340 5.347 5.809 4.714
0.0045 -0.53140 7.05001 0.9419373274 2.4598943945    0.941 -0.150  3.7088  4.349    0  0.000  0.538     0.00     0.00     0.00     0.00     0.00 -1 -6.12e-14      0.00 7.385e-01 2.569e-01 8.130e-04 2.219e-04 2.016e-03 -1.000 4.581e-03 5.145 5.122 5.550 4.520
0.0045 -0.53140 7.05001 0.9728334546 2.4670455661    0.972 -0.077  3.7210  4.339    0  0.000  0.538     0.00     0.00     0.00     0.00     0.00 -1  -7.2e-14      0.00 7.385e-01 2.569e-01 8.130e-04 2.219e-04 2.016e-03 -1.000 4.581e-03 4.963 4.918 5.318 4.343
0.0045 -0.53140 7.05001 0.9903249145 2.4708673939    0.990 -0.034  3.7281  4.332    0  0.000  0.538     0.00     0.00     0.00     0.00     0.00 -1 -7.96e-14      0.00 7.385e-01 2.569e-01 8.130e-04 2.219e-04 2.016e-03 -1.000 4.578e-03 4.854 4.798 5.183 4.238
0.0045 -0.53140 7.05001 1.0075460672 2.4744814646    1.007  0.010  3.7350  4.323    0  0.000  0.538     0.00     0.00     0.00     0.00     0.00 -1 -8.62e-14      0.00 7.385e-01 2.569e-01 8.130e-04 2.219e-04 2.016e-03 -1.000 4.578e-03 4.745 4.681 5.051 4.135
0.0045 -0.53140 7.05001 1.0387122631 2.4806730364    1.038  0.094  3.7477  4.304    0  0.000  0.538     0.00     0.00     0.00     0.00     0.00 -1 -1.01e-13      0.00 7.385e-01 2.569e-01 8.130e-04 2.219e-04 2.016e-03 -1.000 4.581e-03 4.536 4.459 4.803 3.941
0.0045 -0.53140 7.05001 1.0435863733 2.4816029619    1.043  0.107  3.7496  4.300    0  0.000  0.538     0.00     0.00     0.00     0.00     0.00 -1 -1.04e-13      0.00 7.385e-01 2.569e-01 8.130e-04 2.219e-04 2.016e-03 -1.000 4.581e-03 4.503 4.424 4.764 3.910
0.0045 -0.53140 7.05001 1.0663806200 2.4858223945    1.066  0.172  3.7587  4.280    0  0.000  0.538     0.00     0.00     0.00     0.00     0.00 -1 -1.18e-13      0.00 7.385e-01 2.569e-01 8.130e-04 2.219e-04 2.016e-03 -1.000 4.581e-03 4.340 4.255 4.576 3.761
0.0045 -0.53140 7.05001 1.0869520903 2.4894561741    1.086  0.234  3.7670  4.260    0  0.000  0.538     0.00     0.00     0.00     0.00     0.00 -1 -1.33e-13      0.00 7.385e-01 2.569e-01 8.130e-04 2.219e-04 2.016e-03 -1.000 4.581e-03 4.184 4.097 4.402 3.621
0.0045 -0.53140 7.05001 1.0870997906 2.4894816928    1.086  0.235  3.7671  4.260    0  0.000  0.538     0.00     0.00     0.00     0.00     0.00 -1 -1.34e-13      0.00 7.385e-01 2.569e-01 8.130e-04 2.219e-04 2.016e-03 -1.000 4.581e-03 4.183 4.096 4.400 3.620
0.0045 -0.53140 7.05001 1.1012645960 2.4918924706    1.100  0.279  3.7727  4.243    0  0.000  0.538     0.00     0.00     0.00     0.00     0.00 -1 -1.46e-13      0.00 7.385e-01 2.569e-01 8.130e-04 2.219e-04 2.016e-03 -1.000 4.581e-03 4.071 3.983 4.276 3.519
0.0045 -0.53140 7.05001 1.1230813265 2.4954691160    1.122  0.351  3.7814  4.215    0  0.000  0.538     0.00     0.00     0.00     0.00     0.00 -1  -1.7e-13      0.00 7.385e-01 2.569e-01 8.130e-04 2.219e-04 2.016e-03 -1.000 4.581e-03 3.893 3.802 4.079 3.358
0.0045 -0.53140 7.05001 1.1354873180 2.4974326128    1.135  0.392  3.7865  4.199    0  0.000  0.538     0.00     0.00     0.00     0.00     0.00 -1 -1.85e-13      0.00 7.385e-01 2.569e-01 8.129e-04 2.219e-04 2.016e-03 -1.000 4.581e-03 3.790 3.699 3.966 3.267
0.0045 -0.53140 7.05001 1.1495684385 2.4996022852    1.149  0.439  3.7923  4.181    0  0.000  0.538     0.00     0.00     0.00     0.00     0.00 -1 -2.04e-13      0.00 7.385e-01 2.569e-01 8.129e-04 2.219e-04 2.016e-03 -1.000 4.581e-03 3.674 3.583 3.839 3.164
0.0045 -0.53140 7.05001 1.1729520559 2.5030733213    1.172  0.512  3.8024  4.157    0  0.000  0.538     0.00     0.00     0.00     0.00     0.00 -1 -2.35e-13      0.00 7.385e-01 2.569e-01 8.129e-04 2.219e-04 2.016e-03 -1.000 4.581e-03 3.491 3.401 3.639 3.005
0.0045 -0.53140 7.05001 1.1838748455 2.5046407594    1.183  0.543  3.8073  4.149    0  0.000  0.538     0.00     0.00     0.00     0.00     0.00 -1 -2.49e-13      0.00 7.385e-01 2.569e-01 8.129e-04 2.219e-04 2.016e-03 -1.000 4.581e-03 3.412 3.324 3.552 2.939
0.0045 -0.53140 7.05001 1.1987223625 2.5067188163    1.198  0.583  3.8144  4.143    0  0.000  0.538     0.00     0.00     0.00     0.00     0.00 -1 -2.66e-13      0.00 7.385e-01 2.569e-01 8.129e-04 2.219e-04 2.016e-03 -1.000 4.581e-03 3.313 3.225 3.442 2.856
0.0045 -0.53140 7.05001 1.2211837769 2.5097523342    1.221  0.633  3.8258  4.146    0  0.000  0.538     0.00     0.00     0.00     0.00     0.00 -1 -2.82e-13      0.00 7.385e-01 2.569e-01 8.129e-04 2.219e-04 2.016e-03 -1.000 4.581e-03 3.187 3.101 3.299 2.758
0.0045 -0.53140 7.05001 1.2322621346 2.5112017713    1.232  0.655  3.8318  4.153    0  0.000  0.538     0.00     0.00     0.00     0.00     0.00 -1 -2.87e-13      0.00 7.385e-01 2.569e-01 8.129e-04 2.219e-04 2.016e-03 -1.000 4.581e-03 3.132 3.048 3.236 2.718
0.0045 -0.53140 7.05001 1.2364422083 2.5117409160    1.236  0.663  3.8343  4.156    0  0.000  0.538     0.00     0.00     0.00     0.00     0.00 -1 -2.88e-13      0.00 7.385e-01 2.569e-01 8.129e-04 2.219e-04 2.016e-03 -1.000 4.581e-03 3.112 3.028 3.213 2.704
0.0045 -0.53140 7.05001 1.2451466322 2.5128502617    1.245  0.674  3.8391  4.168    0  0.000  0.538     0.00     0.00     0.00     0.00     0.00 -1 -2.85e-13      0.00 7.385e-01 2.569e-01 8.129e-04 2.219e-04 2.016e-03 -1.000 4.581e-03 3.085 3.003 3.180 2.690
0.0045 -0.53140 7.05001 1.2806496620 2.5171959299    1.280  0.702  3.8582  4.228    0  0.000  0.538     0.00     0.00     0.00     0.00     0.00 -1  -2.6e-13      0.00 7.385e-01 2.569e-01 8.129e-04 2.219e-04 2.016e-03 -1.000 4.581e-03 3.015 2.940 3.089 2.669
0.0045 -0.53140 7.05001 1.2894163132 2.5182267123    1.289  0.707  3.8634  4.247    0  0.000  0.538     0.00     0.00     0.00     0.00     0.00 -1 -2.51e-13      0.00 7.385e-01 2.569e-01 8.129e-04 2.219e-04 2.016e-03 -1.000 4.581e-03 3.002 2.930 3.071 2.671
0.0045 -0.53140 7.05001 1.3156459332 2.5212166682    1.315  0.707  3.8738  4.297    0  0.000  0.538     0.00     0.00     0.00     0.00     0.00 -1  -2.2e-13      0.00 7.385e-01 2.569e-01 8.128e-04 2.219e-04 2.016e-03 -1.000 4.581e-03 3.001 2.936 3.064 2.701
0.0045 -0.53140 7.05001 1.3290373087 2.5226909434    1.329  0.706  3.8777  4.318    0  0.000  0.538     0.00     0.00     0.00     0.00     0.00 -1 -2.05e-13      0.00 7.385e-01 2.569e-01 8.127e-04 2.219e-04 2.016e-03 -1.000 4.581e-03 3.006 2.943 3.065 2.717
0.0045 -0.53140 7.05001 1.3418488503 2.5240697565    1.342  0.703  3.8806  4.337    0  0.000  0.538     0.00     0.00     0.00     0.00     0.00 -1 -1.92e-13      0.00 7.385e-01 2.569e-01 8.127e-04 2.219e-04 2.016e-03 -1.000 4.581e-03 3.012 2.952 3.070 2.732
0.0045 -0.53140 7.05001 1.3772248030 2.5277242873    1.377  0.716  3.8884  4.367    0  0.000  0.538     0.00     0.00     0.00     0.00     0.00 -1 -1.69e-13      0.00 7.385e-01 2.569e-01 8.127e-04 2.219e-04 2.016e-03 -1.000 4.581e-03 2.980 2.926 3.034 2.724
0.0045 -0.53140 7.05001 1.3774247169 2.5277443269    1.377  0.716  3.8885  4.367    0  0.000  0.538     0.00     0.00     0.00     0.00     0.00 -1 -1.69e-13      0.00 7.385e-01 2.569e-01 8.127e-04 2.219e-04 2.016e-03 -1.000 4.581e-03 2.980 2.925 3.033 2.724
0.0045 -0.53140 7.05001 1.4142705202 2.5313268257    1.414  0.750  3.8998  4.390    0  0.000  0.538     0.00     0.00     0.00     0.00     0.00 -1 -1.55e-13      0.00 7.385e-01 2.569e-01 8.125e-04 2.219e-04 2.016e-03 -1.000 4.581e-03 2.895 2.850 2.943 2.676
0.0045 -0.53140 7.05001 1.4258121252 2.5324053073    1.426  0.767  3.9042  4.393    0  0.000  0.538     0.00     0.00     0.00     0.00     0.00 -1 -1.53e-13      0.00 7.386e-01 2.569e-01 8.125e-04 2.219e-04 2.016e-03 -1.000 4.581e-03 2.852 2.812 2.898 2.648
0.0045 -0.53140 7.05001 1.4412004948 2.5338123882    1.441  0.791  3.9104  4.400    0  0.000  0.538     0.00     0.00     0.00     0.00     0.00 -1  -1.5e-13      0.00 7.386e-01 2.569e-01 8.125e-04 2.219e-04 2.016e-03 -1.000 4.581e-03 2.793 2.760 2.838 2.611
0.0045 -0.53140 7.05001 1.4741996527 2.5367161847    1.474  0.840  3.9235  4.413    0  0.000  0.538     0.00     0.00     0.00     0.00     0.00 -1 -1.43e-13      0.00 7.386e-01 2.569e-01 8.125e-04 2.219e-04 2.016e-03 -1.000 4.581e-03 2.670 2.656 2.717 2.539
0.0045 -0.53140 7.05001 1.4831703901 2.5374799306    1.483  0.853  3.9270  4.416    0  0.000  0.538     0.00     0.00     0.00     0.00     0.00 -1  -1.4e-13      0.00 7.386e-01 2.569e-01 8.125e-04 2.219e-04 2.016e-03 -1.000 4.581e-03 2.638 2.629 2.686 2.521
0.0045 -0.53140 7.05001 1.5200567245 2.5405116870    1.520  0.902  3.9405  4.432    0  0.000  0.538     0.00     0.00     0.00     0.00     0.00 -1 -1.26e-13      0.00 7.386e-01 2.568e-01 8.125e-04 2.219e-04 2.016e-03 -1.000 4.581e-03 2.514 2.536 2.577 2.458
0.0045 -0.53140 7.05001 1.5225870609 2.5407134771    1.522  0.905  3.9413  4.433    0  0.000  0.538     0.00     0.00     0.00     0.00     0.00 -1 -1.25e-13      0.00 7.386e-01 2.568e-01 8.125e-04 2.219e-04 2.016e-03 -1.000 4.581e-03 2.507 2.531 2.571 2.455
0.0045 -0.53140 7.05001 1.5709745884 2.5444289269    1.571  0.960  3.9554  4.448    0  0.000  0.538     0.00     0.00     0.00     0.00     0.00 -1  -9.9e-14      0.00 7.386e-01 2.568e-01 8.125e-04 2.219e-04 2.016e-03 -1.000 4.581e-03 2.371 2.437 2.464 2.387
0.0045 -0.53140 7.05001 1.6193619967 2.5478901813    1.619  1.008  3.9685  4.465    0  0.000  0.538     0.00     0.00     0.00     0.00     0.00 -1 -6.46e-14      0.00 7.386e-01 2.568e-01 8.125e-04 2.219e-04 2.015e-03 -1.000 4.581e-03 2.251 2.363 2.378 2.334
0.0045 -0.53140 7.05001 1.6462260485 2.5497111237    1.645  1.033  3.9751  4.474    0  0.000  0.538     0.00     0.00     0.00     0.00     0.00 -1 -2.61e-17      0.00 7.386e-01 2.568e-01 8.125e-04 2.218e-04 2.015e-03 -1.000 4.577e-03 2.187 2.325 2.336 2.306
0.0045 -0.53140 7.05001 1.6677495241 2.5511214867    1.667  1.056  3.9802  4.476    0  0.000  0.538     0.00     0.00     0.00     0.00     0.00 -1 -5.51e-20      0.00 7.387e-01 2.568e-01 8.125e-04 2.218e-04 2.015e-03 -1.000 4.574e-03 2.130 2.287 2.295 2.275
0.0045 -0.53140 7.05001 1.7161370516 2.5541441388    1.715  1.107  3.9912  4.482    0  0.000  0.537     0.00     0.00     0.00     0.00     0.00 -1    -1e-30      0.00 7.387e-01 2.568e-01 8.124e-04 2.218e-04 2.015e-03 -1.000 4.514e-03 2.002 2.207 2.207 2.208
0.0045 -0.53140 7.05001 1.7645244598 2.5569769339    1.763  1.157  4.0018  4.487    0  0.000  0.538     0.00     0.00     0.00     0.00     0.00 -1    -1e-30      0.00 7.386e-01 2.568e-01 8.124e-04 2.218e-04 2.015e-03 -1.000 4.581e-03 1.879 2.130 2.124 2.143
0.0045 -0.53140 7.05001 1.8143253326 2.5597117749    1.813  1.204  4.0119  4.492    0  0.000  0.538     0.00     0.00     0.00     0.00     0.00 -1    -1e-30      0.00 7.386e-01 2.568e-01 8.124e-04 2.219e-04 2.015e-03 -1.000 4.581e-03 1.759 2.058 2.046 2.081
0.0045 -0.53140 7.05001 1.8641264439 2.5622792652    1.863  1.251  4.0216  4.496    0  0.000  0.538     0.00     0.00     0.00     0.00     0.00 -1    -1e-30      0.00 7.386e-01 2.568e-01 8.124e-04 2.219e-04 2.015e-03 -1.000 4.581e-03 1.642 1.988 1.972 2.021
0.0045 -0.53140 7.05001 1.9139275551 2.5646937055    1.913  1.297  4.0310  4.499    0  0.000  0.538     0.00     0.00     0.00     0.00     0.00 -1    -1e-30      0.00 7.386e-01 2.568e-01 8.123e-04 2.219e-04 2.015e-03 -1.000 4.581e-03 1.528 1.920 1.899 1.961
0.0045 -0.53140 7.05001 1.9637286663 2.5669678549    1.963  1.340  4.0398  4.502    0  0.000  0.538     0.00     0.00     0.00     0.00     0.00 -1    -1e-30      0.00 7.387e-01 2.568e-01 8.123e-04 2.218e-04 2.015e-03 -1.000 4.573e-03 1.419 1.856 1.832 1.904
0.0045 -0.53140 7.05001 2.0135295391 2.5691131108    2.013  1.382  4.0483  4.505    0  0.000  0.538     0.00     0.00     0.00     0.00     0.00 -1    -1e-30      0.00 7.387e-01 2.568e-01 8.123e-04 2.218e-04 2.015e-03 -1.000 4.581e-03 1.314 1.794 1.766 1.848
0.0045 -0.53140 7.05001 2.0633306503 2.5711397217    2.063  1.423  4.0563  4.506    0  0.000  0.538     0.00     0.00     0.00     0.00     0.00 -1    -1e-30      0.00 7.387e-01 2.567e-01 8.123e-04 2.218e-04 2.015e-03 -1.000 4.581e-03 1.212 1.734 1.703 1.794
0.0045 -0.53140 7.05001 2.1131315231 2.5730568631    2.112  1.463  4.0641  4.508    0  0.000  0.538     0.00     0.00     0.00     0.00     0.00 -1    -1e-30      0.00 7.387e-01 2.567e-01 8.123e-04 2.218e-04 2.015e-03 -1.000 4.566e-03 1.111 1.675 1.641 1.740
0.0045 -0.53140 7.05001 2.1629328728 2.5748728496    2.162  1.503  4.0717  4.509    0  0.000  0.538     0.00     0.00     0.00     0.00     0.00 -1    -1e-30      0.00 7.387e-01 2.567e-01 8.123e-04 2.218e-04 2.015e-03 -1.000 4.578e-03 1.013 1.617 1.581 1.687
0.0045 -0.53140 7.05001 2.2127337456 2.5765951351    2.211  1.540  4.0786  4.510    0  0.000  0.538     0.00     0.00     0.00     0.00     0.00 -1    -1e-30      0.00 7.387e-01 2.567e-01 8.123e-04 2.218e-04 2.015e-03 -1.000 4.581e-03 0.921 1.562 1.523 1.637
0.0045 -0.53140 7.05001 2.2625348568 2.5782305270    2.261  1.576  4.0855  4.510    0  0.000  0.538     0.00     0.00     0.00     0.00     0.00 -1    -1e-30      0.00 7.387e-01 2.567e-01 8.124e-04 2.218e-04 2.015e-03 -1.000 4.581e-03 0.829 1.508 1.466 1.586
0.0045 -0.53140 7.05001 2.3123357296 2.5797851659    2.311  1.612  4.0921  4.510    0  0.000  0.538     0.00     0.00     0.00     0.00     0.00 -1    -1e-30      0.00 7.387e-01 2.567e-01 8.123e-04 2.218e-04 2.015e-03 -1.000 4.581e-03 0.740 1.455 1.411 1.537
0.0045 -0.53140 7.05001 2.3621368408 2.5812646664    2.361  1.646  4.0982  4.510    1  0.000  0.538     0.00     0.00     0.00     0.00     0.00 -1    -1e-30      0.00 7.387e-01 2.567e-01 8.124e-04 2.218e-04 2.015e-03 -1.000 4.581e-03 0.654 1.403 1.357 1.489
0.0045 -0.53140 7.05001 2.4119379520 2.5826741251    2.411  1.681  4.1046  4.510    0  0.000  0.538     0.00     0.00     0.00     0.00     0.00 -1    -1e-30      0.00 7.387e-01 2.567e-01 8.125e-04 2.218e-04 2.015e-03 -1.000 4.573e-03 0.568 1.352 1.304 1.442
0.0045 -0.53140 7.05001 2.6111419201 2.5876990578    2.611  1.808  4.1268  4.506    1  0.000  0.538     0.00     0.00     0.00     0.00     0.00 -1    -1e-30      0.00 7.385e-01 2.569e-01 8.131e-04 2.219e-04 2.017e-03 -1.000 4.581e-03 0.250 1.159 1.104 1.262
0.0045 -0.53140 7.05001 2.8103461266 2.5919137601    2.810  1.925  4.1463  4.498    1  0.000  0.538     0.00     0.00     0.00     0.00     0.00 -1    -1e-30      0.00 7.385e-01 2.569e-01 8.131e-04 2.219e-04 2.017e-03 -1.000 4.581e-03 -0.044 0.976 0.915 1.090
0.0045 -0.53140 7.05001 3.0095503330 2.5954933738    3.009  2.034  4.1640  4.490    1  0.000  0.538     0.00     0.00     0.00     0.00     0.00 -1    -1e-30      0.00 7.385e-01 2.569e-01 8.131e-04 2.219e-04 2.017e-03 -1.000 4.581e-03 -0.316 0.806 0.740 0.930
0.0045 -0.53140 7.05001 3.2087545395 2.5985667500    3.208  2.136  4.1813  4.485    1  0.000  0.538     0.00     0.00     0.00     0.00     0.00 -1    -1e-30      0.00 7.385e-01 2.569e-01 8.131e-04 2.219e-04 2.017e-03 -1.000 4.581e-03 -0.571 0.653 0.581 0.786
0.0045 -0.53140 7.05001 3.4079587460 2.6012306511    3.406  2.231  4.1966  4.477    1  0.000  0.538     0.00     0.00     0.00     0.00     0.00 -1    -1e-30      0.00 7.385e-01 2.569e-01 8.131e-04 2.219e-04 2.017e-03 -1.000 4.581e-03 -0.808 0.506 0.429 0.648
0.0045 -0.53140 7.05001 3.6071624756 2.6035590558    3.605  2.320  4.2092  4.464    1  0.000  0.538     0.00     0.00     0.00     0.00     0.00 -1    -1e-30      0.00 7.385e-01 2.569e-01 8.131e-04 2.219e-04 2.017e-03 -1.000 4.581e-03 -1.030 0.359 0.279 0.508
0.0045 -0.53140 7.05001 3.8063669205 2.6056094485    3.804  2.404  4.2221  4.455    1  0.000  0.538     0.00     0.00     0.00     0.00     0.00 -1    -1e-30      0.00 7.385e-01 2.569e-01 8.131e-04 2.219e-04 2.017e-03 -1.000 4.581e-03 -1.240 0.225 0.141 0.381
0.0045 -0.53140 7.05001 4.0055708885 2.6074270928    4.006  2.484  4.2356  4.451    1  0.000  0.538     0.00     0.00     0.00     0.00     0.00 -1    -1e-30      0.00 7.385e-01 2.569e-01 8.131e-04 2.219e-04 2.017e-03 -1.000 4.581e-03 -1.440 0.104 0.017 0.268
0.0045 -0.53140 7.05001 4.2047748566 2.6090481148    4.203  2.559  4.2469  4.442    1  0.000  0.538     0.00     0.00     0.00     0.00     0.00 -1    -1e-30      0.00 7.385e-01 2.569e-01 8.131e-04 2.219e-04 2.017e-03 -1.000 4.581e-03 -1.628 -0.016 -0.107 0.154
0.0045 -0.53140 7.05001 4.4039793015 2.6105016626    4.401  2.631  4.2573  4.432    1  0.000  0.538     0.00     0.00     0.00     0.00     0.00 -1    -1e-30      0.00 7.385e-01 2.569e-01 8.131e-04 2.219e-04 2.017e-03 -1.000 4.581e-03 -1.807 -0.134 -0.228 0.042
0.0045 -0.53140 7.05001 4.6031832695 2.6118114871    4.601  2.699  4.2676  4.424    1  0.000  0.538     0.00     0.00     0.00     0.00     0.00 -1    -1e-30      0.00 7.385e-01 2.569e-01 8.131e-04 2.219e-04 2.017e-03 -1.000 4.581e-03 -1.978 -0.245 -0.342 -0.063
0.0045 -0.53140 7.05001 4.8023877144 2.6129971422    4.800  2.765  4.2775  4.416    1  0.000  0.538     0.00     0.00     0.00     0.00     0.00 -1    -1e-30      0.00 7.385e-01 2.569e-01 8.131e-04 2.219e-04 2.017e-03 -1.000 4.581e-03 -2.142 -0.351 -0.450 -0.164
0.0045 -0.53140 7.05001 4.9785814285 2.6139554149    4.977  2.820  4.2858  4.410    1  0.000  0.538     0.00     0.00     0.00     0.00     0.00 -1    -1e-30      0.00 7.385e-01 2.569e-01 8.131e-04 2.219e-04 2.017e-03 -1.000 4.581e-03 -2.281 -0.441 -0.543 -0.249
0.0045 -0.53140 7.05001 5.0015921593 2.6140748452    5.001  2.828  4.2869  4.409    1  0.000  0.538     0.00     0.00     0.00     0.00     0.00 -1    -1e-30      0.00 7.385e-01 2.569e-01 8.131e-04 2.219e-04 2.017e-03 -1.000 4.581e-03 -2.299 -0.453 -0.555 -0.260
0.0045 -0.53140 7.05001 5.2007956505 2.6150581564    5.201  2.888  4.2958  4.402    1  0.000  0.538     0.00     0.00     0.00     0.00     0.00 -1    -1e-30      0.00 7.385e-01 2.569e-01 8.131e-04 2.219e-04 2.017e-03 -1.000 4.581e-03 -2.450 -0.551 -0.656 -0.354
0.0045 -0.53140 7.05001 5.3330960274 2.6156647421    5.333  2.926  4.3015  4.397    1  0.000  0.538     0.00     0.00     0.00     0.00     0.00 -1    -1e-30      0.00 7.385e-01 2.569e-01 8.131e-04 2.219e-04 2.017e-03 -1.000 4.581e-03 -2.546 -0.615 -0.721 -0.414
0.0045 -0.53140 7.05001 5.4000000954 2.6159585105    5.401  2.946  4.3044  4.394    1  0.000  0.538     0.00     0.00     0.00     0.00     0.00 -1    -1e-30      0.00 7.385e-01 2.569e-01 8.131e-04 2.219e-04 2.017e-03 -1.000 4.581e-03 -2.594 -0.647 -0.754 -0.445
0.0045 -0.53140 7.05001 5.5875058174 2.6167388890    5.588  2.998  4.3121  4.387    1  0.000  0.538     0.00     0.00     0.00     0.00     0.00 -1    -1e-30      0.00 7.385e-01 2.569e-01 8.131e-04 2.219e-04 2.017e-03 -1.000 4.581e-03 -2.726 -0.734 -0.843 -0.528
0.0045 -0.53140 7.05001 5.7750120163 2.6174612803    5.775  3.049  4.3195  4.380    1  0.000  0.538     0.00     0.00     0.00     0.00     0.00 -1    -1e-30      0.00 7.385e-01 2.569e-01 8.131e-04 2.219e-04 2.017e-03 -1.000 4.581e-03 -2.853 -0.819 -0.930 -0.608
0.0045 -0.53140 7.05001 5.9534001350 2.6181001931    5.953  3.096  4.3263  4.374    1  0.000  0.538     0.00     0.00     0.00     0.00     0.00 -1    -1e-30      0.00 7.385e-01 2.569e-01 8.131e-04 2.219e-04 2.017e-03 -1.000 4.581e-03 -2.971 -0.897 -1.011 -0.683
0.0045 -0.53140 7.05001 5.9625177383 2.6181316696    5.962  3.099  4.3267  4.373    1  0.000  0.538     0.00     0.00     0.00     0.00     0.00 -1    -1e-30      0.00 7.385e-01 2.569e-01 8.131e-04 2.219e-04 2.017e-03 -1.000 4.581e-03 -2.977 -0.901 -1.015 -0.687
0.0045 -0.53140 7.05001 6.1500234604 2.6187552663    6.149  3.147  4.3335  4.366    1  0.000  0.538     0.00     0.00     0.00     0.00     0.00 -1    -1e-30      0.00 7.385e-01 2.569e-01 8.131e-04 2.219e-04 2.017e-03 -1.000 4.581e-03 -3.096 -0.982 -1.097 -0.764
0.0045 -0.53140 7.05001 6.3197431564 2.6192831748    6.318  3.189  4.3395  4.360    1  0.000  0.538     0.00     0.00     0.00     0.00     0.00 -1    -1e-30      0.00 7.385e-01 2.569e-01 8.131e-04 2.219e-04 2.017e-03 -1.000 4.581e-03 -3.201 -1.053 -1.170 -0.832
0.0045 -0.53140 7.05001 6.3375296593 2.6193366199    6.336  3.193  4.3401  4.359    1  0.000  0.538     0.00     0.00     0.00     0.00     0.00 -1    -1e-30      0.00 7.385e-01 2.569e-01 8.131e-04 2.219e-04 2.017e-03 -1.000 4.581e-03 -3.212 -1.061 -1.178 -0.839
0.0045 -0.53140 7.05001 6.6101279259 2.6201145233    6.605  3.257  4.3492  4.349    1  0.000  0.538     0.00     0.00     0.00     0.00     0.00 -1    -1e-30      0.00 7.385e-01 2.569e-01 8.131e-04 2.219e-04 2.017e-03 -1.000 4.581e-03 -3.373 -1.171 -1.290 -0.944
0.0045 -0.53140 7.05001 6.9000468254 2.6208647769    6.893  3.323  4.3584  4.338    1  0.000  0.538     0.00     0.00     0.00     0.00     0.00 -1    -1e-30      0.00 7.385e-01 2.569e-01 8.131e-04 2.219e-04 2.017e-03 -1.000 4.581e-03 -3.539 -1.285 -1.407 -1.054
0.0045 -0.53140 7.05001 7.3608131409 2.6219184798    7.352  3.423  4.3719  4.321    1  0.000  0.538     0.00     0.00     0.00     0.00     0.00 -1    -1e-30      0.00 7.385e-01 2.569e-01 8.131e-04 2.219e-04 2.017e-03 -1.000 4.581e-03 -3.786 -1.459 -1.585 -1.220
0.0045 -0.53140 7.05001 7.8375759125 2.6228601690    7.828  3.520  4.3849  4.303    1  0.000  0.538     0.00     0.00     0.00     0.00     0.00 -1    -1e-30      0.00 7.385e-01 2.569e-01 8.131e-04 2.219e-04 2.017e-03 -1.000 4.581e-03 -4.031 -1.633 -1.762 -1.387
0.0045 -0.53140 7.05001 7.9292430878 2.6230263647    7.919  3.538  4.3872  4.299    1  0.000  0.538     0.00     0.00     0.00     0.00     0.00 -1    -1e-30      0.00 7.385e-01 2.569e-01 8.131e-04 2.219e-04 2.017e-03 -1.000 4.581e-03 -4.075 -1.665 -1.795 -1.418
0.0045 -0.53140 7.05001 8.5275974274 2.6240110265    8.513  3.652  4.4017  4.275    1  0.000  0.538     0.00     0.00     0.00     0.00     0.00 -1    -1e-30      0.00 7.385e-01 2.569e-01 8.131e-04 2.219e-04 2.017e-03 -1.000 4.581e-03 -4.360 -1.888 -2.019 -1.655
0.0045 -0.53140 7.05001 8.7751054764 2.6243734684    8.760  3.698  4.4073  4.264    1  0.000  0.538     0.00     0.00     0.00     0.00     0.00 -1    -1e-30      0.00 7.385e-01 2.569e-01 8.131e-04 2.219e-04 2.017e-03 -1.000 4.581e-03 -4.475 -1.966 -2.099 -1.729
0.0045 -0.53140 7.05001 8.8713703156 2.6245081690    8.856  3.715  4.4094  4.260    1  0.000  0.538     0.00     0.00     0.00     0.00     0.00 -1    -1e-30      0.00 7.385e-01 2.569e-01 8.131e-04 2.219e-04 2.017e-03 -1.000 4.581e-03 -4.517 -1.996 -2.129 -1.757
0.0045 -0.53140 7.05001 9.3255109787 2.6251007373    9.311  3.795  4.4186  4.239    1  0.000  0.538     0.00     0.00     0.00     0.00     0.00 -1    -1e-30      0.00 7.385e-01 2.569e-01 8.131e-04 2.219e-04 2.017e-03 -1.000 4.581e-03 -4.717 -2.138 -2.274 -1.893
0.0045 -0.53140 7.05001 9.7126350403 2.6255558715    9.699  3.861  4.4260  4.220    1  0.000  0.538     0.00     0.00     0.00     0.00     0.00 -1    -1e-30      0.00 7.385e-01 2.569e-01 8.131e-04 2.219e-04 2.017e-03 -1.000 4.581e-03 -4.882 -2.262 -2.401 -2.012
0.0045 -0.53140 7.05001 9.7734842300 2.6256236498    9.759  3.871  4.4271  4.217    1  0.000  0.538     0.00     0.00     0.00     0.00     0.00 -1    -1e-30      0.00 7.385e-01 2.569e-01 8.131e-04 2.219e-04 2.017e-03 -1.000 4.581e-03 -4.906 -2.284 -2.422 -2.033
0.0045 -0.53140 7.05001 10.2526578903 2.6261252209   10.237  3.947  4.4352  4.194    1  0.000  0.538     0.00     0.00     0.00     0.00     0.00 -1    -1e-30      0.00 7.385e-01 2.569e-01 8.131e-04 2.219e-04 2.017e-03 -1.000 4.581e-03 -5.098 -2.450 -2.591 -2.191
0.0045 -0.53140 7.05001 10.6501636505 2.6265021586   10.633  4.009  4.4414  4.173    1  0.000  0.538     0.00     0.00     0.00     0.00     0.00 -1    -1e-30      0.00 7.385e-01 2.569e-01 8.131e-04 2.219e-04 2.017e-03 -1.000 4.581e-03 -5.253 -2.584 -2.727 -2.319
0.0045 -0.53140 7.05001 10.9499301910 2.6267656945   10.931  4.055  4.4456  4.157    1  0.000  0.538     0.00     0.00     0.00     0.00     0.00 -1    -1e-30      0.00 7.385e-01 2.569e-01 8.131e-04 2.219e-04 2.017e-03 -1.000 4.581e-03 -5.366 -2.682 -2.826 -2.412
0.0045 -0.53140 7.05001 11.3067903519 2.6270585662   11.287  4.108  4.4502  4.135    1  0.000  0.538     0.00     0.00     0.00     0.00     0.00 -1    -1e-30      0.00 7.385e-01 2.569e-01 8.131e-04 2.219e-04 2.017e-03 -1.000 4.581e-03 -5.500 -2.798 -2.944 -2.523
0.0045 -0.53140 7.05001 11.5876932144 2.6272745677   11.566  4.150  4.4534  4.117    1  0.000  0.538     0.00     0.00     0.00     0.00     0.00 -1    -1e-30      0.00 7.385e-01 2.569e-01 8.131e-04 2.219e-04 2.017e-03 -1.000 4.581e-03 -5.605 -2.883 -3.031 -2.607
0.0045 -0.53140 7.05001 11.7205915451 2.6273726210   11.697  4.169  4.4548  4.109    1  0.000  0.538     0.00     0.00     0.00     0.00     0.00 -1 -1.56e-29      0.00 7.385e-01 2.569e-01 8.136e-04 2.220e-04 2.017e-03 -1.000 4.581e-03 -5.652 -2.922 -3.070 -2.645
0.0045 -0.53140 7.05001 12.2009963989 2.6277066705   12.171  4.236  4.4594  4.077    1  0.000  0.539     0.00     0.00     0.00     0.00     0.00 -1 -2.51e-25      0.00 7.385e-01 2.569e-01 8.155e-04 2.220e-04 2.016e-03 -1.000 4.581e-03 -5.820 -3.064 -3.213 -2.786
0.0045 -0.53140 7.05001 12.6476926804 2.6279912415   12.610  4.298  4.4627  4.044    1  0.000  0.541     0.00     0.00     0.00     0.00     0.00 -1 -1.51e-21      0.00 7.385e-01 2.569e-01 8.171e-04 2.220e-04 2.016e-03 -1.000 4.581e-03 -5.974 -3.198 -3.348 -2.920
0.0045 -0.53140 7.05001 13.0456008911 2.6282259495   13.001  4.352  4.4648  4.011    1  0.000  0.542     0.00     0.00     0.00     0.00     0.00 -1 -2.74e-18      0.00 7.385e-01 2.569e-01 8.186e-04 2.221e-04 2.016e-03 -1.000 4.581e-03 -6.111 -3.324 -3.474 -3.045
0.0045 -0.53140 7.05001 13.4326686859 2.6284389876   13.381  4.405  4.4660  3.975    1  0.000  0.543     0.00     0.00     0.00     0.00     0.00 -1 -3.31e-15      0.00 7.385e-01 2.569e-01 8.199e-04 2.221e-04 2.016e-03 -1.000 4.581e-03 -6.243 -3.454 -3.604 -3.174
0.0045 -0.53140 7.05001 13.4627513885 2.6284549558   13.411  4.409  4.4660  3.972    1  0.000  0.543     0.00     0.00     0.00     0.00     0.00 -1  -5.7e-15      0.00 7.385e-01 2.569e-01 8.200e-04 2.221e-04 2.016e-03 -1.000 4.581e-03 -6.254 -3.464 -3.615 -3.184
0.0045 -0.53140 7.05001 13.7647438049 2.6286108194   13.707  4.448  4.4664  3.944    1  0.000  0.543     0.00     0.00     0.00     0.00     0.00 -1 -4.42e-14      0.00 7.385e-01 2.569e-01 8.206e-04 2.221e-04 2.016e-03 -1.000 4.581e-03 -6.351 -3.563 -3.714 -3.283
0.0045 -0.53140 7.05001 14.2349214554 2.6288384151   14.168  4.508  4.4657  3.896    1  0.000  0.544     0.00     0.00     0.00     0.00     0.00 -1 -9.99e-13      0.00 7.385e-01 2.570e-01 8.214e-04 2.221e-04 2.016e-03 -1.000 4.581e-03 -6.501 -3.727 -3.878 -3.445
0.0045 -0.53140 7.05001 14.6553964615 2.6290277912   14.578  4.563  4.4632  3.844    1  0.000  0.544     0.00     0.00     0.00     0.00     0.00 -1 -1.48e-11      0.00 7.385e-01 2.570e-01 8.221e-04 2.222e-04 2.016e-03 -1.000 4.581e-03 -6.637 -3.885 -4.036 -3.602
0.0045 -0.53140 7.05001 15.0549983978 2.6291965383   14.968  4.614  4.4595  3.789    1  0.000  0.544     0.00     0.00     0.00     0.00     0.00 -1 -1.77e-10      0.00 7.385e-01 2.570e-01 8.228e-04 2.222e-04 2.016e-03 -1.000 4.581e-03 -6.765 -4.042 -4.193 -3.757
0.0045 -0.53140 7.05001 15.3378105164 2.6293098752   15.244  4.650  4.4556  3.745    1  0.000  0.545     0.00     0.00     0.00     0.00     0.00 -1 -9.91e-10      0.00 7.385e-01 2.570e-01 8.232e-04 2.222e-04 2.016e-03 -1.000 4.581e-03 -6.855 -4.159 -4.311 -3.873
0.0045 -0.53140 7.05001 15.4952068329 2.6293708950   15.396  4.669  4.4532  3.721    1  0.000  0.545     0.00     0.00     0.00     0.00     0.00 -1 -1.26e-09      0.00 7.385e-01 2.570e-01 8.233e-04 2.222e-04 2.016e-03 -1.000 4.581e-03 -6.903 -4.222 -4.374 -3.935
0.0045 -0.53140 7.05001 15.8283672333 2.6294954641   15.717  4.711  4.4463  3.661    1  0.000  0.545     0.00     0.00     0.00     0.00     0.00 -1 -2.04e-09      0.00 7.385e-01 2.570e-01 8.234e-04 2.222e-04 2.016e-03 -1.000 4.581e-03 -7.007 -4.368 -4.518 -4.083
0.0045 -0.53140 7.05001 16.1391181946 2.6296063391   16.016  4.749  4.4384  3.599    1  0.000  0.545     0.00     0.00     0.00     0.00     0.00 -1 -3.11e-09      0.00 7.384e-01 2.570e-01 8.235e-04 2.222e-04 2.016e-03 -1.000 4.581e-03 -7.103 -4.512 -4.659 -4.236
0.0045 -0.53140 7.05001 16.4088706970 2.6296986805   16.274  4.783  4.4301  3.539    1  0.000  0.545     0.00     0.00     0.00     0.00     0.00 -1 -4.36e-09      0.00 7.384e-01 2.570e-01 8.236e-04 2.222e-04 2.016e-03 -1.000 4.581e-03 -7.186 -4.647 -4.790 -4.379
0.0045 -0.53140 7.05001 16.6474456787 2.6297774879   16.502  4.814  4.4207  3.477    1  0.000  0.545     0.00     0.00     0.00     0.00     0.00 -1  -5.8e-09      0.00 7.384e-01 2.570e-01 8.236e-04 2.222e-04 2.016e-03 -1.000 4.581e-03 -7.264 -4.783 -4.922 -4.527
0.0045 -0.53140 7.05001 16.8916778564 2.6298555180   16.736  4.846  4.4118  3.415    1  0.000  0.545     0.00     0.00     0.00     0.00     0.00 -1 -7.78e-09      0.00 7.384e-01 2.570e-01 8.237e-04 2.222e-04 2.016e-03 -1.000 4.581e-03 -7.345 -4.923 -5.058 -4.680
0.0045 -0.53140 7.05001 17.0206260681 2.6298956786   16.859  4.863  4.4091  3.390    1  0.000  0.545     0.00     0.00     0.00     0.00     0.00 -1 -9.25e-09      0.00 7.384e-01 2.570e-01 8.237e-04 2.222e-04 2.016e-03 -1.000 4.581e-03 -7.388 -4.987 -5.121 -4.747
0.0045 -0.53140 7.05001 17.1417198181 2.6299327610   16.975  4.885  4.4217  3.421    1  0.000  0.545     0.00     0.00     0.00     0.00     0.00 -1 -1.34e-08      0.00 7.384e-01 2.570e-01 8.238e-04 2.222e-04 2.016e-03 -1.000 4.581e-03 -7.443 -4.972 -5.112 -4.717
0.0045 -0.53140 7.05001 17.1650733948 2.6299398433   16.997  4.894  4.4310  3.451    1  0.000  0.545     0.00     0.00     0.00     0.00     0.00 -1 -1.58e-08      0.00 7.384e-01 2.570e-01 8.238e-04 2.222e-04 2.016e-03 -1.000 4.581e-03 -7.464 -4.937 -5.081 -4.670
0.0045 -0.53140 7.05001 17.1746826172 2.6299427510   17.006  4.904  4.4414  3.482    1  0.000  0.545     0.00     0.00     0.00     0.00     0.00 -1 -1.87e-08      0.00 7.384e-01 2.570e-01 8.238e-04 2.222e-04 2.016e-03 -1.000 4.581e-03 -7.490 -4.897 -5.046 -4.615
0.0045 -0.53140 7.05001 17.1799907684 2.6299443557   17.011  4.918  4.4527  3.514    1  0.000  0.545     0.00     0.00     0.00     0.00     0.00 -1 -2.25e-08      0.00 7.384e-01 2.570e-01 8.238e-04 2.222e-04 2.016e-03 -1.000 4.581e-03 -7.525 -4.866 -5.020 -4.572
0.0045 -0.53140 7.05001 17.1822700500 2.6299450443   17.013  4.927  4.4599  3.533    1  0.000  0.545     0.00     0.00     0.00     0.00     0.00 -1 -2.53e-08      0.00 7.384e-01 2.570e-01 8.238e-04 2.222e-04 2.016e-03 -1.000 4.581e-03 -7.548 -4.858 -5.012 -4.566
0.0045 -0.53140 7.05001 17.1832160950 2.6299453301   17.014  4.931  4.4628  3.541    1  0.000  0.545     0.00     0.00     0.00     0.00     0.00 -1 -2.66e-08      0.00 7.384e-01 2.570e-01 8.238e-04 2.222e-04 2.016e-03 -1.000 4.581e-03 -7.557 -4.854 -5.008 -4.563
0.0045 -0.53140 7.05001 17.1868858337 2.6299464383   17.018  4.919  4.4468  3.489    2  0.000  0.545     0.00     0.00     0.00     0.00     0.00 -1 -2.21e-08      0.00 7.384e-01 2.570e-01 8.238e-04 2.222e-04 2.016e-03 -1.000 4.581e-03 -7.527 -4.902 -5.054 -4.613
0.0045 -0.53140 7.05001 17.1887035370 2.6299469870   17.019  4.919  4.4298  3.421    2  0.000  0.545     0.00     0.00     0.00     0.00     0.00 -1 -1.85e-08      0.00 7.384e-01 2.570e-01 8.238e-04 2.222e-04 2.016e-03 -1.000 4.581e-03 -7.528 -5.017 -5.160 -4.752
0.0045 -0.53140 7.05001 17.1905441284 2.6299475425   17.021  4.923  4.4072  3.327    2  0.000  0.545     0.00     0.00     0.00     0.00     0.00 -1 -1.48e-08      0.00 7.384e-01 2.570e-01 8.238e-04 2.222e-04 2.016e-03 -1.000 4.581e-03 -7.538 -5.161 -5.294 -4.925
0.0045 -0.53140 7.05001 17.1921024323 2.6299480127   17.022  4.928  4.3845  3.231    2  0.000  0.545     0.00     0.00     0.00     0.00     0.00 -1 -1.14e-08      0.00 7.384e-01 2.570e-01 8.238e-04 2.222e-04 2.016e-03 -1.000 4.581e-03 -7.549 -5.306 -5.435 -5.076
0.0045 -0.53140 7.05001 17.1935272217 2.6299484425   17.023  4.932  4.3610  3.133    2  0.000  0.545     0.00     0.00     0.00     0.00     0.00 -1 -8.49e-09      0.00 7.384e-01 2.570e-01 8.238e-04 2.222e-04 2.016e-03 -1.000 4.581e-03 -7.560 -5.364 -5.489 -5.134
0.0045 -0.53140 7.05001 17.1948604584 2.6299488446   17.025  4.935  4.3359  3.030    2  0.000  0.545     0.00     0.00     0.00     0.00     0.00 -1 -7.89e-08      0.00 7.384e-01 2.570e-01 8.238e-04 2.222e-04 2.016e-03 -1.000 4.581e-03 -7.567 -5.518 -5.637 -5.302
0.0045 -0.53140 7.05001 17.1961193085 2.6299492243   17.026  4.937  4.3089  2.920    2  0.000  0.545     0.00     0.00     0.00     0.00     0.00 -1 -7.25e-08      0.00 7.384e-01 2.570e-01 8.238e-04 2.222e-04 2.016e-03 -1.000 4.581e-03 -7.572 -5.672 -5.784 -5.469
0.0045 -0.53140 7.05001 17.1976146698 2.6299496751   17.027  4.939  4.2714  2.768    2  0.000  0.545     0.00     0.00     0.00     0.00     0.00 -1 -6.87e-08      0.00 7.384e-01 2.570e-01 8.238e-04 2.222e-04 2.016e-03 -1.000 4.581e-03 -7.577 -5.875 -5.976 -5.697
0.0045 -0.53140 7.05001 17.1990242004 2.6299501000   17.029  4.942  4.2309  2.603    2  0.000  0.545     0.00     0.00     0.00     0.00     0.00 -1 -1.42e-07      0.00 7.384e-01 2.570e-01 8.238e-04 2.222e-04 2.016e-03 -1.000 4.581e-03 -7.585 -6.109 -6.198 -5.955
0.0045 -0.53140 7.05001 17.2000904083 2.6299504214   17.030  4.945  4.1978  2.467    2  0.000  0.545     0.00     0.00     0.00     0.00     0.00 -1 -1.46e-07      0.00 7.384e-01 2.570e-01 8.238e-04 2.222e-04 2.016e-03 -1.000 4.581e-03 -7.594 -6.303 -6.382 -6.170
0.0045 -0.53140 7.05001 17.2011146545 2.6299507300   17.030  4.949  4.1648  2.331    2  0.000  0.545     0.00     0.00     0.00     0.00     0.00 -1 -1.39e-07      0.00 7.384e-01 2.570e-01 8.238e-04 2.222e-04 2.016e-03 -1.000 4.581e-03 -7.603 -6.495 -6.563 -6.383
0.0045 -0.53140 7.05001 17.2020874023 2.6299510231   17.031  4.953  4.1332  2.201    2  0.000  0.545     0.00     0.00     0.00     0.00     0.00 -1 -1.33e-07      0.00 7.384e-01 2.570e-01 8.238e-04 2.222e-04 2.016e-03 -1.000 4.581e-03 -7.612 -6.678 -6.735 -6.589
0.0045 -0.53140 7.05001 17.2032451630 2.6299513719   17.032  4.957  4.0958  2.048    2  0.000  0.545     0.00     0.00     0.00     0.00     0.00 -1 -1.23e-07      0.00 7.384e-01 2.570e-01 8.238e-04 2.222e-04 2.016e-03 -1.000 4.581e-03 -7.623 -6.901 -6.947 -6.828
0.0045 -0.53140 7.05001 17.2043323517 2.6299516994   17.033  4.960  4.0617  1.908    2  0.000  0.545     0.00     0.00     0.00     0.00     0.00 -1 -1.25e-07      0.00 7.384e-01 2.570e-01 8.238e-04 2.222e-04 2.016e-03 -1.000 4.581e-03 -7.631 -7.079 -7.108 -7.042
0.0045 -0.53140 7.05001 17.2051525116 2.6299519465   17.033  4.962  4.0368  1.806    2  0.000  0.545     0.00     0.00     0.00     0.00     0.00 -1 -2.71e-07      0.00 7.384e-01 2.570e-01 8.238e-04 2.222e-04 2.016e-03 -1.000 4.581e-03 -7.635 -7.212 -7.233 -7.189
0.0045 -0.53140 7.05001 17.2059383392 2.6299521831   17.033  4.964  4.0139  1.714    2  0.000  0.545     0.00     0.00     0.00     0.00     0.00 -1 -6.64e-07      0.00 7.384e-01 2.570e-01 8.238e-04 2.222e-04 2.016e-03 -1.000 4.581e-03 -7.639 -7.328 -7.341 -7.319
0.0045 -0.53140 7.05001 17.2066841125 2.6299524077   17.034  4.964  3.9931  1.629    2  0.000  0.545     0.00     0.00     0.00     0.00     0.00 -1 -6.38e-07      0.00 7.384e-01 2.570e-01 8.238e-04 2.222e-04 2.016e-03 -1.000 4.581e-03 -7.641 -7.429 -7.435 -7.432
0.0045 -0.53140 7.05001 17.2075653076 2.6299526730   17.034  4.965  3.9688  1.531    2  0.000  0.545     0.00     0.00     0.00     0.00     0.00 -1 -6.04e-07      0.00 7.384e-01 2.570e-01 8.238e-04 2.222e-04 2.016e-03 -1.000 4.581e-03 -7.643 -7.538 -7.536 -7.556
0.0045 -0.53140 7.05001 17.2083950043 2.6299529228   17.034  4.966  3.9460  1.440    2  0.000  0.545     0.00     0.00     0.00     0.00     0.00 -1 -5.73e-07      0.00 7.384e-01 2.570e-01 8.238e-04 2.222e-04 2.016e-03 -1.000 4.581e-03 -7.644 -7.617 -7.597 -7.670
0.0045 -0.53140 7.05001 17.2091693878 2.6299531559   17.034  4.966  3.9247  1.354    2  0.000  0.545     0.00     0.00     0.00     0.00     0.00 -1 -5.47e-07      0.00 7.384e-01 2.570e-01 8.238e-04 2.222e-04 2.016e-03 -1.000 4.581e-03 -7.645 -7.697 -7.669 -7.764
0.0045 -0.53140 7.05001 17.2097549438 2.6299533322   17.034  4.966  3.9086  1.290    2  0.000  0.545     0.00     0.00     0.00     0.00     0.00 -1 -5.27e-07      0.00 7.384e-01 2.570e-01 8.238e-04 2.222e-04 2.016e-03 -1.000 4.581e-03 -7.645 -7.742 -7.702 -7.831
0.0045 -0.53140 7.05001 17.2103157043 2.6299535009   17.034  4.966  3.8933  1.229    2  0.000  0.545     0.00     0.00     0.00     0.00     0.00 -1  -5.1e-07      0.00 7.384e-01 2.570e-01 8.238e-04 2.222e-04 2.016e-03 -1.000 4.581e-03 -7.645 -7.779 -7.730 -7.885
0.0045 -0.53140 7.05001 17.2108440399 2.6299536599   17.034  4.966  3.8789  1.171    2  0.000  0.545     0.00     0.00     0.00     0.00     0.00 -1 -4.95e-07      0.00 7.384e-01 2.570e-01 8.238e-04 2.222e-04 2.016e-03 -1.000 4.581e-03 -7.644 -7.801 -7.738 -7.933
0.0045 -0.53140 7.05001 17.2114753723 2.6299538499   17.034  4.965  3.8618  1.104    2  0.000  0.545     0.00     0.00     0.00     0.00     0.00 -1 -4.69e-07      0.00 7.384e-01 2.570e-01 8.238e-04 2.222e-04 2.016e-03 -1.000 4.581e-03 -7.643 -7.816 -7.731 -7.986
0.0045 -0.53140 7.05001 17.2120590210 2.6299540255   17.035  4.964  3.8461  1.041    2  0.000  0.545     0.00     0.00     0.00     0.00     0.00 -1 -4.41e-07      0.00 7.384e-01 2.570e-01 8.238e-04 2.222e-04 2.016e-03 -1.000 4.581e-03 -7.641 -7.821 -7.710 -8.032
0.0045 -0.53140 7.05001 17.2125034332 2.6299541593   17.035  4.963  3.8341  0.994    2  0.000  0.545     0.00     0.00     0.00     0.00     0.00 -1 -4.21e-07      0.00 7.384e-01 2.570e-01 8.238e-04 2.222e-04 2.016e-03 -1.000 4.581e-03 -7.639 -7.821 -7.689 -8.066
0.0045 -0.53140 7.05001 17.2128696442 2.6299542694   17.037  4.963  3.8242  0.955    2  0.000  0.545     0.00     0.00     0.00     0.00     0.00 -1 -4.12e-07      0.00 7.384e-01 2.570e-01 8.238e-04 2.222e-04 2.016e-03 -1.000 4.581e-03 -7.637 -7.818 -7.666 -8.094
0.0045 -0.53140 7.05001 17.2135047913 2.6299544605   17.037  4.961  3.8077  0.891    2  0.000  0.545     0.00     0.00     0.00     0.00     0.00 -1 -3.92e-07      0.00 7.384e-01 2.570e-01 8.238e-04 2.222e-04 2.016e-03 -1.000 4.581e-03 -7.633 -7.810 -7.622 -8.138
0.0045 -0.53140 7.05001 17.2143058777 2.6299547015   17.038  4.959  3.7867  0.809    2  0.000  0.545     0.00     0.00     0.00     0.00     0.00 -1 -3.72e-07      0.00 7.384e-01 2.570e-01 8.238e-04 2.222e-04 2.016e-03 -1.000 4.581e-03 -7.628 -7.793 -7.555 -8.186
0.0045 -0.53140 7.05001 17.2153034210 2.6299550016   17.038  4.956  3.7609  0.709    2  0.000  0.545     0.00     0.00     0.00     0.00     0.00 -1 -3.44e-07      0.00 7.384e-01 2.570e-01 8.238e-04 2.222e-04 2.016e-03 -1.000 4.581e-03 -7.619 -7.756 -7.451 -8.229
0.0045 -0.53140 7.05001 17.2165527344 2.6299553773   17.039  4.949  3.7299  0.592    2  0.000  0.545     0.00     0.00     0.00     0.00     0.00 -1 -5.36e-07      0.00 7.384e-01 2.570e-01 8.238e-04 2.222e-04 2.016e-03 -1.000 4.581e-03 -7.602 -7.690 -7.304 -8.247
0.0045 -0.53140 7.05001 17.2177925110 2.6299557501   17.040  4.938  3.6984  0.477    2  0.000  0.545     0.00     0.00     0.00     0.00     0.00 -1 -5.49e-07      0.00 7.384e-01 2.570e-01 8.238e-04 2.222e-04 2.016e-03 -1.000 4.581e-03 -7.575 -7.590 -7.117 -8.228
0.0045 -0.53140 7.05001 17.2195243835 2.6299562707   17.041  4.914  3.6516  0.314    2  0.000  0.545     0.00     0.00     0.00     0.00     0.00 -1 -4.69e-07      0.00 7.384e-01 2.570e-01 8.238e-04 2.222e-04 2.016e-03 -1.000 4.581e-03 -7.515 -7.363 -6.717 -8.134
0.0045 -0.53140 7.05001 17.2210445404 2.6299567276   17.041  4.871  3.6261  0.255    2  0.000  0.545     0.00     0.00     0.00     0.00     0.00 -1 -3.41e-07      0.00 7.384e-01 2.570e-01 8.237e-04 2.222e-04 2.016e-03 -1.000 4.581e-03 -7.407 -7.116 -6.381 -7.948
0.0045 -0.53140 7.05001 17.2214336395 2.6299568446   17.042  4.873  3.6248  0.248    2  0.000  0.545     0.00     0.00     0.00     0.00     0.00 -1 -3.39e-07      0.00 7.384e-01 2.570e-01 8.237e-04 2.222e-04 2.016e-03 -1.000 4.581e-03 -7.411 -7.113 -6.372 -7.948
0.0045 -0.53140 7.05001 17.2218704224 2.6299569758   17.042  4.874  3.6234  0.240    2  0.000  0.545     0.00     0.00     0.00     0.00     0.00 -1 -3.37e-07      0.00 7.384e-01 2.570e-01 8.236e-04 2.222e-04 2.016e-03 -1.000 4.581e-03 -7.416 -7.109 -6.363 -7.947
0.0045 -0.53140 7.05001 17.2223587036 2.6299571225   17.042  4.877  3.6217  0.232    3  0.000  0.545   269.04   115.83    76.81    55.50    46.28  4 -3.34e-07      0.00 7.384e-01 2.570e-01 8.235e-04 2.223e-04 2.016e-03 -1.000 4.581e-03 -7.422 -7.104 -6.352 -7.947
0.0045 -0.53140 7.05001 17.2229042053 2.6299572864   17.042  4.879  3.6200  0.222    3  0.000  0.545   273.06   117.86    78.09    56.44    47.07  4 -3.32e-07      0.00 7.384e-01 2.570e-01 8.234e-04 2.223e-04 2.016e-03 -1.000 4.581e-03 -7.428 -7.099 -6.339 -7.947
0.0045 -0.53140 7.05001 17.2235126495 2.6299574692   17.043  4.883  3.6179  0.210    3  0.000  0.544   278.42   120.57    79.81    57.70    48.12  4  -3.3e-07      0.00 7.384e-01 2.570e-01 8.218e-04 2.236e-04 2.016e-03 -1.000 4.581e-03 -7.438 -7.096 -6.327 -7.950
0.0045 -0.53140 7.05001 17.2241935730 2.6299576738   17.043  4.895  3.6160  0.190    3  0.000  0.540   286.96   124.91    82.55    59.71    49.81  4 -3.34e-07      0.00 7.384e-01 2.570e-01 8.141e-04 2.297e-04 2.015e-03 -1.000 4.581e-03 -7.468 -7.114 -6.335 -7.973
0.0045 -0.53140 7.05001 17.2249546051 2.6299579024   17.044  4.909  3.6139  0.168    3  0.000  0.536   296.88   129.98    85.75    62.06    51.77  3 -3.39e-07      0.00 7.384e-01 2.570e-01 8.053e-04 2.366e-04 2.015e-03 -1.000 4.581e-03 -7.502 -7.133 -6.345 -7.999
0.0045 -0.53140 7.05001 17.2257022858 2.6299581270   17.044  4.922  3.6118  0.147    3  0.000  0.531   306.95   135.15    89.00    64.45    53.77  3 -3.43e-07      0.00 7.384e-01 2.570e-01 7.967e-04 2.434e-04 2.014e-03 -1.000 4.581e-03 -7.535 -7.153 -6.354 -8.024
0.0045 -0.53140 7.05001 17.2259902954 2.6299582135   17.044  4.931  3.6108  0.133    3  0.000  0.521   313.34   138.45    91.08    65.98    55.05  3 -3.63e-07      0.00 7.367e-01 2.587e-01 7.706e-04 2.921e-04 1.994e-03 -1.000 4.589e-03 -7.558 -7.169 -6.365 -8.044
0.0045 -0.53140 7.05001 17.2263069153 2.6299583086   17.045  4.942  3.6096  0.119    3  0.000  0.510   320.54   142.18    93.42    67.70    56.49  3 -3.86e-07      0.00 7.349e-01 2.605e-01 7.420e-04 3.457e-04 1.972e-03 -1.000 4.597e-03 -7.584 -7.187 -6.377 -8.065
0.0045 -0.53140 7.05001 17.2266674042 2.6299584168   17.045  4.952  3.6086  0.104    3  0.000  0.504   327.83   145.98    95.80    69.45    57.95  3 -4.14e-07      0.00 7.326e-01 2.628e-01 7.234e-04 3.893e-04 1.948e-03 -1.000 4.593e-03 -7.610 -7.204 -6.388 -8.086
0.0045 -0.53140 7.05001 17.2270660400 2.6299585366   17.045  4.962  3.6074  0.089    3  0.000  0.501   335.50   149.98    98.31    71.30    59.50  3 -4.47e-07      0.00 7.300e-01 2.654e-01 7.098e-04 4.288e-04 1.922e-03 -1.000 4.581e-03 -7.636 -7.223 -6.400 -8.108
0.0045 -0.53140 7.05001 17.2272758484 2.6299585996   17.045  4.969  3.6067  0.079    3  0.000  0.500   340.67   152.69   100.00    72.55    60.54  0  -4.7e-07      0.00 7.288e-01 2.667e-01 7.045e-04 4.456e-04 1.910e-03 -1.000 4.582e-03 -7.653 -7.234 -6.408 -8.122
0.0045 -0.53140 7.05001 17.2275085449 2.6299586694   17.045  4.977  3.6059  0.068    3  0.000  0.499   346.49   155.75   101.92    73.96    61.72  0 -4.98e-07      0.00 7.274e-01 2.680e-01 6.987e-04 4.643e-04 1.897e-03 -1.000 4.583e-03 -7.672 -7.248 -6.416 -8.138
0.0045 -0.53140 7.05001 17.2277698517 2.6299587479   17.045  4.981  3.6054  0.063    3  0.000  0.498   349.45   157.31   102.89    74.67    62.32  0 -5.15e-07      0.00 7.268e-01 2.686e-01 6.960e-04 4.727e-04 1.891e-03 -1.000 4.584e-03 -7.682 -7.253 -6.420 -8.145
0.0045 -0.53140 7.05001 17.2280597687 2.6299588349   17.045  4.982  3.6052  0.060    3  0.000  0.498   350.84   158.04   103.35    75.01    62.60  0 -5.24e-07      0.00 7.266e-01 2.688e-01 6.952e-04 4.754e-04 1.889e-03 -1.000 4.585e-03 -7.686 -7.256 -6.420 -8.148
0.0045 -0.53140 7.05001 17.2283878326 2.6299589334   17.045  4.984  3.6049  0.057    3  0.000  0.498   352.32   158.82   103.83    75.37    62.90  0 -5.31e-07      0.00 7.264e-01 2.691e-01 6.942e-04 4.784e-04 1.887e-03 -1.000 4.586e-03 -7.690 -7.258 -6.422 -8.152
0.0045 -0.53140 7.05001 17.2287540436 2.6299590434   17.046  4.986  3.6047  0.054    3  0.000  0.498   353.91   159.66   104.36    75.75    63.23  0  -5.4e-07      0.00 7.261e-01 2.693e-01 6.931e-04 4.817e-04 1.884e-03 -1.000 4.588e-03 -7.695 -7.261 -6.424 -8.155
0.0045 -0.53140 7.05001 17.2290859222 2.6299591430   17.046  4.988  3.6045  0.052    3  0.000  0.498   355.27   160.38   104.81    76.09    63.51  0 -5.47e-07      0.00 7.259e-01 2.695e-01 6.921e-04 4.848e-04 1.882e-03 -1.000 4.590e-03 -7.699 -7.264 -6.426 -8.159
0.0045 -0.53140 7.05001 17.2294578552 2.6299592547   17.046  4.990  3.6043  0.049    3  0.000  0.497   356.74   161.15   105.29    76.44    63.80  0 -5.56e-07      0.00 7.256e-01 2.698e-01 6.910e-04 4.882e-04 1.880e-03 -1.000 4.591e-03 -7.704 -7.268 -6.428 -8.163
0.0045 -0.53140 7.05001 17.2328853607 2.6299602834   17.048  4.987  3.6051  0.054    3  0.000  0.497   353.93   159.67   104.36    75.76    63.23  0 -5.52e-07      0.00 7.256e-01 2.698e-01 6.910e-04 4.881e-04 1.880e-03 -1.000 4.591e-03 -7.699 -7.268 -6.432 -8.161
0.0045 -0.53140 7.05001 17.2430877686 2.6299633426   17.054  4.979  3.6074  0.072    3  0.000  0.497   344.54   154.72   101.27    73.48    61.32  0 -5.33e-07      0.00 7.256e-01 2.698e-01 6.910e-04 4.881e-04 1.880e-03 -1.000 4.591e-03 -7.679 -7.264 -6.440 -8.151
0.0045 -0.53140 7.05001 17.2544536591 2.6299667458   17.061  4.972  3.6099  0.090    3  0.000  0.497   335.20   149.82    98.21    71.22    59.44  3 -5.15e-07      0.00 7.256e-01 2.698e-01 6.911e-04 4.880e-04 1.880e-03 -1.000 4.591e-03 -7.659 -7.263 -6.451 -8.142
0.0045 -0.53140 7.05001 17.2684993744 2.6299709443   17.070  4.965  3.6128  0.109    4  0.000  0.497     0.00     0.00     0.00     0.00     0.00 -1    -5e-07      0.00 7.256e-01 2.698e-01 6.911e-04 4.880e-04 1.880e-03 -1.000 4.591e-03 -7.641 -7.264 -6.466 -8.135
0.0045 -0.53140 7.05001 17.2890644073 2.6299770774   17.085  4.961  3.6169  0.129    4  0.000  0.497     0.00     0.00     0.00     0.00     0.00 -1 -4.94e-07      0.00 7.256e-01 2.698e-01 6.912e-04 4.879e-04 1.880e-03 -1.000 4.591e-03 -7.632 -7.282 -6.501 -8.142
0.0045 -0.53140 7.05001 17.3017635345 2.6299808563   17.094  4.960  3.6194  0.141    4  0.000  0.497     0.00     0.00     0.00     0.00     0.00 -1 -4.92e-07      0.00 7.256e-01 2.698e-01 6.912e-04 4.878e-04 1.880e-03 -1.000 4.591e-03 -7.630 -7.296 -6.526 -8.149
0.0045 -0.53140 7.05001 17.3320255280 2.6299898357   17.107  5.019  3.9509  1.408    5  0.000  0.497     0.00     0.00     0.00     0.00     0.00 -1 -2.32e-07      0.00 7.256e-01 2.698e-01 6.913e-04 4.876e-04 1.880e-03 -1.000 4.590e-03 -7.778 -7.731 -7.713 -7.781
0.0045 -0.53140 7.05001 17.3355731964 2.6299908860   17.109  5.023  3.9859  1.544    5  0.000  0.497     0.00     0.00     0.00     0.00     0.00 -1 -2.01e-07      0.00 7.256e-01 2.698e-01 6.913e-04 4.876e-04 1.880e-03 -1.000 4.591e-03 -7.787 -7.607 -7.611 -7.614
0.0045 -0.53140 7.05001 17.3373603821 2.6299914149   17.111  5.028  3.9970  1.583    5  0.000  0.497     0.00     0.00     0.00     0.00     0.00 -1 -2.12e-07      0.00 7.256e-01 2.698e-01 6.913e-04 4.876e-04 1.880e-03 -1.000 4.591e-03 -7.801 -7.570 -7.578 -7.571
0.0045 -0.53140 7.05001 17.3380622864 2.6299916226   17.111  5.033  4.0020  1.599    5  0.000  0.497     0.00     0.00     0.00     0.00     0.00 -1  -2.2e-07      0.00 7.256e-01 2.698e-01 6.913e-04 4.876e-04 1.880e-03 -1.000 4.590e-03 -7.812 -7.558 -7.567 -7.556
0.0045 -0.53140 7.05001 17.3384475708 2.6299917366   17.112  5.035  4.0063  1.613    5  0.000  0.497     0.00     0.00     0.00     0.00     0.00 -1 -2.24e-07      0.00 7.256e-01 2.698e-01 6.913e-04 4.876e-04 1.880e-03 -1.000 4.591e-03 -7.819 -7.544 -7.555 -7.540
0.0045 -0.53140 7.05001 17.3386268616 2.6299917897   17.112  5.037  4.0090  1.623    5  0.000  0.497     0.00     0.00     0.00     0.00     0.00 -1  -2.3e-07      0.00 7.256e-01 2.698e-01 6.913e-04 4.876e-04 1.880e-03 -1.000 4.590e-03 -7.822 -7.535 -7.546 -7.528
0.0045 -0.53140 7.05001 17.3388290405 2.6299918495   17.112  5.038  4.0132  1.638    5  0.000  0.497     0.00     0.00     0.00     0.00     0.00 -1 -2.33e-07      0.00 7.256e-01 2.698e-01 6.913e-04 4.876e-04 1.880e-03 -1.000 4.591e-03 -7.824 -7.517 -7.530 -7.509
0.0045 -0.53140 7.05001 17.3390541077 2.6299919161   17.112  5.038  4.0192  1.662    5  0.000  0.497     0.00     0.00     0.00     0.00     0.00 -1 -2.36e-07      0.00 7.256e-01 2.698e-01 6.913e-04 4.876e-04 1.880e-03 -1.000 4.591e-03 -7.826 -7.490 -7.505 -7.478
0.0045 -0.53140 7.05001 17.3393039703 2.6299919900   17.112  5.038  4.0269  1.693    5  0.000  0.497     0.00     0.00     0.00     0.00     0.00 -1 -2.41e-07      0.00 7.256e-01 2.698e-01 6.913e-04 4.876e-04 1.880e-03 -1.000 4.591e-03 -7.825 -7.452 -7.469 -7.435
0.0045 -0.53140 7.05001 17.3395862579 2.6299920735   17.112  5.038  4.0352  1.727    5  0.000  0.497     0.00     0.00     0.00     0.00     0.00 -1 -2.44e-07      0.00 7.256e-01 2.698e-01 6.913e-04 4.876e-04 1.880e-03 -1.000 4.591e-03 -7.824 -7.408 -7.429 -7.387
0.0045 -0.53140 7.05001 17.3398990631 2.6299921660   17.113  5.037  4.0434  1.760    5  0.000  0.497     0.00     0.00     0.00     0.00     0.00 -1 -2.49e-07      0.00 7.256e-01 2.698e-01 6.913e-04 4.876e-04 1.880e-03 -1.000 4.590e-03 -7.823 -7.366 -7.389 -7.340
0.0045 -0.53140 7.05001 17.3402500153 2.6299922698   17.113  5.037  4.0513  1.792    5  0.000  0.497     0.00     0.00     0.00     0.00     0.00 -1 -2.54e-07      0.00 7.256e-01 2.698e-01 6.913e-04 4.876e-04 1.880e-03 -1.000 4.591e-03 -7.822 -7.325 -7.351 -7.294
0.0045 -0.53140 7.05001 17.3406429291 2.6299923861   17.113  5.037  4.0591  1.823    5  0.000  0.497     0.00     0.00     0.00     0.00     0.00 -1 -2.59e-07      0.00 7.256e-01 2.698e-01 6.913e-04 4.876e-04 1.880e-03 -1.000 4.591e-03 -7.822 -7.284 -7.312 -7.248
0.0045 -0.53140 7.05001 17.3410816193 2.6299925158   17.113  5.037  4.0670  1.855    5  0.000  0.497     0.00     0.00     0.00     0.00     0.00 -1 -2.63e-07      0.00 7.256e-01 2.698e-01 6.913e-04 4.876e-04 1.880e-03 -1.000 4.590e-03 -7.822 -7.242 -7.273 -7.202
0.0045 -0.53140 7.05001 17.3415718079 2.6299926608   17.113  5.036  4.0749  1.887    5  0.000  0.497     0.00     0.00     0.00     0.00     0.00 -1 -2.69e-07      0.00 7.256e-01 2.698e-01 6.913e-04 4.876e-04 1.880e-03 -1.000 4.591e-03 -7.821 -7.206 -7.242 -7.153
0.0045 -0.53140 7.05001 17.3421192169 2.6299928227   17.114  5.036  4.0828  1.919    5  0.000  0.497     0.00     0.00     0.00     0.00     0.00 -1 -2.74e-07      0.00 7.256e-01 2.698e-01 6.913e-04 4.876e-04 1.880e-03 -1.000 4.590e-03 -7.820 -7.169 -7.211 -7.104
0.0045 -0.53140 7.05001 17.3427333832 2.6299930043   17.114  5.036  4.0905  1.950    5  0.000  0.497     0.00     0.00     0.00     0.00     0.00 -1 -2.79e-07      0.00 7.256e-01 2.698e-01 6.913e-04 4.876e-04 1.880e-03 -1.000 4.590e-03 -7.819 -7.126 -7.170 -7.056
0.0045 -0.53140 7.05001 17.3434181213 2.6299932068   17.115  5.035  4.0979  1.980    5  0.000  0.497     0.00     0.00     0.00     0.00     0.00 -1 -1.75e-07      0.00 7.256e-01 2.698e-01 6.913e-04 4.876e-04 1.880e-03 -1.000 4.590e-03 -7.817 -7.084 -7.131 -7.010
0.0045 -0.53140 7.05001 17.3441848755 2.6299934335   17.115  5.034  4.1050  2.009    5  0.000  0.497     0.00     0.00     0.00     0.00     0.00 -1 -1.78e-07      0.00 7.256e-01 2.698e-01 6.914e-04 4.876e-04 1.880e-03 -1.000 4.590e-03 -7.815 -7.043 -7.092 -6.964
0.0045 -0.53140 7.05001 17.3450393677 2.6299936861   17.116  5.033  4.1114  2.036    5  0.000  0.497     0.00     0.00     0.00     0.00     0.00 -1  -1.8e-07      0.00 7.256e-01 2.698e-01 6.914e-04 4.876e-04 1.880e-03 -1.000 4.590e-03 -7.813 -7.005 -7.056 -6.923
0.0045 -0.53140 7.05001 17.3459968567 2.6299939691   17.117  5.032  4.1172  2.060    5  0.000  0.497     0.00     0.00     0.00     0.00     0.00 -1 -1.82e-07      0.00 7.256e-01 2.698e-01 6.914e-04 4.876e-04 1.880e-03 -1.000 4.590e-03 -7.811 -6.969 -7.021 -6.885
0.0045 -0.53140 7.05001 17.3470668793 2.6299942854   17.118  5.031  4.1227  2.083    5  0.000  0.497     0.00     0.00     0.00     0.00     0.00 -1 -1.85e-07      0.00 7.256e-01 2.698e-01 6.914e-04 4.876e-04 1.880e-03 -1.000 4.590e-03 -7.808 -6.935 -6.988 -6.850
0.0045 -0.53140 7.05001 17.3482608795 2.6299946382   17.118  5.030  4.1278  2.104    5  0.000  0.497     0.00     0.00     0.00     0.00     0.00 -1 -1.87e-07      0.00 7.256e-01 2.698e-01 6.914e-04 4.876e-04 1.880e-03 -1.000 4.590e-03 -7.806 -6.903 -6.957 -6.816
0.0045 -0.53140 7.05001 17.3495960236 2.6299950327   17.120  5.030  4.1327  2.125    5  0.000  0.497     0.00     0.00     0.00     0.00     0.00 -1 -1.88e-07      0.00 7.256e-01 2.698e-01 6.914e-04 4.876e-04 1.880e-03 -1.000 4.590e-03 -7.804 -6.872 -6.928 -6.785
0.0045 -0.53140 7.05001 17.3527603149 2.6299959674   17.122  5.029  4.1415  2.161    5  0.000  0.497     0.00     0.00     0.00     0.00     0.00 -1 -1.92e-07      0.00 7.256e-01 2.698e-01 6.914e-04 4.875e-04 1.880e-03 -1.000 4.590e-03 -7.801 -6.819 -6.877 -6.729
0.0045 -0.53140 7.05001 17.3567085266 2.6299971330   17.125  5.028  4.1492  2.192    5  0.000  0.497     0.00     0.00     0.00     0.00     0.00 -1 -1.96e-07      0.00 7.256e-01 2.698e-01 6.914e-04 4.875e-04 1.880e-03 -1.000 4.590e-03 -7.801 -6.775 -6.836 -6.680
0.0045 -0.53140 7.05001 17.3667087555 2.6300000827   17.134  5.029  4.1642  2.252    5  0.000  0.497     0.00     0.00     0.00     0.00     0.00 -1 -2.04e-07      0.00 7.256e-01 2.698e-01 6.914e-04 4.875e-04 1.880e-03 -1.000 4.590e-03 -7.802 -6.697 -6.764 -6.586
0.0045 -0.53140 7.05001 17.3775119781 2.6300032649   17.142  5.030  4.1764  2.300    5  0.000  0.497     0.00     0.00     0.00     0.00     0.00 -1 -2.11e-07      0.00 7.256e-01 2.698e-01 6.915e-04 4.874e-04 1.880e-03 -1.000 4.590e-03 -7.804 -6.632 -6.704 -6.511
0.0045 -0.53140 7.05001 17.3908691406 2.6300071930   17.153  5.031  4.1877  2.344    5  0.000  0.497     0.00     0.00     0.00     0.00     0.00 -1  -2.2e-07      0.00 7.256e-01 2.698e-01 6.915e-04 4.873e-04 1.880e-03 -1.000 4.590e-03 -7.808 -6.574 -6.649 -6.446
0.0045 -0.53140 7.05001 17.4122810364 2.6300134755   17.169  5.033  4.2056  2.414    5  0.000  0.498     0.00     0.00     0.00     0.00     0.00 -1 -2.28e-07      0.00 7.256e-01 2.698e-01 6.916e-04 4.872e-04 1.880e-03 -1.000 4.590e-03 -7.814 -6.480 -6.561 -6.341
0.0045 -0.53140 7.05001 17.4529628754 2.6300253632   17.201  5.037  4.2147  2.448    5  0.000  0.498     0.00     0.00     0.00     0.00     0.00 -1 -2.37e-07      0.00 7.256e-01 2.698e-01 6.917e-04 4.870e-04 1.880e-03 -1.000 4.590e-03 -7.821 -6.437 -6.521 -6.294
0.0045 -0.53140 7.05001 17.4957637787 2.6300378015   17.234  5.040  4.2091  2.422    6  0.000  0.498     0.00     0.00     0.00     0.00     0.00 -1 -2.35e-07      0.00 7.256e-01 2.698e-01 6.918e-04 4.868e-04 1.881e-03 -1.000 4.590e-03 -7.831 -6.478 -6.560 -6.338
0.0045 -0.53140 7.05001 17.5437049866 2.6300516507   17.271  5.045  4.1994  2.380    6  0.000  0.498     0.00     0.00     0.00     0.00     0.00 -1 -2.37e-07      0.00 7.256e-01 2.698e-01 6.920e-04 4.866e-04 1.881e-03 -1.000 4.589e-03 -7.843 -6.543 -6.622 -6.408
0.0045 -0.53140 7.05001 17.6047744751 2.6300691669   17.318  5.051  4.1889  2.333    6  0.000  0.498     0.00     0.00     0.00     0.00     0.00 -1 -2.35e-07      0.00 7.256e-01 2.698e-01 6.922e-04 4.863e-04 1.881e-03 -1.000 4.589e-03 -7.857 -6.616 -6.692 -6.488
0.0045 -0.53140 7.05001 17.6806774139 2.6300907438   17.376  5.058  4.1773  2.281    6  0.000  0.498     0.00     0.00     0.00     0.00     0.00 -1 -2.38e-07      0.00 7.256e-01 2.699e-01 6.924e-04 4.859e-04 1.881e-03 -1.000 4.589e-03 -7.875 -6.698 -6.770 -6.577
0.0045 -0.53140 7.05001 17.7437305450 2.6301085066   17.424  5.064  4.1662  2.232    6  0.000  0.498     0.00     0.00     0.00     0.00     0.00 -1 -2.36e-07      0.00 7.255e-01 2.699e-01 6.926e-04 4.856e-04 1.881e-03 -1.000 4.588e-03 -7.889 -6.773 -6.841 -6.661
0.0045 -0.53140 7.05001 17.7985858917 2.6301238423   17.467  5.068  4.1545  2.182    6  0.000  0.498     0.00     0.00     0.00     0.00     0.00 -1 -2.33e-07      0.00 7.255e-01 2.699e-01 6.928e-04 4.853e-04 1.881e-03 -1.000 4.588e-03 -7.901 -6.847 -6.910 -6.747
0.0045 -0.53140 7.05001 17.8432998657 2.6301362627   17.501  5.072  4.1426  2.131    6  0.000  0.498     0.00     0.00     0.00     0.00     0.00 -1  -2.3e-07      0.00 7.255e-01 2.699e-01 6.929e-04 4.851e-04 1.882e-03 -1.000 4.588e-03 -7.911 -6.921 -6.979 -6.831
0.0045 -0.53140 7.05001 17.8822631836 2.6301470274   17.531  5.076  4.1305  2.080    6  0.000  0.498     0.00     0.00     0.00     0.00     0.00 -1 -2.27e-07      0.00 7.255e-01 2.699e-01 6.930e-04 4.849e-04 1.882e-03 -1.000 4.587e-03 -7.919 -7.000 -7.055 -6.914
0.0045 -0.53140 7.05001 17.9165382385 2.6301564524   17.557  5.078  4.1181  2.028    6  0.000  0.498     0.00     0.00     0.00     0.00     0.00 -1 -2.23e-07      0.00 7.255e-01 2.699e-01 6.931e-04 4.848e-04 1.882e-03 -1.000 4.587e-03 -7.926 -7.080 -7.132 -6.996
0.0045 -0.53140 7.05001 17.9456119537 2.6301644146   17.580  5.081  4.1055  1.976    6  0.000  0.498     0.00     0.00     0.00     0.00     0.00 -1 -2.34e-07      0.00 7.255e-01 2.699e-01 6.932e-04 4.846e-04 1.882e-03 -1.000 4.587e-03 -7.932 -7.157 -7.206 -7.078
0.0045 -0.53140 7.05001 17.9697170258 2.6301709937   17.595  5.083  4.0934  1.927    6  0.000  0.498     0.00     0.00     0.00     0.00     0.00 -1 -3.37e-07      0.00 7.255e-01 2.699e-01 6.933e-04 4.845e-04 1.882e-03 -1.000 4.587e-03 -7.936 -7.228 -7.273 -7.156
0.0045 -0.53140 7.05001 17.9929599762 2.6301773183   17.601  5.084  4.0789  1.867    6  0.000  0.498     0.00     0.00     0.00     0.00     0.00 -1  -5.2e-07      0.00 7.255e-01 2.699e-01 6.934e-04 4.844e-04 1.882e-03 -1.000 4.587e-03 -7.940 -7.309 -7.349 -7.248
0.0045 -0.53140 7.05001 18.0145778656 2.6301831838   17.602  5.086  4.0624  1.799    6  0.000  0.498     0.00     0.00     0.00     0.00     0.00 -1 -5.24e-07      0.00 7.255e-01 2.699e-01 6.934e-04 4.843e-04 1.882e-03 -1.000 4.587e-03 -7.944 -7.389 -7.418 -7.351
0.0045 -0.53140 7.05001 18.0334892273 2.6301883017   17.603  5.087  4.0458  1.732    6  0.000  0.498     0.00     0.00     0.00     0.00     0.00 -1 -5.19e-07      0.00 7.255e-01 2.699e-01 6.935e-04 4.842e-04 1.882e-03 -1.000 4.587e-03 -7.947 -7.477 -7.501 -7.450
0.0045 -0.53140 7.05001 18.0499572754 2.6301927484   17.604  5.088  4.0293  1.665    6  0.000  0.499     0.00     0.00     0.00     0.00     0.00 -1 -5.09e-07      0.00 7.255e-01 2.699e-01 6.936e-04 4.841e-04 1.882e-03 -1.000 4.587e-03 -7.949 -7.563 -7.582 -7.545
0.0045 -0.53140 7.05001 18.0641727448 2.6301965793   17.606  5.088  4.0128  1.599    6  0.000  0.499     0.00     0.00     0.00     0.00     0.00 -1 -5.01e-07      0.00 7.255e-01 2.699e-01 6.936e-04 4.840e-04 1.882e-03 -1.000 4.586e-03 -7.951 -7.646 -7.658 -7.637
0.0045 -0.53140 7.05001 18.0777931213 2.6302002433   17.608  5.089  3.9941  1.524    6  0.000  0.499     0.00     0.00     0.00     0.00     0.00 -1 -4.89e-07      0.00 7.255e-01 2.699e-01 6.936e-04 4.840e-04 1.882e-03 -1.000 4.586e-03 -7.952 -7.735 -7.741 -7.737
0.0045 -0.53140 7.05001 18.0879669189 2.6302029761   17.603  5.089  3.9763  1.452    6  0.000  0.499     0.00     0.00     0.00     0.00     0.00 -1 -1.23e-06      0.00 7.255e-01 2.699e-01 6.937e-04 4.839e-04 1.882e-03 -1.000 4.586e-03 -7.952 -7.815 -7.816 -7.827
0.0045 -0.53140 7.05001 18.0961303711 2.6302051662   17.600  5.087  3.9574  1.378    6  0.000  0.499     0.00     0.00     0.00     0.00     0.00 -1 -1.17e-06      0.00 7.255e-01 2.699e-01 6.937e-04 4.839e-04 1.882e-03 -1.000 4.586e-03 -7.948 -7.879 -7.867 -7.918
0.0045 -0.53140 7.05001 18.1035804749 2.6302071631   17.598  5.085  3.9385  1.305    6  0.000  0.499     0.00     0.00     0.00     0.00     0.00 -1 -1.11e-06      0.00 7.255e-01 2.699e-01 6.937e-04 4.839e-04 1.882e-03 -1.000 4.586e-03 -7.942 -7.946 -7.924 -8.001
0.0045 -0.53140 7.05001 18.1101322174 2.6302089175   17.596  5.087  3.9227  1.240    6  0.000  0.499     0.00     0.00     0.00     0.00     0.00 -1 -1.08e-06      0.00 7.255e-01 2.699e-01 6.937e-04 4.838e-04 1.882e-03 -1.000 4.586e-03 -7.946 -8.002 -7.970 -8.076
0.0045 -0.53140 7.05001 18.1174449921 2.6302108741   17.594  5.086  3.9022  1.158    6  0.000  0.499     0.00     0.00     0.00     0.00     0.00 -1 -1.03e-06      0.00 7.255e-01 2.699e-01 6.938e-04 4.838e-04 1.882e-03 -1.000 4.586e-03 -7.945 -8.058 -8.013 -8.156
0.0045 -0.53140 7.05001 18.1247043610 2.6302128146   17.594  5.083  3.8767  1.059    6  0.000  0.499     0.00     0.00     0.00     0.00     0.00 -1 -9.47e-07      0.00 7.255e-01 2.699e-01 6.938e-04 4.838e-04 1.882e-03 -1.000 4.586e-03 -7.938 -8.098 -8.033 -8.233
0.0045 -0.53140 7.05001 18.1316642761 2.6302146733   17.593  5.074  3.8514  0.967    6  0.000  0.499     0.00     0.00     0.00     0.00     0.00 -1 -8.49e-07      0.00 7.255e-01 2.699e-01 6.938e-04 4.837e-04 1.882e-03 -1.000 4.586e-03 -7.916 -8.096 -7.996 -8.291
0.0045 -0.53140 7.05001 18.1382637024 2.6302164343   17.593  5.075  3.8381  0.913    6  0.000  0.496     0.00     0.00     0.00     0.00     0.00 -1  -8.2e-07      0.00 7.255e-01 2.700e-01 6.906e-04 4.846e-04 1.882e-03 -1.000 4.586e-03 -7.917 -8.100 -7.977 -8.332
0.0045 -0.53140 7.05001 18.1445007324 2.6302180972   17.594  5.077  3.8301  0.879    6  0.000  0.493     0.00     0.00     0.00     0.00     0.00 -1 -8.13e-07      0.00 7.254e-01 2.700e-01 6.868e-04 4.883e-04 1.882e-03 -1.000 4.586e-03 -7.922 -8.106 -7.968 -8.361
0.0045 -0.53140 7.05001 18.1503829956 2.6302196643   17.594  5.077  3.8231  0.850    6  0.000  0.491     0.00     0.00     0.00     0.00     0.00 -1 -7.99e-07      0.00 7.254e-01 2.700e-01 6.835e-04 4.925e-04 1.881e-03 -1.000 4.586e-03 -7.924 -8.107 -7.954 -8.384
0.0045 -0.53140 7.05001 18.1559276581 2.6302211404   17.594  5.078  3.8160  0.821    6  0.000  0.489     0.00     0.00     0.00     0.00     0.00 -1 -7.86e-07      0.00 7.254e-01 2.701e-01 6.803e-04 4.965e-04 1.880e-03 -1.000 4.586e-03 -7.925 -8.107 -7.939 -8.406
0.0045 -0.53140 7.05001 18.1611423492 2.6302225277   17.594  5.079  3.8087  0.791    6  0.000  0.487     0.00     0.00     0.00     0.00     0.00 -1  -7.8e-07      0.00 7.253e-01 2.701e-01 6.773e-04 5.003e-04 1.880e-03 -1.000 4.586e-03 -7.926 -8.106 -7.921 -8.429
0.0045 -0.53140 7.05001 18.1660423279 2.6302238304   17.595  5.079  3.8011  0.761    6  0.000  0.485     0.00     0.00     0.00     0.00     0.00 -1 -7.68e-07      0.00 7.253e-01 2.701e-01 6.745e-04 5.040e-04 1.879e-03 -1.000 4.586e-03 -7.928 -8.104 -7.901 -8.451
0.0045 -0.53140 7.05001 18.1706390381 2.6302250518   17.595  5.079  3.7932  0.729    6  0.000  0.483     0.00     0.00     0.00     0.00     0.00 -1 -7.56e-07      0.00 7.253e-01 2.702e-01 6.718e-04 5.074e-04 1.878e-03 -1.000 4.586e-03 -7.929 -8.100 -7.878 -8.472
0.0045 -0.53140 7.05001 18.1749477386 2.6302261960   17.596  5.080  3.7849  0.695    6  0.000  0.481     0.00     0.00     0.00     0.00     0.00 -1 -7.44e-07      0.00 7.252e-01 2.702e-01 6.692e-04 5.106e-04 1.878e-03 -1.000 4.586e-03 -7.929 -8.095 -7.853 -8.493
0.0045 -0.53140 7.05001 18.1770000458 2.6302267408   17.596  5.080  3.7804  0.677    6  0.000  0.480     0.00     0.00     0.00     0.00     0.00 -1 -7.39e-07      0.00 7.252e-01 2.702e-01 6.680e-04 5.122e-04 1.878e-03 -1.000 4.586e-03 -7.930 -8.092 -7.839 -8.503
0.0045 -0.53140 7.05001 18.1789836884 2.6302272672   17.597  5.080  3.7759  0.659    6  0.000  0.479     0.00     0.00     0.00     0.00     0.00 -1 -7.27e-07      0.00 7.252e-01 2.702e-01 6.668e-04 5.137e-04 1.877e-03 -1.000 4.586e-03 -7.930 -8.087 -7.822 -8.513
0.0045 -0.53140 7.05001 18.1809043884 2.6302277768   17.597  5.080  3.7711  0.640    6  0.000  0.479     0.00     0.00     0.00     0.00     0.00 -1 -7.22e-07      0.00 7.252e-01 2.702e-01 6.657e-04 5.151e-04 1.877e-03 -1.000 4.586e-03 -7.930 -8.081 -7.803 -8.523
0.0045 -0.53140 7.05001 18.1827640533 2.6302282701   17.597  5.080  3.7661  0.620    6  0.000  0.478     0.00     0.00     0.00     0.00     0.00 -1 -7.11e-07      0.00 7.252e-01 2.702e-01 6.645e-04 5.166e-04 1.877e-03 -1.000 4.586e-03 -7.930 -8.075 -7.783 -8.532
0.0045 -0.53140 7.05001 18.1845607758 2.6302287466   17.597  5.080  3.7608  0.599    6  0.000  0.477     0.00     0.00     0.00     0.00     0.00 -1 -7.05e-07      0.00 7.252e-01 2.703e-01 6.635e-04 5.179e-04 1.877e-03 -1.000 4.586e-03 -7.929 -8.068 -7.763 -8.541
0.0045 -0.53140 7.05001 18.1863975525 2.6302292336   17.598  5.079  3.7548  0.575    6  0.000  0.476     0.00     0.00     0.00     0.00     0.00 -1 -6.89e-07      0.00 7.252e-01 2.703e-01 6.623e-04 5.194e-04 1.876e-03 -1.000 4.586e-03 -7.929 -8.059 -7.738 -8.549
0.0045 -0.53140 7.05001 18.1875457764 2.6302295379   17.598  5.079  3.7508  0.559    6  0.000  0.476     0.00     0.00     0.00     0.00     0.00 -1 -6.78e-07      0.00 7.251e-01 2.703e-01 6.617e-04 5.202e-04 1.876e-03 -1.000 4.586e-03 -7.928 -8.052 -7.721 -8.554
0.0045 -0.53140 7.05001 18.1886024475 2.6302298180   17.599  5.079  3.7468  0.544    6  0.000  0.475     0.00     0.00     0.00     0.00     0.00 -1 -6.73e-07      0.00 7.251e-01 2.703e-01 6.610e-04 5.211e-04 1.876e-03 -1.000 4.586e-03 -7.927 -8.045 -7.703 -8.558
0.0045 -0.53140 7.05001 18.1895008087 2.6302300561   17.599  5.078  3.7431  0.530    6  0.000  0.475     0.00     0.00     0.00     0.00     0.00 -1 -6.63e-07      0.00 7.251e-01 2.703e-01 6.605e-04 5.218e-04 1.876e-03 -1.000 4.586e-03 -7.926 -8.038 -7.687 -8.561
0.0045 -0.53140 7.05001 18.1906223297 2.6302303533   17.599  5.078  3.7383  0.511    6  0.000  0.474     0.00     0.00     0.00     0.00     0.00 -1 -6.58e-07      0.00 7.251e-01 2.703e-01 6.598e-04 5.226e-04 1.876e-03 -1.000 4.586e-03 -7.924 -8.028 -7.665 -8.563
0.0045 -0.53140 7.05001 18.1920223236 2.6302307242   17.599  5.076  3.7324  0.489    6  0.000  0.474     0.00     0.00     0.00     0.00     0.00 -1 -6.43e-07      0.00 7.251e-01 2.703e-01 6.589e-04 5.237e-04 1.876e-03 -1.000 4.586e-03 -7.920 -8.014 -7.634 -8.565
0.0045 -0.53140 7.05001 18.1934165955 2.6302310935   17.600  5.074  3.7271  0.470    6  0.000  0.473     0.00     0.00     0.00     0.00     0.00 -1 -6.28e-07      0.00 7.251e-01 2.703e-01 6.581e-04 5.248e-04 1.875e-03 -1.000 4.586e-03 -7.914 -7.997 -7.603 -8.563
0.0045 -0.53140 7.05001 18.1947975159 2.6302314592   17.600  5.070  3.7226  0.456    6  0.000  0.473     0.00     0.00     0.00     0.00     0.00 -1  -6.1e-07      0.00 7.251e-01 2.703e-01 6.572e-04 5.259e-04 1.875e-03 -1.000 4.586e-03 -7.905 -7.979 -7.572 -8.557
0.0045 -0.53140 7.05001 18.1969490051 2.6302320289   17.601  5.067  3.7182  0.441    6  0.000  0.472     0.00     0.00     0.00     0.00     0.00 -1 -5.92e-07      0.00 7.251e-01 2.703e-01 6.559e-04 5.276e-04 1.875e-03 -1.000 4.586e-03 -7.897 -7.962 -7.543 -8.552
0.0045 -0.53140 7.05001 18.1998004913 2.6302327837   17.602  5.066  3.7139  0.426    6  0.000  0.470     0.00     0.00     0.00     0.00     0.00 -1 -5.79e-07      0.00 7.251e-01 2.704e-01 6.541e-04 5.298e-04 1.875e-03 -1.000 4.586e-03 -7.894 -7.949 -7.517 -8.550
0.0045 -0.53140 7.05001 18.2061138153 2.6302344539   17.604  5.073  3.7081  0.395    6  0.000  0.463     0.00     0.00     0.00     0.00     0.00 -1 -5.92e-07      0.00 7.250e-01 2.704e-01 6.433e-04 5.379e-04 1.874e-03 -1.000 4.586e-03 -7.913 -7.955 -7.506 -8.571
0.0045 -0.53140 7.05001 18.2349624634 2.6302420688   17.612  5.068  3.6703  0.250    6  0.000  0.419     0.00     0.00     0.00     0.00     0.00 -1 -9.39e-07      0.00 7.223e-01 2.731e-01 5.794e-04 6.282e-04 1.852e-03 -1.000 4.617e-03 -7.899 -7.828 -7.247 -8.552
0.0045 -0.53140 7.05001 18.2353782654 2.6302421783   17.612  5.068  3.6673  0.237    6  0.000  0.417     0.00     0.00     0.00     0.00     0.00 -1 -9.35e-07      0.00 7.192e-01 2.762e-01 5.705e-04 6.559e-04 1.833e-03 -1.000 4.613e-03 -7.899 -7.816 -7.222 -8.550
0.0045 -0.53140 7.05001 18.2357444763 2.6302422748   17.613  5.068  3.6644  0.226    6  0.000  0.415     0.00     0.00     0.00     0.00     0.00 -1 -9.28e-07      0.00 7.164e-01 2.790e-01 5.625e-04 6.805e-04 1.816e-03 -1.000 4.610e-03 -7.899 -7.804 -7.196 -8.547
0.0045 -0.53140 7.05001 18.2360782623 2.6302423628   17.613  5.067  3.6614  0.214    6  0.000  0.413     0.00     0.00     0.00     0.00     0.00 -1 -9.19e-07      0.00 7.138e-01 2.816e-01 5.552e-04 7.032e-04 1.801e-03 -1.000 4.607e-03 -7.898 -7.790 -7.169 -8.543
0.0045 -0.53140 7.05001 18.2364425659 2.6302424587   17.613  5.067  3.6575  0.199    6  0.000  0.410     0.00     0.00     0.00     0.00     0.00 -1 -9.08e-07      0.00 7.110e-01 2.844e-01 5.473e-04 7.279e-04 1.784e-03 -1.000 4.604e-03 -7.897 -7.771 -7.133 -8.535
0.0045 -0.53140 7.05001 18.2366905212 2.6302425240   17.612  5.066  3.6545  0.188    6  0.000  0.409     0.00     0.00     0.00     0.00     0.00 -1    -9e-07      0.00 7.090e-01 2.864e-01 5.418e-04 7.448e-04 1.772e-03 -1.000 4.602e-03 -7.895 -7.754 -7.106 -8.526
0.0045 -0.53140 7.05001 18.2369461060 2.6302425914   17.613  5.065  3.6510  0.175    7  0.000  0.407   296.41   129.55    85.54    61.83    51.59  3 -8.88e-07      0.00 7.071e-01 2.883e-01 5.362e-04 7.620e-04 1.760e-03 -1.000 4.600e-03 -7.893 -7.734 -7.074 -8.514
0.0045 -0.53140 7.05001 18.2372093201 2.6302426607   17.612  5.064  3.6468  0.159    7  0.000  0.406   303.69   133.28    87.89    63.56    53.04  3 -8.73e-07      0.00 7.050e-01 2.904e-01 5.305e-04 7.799e-04 1.748e-03 -1.000 4.597e-03 -7.890 -7.709 -7.034 -8.500
0.0045 -0.53140 7.05001 18.2374839783 2.6302427330   17.613  5.062  3.6417  0.140    7  0.000  0.404   312.67   137.90    90.80    65.69    54.82  3 -8.56e-07      0.00 7.029e-01 2.925e-01 5.244e-04 7.986e-04 1.735e-03 -1.000 4.595e-03 -7.886 -7.678 -6.986 -8.481
0.0045 -0.53140 7.05001 18.2376270294 2.6302427707   17.613  5.061  3.6387  0.129    7  0.000  0.403   317.90   140.60    92.50    66.94    55.87  3 -8.48e-07      0.00 7.018e-01 2.936e-01 5.213e-04 8.083e-04 1.729e-03 -1.000 4.594e-03 -7.883 -7.660 -6.956 -8.469
0.0045 -0.53140 7.05001 18.2377738953 2.6302428094   17.613  5.060  3.6354  0.117    7  0.000  0.402   323.83   143.68    94.43    68.36    57.05  3 -8.38e-07      0.00 7.007e-01 2.947e-01 5.181e-04 8.183e-04 1.722e-03 -1.000 4.592e-03 -7.880 -7.637 -6.922 -8.455
0.0045 -0.53140 7.05001 18.2379226685 2.6302428486   17.613  5.058  3.6317  0.105    7  0.000  0.401   330.33   147.05    96.55    69.92    58.36  3 -8.25e-07      0.00 6.995e-01 2.959e-01 5.148e-04 8.285e-04 1.715e-03 -1.000 4.591e-03 -7.875 -7.612 -6.883 -8.439
0.0045 -0.53140 7.05001 18.2380771637 2.6302428893   17.613  5.056  3.6277  0.091    7  0.000  0.400   337.38   150.73    98.85    71.61    59.78  0 -8.08e-07      0.00 6.983e-01 2.971e-01 5.115e-04 8.389e-04 1.708e-03 -1.000 4.590e-03 -7.869 -7.582 -6.838 -8.419
0.0045 -0.53140 7.05001 18.2382354736 2.6302429310   17.613  5.053  3.6235  0.077    7  0.000  0.399   344.46   154.44   101.17    73.32    61.20  0  -7.9e-07      0.00 6.971e-01 2.983e-01 5.080e-04 8.496e-04 1.700e-03 -1.000 4.588e-03 -7.861 -7.549 -6.788 -8.396
0.0045 -0.53140 7.05001 18.2383956909 2.6302429732   17.613  5.049  3.6193  0.065    7  0.000  0.398   351.35   158.06   103.44    74.98    62.60  0 -7.71e-07      0.00 6.959e-01 2.996e-01 5.045e-04 8.605e-04 1.693e-03 -1.000 4.587e-03 -7.851 -7.513 -6.736 -8.371
0.0045 -0.53140 7.05001 18.2385635376 2.6302430174   17.613  5.044  3.6149  0.051    7  0.000  0.397   358.76   161.96   105.87    76.78    64.10  0 -7.47e-07      0.00 6.946e-01 3.009e-01 5.008e-04 8.720e-04 1.685e-03 -1.000 4.586e-03 -7.841 -7.474 -6.678 -8.343
0.0045 -0.53140 7.05001 18.2387390137 2.6302430636   17.613  5.041  3.6098  0.034    7  0.000  0.397   368.34   167.03   109.04    79.11    66.05  0 -7.29e-07      0.00 6.938e-01 3.016e-01 4.986e-04 8.787e-04 1.680e-03 -1.000 4.586e-03 -7.832 -7.432 -6.615 -8.315
0.0045 -0.53140 7.05001 18.2389163971 2.6302431103   17.613  5.037  3.6044  0.016    7  0.000  0.396   378.60   172.49   112.43    81.61    68.15  0 -7.09e-07      0.00 6.930e-01 3.024e-01 4.965e-04 8.853e-04 1.676e-03 -1.000 4.586e-03 -7.823 -7.386 -6.543 -8.282
0.0045 -0.53140 7.05001 18.2391014099 2.6302431590   17.613  5.033  3.5999  0.003    7  0.000  0.395   386.75   176.84   115.14    83.61    69.82  0  -6.9e-07      0.00 6.922e-01 3.032e-01 4.944e-04 8.921e-04 1.671e-03 -1.000 4.586e-03 -7.813 -7.344 -6.481 -8.253
0.0045 -0.53140 7.05001 18.2392749786 2.6302432047   17.613  5.031  3.5974 -0.006    7  0.000  0.395   391.78   179.53   116.82    84.84    70.85  0 -6.68e-07      0.00 6.915e-01 3.039e-01 4.923e-04 8.985e-04 1.666e-03 -1.000 4.586e-03 -7.808 -7.320 -6.444 -8.236
0.0045 -0.53140 7.05001 18.2394485474 2.6302432504   17.613  5.032  3.5955 -0.014    7  0.000  0.394   396.70   182.17   118.45    86.05    71.86  0 -6.61e-07      0.00 6.907e-01 3.047e-01 4.903e-04 9.049e-04 1.662e-03 -1.000 4.585e-03 -7.810 -7.308 -6.423 -8.229
0.0045 -0.53140 7.05001 18.2396411896 2.6302433012   17.613  5.038  3.5932 -0.029    7  0.000  0.393   405.94   187.14   121.54    88.33    73.77  0 -6.59e-07      0.00 6.899e-01 3.055e-01 4.879e-04 9.121e-04 1.657e-03 -1.000 4.586e-03 -7.824 -7.306 -6.409 -8.233
0.0045 -0.53140 7.05001 18.2398357391 2.6302433524   17.613  5.066  3.5898 -0.071    7  0.000  0.393   433.46   202.06   130.78    95.15    79.48  0 -6.76e-07      0.00 6.891e-01 3.063e-01 4.856e-04 9.192e-04 1.652e-03 -1.000 4.586e-03 -7.896 -7.351 -6.436 -8.289
0.0045 -0.53140 7.05001 18.2399501801 2.6302433825   17.614  5.085  3.5879 -0.097    7  0.000  0.391   451.20   211.77   136.77    99.58    83.19  0 -7.66e-07      0.00 6.886e-01 3.068e-01 4.820e-04 9.251e-04 1.649e-03 -1.000 4.585e-03 -7.942 -7.381 -6.453 -8.325
0.0045 -0.53140 7.05001 18.2400321960 2.6302434041   17.613  5.095  3.5869 -0.112    7  0.000  0.389   461.30   217.33   140.20   102.11    85.31  0 -8.37e-07      0.00 6.882e-01 3.072e-01 4.794e-04 9.296e-04 1.647e-03 -1.000 4.586e-03 -7.968 -7.397 -6.462 -8.346
0.0045 -0.53140 7.05001 18.2402057648 2.6302434498   17.614  5.107  3.5857 -0.129    7  0.000  0.388   473.81   224.24   144.45   105.26    87.95  0 -9.13e-07      0.00 6.875e-01 3.079e-01 4.761e-04 9.371e-04 1.643e-03 -1.000 4.586e-03 -7.999 -7.417 -6.472 -8.370
0.0045 -0.53140 7.05001 18.2408523560 2.6302436201   17.614  5.122  3.5842 -0.149    7  0.000  0.386   488.79   232.55   149.56   109.04    91.12  0 -9.97e-07      0.00 6.860e-01 3.094e-01 4.708e-04 9.513e-04 1.634e-03 -1.000 4.586e-03 -8.034 -7.438 -6.482 -8.398
0.0045 -0.53140 7.05001 18.2444076538 2.6302445559   17.614  5.146  3.5817 -0.184    7  0.000  0.383   515.82   247.66   158.83   115.91    96.87  0 -1.12e-06      0.00 6.845e-01 3.109e-01 4.633e-04 9.694e-04 1.624e-03 -1.000 4.589e-03 -8.096 -7.475 -6.495 -8.446
0.0045 -0.53140 7.05001 18.2463932037 2.6302450784   17.614  5.162  3.5800 -0.206    7  0.000  0.381   534.25   258.04   165.18   120.61   100.81  0 -1.21e-06      0.00 6.837e-01 3.117e-01 4.592e-04 9.805e-04 1.617e-03 -1.000 4.589e-03 -8.136 -7.500 -6.504 -8.479
0.0045 -0.53140 7.05001 18.2489547729 2.6302457522   17.614  5.184  3.5779 -0.237    7  0.000  0.380   559.84   272.55   174.04   127.19   106.32  0 -1.34e-06      0.00 6.825e-01 3.128e-01 4.555e-04 9.931e-04 1.607e-03 -1.000 4.609e-03 -8.190 -7.532 -6.515 -8.520
0.0045 -0.53140 7.05001 18.2522029877 2.6302466064   17.613  5.223  3.5741 -0.291    7  0.000  0.380   609.11   300.82   191.24   139.96   117.02  0 -1.63e-06      0.00 6.808e-01 3.146e-01 4.512e-04 1.011e-03 1.594e-03 -1.000 4.605e-03 -8.289 -7.590 -6.536 -8.594
0.0045 -0.53140 7.05001 18.2557506561 2.6302475389   17.613  5.248  3.5718 -0.325    7  0.000  0.380   641.34   319.51   202.57   148.39   124.09  0 -1.86e-06      0.00 6.779e-01 3.175e-01 4.471e-04 1.028e-03 1.579e-03 -1.000 4.581e-03 -8.349 -7.626 -6.549 -8.641
