Zini MH logAge Mini int_IMF Mass logL logTe logg label McoreTP C_O period0 period1 period2 period3 period4 pmode Mloss tau1m X Y Xc Xn Xo Cexcess Z mbolmag Gmag G_BPmag G_RPmag
0.0055 -0.44261 8.82001 0.0900000036 1.0816895926    0.090 -3.262  3.4090  5.242    0  0.000  0.545     0.00     0.00     0.00     0.00     0.00 -1 -5.54e-17      0.00 7.360e-01 2.585e-01 1.002e-03 2.703e-04 2.451e-03 -1.000 5.571e-03 12.924 14.686 17.676 13.216
0.0055 -0.44261 8.82001 0.0944680870 1.1231610574    0.094 -3.189  3.4196  5.232    0  0.000  0.545     0.00     0.00     0.00     0.00     0.00 -1 -6.47e-17      0.00 7.360e-01 2.585e-01 1.002e-03 2.703e-04 2.451e-03 -1.000 5.571e-03 12.742 14.479 17.414 13.016
0.0055 -0.44261 8.82001 0.1000000015 1.1711064122    0.100 -3.091  3.4338  5.217    0  0.000  0.545     0.00     0.00     0.00     0.00     0.00 -1 -8.01e-17      0.00 7.360e-01 2.585e-01 1.002e-03 2.703e-04 2.451e-03 -1.000 5.571e-03 12.499 14.084 16.720 12.662
0.0055 -0.44261 8.82001 0.1124280393 1.2672605197    0.112 -2.948  3.4519  5.196    0  0.000  0.545     0.00     0.00     0.00     0.00     0.00 -1 -1.08e-16      0.00 7.359e-01 2.585e-01 1.002e-03 2.703e-04 2.451e-03 -1.000 5.571e-03 12.139 13.541 15.848 12.172
0.0055 -0.44261 8.82001 0.1199999973 1.3193154249    0.120 -2.859  3.4626  5.179    0  0.000  0.545     0.00     0.00     0.00     0.00     0.00 -1  -1.3e-16      0.00 7.359e-01 2.586e-01 1.002e-03 2.703e-04 2.451e-03 -1.000 5.571e-03 11.919 13.212 15.319 11.879
0.0055 -0.44261 8.82001 0.1400000006 1.4384526719    0.140 -2.673  3.4820  5.137    0  0.000  0.545     0.00     0.00     0.00     0.00     0.00 -1 -1.94e-16      0.00 7.358e-01 2.586e-01 1.002e-03 2.703e-04 2.451e-03 -1.000 5.571e-03 11.453 12.558 14.343 11.294
0.0055 -0.44261 8.82001 0.1474321187 1.4772105669    0.147 -2.625  3.4869  5.131    0  0.000  0.545     0.00     0.00     0.00     0.00     0.00 -1 -2.13e-16      0.00 7.358e-01 2.586e-01 1.002e-03 2.703e-04 2.451e-03 -1.000 5.571e-03 11.332 12.389 14.098 11.144
0.0055 -0.44261 8.82001 0.1599999964 1.5372931554    0.160 -2.538  3.4949  5.112    0  0.000  0.545     0.00     0.00     0.00     0.00     0.00 -1 -2.54e-16      0.00 7.358e-01 2.586e-01 1.002e-03 2.703e-04 2.451e-03 -1.000 5.571e-03 11.116 12.099 13.694 10.885
0.0055 -0.44261 8.82001 0.1999999881 1.6938790356    0.200 -2.324  3.5129  5.066    0  0.000  0.545     0.00     0.00     0.00     0.00     0.00 -1 -3.91e-16      0.00 7.357e-01 2.587e-01 1.002e-03 2.703e-04 2.451e-03 -1.000 5.571e-03 10.579 11.414 12.796 10.265
0.0055 -0.44261 8.82001 0.2108752429 1.7295214316    0.211 -2.277  3.5164  5.056    0  0.000  0.545     0.00     0.00     0.00     0.00     0.00 -1 -4.29e-16      0.00 7.357e-01 2.587e-01 1.002e-03 2.703e-04 2.451e-03 -1.000 5.571e-03 10.462 11.270 12.615 10.133
0.0055 -0.44261 8.82001 0.2500000000 1.8403257998    0.250 -2.126  3.5276  5.024    0  0.000  0.545     0.00     0.00     0.00     0.00     0.00 -1 -5.79e-16      0.00 7.356e-01 2.588e-01 1.002e-03 2.703e-04 2.451e-03 -1.000 5.571e-03 10.085 10.812 12.055 9.713
0.0055 -0.44261 8.82001 0.3118827939 1.9761162088    0.312 -1.932  3.5398  4.975    0  0.000  0.545     0.00     0.00     0.00     0.00     0.00 -1 -8.57e-16      0.00 7.357e-01 2.587e-01 1.002e-03 2.703e-04 2.451e-03 -1.000 5.571e-03 9.600 10.250 11.400 9.189
0.0055 -0.44261 8.82001 0.3219697177 1.9949278895    0.322 -1.899  3.5416  4.964    0  0.000  0.545     0.00     0.00     0.00     0.00     0.00 -1 -9.21e-16      0.00 7.359e-01 2.586e-01 1.002e-03 2.703e-04 2.451e-03 -1.000 5.571e-03 9.518 10.158 11.296 9.102
0.0055 -0.44261 8.82001 0.3499999642 2.0434174156    0.350 -1.822  3.5472  4.945    0  0.000  0.545     0.00     0.00     0.00     0.00     0.00 -1 -1.08e-15      0.00 7.360e-01 2.585e-01 1.002e-03 2.703e-04 2.451e-03 -1.000 5.571e-03 9.324 9.931 11.032 8.891
0.0055 -0.44261 8.82001 0.3999999762 2.1185023988    0.400 -1.667  3.5584  4.892    0  0.000  0.545     0.00     0.00     0.00     0.00     0.00 -1 -1.53e-15      0.00 7.360e-01 2.585e-01 1.002e-03 2.703e-04 2.451e-03 -1.000 5.571e-03 8.937 9.480 10.511 8.473
0.0055 -0.44261 8.82001 0.4499999881 2.1822809009    0.450 -1.502  3.5723  4.834    0  0.000  0.545     0.00     0.00     0.00     0.00     0.00 -1 -2.26e-15      0.00 7.360e-01 2.585e-01 1.002e-03 2.703e-04 2.451e-03 -1.000 5.571e-03 8.525 8.994 9.947 8.028
0.0055 -0.44261 8.82001 0.4946859479 2.2319379466    0.495 -1.348  3.5878  4.784    0  0.000  0.545     0.00     0.00     0.00     0.00     0.00 -1 -3.25e-15      0.00 7.360e-01 2.585e-01 1.002e-03 2.703e-04 2.451e-03 -1.000 5.571e-03 8.140 8.537 9.416 7.611
0.0055 -0.44261 8.82001 0.5022365451 2.2397479107    0.502 -1.322  3.5907  4.776    0  0.000  0.545     0.00     0.00     0.00     0.00     0.00 -1 -3.45e-15      0.00 7.361e-01 2.583e-01 1.001e-03 2.701e-04 2.450e-03 -1.000 5.571e-03 8.076 8.459 9.325 7.541
0.0055 -0.44261 8.82001 0.5487847328 2.2826495299    0.548 -1.160  3.6139  4.744    0  0.000  0.545     0.00     0.00     0.00     0.00     0.00 -1    -5e-15      0.00 7.377e-01 2.567e-01 9.955e-04 2.686e-04 2.436e-03 -1.000 5.570e-03 7.669 7.963 8.735 7.101
0.0055 -0.44261 8.82001 0.5500000119 2.2836582633    0.550 -1.156  3.6145  4.744    0  0.000  0.545     0.00     0.00     0.00     0.00     0.00 -1 -5.04e-15      0.00 7.378e-01 2.567e-01 9.955e-04 2.686e-04 2.436e-03 -1.000 5.570e-03 7.659 7.951 8.721 7.091
0.0055 -0.44261 8.82001 0.5999999642 2.3211212854    0.600 -0.982  3.6405  4.712    0  0.000  0.545     0.00     0.00     0.00     0.00     0.00 -1 -7.44e-15      0.00 7.381e-01 2.564e-01 9.942e-04 2.682e-04 2.433e-03 -1.000 5.502e-03 7.225 7.421 8.088 6.629
0.0055 -0.44261 8.82001 0.6053757071 2.3247276244    0.605 -0.963  3.6434  4.709    0  0.000  0.545     0.00     0.00     0.00     0.00     0.00 -1 -7.76e-15      0.00 7.382e-01 2.563e-01 9.938e-04 2.681e-04 2.432e-03 -1.000 5.501e-03 7.178 7.362 8.016 6.579
0.0055 -0.44261 8.82001 0.6499999762 2.3520353107    0.650 -0.817  3.6690  4.696    0  0.000  0.545     0.00     0.00     0.00     0.00     0.00 -1 -1.07e-14      0.00 7.384e-01 2.561e-01 9.933e-04 2.680e-04 2.431e-03 -1.000 5.535e-03 6.812 6.897 7.449 6.189
0.0055 -0.44261 8.82001 0.6999999881 2.3779266974    0.700 -0.664  3.6957  4.682    0  0.000  0.545     0.00     0.00     0.00     0.00     0.00 -1 -1.49e-14      0.00 7.387e-01 2.558e-01 9.921e-04 2.677e-04 2.428e-03 -1.000 5.519e-03 6.429 6.431 6.903 5.791
0.0055 -0.44261 8.82001 0.7495123148 2.3996909141    0.750 -0.522  3.7197  4.666    1  0.000  0.538     0.00     0.00     0.00     0.00     0.00 -1 -2.03e-14      0.00 7.391e-01 2.553e-01 9.779e-04 2.670e-04 2.426e-03 -1.000 5.527e-03 6.076 6.026 6.437 5.442
0.0055 -0.44261 8.82001 0.7990245819 2.4183828323    0.799 -0.390  3.7396  4.641    1  0.000  0.538     0.00     0.00     0.00     0.00     0.00 -1 -2.73e-14      0.00 7.397e-01 2.548e-01 9.763e-04 2.665e-04 2.421e-03 -1.000 5.474e-03 5.745 5.668 6.034 5.127
0.0055 -0.44261 8.82001 0.8485368490 2.4345886963    0.848 -0.266  3.7575  4.614    1  0.000  0.538     0.00     0.00     0.00     0.00     0.00 -1 -3.64e-14      0.00 7.405e-01 2.541e-01 9.737e-04 2.659e-04 2.415e-03 -1.000 5.433e-03 5.435 5.344 5.673 4.842
0.0055 -0.44261 8.82001 0.8980491161 2.4487569484    0.897 -0.148  3.7729  4.582    1  0.000  0.537     0.00     0.00     0.00     0.00     0.00 -1 -4.82e-14      0.00 7.415e-01 2.531e-01 9.695e-04 2.649e-04 2.406e-03 -1.000 5.466e-03 5.140 5.044 5.342 4.576
0.0055 -0.44261 8.82001 0.9442896247 2.4604578060    0.944 -0.043  3.7854  4.549    1  0.000  0.537     0.00     0.00     0.00     0.00     0.00 -1 -6.21e-14      0.00 7.433e-01 2.513e-01 9.646e-04 2.634e-04 2.394e-03 -1.000 5.426e-03 4.878 4.782 5.055 4.343
0.0055 -0.44261 8.82001 0.9475613832 2.4612360964    0.947 -0.036  3.7862  4.547    1  0.000  0.537     0.00     0.00     0.00     0.00     0.00 -1 -6.32e-14      0.00 7.434e-01 2.512e-01 9.641e-04 2.633e-04 2.393e-03 -1.000 5.424e-03 4.859 4.764 5.035 4.327
0.0055 -0.44261 8.82001 0.9592275023 2.4639616183    0.959 -0.010  3.7891  4.538    1  0.000  0.537     0.00     0.00     0.00     0.00     0.00 -1 -6.74e-14      0.00 7.440e-01 2.506e-01 9.623e-04 2.628e-04 2.388e-03 -1.000 5.409e-03 4.795 4.700 4.965 4.269
0.0055 -0.44261 8.82001 0.9970737100 2.4723008218    0.997  0.072  3.7981  4.509    1  0.000  0.537     0.00     0.00     0.00     0.00     0.00 -1 -8.26e-14      0.00 7.460e-01 2.486e-01 9.557e-04 2.611e-04 2.372e-03 -1.000 5.366e-03 4.590 4.498 4.746 4.087
0.0055 -0.44261 8.82001 1.0465859175 2.4821702926    1.046  0.175  3.8090  4.471    1  0.000  0.537     0.00     0.00     0.00     0.00     0.00 -1 -9.97e-14      0.00 7.465e-01 2.482e-01 9.566e-04 2.614e-04 2.375e-03 -1.000 5.381e-03 4.332 4.243 4.472 3.858
0.0055 -0.44261 8.82001 1.0960983038 2.4910214938    1.095  0.274  3.8196  4.434    1  0.000  0.537     0.00     0.00     0.00     0.00     0.00 -1 -1.18e-13      0.00 7.466e-01 2.480e-01 9.565e-04 2.614e-04 2.376e-03 -1.000 5.398e-03 4.085 3.999 4.210 3.637
0.0055 -0.44261 8.82001 1.1052418947 2.4925566215    1.104  0.292  3.8216  4.428    1  0.000  0.537     0.00     0.00     0.00     0.00     0.00 -1 -1.21e-13      0.00 7.467e-01 2.479e-01 9.563e-04 2.613e-04 2.375e-03 -1.000 5.407e-03 4.040 3.955 4.163 3.598
0.0055 -0.44261 8.82001 1.1456104517 2.4989986192    1.145  0.368  3.8302  4.401    1  0.000  0.537     0.00     0.00     0.00     0.00     0.00 -1 -1.37e-13      0.00 7.468e-01 2.478e-01 9.562e-04 2.613e-04 2.375e-03 -1.000 5.419e-03 3.849 3.766 3.960 3.428
0.0055 -0.44261 8.82001 1.1951228380 2.5062204782    1.194  0.457  3.8411  4.375    1  0.000  0.537     0.00     0.00     0.00     0.00     0.00 -1 -1.54e-13      0.00 7.465e-01 2.482e-01 9.568e-04 2.615e-04 2.376e-03 -1.000 5.377e-03 3.627 3.547 3.724 3.234
0.0055 -0.44261 8.82001 1.2446351051 2.5127855629    1.244  0.542  3.8532  4.356    1  0.000  0.537     0.00     0.00     0.00     0.00     0.00 -1 -1.69e-13      0.00 7.468e-01 2.478e-01 9.556e-04 2.612e-04 2.374e-03 -1.000 5.385e-03 3.416 3.339 3.498 3.054
0.0055 -0.44261 8.82001 1.2941472530 2.5187763088    1.294  0.623  3.8672  4.348    1  0.000  0.537     0.00     0.00     0.00     0.00     0.00 -1  -1.8e-13      0.00 7.471e-01 2.475e-01 9.549e-04 2.609e-04 2.372e-03 -1.000 5.404e-03 3.213 3.142 3.280 2.890
0.0055 -0.44261 8.82001 1.3436598778 2.5242622264    1.344  0.701  3.8829  4.349    1  0.000  0.537     0.00     0.00     0.00     0.00     0.00 -1 -1.85e-13      0.00 7.474e-01 2.472e-01 9.539e-04 2.607e-04 2.369e-03 -1.000 5.384e-03 3.018 2.956 3.071 2.741
0.0055 -0.44261 8.82001 1.3931720257 2.5293020999    1.393  0.775  3.8986  4.353    1  0.000  0.537     0.00     0.00     0.00     0.00     0.00 -1 -1.85e-13      0.00 7.477e-01 2.469e-01 9.529e-04 2.604e-04 2.367e-03 -1.000 5.386e-03 2.831 2.780 2.873 2.604
0.0055 -0.44261 8.82001 1.3966112137 2.5296369446    1.397  0.781  3.8996  4.353    1  0.000  0.537     0.00     0.00     0.00     0.00     0.00 -1 -1.85e-13      0.00 7.477e-01 2.469e-01 9.529e-04 2.604e-04 2.367e-03 -1.000 5.383e-03 2.818 2.768 2.860 2.595
0.0055 -0.44261 8.82001 1.4426841736 2.5339462294    1.443  0.848  3.9130  4.353    1  0.000  0.537     0.00     0.00     0.00     0.00     0.00 -1  -1.8e-13      0.00 7.480e-01 2.466e-01 9.524e-04 2.602e-04 2.365e-03 -1.000 5.387e-03 2.650 2.614 2.687 2.474
0.0055 -0.44261 8.82001 1.4881466627 2.5378990345    1.488  0.912  3.9250  4.350    1  0.000  0.537     0.00     0.00     0.00     0.00     0.00 -1 -1.69e-13      0.00 7.483e-01 2.463e-01 9.516e-04 2.600e-04 2.364e-03 -1.000 5.398e-03 2.490 2.472 2.529 2.362
0.0055 -0.44261 8.82001 1.4921965599 2.5382377471    1.492  0.918  3.9260  4.350    1  0.000  0.537     0.00     0.00     0.00     0.00     0.00 -1 -1.68e-13      0.00 7.483e-01 2.463e-01 9.516e-04 2.600e-04 2.363e-03 -1.000 5.397e-03 2.476 2.459 2.516 2.352
0.0055 -0.44261 8.82001 1.5157240629 2.5401643647    1.516  0.950  3.9315  4.347    1  0.000  0.537     0.00     0.00     0.00     0.00     0.00 -1 -1.58e-13      0.00 7.484e-01 2.462e-01 9.512e-04 2.599e-04 2.363e-03 -1.000 5.389e-03 2.396 2.390 2.439 2.295
0.0055 -0.44261 8.82001 1.5417087078 2.5422138004    1.541  0.985  3.9373  4.342    1  0.000  0.537     0.00     0.00     0.00     0.00     0.00 -1 -1.48e-13      0.00 7.485e-01 2.461e-01 9.507e-04 2.599e-04 2.362e-03 -1.000 5.390e-03 2.308 2.316 2.359 2.235
0.0055 -0.44261 8.82001 1.5912210941 2.5459066641    1.591  1.050  3.9470  4.330    1  0.000  0.537     0.00     0.00     0.00     0.00     0.00 -1 -1.17e-13      0.00 7.487e-01 2.460e-01 9.502e-04 2.597e-04 2.361e-03 -1.000 5.322e-03 2.146 2.180 2.212 2.118
0.0055 -0.44261 8.82001 1.6081994772 2.5471129395    1.608  1.072  3.9501  4.325    1  0.000  0.537     0.00     0.00     0.00     0.00     0.00 -1 -9.88e-14      0.00 7.488e-01 2.459e-01 9.501e-04 2.597e-04 2.361e-03 -1.000 5.337e-03 2.091 2.134 2.163 2.078
0.0055 -0.44261 8.82001 1.6407332420 2.5493443758    1.640  1.113  3.9558  4.315    1  0.000  0.537     0.00     0.00     0.00     0.00     0.00 -1 -7.18e-14      0.00 7.488e-01 2.458e-01 9.499e-04 2.597e-04 2.361e-03 -1.000 5.390e-03 1.987 2.048 2.072 2.003
0.0055 -0.44261 8.82001 1.6409529448 2.5493590993    1.640  1.113  3.9558  4.315    1  0.000  0.537     0.00     0.00     0.00     0.00     0.00 -1 -6.24e-14      0.00 7.488e-01 2.458e-01 9.499e-04 2.597e-04 2.361e-03 -1.000 5.390e-03 1.986 2.048 2.072 2.002
0.0055 -0.44261 8.82001 1.6902457476 2.5525515288    1.689  1.175  3.9637  4.297    1  0.000  0.537     0.00     0.00     0.00     0.00     0.00 -1 -1.93e-27      0.00 7.489e-01 2.458e-01 9.499e-04 2.596e-04 2.360e-03 -1.000 5.378e-03 1.831 1.920 1.937 1.888
0.0055 -0.44261 8.82001 1.7053649426 2.5534882862    1.704  1.194  3.9660  4.291    1  0.000  0.537     0.00     0.00     0.00     0.00     0.00 -1 -1.88e-28      0.00 7.489e-01 2.457e-01 9.498e-04 2.596e-04 2.360e-03 -1.000 5.378e-03 1.785 1.881 1.896 1.853
0.0055 -0.44261 8.82001 1.7397580147 2.5555496449    1.739  1.237  3.9709  4.277    1  0.000  0.537     0.00     0.00     0.00     0.00     0.00 -1    -1e-30      0.00 7.489e-01 2.457e-01 9.496e-04 2.596e-04 2.360e-03 -1.000 5.380e-03 1.679 1.793 1.804 1.773
0.0055 -0.44261 8.82001 1.7550458908 2.5564361555    1.754  1.255  3.9729  4.270    1  0.000  0.537     0.00     0.00     0.00     0.00     0.00 -1    -1e-30      0.00 7.489e-01 2.457e-01 9.496e-04 2.596e-04 2.360e-03 -1.000 5.377e-03 1.632 1.755 1.764 1.737
0.0055 -0.44261 8.82001 1.7892701626 2.5583577403    1.788  1.297  3.9771  4.254    1  0.000  0.537     0.00     0.00     0.00     0.00     0.00 -1    -1e-30      0.00 7.489e-01 2.457e-01 9.500e-04 2.596e-04 2.359e-03 -1.000 5.372e-03 1.527 1.666 1.673 1.655
0.0055 -0.44261 8.82001 1.7920042276 2.5585076126    1.791  1.301  3.9775  4.252    1  0.000  0.537     0.00     0.00     0.00     0.00     0.00 -1    -1e-30      0.00 7.489e-01 2.457e-01 9.500e-04 2.596e-04 2.359e-03 -1.000 5.373e-03 1.519 1.659 1.665 1.648
0.0055 -0.44261 8.82001 1.8356617689 2.5608313915    1.834  1.354  3.9820  4.227    1  0.000  0.537     0.00     0.00     0.00     0.00     0.00 -1    -1e-30      0.00 7.489e-01 2.457e-01 9.495e-04 2.596e-04 2.359e-03 -1.000 5.389e-03 1.384 1.543 1.546 1.539
0.0055 -0.44261 8.82001 1.8387321234 2.5609900490    1.838  1.358  3.9823  4.225    1  0.000  0.537     0.00     0.00     0.00     0.00     0.00 -1    -1e-30      0.00 7.489e-01 2.457e-01 9.495e-04 2.596e-04 2.359e-03 -1.000 5.392e-03 1.375 1.535 1.538 1.531
0.0055 -0.44261 8.82001 1.8577882051 2.5619612806    1.857  1.381  3.9841  4.213    1  0.000  0.537     0.00     0.00     0.00     0.00     0.00 -1    -1e-30      0.00 7.489e-01 2.457e-01 9.497e-04 2.596e-04 2.360e-03 -1.000 5.392e-03 1.316 1.484 1.485 1.482
0.0055 -0.44261 8.82001 1.8881943226 2.5634644041    1.887  1.419  3.9865  4.193    1  0.000  0.537     0.00     0.00     0.00     0.00     0.00 -1    -1e-30      0.00 7.489e-01 2.457e-01 9.500e-04 2.596e-04 2.360e-03 -1.000 5.358e-03 1.223 1.401 1.401 1.402
0.0055 -0.44261 8.82001 1.8941798210 2.5637537665    1.893  1.426  3.9869  4.189    1  0.000  0.537     0.00     0.00     0.00     0.00     0.00 -1    -1e-30      0.00 7.489e-01 2.457e-01 9.500e-04 2.597e-04 2.360e-03 -1.000 5.355e-03 1.205 1.385 1.384 1.387
0.0055 -0.44261 8.82001 1.9376561642 2.5657940315    1.937  1.479  3.9894  4.156    1  0.000  0.537     0.00     0.00     0.00     0.00     0.00 -1    -1e-30      0.00 7.488e-01 2.458e-01 9.501e-04 2.597e-04 2.361e-03 -1.000 5.369e-03 1.073 1.263 1.260 1.268
0.0055 -0.44261 8.82001 1.9444509745 2.5661034330    1.944  1.487  3.9898  4.151    1  0.000  0.537     0.00     0.00     0.00     0.00     0.00 -1    -1e-30      0.00 7.488e-01 2.458e-01 9.501e-04 2.597e-04 2.361e-03 -1.000 5.368e-03 1.052 1.244 1.241 1.250
0.0055 -0.44261 8.82001 1.9823900461 2.5677862508    1.982  1.533  3.9906  4.116    1  0.000  0.537     0.00     0.00     0.00     0.00     0.00 -1    -1e-30      0.00 7.487e-01 2.459e-01 9.504e-04 2.597e-04 2.361e-03 -1.000 5.372e-03 0.936 1.131 1.127 1.138
0.0055 -0.44261 8.82001 1.9871184826 2.5679908116    1.987  1.539  3.9906  4.111    1  0.000  0.537     0.00     0.00     0.00     0.00     0.00 -1    -1e-30      0.00 7.487e-01 2.459e-01 9.504e-04 2.598e-04 2.361e-03 -1.000 5.364e-03 0.922 1.117 1.112 1.124
0.0055 -0.44261 8.82001 2.0159263611 2.5692132878    2.016  1.575  3.9904  4.082    1  0.000  0.537     0.00     0.00     0.00     0.00     0.00 -1    -1e-30      0.00 7.487e-01 2.460e-01 9.506e-04 2.598e-04 2.362e-03 -1.000 5.349e-03 0.834 1.027 1.023 1.035
0.0055 -0.44261 8.82001 2.0365805626 2.5700653215    2.036  1.600  3.9899  4.058    1  0.000  0.537     0.00     0.00     0.00     0.00     0.00 -1    -1e-30      0.00 7.486e-01 2.460e-01 9.510e-04 2.599e-04 2.362e-03 -1.000 5.367e-03 0.770 0.961 0.957 0.969
0.0055 -0.44261 8.82001 2.0637929440 2.5711580081    2.063  1.633  3.9884  4.025    1  0.000  0.537     0.00     0.00     0.00     0.00     0.00 -1    -1e-30      0.00 7.485e-01 2.461e-01 9.512e-04 2.600e-04 2.363e-03 -1.000 5.372e-03 0.687 0.871 0.867 0.877
0.0055 -0.44261 8.82001 2.0860424042 2.5720270946    2.085  1.661  3.9862  3.993    1  0.000  0.537     0.00     0.00     0.00     0.00     0.00 -1    -1e-30      0.00 7.484e-01 2.462e-01 9.514e-04 2.600e-04 2.364e-03 -1.000 5.370e-03 0.618 0.792 0.789 0.796
0.0055 -0.44261 8.82001 2.1141660213 2.5730955874    2.113  1.696  3.9822  3.948    1  0.000  0.537     0.00     0.00     0.00     0.00     0.00 -1    -1e-30      0.00 7.483e-01 2.463e-01 9.518e-04 2.601e-04 2.364e-03 -1.000 5.373e-03 0.531 0.687 0.687 0.688
0.0055 -0.44261 8.82001 2.1355042458 2.5738847270    2.134  1.722  3.9784  3.911    1  0.000  0.537     0.00     0.00     0.00     0.00     0.00 -1    -1e-30      0.00 7.482e-01 2.464e-01 9.522e-04 2.602e-04 2.365e-03 -1.000 5.371e-03 0.465 0.605 0.606 0.601
0.0055 -0.44261 8.82001 2.1661822796 2.5749880052    2.165  1.760  3.9706  3.848    1  0.000  0.537     0.00     0.00     0.00     0.00     0.00 -1    -1e-30      0.00 7.480e-01 2.466e-01 9.523e-04 2.603e-04 2.366e-03 -1.000 5.382e-03 0.370 0.478 0.484 0.466
0.0055 -0.44261 8.82001 2.1849665642 2.5756459881    2.184  1.783  3.9643  3.803    1  0.000  0.537     0.00     0.00     0.00     0.00     0.00 -1    -1e-30      0.00 7.480e-01 2.466e-01 9.525e-04 2.604e-04 2.367e-03 -1.000 5.390e-03 0.312 0.395 0.405 0.375
0.0055 -0.44261 8.82001 2.2002849579 2.5761730132    2.199  1.802  3.9586  3.764    1  0.000  0.537     0.00     0.00     0.00     0.00     0.00 -1    -1e-30      0.00 7.479e-01 2.467e-01 9.529e-04 2.605e-04 2.368e-03 -1.000 5.384e-03 0.265 0.326 0.339 0.298
0.0055 -0.44261 8.82001 2.2193486691 2.5768172239    2.218  1.826  3.9504  3.711    1  0.000  0.537     0.00     0.00     0.00     0.00     0.00 -1    -1e-30      0.00 7.478e-01 2.469e-01 9.535e-04 2.606e-04 2.368e-03 -1.000 5.386e-03 0.205 0.237 0.256 0.198
0.0055 -0.44261 8.82001 2.2344286442 2.5773178692    2.233  1.846  3.9433  3.666    1  0.000  0.537     0.00     0.00     0.00     0.00     0.00 -1    -1e-30      0.00 7.476e-01 2.470e-01 9.537e-04 2.606e-04 2.369e-03 -1.000 5.392e-03 0.155 0.163 0.188 0.114
0.0055 -0.44261 8.82001 2.2439303398 2.5776293483    2.242  1.859  3.9388  3.637    1  0.000  0.537     0.00     0.00     0.00     0.00     0.00 -1    -1e-30      0.00 7.476e-01 2.470e-01 9.536e-04 2.607e-04 2.369e-03 -1.000 5.392e-03 0.122 0.116 0.144 0.059
0.0055 -0.44261 8.82001 2.2536780834 2.5779457564    2.252  1.875  3.9364  3.613    1  0.000  0.537     0.00     0.00     0.00     0.00     0.00 -1    -1e-30      0.00 7.475e-01 2.471e-01 9.539e-04 2.607e-04 2.370e-03 -1.000 5.384e-03 0.081 0.068 0.098 0.008
0.0055 -0.44261 8.82001 2.2607862949 2.5781745090    2.259  1.896  3.9428  3.619    1  0.000  0.537     0.00     0.00     0.00     0.00     0.00 -1    -1e-30      0.00 7.475e-01 2.471e-01 9.541e-04 2.608e-04 2.370e-03 -1.000 5.386e-03 0.029 0.035 0.059 -0.014
0.0055 -0.44261 8.82001 2.2638895512 2.5782738585    2.262  1.913  3.9522  3.640    1  0.000  0.537     0.00     0.00     0.00     0.00     0.00 -1    -1e-30      0.00 7.475e-01 2.471e-01 9.542e-04 2.608e-04 2.370e-03 -1.000 5.392e-03 -0.013 0.024 0.041 -0.010
0.0055 -0.44261 8.82001 2.2651712894 2.5783148014    2.264  1.927  3.9617  3.664    1  0.000  0.537     0.00     0.00     0.00     0.00     0.00 -1    -1e-30      0.00 7.475e-01 2.471e-01 9.543e-04 2.608e-04 2.370e-03 -1.000 5.392e-03 -0.048 0.023 0.033 0.002
0.0055 -0.44261 8.82001 2.2658629417 2.5783368730    2.264  1.942  3.9713  3.688    1  0.000  0.537     0.00     0.00     0.00     0.00     0.00 -1    -1e-30      0.00 7.475e-01 2.471e-01 9.543e-04 2.608e-04 2.371e-03 -1.000 5.392e-03 -0.085 0.024 0.027 0.015
0.0055 -0.44261 8.82001 2.2662611008 2.5783495717    2.265  1.958  3.9806  3.709    1  0.000  0.537     0.00     0.00     0.00     0.00     0.00 -1    -1e-30      0.00 7.475e-01 2.471e-01 9.543e-04 2.608e-04 2.371e-03 -1.000 5.392e-03 -0.126 0.022 0.020 0.024
0.0055 -0.44261 8.82001 2.2665061951 2.5783573861    2.265  1.976  3.9896  3.727    1  0.000  0.537     0.00     0.00     0.00     0.00     0.00 -1    -1e-30      0.00 7.475e-01 2.472e-01 9.543e-04 2.608e-04 2.371e-03 -1.000 5.392e-03 -0.171 0.016 0.009 0.027
0.0055 -0.44261 8.82001 2.2666850090 2.5783630861    2.265  1.995  3.9981  3.743    1  0.000  0.537     0.00     0.00     0.00     0.00     0.00 -1    -1e-30      0.00 7.475e-01 2.472e-01 9.543e-04 2.608e-04 2.371e-03 -1.000 5.392e-03 -0.217 0.008 -0.003 0.027
0.0055 -0.44261 8.82001 2.2667598724 2.5783654722    2.265  1.999  4.0007  3.749    1  0.000  0.537     0.00     0.00     0.00     0.00     0.00 -1    -1e-30      0.00 7.475e-01 2.472e-01 9.543e-04 2.608e-04 2.371e-03 -1.000 5.392e-03 -0.227 0.010 -0.002 0.032
0.0055 -0.44261 8.82001 2.2668170929 2.5783672958    2.265  1.982  3.9967  3.750    2  0.000  0.537     0.00     0.00     0.00     0.00     0.00 -1    -1e-30      0.00 7.475e-01 2.472e-01 9.543e-04 2.608e-04 2.371e-03 -1.000 5.392e-03 -0.184 0.035 0.024 0.052
0.0055 -0.44261 8.82001 2.2668797970 2.5783692941    2.265  1.961  3.9903  3.745    2  0.000  0.537     0.00     0.00     0.00     0.00     0.00 -1    -1e-30      0.00 7.475e-01 2.472e-01 9.543e-04 2.608e-04 2.371e-03 -1.000 5.392e-03 -0.133 0.057 0.050 0.069
0.0055 -0.44261 8.82001 2.2669613361 2.5783718924    2.265  1.943  3.9791  3.718    2  0.000  0.537     0.00     0.00     0.00     0.00     0.00 -1    -1e-30      0.00 7.475e-01 2.472e-01 9.543e-04 2.608e-04 2.371e-03 -1.000 5.392e-03 -0.088 0.053 0.052 0.053
0.0055 -0.44261 8.82001 2.2670512199 2.5783747564    2.265  1.944  3.9676  3.672    2  0.000  0.537     0.00     0.00     0.00     0.00     0.00 -1    -1e-30      0.00 7.475e-01 2.472e-01 9.544e-04 2.608e-04 2.371e-03 -1.000 5.392e-03 -0.089 0.005 0.011 -0.008
0.0055 -0.44261 8.82001 2.2671627998 2.5783783113    2.266  1.956  3.9557  3.612    2  0.000  0.537     0.00     0.00     0.00     0.00     0.00 -1    -1e-30      0.00 7.474e-01 2.472e-01 9.544e-04 2.608e-04 2.371e-03 -1.000 5.392e-03 -0.121 -0.072 -0.059 -0.101
0.0055 -0.44261 8.82001 2.2672944069 2.5783825037    2.266  1.969  3.9437  3.551    2  0.000  0.537     0.00     0.00     0.00     0.00     0.00 -1    -1e-30      0.00 7.474e-01 2.472e-01 9.544e-04 2.608e-04 2.371e-03 -1.000 5.392e-03 -0.153 -0.146 -0.124 -0.192
0.0055 -0.44261 8.82001 2.2674434185 2.5783872500    2.266  1.978  3.9317  3.494    2  0.000  0.537     0.00     0.00     0.00     0.00     0.00 -1    -1e-30      0.00 7.474e-01 2.472e-01 9.544e-04 2.608e-04 2.371e-03 -1.000 5.392e-03 -0.174 -0.204 -0.171 -0.269
0.0055 -0.44261 8.82001 2.2676081657 2.5783924966    2.266  1.982  3.9196  3.441    2  0.000  0.537     0.00     0.00     0.00     0.00     0.00 -1    -1e-30      0.00 7.474e-01 2.472e-01 9.544e-04 2.608e-04 2.371e-03 -1.000 5.392e-03 -0.186 -0.244 -0.199 -0.333
0.0055 -0.44261 8.82001 2.2677867413 2.5783981826    2.266  1.984  3.9073  3.390    2  0.000  0.537     0.00     0.00     0.00     0.00     0.00 -1    -1e-30      0.00 7.474e-01 2.472e-01 9.544e-04 2.608e-04 2.371e-03 -1.000 5.392e-03 -0.191 -0.271 -0.211 -0.387
0.0055 -0.44261 8.82001 2.2679743767 2.5784041559    2.266  1.985  3.8951  3.341    2  0.000  0.537     0.00     0.00     0.00     0.00     0.00 -1    -1e-30      0.00 7.474e-01 2.472e-01 9.544e-04 2.608e-04 2.371e-03 -1.000 5.392e-03 -0.191 -0.288 -0.212 -0.434
0.0055 -0.44261 8.82001 2.2681667805 2.5784102799    2.267  1.983  3.8827  3.293    2  0.000  0.537     0.00     0.00     0.00     0.00     0.00 -1    -1e-30      0.00 7.474e-01 2.472e-01 9.544e-04 2.608e-04 2.371e-03 -1.000 5.392e-03 -0.187 -0.296 -0.202 -0.474
0.0055 -0.44261 8.82001 2.2683587074 2.5784163875    2.267  1.980  3.8703  3.247    2  0.000  0.537     0.00     0.00     0.00     0.00     0.00 -1    -1e-30      0.00 7.474e-01 2.472e-01 9.544e-04 2.608e-04 2.371e-03 -1.000 5.392e-03 -0.180 -0.298 -0.184 -0.508
0.0055 -0.44261 8.82001 2.2685463428 2.5784223574    2.267  1.976  3.8580  3.201    2  0.000  0.537     0.00     0.00     0.00     0.00     0.00 -1    -1e-30      0.00 7.474e-01 2.472e-01 9.544e-04 2.608e-04 2.371e-03 -1.000 5.392e-03 -0.171 -0.293 -0.161 -0.536
0.0055 -0.44261 8.82001 2.2687270641 2.5784281062    2.267  1.971  3.8456  3.157    2  0.000  0.537     0.00     0.00     0.00     0.00     0.00 -1    -1e-30      0.00 7.474e-01 2.472e-01 9.544e-04 2.608e-04 2.371e-03 -1.000 5.392e-03 -0.159 -0.284 -0.131 -0.557
0.0055 -0.44261 8.82001 2.2688987255 2.5784335659    2.267  1.966  3.8334  3.113    2  0.000  0.537     0.00     0.00     0.00     0.00     0.00 -1    -1e-30      0.00 7.474e-01 2.472e-01 9.544e-04 2.608e-04 2.371e-03 -1.000 5.392e-03 -0.144 -0.271 -0.098 -0.575
0.0055 -0.44261 8.82001 2.2690603733 2.5784387062    2.267  1.959  3.8214  3.072    2  0.000  0.537     0.00     0.00     0.00     0.00     0.00 -1    -1e-30      0.00 7.474e-01 2.472e-01 9.544e-04 2.608e-04 2.371e-03 -1.000 5.392e-03 -0.129 -0.254 -0.061 -0.588
0.0055 -0.44261 8.82001 2.2692124844 2.5784435425    2.268  1.952  3.8101  3.034    2  0.000  0.537     0.00     0.00     0.00     0.00     0.00 -1    -1e-30      0.00 7.474e-01 2.472e-01 9.544e-04 2.608e-04 2.371e-03 -1.000 5.392e-03 -0.111 -0.235 -0.021 -0.597
0.0055 -0.44261 8.82001 2.2693548203 2.5784480673    2.268  1.945  3.7999  3.000    2  0.000  0.537     0.00     0.00     0.00     0.00     0.00 -1    -1e-30      0.00 7.474e-01 2.472e-01 9.544e-04 2.608e-04 2.371e-03 -1.000 5.392e-03 -0.091 -0.212 0.020 -0.599
0.0055 -0.44261 8.82001 2.2694895267 2.5784523489    2.268  1.936  3.7911  2.974    2  0.000  0.537     0.00     0.00     0.00     0.00     0.00 -1    -1e-30      0.00 7.474e-01 2.472e-01 9.544e-04 2.608e-04 2.371e-03 -1.000 5.392e-03 -0.070 -0.187 0.062 -0.595
0.0055 -0.44261 8.82001 2.2696268559 2.5784567134    2.268  1.926  3.7833  2.953    2  0.000  0.537     0.00     0.00     0.00     0.00     0.00 -1    -1e-30      0.00 7.474e-01 2.472e-01 9.544e-04 2.608e-04 2.371e-03 -1.000 5.392e-03 -0.044 -0.157 0.107 -0.585
0.0055 -0.44261 8.82001 2.2697808743 2.5784616075    2.268  1.912  3.7756  2.936    2  0.000  0.537     0.00     0.00     0.00     0.00     0.00 -1    -1e-30      0.00 7.474e-01 2.472e-01 9.545e-04 2.608e-04 2.371e-03 -1.000 5.392e-03 -0.011 -0.118 0.161 -0.564
0.0055 -0.44261 8.82001 2.2699828148 2.5784680232    2.268  1.891  3.7670  2.923    2  0.000  0.537     0.00     0.00     0.00     0.00     0.00 -1    -1e-30      0.00 7.474e-01 2.472e-01 9.545e-04 2.609e-04 2.371e-03 -1.000 5.392e-03 0.043 -0.058 0.240 -0.525
0.0055 -0.44261 8.82001 2.2701709270 2.5784739984    2.269  1.867  3.7597  2.918    2  0.000  0.537     0.00     0.00     0.00     0.00     0.00 -1    -1e-30      0.00 7.464e-01 2.482e-01 9.579e-04 2.617e-04 2.379e-03 -1.000 5.409e-03 0.103 0.009 0.321 -0.475
0.0055 -0.44261 8.82001 2.2703745365 2.5784804646    2.269  1.837  3.7524  2.919    2  0.000  0.537     0.00     0.00     0.00     0.00     0.00 -1    -1e-30      0.00 7.436e-01 2.509e-01 9.664e-04 2.640e-04 2.399e-03 -1.000 5.450e-03 0.179 0.093 0.419 -0.407
0.0055 -0.44261 8.82001 2.2705521584 2.5784861044    2.269  1.809  3.7463  2.922    2  0.000  0.537     0.00     0.00     0.00     0.00     0.00 -1    -1e-30      0.00 7.411e-01 2.534e-01 9.735e-04 2.660e-04 2.417e-03 -1.000 5.496e-03 0.249 0.171 0.510 -0.342
0.0055 -0.44261 8.82001 2.2707781792 2.5784932794    2.269  1.778  3.7385  2.922    2  0.000  0.537     0.00     0.00     0.00     0.00     0.00 -1    -1e-30      0.00 7.393e-01 2.552e-01 9.786e-04 2.674e-04 2.429e-03 -1.000 5.548e-03 0.326 0.258 0.613 -0.272
0.0055 -0.44261 8.82001 2.2710039616 2.5785004453    2.269  1.764  3.7309  2.906    2  0.000  0.537     0.00     0.00     0.00     0.00     0.00 -1    -1e-30      0.00 7.383e-01 2.561e-01 9.814e-04 2.681e-04 2.435e-03 -1.000 5.568e-03 0.361 0.304 0.674 -0.243
0.0055 -0.44261 8.82001 2.2711234093 2.5785042357    2.270  1.770  3.7274  2.886    3  0.000  0.537     0.00     0.00     0.00     0.00     0.00 -1    -1e-30      0.00 7.380e-01 2.565e-01 9.823e-04 2.683e-04 2.437e-03 -1.000 5.543e-03 0.345 0.294 0.672 -0.261
0.0055 -0.44261 8.82001 2.2714211941 2.5785136831    2.270  1.802  3.7195  2.822    3  0.000  0.536     0.00     0.00     0.00     0.00     0.00 -1    -1e-30      0.00 7.372e-01 2.573e-01 9.819e-04 2.692e-04 2.441e-03 -1.000 5.566e-03 0.264 0.225 0.621 -0.346
0.0055 -0.44261 8.82001 2.2716593742 2.5785212375    2.270  1.839  3.7147  2.766    3  0.000  0.527     0.00     0.00     0.00     0.00     0.00 -1    -1e-30      0.00 7.366e-01 2.578e-01 9.662e-04 2.787e-04 2.443e-03 -1.000 5.566e-03 0.173 0.144 0.550 -0.438
0.0055 -0.44261 8.82001 2.2719566822 2.5785306646    2.270  1.882  3.7102  2.705    3  0.000  0.488     0.00     0.00     0.00     0.00     0.00 -1    -1e-30      0.00 7.358e-01 2.586e-01 8.935e-04 3.510e-04 2.444e-03 -1.000 5.570e-03 0.064 0.043 0.459 -0.548
0.0055 -0.44261 8.82001 2.2722537518 2.5785400814    2.271  1.923  3.7065  2.649    3  0.000  0.441     0.00     0.00     0.00     0.00     0.00 -1    -1e-30      0.00 7.350e-01 2.594e-01 8.076e-04 4.537e-04 2.445e-03 -1.000 5.571e-03 -0.039 -0.052 0.373 -0.651
0.0055 -0.44261 8.82001 2.2725505829 2.5785494878    2.271  1.964  3.7032  2.595    3  0.000  0.408     0.00     0.00     0.00     0.00     0.00 -1    -1e-30      0.00 7.342e-01 2.603e-01 7.469e-04 5.290e-04 2.445e-03 -1.000 5.572e-03 -0.139 -0.145 0.287 -0.751
0.0055 -0.44261 8.82001 2.2729065418 2.5785607642    2.271  2.012  3.6993  2.532    3  0.000  0.382     0.00     0.00     0.00     0.00     0.00 -1    -1e-30      0.00 7.331e-01 2.612e-01 6.995e-04 5.878e-04 2.446e-03 -1.000 5.623e-03 -0.260 -0.256 0.184 -0.871
0.0055 -0.44261 8.82001 2.2730841637 2.5785663895    2.271  2.036  3.6975  2.500    3  0.000  0.372     0.00     0.00     0.00     0.00     0.00 -1    -1e-30      0.00 7.327e-01 2.618e-01 6.814e-04 6.105e-04 2.446e-03 -1.000 5.573e-03 -0.320 -0.312 0.133 -0.931
0.0055 -0.44261 8.82001 2.2732052803 2.5785702248    2.272  2.053  3.6962  2.478    3  0.000  0.366     0.00     0.00     0.00     0.00     0.00 -1    -1e-30      0.00 7.323e-01 2.621e-01 6.720e-04 6.227e-04 2.446e-03 -1.000 5.588e-03 -0.362 -0.351 0.098 -0.973
0.0055 -0.44261 8.82001 2.2735054493 2.5785797278    2.272  2.094  3.6932  2.425    3  0.000  0.358     0.00     0.00     0.00     0.00     0.00 -1    -1e-30      0.00 7.309e-01 2.635e-01 6.541e-04 6.583e-04 2.435e-03 -1.000 5.618e-03 -0.466 -0.448 0.009 -1.077
0.0055 -0.44261 8.82001 2.2738056183 2.5785892279    2.272  2.136  3.6902  2.371    3  0.000  0.355     0.00     0.00     0.00     0.00     0.00 -1    -1e-30      0.00 7.284e-01 2.659e-01 6.395e-04 7.077e-04 2.401e-03 -1.000 5.639e-03 -0.570 -0.545 -0.080 -1.181
0.0055 -0.44261 8.82001 2.2741053104 2.5785987100    2.272  2.177  3.6874  2.319    3  0.000  0.354     0.00     0.00     0.00     0.00     0.00 -1    -1e-30      0.00 7.249e-01 2.695e-01 6.271e-04 7.597e-04 2.360e-03 -1.000 5.615e-03 -0.672 -0.640 -0.167 -1.282
0.0055 -0.44261 8.82001 2.2744047642 2.5786081818    2.273  2.218  3.6845  2.267    3  0.000  0.354     0.00     0.00     0.00     0.00     0.00 -1    -1e-30      0.00 7.209e-01 2.735e-01 6.171e-04 8.033e-04 2.324e-03 -1.000 5.621e-03 -0.775 -0.734 -0.254 -1.384
0.0055 -0.44261 8.82001 2.2747037411 2.5786176356    2.273  2.259  3.6816  2.214    3  0.000  0.353     0.00     0.00     0.00     0.00     0.00 -1    -1e-30      0.00 7.171e-01 2.772e-01 6.092e-04 8.383e-04 2.295e-03 -1.000 5.647e-03 -0.878 -0.829 -0.340 -1.485
0.0055 -0.44261 8.82001 2.2750029564 2.5786270940    2.273  2.301  3.6787  2.161    3  0.000  0.353     0.00     0.00     0.00     0.00     0.00 -1    -1e-30      0.00 7.139e-01 2.805e-01 6.032e-04 8.647e-04 2.273e-03 -1.000 5.631e-03 -0.981 -0.924 -0.427 -1.588
0.0055 -0.44261 8.82001 2.2753014565 2.5786365270    2.274  2.343  3.6757  2.107    3  0.000  0.353     0.00     0.00     0.00     0.00     0.00 -1    -1e-30      0.00 7.111e-01 2.832e-01 5.987e-04 8.850e-04 2.257e-03 -1.000 5.620e-03 -1.086 -1.020 -0.514 -1.690
0.0055 -0.44261 8.82001 2.2756080627 2.5786462132    2.274  2.386  3.6725  2.051    3  0.000  0.353     0.00     0.00     0.00     0.00     0.00 -1    -1e-30      0.00 7.088e-01 2.856e-01 5.951e-04 9.008e-04 2.244e-03 -1.000 5.583e-03 -1.196 -1.119 -0.604 -1.798
0.0055 -0.44261 8.82001 2.2758977413 2.5786553619    2.274  2.428  3.6694  1.997    3  0.000  0.353     0.00     0.00     0.00     0.00     0.00 -1    -1e-30      0.00 7.071e-01 2.873e-01 5.925e-04 9.124e-04 2.234e-03 -1.000 5.630e-03 -1.300 -1.214 -0.689 -1.900
0.0055 -0.44261 8.82001 2.2761912346 2.5786646283    2.275  2.471  3.6662  1.941    3  0.000  0.353     0.00     0.00     0.00     0.00     0.00 -1    -1e-30      0.00 7.057e-01 2.887e-01 5.905e-04 9.213e-04 2.227e-03 -1.000 5.593e-03 -1.406 -1.310 -0.775 -2.004
0.0055 -0.44261 8.82001 2.2764494419 2.5786727784    2.275  2.509  3.6634  1.892    3  0.000  0.353     4.71     3.44     2.55     1.89     1.54  4    -1e-30      0.00 7.047e-01 2.897e-01 5.891e-04 9.271e-04 2.222e-03 -1.000 5.630e-03 -1.501 -1.396 -0.852 -2.097
0.0055 -0.44261 8.82001 2.2767374516 2.5786818667    2.275  2.549  3.6602  1.838    3  0.000  0.353     5.23     3.79     2.80     2.07     1.69  4    -1e-30      0.00 7.040e-01 2.904e-01 5.882e-04 9.315e-04 2.218e-03 -1.000 5.630e-03 -1.603 -1.488 -0.933 -2.196
0.0055 -0.44261 8.82001 2.2768611908 2.5786857705    2.275  2.562  3.6593  1.822    3  0.000  0.353     5.40     3.90     2.88     2.13     1.74  4    -1e-30      0.00 7.038e-01 2.906e-01 5.880e-04 9.321e-04 2.218e-03 -1.000 5.629e-03 -1.635 -1.516 -0.959 -2.227
0.0055 -0.44261 8.82001 2.2768864632 2.5786865677    2.275  2.557  3.6597  1.829    3  0.000  0.353     5.33     3.85     2.85     2.11     1.72  4    -1e-30      0.00 7.038e-01 2.906e-01 5.880e-04 9.321e-04 2.218e-03 -1.000 5.629e-03 -1.622 -1.505 -0.949 -2.215
0.0055 -0.44261 8.82001 2.2770004272 2.5786901626    2.275  2.534  3.6614  1.859    4  0.000  0.353     0.00     0.00     0.00     0.00     0.00 -1    -1e-30      0.00 7.038e-01 2.906e-01 5.880e-04 9.321e-04 2.218e-03 -1.000 5.629e-03 -1.564 -1.453 -0.902 -2.159
0.0055 -0.44261 8.82001 2.2771358490 2.5786944339    2.275  2.502  3.6639  1.900    4  0.000  0.353     0.00     0.00     0.00     0.00     0.00 -1    -1e-30      0.00 7.038e-01 2.906e-01 5.880e-04 9.321e-04 2.218e-03 -1.000 5.629e-03 -1.486 -1.383 -0.840 -2.083
0.0055 -0.44261 8.82001 2.2773458958 2.5787010576    2.276  2.465  3.6669  1.950    4  0.000  0.353     0.00     0.00     0.00     0.00     0.00 -1    -1e-30      0.00 7.038e-01 2.906e-01 5.879e-04 9.321e-04 2.218e-03 -1.000 5.630e-03 -1.392 -1.298 -0.765 -1.991
0.0055 -0.44261 8.82001 2.2776484489 2.5787105961    2.276  2.426  3.6699  2.001    4  0.000  0.353     0.00     0.00     0.00     0.00     0.00 -1    -1e-30      0.00 7.038e-01 2.906e-01 5.879e-04 9.321e-04 2.218e-03 -1.000 5.630e-03 -1.296 -1.211 -0.688 -1.896
0.0055 -0.44261 8.82001 2.2781035900 2.5787249397    2.276  2.387  3.6729  2.051    4  0.000  0.353     0.00     0.00     0.00     0.00     0.00 -1    -1e-30      0.00 7.038e-01 2.906e-01 5.879e-04 9.322e-04 2.218e-03 -1.000 5.631e-03 -1.199 -1.123 -0.609 -1.801
0.0055 -0.44261 8.82001 2.2787415981 2.5787450351    2.277  2.342  3.6764  2.111    4  0.000  0.353     0.00     0.00     0.00     0.00     0.00 -1    -1e-30      0.00 7.038e-01 2.906e-01 5.879e-04 9.322e-04 2.218e-03 -1.000 5.632e-03 -1.085 -1.021 -0.517 -1.690
0.0055 -0.44261 8.82001 2.2792572975 2.5787612687    2.278  2.304  3.6794  2.161    4  0.000  0.353     0.00     0.00     0.00     0.00     0.00 -1    -1e-30      0.00 7.038e-01 2.906e-01 5.879e-04 9.323e-04 2.218e-03 -1.000 5.632e-03 -0.989 -0.934 -0.439 -1.596
0.0055 -0.44261 8.82001 2.2796783447 2.5787745165    2.278  2.269  3.6819  2.206    4  0.000  0.353     0.00     0.00     0.00     0.00     0.00 -1    -1e-30      0.00 7.038e-01 2.906e-01 5.879e-04 9.323e-04 2.218e-03 -1.000 5.633e-03 -0.904 -0.856 -0.368 -1.512
0.0055 -0.44261 8.82001 2.2800977230 2.5787877062    2.278  2.234  3.6846  2.252    4  0.000  0.353     0.00     0.00     0.00     0.00     0.00 -1    -1e-30      0.00 7.038e-01 2.906e-01 5.879e-04 9.323e-04 2.218e-03 -1.000 5.633e-03 -0.816 -0.776 -0.295 -1.425
0.0055 -0.44261 8.82001 2.2805361748 2.5788014898    2.279  2.197  3.6874  2.300    4  0.000  0.353     0.00     0.00     0.00     0.00     0.00 -1    -1e-30      0.00 7.038e-01 2.906e-01 5.879e-04 9.324e-04 2.218e-03 -1.000 5.634e-03 -0.723 -0.691 -0.218 -1.334
0.0055 -0.44261 8.82001 2.2810020447 2.5788161286    2.279  2.159  3.6902  2.350    4  0.000  0.353     0.00     0.00     0.00     0.00     0.00 -1    -1e-30      0.00 7.038e-01 2.906e-01 5.878e-04 9.324e-04 2.218e-03 -1.000 5.635e-03 -0.627 -0.602 -0.137 -1.238
0.0055 -0.44261 8.82001 2.2814888954 2.5788314194    2.280  2.120  3.6931  2.400    4  0.000  0.353     0.00     0.00     0.00     0.00     0.00 -1    -1e-30      0.00 7.038e-01 2.906e-01 5.878e-04 9.324e-04 2.218e-03 -1.000 5.635e-03 -0.530 -0.513 -0.055 -1.142
0.0055 -0.44261 8.82001 2.2820217609 2.5788481468    2.280  2.081  3.6960  2.451    4  0.000  0.353     0.00     0.00     0.00     0.00     0.00 -1    -1e-30      0.00 7.038e-01 2.906e-01 5.878e-04 9.325e-04 2.218e-03 -1.000 5.636e-03 -0.432 -0.421 0.029 -1.043
0.0055 -0.44261 8.82001 2.2826216221 2.5788669666    2.281  2.041  3.6990  2.503    4  0.000  0.353     0.00     0.00     0.00     0.00     0.00 -1    -1e-30      0.00 7.038e-01 2.906e-01 5.878e-04 9.325e-04 2.218e-03 -1.000 5.637e-03 -0.332 -0.328 0.114 -0.943
0.0055 -0.44261 8.82001 2.2835278511 2.5788953766    2.282  1.990  3.7030  2.570    4  0.000  0.353     0.00     0.00     0.00     0.00     0.00 -1    -1e-30      0.00 7.038e-01 2.906e-01 5.878e-04 9.326e-04 2.218e-03 -1.000 5.638e-03 -0.206 -0.211 0.221 -0.818
0.0055 -0.44261 8.82001 2.2838907242 2.5789067453    2.282  1.975  3.7042  2.591    4  0.000  0.353     0.00     0.00     0.00     0.00     0.00 -1    -1e-30      0.00 7.038e-01 2.906e-01 5.878e-04 9.326e-04 2.218e-03 -1.000 5.639e-03 -0.167 -0.175 0.255 -0.779
0.0055 -0.44261 8.82001 2.2847034931 2.5789321940    2.283  1.942  3.7070  2.634    4  0.000  0.353     0.00     0.00     0.00     0.00     0.00 -1    -1e-30      0.00 7.038e-01 2.906e-01 5.877e-04 9.327e-04 2.217e-03 -1.000 5.638e-03 -0.085 -0.099 0.325 -0.697
0.0055 -0.44261 8.82001 2.2864763737 2.5789876327    2.285  1.895  3.7116  2.700    4  0.000  0.353     0.00     0.00     0.00     0.00     0.00 -1    -1e-30      0.00 7.038e-01 2.906e-01 5.877e-04 9.330e-04 2.217e-03 -1.000 5.636e-03 0.032 0.008 0.421 -0.580
0.0055 -0.44261 8.82001 2.2896864414 2.5790877617    2.288  1.859  3.7176  2.761    4  0.000  0.353     0.00     0.00     0.00     0.00     0.00 -1    -1e-30      0.00 7.038e-01 2.906e-01 5.876e-04 9.336e-04 2.217e-03 -1.000 5.632e-03 0.123 0.088 0.488 -0.487
0.0055 -0.44261 8.82001 2.2915968895 2.5791471996    2.290  1.850  3.7203  2.781    4  0.000  0.353     0.00     0.00     0.00     0.00     0.00 -1    -1e-30      0.00 7.038e-01 2.906e-01 5.875e-04 9.339e-04 2.216e-03 -1.000 5.630e-03 0.145 0.105 0.499 -0.464
0.0055 -0.44261 8.82001 2.2954962254 2.5792681628    2.294  1.858  3.7212  2.778    4  0.000  0.353     0.00     0.00     0.00     0.00     0.00 -1    -1e-30      0.00 7.038e-01 2.906e-01 5.874e-04 9.345e-04 2.216e-03 -1.000 5.625e-03 0.126 0.084 0.476 -0.483
0.0055 -0.44261 8.82001 2.3201522827 2.5800222174    2.319  1.910  3.7217  2.733    5  0.000  0.353     0.00     0.00     0.00     0.00     0.00 -1    -1e-30      0.00 7.037e-01 2.907e-01 5.867e-04 9.385e-04 2.212e-03 -1.000 5.598e-03 -0.004 -0.046 0.344 -0.612
0.0055 -0.44261 8.82001 2.3333525658 2.5804183969    2.332  1.940  3.7219  2.706    5  0.000  0.353     0.00     0.00     0.00     0.00     0.00 -1    -1e-30      0.00 7.036e-01 2.908e-01 5.863e-04 9.407e-04 2.211e-03 -1.000 5.583e-03 -0.079 -0.122 0.268 -0.688
0.0055 -0.44261 8.82001 2.3371984959 2.5805328569    2.336  1.949  3.7220  2.698    5  0.000  0.353     0.00     0.00     0.00     0.00     0.00 -1    -1e-30      0.00 7.036e-01 2.908e-01 5.861e-04 9.414e-04 2.210e-03 -1.000 5.589e-03 -0.101 -0.144 0.245 -0.710
0.0055 -0.44261 8.82001 2.3577673435 2.5811377305    2.356  1.999  3.7221  2.651    5  0.000  0.353     0.00     0.00     0.00     0.00     0.00 -1    -1e-30      0.00 7.035e-01 2.908e-01 5.851e-04 9.455e-04 2.207e-03 -1.000 5.620e-03 -0.228 -0.271 0.118 -0.837
0.0055 -0.44261 8.82001 2.3780193329 2.5817215446    2.377  2.051  3.7219  2.603    5  0.000  0.353     0.00     0.00     0.00     0.00     0.00 -1    -1e-30      0.00 7.034e-01 2.909e-01 5.841e-04 9.494e-04 2.204e-03 -1.000 5.651e-03 -0.357 -0.400 -0.010 -0.965
0.0055 -0.44261 8.82001 2.3828148842 2.5818581182    2.382  2.062  3.7217  2.591    5  0.000  0.353     0.00     0.00     0.00     0.00     0.00 -1    -1e-30      0.00 7.034e-01 2.909e-01 5.838e-04 9.503e-04 2.203e-03 -1.000 5.658e-03 -0.386 -0.429 -0.039 -0.994
0.0055 -0.44261 8.82001 2.4012753963 2.5823780090    2.400  2.105  3.7208  2.548    5  0.000  0.353     0.00     0.00     0.00     0.00     0.00 -1    -1e-30      0.00 7.034e-01 2.909e-01 5.836e-04 9.518e-04 2.202e-03 -1.000 5.655e-03 -0.493 -0.534 -0.142 -1.102
0.0055 -0.44261 8.82001 2.4048531055 2.5824777043    2.403  2.113  3.7206  2.540    5  0.000  0.353     0.00     0.00     0.00     0.00     0.00 -1    -1e-30      0.00 7.034e-01 2.909e-01 5.836e-04 9.521e-04 2.201e-03 -1.000 5.654e-03 -0.512 -0.553 -0.161 -1.121
0.0055 -0.44261 8.82001 2.4277079105 2.5831066029    2.426  2.155  3.7137  2.474    6  0.000  0.353     0.00     0.00     0.00     0.00     0.00 -1    -1e-30      0.00 7.035e-01 2.909e-01 5.834e-04 9.539e-04 2.200e-03 -1.000 5.650e-03 -0.618 -0.646 -0.238 -1.230
0.0055 -0.44261 8.82001 2.4322769642 2.5832307011    2.430  2.164  3.7118  2.459    6  0.000  0.353     0.00     0.00     0.00     0.00     0.00 -1    -1e-30      0.00 7.035e-01 2.909e-01 5.833e-04 9.543e-04 2.199e-03 -1.000 5.649e-03 -0.640 -0.664 -0.252 -1.252
0.0055 -0.44261 8.82001 2.4358897209 2.5833284467    2.434  2.171  3.7103  2.447    6  0.000  0.353     0.00     0.00     0.00     0.00     0.00 -1    -1e-30      0.00 7.035e-01 2.909e-01 5.833e-04 9.546e-04 2.199e-03 -1.000 5.649e-03 -0.657 -0.679 -0.263 -1.270
0.0055 -0.44261 8.82001 2.4414412975 2.5834780002    2.440  2.199  3.7026  2.389    6  0.000  0.353     0.00     0.00     0.00     0.00     0.00 -1    -1e-30      0.00 7.035e-01 2.908e-01 5.833e-04 9.549e-04 2.199e-03 -1.000 5.650e-03 -0.728 -0.733 -0.298 -1.341
0.0055 -0.44261 8.82001 2.4423189163 2.5835015707    2.440  2.241  3.6964  2.322    6  0.000  0.353     0.00     0.00     0.00     0.00     0.00 -1    -1e-30      0.00 7.035e-01 2.908e-01 5.833e-04 9.550e-04 2.199e-03 -1.000 5.650e-03 -0.832 -0.823 -0.372 -1.445
0.0055 -0.44261 8.82001 2.4425437450 2.5835076059    2.441  2.282  3.6918  2.263    6  0.000  0.353     0.00     0.00     0.00     0.00     0.00 -1    -1e-30      0.00 7.035e-01 2.908e-01 5.833e-04 9.550e-04 2.199e-03 -1.000 5.650e-03 -0.934 -0.914 -0.452 -1.547
0.0055 -0.44261 8.82001 2.4426007271 2.5835091353    2.441  2.302  3.6897  2.234    6  0.000  0.353     0.00     0.00     0.00     0.00     0.00 -1    -1e-30      0.00 7.035e-01 2.908e-01 5.833e-04 9.550e-04 2.199e-03 -1.000 5.650e-03 -0.985 -0.960 -0.493 -1.598
0.0055 -0.44261 8.82001 2.4426691532 2.5835109717    2.441  2.347  3.6858  2.174    7  0.000  0.353     0.00     0.00     0.00     0.00     0.00 -1    -1e-30      0.00 7.035e-01 2.908e-01 5.833e-04 9.550e-04 2.199e-03 -1.000 5.650e-03 -1.097 -1.060 -0.582 -1.708
0.0055 -0.44261 8.82001 2.4427311420 2.5835126353    2.441  2.379  3.6830  2.131    7  0.000  0.353     0.00     0.00     0.00     0.00     0.00 -1    -1e-30      0.00 7.035e-01 2.908e-01 5.833e-04 9.550e-04 2.199e-03 -1.000 5.650e-03 -1.176 -1.133 -0.646 -1.787
0.0055 -0.44261 8.82001 2.4430067539 2.5835200306    2.441  2.386  3.6825  2.122    7  0.000  0.353     0.00     0.00     0.00     0.00     0.00 -1    -1e-30      0.00 7.035e-01 2.908e-01 5.833e-04 9.550e-04 2.199e-03 -1.000 5.650e-03 -1.195 -1.150 -0.662 -1.805
0.0055 -0.44261 8.82001 2.4446642399 2.5835644645    2.443  2.366  3.6841  2.148    7  0.000  0.353     0.00     0.00     0.00     0.00     0.00 -1    -1e-30      0.00 7.035e-01 2.908e-01 5.833e-04 9.551e-04 2.199e-03 -1.000 5.650e-03 -1.145 -1.105 -0.621 -1.756
0.0055 -0.44261 8.82001 2.4453136921 2.5835818561    2.443  2.384  3.6826  2.124    7  0.000  0.353     0.00     0.00     0.00     0.00     0.00 -1 -2.28e-28      0.00 7.035e-01 2.908e-01 5.833e-04 9.552e-04 2.199e-03 -1.000 5.673e-03 -1.190 -1.145 -0.657 -1.800
0.0055 -0.44261 8.82001 2.4458909035 2.5835973043    2.444  2.418  3.6796  2.078    7  0.000  0.353     0.00     0.00     0.00     0.00     0.00 -1 -2.94e-20      0.00 7.035e-01 2.907e-01 5.833e-04 9.552e-04 2.198e-03 -1.000 5.754e-03 -1.275 -1.221 -0.726 -1.883
0.0055 -0.44261 8.82001 2.4465377331 2.5836146058    2.445  2.456  3.6764  2.028    7  0.000  0.353     0.00     0.00     0.00     0.00     0.00 -1 -2.93e-12      0.00 7.035e-01 2.906e-01 5.833e-04 9.553e-04 2.198e-03 -1.000 5.832e-03 -1.369 -1.306 -0.801 -1.975
0.0055 -0.44261 8.82001 2.4471588135 2.5836312086    2.445  2.495  3.6731  1.976    7  0.000  0.353     0.00     0.00     0.00     0.00     0.00 -1 -7.77e-11      0.00 7.035e-01 2.906e-01 5.833e-04 9.553e-04 2.198e-03 -1.000 5.844e-03 -1.468 -1.394 -0.879 -2.072
0.0055 -0.44261 8.82001 2.4477174282 2.5836461332    2.446  2.534  3.6693  1.921    7  0.000  0.353     4.62     3.32     2.47     1.82     1.48  4 -1.74e-10      0.00 7.035e-01 2.906e-01 5.833e-04 9.553e-04 2.198e-03 -1.000 5.846e-03 -1.566 -1.482 -0.955 -2.169
0.0055 -0.44261 8.82001 2.4481005669 2.5836563651    2.446  2.564  3.6658  1.878    7  0.000  0.353     5.03     3.59     2.67     1.96     1.60  4 -1.98e-10      0.00 7.035e-01 2.906e-01 5.832e-04 9.554e-04 2.198e-03 -1.000 5.846e-03 -1.639 -1.543 -1.006 -2.239
0.0055 -0.44261 8.82001 2.4485712051 2.5836689287    2.446  2.603  3.6626  1.826    7  0.000  0.353     5.56     3.94     2.92     2.15     1.75  4 -4.07e-10      0.00 7.035e-01 2.906e-01 5.832e-04 9.554e-04 2.198e-03 -1.000 5.848e-03 -1.737 -1.631 -1.084 -2.334
0.0055 -0.44261 8.82001 2.4489960670 2.5836802656    2.447  2.642  3.6594  1.774    7  0.000  0.353     6.16     4.33     3.19     2.36     1.92  4 -5.26e-10      0.00 7.035e-01 2.906e-01 5.832e-04 9.554e-04 2.198e-03 -1.000 5.848e-03 -1.835 -1.718 -1.160 -2.429
0.0055 -0.44261 8.82001 2.4493768215 2.5836904216    2.447  2.682  3.6541  1.713    7  0.000  0.353     6.95     4.84     3.55     2.62     2.14  4 -6.44e-10      0.00 7.035e-01 2.906e-01 5.831e-04 9.555e-04 2.198e-03 -1.000 5.848e-03 -1.935 -1.797 -1.222 -2.520
0.0055 -0.44261 8.82001 2.4497203827 2.5836995825    2.447  2.722  3.6510  1.661    7  0.000  0.353     7.69     5.32     3.88     2.87     2.35  4 -7.87e-10      0.00 7.035e-01 2.906e-01 5.828e-04 9.557e-04 2.198e-03 -1.000 5.848e-03 -2.035 -1.884 -1.300 -2.615
0.0055 -0.44261 8.82001 2.4500298500 2.5837078317    2.447  2.761  3.6479  1.609    7  0.000  0.353     8.52     5.84     4.24     3.15     2.57  4 -9.58e-10      0.00 7.035e-01 2.906e-01 5.821e-04 9.563e-04 2.198e-03 -1.000 5.848e-03 -2.133 -1.969 -1.376 -2.708
0.0055 -0.44261 8.82001 2.4503118992 2.5837153480    2.447  2.801  3.6447  1.557    7  0.000  0.352     9.44     6.42     4.64     3.45     2.82  4 -1.16e-09      0.00 7.035e-01 2.906e-01 5.813e-04 9.571e-04 2.198e-03 -1.000 5.848e-03 -2.232 -2.053 -1.450 -2.799
0.0055 -0.44261 8.82001 2.4505701065 2.5837222271    2.447  2.840  3.6415  1.505    7  0.000  0.351    10.45     7.05     5.08     3.78     3.09  4 -1.39e-09      0.00 7.035e-01 2.906e-01 5.801e-04 9.584e-04 2.198e-03 -1.000 5.848e-03 -2.330 -2.137 -1.523 -2.889
0.0055 -0.44261 8.82001 2.4508090019 2.5837285903    2.447  2.879  3.6383  1.453    7  0.000  0.350    11.57     7.74     5.55     4.14     3.38  4 -1.69e-09      0.00 7.035e-01 2.906e-01 5.788e-04 9.601e-04 2.198e-03 -1.000 5.848e-03 -2.428 -2.218 -1.593 -2.979
0.0055 -0.44261 8.82001 2.4510309696 2.5837345014    2.447  2.918  3.6351  1.401    7  0.000  0.350    12.80     8.50     6.07     4.53     3.70  4 -2.03e-09      0.00 7.035e-01 2.906e-01 5.775e-04 9.619e-04 2.198e-03 -1.000 5.848e-03 -2.525 -2.299 -1.661 -3.069
0.0055 -0.44261 8.82001 2.4512369633 2.5837399859    2.447  2.957  3.6320  1.350    7  0.000  0.349    14.16     9.33     6.63     4.96     4.05  4 -2.45e-09      0.00 7.035e-01 2.906e-01 5.764e-04 9.634e-04 2.198e-03 -1.000 5.847e-03 -2.621 -2.379 -1.729 -3.158
0.0055 -0.44261 8.82001 2.4514284134 2.5837450822    2.447  2.995  3.6288  1.299    7  0.000  0.348    15.66    10.24     7.25     5.43     4.43  4 -2.94e-09      0.00 7.035e-01 2.906e-01 5.754e-04 9.646e-04 2.198e-03 -1.000 5.856e-03 -2.718 -2.458 -1.796 -3.245
0.0055 -0.44261 8.82001 2.4516077042 2.5837498541    2.446  3.033  3.6257  1.248    7  0.000  0.348    17.29    11.22     7.91     5.93     4.85  4 -3.53e-09      0.00 7.035e-01 2.906e-01 5.746e-04 9.655e-04 2.198e-03 -1.000 5.847e-03 -2.813 -2.535 -1.860 -3.332
0.0055 -0.44261 8.82001 2.4517769814 2.5837543587    2.446  3.071  3.6225  1.198    7  0.000  0.348    19.09    12.29     8.63     6.48     5.29  4 -4.22e-09      0.00 7.035e-01 2.906e-01 5.738e-04 9.664e-04 2.198e-03 -1.000 5.846e-03 -2.907 -2.612 -1.924 -3.417
0.0055 -0.44261 8.82001 2.4519388676 2.5837586660    2.446  3.109  3.6193  1.147    7  0.000  0.347    21.08    13.46     9.42     7.08     5.79  4 -5.01e-09      0.00 7.035e-01 2.906e-01 5.732e-04 9.673e-04 2.197e-03 -1.000 5.846e-03 -3.001 -2.687 -1.986 -3.501
0.0055 -0.44261 8.82001 2.4520955086 2.5837628330    2.445  3.146  3.6161  1.097    7  0.000  0.347    23.27    14.75    10.27     7.73     6.32  4    -6e-09      0.00 7.035e-01 2.906e-01 5.726e-04 9.682e-04 2.197e-03 -1.000 5.846e-03 -3.095 -2.761 -2.046 -3.584
0.0055 -0.44261 8.82001 2.4522504807 2.5837669551    2.445  3.183  3.6128  1.046    7  0.000  0.347    25.70    16.16    11.21     8.45     6.91  4 -7.14e-09      0.00 7.035e-01 2.906e-01 5.721e-04 9.692e-04 2.197e-03 -1.000 5.846e-03 -3.189 -2.834 -2.104 -3.667
0.0055 -0.44261 8.82001 2.4524085522 2.5837711590    2.444  3.221  3.6095  0.995    7  0.000  0.346    28.37    17.71    12.23     9.23     7.55  4 -8.46e-09      0.00 7.035e-01 2.906e-01 5.717e-04 9.701e-04 2.196e-03 -1.000 5.846e-03 -3.282 -2.907 -2.162 -3.749
0.0055 -0.44261 8.82001 2.4526114464 2.5837765540    2.442  3.266  3.6055  0.934    7  0.000  0.346    31.97    19.77    13.59    10.27     8.41  4 -1.04e-08      0.00 7.035e-01 2.907e-01 5.713e-04 9.709e-04 2.196e-03 -1.000 5.832e-03 -3.394 -2.991 -2.227 -3.846
0.0055 -0.44261 8.82001 2.4528009892 2.5837815931    2.441  3.309  3.6017  0.875    7  0.000  0.346    35.89    21.99    15.04    11.39     9.32  3 -1.28e-08      0.00 7.035e-01 2.907e-01 5.711e-04 9.716e-04 2.196e-03 -1.000 5.846e-03 -3.503 -3.074 -2.290 -3.940
0.0055 -0.44261 8.82001 2.4528737068 2.5837835261    2.440  3.339  3.5991  0.835    7  0.000  0.346    38.83    23.64    16.12    12.22    10.00  3 -1.46e-08      0.00 7.035e-01 2.907e-01 5.709e-04 9.718e-04 2.196e-03 -1.000 5.848e-03 -3.577 -3.130 -2.332 -4.005
0.0055 -0.44261 8.82001 2.4529368877 2.5837852055    2.439  3.370  3.5964  0.793    7  0.000  0.346    42.20    25.53    17.35    13.16    10.78  3 -1.69e-08      0.00 7.035e-01 2.907e-01 5.708e-04 9.718e-04 2.195e-03 -1.000 5.848e-03 -3.655 -3.187 -2.374 -4.071
0.0055 -0.44261 8.82001 2.4530043602 2.5837869989    2.439  3.408  3.5930  0.742    7  0.000  0.346    46.64    28.00    18.95    14.40    11.79  3 -2.01e-08      0.00 7.035e-01 2.907e-01 5.707e-04 9.718e-04 2.195e-03 -1.000 5.848e-03 -3.749 -3.255 -2.423 -4.151
0.0055 -0.44261 8.82001 2.4530816078 2.5837890519    2.437  3.451  3.5890  0.682    7  0.000  0.346    52.45    31.20    21.01    15.99    13.10  3 -2.43e-08      0.00 7.035e-01 2.907e-01 5.707e-04 9.718e-04 2.195e-03 -1.000 5.848e-03 -3.858 -3.333 -2.477 -4.242
0.0055 -0.44261 8.82001 2.4531776905 2.5837916053    2.435  3.499  3.5844  0.615    7  0.000  0.346    59.71    35.16    23.55    17.95    14.71  3 -3.03e-08      0.00 7.035e-01 2.907e-01 5.707e-04 9.718e-04 2.195e-03 -1.000 5.848e-03 -3.977 -3.414 -2.529 -4.339
0.0055 -0.44261 8.82001 2.4532144070 2.5837925809    2.435  3.515  3.5829  0.594    7  0.000  0.346    62.32    36.57    24.45    18.65    15.29  3 -3.26e-08      0.00 7.035e-01 2.907e-01 5.707e-04 9.718e-04 2.195e-03 -1.000 5.848e-03 -4.016 -3.440 -2.547 -4.371
0.0055 -0.44261 8.82001 2.4532229900 2.5837928090    2.434  3.525  3.5820  0.579    7  0.000  0.346    64.07    37.52    25.06    19.12    15.67  3 -3.41e-08      0.00 7.035e-01 2.907e-01 5.707e-04 9.718e-04 2.195e-03 -1.000 5.848e-03 -4.042 -3.458 -2.558 -4.392
0.0055 -0.44261 8.82001 2.4532332420 2.5837930814    2.434  3.536  3.5809  0.564    7  0.000  0.346    66.01    38.56    25.72    19.64    16.10  3 -3.59e-08      0.00 7.035e-01 2.907e-01 5.707e-04 9.718e-04 2.195e-03 -1.000 5.848e-03 -4.069 -3.476 -2.569 -4.414
0.0055 -0.44261 8.82001 2.4532449245 2.5837933919    2.434  3.548  3.5797  0.547    7  0.000  0.346    68.31    39.80    26.51    20.25    16.60  3 -3.79e-08      0.00 7.035e-01 2.907e-01 5.707e-04 9.718e-04 2.195e-03 -1.000 5.848e-03 -4.100 -3.497 -2.581 -4.439
0.0055 -0.44261 8.82001 2.4532661438 2.5837939557    2.433  3.565  3.5780  0.524    7  0.000  0.346    71.47    41.49    27.58    21.08    17.28  3 -4.06e-08      0.00 7.035e-01 2.907e-01 5.707e-04 9.719e-04 2.195e-03 -1.000 5.848e-03 -4.141 -3.521 -2.593 -4.471
0.0055 -0.44261 8.82001 2.4532861710 2.5837944879    2.432  3.542  3.5802  0.554    7  0.000  0.346    67.28    39.24    26.16    19.97    16.37  3  -3.7e-08      0.00 7.035e-01 2.907e-01 5.707e-04 9.719e-04 2.195e-03 -1.000 5.848e-03 -4.086 -3.488 -2.576 -4.428
0.0055 -0.44261 8.82001 2.4532864094 2.5837944942    2.432  3.610  3.5731  0.459    7  0.000  0.346    81.20    46.67    30.86    23.63    19.38  2 -5.85e-08      0.00 7.035e-01 2.907e-01 5.707e-04 9.719e-04 2.195e-03 -1.000 5.848e-03 -4.254 -3.585 -2.617 -4.556
0.0055 -0.44261 8.82001 2.4532868862 2.5837945069    2.432  3.598  3.5744  0.475    7  0.000  0.346    78.61    45.30    30.00    22.96    18.82  2  -5.2e-08      0.00 7.035e-01 2.907e-01 5.707e-04 9.719e-04 2.195e-03 -1.000 5.848e-03 -4.226 -3.570 -2.613 -4.535
0.0055 -0.44261 8.82001 2.4532871246 2.5837945132    2.432  3.584  3.5760  0.496    7  0.000  0.346    75.49    43.64    28.95    22.14    18.15  2 -4.48e-08      0.00 7.035e-01 2.907e-01 5.707e-04 9.719e-04 2.195e-03 -1.000 5.848e-03 -4.190 -3.550 -2.606 -4.508
0.0055 -0.44261 8.82001 2.4532878399 2.5837945322    2.432  3.584  3.5760  0.496    7  0.000  0.346    75.42    43.60    28.92    22.12    18.14  2 -4.47e-08      0.00 7.035e-01 2.907e-01 5.707e-04 9.719e-04 2.195e-03 -1.000 5.848e-03 -4.190 -3.550 -2.606 -4.508
0.0055 -0.44261 8.82001 2.4532883167 2.5837945449    2.432  3.576  3.5769  0.508    7  0.000  0.346    73.71    42.69    28.34    21.67    17.77  2 -4.28e-08      0.00 7.035e-01 2.907e-01 5.707e-04 9.719e-04 2.195e-03 -1.000 5.848e-03 -4.169 -3.538 -2.601 -4.492
0.0055 -0.44261 8.82001 2.4532892704 2.5837945702    2.432  3.567  3.5778  0.520    7  0.000  0.346    71.97    41.76    27.75    21.21    17.39  3 -4.13e-08      0.00 7.035e-01 2.907e-01 5.707e-04 9.719e-04 2.195e-03 -1.000 5.848e-03 -4.148 -3.526 -2.596 -4.476
0.0055 -0.44261 8.82001 2.4532902241 2.5837945955    2.432  3.559  3.5786  0.531    7  0.000  0.346    70.45    40.95    27.24    20.81    17.06  3 -3.98e-08      0.00 7.035e-01 2.907e-01 5.707e-04 9.719e-04 2.195e-03 -1.000 5.848e-03 -4.129 -3.514 -2.591 -4.461
0.0055 -0.44261 8.82001 2.4532914162 2.5837946272    2.432  3.552  3.5793  0.542    7  0.000  0.346    68.99    40.17    26.74    20.43    16.75  3 -3.85e-08      0.00 7.035e-01 2.907e-01 5.707e-04 9.719e-04 2.195e-03 -1.000 5.848e-03 -4.109 -3.502 -2.584 -4.446
0.0055 -0.44261 8.82001 2.4532928467 2.5837946652    2.432  3.544  3.5801  0.552    7  0.000  0.346    67.56    39.40    26.25    20.05    16.43  3 -3.73e-08      0.00 7.035e-01 2.907e-01 5.707e-04 9.719e-04 2.195e-03 -1.000 5.848e-03 -4.090 -3.490 -2.578 -4.431
0.0055 -0.44261 8.82001 2.4532945156 2.5837947096    2.432  3.536  3.5808  0.563    7  0.000  0.346    66.15    38.64    25.77    19.68    16.13  3  -3.6e-08      0.00 7.035e-01 2.907e-01 5.707e-04 9.719e-04 2.195e-03 -1.000 5.848e-03 -4.071 -3.477 -2.570 -4.415
0.0055 -0.44261 8.82001 2.4532966614 2.5837947666    2.432  3.528  3.5815  0.574    7  0.000  0.346    64.76    37.89    25.29    19.31    15.82  3 -3.48e-08      0.00 7.035e-01 2.907e-01 5.707e-04 9.719e-04 2.195e-03 -1.000 5.848e-03 -4.051 -3.463 -2.561 -4.399
0.0055 -0.44261 8.82001 2.4532999992 2.5837948553    2.432  3.519  3.5824  0.587    7  0.000  0.346    63.12    37.00    24.73    18.87    15.46  3 -3.35e-08      0.00 7.035e-01 2.907e-01 5.707e-04 9.719e-04 2.195e-03 -1.000 5.848e-03 -4.027 -3.447 -2.550 -4.379
0.0055 -0.44261 8.82001 2.4533085823 2.5837950833    2.432  3.474  3.5866  0.649    7  0.000  0.346    55.90    33.09    22.22    16.93    13.87  3 -2.73e-08      0.00 7.035e-01 2.907e-01 5.707e-04 9.719e-04 2.195e-03 -1.000 5.848e-03 -3.914 -3.369 -2.499 -4.287
0.0055 -0.44261 8.82001 2.4533126354 2.5837951910    2.432  3.472  3.5868  0.651    7  0.000  0.346    55.71    32.99    22.16    16.88    13.83  3 -2.71e-08      0.00 7.035e-01 2.907e-01 5.707e-04 9.719e-04 2.195e-03 -1.000 5.848e-03 -3.911 -3.368 -2.498 -4.285
0.0055 -0.44261 8.82001 2.4533164501 2.5837952924    2.432  3.498  3.5844  0.616    7  0.000  0.346    59.66    35.13    23.53    17.94    14.70  3 -3.05e-08      0.00 7.035e-01 2.907e-01 5.707e-04 9.719e-04 2.195e-03 -1.000 5.848e-03 -3.975 -3.411 -2.527 -4.337
0.0055 -0.44261 8.82001 2.4533209801 2.5837954128    2.432  3.529  3.5816  0.573    7  0.000  0.346    64.81    37.92    25.31    19.32    15.83  3 -3.52e-08      0.00 7.035e-01 2.907e-01 5.707e-04 9.719e-04 2.195e-03 -1.000 5.848e-03 -4.052 -3.464 -2.562 -4.400
0.0055 -0.44261 8.82001 2.4533264637 2.5837955585    2.431  3.559  3.5787  0.532    7  0.000  0.346    70.32    40.88    27.19    20.78    17.03  3    -4e-08      0.00 7.035e-01 2.907e-01 5.707e-04 9.719e-04 2.195e-03 -1.000 5.848e-03 -4.127 -3.514 -2.591 -4.460
0.0055 -0.44261 8.82001 2.4533321857 2.5837957105    2.431  3.597  3.5749  0.478    7  0.000  0.346    78.10    45.02    29.82    22.82    18.71  2 -4.74e-08      0.00 7.035e-01 2.907e-01 5.707e-04 9.719e-04 2.195e-03 -1.000 5.848e-03 -4.222 -3.571 -2.617 -4.534
0.0055 -0.44261 8.82001 2.4533398151 2.5837959132    2.431  3.637  3.5708  0.422    7  0.000  0.346    87.18    49.83    32.85    25.18    20.65  2 -5.64e-08      0.00 7.035e-01 2.907e-01 5.707e-04 9.719e-04 2.195e-03 -1.000 5.848e-03 -4.322 -3.630 -2.642 -4.610
0.0055 -0.44261 8.82001 2.4533522129 2.5837962426    2.430  3.680  3.5662  0.360    7  0.000  0.346    98.50    55.76    36.58    28.08    23.04  2 -6.83e-08      0.00 7.035e-01 2.907e-01 5.707e-04 9.719e-04 2.195e-03 -1.000 5.848e-03 -4.431 -3.686 -2.650 -4.689
0.0055 -0.44261 8.82001 2.4533753395 2.5837968571    2.429  3.722  3.5615  0.299    7  0.000  0.346   110.98    62.24    40.63    31.24    25.64  2 -8.73e-08      0.00 7.035e-01 2.907e-01 5.707e-04 9.719e-04 2.195e-03 -1.000 5.848e-03 -4.536 -3.737 -2.650 -4.763
0.0055 -0.44261 8.82001 2.4533977509 2.5837974525    2.427  3.742  3.5593  0.270    7  0.000  0.346   117.42    65.55    42.69    32.85    26.96  2 -1.01e-07      0.00 7.035e-01 2.907e-01 5.707e-04 9.719e-04 2.195e-03 -1.000 5.848e-03 -4.585 -3.758 -2.646 -4.796
