Zini MH logAge Mini int_IMF Mass logL logTe logg label McoreTP C_O period0 period1 period2 period3 period4 pmode Mloss tau1m X Y Xc Xn Xo Cexcess Z mbolmag Gmag G_BPmag G_RPmag
0.0045 -0.53140 7.44001 0.0900000036 1.0816895926    0.090 -2.278  3.4563  4.448    0  0.000  0.545     0.00     0.00     0.00     0.00     0.00 -1 -1.33e-15      0.00 7.384e-01 2.570e-01 8.238e-04 2.222e-04 2.016e-03 -1.000 4.581e-03 10.466 11.779 13.824 10.455
0.0045 -0.53140 7.44001 0.0918336287 1.0990258288    0.092 -2.266  3.4578  4.450    0  0.000  0.545     0.00     0.00     0.00     0.00     0.00 -1 -1.36e-15      0.00 7.384e-01 2.570e-01 8.238e-04 2.222e-04 2.016e-03 -1.000 4.581e-03 10.434 11.732 13.753 10.413
0.0045 -0.53140 7.44001 0.0995466039 1.1673078307    0.100 -2.211  3.4640  4.455    0  0.000  0.545     0.00     0.00     0.00     0.00     0.00 -1 -1.47e-15      0.00 7.384e-01 2.570e-01 8.238e-04 2.222e-04 2.016e-03 -1.000 4.581e-03 10.298 11.537 13.464 10.238
0.0045 -0.53140 7.44001 0.1000000089 1.1711064744    0.100 -2.208  3.4644  4.456    0  0.000  0.545     0.00     0.00     0.00     0.00     0.00 -1 -1.47e-15      0.00 7.384e-01 2.570e-01 8.238e-04 2.222e-04 2.016e-03 -1.000 4.581e-03 10.291 11.526 13.448 10.228
0.0045 -0.53140 7.44001 0.1043464541 1.2064210188    0.104 -2.181  3.4673  4.459    0  0.000  0.545     0.00     0.00     0.00     0.00     0.00 -1 -1.53e-15      0.00 7.384e-01 2.570e-01 8.238e-04 2.222e-04 2.016e-03 -1.000 4.581e-03 10.224 11.431 13.311 10.143
0.0045 -0.53140 7.44001 0.1176887751 1.3038895561    0.118 -2.102  3.4758  4.466    0  0.000  0.545     0.00     0.00     0.00     0.00     0.00 -1 -1.71e-15      0.00 7.384e-01 2.570e-01 8.238e-04 2.222e-04 2.016e-03 -1.000 4.581e-03 10.026 11.155 12.915 9.894
0.0045 -0.53140 7.44001 0.1199999973 1.3193154249    0.120 -2.090  3.4772  4.468    0  0.000  0.545     0.00     0.00     0.00     0.00     0.00 -1 -1.74e-15      0.00 7.384e-01 2.570e-01 8.238e-04 2.222e-04 2.016e-03 -1.000 4.581e-03 9.994 11.110 12.851 9.854
0.0045 -0.53140 7.44001 0.1274776608 1.3666922026    0.127 -2.051  3.4811  4.471    0  0.000  0.545     0.00     0.00     0.00     0.00     0.00 -1 -1.84e-15      0.00 7.384e-01 2.570e-01 8.238e-04 2.222e-04 2.016e-03 -1.000 4.581e-03 9.898 10.978 12.666 9.735
0.0045 -0.53140 7.44001 0.1400000006 1.4384526719    0.140 -1.990  3.4871  4.474    0  0.000  0.545     0.00     0.00     0.00     0.00     0.00 -1 -2.02e-15      0.00 7.384e-01 2.570e-01 8.238e-04 2.222e-04 2.016e-03 -1.000 4.581e-03 9.745 10.769 12.375 9.549
0.0045 -0.53140 7.44001 0.1599999964 1.5372931554    0.160 -1.905  3.4954  4.480    0  0.000  0.545     0.00     0.00     0.00     0.00     0.00 -1 -2.28e-15      0.00 7.384e-01 2.570e-01 8.238e-04 2.222e-04 2.016e-03 -1.000 4.581e-03 9.532 10.485 11.994 9.293
0.0045 -0.53140 7.44001 0.2007307708 1.6963523496    0.201 -1.757  3.5098  4.489    0  0.000  0.545     0.00     0.00     0.00     0.00     0.00 -1 -2.83e-15      0.00 7.384e-01 2.570e-01 8.238e-04 2.222e-04 2.016e-03 -1.000 4.581e-03 9.163 10.007 11.371 8.861
0.0045 -0.53140 7.44001 0.2247397900 1.7716415933    0.225 -1.686  3.5165  4.494    0  0.000  0.545     0.00     0.00     0.00     0.00     0.00 -1 -3.13e-15      0.00 7.384e-01 2.570e-01 8.238e-04 2.222e-04 2.016e-03 -1.000 4.581e-03 8.985 9.781 11.086 8.657
0.0045 -0.53140 7.44001 0.2416920811 1.8187706229    0.242 -1.640  3.5209  4.497    0  0.000  0.545     0.00     0.00     0.00     0.00     0.00 -1 -3.34e-15      0.00 7.384e-01 2.570e-01 8.238e-04 2.222e-04 2.016e-03 -1.000 4.581e-03 8.870 9.635 10.902 8.525
0.0045 -0.53140 7.44001 0.2543709278 1.8512959747    0.254 -1.608  3.5239  4.500    0  0.000  0.545     0.00     0.00     0.00     0.00     0.00 -1 -3.49e-15      0.00 7.384e-01 2.570e-01 8.238e-04 2.222e-04 2.016e-03 -1.000 4.581e-03 8.791 9.537 10.781 8.436
0.0045 -0.53140 7.44001 0.2757525146 1.9016345452    0.276 -1.558  3.5284  4.502    0  0.000  0.545     0.00     0.00     0.00     0.00     0.00 -1 -3.73e-15      0.00 7.384e-01 2.570e-01 8.238e-04 2.222e-04 2.016e-03 -1.000 4.581e-03 8.664 9.381 10.591 8.294
0.0045 -0.53140 7.44001 0.2875029445 1.9271868250    0.287 -1.530  3.5308  4.502    0  0.000  0.545     0.00     0.00     0.00     0.00     0.00 -1 -3.91e-15      0.00 7.384e-01 2.570e-01 8.238e-04 2.222e-04 2.016e-03 -1.000 4.581e-03 8.596 9.298 10.491 8.218
0.0045 -0.53140 7.44001 0.3000000119 1.9529139769    0.300 -1.503  3.5332  4.503    0  0.000  0.545     0.00     0.00     0.00     0.00     0.00 -1 -4.09e-15      0.00 7.384e-01 2.570e-01 8.238e-04 2.222e-04 2.016e-03 -1.000 4.581e-03 8.527 9.215 10.391 8.142
0.0045 -0.53140 7.44001 0.3344595730 2.0171860954    0.334 -1.435  3.5394  4.507    0  0.000  0.545     0.00     0.00     0.00     0.00     0.00 -1 -4.51e-15      0.00 7.384e-01 2.570e-01 8.238e-04 2.222e-04 2.016e-03 -1.000 4.581e-03 8.357 9.008 10.141 7.952
0.0045 -0.53140 7.44001 0.3499999642 2.0434174156    0.350 -1.406  3.5419  4.508    0  0.000  0.545     0.00     0.00     0.00     0.00     0.00 -1 -4.71e-15      0.00 7.384e-01 2.570e-01 8.238e-04 2.222e-04 2.016e-03 -1.000 4.581e-03 8.284 8.920 10.037 7.872
0.0045 -0.53140 7.44001 0.3915475905 2.1066942292    0.391 -1.332  3.5487  4.509    0  0.000  0.545     0.00     0.00     0.00     0.00     0.00 -1 -5.27e-15      0.00 7.384e-01 2.570e-01 8.238e-04 2.222e-04 2.016e-03 -1.000 4.581e-03 8.100 8.696 9.771 7.668
0.0045 -0.53140 7.44001 0.3999999762 2.1185023988    0.400 -1.318  3.5500  4.510    0  0.000  0.545     0.00     0.00     0.00     0.00     0.00 -1 -5.38e-15      0.00 7.384e-01 2.570e-01 8.238e-04 2.222e-04 2.016e-03 -1.000 4.581e-03 8.065 8.654 9.720 7.630
0.0045 -0.53140 7.44001 0.4489372671 2.1810226418    0.449 -1.233  3.5584  4.508    0  0.000  0.545     0.00     0.00     0.00     0.00     0.00 -1 -6.18e-15      0.00 7.384e-01 2.570e-01 8.238e-04 2.222e-04 2.016e-03 -1.000 4.581e-03 7.852 8.395 9.412 7.395
0.0045 -0.53140 7.44001 0.4499999881 2.1822809009    0.450 -1.231  3.5586  4.508    0  0.000  0.545     0.00     0.00     0.00     0.00     0.00 -1  -6.2e-15      0.00 7.384e-01 2.570e-01 8.238e-04 2.222e-04 2.016e-03 -1.000 4.581e-03 7.848 8.390 9.405 7.390
0.0045 -0.53140 7.44001 0.4999999404 2.2374540715    0.500 -1.146  3.5683  4.508    0  0.000  0.545     0.00     0.00     0.00     0.00     0.00 -1 -7.17e-15      0.00 7.384e-01 2.570e-01 8.238e-04 2.222e-04 2.016e-03 -1.000 4.581e-03 7.634 8.124 9.086 7.152
0.0045 -0.53140 7.44001 0.5239825845 2.2608815056    0.524 -1.103  3.5737  4.507    0  0.000  0.545     0.00     0.00     0.00     0.00     0.00 -1 -7.73e-15      0.00 7.384e-01 2.570e-01 8.238e-04 2.222e-04 2.016e-03 -1.000 4.581e-03 7.527 7.990 8.925 7.033
0.0045 -0.53140 7.44001 0.5500000119 2.2836582633    0.550 -1.048  3.5804  4.500    0  0.000  0.545     0.00     0.00     0.00     0.00     0.00 -1 -8.63e-15      0.00 7.384e-01 2.570e-01 8.238e-04 2.222e-04 2.016e-03 -1.000 4.581e-03 7.390 7.822 8.725 6.882
0.0045 -0.53140 7.44001 0.5682131648 2.2981834930    0.568 -1.012  3.5860  4.500    0  0.000  0.545     0.00     0.00     0.00     0.00     0.00 -1 -9.22e-15      0.00 7.384e-01 2.570e-01 8.238e-04 2.222e-04 2.016e-03 -1.000 4.581e-03 7.299 7.706 8.584 6.781
0.0045 -0.53140 7.44001 0.5999999642 2.3211212854    0.600 -0.937  3.5973  4.494    0  0.000  0.545     0.00     0.00     0.00     0.00     0.00 -1 -1.07e-14      0.00 7.384e-01 2.570e-01 8.238e-04 2.222e-04 2.016e-03 -1.000 4.581e-03 7.112 7.474 8.304 6.576
0.0045 -0.53140 7.44001 0.6076045036 2.3262013188    0.607 -0.920  3.6004  4.495    0  0.000  0.545     0.00     0.00     0.00     0.00     0.00 -1  -1.1e-14      0.00 7.384e-01 2.570e-01 8.238e-04 2.222e-04 2.016e-03 -1.000 4.581e-03 7.071 7.421 8.239 6.531
0.0045 -0.53140 7.44001 0.6231892109 2.3361682010    0.623 -0.876  3.6081  4.493    0  0.000  0.545     0.00     0.00     0.00     0.00     0.00 -1  -1.2e-14      0.00 7.385e-01 2.569e-01 8.238e-04 2.222e-04 2.016e-03 -1.000 4.581e-03 6.959 7.282 8.069 6.410
0.0045 -0.53140 7.44001 0.6499999166 2.3520352771    0.650 -0.790  3.6241  4.489    0  0.000  0.545     0.00     0.00     0.00     0.00     0.00 -1 -1.44e-14      0.00 7.385e-01 2.569e-01 8.238e-04 2.222e-04 2.016e-03 -1.000 4.581e-03 6.745 7.011 7.734 6.179
0.0045 -0.53140 7.44001 0.6655173302 2.3605500376    0.666 -0.738  3.6349  4.491    0  0.000  0.545     0.00     0.00     0.00     0.00     0.00 -1  -1.6e-14      0.00 7.385e-01 2.569e-01 8.238e-04 2.222e-04 2.016e-03 -1.000 4.581e-03 6.615 6.838 7.517 6.037
0.0045 -0.53140 7.44001 0.6902787685 2.3732297902    0.690 -0.648  3.6544  4.495    0  0.000  0.545     0.00     0.00     0.00     0.00     0.00 -1 -1.92e-14      0.00 7.385e-01 2.569e-01 8.237e-04 2.222e-04 2.016e-03 -1.000 4.581e-03 6.390 6.530 7.125 5.789
0.0045 -0.53140 7.44001 0.6999999881 2.3779266974    0.700 -0.611  3.6627  4.497    0  0.000  0.545     0.00     0.00     0.00     0.00     0.00 -1 -2.08e-14      0.00 7.385e-01 2.569e-01 8.237e-04 2.222e-04 2.016e-03 -1.000 4.581e-03 6.297 6.405 6.968 5.688
0.0045 -0.53140 7.44001 0.7025921941 2.3791539328    0.703 -0.601  3.6654  4.499    0  0.000  0.544     0.00     0.00     0.00     0.00     0.00 -1 -2.12e-14      0.00 7.385e-01 2.569e-01 8.231e-04 2.222e-04 2.016e-03 -1.000 4.581e-03 6.271 6.370 6.924 5.660
0.0045 -0.53140 7.44001 0.7216338515 2.3878589602    0.722 -0.526  3.6845  4.512    0  0.000  0.542     0.00     0.00     0.00     0.00     0.00 -1 -2.44e-14      0.00 7.385e-01 2.569e-01 8.189e-04 2.221e-04 2.016e-03 -1.000 4.581e-03 6.085 6.121 6.615 5.460
0.0045 -0.53140 7.44001 0.7378953695 2.3948854524    0.738 -0.461  3.7007  4.521    0  0.000  0.539     0.00     0.00     0.00     0.00     0.00 -1 -2.77e-14      0.00 7.385e-01 2.569e-01 8.154e-04 2.220e-04 2.016e-03 -1.000 4.581e-03 5.922 5.914 6.366 5.291
0.0045 -0.53140 7.44001 0.7483875155 2.3992331269    0.748 -0.418  3.7110  4.526    0  0.000  0.538     0.00     0.00     0.00     0.00     0.00 -1 -3.02e-14      0.00 7.385e-01 2.569e-01 8.132e-04 2.220e-04 2.016e-03 -1.000 4.581e-03 5.815 5.786 6.211 5.187
0.0045 -0.53140 7.44001 0.7594516277 2.4036684814    0.759 -0.378  3.7188  4.524    0  0.000  0.538     0.00     0.00     0.00     0.00     0.00 -1  -3.3e-14      0.00 7.385e-01 2.569e-01 8.131e-04 2.220e-04 2.016e-03 -1.000 4.581e-03 5.716 5.672 6.079 5.091
0.0045 -0.53140 7.44001 0.7836547494 2.4128707472    0.783 -0.293  3.7356  4.520    0  0.000  0.538     0.00     0.00     0.00     0.00     0.00 -1 -3.96e-14      0.00 7.385e-01 2.569e-01 8.130e-04 2.220e-04 2.016e-03 -1.000 4.581e-03 5.504 5.437 5.808 4.891
0.0045 -0.53140 7.44001 0.7967749834 2.4175913256    0.797 -0.248  3.7446  4.518    0  0.000  0.538     0.00     0.00     0.00     0.00     0.00 -1 -4.37e-14      0.00 7.385e-01 2.569e-01 8.129e-04 2.219e-04 2.016e-03 -1.000 4.581e-03 5.391 5.315 5.667 4.788
0.0045 -0.53140 7.44001 0.7978007197 2.4179528610    0.798 -0.245  3.7453  4.518    0  0.000  0.538     0.00     0.00     0.00     0.00     0.00 -1 -4.41e-14      0.00 7.385e-01 2.569e-01 8.129e-04 2.219e-04 2.016e-03 -1.000 4.581e-03 5.382 5.306 5.656 4.780
0.0045 -0.53140 7.44001 0.8212829828 2.4259463217    0.821 -0.171  3.7595  4.514    0  0.000  0.538     0.00     0.00     0.00     0.00     0.00 -1 -5.17e-14      0.00 7.385e-01 2.569e-01 8.129e-04 2.219e-04 2.016e-03 -1.000 4.581e-03 5.199 5.113 5.434 4.617
0.0045 -0.53140 7.44001 0.8304797411 2.4289356313    0.830 -0.150  3.7640  4.515    0  0.000  0.538     0.00     0.00     0.00     0.00     0.00 -1 -5.41e-14      0.00 7.385e-01 2.569e-01 8.129e-04 2.219e-04 2.016e-03 -1.000 4.581e-03 5.145 5.057 5.370 4.572
0.0045 -0.53140 7.44001 0.8451624513 2.4335533786    0.845 -0.127  3.7691  4.521    0  0.000  0.538     0.00     0.00     0.00     0.00     0.00 -1 -5.62e-14      0.00 7.385e-01 2.569e-01 8.128e-04 2.219e-04 2.016e-03 -1.000 4.581e-03 5.088 4.999 5.302 4.525
0.0045 -0.53140 7.44001 0.8871357441 2.4457900214    0.886 -0.076  3.7825  4.543    0  0.000  0.538     0.00     0.00     0.00     0.00     0.00 -1 -6.07e-14      0.00 7.385e-01 2.569e-01 8.125e-04 2.219e-04 2.016e-03 -1.000 4.581e-03 4.959 4.870 5.147 4.425
0.0045 -0.53140 7.44001 0.8935499191 2.4475438855    0.893 -0.070  3.7838  4.546    0  0.000  0.538     0.00     0.00     0.00     0.00     0.00 -1 -6.11e-14      0.00 7.386e-01 2.569e-01 8.125e-04 2.219e-04 2.016e-03 -1.000 4.581e-03 4.946 4.856 5.131 4.414
0.0045 -0.53140 7.44001 0.9157459140 2.4533956114    0.915 -0.053  3.7878  4.556    0  0.000  0.537     0.00     0.00     0.00     0.00     0.00 -1  -6.2e-14      0.00 7.386e-01 2.568e-01 8.125e-04 2.219e-04 2.016e-03 -1.000 4.572e-03 4.903 4.814 5.081 4.381
0.0045 -0.53140 7.44001 0.9419373274 2.4598943945    0.941 -0.020  3.7927  4.555    0  0.000  0.538     0.00     0.00     0.00     0.00     0.00 -1 -6.59e-14      0.00 7.386e-01 2.568e-01 8.124e-04 2.218e-04 2.015e-03 -1.000 4.560e-03 4.821 4.734 4.991 4.311
0.0045 -0.53140 7.44001 0.9517368674 2.4622204337    0.951 -0.009  3.7943  4.555    0  0.000  0.538     0.00     0.00     0.00     0.00     0.00 -1 -6.72e-14      0.00 7.386e-01 2.568e-01 8.124e-04 2.218e-04 2.015e-03 -1.000 4.565e-03 4.793 4.706 4.961 4.288
0.0045 -0.53140 7.44001 0.9903249145 2.4708673939    0.990  0.055  3.8017  4.537    0  0.000  0.538     0.00     0.00     0.00     0.00     0.00 -1 -7.78e-14      0.00 7.386e-01 2.568e-01 8.124e-04 2.218e-04 2.015e-03 -1.000 4.581e-03 4.631 4.547 4.788 4.145
0.0045 -0.53140 7.44001 1.0006910563 2.4730599910    1.000  0.072  3.8036  4.533    0  0.000  0.538     0.00     0.00     0.00     0.00     0.00 -1 -7.96e-14      0.00 7.386e-01 2.568e-01 8.123e-04 2.218e-04 2.015e-03 -1.000 4.581e-03 4.591 4.507 4.746 4.109
0.0045 -0.53140 7.44001 1.0387122631 2.4806730364    1.038  0.148  3.8118  4.505    0  0.000  0.538     0.00     0.00     0.00     0.00     0.00 -1 -9.19e-14      0.00 7.387e-01 2.567e-01 8.122e-04 2.218e-04 2.014e-03 -1.000 4.581e-03 4.399 4.319 4.543 3.939
0.0045 -0.53140 7.44001 1.0464953184 2.4821532116    1.046  0.164  3.8134  4.499    0  0.000  0.538     0.00     0.00     0.00     0.00     0.00 -1 -9.42e-14      0.00 7.387e-01 2.567e-01 8.122e-04 2.218e-04 2.014e-03 -1.000 4.581e-03 4.361 4.280 4.502 3.905
0.0045 -0.53140 7.44001 1.0870997906 2.4894816928    1.086  0.243  3.8223  4.472    0  0.000  0.538     0.00     0.00     0.00     0.00     0.00 -1 -1.07e-13      0.00 7.387e-01 2.567e-01 8.123e-04 2.218e-04 2.014e-03 -1.000 4.581e-03 4.162 4.084 4.291 3.728
0.0045 -0.53140 7.44001 1.1039233208 2.4923370487    1.103  0.275  3.8260  4.462    0  0.000  0.538     0.00     0.00     0.00     0.00     0.00 -1 -1.12e-13      0.00 7.388e-01 2.567e-01 8.123e-04 2.218e-04 2.014e-03 -1.000 4.581e-03 4.084 4.007 4.208 3.659
0.0045 -0.53140 7.44001 1.1354873180 2.4974326128    1.135  0.332  3.8329  4.445    0  0.000  0.538     0.00     0.00     0.00     0.00     0.00 -1 -1.22e-13      0.00 7.388e-01 2.566e-01 8.123e-04 2.218e-04 2.014e-03 -1.000 4.581e-03 3.940 3.865 4.055 3.533
0.0045 -0.53140 7.44001 1.1838748455 2.5046407594    1.183  0.415  3.8438  4.423    0  0.000  0.538     0.00     0.00     0.00     0.00     0.00 -1 -1.36e-13      0.00 7.388e-01 2.566e-01 8.122e-04 2.218e-04 2.014e-03 -1.000 4.580e-03 3.732 3.660 3.833 3.352
0.0045 -0.53140 7.44001 1.2322621346 2.5112017713    1.232  0.494  3.8559  4.410    0  0.000  0.538     0.00     0.00     0.00     0.00     0.00 -1 -1.47e-13      0.00 7.388e-01 2.566e-01 8.121e-04 2.218e-04 2.014e-03 -1.000 4.580e-03 3.535 3.467 3.622 3.187
0.0045 -0.53140 7.44001 1.2806496620 2.5171959299    1.280  0.569  3.8698  4.408    0  0.000  0.538     0.00     0.00     0.00     0.00     0.00 -1 -1.54e-13      0.00 7.388e-01 2.566e-01 8.121e-04 2.217e-04 2.014e-03 -1.000 4.577e-03 3.348 3.286 3.421 3.038
0.0045 -0.53140 7.44001 1.3290373087 2.5226909434    1.329  0.640  3.8851  4.414    0  0.000  0.538     0.00     0.00     0.00     0.00     0.00 -1 -1.57e-13      0.00 7.388e-01 2.566e-01 8.120e-04 2.217e-04 2.014e-03 -1.000 4.576e-03 3.169 3.116 3.229 2.904
0.0045 -0.53140 7.44001 1.3774247169 2.5277443269    1.377  0.708  3.9007  4.424    0  0.000  0.538     0.00     0.00     0.00     0.00     0.00 -1 -1.55e-13      0.00 7.388e-01 2.566e-01 8.119e-04 2.217e-04 2.013e-03 -1.000 4.579e-03 3.000 2.957 3.050 2.784
0.0045 -0.53140 7.44001 1.4258121252 2.5324053073    1.426  0.773  3.9157  4.434    0  0.000  0.538     0.00     0.00     0.00     0.00     0.00 -1 -1.48e-13      0.00 7.389e-01 2.565e-01 8.118e-04 2.217e-04 2.013e-03 -1.000 4.574e-03 2.837 2.812 2.884 2.675
0.0045 -0.53140 7.44001 1.4741996527 2.5367161847    1.474  0.835  3.9301  4.444    0  0.000  0.538     0.00     0.00     0.00     0.00     0.00 -1 -1.37e-13      0.00 7.389e-01 2.565e-01 8.118e-04 2.217e-04 2.013e-03 -1.000 4.579e-03 2.683 2.680 2.733 2.578
0.0045 -0.53140 7.44001 1.5225870609 2.5407134771    1.522  0.894  3.9436  4.453    0  0.000  0.538     0.00     0.00     0.00     0.00     0.00 -1 -1.19e-13      0.00 7.389e-01 2.565e-01 8.118e-04 2.217e-04 2.014e-03 -1.000 4.568e-03 2.535 2.566 2.604 2.493
0.0045 -0.53140 7.44001 1.5709745884 2.5444289269    1.571  0.951  3.9564  4.461    0  0.000  0.538     0.00     0.00     0.00     0.00     0.00 -1 -9.57e-14      0.00 7.390e-01 2.565e-01 8.117e-04 2.216e-04 2.013e-03 -1.000 4.563e-03 2.392 2.462 2.488 2.414
0.0045 -0.53140 7.44001 1.6193619967 2.5478901813    1.619  1.006  3.9686  4.468    0  0.000  0.538     0.00     0.00     0.00     0.00     0.00 -1 -6.41e-14      0.00 7.390e-01 2.564e-01 8.116e-04 2.216e-04 2.013e-03 -1.000 4.562e-03 2.255 2.368 2.383 2.339
0.0045 -0.53140 7.44001 1.6677495241 2.5511214867    1.667  1.058  3.9799  4.474    1  0.000  0.538     0.00     0.00     0.00     0.00     0.00 -1 -5.51e-20      0.00 7.390e-01 2.564e-01 8.116e-04 2.216e-04 2.013e-03 -1.000 4.571e-03 2.125 2.282 2.289 2.270
0.0045 -0.53140 7.44001 1.7161370516 2.5541441388    1.715  1.110  3.9912  4.479    0  0.000  0.537     0.00     0.00     0.00     0.00     0.00 -1    -1e-30      0.00 7.390e-01 2.564e-01 8.115e-04 2.216e-04 2.013e-03 -1.000 4.527e-03 1.995 2.200 2.200 2.201
0.0045 -0.53140 7.44001 1.7645244598 2.5569769339    1.763  1.159  4.0017  4.484    0  0.000  0.538     0.00     0.00     0.00     0.00     0.00 -1    -1e-30      0.00 7.390e-01 2.565e-01 8.115e-04 2.216e-04 2.013e-03 -1.000 4.581e-03 1.872 2.123 2.117 2.136
0.0045 -0.53140 7.44001 1.8143253326 2.5597117749    1.813  1.207  4.0117  4.488    1  0.000  0.538     0.00     0.00     0.00     0.00     0.00 -1    -1e-30      0.00 7.390e-01 2.564e-01 8.115e-04 2.216e-04 2.013e-03 -1.000 4.581e-03 1.752 2.050 2.038 2.073
0.0045 -0.53140 7.44001 1.8641264439 2.5622792652    1.863  1.254  4.0213  4.492    1  0.000  0.537     0.00     0.00     0.00     0.00     0.00 -1    -1e-30      0.00 7.390e-01 2.564e-01 8.114e-04 2.216e-04 2.013e-03 -1.000 4.581e-03 1.635 1.980 1.963 2.012
0.0045 -0.53140 7.44001 1.9139275551 2.5646937055    1.913  1.299  4.0305  4.494    0  0.000  0.538     0.00     0.00     0.00     0.00     0.00 -1    -1e-30      0.00 7.390e-01 2.564e-01 8.114e-04 2.216e-04 2.013e-03 -1.000 4.581e-03 1.521 1.911 1.890 1.951
0.0045 -0.53140 7.44001 1.9637286663 2.5669678549    1.963  1.343  4.0391  4.496    1  0.000  0.538     0.00     0.00     0.00     0.00     0.00 -1    -1e-30      0.00 7.391e-01 2.564e-01 8.114e-04 2.216e-04 2.013e-03 -1.000 4.543e-03 1.413 1.846 1.821 1.893
0.0045 -0.53140 7.44001 2.0135295391 2.5691131108    2.013  1.385  4.0473  4.498    0  0.000  0.538     0.00     0.00     0.00     0.00     0.00 -1    -1e-30      0.00 7.391e-01 2.564e-01 8.113e-04 2.216e-04 2.013e-03 -1.000 4.581e-03 1.307 1.782 1.754 1.835
0.0045 -0.53140 7.44001 2.0633306503 2.5711397217    2.063  1.426  4.0550  4.498    1  0.000  0.538     0.00     0.00     0.00     0.00     0.00 -1    -1e-30      0.00 7.391e-01 2.563e-01 8.113e-04 2.216e-04 2.013e-03 -1.000 4.581e-03 1.205 1.720 1.690 1.779
0.0045 -0.53140 7.44001 2.1131315231 2.5730568631    2.112  1.466  4.0624  4.498    1  0.000  0.537     0.00     0.00     0.00     0.00     0.00 -1    -1e-30      0.00 7.391e-01 2.564e-01 8.114e-04 2.216e-04 2.013e-03 -1.000 4.522e-03 1.106 1.660 1.626 1.724
0.0045 -0.53140 7.44001 2.1629328728 2.5748728496    2.162  1.505  4.0697  4.498    1  0.000  0.538     0.00     0.00     0.00     0.00     0.00 -1    -1e-30      0.00 7.391e-01 2.563e-01 8.114e-04 2.215e-04 2.012e-03 -1.000 4.570e-03 1.007 1.600 1.564 1.669
0.0045 -0.53140 7.44001 2.2127337456 2.5765951351    2.211  1.543  4.0765  4.498    1  0.000  0.538     0.00     0.00     0.00     0.00     0.00 -1    -1e-30      0.00 7.391e-01 2.563e-01 8.113e-04 2.215e-04 2.012e-03 -1.000 4.579e-03 0.913 1.543 1.504 1.616
0.0045 -0.53140 7.44001 2.2625348568 2.5782305270    2.261  1.579  4.0828  4.496    1  0.000  0.538     0.00     0.00     0.00     0.00     0.00 -1    -1e-30      0.00 7.391e-01 2.563e-01 8.113e-04 2.215e-04 2.012e-03 -1.000 4.581e-03 0.822 1.486 1.445 1.563
0.0045 -0.53140 7.44001 2.3123357296 2.5797851659    2.311  1.616  4.0894  4.496    1  0.000  0.538     0.00     0.00     0.00     0.00     0.00 -1    -1e-30      0.00 7.391e-01 2.563e-01 8.113e-04 2.215e-04 2.012e-03 -1.000 4.581e-03 0.731 1.431 1.388 1.512
0.0045 -0.53140 7.44001 2.3621368408 2.5812646664    2.361  1.650  4.0954  4.494    1  0.000  0.538     0.00     0.00     0.00     0.00     0.00 -1    -1e-30      0.00 7.391e-01 2.563e-01 8.113e-04 2.215e-04 2.012e-03 -1.000 4.581e-03 0.644 1.377 1.331 1.461
0.0045 -0.53140 7.44001 2.4119379520 2.5826741251    2.411  1.685  4.1012  4.492    1  0.000  0.538     0.00     0.00     0.00     0.00     0.00 -1    -1e-30      0.00 7.391e-01 2.563e-01 8.114e-04 2.216e-04 2.012e-03 -1.000 4.551e-03 0.559 1.324 1.276 1.412
0.0045 -0.53140 7.44001 2.5391051769 2.5859864586    2.538  1.768  4.1147  4.486    1  0.000  0.538     0.00     0.00     0.00     0.00     0.00 -1    -1e-30      0.00 7.388e-01 2.567e-01 8.124e-04 2.218e-04 2.015e-03 -1.000 4.568e-03 0.351 1.191 1.140 1.287
0.0045 -0.53140 7.44001 2.6111419201 2.5876990578    2.611  1.813  4.1223  4.482    1  0.000  0.538     0.00     0.00     0.00     0.00     0.00 -1    -1e-30      0.00 7.385e-01 2.569e-01 8.131e-04 2.219e-04 2.017e-03 -1.000 4.581e-03 0.236 1.119 1.065 1.220
0.0045 -0.53140 7.44001 2.8103461266 2.5919137601    2.810  1.934  4.1419  4.473    1  0.000  0.538     0.00     0.00     0.00     0.00     0.00 -1    -1e-30      0.00 7.385e-01 2.569e-01 8.131e-04 2.219e-04 2.017e-03 -1.000 4.581e-03 -0.064 0.931 0.871 1.042
0.0045 -0.53140 7.44001 3.0095503330 2.5954933738    3.009  2.045  4.1595  4.462    1  0.000  0.538     0.00     0.00     0.00     0.00     0.00 -1    -1e-30      0.00 7.385e-01 2.569e-01 8.131e-04 2.219e-04 2.017e-03 -1.000 4.581e-03 -0.342 0.754 0.689 0.875
0.0045 -0.53140 7.44001 3.1709847450 2.5980180741    3.170  2.130  4.1732  4.454    1  0.000  0.538     0.00     0.00     0.00     0.00     0.00 -1    -1e-30      0.00 7.385e-01 2.569e-01 8.131e-04 2.219e-04 2.017e-03 -1.000 4.581e-03 -0.555 0.621 0.551 0.750
0.0045 -0.53140 7.44001 3.2087545395 2.5985667500    3.208  2.149  4.1762  4.452    1  0.000  0.538     0.00     0.00     0.00     0.00     0.00 -1    -1e-30      0.00 7.385e-01 2.569e-01 8.131e-04 2.219e-04 2.017e-03 -1.000 4.581e-03 -0.603 0.590 0.520 0.721
0.0045 -0.53140 7.44001 3.4079587460 2.6012306511    3.406  2.247  4.1910  4.439    1  0.000  0.538     0.00     0.00     0.00     0.00     0.00 -1    -1e-30      0.00 7.385e-01 2.569e-01 8.131e-04 2.219e-04 2.017e-03 -1.000 4.581e-03 -0.847 0.433 0.359 0.572
0.0045 -0.53140 7.44001 3.4350416660 2.6015654899    3.433  2.259  4.1929  4.438    1  0.000  0.538     0.00     0.00     0.00     0.00     0.00 -1    -1e-30      0.00 7.385e-01 2.569e-01 8.131e-04 2.219e-04 2.017e-03 -1.000 4.581e-03 -0.879 0.412 0.337 0.553
0.0045 -0.53140 7.44001 3.6071624756 2.6035590558    3.605  2.339  4.2050  4.428    1  0.000  0.538     0.00     0.00     0.00     0.00     0.00 -1    -1e-30      0.00 7.385e-01 2.569e-01 8.131e-04 2.219e-04 2.017e-03 -1.000 4.581e-03 -1.078 0.285 0.206 0.432
0.0045 -0.53140 7.44001 3.7335603237 2.6048892102    3.731  2.395  4.2135  4.421    1  0.000  0.538     0.00     0.00     0.00     0.00     0.00 -1    -1e-30      0.00 7.385e-01 2.569e-01 8.131e-04 2.219e-04 2.017e-03 -1.000 4.581e-03 -1.218 0.195 0.114 0.347
0.0045 -0.53140 7.44001 3.8063669205 2.6056094485    3.804  2.427  4.2183  4.417    1  0.000  0.538     0.00     0.00     0.00     0.00     0.00 -1    -1e-30      0.00 7.385e-01 2.569e-01 8.131e-04 2.219e-04 2.017e-03 -1.000 4.581e-03 -1.297 0.144 0.062 0.299
0.0045 -0.53140 7.44001 4.0055708885 2.6074270928    4.006  2.510  4.2307  4.405    1  0.000  0.538     0.00     0.00     0.00     0.00     0.00 -1    -1e-30      0.00 7.385e-01 2.569e-01 8.131e-04 2.219e-04 2.017e-03 -1.000 4.581e-03 -1.505 0.010 -0.077 0.171
0.0045 -0.53140 7.44001 4.2047748566 2.6090481148    4.203  2.589  4.2423  4.393    1  0.000  0.538     0.00     0.00     0.00     0.00     0.00 -1    -1e-30      0.00 7.385e-01 2.569e-01 8.131e-04 2.219e-04 2.017e-03 -1.000 4.581e-03 -1.703 -0.120 -0.210 0.048
0.0045 -0.53140 7.44001 4.2436652184 2.6093442339    4.241  2.604  4.2445  4.391    1  0.000  0.538     0.00     0.00     0.00     0.00     0.00 -1    -1e-30      0.00 7.385e-01 2.569e-01 8.131e-04 2.219e-04 2.017e-03 -1.000 4.581e-03 -1.741 -0.145 -0.235 0.024
0.0045 -0.53140 7.44001 4.4039793015 2.6105016626    4.401  2.665  4.2533  4.381    1  0.000  0.538     0.00     0.00     0.00     0.00     0.00 -1    -1e-30      0.00 7.385e-01 2.569e-01 8.131e-04 2.219e-04 2.017e-03 -1.000 4.581e-03 -1.894 -0.246 -0.338 -0.072
0.0045 -0.53140 7.44001 4.6031832695 2.6118114871    4.601  2.738  4.2636  4.369    1  0.000  0.538     0.00     0.00     0.00     0.00     0.00 -1    -1e-30      0.00 7.385e-01 2.569e-01 8.131e-04 2.219e-04 2.017e-03 -1.000 4.581e-03 -2.076 -0.367 -0.463 -0.188
0.0045 -0.53140 7.44001 4.8023877144 2.6129971422    4.800  2.809  4.2734  4.356    1  0.000  0.538     0.00     0.00     0.00     0.00     0.00 -1    -1e-30      0.00 7.385e-01 2.569e-01 8.131e-04 2.219e-04 2.017e-03 -1.000 4.581e-03 -2.252 -0.486 -0.584 -0.301
0.0045 -0.53140 7.44001 5.0015921593 2.6140748452    5.001  2.876  4.2826  4.343    1  0.000  0.538     0.00     0.00     0.00     0.00     0.00 -1    -1e-30      0.00 7.385e-01 2.569e-01 8.131e-04 2.219e-04 2.017e-03 -1.000 4.581e-03 -2.421 -0.601 -0.702 -0.411
0.0045 -0.53140 7.44001 5.0641155243 2.6143930600    5.063  2.897  4.2853  4.339    1  0.000  0.538     0.00     0.00     0.00     0.00     0.00 -1    -1e-30      0.00 7.385e-01 2.569e-01 8.131e-04 2.219e-04 2.017e-03 -1.000 4.581e-03 -2.472 -0.637 -0.739 -0.445
0.0045 -0.53140 7.44001 5.2007956505 2.6150581564    5.201  2.942  4.2912  4.329    1  0.000  0.538     0.00     0.00     0.00     0.00     0.00 -1    -1e-30      0.00 7.385e-01 2.569e-01 8.131e-04 2.219e-04 2.017e-03 -1.000 4.581e-03 -2.584 -0.715 -0.819 -0.520
0.0045 -0.53140 7.44001 5.4000000954 2.6159585105    5.401  3.005  4.2993  4.314    1  0.000  0.538     0.00     0.00     0.00     0.00     0.00 -1    -1e-30      0.00 7.385e-01 2.569e-01 8.131e-04 2.219e-04 2.017e-03 -1.000 4.581e-03 -2.744 -0.827 -0.933 -0.628
0.0045 -0.53140 7.44001 5.5755915642 2.6166910963    5.576  3.060  4.3061  4.301    1  0.000  0.538     0.00     0.00     0.00     0.00     0.00 -1    -1e-30      0.00 7.385e-01 2.569e-01 8.131e-04 2.219e-04 2.017e-03 -1.000 4.581e-03 -2.880 -0.924 -1.032 -0.721
0.0045 -0.53140 7.44001 5.5875058174 2.6167388890    5.588  3.064  4.3066  4.300    1  0.000  0.538     0.00     0.00     0.00     0.00     0.00 -1    -1e-30      0.00 7.385e-01 2.569e-01 8.131e-04 2.219e-04 2.017e-03 -1.000 4.581e-03 -2.889 -0.931 -1.039 -0.727
0.0045 -0.53140 7.44001 5.7750120163 2.6174612803    5.775  3.121  4.3134  4.284    1  0.000  0.538     0.00     0.00     0.00     0.00     0.00 -1    -1e-30      0.00 7.385e-01 2.569e-01 8.131e-04 2.219e-04 2.017e-03 -1.000 4.581e-03 -3.032 -1.035 -1.145 -0.828
0.0045 -0.53140 7.44001 5.9625177383 2.6181316696    5.962  3.177  4.3197  4.268    1  0.000  0.538     0.00     0.00     0.00     0.00     0.00 -1    -1e-30      0.00 7.385e-01 2.569e-01 8.131e-04 2.219e-04 2.017e-03 -1.000 4.581e-03 -3.171 -1.139 -1.251 -0.928
0.0045 -0.53140 7.44001 6.0672874451 2.6184855702    6.067  3.207  4.3231  4.258    1  0.000  0.538     0.00     0.00     0.00     0.00     0.00 -1    -1e-30      0.00 7.385e-01 2.569e-01 8.131e-04 2.219e-04 2.017e-03 -1.000 4.581e-03 -3.248 -1.196 -1.309 -0.983
0.0045 -0.53140 7.44001 6.1500234604 2.6187552663    6.149  3.231  4.3257  4.251    1  0.000  0.538     0.00     0.00     0.00     0.00     0.00 -1    -1e-30      0.00 7.385e-01 2.569e-01 8.131e-04 2.219e-04 2.017e-03 -1.000 4.581e-03 -3.308 -1.242 -1.355 -1.028
0.0045 -0.53140 7.44001 6.3375296593 2.6193366199    6.336  3.285  4.3314  4.233    1  0.000  0.538     0.00     0.00     0.00     0.00     0.00 -1    -1e-30      0.00 7.385e-01 2.569e-01 8.131e-04 2.219e-04 2.017e-03 -1.000 4.581e-03 -3.441 -1.344 -1.459 -1.127
0.0045 -0.53140 7.44001 6.5614104271 2.6199809476    6.557  3.347  4.3375  4.210    1  0.000  0.538     0.00     0.00     0.00     0.00     0.00 -1    -1e-30      0.00 7.385e-01 2.569e-01 8.131e-04 2.219e-04 2.017e-03 -1.000 4.581e-03 -3.596 -1.465 -1.582 -1.244
0.0045 -0.53140 7.44001 6.7701892853 2.6205378651    6.764  3.404  4.3427  4.187    1  0.000  0.538     0.00     0.00     0.00     0.00     0.00 -1    -1e-30      0.00 7.385e-01 2.569e-01 8.131e-04 2.219e-04 2.017e-03 -1.000 4.581e-03 -3.740 -1.580 -1.699 -1.357
0.0045 -0.53140 7.44001 6.9000468254 2.6208647769    6.893  3.440  4.3456  4.171    1  0.000  0.538     0.00     0.00     0.00     0.00     0.00 -1    -1e-30      0.00 7.385e-01 2.569e-01 8.131e-04 2.219e-04 2.017e-03 -1.000 4.581e-03 -3.829 -1.654 -1.773 -1.429
0.0045 -0.53140 7.44001 7.0789890289 2.6212927377    7.071  3.488  4.3492  4.149    1  0.000  0.538     0.00     0.00     0.00     0.00     0.00 -1    -1e-30      0.00 7.385e-01 2.569e-01 8.131e-04 2.219e-04 2.017e-03 -1.000 4.581e-03 -3.949 -1.754 -1.874 -1.527
0.0045 -0.53140 7.44001 7.2582364082 2.6216971903    7.250  3.535  4.3525  4.125    1  0.000  0.538     0.00     0.00     0.00     0.00     0.00 -1    -1e-30      0.00 7.385e-01 2.569e-01 8.131e-04 2.219e-04 2.017e-03 -1.000 4.581e-03 -4.068 -1.856 -1.977 -1.627
0.0045 -0.53140 7.44001 7.4249262810 2.6220532261    7.416  3.579  4.3551  4.101    1  0.000  0.538     0.00     0.00     0.00     0.00     0.00 -1    -1e-30      0.00 7.385e-01 2.569e-01 8.131e-04 2.219e-04 2.017e-03 -1.000 4.581e-03 -4.178 -1.953 -2.075 -1.722
0.0045 -0.53140 7.44001 7.6553721428 2.6225161964    7.646  3.641  4.3578  4.064    1  0.000  0.538     0.00     0.00     0.00     0.00     0.00 -1    -1e-30      0.00 7.385e-01 2.569e-01 8.131e-04 2.219e-04 2.017e-03 -1.000 4.581e-03 -4.332 -2.093 -2.216 -1.861
0.0045 -0.53140 7.44001 7.8375759125 2.6228601690    7.828  3.690  4.3590  4.030    1  0.000  0.538     0.00     0.00     0.00     0.00     0.00 -1    -1e-30      0.00 7.385e-01 2.569e-01 8.131e-04 2.219e-04 2.017e-03 -1.000 4.581e-03 -4.455 -2.211 -2.334 -1.978
0.0045 -0.53140 7.44001 7.8644413948 2.6229093386    7.855  3.697  4.3592  4.025    1  0.000  0.538     0.00     0.00     0.00     0.00     0.00 -1    -1e-30      0.00 7.385e-01 2.569e-01 8.131e-04 2.219e-04 2.017e-03 -1.000 4.581e-03 -4.473 -2.228 -2.351 -1.995
0.0045 -0.53140 7.44001 8.0438632965 2.6232280585    8.033  3.745  4.3596  3.989    1  0.000  0.538     0.00     0.00     0.00     0.00     0.00 -1    -1e-30      0.00 7.385e-01 2.569e-01 8.131e-04 2.219e-04 2.017e-03 -1.000 4.581e-03 -4.592 -2.346 -2.470 -2.113
0.0045 -0.53140 7.44001 8.2232265472 2.6235307403    8.211  3.793  4.3590  3.948    1  0.000  0.538     0.00     0.00     0.00     0.00     0.00 -1    -1e-30      0.00 7.385e-01 2.569e-01 8.131e-04 2.219e-04 2.017e-03 -1.000 4.581e-03 -4.712 -2.472 -2.595 -2.239
0.0045 -0.53140 7.44001 8.4251937866 2.6238538891    8.412  3.848  4.3566  3.893    1  0.000  0.538     0.00     0.00     0.00     0.00     0.00 -1    -1e-30      0.00 7.385e-01 2.569e-01 8.131e-04 2.219e-04 2.017e-03 -1.000 4.581e-03 -4.851 -2.627 -2.750 -2.395
0.0045 -0.53140 7.44001 8.6021537781 2.6241227299    8.588  3.898  4.3530  3.838    1  0.000  0.538     0.00     0.00     0.00     0.00     0.00 -1    -1e-30      0.00 7.385e-01 2.569e-01 8.131e-04 2.219e-04 2.017e-03 -1.000 4.581e-03 -4.974 -2.773 -2.895 -2.543
0.0045 -0.53140 7.44001 8.7680072784 2.6243634014    8.752  3.945  4.3477  3.778    1  0.000  0.538     0.00     0.00     0.00     0.00     0.00 -1    -1e-30      0.00 7.385e-01 2.569e-01 8.131e-04 2.219e-04 2.017e-03 -1.000 4.581e-03 -5.093 -2.925 -3.045 -2.697
0.0045 -0.53140 7.44001 8.7751054764 2.6243734684    8.760  3.947  4.3474  3.775    1  0.000  0.538     0.00     0.00     0.00     0.00     0.00 -1    -1e-30      0.00 7.385e-01 2.569e-01 8.131e-04 2.219e-04 2.017e-03 -1.000 4.581e-03 -5.098 -2.931 -3.052 -2.704
0.0045 -0.53140 7.44001 8.8038873672 2.6244140972    8.789  3.955  4.3464  3.764    1  0.000  0.538     0.00     0.00     0.00     0.00     0.00 -1    -1e-30      0.00 7.385e-01 2.569e-01 8.131e-04 2.219e-04 2.017e-03 -1.000 4.581e-03 -5.119 -2.958 -3.078 -2.731
0.0045 -0.53140 7.44001 8.9429130554 2.6246061193    8.928  3.995  4.3399  3.705    1  0.000  0.538     0.00     0.00     0.00     0.00     0.00 -1    -1e-30      0.00 7.385e-01 2.569e-01 8.131e-04 2.219e-04 2.017e-03 -1.000 4.581e-03 -5.219 -3.096 -3.215 -2.873
0.0045 -0.53140 7.44001 9.0717792511 2.6247780780    9.057  4.033  4.3327  3.644    1  0.000  0.538     0.00     0.00     0.00     0.00     0.00 -1    -1e-30      0.00 7.385e-01 2.569e-01 8.131e-04 2.219e-04 2.017e-03 -1.000 4.581e-03 -5.313 -3.234 -3.351 -3.014
0.0045 -0.53140 7.44001 9.1789464951 2.6249168608    9.164  4.067  4.3253  3.586    1  0.000  0.538     0.00     0.00     0.00     0.00     0.00 -1    -1e-30      0.00 7.385e-01 2.569e-01 8.131e-04 2.219e-04 2.017e-03 -1.000 4.581e-03 -5.398 -3.361 -3.477 -3.146
0.0045 -0.53140 7.44001 9.2862758636 2.6250521678    9.271  4.103  4.3204  3.536    1  0.000  0.538     0.00     0.00     0.00     0.00     0.00 -1    -1e-30      0.00 7.385e-01 2.569e-01 8.131e-04 2.219e-04 2.017e-03 -1.000 4.581e-03 -5.487 -3.480 -3.594 -3.267
0.0045 -0.53140 7.44001 9.3128948212 2.6250851710    9.298  4.113  4.3231  3.538    1  0.000  0.538     0.00     0.00     0.00     0.00     0.00 -1    -1e-30      0.00 7.385e-01 2.569e-01 8.131e-04 2.219e-04 2.017e-03 -1.000 4.581e-03 -5.513 -3.491 -3.606 -3.277
0.0045 -0.53140 7.44001 9.3482437134 2.6251286639    9.333  4.132  4.3354  3.570    1  0.000  0.538     0.00     0.00     0.00     0.00     0.00 -1    -1e-30      0.00 7.385e-01 2.569e-01 8.131e-04 2.219e-04 2.017e-03 -1.000 4.581e-03 -5.560 -3.469 -3.587 -3.248
0.0045 -0.53140 7.44001 9.3559474945 2.6251380925    9.341  4.142  4.3455  3.601    1  0.000  0.538     0.00     0.00     0.00     0.00     0.00 -1    -1e-30      0.00 7.385e-01 2.569e-01 8.131e-04 2.219e-04 2.017e-03 -1.000 4.581e-03 -5.585 -3.438 -3.559 -3.212
0.0045 -0.53140 7.44001 9.3601436615 2.6251432206    9.345  4.156  4.3570  3.633    1  0.000  0.538     0.00     0.00     0.00     0.00     0.00 -1    -1e-30      0.00 7.385e-01 2.569e-01 8.131e-04 2.219e-04 2.017e-03 -1.000 4.581e-03 -5.619 -3.408 -3.532 -3.176
0.0045 -0.53140 7.44001 9.3620033264 2.6251454915    9.347  4.171  4.3670  3.657    1  0.000  0.538     0.00     0.00     0.00     0.00     0.00 -1    -1e-30      0.00 7.385e-01 2.569e-01 8.131e-04 2.219e-04 2.017e-03 -1.000 4.581e-03 -5.658 -3.393 -3.519 -3.156
0.0045 -0.53140 7.44001 9.3628988266 2.6251465847    9.348  4.181  4.3729  3.671    1  0.000  0.538     0.00     0.00     0.00     0.00     0.00 -1    -1e-30      0.00 7.385e-01 2.569e-01 8.131e-04 2.219e-04 2.017e-03 -1.000 4.581e-03 -5.684 -3.386 -3.514 -3.146
0.0045 -0.53140 7.44001 9.3636894226 2.6251475497    9.349  4.159  4.3640  3.657    2  0.000  0.538     0.00     0.00     0.00     0.00     0.00 -1    -1e-30      0.00 7.385e-01 2.569e-01 8.131e-04 2.219e-04 2.017e-03 -1.000 4.581e-03 -5.629 -3.379 -3.504 -3.143
0.0045 -0.53140 7.44001 9.3641576767 2.6251481211    9.349  4.146  4.3543  3.632    2  0.000  0.538     0.00     0.00     0.00     0.00     0.00 -1    -1e-30      0.00 7.385e-01 2.569e-01 8.131e-04 2.219e-04 2.017e-03 -1.000 4.581e-03 -5.594 -3.398 -3.521 -3.167
0.0045 -0.53140 7.44001 9.3646535873 2.6251487262    9.350  4.139  4.3411  3.586    2  0.000  0.538     0.00     0.00     0.00     0.00     0.00 -1    -1e-30      0.00 7.385e-01 2.569e-01 8.131e-04 2.219e-04 2.017e-03 -1.000 4.581e-03 -5.579 -3.456 -3.576 -3.232
0.0045 -0.53140 7.44001 9.3651905060 2.6251493813    9.350  4.143  4.3254  3.519    2  0.000  0.538     0.00     0.00     0.00     0.00     0.00 -1    -1e-30      0.00 7.385e-01 2.569e-01 8.131e-04 2.219e-04 2.017e-03 -1.000 4.581e-03 -5.588 -3.555 -3.671 -3.339
0.0045 -0.53140 7.44001 9.3655920029 2.6251498710    9.351  4.151  4.3130  3.462    2  0.000  0.538     0.00     0.00     0.00     0.00     0.00 -1    -1e-30      0.00 7.385e-01 2.569e-01 8.131e-04 2.219e-04 2.017e-03 -1.000 4.581e-03 -5.606 -3.644 -3.756 -3.435
0.0045 -0.53140 7.44001 9.3659753799 2.6251503387    9.351  4.159  4.3007  3.405    2  0.000  0.538     0.00     0.00     0.00     0.00     0.00 -1    -1e-30      0.00 7.385e-01 2.569e-01 8.131e-04 2.219e-04 2.017e-03 -1.000 4.581e-03 -5.627 -3.735 -3.844 -3.534
0.0045 -0.53140 7.44001 9.3663454056 2.6251507900    9.352  4.167  4.2886  3.348    2  0.000  0.538     0.00     0.00     0.00     0.00     0.00 -1    -1e-30      0.00 7.385e-01 2.569e-01 8.131e-04 2.219e-04 2.017e-03 -1.000 4.581e-03 -5.647 -3.825 -3.931 -3.631
0.0045 -0.53140 7.44001 9.3667898178 2.6251513320    9.352  4.175  4.2734  3.279    2  0.000  0.538     0.00     0.00     0.00     0.00     0.00 -1    -1e-30      0.00 7.385e-01 2.569e-01 8.131e-04 2.219e-04 2.017e-03 -1.000 4.581e-03 -5.668 -3.934 -4.035 -3.748
0.0045 -0.53140 7.44001 9.3671302795 2.6251517471    9.352  4.181  4.2614  3.226    2  0.000  0.538     0.00     0.00     0.00     0.00     0.00 -1    -1e-30      0.00 7.385e-01 2.569e-01 8.131e-04 2.219e-04 2.017e-03 -1.000 4.581e-03 -5.682 -4.017 -4.115 -3.838
0.0045 -0.53140 7.44001 9.3674573898 2.6251521460    9.353  4.185  4.2493  3.173    2  0.000  0.538     0.00     0.00     0.00     0.00     0.00 -1    -1e-30      0.00 7.385e-01 2.569e-01 8.131e-04 2.219e-04 2.017e-03 -1.000 4.581e-03 -5.693 -4.098 -4.193 -3.926
0.0045 -0.53140 7.44001 9.3677721024 2.6251525297    9.353  4.189  4.2373  3.121    2  0.000  0.538     0.00     0.00     0.00     0.00     0.00 -1    -1e-30      0.00 7.385e-01 2.569e-01 8.131e-04 2.219e-04 2.017e-03 -1.000 4.581e-03 -5.702 -4.177 -4.268 -4.012
0.0045 -0.53140 7.44001 9.3680744171 2.6251528982    9.353  4.192  4.2253  3.070    2  0.000  0.538     0.00     0.00     0.00     0.00     0.00 -1    -1e-30      0.00 7.385e-01 2.569e-01 8.131e-04 2.219e-04 2.017e-03 -1.000 4.581e-03 -5.710 -4.254 -4.342 -4.096
0.0045 -0.53140 7.44001 9.3684339523 2.6251533365    9.354  4.195  4.2103  3.007    2  0.000  0.538     0.00     0.00     0.00     0.00     0.00 -1    -1e-30      0.00 7.385e-01 2.569e-01 8.131e-04 2.219e-04 2.017e-03 -1.000 4.581e-03 -5.717 -4.348 -4.431 -4.199
0.0045 -0.53140 7.44001 9.3687057495 2.6251536678    9.354  4.197  4.1983  2.958    2  0.000  0.538     0.00     0.00     0.00     0.00     0.00 -1    -1e-30      0.00 7.385e-01 2.569e-01 8.131e-04 2.219e-04 2.017e-03 -1.000 4.581e-03 -5.722 -4.421 -4.501 -4.280
0.0045 -0.53140 7.44001 9.3689670563 2.6251539863    9.354  4.198  4.1863  2.908    2  0.000  0.538     0.00     0.00     0.00     0.00     0.00 -1    -1e-30      0.00 7.385e-01 2.569e-01 8.131e-04 2.219e-04 2.017e-03 -1.000 4.581e-03 -5.725 -4.493 -4.569 -4.360
0.0045 -0.53140 7.44001 9.3692159653 2.6251542897    9.354  4.199  4.1743  2.860    2  0.000  0.538     0.00     0.00     0.00     0.00     0.00 -1    -1e-30      0.00 7.385e-01 2.569e-01 8.131e-04 2.219e-04 2.017e-03 -1.000 4.581e-03 -5.727 -4.564 -4.636 -4.439
0.0045 -0.53140 7.44001 9.3694524765 2.6251545779    9.355  4.199  4.1623  2.811    2  0.000  0.538     0.00     0.00     0.00     0.00     0.00 -1    -1e-30      0.00 7.385e-01 2.569e-01 8.131e-04 2.219e-04 2.017e-03 -1.000 4.581e-03 -5.728 -4.634 -4.702 -4.517
0.0045 -0.53140 7.44001 9.3696784973 2.6251548534    9.355  4.200  4.1504  2.763    2  0.000  0.538     0.00     0.00     0.00     0.00     0.00 -1    -1e-30      0.00 7.385e-01 2.569e-01 8.131e-04 2.219e-04 2.017e-03 -1.000 4.581e-03 -5.729 -4.703 -4.767 -4.593
0.0045 -0.53140 7.44001 9.3698930740 2.6251551148    9.355  4.199  4.1384  2.715    2  0.000  0.538     0.00     0.00     0.00     0.00     0.00 -1    -1e-30      0.00 7.385e-01 2.569e-01 8.131e-04 2.219e-04 2.017e-03 -1.000 4.581e-03 -5.729 -4.770 -4.831 -4.669
0.0045 -0.53140 7.44001 9.3700971603 2.6251553635    9.355  4.199  4.1264  2.667    2  0.000  0.538     0.00     0.00     0.00     0.00     0.00 -1    -1e-30      0.00 7.385e-01 2.569e-01 8.131e-04 2.219e-04 2.017e-03 -1.000 4.581e-03 -5.728 -4.837 -4.893 -4.743
0.0045 -0.53140 7.44001 9.3703384399 2.6251556575    9.356  4.198  4.1114  2.608    2  0.000  0.538     0.00     0.00     0.00     0.00     0.00 -1    -1e-30      0.00 7.385e-01 2.569e-01 8.131e-04 2.219e-04 2.017e-03 -1.000 4.581e-03 -5.726 -4.919 -4.970 -4.835
0.0045 -0.53140 7.44001 9.3705215454 2.6251558806    9.356  4.197  4.0993  2.561    2  0.000  0.538     0.00     0.00     0.00     0.00     0.00 -1    -1e-30      0.00 7.385e-01 2.569e-01 8.131e-04 2.219e-04 2.017e-03 -1.000 4.581e-03 -5.724 -4.983 -5.030 -4.906
0.0045 -0.53140 7.44001 9.3706951141 2.6251560921    9.356  4.196  4.0873  2.514    2  0.000  0.538     0.00     0.00     0.00     0.00     0.00 -1    -1e-30      0.00 7.385e-01 2.569e-01 8.131e-04 2.219e-04 2.017e-03 -1.000 4.581e-03 -5.721 -5.045 -5.088 -4.977
0.0045 -0.53140 7.44001 9.3708992004 2.6251563407    9.356  4.195  4.0724  2.456    2  0.000  0.538     0.00     0.00     0.00     0.00     0.00 -1    -1e-30      0.00 7.385e-01 2.569e-01 8.131e-04 2.219e-04 2.017e-03 -1.000 4.581e-03 -5.717 -5.121 -5.158 -5.063
0.0045 -0.53140 7.44001 9.3710536957 2.6251565289    9.356  4.193  4.0604  2.410    2  0.000  0.538     0.00     0.00     0.00     0.00     0.00 -1    -1e-30      0.00 7.385e-01 2.569e-01 8.131e-04 2.219e-04 2.017e-03 -1.000 4.581e-03 -5.713 -5.178 -5.212 -5.129
0.0045 -0.53140 7.44001 9.3712005615 2.6251567078    9.356  4.191  4.0484  2.363    2  0.000  0.538     0.00     0.00     0.00     0.00     0.00 -1    -1e-30      0.00 7.385e-01 2.569e-01 8.131e-04 2.219e-04 2.017e-03 -1.000 4.581e-03 -5.709 -5.235 -5.264 -5.194
0.0045 -0.53140 7.44001 9.3713722229 2.6251569169    9.357  4.189  4.0335  2.306    2  0.000  0.538     0.00     0.00     0.00     0.00     0.00 -1    -1e-30      0.00 7.385e-01 2.569e-01 8.131e-04 2.219e-04 2.017e-03 -1.000 4.581e-03 -5.703 -5.303 -5.326 -5.273
0.0045 -0.53140 7.44001 9.3715028763 2.6251570761    9.357  4.187  4.0216  2.260    2  0.000  0.538     0.00     0.00     0.00     0.00     0.00 -1    -1e-30      0.00 7.385e-01 2.569e-01 8.131e-04 2.219e-04 2.017e-03 -1.000 4.581e-03 -5.698 -5.356 -5.375 -5.335
0.0045 -0.53140 7.44001 9.3716268539 2.6251572271    9.357  4.185  4.0096  2.214    2  0.000  0.538     0.00     0.00     0.00     0.00     0.00 -1    -1e-30      0.00 7.385e-01 2.569e-01 8.131e-04 2.219e-04 2.017e-03 -1.000 4.581e-03 -5.693 -5.408 -5.422 -5.395
0.0045 -0.53140 7.44001 9.3717727661 2.6251574048    9.357  4.182  3.9947  2.158    2  0.000  0.538     0.00     0.00     0.00     0.00     0.00 -1    -1e-30      0.00 7.385e-01 2.569e-01 8.131e-04 2.219e-04 2.017e-03 -1.000 4.581e-03 -5.686 -5.469 -5.477 -5.466
0.0045 -0.53140 7.44001 9.3718833923 2.6251575395    9.357  4.180  3.9829  2.113    2  0.000  0.538     0.00     0.00     0.00     0.00     0.00 -1    -1e-30      0.00 7.385e-01 2.569e-01 8.131e-04 2.219e-04 2.017e-03 -1.000 4.581e-03 -5.680 -5.516 -5.520 -5.522
0.0045 -0.53140 7.44001 9.3719873428 2.6251576661    9.357  4.178  3.9710  2.068    2  0.000  0.538     0.00     0.00     0.00     0.00     0.00 -1    -1e-30      0.00 7.385e-01 2.569e-01 8.131e-04 2.219e-04 2.017e-03 -1.000 4.581e-03 -5.674 -5.561 -5.561 -5.575
0.0045 -0.53140 7.44001 9.3720874786 2.6251577881    9.357  4.175  3.9591  2.023    2  0.000  0.538     0.00     0.00     0.00     0.00     0.00 -1    -1e-30      0.00 7.385e-01 2.569e-01 8.131e-04 2.219e-04 2.017e-03 -1.000 4.581e-03 -5.667 -5.605 -5.599 -5.627
0.0045 -0.53140 7.44001 9.3721818924 2.6251579031    9.357  4.172  3.9474  1.979    2  0.000  0.538     0.00     0.00     0.00     0.00     0.00 -1    -1e-30      0.00 7.385e-01 2.569e-01 8.131e-04 2.219e-04 2.017e-03 -1.000 4.581e-03 -5.661 -5.643 -5.633 -5.675
0.0045 -0.53140 7.44001 9.3722953796 2.6251580413    9.357  4.169  3.9327  1.923    2  0.000  0.538     0.00     0.00     0.00     0.00     0.00 -1    -1e-30      0.00 7.385e-01 2.569e-01 8.131e-04 2.219e-04 2.017e-03 -1.000 4.581e-03 -5.652 -5.687 -5.668 -5.734
0.0045 -0.53140 7.44001 9.3723802567 2.6251581447    9.358  4.166  3.9209  1.879    2  0.000  0.538     0.00     0.00     0.00     0.00     0.00 -1    -1e-30      0.00 7.385e-01 2.569e-01 8.131e-04 2.219e-04 2.017e-03 -1.000 4.581e-03 -5.645 -5.716 -5.690 -5.777
0.0045 -0.53140 7.44001 9.3724622726 2.6251582445    9.358  4.163  3.9091  1.835    2  0.000  0.538     0.00     0.00     0.00     0.00     0.00 -1    -1e-30      0.00 7.385e-01 2.569e-01 8.131e-04 2.219e-04 2.017e-03 -1.000 4.581e-03 -5.637 -5.739 -5.703 -5.817
0.0045 -0.53140 7.44001 9.3725595474 2.6251583630    9.358  4.159  3.8944  1.780    2  0.000  0.538     0.00     0.00     0.00     0.00     0.00 -1    -1e-30      0.00 7.385e-01 2.569e-01 8.131e-04 2.219e-04 2.017e-03 -1.000 4.581e-03 -5.627 -5.758 -5.708 -5.863
0.0045 -0.53140 7.44001 9.3726329803 2.6251584524    9.358  4.156  3.8826  1.736    2  0.000  0.538     0.00     0.00     0.00     0.00     0.00 -1    -1e-30      0.00 7.385e-01 2.569e-01 8.131e-04 2.219e-04 2.017e-03 -1.000 4.581e-03 -5.619 -5.766 -5.702 -5.896
0.0045 -0.53140 7.44001 9.3727025986 2.6251585372    9.358  4.152  3.8708  1.692    2  0.000  0.538     0.00     0.00     0.00     0.00     0.00 -1    -1e-30      0.00 7.385e-01 2.569e-01 8.131e-04 2.219e-04 2.017e-03 -1.000 4.581e-03 -5.610 -5.768 -5.689 -5.927
0.0045 -0.53140 7.44001 9.3727703094 2.6251586196    9.358  4.148  3.8589  1.648    2  0.000  0.538     0.00     0.00     0.00     0.00     0.00 -1    -1e-30      0.00 7.385e-01 2.569e-01 8.131e-04 2.219e-04 2.017e-03 -1.000 4.581e-03 -5.601 -5.767 -5.670 -5.956
0.0045 -0.53140 7.44001 9.3728322983 2.6251586951    9.358  4.145  3.8472  1.605    2  0.000  0.538     0.00     0.00     0.00     0.00     0.00 -1    -1e-30      0.00 7.385e-01 2.569e-01 8.131e-04 2.219e-04 2.017e-03 -1.000 4.581e-03 -5.592 -5.761 -5.643 -5.984
0.0045 -0.53140 7.44001 9.3729076385 2.6251587869    9.358  4.140  3.8325  1.551    2  0.000  0.538     0.00     0.00     0.00     0.00     0.00 -1    -1e-30      0.00 7.385e-01 2.569e-01 8.131e-04 2.219e-04 2.017e-03 -1.000 4.581e-03 -5.579 -5.751 -5.604 -6.017
0.0045 -0.53140 7.44001 9.3729629517 2.6251588542    9.358  4.136  3.8210  1.510    2  0.000  0.538     0.00     0.00     0.00     0.00     0.00 -1    -1e-30      0.00 7.385e-01 2.569e-01 8.131e-04 2.219e-04 2.017e-03 -1.000 4.581e-03 -5.569 -5.739 -5.569 -6.039
0.0045 -0.53140 7.44001 9.3730173111 2.6251589204    9.358  4.131  3.8092  1.467    2  0.000  0.538     0.00     0.00     0.00     0.00     0.00 -1    -1e-30      0.00 7.385e-01 2.569e-01 8.131e-04 2.219e-04 2.017e-03 -1.000 4.581e-03 -5.558 -5.723 -5.529 -6.058
0.0045 -0.53140 7.44001 9.3730688095 2.6251589831    9.358  4.126  3.7976  1.425    2  0.000  0.538     0.00     0.00     0.00     0.00     0.00 -1    -1e-30      0.00 7.385e-01 2.569e-01 8.131e-04 2.219e-04 2.017e-03 -1.000 4.581e-03 -5.546 -5.704 -5.485 -6.073
0.0045 -0.53140 7.44001 9.3731174469 2.6251590423    9.358  4.122  3.7859  1.383    2  0.000  0.538     0.00     0.00     0.00     0.00     0.00 -1    -1e-30      0.00 7.385e-01 2.569e-01 8.131e-04 2.219e-04 2.017e-03 -1.000 4.581e-03 -5.534 -5.684 -5.439 -6.086
0.0045 -0.53140 7.44001 9.3731641769 2.6251590992    9.358  4.116  3.7744  1.343    2  0.000  0.538     0.00     0.00     0.00     0.00     0.00 -1    -1e-30      0.00 7.385e-01 2.569e-01 8.131e-04 2.219e-04 2.017e-03 -1.000 4.581e-03 -5.521 -5.661 -5.388 -6.097
0.0045 -0.53140 7.44001 9.3732089996 2.6251591538    9.358  4.111  3.7628  1.302    2  0.000  0.538     0.00     0.00     0.00     0.00     0.00 -1    -1e-30      0.00 7.385e-01 2.569e-01 8.131e-04 2.219e-04 2.017e-03 -1.000 4.581e-03 -5.507 -5.633 -5.332 -6.102
0.0045 -0.53140 7.44001 9.3732528687 2.6251592072    9.359  4.105  3.7513  1.262    2  0.000  0.538     0.00     0.00     0.00     0.00     0.00 -1    -1e-30      0.00 7.385e-01 2.569e-01 8.131e-04 2.219e-04 2.017e-03 -1.000 4.581e-03 -5.491 -5.603 -5.274 -6.103
0.0045 -0.53140 7.44001 9.3732957840 2.6251592595    9.359  4.098  3.7397  1.222    2  0.000  0.538     0.00     0.00     0.00     0.00     0.00 -1    -1e-30      0.00 7.385e-01 2.569e-01 8.131e-04 2.219e-04 2.017e-03 -1.000 4.581e-03 -5.475 -5.570 -5.212 -6.100
0.0045 -0.53140 7.44001 9.3733358383 2.6251593082    9.359  4.091  3.7285  1.185    2  0.000  0.538     0.00     0.00     0.00     0.00     0.00 -1    -1e-30      0.00 7.385e-01 2.569e-01 8.131e-04 2.219e-04 2.017e-03 -1.000 4.581e-03 -5.457 -5.533 -5.147 -6.091
0.0045 -0.53140 7.44001 9.3733758926 2.6251593570    9.359  4.083  3.7175  1.148    2  0.000  0.538     0.00     0.00     0.00     0.00     0.00 -1    -1e-30      0.00 7.385e-01 2.569e-01 8.131e-04 2.219e-04 2.017e-03 -1.000 4.581e-03 -5.437 -5.491 -5.077 -6.077
0.0045 -0.53140 7.44001 9.3734149933 2.6251594046    9.359  4.074  3.7069  1.115    2  0.000  0.538     0.00     0.00     0.00     0.00     0.00 -1    -1e-30      0.00 7.385e-01 2.569e-01 8.131e-04 2.219e-04 2.017e-03 -1.000 4.581e-03 -5.415 -5.445 -5.003 -6.057
0.0045 -0.53140 7.44001 9.3734579086 2.6251594568    9.359  4.063  3.6967  1.085    2  0.000  0.538     0.00     0.00     0.00     0.00     0.00 -1    -1e-30      0.00 7.385e-01 2.569e-01 8.131e-04 2.219e-04 2.017e-03 -1.000 4.581e-03 -5.388 -5.393 -4.924 -6.029
0.0045 -0.53140 7.44001 9.3735065460 2.6251595161    9.359  4.049  3.6868  1.059    2  0.000  0.538     0.00     0.00     0.00     0.00     0.00 -1    -1e-30      0.00 7.385e-01 2.569e-01 8.131e-04 2.219e-04 2.017e-03 -1.000 4.581e-03 -5.353 -5.330 -4.834 -5.989
0.0045 -0.53140 7.44001 9.3735666275 2.6251595892    9.359  4.031  3.6775  1.040    2  0.000  0.538     0.00     0.00     0.00     0.00     0.00 -1    -1e-30      0.00 7.385e-01 2.569e-01 8.131e-04 2.219e-04 2.017e-03 -1.000 4.581e-03 -5.308 -5.259 -4.737 -5.941
0.0045 -0.53140 7.44001 9.3736534119 2.6251596949    9.359  4.008  3.6681  1.025    2  0.000  0.538     0.00     0.00     0.00     0.00     0.00 -1    -1e-30      0.00 7.385e-01 2.569e-01 8.131e-04 2.219e-04 2.017e-03 -1.000 4.581e-03 -5.251 -5.173 -4.622 -5.876
0.0045 -0.53140 7.44001 9.3737602234 2.6251598249    9.359  3.986  3.6595  1.013    2  0.000  0.538     0.00     0.00     0.00     0.00     0.00 -1    -1e-30      0.00 7.385e-01 2.569e-01 8.131e-04 2.219e-04 2.017e-03 -1.000 4.581e-03 -5.195 -5.085 -4.508 -5.809
0.0045 -0.53140 7.44001 9.3738365173 2.6251599178    9.359  3.979  3.6538  0.998    2  0.000  0.538     0.00     0.00     0.00     0.00     0.00 -1    -1e-30      0.00 7.385e-01 2.569e-01 8.131e-04 2.219e-04 2.017e-03 -1.000 4.581e-03 -5.176 -5.042 -4.447 -5.778
0.0045 -0.53140 7.44001 9.3739414215 2.6251600455    9.359  4.004  3.6448  0.936    3  0.000  0.535    39.32    27.80    19.40    14.03    11.60  4    -1e-30      0.00 7.385e-01 2.569e-01 8.094e-04 2.238e-04 2.017e-03 -1.000 4.581e-03 -5.241 -5.063 -4.438 -5.822
0.0045 -0.53140 7.44001 9.3740062714 2.6251601244    9.359  4.038  3.6385  0.877    3  0.000  0.524    45.06    30.94    21.48    15.56    12.88  4    -1e-30      0.00 7.385e-01 2.569e-01 7.936e-04 2.347e-04 2.017e-03 -1.000 4.582e-03 -5.326 -5.116 -4.468 -5.891
0.0045 -0.53140 7.44001 9.3740539551 2.6251601825    9.359  4.075  3.6335  0.820    3  0.000  0.493    51.35    34.29    23.70    17.19    14.23  4    -1e-30      0.00 7.385e-01 2.569e-01 7.471e-04 2.768e-04 2.017e-03 -1.000 4.594e-03 -5.417 -5.180 -4.512 -5.968
0.0045 -0.53140 7.44001 9.3740940094 2.6251602312    9.359  4.110  3.6292  0.768    3  0.000  0.452    57.90    37.68    25.93    18.84    15.60  4    -1e-30      0.00 7.385e-01 2.569e-01 6.856e-04 3.480e-04 2.017e-03 -1.000 4.664e-03 -5.505 -5.243 -4.558 -6.044
0.0045 -0.53140 7.44001 9.3741025925 2.6251602417    9.359  4.118  3.6282  0.756    3  0.000  0.442    59.59    38.54    26.50    19.25    15.94  4    -1e-30      0.00 7.384e-01 2.569e-01 6.707e-04 3.661e-04 2.017e-03 -1.000 4.673e-03 -5.526 -5.258 -4.569 -6.062
0.0045 -0.53140 7.44001 9.3741245270 2.6251602684    9.359  4.139  3.6260  0.727    3  0.000  0.424    63.71    40.62    27.86    20.26    16.78  4    -1e-30      0.00 7.384e-01 2.569e-01 6.440e-04 3.991e-04 2.016e-03 -1.000 4.648e-03 -5.576 -5.295 -4.596 -6.105
0.0045 -0.53140 7.44001 9.3741340637 2.6251602800    9.359  4.147  3.6250  0.714    3  0.000  0.418    65.58    41.55    28.47    20.71    17.15  4    -1e-30      0.00 7.384e-01 2.569e-01 6.347e-04 4.106e-04 2.016e-03 -1.000 4.608e-03 -5.598 -5.311 -4.608 -6.124
0.0045 -0.53140 7.44001 9.3741760254 2.6251603311    9.359  4.184  3.6211  0.662    3  0.000  0.399    73.93    45.65    31.14    22.69    18.79  4    -1e-30      0.00 7.383e-01 2.571e-01 6.041e-04 4.514e-04 2.013e-03 -1.000 4.614e-03 -5.689 -5.378 -4.658 -6.203
0.0045 -0.53140 7.44001 9.3742256165 2.6251603914    9.359  4.219  3.6175  0.612    3  0.000  0.386    83.01    50.00    33.97    24.78    20.53  4    -1e-30      0.00 7.380e-01 2.574e-01 5.814e-04 4.882e-04 2.002e-03 -1.000 4.598e-03 -5.779 -5.446 -4.709 -6.280
0.0045 -0.53140 7.44001 9.3743104935 2.6251604947    9.359  4.260  3.6135  0.556    3  0.000  0.376    94.43    55.32    37.42    27.34    22.66  4    -1e-30      0.00 7.375e-01 2.579e-01 5.611e-04 5.253e-04 1.989e-03 -1.000 4.638e-03 -5.879 -5.521 -4.766 -6.367
0.0045 -0.53140 7.44001 9.3745088577 2.6251607362    9.360  4.299  3.6097  0.501    3  0.000  0.369   107.07    61.06    41.12    30.08    24.94  4    -1e-30      0.00 7.366e-01 2.588e-01 5.432e-04 5.735e-04 1.959e-03 -1.000 4.629e-03 -5.977 -5.594 -4.820 -6.452
0.0045 -0.53140 7.44001 9.3752031326 2.6251615812    9.360  4.333  3.6063  0.454    3  0.000  0.367   119.40    66.52    44.63    32.69    27.10  4    -1e-30      0.00 7.340e-01 2.614e-01 5.262e-04 6.395e-04 1.907e-03 -1.000 4.592e-03 -6.062 -5.654 -4.862 -6.524
0.0045 -0.53140 7.44001 9.3764104843 2.6251630502    9.362  4.359  3.6039  0.418    3  0.000  0.367   129.58    70.94    47.45    34.79    28.85  4    -1e-30      0.00 7.305e-01 2.649e-01 5.137e-04 6.934e-04 1.864e-03 -1.000 4.585e-03 -6.127 -5.701 -4.896 -6.579
0.0045 -0.53140 7.44001 9.3785505295 2.6251656531    9.364  4.383  3.6017  0.386    3  0.000  0.366   139.68    75.24    50.20    36.84    30.55  4    -1e-30      0.00 7.275e-01 2.679e-01 5.046e-04 7.318e-04 1.832e-03 -1.000 4.581e-03 -6.186 -5.745 -4.926 -6.630
0.0045 -0.53140 7.44001 9.4046287537 2.6251972620    9.390  4.362  3.6045  0.419    4  0.000  0.366     0.00     0.00     0.00     0.00     0.00 -1    -1e-30      0.00 7.275e-01 2.679e-01 5.046e-04 7.319e-04 1.832e-03 -1.000 4.581e-03 -6.135 -5.714 -4.911 -6.590
0.0045 -0.53140 7.44001 9.4425563812 2.6252428751    9.428  4.334  3.6084  0.464    4  0.000  0.366     0.00     0.00     0.00     0.00     0.00 -1    -1e-30      0.00 7.275e-01 2.679e-01 5.047e-04 7.319e-04 1.832e-03 -1.000 4.581e-03 -6.065 -5.672 -4.889 -6.535
0.0045 -0.53140 7.44001 9.4808177948 2.6252884646    9.466  4.311  3.6121  0.503    4  0.000  0.366     0.00     0.00     0.00     0.00     0.00 -1    -1e-30      0.00 7.275e-01 2.679e-01 5.047e-04 7.320e-04 1.832e-03 -1.000 4.581e-03 -6.008 -5.639 -4.875 -6.491
0.0045 -0.53140 7.44001 9.5307798386 2.6253473626    9.516  4.293  3.6166  0.542    4  0.000  0.367     0.00     0.00     0.00     0.00     0.00 -1    -1e-30      0.00 7.275e-01 2.679e-01 5.047e-04 7.321e-04 1.832e-03 -1.000 4.581e-03 -5.961 -5.622 -4.877 -6.461
0.0045 -0.53140 7.44001 9.5979423523 2.6254254273    9.583  4.279  3.6223  0.582    4  0.000  0.367     0.00     0.00     0.00     0.00     0.00 -1    -1e-30      0.00 7.275e-01 2.679e-01 5.047e-04 7.323e-04 1.832e-03 -1.000 4.581e-03 -5.927 -5.623 -4.902 -6.447
0.0045 -0.53140 7.44001 9.6095132828 2.6254387498    9.595  4.282  3.6232  0.583    4  0.000  0.367     0.00     0.00     0.00     0.00     0.00 -1    -1e-30      0.00 7.275e-01 2.679e-01 5.047e-04 7.323e-04 1.832e-03 -1.000 4.581e-03 -5.935 -5.636 -4.919 -6.458
0.0045 -0.53140 7.44001 9.6190547943 2.6254497080    9.604  4.285  3.6242  0.584    4  0.000  0.367     0.00     0.00     0.00     0.00     0.00 -1    -1e-30      0.00 7.275e-01 2.679e-01 5.047e-04 7.323e-04 1.832e-03 -1.000 4.581e-03 -5.943 -5.650 -4.936 -6.469
0.0045 -0.53140 7.44001 9.6210231781 2.6254519655    9.606  4.286  3.6246  0.585    4  0.000  0.367     0.00     0.00     0.00     0.00     0.00 -1    -1e-30      0.00 7.275e-01 2.679e-01 5.047e-04 7.323e-04 1.832e-03 -1.000 4.581e-03 -5.946 -5.655 -4.943 -6.474
0.0045 -0.53140 7.44001 9.6220178604 2.6254531059    9.607  4.287  3.6250  0.585    4  0.000  0.367     0.00     0.00     0.00     0.00     0.00 -1    -1e-30      0.00 7.275e-01 2.679e-01 5.047e-04 7.323e-04 1.832e-03 -1.000 4.581e-03 -5.948 -5.659 -4.948 -6.477
0.0045 -0.53140 7.44001 9.6222906113 2.6254534185    9.608  4.287  3.6252  0.586    4  0.000  0.367     0.00     0.00     0.00     0.00     0.00 -1    -1e-30      0.00 7.275e-01 2.679e-01 5.047e-04 7.323e-04 1.832e-03 -1.000 4.581e-03 -5.949 -5.661 -4.952 -6.478
0.0045 -0.53140 7.44001 9.6225109100 2.6254536711    9.608  4.288  3.6255  0.587    4  0.000  0.367     0.00     0.00     0.00     0.00     0.00 -1    -1e-30      0.00 7.275e-01 2.679e-01 5.047e-04 7.323e-04 1.832e-03 -1.000 4.581e-03 -5.949 -5.663 -4.955 -6.480
0.0045 -0.53140 7.44001 9.6226825714 2.6254538678    9.608  4.288  3.6258  0.588    4  0.000  0.367     0.00     0.00     0.00     0.00     0.00 -1    -1e-30      0.00 7.275e-01 2.679e-01 5.047e-04 7.323e-04 1.832e-03 -1.000 4.581e-03 -5.949 -5.665 -4.958 -6.481
0.0045 -0.53140 7.44001 9.6228313446 2.6254540383    9.608  4.288  3.6261  0.589    4  0.000  0.367     0.00     0.00     0.00     0.00     0.00 -1    -1e-30      0.00 7.275e-01 2.679e-01 5.047e-04 7.323e-04 1.832e-03 -1.000 4.581e-03 -5.950 -5.667 -4.961 -6.482
0.0045 -0.53140 7.44001 9.6230154037 2.6254542493    9.608  4.288  3.6264  0.590    4  0.000  0.367     0.00     0.00     0.00     0.00     0.00 -1    -1e-30      0.00 7.275e-01 2.679e-01 5.047e-04 7.323e-04 1.832e-03 -1.000 4.581e-03 -5.950 -5.670 -4.964 -6.484
0.0045 -0.53140 7.44001 9.6231698990 2.6254544263    9.609  4.288  3.6267  0.591    4  0.000  0.367     0.00     0.00     0.00     0.00     0.00 -1    -1e-30      0.00 7.275e-01 2.679e-01 5.047e-04 7.323e-04 1.832e-03 -1.000 4.581e-03 -5.950 -5.671 -4.967 -6.485
0.0045 -0.53140 7.44001 9.6233367920 2.6254546176    9.609  4.288  3.6269  0.592    4  0.000  0.367     0.00     0.00     0.00     0.00     0.00 -1    -1e-30      0.00 7.275e-01 2.679e-01 5.047e-04 7.323e-04 1.832e-03 -1.000 4.581e-03 -5.951 -5.673 -4.970 -6.486
0.0045 -0.53140 7.44001 9.6235227585 2.6254548307    9.609  4.288  3.6272  0.593    4  0.000  0.367     0.00     0.00     0.00     0.00     0.00 -1    -1e-30      0.00 7.275e-01 2.679e-01 5.047e-04 7.323e-04 1.832e-03 -1.000 4.581e-03 -5.951 -5.675 -4.973 -6.487
0.0045 -0.53140 7.44001 9.6237335205 2.6254550722    9.609  4.288  3.6275  0.594    4  0.000  0.367     0.00     0.00     0.00     0.00     0.00 -1    -1e-30      0.00 7.275e-01 2.679e-01 5.047e-04 7.323e-04 1.832e-03 -1.000 4.581e-03 -5.951 -5.677 -4.975 -6.488
0.0045 -0.53140 7.44001 9.6240472794 2.6254554317    9.609  4.289  3.6278  0.595    4  0.000  0.367     0.00     0.00     0.00     0.00     0.00 -1    -1e-30      0.00 7.275e-01 2.679e-01 5.047e-04 7.323e-04 1.832e-03 -1.000 4.581e-03 -5.952 -5.679 -4.979 -6.490
0.0045 -0.53140 7.44001 9.6244487762 2.6254558918    9.610  4.289  3.6281  0.596    4  0.000  0.367     0.00     0.00     0.00     0.00     0.00 -1    -1e-30      0.00 7.275e-01 2.679e-01 5.047e-04 7.323e-04 1.832e-03 -1.000 4.581e-03 -5.952 -5.682 -4.983 -6.492
0.0045 -0.53140 7.44001 9.6248826981 2.6254563889    9.610  4.289  3.6284  0.597    4  0.000  0.367     0.00     0.00     0.00     0.00     0.00 -1    -1e-30      0.00 7.275e-01 2.679e-01 5.047e-04 7.323e-04 1.832e-03 -1.000 4.581e-03 -5.953 -5.684 -4.986 -6.493
0.0045 -0.53140 7.44001 9.6255006790 2.6254570968    9.611  4.289  3.6287  0.598    4  0.000  0.367     0.00     0.00     0.00     0.00     0.00 -1    -1e-30      0.00 7.275e-01 2.679e-01 5.047e-04 7.323e-04 1.832e-03 -1.000 4.581e-03 -5.954 -5.687 -4.990 -6.495
0.0045 -0.53140 7.44001 9.6264820099 2.6254582206    9.612  4.290  3.6290  0.599    4  0.000  0.367     0.00     0.00     0.00     0.00     0.00 -1    -1e-30      0.00 7.275e-01 2.679e-01 5.047e-04 7.323e-04 1.832e-03 -1.000 4.581e-03 -5.955 -5.690 -4.994 -6.497
0.0045 -0.53140 7.44001 9.6280889511 2.6254600604    9.613  4.291  3.6294  0.599    4  0.000  0.367     0.00     0.00     0.00     0.00     0.00 -1    -1e-30      0.00 7.275e-01 2.679e-01 5.047e-04 7.323e-04 1.832e-03 -1.000 4.581e-03 -5.957 -5.694 -5.000 -6.501
0.0045 -0.53140 7.44001 9.6304368973 2.6254627474    9.616  4.292  3.6298  0.600    4  0.000  0.367     0.00     0.00     0.00     0.00     0.00 -1    -1e-30      0.00 7.275e-01 2.679e-01 5.047e-04 7.323e-04 1.832e-03 -1.000 4.581e-03 -5.961 -5.701 -5.008 -6.506
0.0045 -0.53140 7.44001 9.6336364746 2.6254664064    9.619  4.294  3.6304  0.601    5  0.000  0.367     0.00     0.00     0.00     0.00     0.00 -1    -1e-30      0.00 7.275e-01 2.679e-01 5.047e-04 7.323e-04 1.832e-03 -1.000 4.581e-03 -5.965 -5.708 -5.017 -6.512
0.0045 -0.53140 7.44001 9.6375722885 2.6254709036    9.623  4.298  3.6318  0.602    5  0.000  0.367     0.00     0.00     0.00     0.00     0.00 -1    -1e-30      0.00 7.275e-01 2.679e-01 5.047e-04 7.323e-04 1.832e-03 -1.000 4.581e-03 -5.975 -5.726 -5.040 -6.527
0.0045 -0.53140 7.44001 9.6420259476 2.6254759875    9.627  4.302  3.6424  0.641    5  0.000  0.367     0.00     0.00     0.00     0.00     0.00 -1    -1e-30      0.00 7.275e-01 2.679e-01 5.047e-04 7.323e-04 1.832e-03 -1.000 4.581e-03 -5.984 -5.791 -5.142 -6.567
0.0045 -0.53140 7.44001 9.6476869583 2.6254824417    9.633  4.313  3.6468  0.647    5  0.000  0.367     0.00     0.00     0.00     0.00     0.00 -1    -1e-30      0.00 7.275e-01 2.679e-01 5.048e-04 7.324e-04 1.832e-03 -1.000 4.581e-03 -6.014 -5.843 -5.207 -6.608
0.0045 -0.53140 7.44001 9.6542263031 2.6254898865    9.640  4.324  3.7053  0.871    5  0.000  0.367     0.00     0.00     0.00     0.00     0.00 -1    -1e-30      0.00 7.275e-01 2.679e-01 5.048e-04 7.324e-04 1.832e-03 -1.000 4.581e-03 -6.041 -6.070 -5.620 -6.688
0.0045 -0.53140 7.44001 9.6710062027 2.6255089368    9.656  4.328  3.7090  0.883    5  0.000  0.367     0.00     0.00     0.00     0.00     0.00 -1    -1e-30      0.00 7.275e-01 2.679e-01 5.048e-04 7.324e-04 1.832e-03 -1.000 4.581e-03 -6.050 -6.088 -5.649 -6.697
0.0045 -0.53140 7.44001 9.6758098602 2.6255143764    9.661  4.329  3.7084  0.880    5  0.000  0.367     0.00     0.00     0.00     0.00     0.00 -1    -1e-30      0.00 7.275e-01 2.679e-01 5.048e-04 7.324e-04 1.832e-03 -1.000 4.581e-03 -6.052 -6.089 -5.648 -6.700
0.0045 -0.53140 7.44001 9.6783151627 2.6255172109    9.664  4.330  3.7075  0.876    5  0.000  0.367     0.00     0.00     0.00     0.00     0.00 -1    -1e-30      0.00 7.275e-01 2.679e-01 5.048e-04 7.324e-04 1.832e-03 -1.000 4.581e-03 -6.054 -6.089 -5.646 -6.702
0.0045 -0.53140 7.44001 9.6790304184 2.6255180198    9.664  4.330  3.7073  0.874    5  0.000  0.367     0.00     0.00     0.00     0.00     0.00 -1    -1e-30      0.00 7.275e-01 2.679e-01 5.048e-04 7.324e-04 1.832e-03 -1.000 4.581e-03 -6.055 -6.089 -5.645 -6.702
0.0045 -0.53140 7.44001 9.6797800064 2.6255188675    9.665  4.330  3.7071  0.873    5  0.000  0.367     0.00     0.00     0.00     0.00     0.00 -1    -1e-30      0.00 7.275e-01 2.679e-01 5.048e-04 7.324e-04 1.832e-03 -1.000 4.581e-03 -6.055 -6.089 -5.645 -6.703
0.0045 -0.53140 7.44001 9.6882228851 2.6255284041    9.673  4.333  3.7033  0.856    5  0.000  0.367     0.00     0.00     0.00     0.00     0.00 -1    -1e-30      0.00 7.275e-01 2.679e-01 5.048e-04 7.324e-04 1.832e-03 -1.000 4.581e-03 -6.062 -6.086 -5.631 -6.709
0.0045 -0.53140 7.44001 9.7113561630 2.6255544365    9.697  4.340  3.6892  0.794    6  0.000  0.367     0.00     0.00     0.00     0.00     0.00 -1    -1e-30      0.00 7.275e-01 2.679e-01 5.048e-04 7.325e-04 1.832e-03 -1.000 4.581e-03 -6.079 -6.065 -5.572 -6.722
0.0045 -0.53140 7.44001 9.7126350403 2.6255558715    9.699  4.340  3.6884  0.790    6  0.000  0.367     0.00     0.00     0.00     0.00     0.00 -1    -1e-30      0.00 7.275e-01 2.679e-01 5.048e-04 7.325e-04 1.831e-03 -1.000 4.581e-03 -6.080 -6.064 -5.568 -6.722
0.0045 -0.53140 7.44001 9.7142286301 2.6255576590    9.700  4.340  3.6876  0.787    6  0.000  0.367     0.00     0.00     0.00     0.00     0.00 -1    -1e-30      0.00 7.275e-01 2.679e-01 5.048e-04 7.325e-04 1.831e-03 -1.000 4.581e-03 -6.081 -6.062 -5.565 -6.723
0.0045 -0.53140 7.44001 9.7245292664 2.6255691968    9.710  4.344  3.6829  0.765    6  0.000  0.367     0.00     0.00     0.00     0.00     0.00 -1    -1e-30      0.00 7.275e-01 2.679e-01 5.047e-04 7.327e-04 1.831e-03 -1.000 4.582e-03 -6.089 -6.057 -5.545 -6.729
0.0045 -0.53140 7.44001 9.7294845581 2.6255747373    9.716  4.348  3.6865  0.775    6  0.000  0.367     0.00     0.00     0.00     0.00     0.00 -1    -1e-30      0.00 7.275e-01 2.679e-01 5.047e-04 7.328e-04 1.831e-03 -1.000 4.582e-03 -6.101 -6.079 -5.578 -6.741
0.0045 -0.53140 7.44001 9.7301778793 2.6255755120    9.716  4.349  3.6892  0.786    6  0.000  0.367     0.00     0.00     0.00     0.00     0.00 -1    -1e-30      0.00 7.275e-01 2.679e-01 5.047e-04 7.328e-04 1.831e-03 -1.000 4.582e-03 -6.102 -6.089 -5.596 -6.745
0.0045 -0.53140 7.44001 9.7325019836 2.6255781079    9.719  4.347  3.6912  0.795    6  0.000  0.367     0.00     0.00     0.00     0.00     0.00 -1    -1e-30      0.00 7.275e-01 2.680e-01 5.047e-04 7.328e-04 1.831e-03 -1.000 4.583e-03 -6.098 -6.090 -5.602 -6.742
0.0045 -0.53140 7.44001 9.7359466553 2.6255819528    9.722  4.348  3.6875  0.780    6  0.000  0.367     0.00     0.00     0.00     0.00     0.00 -1    -1e-30      0.00 7.275e-01 2.680e-01 5.047e-04 7.329e-04 1.831e-03 -1.000 4.583e-03 -6.100 -6.081 -5.583 -6.741
0.0045 -0.53140 7.44001 9.7398834229 2.6255863431    9.726  4.350  3.6835  0.762    6  0.000  0.367     0.00     0.00     0.00     0.00     0.00 -1    -1e-30      0.00 7.274e-01 2.680e-01 5.047e-04 7.330e-04 1.831e-03 -1.000 4.583e-03 -6.104 -6.074 -5.563 -6.744
0.0045 -0.53140 7.44001 9.7435102463 2.6255903842    9.729  4.352  3.6793  0.743    6  0.000  0.367     0.00     0.00     0.00     0.00     0.00 -1    -1e-30      0.00 7.274e-01 2.680e-01 5.047e-04 7.330e-04 1.831e-03 -1.000 4.583e-03 -6.110 -6.068 -5.544 -6.750
0.0045 -0.53140 7.44001 9.7465972900 2.6255938211    9.733  4.354  3.6753  0.725    6  0.000  0.367     0.00     0.00     0.00     0.00     0.00 -1    -1e-30      0.00 7.274e-01 2.680e-01 5.047e-04 7.331e-04 1.831e-03 -1.000 4.584e-03 -6.115 -6.061 -5.522 -6.754
0.0045 -0.53140 7.44001 9.7498054504 2.6255973902    9.736  4.356  3.6703  0.704    6  0.000  0.367     0.00     0.00     0.00     0.00     0.00 -1    -1e-30      0.00 7.274e-01 2.680e-01 5.047e-04 7.331e-04 1.831e-03 -1.000 4.584e-03 -6.120 -6.050 -5.494 -6.756
0.0045 -0.53140 7.44001 9.7519474030 2.6255997717    9.738  4.357  3.6665  0.687    6  0.000  0.367     0.00     0.00     0.00     0.00     0.00 -1    -1e-30      0.00 7.274e-01 2.680e-01 5.047e-04 7.332e-04 1.831e-03 -1.000 4.584e-03 -6.123 -6.039 -5.468 -6.756
0.0045 -0.53140 7.44001 9.7542076111 2.6256022833    9.740  4.358  3.6618  0.668    6  0.000  0.367     0.00     0.00     0.00     0.00     0.00 -1    -1e-30      0.00 7.274e-01 2.680e-01 5.047e-04 7.332e-04 1.831e-03 -1.000 4.584e-03 -6.125 -6.023 -5.436 -6.753
0.0045 -0.53140 7.44001 9.7557439804 2.6256039898    9.742  4.359  3.6581  0.652    6  0.000  0.367     0.00     0.00     0.00     0.00     0.00 -1    -1e-30      0.00 7.274e-01 2.680e-01 5.047e-04 7.333e-04 1.831e-03 -1.000 4.584e-03 -6.127 -6.009 -5.408 -6.750
0.0045 -0.53140 7.44001 9.7573890686 2.6256058163    9.743  4.359  3.6536  0.634    6  0.000  0.367     0.00     0.00     0.00     0.00     0.00 -1    -1e-30      0.00 7.274e-01 2.680e-01 5.047e-04 7.333e-04 1.831e-03 -1.000 4.585e-03 -6.128 -5.990 -5.373 -6.741
0.0045 -0.53140 7.44001 9.7585115433 2.6256070622    9.744  4.359  3.6500  0.619    6  0.000  0.367     0.00     0.00     0.00     0.00     0.00 -1    -1e-30      0.00 7.274e-01 2.680e-01 5.047e-04 7.333e-04 1.831e-03 -1.000 4.585e-03 -6.129 -5.974 -5.346 -6.733
0.0045 -0.53140 7.44001 9.7594871521 2.6256081448    9.745  4.360  3.6464  0.605    6  0.000  0.367     0.00     0.00     0.00     0.00     0.00 -1    -1e-30      0.00 7.274e-01 2.680e-01 5.047e-04 7.333e-04 1.831e-03 -1.000 4.585e-03 -6.129 -5.956 -5.316 -6.724
0.0045 -0.53140 7.44001 9.7603368759 2.6256090876    9.746  4.359  3.6428  0.591    6  0.000  0.367     0.00     0.00     0.00     0.00     0.00 -1    -1e-30      0.00 7.274e-01 2.680e-01 5.047e-04 7.333e-04 1.831e-03 -1.000 4.585e-03 -6.129 -5.938 -5.286 -6.714
0.0045 -0.53140 7.44001 9.7610845566 2.6256099169    9.747  4.359  3.6393  0.577    6  0.000  0.367     0.00     0.00     0.00     0.00     0.00 -1    -1e-30      0.00 7.274e-01 2.680e-01 5.047e-04 7.333e-04 1.831e-03 -1.000 4.585e-03 -6.128 -5.919 -5.256 -6.703
0.0045 -0.53140 7.44001 9.7617578506 2.6256106636    9.748  4.359  3.6359  0.564    6  0.000  0.367     0.00     0.00     0.00     0.00     0.00 -1    -1e-30      0.00 7.274e-01 2.680e-01 5.047e-04 7.334e-04 1.831e-03 -1.000 4.585e-03 -6.127 -5.899 -5.224 -6.692
0.0045 -0.53140 7.44001 9.7624015808 2.6256113775    9.748  4.358  3.6325  0.551    6  0.000  0.367     0.00     0.00     0.00     0.00     0.00 -1    -1e-30      0.00 7.274e-01 2.680e-01 5.046e-04 7.334e-04 1.831e-03 -1.000 4.585e-03 -6.125 -5.878 -5.191 -6.679
0.0045 -0.53140 7.44001 9.7630567551 2.6256121038    9.749  4.357  3.6291  0.539    6  0.000  0.367     0.00     0.00     0.00     0.00     0.00 -1    -1e-30      0.00 7.274e-01 2.680e-01 5.046e-04 7.334e-04 1.831e-03 -1.000 4.585e-03 -6.122 -5.856 -5.157 -6.666
0.0045 -0.53140 7.44001 9.7637529373 2.6256128756    9.750  4.355  3.6257  0.527    6  0.000  0.367     0.00     0.00     0.00     0.00     0.00 -1    -1e-30      0.00 7.274e-01 2.680e-01 5.046e-04 7.334e-04 1.831e-03 -1.000 4.585e-03 -6.116 -5.831 -5.119 -6.649
0.0045 -0.53140 7.44001 9.7645349503 2.6256137423    9.750  4.351  3.6228  0.519    6  0.000  0.367     0.00     0.00     0.00     0.00     0.00 -1    -1e-30      0.00 7.274e-01 2.680e-01 5.046e-04 7.334e-04 1.831e-03 -1.000 4.585e-03 -6.108 -5.806 -5.083 -6.631
0.0045 -0.53140 7.44001 9.7658662796 2.6256152175    9.752  4.344  3.6196  0.514    6  0.000  0.367     0.00     0.00     0.00     0.00     0.00 -1    -1e-30      0.00 7.274e-01 2.680e-01 5.046e-04 7.334e-04 1.831e-03 -1.000 4.585e-03 -6.089 -5.768 -5.034 -6.601
0.0045 -0.53140 7.44001 9.7669115067 2.6256163754    9.753  4.339  3.6171  0.509    6  0.000  0.367     0.00     0.00     0.00     0.00     0.00 -1    -1e-30      0.00 7.274e-01 2.680e-01 5.046e-04 7.335e-04 1.831e-03 -1.000 4.585e-03 -6.077 -5.740 -4.996 -6.579
0.0045 -0.53140 7.44001 9.7683000565 2.6256179131    9.754  4.344  3.6145  0.493    6  0.000  0.367     0.00     0.00     0.00     0.00     0.00 -1    -1e-30      0.00 7.274e-01 2.680e-01 5.046e-04 7.335e-04 1.831e-03 -1.000 4.585e-03 -6.091 -5.737 -4.981 -6.584
0.0045 -0.53140 7.44001 9.7768669128 2.6256273892    9.763  4.368  3.6106  0.454    6  0.000  0.367     0.00     0.00     0.00     0.00     0.00 -1    -1e-30      0.00 7.274e-01 2.680e-01 5.046e-04 7.336e-04 1.830e-03 -1.000 4.586e-03 -6.149 -5.770 -4.995 -6.628
0.0045 -0.53140 7.44001 9.7836656570 2.6256348959    9.770  4.416  3.6044  0.381    6  0.000  0.367     0.00     0.00     0.00     0.00     0.00 -1    -1e-30      0.00 7.274e-01 2.681e-01 5.046e-04 7.337e-04 1.830e-03 -1.000 4.587e-03 -6.271 -5.847 -5.040 -6.725
0.0045 -0.53140 7.44001 9.7850408554 2.6256364129    9.771  4.455  3.6001  0.325    6  0.000  0.367     0.00     0.00     0.00     0.00     0.00 -1    -1e-30      0.00 7.273e-01 2.681e-01 5.046e-04 7.338e-04 1.830e-03 -1.000 4.587e-03 -6.367 -5.912 -5.081 -6.804
0.0045 -0.53140 7.44001 9.7850561142 2.6256364297    9.771  4.455  3.6000  0.324    6  0.000  0.367     0.00     0.00     0.00     0.00     0.00 -1    -1e-30      0.00 7.273e-01 2.681e-01 5.046e-04 7.338e-04 1.830e-03 -1.000 4.587e-03 -6.369 -5.913 -5.082 -6.806
0.0045 -0.53140 7.44001 9.7854127884 2.6256368231    9.771  4.481  3.5973  0.288    7  0.000  0.367   178.10    90.71    60.07    44.13    36.63  3    -1e-30      0.00 7.273e-01 2.681e-01 5.046e-04 7.338e-04 1.830e-03 -1.000 4.587e-03 -6.433 -5.957 -5.109 -6.858
0.0045 -0.53140 7.44001 9.7864341736 2.6256379493    9.772  4.499  3.5956  0.264    7  0.000  0.367   188.54    94.84    62.68    46.08    38.25  3    -1e-30      0.00 7.273e-01 2.681e-01 5.046e-04 7.338e-04 1.830e-03 -1.000 4.587e-03 -6.477 -5.987 -5.129 -6.895
0.0045 -0.53140 7.44001 9.7880477905 2.6256397281    9.774  4.498  3.5956  0.264    7  0.000  0.367   188.16    94.69    62.58    46.01    38.19  3    -1e-30      0.00 7.273e-01 2.681e-01 5.046e-04 7.338e-04 1.830e-03 -1.000 4.587e-03 -6.475 -5.985 -5.127 -6.893
0.0045 -0.53140 7.44001 9.7887172699 2.6256404658    9.774  4.513  3.5941  0.244    7  0.000  0.367   197.24    98.25    64.82    47.68    39.58  3    -1e-30      0.00 7.273e-01 2.681e-01 5.046e-04 7.338e-04 1.830e-03 -1.000 4.587e-03 -6.511 -6.010 -5.143 -6.922
0.0045 -0.53140 7.44001 9.7896070480 2.6256414462    9.775  4.530  3.5924  0.220    7  0.000  0.367   208.56   102.62    67.58    49.74    41.30  3    -1e-30      0.00 7.273e-01 2.681e-01 5.044e-04 7.340e-04 1.830e-03 -1.000 4.587e-03 -6.554 -6.039 -5.162 -6.958
0.0045 -0.53140 7.44001 9.7906637192 2.6256426102    9.776  4.553  3.5901  0.188    7  0.000  0.366   224.84   108.83    71.48    52.66    43.72  3    -1e-30      0.00 7.273e-01 2.681e-01 5.032e-04 7.352e-04 1.830e-03 -1.000 4.587e-03 -6.613 -6.079 -5.187 -7.006
0.0045 -0.53140 7.44001 9.7918577194 2.6256439252    9.778  4.591  3.5863  0.134    7  0.000  0.365   254.41   119.86    78.38    57.82    48.03  3    -1e-30      0.00 7.273e-01 2.681e-01 5.018e-04 7.371e-04 1.830e-03 -1.000 4.587e-03 -6.709 -6.143 -5.225 -7.083
0.0045 -0.53140 7.44001 9.7931671143 2.6256453668    9.779  4.629  3.5827  0.082    7  0.000  0.365   287.13   131.74    85.78    63.37    52.65  3    -1e-30      0.00 7.267e-01 2.687e-01 4.994e-04 7.446e-04 1.825e-03 -1.000 4.588e-03 -6.803 -6.205 -5.261 -7.159
0.0045 -0.53140 7.44001 9.7946443558 2.6256469926    9.780  4.667  3.5790  0.029    7  0.000  0.365   319.45   144.94    93.97    69.52    57.77  3    -1e-30      0.00 7.232e-01 2.721e-01 4.926e-04 7.748e-04 1.800e-03 -1.000 4.647e-03 -6.898 -6.267 -5.296 -7.235
0.0045 -0.53140 7.44001 9.7956504822 2.6256480997    9.781  4.693  3.5764 -0.008    7  0.000  0.365   337.75   154.87   100.11    74.14    61.61  3    -1e-30      0.00 7.212e-01 2.742e-01 4.892e-04 7.899e-04 1.788e-03 -1.000 4.610e-03 -6.963 -6.307 -5.314 -7.285
0.0045 -0.53140 7.44001 9.7992668152 2.6256520765    9.785  4.754  3.5707 -0.090    7  0.000  0.365   383.01   179.88   115.50    85.72    71.26  2    -1e-30      0.00 7.168e-01 2.786e-01 4.831e-04 8.169e-04 1.765e-03 -1.000 4.605e-03 -7.115 -6.401 -5.357 -7.404
0.0045 -0.53140 7.44001 9.8071432114 2.6256607264    9.793  4.800  3.5666 -0.153    7  0.000  0.365   421.46   201.56   128.76    95.72    79.60  0    -1e-30      0.00 7.113e-01 2.841e-01 4.787e-04 8.369e-04 1.749e-03 -1.000 4.648e-03 -7.231 -6.470 -5.380 -7.493
0.0045 -0.53140 7.44001 9.8243913651 2.6256796127    9.810  4.835  3.5637 -0.199    7  0.000  0.365   451.96   219.02   139.40   103.74    86.29  0    -1e-30      0.00 7.028e-01 2.926e-01 4.736e-04 8.609e-04 1.729e-03 -1.000 4.583e-03 -7.318 -6.523 -5.400 -7.561
0.0045 -0.53140 7.44001 9.8334951401 2.6256895504    9.819  4.835  3.5640 -0.196    7  0.000  0.365   450.42   218.12   138.85   103.33    85.95  0    -1e-30      0.00 6.995e-01 2.959e-01 4.719e-04 8.692e-04 1.722e-03 -1.000 4.581e-03 -7.316 -6.524 -5.404 -7.561
