Zini MH logAge Mini int_IMF Mass logL logTe logg label McoreTP C_O period0 period1 period2 period3 period4 pmode Mloss tau1m X Y Xc Xn Xo Cexcess Z mbolmag Gmag G_BPmag G_RPmag
0.005 -0.48482 8.01000 0.0900000036 1.0816895926    0.090 -2.698  3.4485  4.836    0  0.000  0.545     0.00     0.00     0.00     0.00     0.00 -1 -3.24e-16      0.00 7.371e-01 2.578e-01 9.173e-04 2.474e-04 2.244e-03 -1.000 5.101e-03 11.515 12.927 15.190 11.564
0.005 -0.48482 8.01000 0.0940676481 1.1195492533    0.094 -2.667  3.4526  4.841    0  0.000  0.545     0.00     0.00     0.00     0.00     0.00 -1 -3.39e-16      0.00 7.371e-01 2.578e-01 9.173e-04 2.474e-04 2.244e-03 -1.000 5.101e-03 11.437 12.807 14.998 11.456
0.005 -0.48482 8.01000 0.1000000015 1.1711064122    0.100 -2.621  3.4588  4.846    0  0.000  0.545     0.00     0.00     0.00     0.00     0.00 -1 -3.64e-16      0.00 7.371e-01 2.578e-01 9.173e-04 2.474e-04 2.244e-03 -1.000 5.101e-03 11.322 12.629 14.714 11.299
0.005 -0.48482 8.01000 0.1028299406 1.1943202138    0.103 -2.602  3.4612  4.848    0  0.000  0.545     0.00     0.00     0.00     0.00     0.00 -1 -3.74e-16      0.00 7.371e-01 2.578e-01 9.173e-04 2.474e-04 2.244e-03 -1.000 5.101e-03 11.274 12.558 14.603 11.236
0.005 -0.48482 8.01000 0.1127408221 1.2695001752    0.113 -2.534  3.4695  4.854    0  0.000  0.545     0.00     0.00     0.00     0.00     0.00 -1 -4.14e-16      0.00 7.371e-01 2.578e-01 9.173e-04 2.474e-04 2.244e-03 -1.000 5.101e-03 11.106 12.310 14.225 11.015
0.005 -0.48482 8.01000 0.1199999973 1.3193154249    0.120 -2.488  3.4758  4.860    0  0.000  0.545     0.00     0.00     0.00     0.00     0.00 -1 -4.44e-16      0.00 7.371e-01 2.578e-01 9.173e-04 2.474e-04 2.244e-03 -1.000 5.101e-03 10.990 12.135 13.957 10.861
0.005 -0.48482 8.01000 0.1203961149 1.3219204851    0.120 -2.486  3.4760  4.860    0  0.000  0.545     0.00     0.00     0.00     0.00     0.00 -1 -4.45e-16      0.00 7.371e-01 2.578e-01 9.173e-04 2.474e-04 2.244e-03 -1.000 5.101e-03 10.984 12.127 13.945 10.854
0.005 -0.48482 8.01000 0.1400000006 1.4384526719    0.140 -2.378  3.4883  4.867    0  0.000  0.545     0.00     0.00     0.00     0.00     0.00 -1 -5.26e-16      0.00 7.371e-01 2.578e-01 9.173e-04 2.474e-04 2.244e-03 -1.000 5.101e-03 10.714 11.740 13.379 10.512
0.005 -0.48482 8.01000 0.1542284489 1.5104925328    0.154 -2.311  3.4956  4.871    0  0.000  0.545     0.00     0.00     0.00     0.00     0.00 -1 -5.81e-16      0.00 7.371e-01 2.578e-01 9.173e-04 2.474e-04 2.244e-03 -1.000 5.101e-03 10.547 11.511 13.060 10.309
0.005 -0.48482 8.01000 0.1599999964 1.5372931554    0.160 -2.284  3.4984  4.872    0  0.000  0.545     0.00     0.00     0.00     0.00     0.00 -1 -6.06e-16      0.00 7.371e-01 2.578e-01 9.173e-04 2.474e-04 2.244e-03 -1.000 5.101e-03 10.481 11.421 12.938 10.229
0.005 -0.48482 8.01000 0.1843120307 1.6377694730    0.184 -2.188  3.5082  4.876    0  0.000  0.545     0.00     0.00     0.00     0.00     0.00 -1 -7.01e-16      0.00 7.371e-01 2.578e-01 9.173e-04 2.474e-04 2.244e-03 -1.000 5.101e-03 10.239 11.102 12.512 9.943
0.005 -0.48482 8.01000 0.1999999881 1.6938790356    0.200 -2.129  3.5140  4.876    0  0.000  0.545     0.00     0.00     0.00     0.00     0.00 -1  -7.7e-16      0.00 7.371e-01 2.578e-01 9.173e-04 2.474e-04 2.244e-03 -1.000 5.101e-03 10.093 10.912 12.264 9.772
0.005 -0.48482 8.01000 0.2444984913 1.8261583117    0.245 -1.993  3.5266  4.878    0  0.000  0.545     0.00     0.00     0.00     0.00     0.00 -1 -9.52e-16      0.00 7.371e-01 2.578e-01 9.173e-04 2.474e-04 2.244e-03 -1.000 5.101e-03 9.752 10.481 11.722 9.383
0.005 -0.48482 8.01000 0.2500000000 1.8403257998    0.250 -1.977  3.5280  4.878    0  0.000  0.545     0.00     0.00     0.00     0.00     0.00 -1 -9.76e-16      0.00 7.371e-01 2.578e-01 9.173e-04 2.474e-04 2.244e-03 -1.000 5.101e-03 9.713 10.433 11.663 9.339
0.005 -0.48482 8.01000 0.2929033339 1.9384793434    0.293 -1.865  3.5374  4.871    0  0.000  0.545     0.00     0.00     0.00     0.00     0.00 -1 -1.18e-15      0.00 7.371e-01 2.578e-01 9.173e-04 2.474e-04 2.244e-03 -1.000 5.101e-03 9.432 10.094 11.255 9.028
0.005 -0.48482 8.01000 0.3000000119 1.9529139769    0.300 -1.848  3.5388  4.870    0  0.000  0.545     0.00     0.00     0.00     0.00     0.00 -1 -1.21e-15      0.00 7.371e-01 2.578e-01 9.173e-04 2.474e-04 2.244e-03 -1.000 5.101e-03 9.389 10.041 11.192 8.980
0.005 -0.48482 8.01000 0.3499999642 2.0434174156    0.350 -1.721  3.5492  4.852    0  0.000  0.545     0.00     0.00     0.00     0.00     0.00 -1 -1.53e-15      0.00 7.371e-01 2.578e-01 9.173e-04 2.474e-04 2.244e-03 -1.000 5.101e-03 9.073 9.664 10.746 8.633
0.005 -0.48482 8.01000 0.3608311415 2.0608205826    0.361 -1.691  3.5520  4.846    0  0.000  0.545     0.00     0.00     0.00     0.00     0.00 -1 -1.62e-15      0.00 7.371e-01 2.578e-01 9.173e-04 2.474e-04 2.244e-03 -1.000 5.101e-03 8.998 9.574 10.638 8.551
0.005 -0.48482 8.01000 0.3958556652 2.1127536632    0.396 -1.596  3.5607  4.826    0  0.000  0.545     0.00     0.00     0.00     0.00     0.00 -1 -1.97e-15      0.00 7.371e-01 2.578e-01 9.173e-04 2.474e-04 2.244e-03 -1.000 5.101e-03 8.760 9.287 10.299 8.289
0.005 -0.48482 8.01000 0.3999999762 2.1185023988    0.400 -1.585  3.5616  4.823    0  0.000  0.545     0.00     0.00     0.00     0.00     0.00 -1 -2.02e-15      0.00 7.371e-01 2.578e-01 9.173e-04 2.474e-04 2.244e-03 -1.000 5.101e-03 8.731 9.253 10.260 8.258
0.005 -0.48482 8.01000 0.4499999881 2.1822809009    0.450 -1.424  3.5781  4.779    0  0.000  0.545     0.00     0.00     0.00     0.00     0.00 -1 -2.89e-15      0.00 7.371e-01 2.578e-01 9.173e-04 2.474e-04 2.244e-03 -1.000 5.101e-03 8.329 8.767 9.687 7.818
0.005 -0.48482 8.01000 0.4999999404 2.2374540715    0.500 -1.238  3.6047  4.745    0  0.000  0.545     0.00     0.00     0.00     0.00     0.00 -1 -4.38e-15      0.00 7.371e-01 2.578e-01 9.173e-04 2.474e-04 2.244e-03 -1.000 5.101e-03 7.864 8.189 8.994 7.307
0.005 -0.48482 8.01000 0.5023787022 2.2398929106    0.502 -1.228  3.6064  4.745    0  0.000  0.545     0.00     0.00     0.00     0.00     0.00 -1 -4.47e-15      0.00 7.372e-01 2.577e-01 9.172e-04 2.474e-04 2.244e-03 -1.000 5.101e-03 7.841 8.160 8.958 7.281
0.005 -0.48482 8.01000 0.5396620631 2.2749102122    0.539 -1.119  3.6262  4.746    0  0.000  0.545     0.00     0.00     0.00     0.00     0.00 -1 -5.55e-15      0.00 7.373e-01 2.576e-01 9.167e-04 2.473e-04 2.243e-03 -1.000 5.101e-03 7.569 7.815 8.536 6.986
0.005 -0.48482 8.01000 0.5500000119 2.2836582633    0.550 -1.099  3.6293  4.746    0  0.000  0.545     0.00     0.00     0.00     0.00     0.00 -1 -5.76e-15      0.00 7.373e-01 2.576e-01 9.165e-04 2.473e-04 2.243e-03 -1.000 5.101e-03 7.518 7.753 8.462 6.932
0.005 -0.48482 8.01000 0.5627971292 2.2939770043    0.562 -1.076  3.6330  4.748    0  0.000  0.545     0.00     0.00     0.00     0.00     0.00 -1 -5.99e-15      0.00 7.373e-01 2.576e-01 9.165e-04 2.473e-04 2.243e-03 -1.000 5.101e-03 7.460 7.682 8.376 6.870
0.005 -0.48482 8.01000 0.5964044333 2.3186674394    0.596 -0.990  3.6451  4.736    0  0.000  0.545     0.00     0.00     0.00     0.00     0.00 -1 -7.16e-15      0.00 7.374e-01 2.575e-01 9.165e-04 2.473e-04 2.243e-03 -1.000 5.101e-03 7.246 7.421 8.066 6.645
0.005 -0.48482 8.01000 0.5999999642 2.3211212854    0.600 -0.978  3.6469  4.734    0  0.000  0.545     0.00     0.00     0.00     0.00     0.00 -1 -7.35e-15      0.00 7.374e-01 2.575e-01 9.165e-04 2.473e-04 2.243e-03 -1.000 5.101e-03 7.216 7.384 8.021 6.613
0.005 -0.48482 8.01000 0.6119505763 2.3290394953    0.612 -0.938  3.6536  4.729    0  0.000  0.545     0.00     0.00     0.00     0.00     0.00 -1 -8.03e-15      0.00 7.374e-01 2.575e-01 9.165e-04 2.472e-04 2.243e-03 -1.000 5.101e-03 7.114 7.256 7.865 6.505
0.005 -0.48482 8.01000 0.6499999166 2.3520352771    0.650 -0.816  3.6745  4.717    0  0.000  0.545     0.00     0.00     0.00     0.00     0.00 -1 -1.05e-14      0.00 7.374e-01 2.575e-01 9.162e-04 2.472e-04 2.242e-03 -1.000 5.101e-03 6.809 6.875 7.408 6.184
0.005 -0.48482 8.01000 0.6999999881 2.3779266974    0.700 -0.662  3.7002  4.698    0  0.000  0.545     0.00     0.00     0.00     0.00     0.00 -1 -1.47e-14      0.00 7.375e-01 2.574e-01 9.159e-04 2.471e-04 2.242e-03 -1.000 5.083e-03 6.424 6.415 6.873 5.788
0.005 -0.48482 8.01000 0.7489780188 2.3994736557    0.749 -0.522  3.7232  4.679    0  0.000  0.538     0.00     0.00     0.00     0.00     0.00 -1    -2e-14      0.00 7.376e-01 2.573e-01 9.040e-04 2.468e-04 2.241e-03 -1.000 5.099e-03 6.075 6.021 6.422 5.446
0.005 -0.48482 8.01000 0.7552647591 2.4020076322    0.755 -0.505  3.7257  4.676    0  0.000  0.538     0.00     0.00     0.00     0.00     0.00 -1 -2.08e-14      0.00 7.376e-01 2.573e-01 9.039e-04 2.468e-04 2.241e-03 -1.000 5.099e-03 6.032 5.975 6.370 5.405
0.005 -0.48482 8.01000 0.7979561090 2.4180075369    0.798 -0.394  3.7428  4.658    0  0.000  0.538     0.00     0.00     0.00     0.00     0.00 -1 -2.66e-14      0.00 7.377e-01 2.572e-01 9.034e-04 2.467e-04 2.241e-03 -1.000 5.096e-03 5.756 5.677 6.036 5.144
0.005 -0.48482 8.01000 0.8469341993 2.4340981614    0.846 -0.274  3.7598  4.631    0  0.000  0.538     0.00     0.00     0.00     0.00     0.00 -1 -3.51e-14      0.00 7.378e-01 2.571e-01 9.031e-04 2.466e-04 2.240e-03 -1.000 5.088e-03 5.456 5.366 5.689 4.869
0.005 -0.48482 8.01000 0.8679301739 2.4403598090    0.867 -0.224  3.7663  4.617    0  0.000  0.537     0.00     0.00     0.00     0.00     0.00 -1 -3.96e-14      0.00 7.380e-01 2.569e-01 9.021e-04 2.464e-04 2.238e-03 -1.000 5.101e-03 5.329 5.237 5.548 4.755
0.005 -0.48482 8.01000 0.8959121704 2.4481825371    0.895 -0.161  3.7749  4.603    0  0.000  0.538     0.00     0.00     0.00     0.00     0.00 -1 -4.58e-14      0.00 7.379e-01 2.570e-01 9.025e-04 2.465e-04 2.239e-03 -1.000 5.101e-03 5.173 5.080 5.374 4.617
0.005 -0.48482 8.01000 0.9162403941 2.4535222676    0.916 -0.114  3.7801  4.586    0  0.000  0.538     0.00     0.00     0.00     0.00     0.00 -1 -5.14e-14      0.00 7.382e-01 2.567e-01 9.018e-04 2.463e-04 2.237e-03 -1.000 5.101e-03 5.055 4.961 5.244 4.510
0.005 -0.48482 8.01000 0.9443570971 2.4604739191    0.944 -0.054  3.7874  4.569    0  0.000  0.538     0.00     0.00     0.00     0.00     0.00 -1 -5.93e-14      0.00 7.382e-01 2.567e-01 9.022e-04 2.463e-04 2.237e-03 -1.000 5.086e-03 4.905 4.813 5.081 4.378
0.005 -0.48482 8.01000 0.9448902607 2.4606011507    0.944 -0.053  3.7876  4.568    0  0.000  0.538     0.00     0.00     0.00     0.00     0.00 -1 -5.95e-14      0.00 7.382e-01 2.567e-01 9.022e-04 2.463e-04 2.237e-03 -1.000 5.085e-03 4.902 4.810 5.078 4.376
0.005 -0.48482 8.01000 0.9938682914 2.4716227899    0.994  0.051  3.7992  4.533    0  0.000  0.538     0.00     0.00     0.00     0.00     0.00 -1 -7.67e-14      0.00 7.385e-01 2.564e-01 9.009e-04 2.460e-04 2.235e-03 -1.000 5.081e-03 4.643 4.554 4.800 4.146
0.005 -0.48482 8.01000 1.0428463221 2.4814624120    1.042  0.150  3.8099  4.497    1  0.000  0.537     0.00     0.00     0.00     0.00     0.00 -1  -9.2e-14      0.00 7.386e-01 2.563e-01 9.007e-04 2.460e-04 2.235e-03 -1.000 5.101e-03 4.394 4.309 4.537 3.925
0.005 -0.48482 8.01000 1.0918244123 2.4902937965    1.091  0.244  3.8202  4.465    0  0.000  0.538     0.00     0.00     0.00     0.00     0.00 -1 -1.07e-13      0.00 7.387e-01 2.562e-01 9.010e-04 2.460e-04 2.235e-03 -1.000 5.076e-03 4.161 4.079 4.289 3.718
0.005 -0.48482 8.01000 1.1408023834 2.4982588162    1.140  0.334  3.8308  4.436    0  0.000  0.538     0.00     0.00     0.00     0.00     0.00 -1 -1.22e-13      0.00 7.388e-01 2.562e-01 9.010e-04 2.460e-04 2.234e-03 -1.000 5.067e-03 3.936 3.857 4.050 3.519
0.005 -0.48482 8.01000 1.1897804737 2.5054744552    1.189  0.418  3.8415  4.413    0  0.000  0.538     0.00     0.00     0.00     0.00     0.00 -1 -1.36e-13      0.00 7.387e-01 2.562e-01 9.008e-04 2.460e-04 2.234e-03 -1.000 5.063e-03 3.725 3.649 3.826 3.336
0.005 -0.48482 8.01000 1.2387585640 2.5120378777    1.238  0.498  3.8534  4.398    1  0.000  0.538     0.00     0.00     0.00     0.00     0.00 -1 -1.48e-13      0.00 7.388e-01 2.561e-01 9.008e-04 2.460e-04 2.234e-03 -1.000 5.093e-03 3.525 3.453 3.612 3.167
0.005 -0.48482 8.01000 1.2877364159 2.5180304399    1.287  0.573  3.8669  4.394    1  0.000  0.538     0.00     0.00     0.00     0.00     0.00 -1 -1.55e-13      0.00 7.389e-01 2.561e-01 9.006e-04 2.459e-04 2.234e-03 -1.000 5.045e-03 3.337 3.270 3.409 3.016
0.005 -0.48482 8.01000 1.3367147446 2.5235208592    1.337  0.645  3.8821  4.399    1  0.000  0.538     0.00     0.00     0.00     0.00     0.00 -1 -1.57e-13      0.00 7.389e-01 2.560e-01 9.002e-04 2.459e-04 2.233e-03 -1.000 5.036e-03 3.157 3.098 3.216 2.880
0.005 -0.48482 8.01000 1.3856927156 2.5285672999    1.386  0.714  3.8977  4.409    1  0.000  0.538     0.00     0.00     0.00     0.00     0.00 -1 -1.55e-13      0.00 7.390e-01 2.559e-01 9.003e-04 2.458e-04 2.233e-03 -1.000 5.090e-03 2.986 2.938 3.034 2.758
0.005 -0.48482 8.01000 1.3923527002 2.5292220485    1.392  0.723  3.8998  4.410    1  0.000  0.538     0.00     0.00     0.00     0.00     0.00 -1 -1.54e-13      0.00 7.390e-01 2.559e-01 9.002e-04 2.458e-04 2.233e-03 -1.000 5.084e-03 2.963 2.917 3.010 2.742
0.005 -0.48482 8.01000 1.4346706867 2.5332195553    1.435  0.780  3.9129  4.418    1  0.000  0.537     0.00     0.00     0.00     0.00     0.00 -1 -1.48e-13      0.00 7.390e-01 2.559e-01 8.998e-04 2.458e-04 2.232e-03 -1.000 5.044e-03 2.820 2.788 2.863 2.645
0.005 -0.48482 8.01000 1.4836487770 2.5375203611    1.484  0.844  3.9274  4.427    1  0.000  0.537     0.00     0.00     0.00     0.00     0.00 -1 -1.35e-13      0.00 7.391e-01 2.558e-01 8.998e-04 2.457e-04 2.232e-03 -1.000 5.091e-03 2.661 2.651 2.708 2.544
0.005 -0.48482 8.01000 1.5326267481 2.5415065793    1.532  0.904  3.9410  4.435    1  0.000  0.537     0.00     0.00     0.00     0.00     0.00 -1 -1.17e-13      0.00 7.392e-01 2.558e-01 8.997e-04 2.457e-04 2.232e-03 -1.000 5.029e-03 2.509 2.531 2.571 2.454
0.005 -0.48482 8.01000 1.5816048384 2.5452102246    1.581  0.962  3.9538  4.442    1  0.000  0.538     0.00     0.00     0.00     0.00     0.00 -1 -9.14e-14      0.00 7.392e-01 2.557e-01 8.996e-04 2.457e-04 2.231e-03 -1.000 5.060e-03 2.364 2.423 2.451 2.371
0.005 -0.48482 8.01000 1.6305828094 2.5486591609    1.630  1.019  3.9659  4.447    1  0.000  0.538     0.00     0.00     0.00     0.00     0.00 -1 -5.74e-14      0.00 7.393e-01 2.557e-01 8.995e-04 2.456e-04 2.231e-03 -1.000 5.052e-03 2.224 2.325 2.342 2.292
0.005 -0.48482 8.01000 1.6795608997 2.5518778061    1.679  1.072  3.9773  4.452    1  0.000  0.537     0.00     0.00     0.00     0.00     0.00 -1 -6.52e-24      0.00 7.393e-01 2.556e-01 8.991e-04 2.456e-04 2.231e-03 -1.000 5.071e-03 2.089 2.234 2.242 2.218
0.005 -0.48482 8.01000 1.7285389900 2.5548875929    1.727  1.124  3.9881  4.456    1  0.000  0.537     0.00     0.00     0.00     0.00     0.00 -1    -1e-30      0.00 7.394e-01 2.556e-01 8.990e-04 2.455e-04 2.230e-03 -1.000 5.087e-03 1.960 2.149 2.150 2.147
0.005 -0.48482 8.01000 1.7775169611 2.5577074260    1.776  1.174  3.9980  4.457    1  0.000  0.537     0.00     0.00     0.00     0.00     0.00 -1    -1e-30      0.00 7.394e-01 2.556e-01 8.989e-04 2.455e-04 2.230e-03 -1.000 5.073e-03 1.835 2.067 2.063 2.077
0.005 -0.48482 8.01000 1.8271399736 2.5603878217    1.826  1.223  4.0074  4.458    1  0.000  0.537     0.00     0.00     0.00     0.00     0.00 -1    -1e-30      0.00 7.394e-01 2.555e-01 8.988e-04 2.455e-04 2.230e-03 -1.000 5.041e-03 1.713 1.989 1.979 2.009
0.005 -0.48482 8.01000 1.8767631054 2.5629058721    1.876  1.270  4.0161  4.458    1  0.000  0.537     0.00     0.00     0.00     0.00     0.00 -1    -1e-30      0.00 7.394e-01 2.555e-01 8.986e-04 2.455e-04 2.229e-03 -1.000 5.076e-03 1.596 1.913 1.899 1.941
0.005 -0.48482 8.01000 1.9263861179 2.5652753117    1.926  1.315  4.0243  4.457    1  0.000  0.537     0.00     0.00     0.00     0.00     0.00 -1    -1e-30      0.00 7.395e-01 2.554e-01 8.986e-04 2.455e-04 2.230e-03 -1.000 5.067e-03 1.482 1.840 1.821 1.875
0.005 -0.48482 8.01000 1.9760092497 2.5675084202    1.976  1.359  4.0322  4.455    1  0.000  0.537     0.00     0.00     0.00     0.00     0.00 -1    -1e-30      0.00 7.395e-01 2.554e-01 8.985e-04 2.454e-04 2.229e-03 -1.000 5.100e-03 1.372 1.768 1.746 1.810
0.005 -0.48482 8.01000 2.0242643356 2.5695596555    2.024  1.401  4.0395  4.453    1  0.000  0.538     0.00     0.00     0.00     0.00     0.00 -1    -1e-30      0.00 7.395e-01 2.554e-01 8.987e-04 2.454e-04 2.229e-03 -1.000 5.074e-03 1.267 1.700 1.675 1.748
0.005 -0.48482 8.01000 2.0256323814 2.5696161724    2.025  1.402  4.0397  4.453    1  0.000  0.538     0.00     0.00     0.00     0.00     0.00 -1    -1e-30      0.00 7.395e-01 2.554e-01 8.987e-04 2.454e-04 2.229e-03 -1.000 5.073e-03 1.264 1.698 1.673 1.746
0.005 -0.48482 8.01000 2.0752551556 2.5716084101    2.074  1.444  4.0468  4.450    1  0.000  0.537     0.00     0.00     0.00     0.00     0.00 -1    -1e-30      0.00 7.396e-01 2.554e-01 8.985e-04 2.454e-04 2.229e-03 -1.000 5.099e-03 1.160 1.630 1.602 1.683
0.005 -0.48482 8.01000 2.1248781681 2.5734940270    2.124  1.485  4.0536  4.446    1  0.000  0.537     0.00     0.00     0.00     0.00     0.00 -1    -1e-30      0.00 7.396e-01 2.553e-01 8.984e-04 2.454e-04 2.229e-03 -1.000 5.082e-03 1.057 1.563 1.532 1.621
0.005 -0.48482 8.01000 2.1745014191 2.5752810240    2.173  1.525  4.0602  4.443    1  0.000  0.537     0.00     0.00     0.00     0.00     0.00 -1    -1e-30      0.00 7.396e-01 2.553e-01 8.983e-04 2.454e-04 2.229e-03 -1.000 5.082e-03 0.957 1.497 1.464 1.560
0.005 -0.48482 8.01000 2.2136201859 2.5766249849    2.212  1.556  4.0653  4.440    1  0.000  0.537     0.00     0.00     0.00     0.00     0.00 -1    -1e-30      0.00 7.396e-01 2.553e-01 8.985e-04 2.453e-04 2.229e-03 -1.000 5.073e-03 0.879 1.446 1.411 1.512
0.005 -0.48482 8.01000 2.2241244316 2.5769766210    2.223  1.565  4.0666  4.439    1  0.000  0.538     0.00     0.00     0.00     0.00     0.00 -1    -1e-30      0.00 7.396e-01 2.553e-01 8.985e-04 2.453e-04 2.229e-03 -1.000 5.071e-03 0.858 1.433 1.397 1.500
0.005 -0.48482 8.01000 2.2624359131 2.5782273599    2.261  1.594  4.0714  4.435    1  0.000  0.538     0.00     0.00     0.00     0.00     0.00 -1    -1e-30      0.00 7.396e-01 2.553e-01 8.985e-04 2.453e-04 2.229e-03 -1.000 5.093e-03 0.784 1.384 1.346 1.454
0.005 -0.48482 8.01000 2.2737474442 2.5785873869    2.272  1.603  4.0727  4.434    1  0.000  0.537     0.00     0.00     0.00     0.00     0.00 -1    -1e-30      0.00 7.396e-01 2.553e-01 8.985e-04 2.453e-04 2.229e-03 -1.000 5.097e-03 0.762 1.369 1.331 1.440
0.005 -0.48482 8.01000 2.3233704567 2.5801192816    2.322  1.641  4.0787  4.430    1  0.000  0.537     0.00     0.00     0.00     0.00     0.00 -1    -1e-30      0.00 7.396e-01 2.553e-01 8.984e-04 2.454e-04 2.229e-03 -1.000 5.068e-03 0.668 1.307 1.267 1.382
0.005 -0.48482 8.01000 2.3729934692 2.5815777304    2.372  1.678  4.0845  4.426    1  0.000  0.538     0.00     0.00     0.00     0.00     0.00 -1    -1e-30      0.00 7.396e-01 2.553e-01 8.984e-04 2.453e-04 2.228e-03 -1.000 5.071e-03 0.576 1.246 1.204 1.325
0.005 -0.48482 8.01000 2.4195184708 2.5828828236    2.418  1.711  4.0897  4.421    1  0.000  0.538     0.00     0.00     0.00     0.00     0.00 -1    -1e-30      0.00 7.394e-01 2.555e-01 8.992e-04 2.455e-04 2.230e-03 -1.000 5.076e-03 0.492 1.191 1.147 1.273
0.005 -0.48482 8.01000 2.4226169586 2.5829676955    2.421  1.713  4.0901  4.421    1  0.000  0.538     0.00     0.00     0.00     0.00     0.00 -1    -1e-30      0.00 7.394e-01 2.555e-01 8.992e-04 2.455e-04 2.230e-03 -1.000 5.077e-03 0.487 1.187 1.143 1.269
0.005 -0.48482 8.01000 2.4840257168 2.5845996608    2.483  1.757  4.0968  4.415    1  0.000  0.538     0.00     0.00     0.00     0.00     0.00 -1    -1e-30      0.00 7.388e-01 2.561e-01 9.009e-04 2.460e-04 2.234e-03 -1.000 5.081e-03 0.378 1.115 1.069 1.201
0.005 -0.48482 8.01000 2.6211090088 2.5879275048    2.620  1.852  4.1111  4.401    1  0.000  0.538     0.00     0.00     0.00     0.00     0.00 -1    -1e-30      0.00 7.372e-01 2.577e-01 9.053e-04 2.471e-04 2.245e-03 -1.000 5.101e-03 0.141 0.957 0.906 1.052
0.005 -0.48482 8.01000 2.6480593681 2.5885353190    2.647  1.870  4.1138  4.398    1  0.000  0.538     0.00     0.00     0.00     0.00     0.00 -1    -1e-30      0.00 7.372e-01 2.577e-01 9.053e-04 2.471e-04 2.245e-03 -1.000 5.101e-03 0.095 0.927 0.875 1.023
0.005 -0.48482 8.01000 2.7948305607 2.5916102206    2.795  1.966  4.1278  4.381    1  0.000  0.538     0.00     0.00     0.00     0.00     0.00 -1    -1e-30      0.00 7.372e-01 2.577e-01 9.053e-04 2.471e-04 2.245e-03 -1.000 5.101e-03 -0.146 0.765 0.709 0.869
0.005 -0.48482 8.01000 2.8196010590 2.5920929912    2.819  1.982  4.1300  4.378    1  0.000  0.538     0.00     0.00     0.00     0.00     0.00 -1    -1e-30      0.00 7.372e-01 2.577e-01 9.053e-04 2.471e-04 2.245e-03 -1.000 5.101e-03 -0.186 0.738 0.681 0.843
0.005 -0.48482 8.01000 2.9170930386 2.5939018490    2.917  2.043  4.1385  4.366    1  0.000  0.538     0.00     0.00     0.00     0.00     0.00 -1    -1e-30      0.00 7.372e-01 2.577e-01 9.053e-04 2.471e-04 2.245e-03 -1.000 5.101e-03 -0.338 0.633 0.574 0.743
0.005 -0.48482 8.01000 3.0180935860 2.5956347850    3.018  2.105  4.1469  4.352    1  0.000  0.538     0.00     0.00     0.00     0.00     0.00 -1    -1e-30      0.00 7.372e-01 2.577e-01 9.053e-04 2.471e-04 2.245e-03 -1.000 5.101e-03 -0.493 0.526 0.464 0.641
0.005 -0.48482 8.01000 3.0386519432 2.5959713299    3.038  2.117  4.1486  4.349    1  0.000  0.538     0.00     0.00     0.00     0.00     0.00 -1    -1e-30      0.00 7.372e-01 2.577e-01 9.053e-04 2.471e-04 2.245e-03 -1.000 5.101e-03 -0.524 0.505 0.442 0.621
0.005 -0.48482 8.01000 3.1496789455 2.5977018837    3.149  2.184  4.1570  4.332    1  0.000  0.538     0.00     0.00     0.00     0.00     0.00 -1    -1e-30      0.00 7.372e-01 2.577e-01 9.053e-04 2.471e-04 2.245e-03 -1.000 5.101e-03 -0.690 0.387 0.322 0.508
0.005 -0.48482 8.01000 3.2165856361 2.5986786580    3.215  2.223  4.1619  4.321    1  0.000  0.538     0.00     0.00     0.00     0.00     0.00 -1    -1e-30      0.00 7.372e-01 2.577e-01 9.053e-04 2.471e-04 2.245e-03 -1.000 5.101e-03 -0.789 0.317 0.251 0.440
0.005 -0.48482 8.01000 3.3131411076 2.6000086139    3.311  2.279  4.1686  4.305    1  0.000  0.538     0.00     0.00     0.00     0.00     0.00 -1    -1e-30      0.00 7.372e-01 2.577e-01 9.053e-04 2.471e-04 2.245e-03 -1.000 5.101e-03 -0.928 0.216 0.147 0.343
0.005 -0.48482 8.01000 3.4150779247 2.6013192607    3.413  2.338  4.1753  4.287    1  0.000  0.538     0.00     0.00     0.00     0.00     0.00 -1    -1e-30      0.00 7.372e-01 2.577e-01 9.053e-04 2.471e-04 2.245e-03 -1.000 5.101e-03 -1.074 0.109 0.038 0.240
0.005 -0.48482 8.01000 3.4804563522 2.6021135457    3.478  2.374  4.1793  4.274    1  0.000  0.538     0.00     0.00     0.00     0.00     0.00 -1    -1e-30      0.00 7.372e-01 2.577e-01 9.053e-04 2.471e-04 2.245e-03 -1.000 5.101e-03 -1.166 0.041 -0.031 0.174
0.005 -0.48482 8.01000 3.6135697365 2.6036290617    3.611  2.448  4.1867  4.246    1  0.000  0.538     0.00     0.00     0.00     0.00     0.00 -1    -1e-30      0.00 7.372e-01 2.577e-01 9.053e-04 2.471e-04 2.245e-03 -1.000 5.101e-03 -1.350 -0.100 -0.174 0.037
0.005 -0.48482 8.01000 3.7364974022 2.6049188905    3.734  2.515  4.1928  4.218    1  0.000  0.538     0.00     0.00     0.00     0.00     0.00 -1    -1e-30      0.00 7.372e-01 2.577e-01 9.053e-04 2.471e-04 2.245e-03 -1.000 5.101e-03 -1.519 -0.233 -0.309 -0.093
0.005 -0.48482 8.01000 3.8120622635 2.6056644568    3.810  2.557  4.1959  4.197    1  0.000  0.538     0.00     0.00     0.00     0.00     0.00 -1    -1e-30      0.00 7.372e-01 2.577e-01 9.053e-04 2.471e-04 2.245e-03 -1.000 5.101e-03 -1.623 -0.319 -0.396 -0.177
0.005 -0.48482 8.01000 3.8455009460 2.6059836474    3.844  2.575  4.1973  4.188    1  0.000  0.538     0.00     0.00     0.00     0.00     0.00 -1    -1e-30      0.00 7.372e-01 2.577e-01 9.053e-04 2.471e-04 2.245e-03 -1.000 5.101e-03 -1.669 -0.357 -0.435 -0.214
0.005 -0.48482 8.01000 3.9543409348 2.6069797335    3.954  2.635  4.2010  4.156    1  0.000  0.538     0.00     0.00     0.00     0.00     0.00 -1    -1e-30      0.00 7.372e-01 2.577e-01 9.053e-04 2.471e-04 2.245e-03 -1.000 5.101e-03 -1.817 -0.484 -0.563 -0.339
0.005 -0.48482 8.01000 4.0105543137 2.6074699090    4.011  2.666  4.2026  4.138    1  0.000  0.538     0.00     0.00     0.00     0.00     0.00 -1    -1e-30      0.00 7.372e-01 2.577e-01 9.053e-04 2.471e-04 2.245e-03 -1.000 5.101e-03 -1.894 -0.552 -0.631 -0.405
0.005 -0.48482 8.01000 4.0496687889 2.6078017660    4.049  2.687  4.2036  4.125    1  0.000  0.538     0.00     0.00     0.00     0.00     0.00 -1    -1e-30      0.00 7.372e-01 2.577e-01 9.053e-04 2.471e-04 2.245e-03 -1.000 5.101e-03 -1.947 -0.599 -0.678 -0.452
0.005 -0.48482 8.01000 4.1322402954 2.6084786578    4.131  2.732  4.2050  4.094    1  0.000  0.538     0.00     0.00     0.00     0.00     0.00 -1    -1e-30      0.00 7.372e-01 2.577e-01 9.053e-04 2.471e-04 2.245e-03 -1.000 5.101e-03 -2.060 -0.704 -0.784 -0.556
0.005 -0.48482 8.01000 4.2090463638 2.6090809467    4.207  2.775  4.2055  4.061    1  0.000  0.538     0.00     0.00     0.00     0.00     0.00 -1    -1e-30      0.00 7.372e-01 2.577e-01 9.053e-04 2.471e-04 2.245e-03 -1.000 5.101e-03 -2.167 -0.808 -0.889 -0.660
0.005 -0.48482 8.01000 4.2367715836 2.6092922001    4.234  2.790  4.2056  4.049    1  0.000  0.538     0.00     0.00     0.00     0.00     0.00 -1    -1e-30      0.00 7.372e-01 2.577e-01 9.053e-04 2.471e-04 2.245e-03 -1.000 5.101e-03 -2.205 -0.846 -0.927 -0.698
0.005 -0.48482 8.01000 4.3305406570 2.6099836832    4.328  2.842  4.2050  4.004    1  0.000  0.538     0.00     0.00     0.00     0.00     0.00 -1    -1e-30      0.00 7.372e-01 2.577e-01 9.053e-04 2.471e-04 2.245e-03 -1.000 5.101e-03 -2.336 -0.981 -1.062 -0.833
0.005 -0.48482 8.01000 4.4075388908 2.6105262652    4.405  2.886  4.2031  3.960    1  0.000  0.538     0.00     0.00     0.00     0.00     0.00 -1    -1e-30      0.00 7.372e-01 2.577e-01 9.053e-04 2.471e-04 2.245e-03 -1.000 5.101e-03 -2.446 -1.104 -1.183 -0.957
0.005 -0.48482 8.01000 4.4135770798 2.6105678948    4.411  2.890  4.2029  3.956    1  0.000  0.538     0.00     0.00     0.00     0.00     0.00 -1    -1e-30      0.00 7.372e-01 2.577e-01 9.053e-04 2.471e-04 2.245e-03 -1.000 5.101e-03 -2.455 -1.113 -1.193 -0.966
0.005 -0.48482 8.01000 4.4834175110 2.6110400446    4.480  2.930  4.1997  3.910    1  0.000  0.538     0.00     0.00     0.00     0.00     0.00 -1    -1e-30      0.00 7.372e-01 2.577e-01 9.053e-04 2.471e-04 2.245e-03 -1.000 5.101e-03 -2.556 -1.234 -1.313 -1.089
0.005 -0.48482 8.01000 4.5607872009 2.6115437284    4.558  2.976  4.1947  3.852    1  0.000  0.538     0.00     0.00     0.00     0.00     0.00 -1    -1e-30      0.00 7.372e-01 2.577e-01 9.053e-04 2.471e-04 2.245e-03 -1.000 5.101e-03 -2.669 -1.378 -1.455 -1.236
0.005 -0.48482 8.01000 4.6060314178 2.6118292719    4.603  3.003  4.1902  3.811    1  0.000  0.538     0.00     0.00     0.00     0.00     0.00 -1    -1e-30      0.00 7.372e-01 2.577e-01 9.053e-04 2.471e-04 2.245e-03 -1.000 5.101e-03 -2.738 -1.473 -1.549 -1.333
0.005 -0.48482 8.01000 4.6320538521 2.6119906009    4.629  3.019  4.1874  3.786    1  0.000  0.538     0.00     0.00     0.00     0.00     0.00 -1    -1e-30      0.00 7.372e-01 2.577e-01 9.053e-04 2.471e-04 2.245e-03 -1.000 5.101e-03 -2.777 -1.529 -1.605 -1.391
0.005 -0.48482 8.01000 4.6894397736 2.6123391053    4.687  3.055  4.1800  3.726    1  0.000  0.538     0.00     0.00     0.00     0.00     0.00 -1    -1e-30      0.00 7.372e-01 2.577e-01 9.053e-04 2.471e-04 2.245e-03 -1.000 5.101e-03 -2.867 -1.663 -1.736 -1.529
0.005 -0.48482 8.01000 4.7397794724 2.6126368410    4.737  3.088  4.1725  3.668    1  0.000  0.538     0.00     0.00     0.00     0.00     0.00 -1    -1e-30      0.00 7.372e-01 2.577e-01 9.053e-04 2.471e-04 2.245e-03 -1.000 5.101e-03 -2.949 -1.789 -1.861 -1.660
0.005 -0.48482 8.01000 4.7893223763 2.6129228472    4.787  3.123  4.1659  3.610    1  0.000  0.538     0.00     0.00     0.00     0.00     0.00 -1    -1e-30      0.00 7.372e-01 2.577e-01 9.053e-04 2.471e-04 2.245e-03 -1.000 5.101e-03 -3.038 -1.918 -1.987 -1.792
0.005 -0.48482 8.01000 4.8017940521 2.6129937765    4.799  3.133  4.1647  3.597    1  0.000  0.538     0.00     0.00     0.00     0.00     0.00 -1    -1e-30      0.00 7.372e-01 2.577e-01 9.053e-04 2.471e-04 2.245e-03 -1.000 5.101e-03 -3.062 -1.949 -2.018 -1.824
0.005 -0.48482 8.01000 4.8045234680 2.6130092428    4.803  3.136  4.1658  3.599    1  0.000  0.538     0.00     0.00     0.00     0.00     0.00 -1    -1e-30      0.00 7.372e-01 2.577e-01 9.053e-04 2.471e-04 2.245e-03 -1.000 5.101e-03 -3.070 -1.950 -2.019 -1.825
0.005 -0.48482 8.01000 4.8198413849 2.6130956688    4.818  3.153  4.1724  3.609    1  0.000  0.538     0.00     0.00     0.00     0.00     0.00 -1    -1e-30      0.00 7.372e-01 2.577e-01 9.053e-04 2.471e-04 2.245e-03 -1.000 5.101e-03 -3.113 -1.955 -2.026 -1.825
0.005 -0.48482 8.01000 4.8286442757 2.6131450507    4.827  3.169  4.1831  3.637    1  0.000  0.538     0.00     0.00     0.00     0.00     0.00 -1    -1e-30      0.00 7.372e-01 2.577e-01 9.053e-04 2.471e-04 2.245e-03 -1.000 5.101e-03 -3.152 -1.931 -2.006 -1.796
0.005 -0.48482 8.01000 4.8317050934 2.6131621727    4.830  3.182  4.1939  3.667    1  0.000  0.538     0.00     0.00     0.00     0.00     0.00 -1    -1e-30      0.00 7.372e-01 2.577e-01 9.053e-04 2.471e-04 2.245e-03 -1.000 5.101e-03 -3.185 -1.901 -1.979 -1.759
0.005 -0.48482 8.01000 4.8331632614 2.6131703208    4.831  3.197  4.2046  3.696    1  0.000  0.538     0.00     0.00     0.00     0.00     0.00 -1    -1e-30      0.00 7.372e-01 2.577e-01 9.053e-04 2.471e-04 2.245e-03 -1.000 5.101e-03 -3.223 -1.875 -1.956 -1.727
0.005 -0.48482 8.01000 4.8339333534 2.6131746217    4.832  3.213  4.2143  3.718    1  0.000  0.538     0.00     0.00     0.00     0.00     0.00 -1    -1e-30      0.00 7.372e-01 2.577e-01 9.053e-04 2.471e-04 2.245e-03 -1.000 5.101e-03 -3.263 -1.859 -1.943 -1.706
0.005 -0.48482 8.01000 4.8343734741 2.6131770790    4.833  3.224  4.2205  3.732    1  0.000  0.538     0.00     0.00     0.00     0.00     0.00 -1    -1e-30      0.00 7.372e-01 2.577e-01 9.053e-04 2.471e-04 2.245e-03 -1.000 5.101e-03 -3.290 -1.849 -1.935 -1.692
0.005 -0.48482 8.01000 4.8346328735 2.6131785271    4.833  3.200  4.2129  3.726    2  0.000  0.538     0.00     0.00     0.00     0.00     0.00 -1    -1e-30      0.00 7.372e-01 2.577e-01 9.053e-04 2.471e-04 2.245e-03 -1.000 5.101e-03 -3.230 -1.834 -1.917 -1.681
0.005 -0.48482 8.01000 4.8348083496 2.6131795066    4.833  3.183  4.2042  3.708    2  0.000  0.538     0.00     0.00     0.00     0.00     0.00 -1    -1e-30      0.00 7.372e-01 2.577e-01 9.053e-04 2.471e-04 2.245e-03 -1.000 5.101e-03 -3.187 -1.842 -1.922 -1.694
0.005 -0.48482 8.01000 4.8350176811 2.6131806749    4.833  3.175  4.1921  3.667    2  0.000  0.538     0.00     0.00     0.00     0.00     0.00 -1    -1e-30      0.00 7.372e-01 2.577e-01 9.053e-04 2.471e-04 2.245e-03 -1.000 5.101e-03 -3.168 -1.895 -1.972 -1.754
0.005 -0.48482 8.01000 4.8352379799 2.6131819043    4.833  3.184  4.1803  3.611    2  0.000  0.538     0.00     0.00     0.00     0.00     0.00 -1    -1e-30      0.00 7.372e-01 2.577e-01 9.053e-04 2.471e-04 2.245e-03 -1.000 5.101e-03 -3.190 -1.987 -2.060 -1.853
0.005 -0.48482 8.01000 4.8354806900 2.6131832587    4.834  3.200  4.1684  3.548    2  0.000  0.538     0.00     0.00     0.00     0.00     0.00 -1    -1e-30      0.00 7.372e-01 2.577e-01 9.053e-04 2.471e-04 2.245e-03 -1.000 5.101e-03 -3.229 -2.095 -2.166 -1.968
0.005 -0.48482 8.01000 4.8357405663 2.6131847086    4.834  3.214  4.1564  3.486    2  0.000  0.538     0.00     0.00     0.00     0.00     0.00 -1    -1e-30      0.00 7.372e-01 2.577e-01 9.053e-04 2.471e-04 2.245e-03 -1.000 5.101e-03 -3.264 -2.200 -2.267 -2.081
0.005 -0.48482 8.01000 4.8360099792 2.6131862116    4.834  3.224  4.1444  3.428    2  0.000  0.538     0.00     0.00     0.00     0.00     0.00 -1    -1e-30      0.00 7.372e-01 2.577e-01 9.053e-04 2.471e-04 2.245e-03 -1.000 5.101e-03 -3.291 -2.297 -2.360 -2.184
0.005 -0.48482 8.01000 4.8362855911 2.6131877490    4.834  3.232  4.1323  3.372    2  0.000  0.538     0.00     0.00     0.00     0.00     0.00 -1    -1e-30      0.00 7.372e-01 2.577e-01 9.053e-04 2.471e-04 2.245e-03 -1.000 5.101e-03 -3.310 -2.385 -2.444 -2.280
0.005 -0.48482 8.01000 4.8365635872 2.6131892995    4.835  3.238  4.1203  3.318    2  0.000  0.538     0.00     0.00     0.00     0.00     0.00 -1    -1e-30      0.00 7.372e-01 2.577e-01 9.053e-04 2.471e-04 2.245e-03 -1.000 5.101e-03 -3.324 -2.468 -2.523 -2.370
0.005 -0.48482 8.01000 4.8368406296 2.6131908444    4.835  3.242  4.1082  3.266    2  0.000  0.538     0.00     0.00     0.00     0.00     0.00 -1    -1e-30      0.00 7.372e-01 2.577e-01 9.053e-04 2.471e-04 2.245e-03 -1.000 5.101e-03 -3.334 -2.546 -2.597 -2.455
0.005 -0.48482 8.01000 4.8371129036 2.6131923626    4.835  3.244  4.0962  3.215    2  0.000  0.538     0.00     0.00     0.00     0.00     0.00 -1    -1e-30      0.00 7.372e-01 2.577e-01 9.053e-04 2.471e-04 2.245e-03 -1.000 5.101e-03 -3.341 -2.619 -2.667 -2.537
0.005 -0.48482 8.01000 4.8373780251 2.6131938407    4.836  3.246  4.0841  3.165    2  0.000  0.538     0.00     0.00     0.00     0.00     0.00 -1    -1e-30      0.00 7.372e-01 2.577e-01 9.053e-04 2.471e-04 2.245e-03 -1.000 5.101e-03 -3.345 -2.690 -2.734 -2.614
0.005 -0.48482 8.01000 4.8376345634 2.6131952707    4.836  3.247  4.0719  3.116    2  0.000  0.538     0.00     0.00     0.00     0.00     0.00 -1    -1e-30      0.00 7.372e-01 2.577e-01 9.053e-04 2.471e-04 2.245e-03 -1.000 5.101e-03 -3.347 -2.757 -2.797 -2.689
0.005 -0.48482 8.01000 4.8378806114 2.6131966421    4.836  3.247  4.0598  3.067    2  0.000  0.538     0.00     0.00     0.00     0.00     0.00 -1    -1e-30      0.00 7.372e-01 2.577e-01 9.053e-04 2.471e-04 2.245e-03 -1.000 5.101e-03 -3.347 -2.820 -2.857 -2.760
0.005 -0.48482 8.01000 4.8381147385 2.6131979469    4.836  3.246  4.0477  3.019    2  0.000  0.538     0.00     0.00     0.00     0.00     0.00 -1    -1e-30      0.00 7.372e-01 2.577e-01 9.053e-04 2.471e-04 2.245e-03 -1.000 5.101e-03 -3.345 -2.881 -2.914 -2.829
0.005 -0.48482 8.01000 4.8383374214 2.6131991878    4.836  3.245  4.0356  2.972    2  0.000  0.538     0.00     0.00     0.00     0.00     0.00 -1    -1e-30      0.00 7.372e-01 2.577e-01 9.053e-04 2.471e-04 2.245e-03 -1.000 5.101e-03 -3.342 -2.939 -2.967 -2.895
0.005 -0.48482 8.01000 4.8385481834 2.6132003622    4.837  3.243  4.0235  2.925    2  0.000  0.538     0.00     0.00     0.00     0.00     0.00 -1    -1e-30      0.00 7.372e-01 2.577e-01 9.053e-04 2.471e-04 2.245e-03 -1.000 5.101e-03 -3.337 -2.994 -3.018 -2.958
0.005 -0.48482 8.01000 4.8387465477 2.6132014674    4.837  3.241  4.0113  2.879    2  0.000  0.538     0.00     0.00     0.00     0.00     0.00 -1    -1e-30      0.00 7.372e-01 2.577e-01 9.053e-04 2.471e-04 2.245e-03 -1.000 5.101e-03 -3.332 -3.047 -3.066 -3.019
0.005 -0.48482 8.01000 4.8389344215 2.6132025140    4.837  3.238  3.9992  2.833    2  0.000  0.538     0.00     0.00     0.00     0.00     0.00 -1    -1e-30      0.00 7.372e-01 2.577e-01 9.053e-04 2.471e-04 2.245e-03 -1.000 5.101e-03 -3.325 -3.097 -3.111 -3.078
0.005 -0.48482 8.01000 4.8391103745 2.6132034941    4.837  3.235  3.9872  2.788    2  0.000  0.538     0.00     0.00     0.00     0.00     0.00 -1    -1e-30      0.00 7.372e-01 2.577e-01 9.053e-04 2.471e-04 2.245e-03 -1.000 5.101e-03 -3.318 -3.144 -3.153 -3.134
0.005 -0.48482 8.01000 4.8392763138 2.6132044184    4.837  3.232  3.9751  2.743    2  0.000  0.538     0.00     0.00     0.00     0.00     0.00 -1    -1e-30      0.00 7.372e-01 2.577e-01 9.053e-04 2.471e-04 2.245e-03 -1.000 5.101e-03 -3.309 -3.187 -3.192 -3.187
0.005 -0.48482 8.01000 4.8394322395 2.6132052868    4.838  3.228  3.9631  2.699    2  0.000  0.538     0.00     0.00     0.00     0.00     0.00 -1    -1e-30      0.00 7.372e-01 2.577e-01 9.053e-04 2.471e-04 2.245e-03 -1.000 5.101e-03 -3.300 -3.228 -3.226 -3.239
0.005 -0.48482 8.01000 4.8395791054 2.6132061047    4.838  3.224  3.9511  2.655    2  0.000  0.538     0.00     0.00     0.00     0.00     0.00 -1    -1e-30      0.00 7.372e-01 2.577e-01 9.053e-04 2.471e-04 2.245e-03 -1.000 5.101e-03 -3.290 -3.264 -3.256 -3.287
0.005 -0.48482 8.01000 4.8397173882 2.6132068748    4.838  3.220  3.9391  2.611    2  0.000  0.538     0.00     0.00     0.00     0.00     0.00 -1    -1e-30      0.00 7.372e-01 2.577e-01 9.053e-04 2.471e-04 2.245e-03 -1.000 5.101e-03 -3.279 -3.296 -3.280 -3.334
0.005 -0.48482 8.01000 4.8398470879 2.6132075970    4.838  3.215  3.9271  2.568    2  0.000  0.538     0.00     0.00     0.00     0.00     0.00 -1    -1e-30      0.00 7.372e-01 2.577e-01 9.053e-04 2.471e-04 2.245e-03 -1.000 5.101e-03 -3.268 -3.321 -3.297 -3.377
0.005 -0.48482 8.01000 4.8399696350 2.6132082794    4.838  3.210  3.9151  2.525    2  0.000  0.538     0.00     0.00     0.00     0.00     0.00 -1    -1e-30      0.00 7.372e-01 2.577e-01 9.053e-04 2.471e-04 2.245e-03 -1.000 5.101e-03 -3.256 -3.339 -3.304 -3.415
0.005 -0.48482 8.01000 4.8400845528 2.6132089192    4.838  3.205  3.9031  2.482    2  0.000  0.538     0.00     0.00     0.00     0.00     0.00 -1    -1e-30      0.00 7.372e-01 2.577e-01 9.053e-04 2.471e-04 2.245e-03 -1.000 5.101e-03 -3.243 -3.351 -3.303 -3.450
0.005 -0.48482 8.01000 4.8401923180 2.6132095192    4.838  3.200  3.8911  2.439    2  0.000  0.538     0.00     0.00     0.00     0.00     0.00 -1    -1e-30      0.00 7.372e-01 2.577e-01 9.053e-04 2.471e-04 2.245e-03 -1.000 5.101e-03 -3.230 -3.356 -3.293 -3.482
0.005 -0.48482 8.01000 4.8402938843 2.6132100846    4.838  3.194  3.8792  2.397    2  0.000  0.538     0.00     0.00     0.00     0.00     0.00 -1    -1e-30      0.00 7.372e-01 2.577e-01 9.053e-04 2.471e-04 2.245e-03 -1.000 5.101e-03 -3.216 -3.354 -3.275 -3.510
0.005 -0.48482 8.01000 4.8403892517 2.6132106155    4.839  3.189  3.8672  2.355    2  0.000  0.538     0.00     0.00     0.00     0.00     0.00 -1    -1e-30      0.00 7.372e-01 2.577e-01 9.053e-04 2.471e-04 2.245e-03 -1.000 5.101e-03 -3.202 -3.349 -3.250 -3.537
0.005 -0.48482 8.01000 4.8404788971 2.6132111146    4.839  3.183  3.8553  2.313    2  0.000  0.538     0.00     0.00     0.00     0.00     0.00 -1    -1e-30      0.00 7.372e-01 2.577e-01 9.053e-04 2.471e-04 2.245e-03 -1.000 5.101e-03 -3.188 -3.340 -3.221 -3.561
0.005 -0.48482 8.01000 4.8405632973 2.6132115844    4.839  3.177  3.8434  2.271    2  0.000  0.538     0.00     0.00     0.00     0.00     0.00 -1    -1e-30      0.00 7.372e-01 2.577e-01 9.053e-04 2.471e-04 2.245e-03 -1.000 5.101e-03 -3.173 -3.327 -3.187 -3.582
0.005 -0.48482 8.01000 4.8406429291 2.6132120276    4.839  3.171  3.8315  2.230    2  0.000  0.538     0.00     0.00     0.00     0.00     0.00 -1    -1e-30      0.00 7.372e-01 2.577e-01 9.053e-04 2.471e-04 2.245e-03 -1.000 5.101e-03 -3.158 -3.313 -3.151 -3.601
0.005 -0.48482 8.01000 4.8407177925 2.6132124443    4.839  3.165  3.8197  2.188    2  0.000  0.538     0.00     0.00     0.00     0.00     0.00 -1    -1e-30      0.00 7.372e-01 2.577e-01 9.053e-04 2.471e-04 2.245e-03 -1.000 5.101e-03 -3.143 -3.295 -3.111 -3.615
0.005 -0.48482 8.01000 4.8407883644 2.6132128371    4.839  3.159  3.8080  2.148    2  0.000  0.538     0.00     0.00     0.00     0.00     0.00 -1    -1e-30      0.00 7.372e-01 2.577e-01 9.053e-04 2.471e-04 2.245e-03 -1.000 5.101e-03 -3.128 -3.275 -3.069 -3.627
0.005 -0.48482 8.01000 4.8408551216 2.6132132086    4.839  3.153  3.7963  2.107    2  0.000  0.538     0.00     0.00     0.00     0.00     0.00 -1    -1e-30      0.00 7.372e-01 2.577e-01 9.053e-04 2.471e-04 2.245e-03 -1.000 5.101e-03 -3.112 -3.253 -3.023 -3.636
0.005 -0.48482 8.01000 4.8409185410 2.6132135616    4.839  3.146  3.7847  2.067    2  0.000  0.538     0.00     0.00     0.00     0.00     0.00 -1    -1e-30      0.00 7.372e-01 2.577e-01 9.053e-04 2.471e-04 2.245e-03 -1.000 5.101e-03 -3.096 -3.228 -2.975 -3.642
0.005 -0.48482 8.01000 4.8409786224 2.6132138960    4.839  3.140  3.7733  2.028    2  0.000  0.538     0.00     0.00     0.00     0.00     0.00 -1    -1e-30      0.00 7.372e-01 2.577e-01 9.053e-04 2.471e-04 2.245e-03 -1.000 5.101e-03 -3.079 -3.202 -2.923 -3.646
0.005 -0.48482 8.01000 4.8410363197 2.6132142171    4.839  3.133  3.7621  1.990    2  0.000  0.538     0.00     0.00     0.00     0.00     0.00 -1    -1e-30      0.00 7.372e-01 2.577e-01 9.053e-04 2.471e-04 2.245e-03 -1.000 5.101e-03 -3.062 -3.173 -2.870 -3.645
0.005 -0.48482 8.01000 4.8410911560 2.6132145222    4.839  3.126  3.7517  1.956    2  0.000  0.538     0.00     0.00     0.00     0.00     0.00 -1    -1e-30      0.00 7.372e-01 2.577e-01 9.053e-04 2.471e-04 2.245e-03 -1.000 5.101e-03 -3.045 -3.143 -2.817 -3.641
0.005 -0.48482 8.01000 4.8411464691 2.6132148300    4.839  3.118  3.7422  1.925    2  0.000  0.538     0.00     0.00     0.00     0.00     0.00 -1    -1e-30      0.00 7.372e-01 2.577e-01 9.053e-04 2.471e-04 2.245e-03 -1.000 5.101e-03 -3.026 -3.110 -2.763 -3.631
0.005 -0.48482 8.01000 4.8412060738 2.6132151617    4.839  3.109  3.7331  1.898    2  0.000  0.538     0.00     0.00     0.00     0.00     0.00 -1    -1e-30      0.00 7.372e-01 2.577e-01 9.053e-04 2.471e-04 2.245e-03 -1.000 5.101e-03 -3.003 -3.073 -2.705 -3.616
0.005 -0.48482 8.01000 4.8412766457 2.6132155544    4.839  3.097  3.7243  1.875    2  0.000  0.538     0.00     0.00     0.00     0.00     0.00 -1    -1e-30      0.00 7.372e-01 2.577e-01 9.053e-04 2.471e-04 2.245e-03 -1.000 5.101e-03 -2.973 -3.029 -2.640 -3.593
0.005 -0.48482 8.01000 4.8413696289 2.6132160718    4.840  3.081  3.7158  1.857    2  0.000  0.538     0.00     0.00     0.00     0.00     0.00 -1    -1e-30      0.00 7.372e-01 2.577e-01 9.053e-04 2.471e-04 2.245e-03 -1.000 5.101e-03 -2.932 -2.971 -2.562 -3.554
0.005 -0.48482 8.01000 4.8415064812 2.6132168333    4.840  3.056  3.7056  1.841    2  0.000  0.538     0.00     0.00     0.00     0.00     0.00 -1    -1e-30      0.00 7.372e-01 2.577e-01 9.053e-04 2.471e-04 2.245e-03 -1.000 5.101e-03 -2.871 -2.888 -2.454 -3.495
0.005 -0.48482 8.01000 4.8416709900 2.6132177485    4.840  3.037  3.6948  1.818    2  0.000  0.538     0.00     0.00     0.00     0.00     0.00 -1    -1e-30      0.00 7.372e-01 2.577e-01 9.053e-04 2.471e-04 2.245e-03 -1.000 5.101e-03 -2.822 -2.813 -2.352 -3.444
0.005 -0.48482 8.01000 4.8417143822 2.6132179899    4.840  3.034  3.6921  1.809    2  0.000  0.538     0.00     0.00     0.00     0.00     0.00 -1    -1e-30      0.00 7.372e-01 2.577e-01 9.053e-04 2.471e-04 2.245e-03 -1.000 5.101e-03 -2.815 -2.799 -2.331 -3.436
0.005 -0.48482 8.01000 4.8417630196 2.6132182605    4.840  3.039  3.6890  1.792    3  0.000  0.538     5.60     5.00     3.71     2.68     2.20  4    -1e-30      0.00 7.372e-01 2.577e-01 9.053e-04 2.471e-04 2.245e-03 -1.000 5.101e-03 -2.827 -2.803 -2.327 -3.447
0.005 -0.48482 8.01000 4.8419027328 2.6132190377    4.840  3.067  3.6802  1.729    3  0.000  0.537     6.40     5.60     4.14     2.99     2.46  4    -1e-30      0.00 7.372e-01 2.577e-01 9.052e-04 2.472e-04 2.245e-03 -1.000 5.101e-03 -2.897 -2.850 -2.350 -3.514
0.005 -0.48482 8.01000 4.8419914246 2.6132195311    4.840  3.097  3.6746  1.676    3  0.000  0.537     7.17     6.17     4.54     3.29     2.70  4    -1e-30      0.00 7.372e-01 2.577e-01 9.039e-04 2.475e-04 2.245e-03 -1.000 5.101e-03 -2.974 -2.912 -2.396 -3.589
0.005 -0.48482 8.01000 4.8420858383 2.6132200563    4.840  3.136  3.6692  1.616    3  0.000  0.531     8.14     6.88     5.03     3.65     3.00  4    -1e-30      0.00 7.372e-01 2.577e-01 8.941e-04 2.513e-04 2.245e-03 -1.000 5.101e-03 -3.070 -2.993 -2.461 -3.683
0.005 -0.48482 8.01000 4.8421773911 2.6132205655    4.840  3.171  3.6649  1.563    3  0.000  0.512     9.09     7.55     5.51     4.00     3.28  4    -1e-30      0.00 7.371e-01 2.578e-01 8.610e-04 2.780e-04 2.245e-03 -1.000 5.101e-03 -3.157 -3.065 -2.521 -3.765
0.005 -0.48482 8.01000 4.8422231674 2.6132208201    4.840  3.187  3.6629  1.539    3  0.000  0.498     9.57     7.89     5.74     4.18     3.43  4    -1e-30      0.00 7.371e-01 2.578e-01 8.385e-04 2.990e-04 2.245e-03 -1.000 5.101e-03 -3.198 -3.100 -2.549 -3.804
0.005 -0.48482 8.01000 4.8422713280 2.6132210880    4.840  3.202  3.6613  1.518    3  0.000  0.482    10.01     8.19     5.95     4.33     3.55  4    -1e-30      0.00 7.370e-01 2.578e-01 8.110e-04 3.312e-04 2.245e-03 -1.000 5.122e-03 -3.234 -3.130 -2.575 -3.838
0.005 -0.48482 8.01000 4.8422985077 2.6132212391    4.840  3.208  3.6606  1.510    3  0.000  0.475    10.20     8.33     6.04     4.40     3.61  4    -1e-30      0.00 7.370e-01 2.578e-01 7.996e-04 3.450e-04 2.245e-03 -1.000 5.107e-03 -3.250 -3.143 -2.586 -3.852
0.005 -0.48482 8.01000 4.8425421715 2.6132225943    4.841  3.249  3.6561  1.451    3  0.000  0.434    11.56     9.26     6.69     4.88     4.01  4    -1e-30      0.00 7.370e-01 2.579e-01 7.311e-04 4.291e-04 2.245e-03 -1.000 5.119e-03 -3.352 -3.227 -2.656 -3.947
0.005 -0.48482 8.01000 4.8429822922 2.6132250416    4.841  3.294  3.6513  1.386    3  0.000  0.397    13.26    10.42     7.49     5.47     4.49  4    -1e-30      0.00 7.368e-01 2.580e-01 6.690e-04 5.059e-04 2.245e-03 -1.000 5.137e-03 -3.466 -3.319 -2.732 -4.052
0.005 -0.48482 8.01000 4.8434562683 2.6132276765    4.842  3.336  3.6471  1.327    3  0.000  0.376    15.02    11.58     8.28     6.06     4.98  4    -1e-30      0.00 7.366e-01 2.583e-01 6.314e-04 5.588e-04 2.237e-03 -1.000 5.133e-03 -3.570 -3.404 -2.802 -4.147
0.005 -0.48482 8.01000 4.8439640999 2.6132304991    4.842  3.379  3.6430  1.268    3  0.000  0.368    17.03    12.89     9.18     6.72     5.52  4    -1e-30      0.00 7.347e-01 2.602e-01 6.033e-04 6.416e-04 2.181e-03 -1.000 5.138e-03 -3.678 -3.491 -2.875 -4.245
0.005 -0.48482 8.01000 4.8444709778 2.6132333156    4.843  3.420  3.6392  1.212    3  0.000  0.367    19.16    14.25    10.10     7.41     6.09  4    -1e-30      0.00 7.303e-01 2.646e-01 5.818e-04 7.304e-04 2.110e-03 -1.000 5.123e-03 -3.779 -3.575 -2.945 -4.338
0.005 -0.48482 8.01000 4.8450121880 2.6132363222    4.843  3.455  3.6362  1.165    3  0.000  0.366    21.18    15.53    10.96     8.05     6.62  4    -1e-30      0.00 7.252e-01 2.697e-01 5.665e-04 7.966e-04 2.056e-03 -1.000 5.117e-03 -3.867 -3.646 -3.004 -4.418
0.005 -0.48482 8.01000 4.8463563919 2.6132437863    4.845  3.486  3.6336  1.124    3  0.000  0.366    23.11    16.72    11.76     8.65     7.11  4    -1e-30      0.00 7.211e-01 2.737e-01 5.574e-04 8.367e-04 2.024e-03 -1.000 5.177e-03 -3.944 -3.710 -3.058 -4.489
0.005 -0.48482 8.01000 4.8550081253 2.6132917141    4.853  3.467  3.6359  1.153    4  0.000  0.366     0.00     0.00     0.00     0.00     0.00 -1    -1e-30      0.00 7.211e-01 2.737e-01 5.574e-04 8.366e-04 2.024e-03 -1.000 5.173e-03 -3.897 -3.675 -3.032 -4.448
0.005 -0.48482 8.01000 4.8705902100 2.6133775399    4.869  3.430  3.6402  1.208    4  0.000  0.366     0.00     0.00     0.00     0.00     0.00 -1    -1e-30      0.00 7.212e-01 2.736e-01 5.575e-04 8.363e-04 2.024e-03 -1.000 5.165e-03 -3.806 -3.607 -2.979 -4.368
0.005 -0.48482 8.01000 4.8823895454 2.6134421115    4.881  3.397  3.6440  1.258    4  0.000  0.366     0.00     0.00     0.00     0.00     0.00 -1    -1e-30      0.00 7.213e-01 2.736e-01 5.576e-04 8.361e-04 2.024e-03 -1.000 5.160e-03 -3.722 -3.541 -2.927 -4.293
0.005 -0.48482 8.01000 4.8931579590 2.6135007289    4.892  3.362  3.6480  1.310    4  0.000  0.366     0.00     0.00     0.00     0.00     0.00 -1    -1e-30      0.00 7.213e-01 2.735e-01 5.577e-04 8.359e-04 2.024e-03 -1.000 5.154e-03 -3.635 -3.473 -2.873 -4.215
0.005 -0.48482 8.01000 4.9036278725 2.6135574376    4.902  3.330  3.6521  1.359    4  0.000  0.366     0.00     0.00     0.00     0.00     0.00 -1    -1e-30      0.00 7.213e-01 2.735e-01 5.578e-04 8.357e-04 2.024e-03 -1.000 5.149e-03 -3.555 -3.412 -2.826 -4.143
0.005 -0.48482 8.01000 4.9162478447 2.6136254228    4.915  3.300  3.6571  1.410    4  0.000  0.366     0.00     0.00     0.00     0.00     0.00 -1    -1e-30      0.00 7.214e-01 2.735e-01 5.579e-04 8.354e-04 2.024e-03 -1.000 5.143e-03 -3.481 -3.360 -2.790 -4.079
0.005 -0.48482 8.01000 4.9335098267 2.6137177676    4.932  3.278  3.6640  1.461    4  0.000  0.367     0.00     0.00     0.00     0.00     0.00 -1    -1e-30      0.00 7.215e-01 2.734e-01 5.580e-04 8.351e-04 2.025e-03 -1.000 5.134e-03 -3.426 -3.331 -2.782 -4.035
0.005 -0.48482 8.01000 4.9365768433 2.6137340973    4.935  3.276  3.6653  1.468    4  0.000  0.367     0.00     0.00     0.00     0.00     0.00 -1    -1e-30      0.00 7.215e-01 2.734e-01 5.580e-04 8.351e-04 2.025e-03 -1.000 5.133e-03 -3.421 -3.331 -2.785 -4.032
0.005 -0.48482 8.01000 4.9498424530 2.6138044591    4.948  3.301  3.6751  1.484    5  0.000  0.367     0.00     0.00     0.00     0.00     0.00 -1    -1e-30      0.00 7.215e-01 2.733e-01 5.581e-04 8.348e-04 2.025e-03 -1.000 5.126e-03 -3.483 -3.425 -2.905 -4.104
0.005 -0.48482 8.01000 4.9555706978 2.6138347083    4.954  3.333  3.6863  1.497    5  0.000  0.367     0.00     0.00     0.00     0.00     0.00 -1    -1e-30      0.00 7.215e-01 2.733e-01 5.581e-04 8.347e-04 2.025e-03 -1.000 5.124e-03 -3.563 -3.534 -3.043 -4.189
0.005 -0.48482 8.01000 4.9590878487 2.6138532415    4.958  3.357  3.6991  1.525    5  0.000  0.367     0.00     0.00     0.00     0.00     0.00 -1    -1e-30      0.00 7.216e-01 2.733e-01 5.582e-04 8.347e-04 2.025e-03 -1.000 5.122e-03 -3.622 -3.628 -3.171 -4.255
0.005 -0.48482 8.01000 4.9615273476 2.6138660784    4.960  3.371  3.7120  1.562    5  0.000  0.367     0.00     0.00     0.00     0.00     0.00 -1    -1e-30      0.00 7.216e-01 2.733e-01 5.582e-04 8.346e-04 2.025e-03 -1.000 5.121e-03 -3.658 -3.694 -3.270 -4.291
0.005 -0.48482 8.01000 4.9631433487 2.6138745740    4.962  3.379  3.7229  1.598    5  0.000  0.367     0.00     0.00     0.00     0.00     0.00 -1    -1e-30      0.00 7.216e-01 2.733e-01 5.582e-04 8.346e-04 2.025e-03 -1.000 5.120e-03 -3.678 -3.737 -3.340 -4.307
0.005 -0.48482 8.01000 4.9647746086 2.6138831434    4.963  3.387  3.7351  1.640    5  0.000  0.367     0.00     0.00     0.00     0.00     0.00 -1    -1e-30      0.00 7.216e-01 2.733e-01 5.582e-04 8.346e-04 2.025e-03 -1.000 5.119e-03 -3.696 -3.776 -3.409 -4.317
0.005 -0.48482 8.01000 4.9662833214 2.6138910632    4.965  3.393  3.7471  1.682    5  0.000  0.367     0.00     0.00     0.00     0.00     0.00 -1    -1e-30      0.00 7.216e-01 2.733e-01 5.582e-04 8.345e-04 2.025e-03 -1.000 5.118e-03 -3.711 -3.810 -3.471 -4.321
0.005 -0.48482 8.01000 4.9676642418 2.6138983073    4.966  3.398  3.7580  1.721    5  0.000  0.367     0.00     0.00     0.00     0.00     0.00 -1    -1e-30      0.00 7.216e-01 2.733e-01 5.582e-04 8.345e-04 2.025e-03 -1.000 5.118e-03 -3.724 -3.837 -3.524 -4.320
0.005 -0.48482 8.01000 4.9690647125 2.6139056493    4.968  3.402  3.7688  1.759    5  0.000  0.367     0.00     0.00     0.00     0.00     0.00 -1    -1e-30      0.00 7.216e-01 2.733e-01 5.582e-04 8.345e-04 2.025e-03 -1.000 5.117e-03 -3.736 -3.860 -3.571 -4.316
0.005 -0.48482 8.01000 4.9705471992 2.6139134161    4.969  3.407  3.7795  1.798    5  0.000  0.367     0.00     0.00     0.00     0.00     0.00 -1    -1e-30      0.00 7.216e-01 2.733e-01 5.582e-04 8.345e-04 2.025e-03 -1.000 5.116e-03 -3.747 -3.883 -3.619 -4.308
0.005 -0.48482 8.01000 4.9721336365 2.6139217215    4.971  3.412  3.7904  1.836    5  0.000  0.367     0.00     0.00     0.00     0.00     0.00 -1    -1e-30      0.00 7.216e-01 2.733e-01 5.583e-04 8.344e-04 2.025e-03 -1.000 5.116e-03 -3.759 -3.903 -3.663 -4.298
0.005 -0.48482 8.01000 4.9738111496 2.6139304972    4.972  3.416  3.8010  1.874    5  0.000  0.367     0.00     0.00     0.00     0.00     0.00 -1    -1e-30      0.00 7.216e-01 2.733e-01 5.583e-04 8.344e-04 2.025e-03 -1.000 5.115e-03 -3.771 -3.922 -3.704 -4.289
0.005 -0.48482 8.01000 4.9756112099 2.6139399063    4.974  3.421  3.8117  1.912    5  0.000  0.367     0.00     0.00     0.00     0.00     0.00 -1    -1e-30      0.00 7.216e-01 2.733e-01 5.583e-04 8.344e-04 2.025e-03 -1.000 5.114e-03 -3.783 -3.940 -3.744 -4.277
0.005 -0.48482 8.01000 4.9775180817 2.6139498653    4.976  3.426  3.8221  1.949    5  0.000  0.367     0.00     0.00     0.00     0.00     0.00 -1    -1e-30      0.00 7.216e-01 2.733e-01 5.583e-04 8.343e-04 2.025e-03 -1.000 5.113e-03 -3.796 -3.955 -3.780 -4.263
0.005 -0.48482 8.01000 4.9795284271 2.6139603551    4.978  3.431  3.8323  1.985    5  0.000  0.367     0.00     0.00     0.00     0.00     0.00 -1    -1e-30      0.00 7.216e-01 2.732e-01 5.583e-04 8.343e-04 2.025e-03 -1.000 5.112e-03 -3.808 -3.970 -3.814 -4.249
0.005 -0.48482 8.01000 4.9814867973 2.6139705644    4.980  3.436  3.8415  2.018    5  0.000  0.367     0.00     0.00     0.00     0.00     0.00 -1    -1e-30      0.00 7.217e-01 2.732e-01 5.583e-04 8.343e-04 2.025e-03 -1.000 5.111e-03 -3.819 -3.981 -3.842 -4.234
0.005 -0.48482 8.01000 4.9840030670 2.6139836685    4.983  3.441  3.8525  2.056    5  0.000  0.367     0.00     0.00     0.00     0.00     0.00 -1    -1e-30      0.00 7.217e-01 2.732e-01 5.583e-04 8.342e-04 2.025e-03 -1.000 5.110e-03 -3.833 -3.992 -3.875 -4.213
0.005 -0.48482 8.01000 4.9863448143 2.6139958502    4.985  3.446  3.8632  2.094    5  0.000  0.367     0.00     0.00     0.00     0.00     0.00 -1    -1e-30      0.00 7.217e-01 2.732e-01 5.584e-04 8.342e-04 2.025e-03 -1.000 5.109e-03 -3.846 -4.001 -3.902 -4.191
0.005 -0.48482 8.01000 4.9887552261 2.6140083752    4.988  3.451  3.8720  2.125    5  0.000  0.367     0.00     0.00     0.00     0.00     0.00 -1    -1e-30      0.00 7.217e-01 2.732e-01 5.584e-04 8.341e-04 2.025e-03 -1.000 5.108e-03 -3.858 -4.007 -3.922 -4.174
0.005 -0.48482 8.01000 4.9919848442 2.6140251353    4.991  3.457  3.8823  2.160    5  0.000  0.367     0.00     0.00     0.00     0.00     0.00 -1    -1e-30      0.00 7.217e-01 2.732e-01 5.584e-04 8.341e-04 2.025e-03 -1.000 5.106e-03 -3.873 -4.013 -3.943 -4.154
0.005 -0.48482 8.01000 4.9954209328 2.6140429395    4.994  3.463  3.8912  2.191    5  0.000  0.367     0.00     0.00     0.00     0.00     0.00 -1    -1e-30      0.00 7.217e-01 2.732e-01 5.584e-04 8.340e-04 2.025e-03 -1.000 5.104e-03 -3.887 -4.018 -3.959 -4.138
0.005 -0.48482 8.01000 5.0010733604 2.6140721665    5.000  3.471  3.9001  2.219    5  0.000  0.367     0.00     0.00     0.00     0.00     0.00 -1    -1e-30      0.00 7.217e-01 2.732e-01 5.585e-04 8.339e-04 2.025e-03 -1.000 5.102e-03 -3.906 -4.024 -3.976 -4.124
0.005 -0.48482 8.01000 5.0030159950 2.6140821937    5.002  3.473  3.9027  2.227    5  0.000  0.367     0.00     0.00     0.00     0.00     0.00 -1    -1e-30      0.00 7.217e-01 2.732e-01 5.585e-04 8.339e-04 2.025e-03 -1.000 5.101e-03 -3.913 -4.025 -3.980 -4.121
0.005 -0.48482 8.01000 5.0040321350 2.6140874351    5.003  3.474  3.9040  2.231    5  0.000  0.367     0.00     0.00     0.00     0.00     0.00 -1    -1e-30      0.00 7.217e-01 2.732e-01 5.585e-04 8.339e-04 2.025e-03 -1.000 5.101e-03 -3.916 -4.026 -3.982 -4.119
0.005 -0.48482 8.01000 5.0097355843 2.6141168091    5.009  3.481  3.9090  2.244    5  0.000  0.367     0.00     0.00     0.00     0.00     0.00 -1    -1e-30      0.00 7.218e-01 2.731e-01 5.585e-04 8.338e-04 2.025e-03 -1.000 5.101e-03 -3.933 -4.033 -3.994 -4.116
0.005 -0.48482 8.01000 5.0154905319 2.6141463704    5.015  3.485  3.9036  2.219    6  0.000  0.367     0.00     0.00     0.00     0.00     0.00 -1    -1e-30      0.00 7.218e-01 2.731e-01 5.585e-04 8.337e-04 2.025e-03 -1.000 5.101e-03 -3.943 -4.054 -4.010 -4.147
0.005 -0.48482 8.01000 5.0205936432 2.6141725182    5.020  3.488  3.8960  2.187    6  0.000  0.367     0.00     0.00     0.00     0.00     0.00 -1    -1e-30      0.00 7.218e-01 2.731e-01 5.585e-04 8.336e-04 2.026e-03 -1.000 5.101e-03 -3.950 -4.075 -4.022 -4.183
0.005 -0.48482 8.01000 5.0248088837 2.6141940707    5.024  3.491  3.8891  2.157    6  0.000  0.367     0.00     0.00     0.00     0.00     0.00 -1    -1e-30      0.00 7.218e-01 2.731e-01 5.585e-04 8.335e-04 2.026e-03 -1.000 5.101e-03 -3.956 -4.091 -4.030 -4.215
0.005 -0.48482 8.01000 5.0285158157 2.6142129898    5.028  3.492  3.8814  2.125    6  0.000  0.367     0.00     0.00     0.00     0.00     0.00 -1    -1e-30      0.00 7.218e-01 2.731e-01 5.585e-04 8.335e-04 2.026e-03 -1.000 5.101e-03 -3.961 -4.103 -4.032 -4.245
0.005 -0.48482 8.01000 5.0318608284 2.6142300343    5.031  3.493  3.8725  2.088    6  0.000  0.367     0.00     0.00     0.00     0.00     0.00 -1    -1e-30      0.00 7.218e-01 2.731e-01 5.585e-04 8.334e-04 2.026e-03 -1.000 5.101e-03 -3.964 -4.114 -4.030 -4.278
0.005 -0.48482 8.01000 5.0346903801 2.6142444319    5.034  3.494  3.8625  2.048    6  0.000  0.367     0.00     0.00     0.00     0.00     0.00 -1    -1e-30      0.00 7.218e-01 2.731e-01 5.586e-04 8.334e-04 2.026e-03 -1.000 5.101e-03 -3.964 -4.121 -4.022 -4.312
0.005 -0.48482 8.01000 5.0369710922 2.6142560233    5.036  3.493  3.8522  2.007    6  0.000  0.367     0.00     0.00     0.00     0.00     0.00 -1    -1e-30      0.00 7.218e-01 2.731e-01 5.586e-04 8.333e-04 2.026e-03 -1.000 5.101e-03 -3.963 -4.124 -4.007 -4.345
0.005 -0.48482 8.01000 5.0389103889 2.6142658701    5.038  3.492  3.8407  1.963    6  0.000  0.367     0.00     0.00     0.00     0.00     0.00 -1    -1e-30      0.00 7.218e-01 2.731e-01 5.586e-04 8.333e-04 2.026e-03 -1.000 5.101e-03 -3.961 -4.124 -3.985 -4.378
0.005 -0.48482 8.01000 5.0407009125 2.6142749537    5.040  3.491  3.8280  1.913    6  0.000  0.367     0.00     0.00     0.00     0.00     0.00 -1    -1e-30      0.00 7.218e-01 2.730e-01 5.586e-04 8.333e-04 2.026e-03 -1.000 5.101e-03 -3.958 -4.121 -3.958 -4.411
0.005 -0.48482 8.01000 5.0424842834 2.6142839936    5.042  3.489  3.8142  1.860    6  0.000  0.367     0.00     0.00     0.00     0.00     0.00 -1    -1e-30      0.00 7.219e-01 2.730e-01 5.586e-04 8.332e-04 2.026e-03 -1.000 5.101e-03 -3.954 -4.113 -3.923 -4.441
0.005 -0.48482 8.01000 5.0433554649 2.6142884070    5.042  3.488  3.8061  1.829    6  0.000  0.367     0.00     0.00     0.00     0.00     0.00 -1    -1e-30      0.00 7.219e-01 2.730e-01 5.586e-04 8.332e-04 2.026e-03 -1.000 5.101e-03 -3.950 -4.106 -3.899 -4.457
0.005 -0.48482 8.01000 5.0442042351 2.6142927051    5.043  3.486  3.7960  1.791    6  0.000  0.367     0.00     0.00     0.00     0.00     0.00 -1    -1e-30      0.00 7.219e-01 2.730e-01 5.586e-04 8.332e-04 2.026e-03 -1.000 5.101e-03 -3.945 -4.094 -3.867 -4.473
0.005 -0.48482 8.01000 5.0449118614 2.6142962872    5.044  3.483  3.7852  1.750    6  0.000  0.367     0.00     0.00     0.00     0.00     0.00 -1    -1e-30      0.00 7.219e-01 2.730e-01 5.586e-04 8.332e-04 2.026e-03 -1.000 5.101e-03 -3.939 -4.080 -3.830 -4.489
0.005 -0.48482 8.01000 5.0455274582 2.6142994025    5.045  3.481  3.7744  1.710    6  0.000  0.367     0.00     0.00     0.00     0.00     0.00 -1    -1e-30      0.00 7.219e-01 2.730e-01 5.586e-04 8.332e-04 2.026e-03 -1.000 5.101e-03 -3.932 -4.065 -3.789 -4.504
0.005 -0.48482 8.01000 5.0460677147 2.6143021359    5.045  3.478  3.7637  1.669    6  0.000  0.367     0.00     0.00     0.00     0.00     0.00 -1    -1e-30      0.00 7.219e-01 2.730e-01 5.586e-04 8.332e-04 2.026e-03 -1.000 5.101e-03 -3.925 -4.047 -3.746 -4.515
0.005 -0.48482 8.01000 5.0465474129 2.6143045622    5.046  3.475  3.7530  1.630    6  0.000  0.367     0.00     0.00     0.00     0.00     0.00 -1    -1e-30      0.00 7.219e-01 2.730e-01 5.586e-04 8.332e-04 2.026e-03 -1.000 5.101e-03 -3.918 -4.026 -3.701 -4.523
0.005 -0.48482 8.01000 5.0469813347 2.6143067566    5.046  3.472  3.7424  1.591    6  0.000  0.367     0.00     0.00     0.00     0.00     0.00 -1    -1e-30      0.00 7.219e-01 2.730e-01 5.586e-04 8.332e-04 2.026e-03 -1.000 5.101e-03 -3.910 -4.003 -3.652 -4.527
0.005 -0.48482 8.01000 5.0474076271 2.6143089120    5.047  3.468  3.7317  1.552    6  0.000  0.367     0.00     0.00     0.00     0.00     0.00 -1    -1e-30      0.00 7.219e-01 2.730e-01 5.586e-04 8.332e-04 2.026e-03 -1.000 5.101e-03 -3.900 -3.976 -3.598 -4.526
0.005 -0.48482 8.01000 5.0478463173 2.6143111296    5.047  3.463  3.7206  1.513    6  0.000  0.367     0.00     0.00     0.00     0.00     0.00 -1    -1e-30      0.00 7.219e-01 2.730e-01 5.586e-04 8.332e-04 2.026e-03 -1.000 5.101e-03 -3.886 -3.942 -3.538 -4.519
0.005 -0.48482 8.01000 5.0483007431 2.6143134263    5.047  3.455  3.7096  1.476    6  0.000  0.367     0.00     0.00     0.00     0.00     0.00 -1    -1e-30      0.00 7.219e-01 2.730e-01 5.586e-04 8.331e-04 2.026e-03 -1.000 5.101e-03 -3.869 -3.901 -3.469 -4.504
0.005 -0.48482 8.01000 5.0489773750 2.6143168452    5.048  3.440  3.6954  1.434    6  0.000  0.367     0.00     0.00     0.00     0.00     0.00 -1    -1e-30      0.00 7.219e-01 2.730e-01 5.586e-04 8.331e-04 2.026e-03 -1.000 5.101e-03 -3.831 -3.828 -3.360 -4.464
0.005 -0.48482 8.01000 5.0495700836 2.6143198391    5.049  3.422  3.6844  1.409    6  0.000  0.367     0.00     0.00     0.00     0.00     0.00 -1    -1e-30      0.00 7.219e-01 2.730e-01 5.586e-04 8.331e-04 2.026e-03 -1.000 5.101e-03 -3.785 -3.752 -3.255 -4.414
0.005 -0.48482 8.01000 5.0501251221 2.6143226421    5.049  3.403  3.6753  1.391    6  0.000  0.367     0.00     0.00     0.00     0.00     0.00 -1    -1e-30      0.00 7.219e-01 2.730e-01 5.586e-04 8.331e-04 2.026e-03 -1.000 5.101e-03 -3.738 -3.681 -3.159 -4.362
0.005 -0.48482 8.01000 5.0510630608 2.6143273770    5.050  3.388  3.6613  1.351    6  0.000  0.367     0.00     0.00     0.00     0.00     0.00 -1    -1e-30      0.00 7.219e-01 2.730e-01 5.586e-04 8.331e-04 2.026e-03 -1.000 5.101e-03 -3.700 -3.597 -3.036 -4.308
0.005 -0.48482 8.01000 5.0514540672 2.6143293503    5.051  3.393  3.6548  1.319    6  0.000  0.367     0.00     0.00     0.00     0.00     0.00 -1    -1e-30      0.00 7.219e-01 2.730e-01 5.586e-04 8.331e-04 2.026e-03 -1.000 5.101e-03 -3.713 -3.583 -3.003 -4.309
0.005 -0.48482 8.01000 5.0515437126 2.6143298027    5.051  3.410  3.6517  1.290    7  0.000  0.367    16.28    12.52     8.93     6.53     5.36  4 -1.01e-30      0.00 7.219e-01 2.730e-01 5.586e-04 8.331e-04 2.026e-03 -1.000 5.101e-03 -3.755 -3.610 -3.021 -4.344
0.005 -0.48482 8.01000 5.0517086983 2.6143306352    5.051  3.444  3.6465  1.236    7  0.000  0.367    18.29    13.82     9.81     7.18     5.91  4 -1.09e-30      0.00 7.219e-01 2.730e-01 5.586e-04 8.331e-04 2.026e-03 -1.000 5.101e-03 -3.840 -3.671 -3.064 -4.418
0.005 -0.48482 8.01000 5.0522313118 2.6143332718    5.051  3.471  3.6434  1.196    7  0.000  0.367    19.88    14.83    10.50     7.69     6.33  4 -1.92e-29      0.00 7.219e-01 2.730e-01 5.586e-04 8.331e-04 2.026e-03 -1.000 5.104e-03 -3.907 -3.723 -3.105 -4.477
0.005 -0.48482 8.01000 5.0527734756 2.6143360064    5.052  3.498  3.6388  1.151    7  0.000  0.367    21.91    16.10    11.35     8.33     6.85  4 -3.61e-20      0.00 7.219e-01 2.730e-01 5.586e-04 8.331e-04 2.026e-03 -1.000 5.112e-03 -3.974 -3.767 -3.134 -4.534
0.005 -0.48482 8.01000 5.0530261993 2.6143372809    5.052  3.536  3.6349  1.098    7  0.000  0.367    24.55    17.73    12.45     9.15     7.53  4 -9.81e-18      0.00 7.219e-01 2.730e-01 5.586e-04 8.331e-04 2.026e-03 -1.000 5.112e-03 -4.069 -3.841 -3.193 -4.618
0.005 -0.48482 8.01000 5.0533938408 2.6143391347    5.052  3.583  3.6307  1.033    7  0.000  0.367    28.17    19.92    13.91    10.24     8.43  4 -5.19e-12      0.00 7.219e-01 2.730e-01 5.586e-04 8.331e-04 2.026e-03 -1.000 5.139e-03 -4.187 -3.937 -3.273 -4.725
0.005 -0.48482 8.01000 5.0537714958 2.6143410386    5.053  3.621  3.6274  0.982    7  0.000  0.367    31.40    21.84    15.20    11.20     9.22  4 -5.37e-09      0.00 7.219e-01 2.730e-01 5.586e-04 8.331e-04 2.026e-03 -1.000 5.152e-03 -4.282 -4.014 -3.336 -4.811
0.005 -0.48482 8.01000 5.0542330742 2.6143433651    5.053  3.660  3.6242  0.931    7  0.000  0.367    35.06    23.98    16.61    12.26    10.09  4  -6.4e-09      0.00 7.219e-01 2.730e-01 5.584e-04 8.331e-04 2.026e-03 -1.000 5.152e-03 -4.379 -4.091 -3.398 -4.898
0.005 -0.48482 8.01000 5.0547795296 2.6143461189    5.053  3.698  3.6209  0.879    7  0.000  0.366    39.14    26.33    18.16    13.42    11.05  4 -7.66e-09      0.00 7.219e-01 2.730e-01 5.573e-04 8.339e-04 2.026e-03 -1.000 5.152e-03 -4.475 -4.167 -3.460 -4.984
0.005 -0.48482 8.01000 5.0554127693 2.6143493091    5.054  3.737  3.6175  0.827    7  0.000  0.364    43.75    28.93    19.87    14.71    12.11  4 -9.13e-09      0.00 7.219e-01 2.730e-01 5.545e-04 8.366e-04 2.026e-03 -1.000 5.152e-03 -4.572 -4.242 -3.519 -5.069
0.005 -0.48482 8.01000 5.0561294556 2.6143529186    5.054  3.776  3.6139  0.773    7  0.000  0.361    49.10    31.90    21.82    16.17    13.32  4 -1.11e-08      0.00 7.219e-01 2.730e-01 5.502e-04 8.416e-04 2.026e-03 -1.000 5.152e-03 -4.671 -4.319 -3.579 -5.157
0.005 -0.48482 8.01000 5.0568900108 2.6143567478    5.055  3.818  3.6102  0.716    7  0.000  0.359    55.40    35.34    24.06    17.86    14.71  4 -1.42e-08      0.00 7.219e-01 2.729e-01 5.460e-04 8.468e-04 2.026e-03 -1.000 5.152e-03 -4.776 -4.400 -3.642 -5.249
0.005 -0.48482 8.01000 5.0576100349 2.6143603716    5.055  3.861  3.6063  0.658    7  0.000  0.356    62.74    39.27    26.60    19.78    16.30  4 -2.07e-08      0.00 7.219e-01 2.729e-01 5.424e-04 8.513e-04 2.026e-03 -1.000 5.155e-03 -4.883 -4.480 -3.704 -5.341
0.005 -0.48482 8.01000 5.0582427979 2.6143635553    5.055  3.904  3.6025  0.600    7  0.000  0.354    70.97    43.59    29.39    21.89    18.04  3 -3.17e-08      0.00 7.219e-01 2.730e-01 5.396e-04 8.552e-04 2.025e-03 -1.000 5.170e-03 -4.989 -4.560 -3.764 -5.433
0.005 -0.48482 8.01000 5.0587954521 2.6143663352    5.054  3.946  3.5987  0.543    7  0.000  0.353    80.18    48.34    32.44    24.20    19.95  3 -4.85e-08      0.00 7.218e-01 2.730e-01 5.372e-04 8.591e-04 2.024e-03 -1.000 5.181e-03 -5.094 -4.638 -3.822 -5.523
0.005 -0.48482 8.01000 5.0592937469 2.6143688411    5.054  3.987  3.5949  0.486    7  0.000  0.352    90.55    53.58    35.80    26.74    22.05  3  -7.4e-08      0.00 7.218e-01 2.730e-01 5.353e-04 8.635e-04 2.022e-03 -1.000 5.190e-03 -5.198 -4.713 -3.875 -5.611
0.005 -0.48482 8.01000 5.0597491264 2.6143711307    5.052  4.028  3.5911  0.429    7  0.000  0.352   102.18    59.36    39.47    29.53    24.36  3 -1.13e-07      0.00 7.217e-01 2.731e-01 5.337e-04 8.692e-04 2.018e-03 -1.000 5.186e-03 -5.301 -4.786 -3.924 -5.697
0.005 -0.48482 8.01000 5.0602254868 2.6143735252    5.050  4.074  3.5867  0.366    7  0.000  0.352   117.03    66.59    44.05    33.01    27.24  3 -1.82e-07      0.00 7.215e-01 2.734e-01 5.318e-04 8.769e-04 2.011e-03 -1.000 5.190e-03 -5.416 -4.864 -3.973 -5.791
0.005 -0.48482 8.01000 5.0606126785 2.6143754711    5.046  4.114  3.5829  0.310    7  0.000  0.352   131.60    73.55    48.44    36.35    30.01  3 -2.73e-07      0.00 7.197e-01 2.751e-01 5.293e-04 8.887e-04 2.001e-03 -1.000 5.195e-03 -5.515 -4.930 -4.012 -5.872
0.005 -0.48482 8.01000 5.0610446930 2.6143776419    5.040  4.165  3.5777  0.238    7  0.000  0.352   153.40    83.76    54.84    41.24    34.05  3 -4.62e-07      0.00 7.015e-01 2.933e-01 5.159e-04 9.514e-04 1.949e-03 -1.000 5.189e-03 -5.642 -5.008 -4.052 -5.971
0.005 -0.48482 8.01000 5.0612483025 2.6143786649    5.036  4.199  3.5737  0.188    7  0.000  0.353   170.81    91.75    59.83    45.05    37.20  2 -6.57e-07      0.00 6.769e-01 3.179e-01 4.980e-04 1.035e-03 1.879e-03 -1.000 5.166e-03 -5.727 -5.053 -4.062 -6.031
0.005 -0.48482 8.01000 5.0614080429 2.6143794674    5.030  4.237  3.5690  0.131    7  0.000  0.353   192.90   101.72    66.02    49.79    41.13  2 -9.83e-07      0.00 6.572e-01 3.377e-01 4.849e-04 1.097e-03 1.828e-03 -1.000 5.175e-03 -5.822 -5.096 -4.063 -6.095
0.005 -0.48482 8.01000 5.0615496635 2.6143801788    5.023  4.276  3.5644  0.073    7  0.000  0.353   218.09   112.89    72.92    55.08    45.51  2 -1.47e-06      0.01 6.470e-01 3.478e-01 4.786e-04 1.127e-03 1.803e-03 -1.000 5.169e-03 -5.920 -5.134 -4.050 -6.156
0.005 -0.48482 8.01000 5.0616812706 2.6143808398    5.013  4.315  3.5599  0.015    7  0.000  0.353   246.54   125.28    80.54    60.93    50.36  2 -2.21e-06      0.01 6.423e-01 3.525e-01 4.756e-04 1.141e-03 1.791e-03 -1.000 5.182e-03 -6.016 -5.165 -4.026 -6.211
0.005 -0.48482 8.01000 5.0618081093 2.6143814769    4.997  4.353  3.5553 -0.043    7  0.000  0.353   278.51   138.97    88.92    67.38    55.70  2 -3.29e-06      0.03 6.397e-01 3.551e-01 4.739e-04 1.149e-03 1.784e-03 -1.000 5.146e-03 -6.112 -5.171 -3.955 -6.249
0.005 -0.48482 8.01000 5.0619482994 2.6143821810    4.971  4.393  3.5502 -0.106    7  0.000  0.353   318.06   155.63    99.06    75.21    62.19  2 -5.12e-06      0.05 6.377e-01 3.571e-01 4.725e-04 1.155e-03 1.779e-03 -1.000 5.165e-03 -6.213 -5.163 -3.853 -6.277
0.005 -0.48482 8.01000 5.0620841980 2.6143828635    4.932  4.427  3.5456 -0.162    7  0.000  0.353   357.05   171.85   108.88    82.81    68.48  2 -7.47e-06      0.08 6.366e-01 3.582e-01 4.719e-04 1.159e-03 1.777e-03 -1.000 5.171e-03 -6.299 -5.114 -3.688 -6.268
0.005 -0.48482 8.01000 5.0622725487 2.6143838094    4.853  4.428  3.5442 -0.175    7  0.000  0.353   364.61   175.28   110.92    84.43    69.82  2 -7.95e-06      0.09 6.361e-01 3.587e-01 4.715e-04 1.160e-03 1.775e-03 -1.000 5.197e-03 -6.301 -5.085 -3.628 -6.249
0.005 -0.48482 8.01000 5.0623040199 2.6143839674    4.839  4.426  3.5443 -0.174    7  0.000  0.353   363.15   174.75   110.59    84.18    69.62  2 -7.83e-06      0.09 6.361e-01 3.587e-01 4.715e-04 1.160e-03 1.775e-03 -1.000 5.200e-03 -6.295 -5.082 -3.628 -6.246
0.005 -0.48482 8.01000 5.0623149872 2.6143840225    4.834  4.425  3.5443 -0.173    7  0.000  0.353   362.31   174.42   110.39    84.03    69.49  2 -7.77e-06      0.09 6.360e-01 3.588e-01 4.715e-04 1.160e-03 1.775e-03 -1.000 5.201e-03 -6.292 -5.082 -3.629 -6.244
0.005 -0.48482 8.01000 5.0623221397 2.6143840584    4.831  4.424  3.5444 -0.172    7  0.000  0.353   361.20   173.98   110.12    83.83    69.32  2 -7.69e-06      0.08 6.360e-01 3.588e-01 4.715e-04 1.160e-03 1.775e-03 -1.000 5.201e-03 -6.289 -5.082 -3.631 -6.244
0.005 -0.48482 8.01000 5.0623369217 2.6143841326    4.825  4.418  3.5450 -0.164    7  0.000  0.353   355.21   171.54   108.65    82.69    68.38  2 -7.27e-06      0.08 6.360e-01 3.588e-01 4.715e-04 1.160e-03 1.775e-03 -1.000 5.201e-03 -6.275 -5.086 -3.651 -6.242
0.005 -0.48482 8.01000 5.0623512268 2.6143842044    4.820  4.411  3.5458 -0.155    7  0.000  0.353   348.17   168.66   106.90    81.35    67.26  2 -6.81e-06      0.07 6.360e-01 3.588e-01 4.715e-04 1.161e-03 1.775e-03 -1.000 5.201e-03 -6.258 -5.091 -3.676 -6.241
0.005 -0.48482 8.01000 5.0623984337 2.6143844415    4.806  4.347  3.5531 -0.063    7  0.000  0.353   286.02   142.68    91.11    69.16    57.16  2 -3.57e-06      0.03 6.360e-01 3.588e-01 4.714e-04 1.161e-03 1.775e-03 -1.000 5.201e-03 -6.098 -5.121 -3.870 -6.212
0.005 -0.48482 8.01000 5.0624508858 2.6143847048    4.797  4.357  3.5518 -0.079    7  0.000  0.353   295.59   146.77    93.59    71.09    58.76  2 -3.97e-06      0.04 6.360e-01 3.588e-01 4.714e-04 1.161e-03 1.775e-03 -1.000 5.180e-03 -6.123 -5.119 -3.845 -6.219
0.005 -0.48482 8.01000 5.0624647141 2.6143847743    4.794  4.356  3.5519 -0.077    7  0.000  0.353   294.51   146.31    93.32    70.87    58.58  2 -3.92e-06      0.04 6.360e-01 3.588e-01 4.714e-04 1.161e-03 1.775e-03 -1.000 5.173e-03 -6.119 -5.118 -3.846 -6.217
0.005 -0.48482 8.01000 5.0624861717 2.6143848820    4.790  4.352  3.5523 -0.072    7  0.000  0.353   291.21   144.92    92.47    70.22    58.04  2 -3.78e-06      0.03 6.360e-01 3.588e-01 4.714e-04 1.161e-03 1.775e-03 -1.000 5.169e-03 -6.109 -5.117 -3.852 -6.213
0.005 -0.48482 8.01000 5.0624871254 2.6143848868    4.790  4.351  3.5524 -0.072    7  0.000  0.353   290.86   144.78    92.38    70.16    57.98  2 -3.77e-06      0.03 6.360e-01 3.588e-01 4.714e-04 1.161e-03 1.775e-03 -1.000 5.169e-03 -6.108 -5.116 -3.853 -6.212
0.005 -0.48482 8.01000 5.0624933243 2.6143849179    4.789  4.357  3.5517 -0.080    7  0.000  0.353   295.91   146.92    93.69    71.16    58.82  2 -3.98e-06      0.04 6.360e-01 3.588e-01 4.714e-04 1.161e-03 1.775e-03 -1.000 5.169e-03 -6.122 -5.117 -3.842 -6.217
0.005 -0.48482 8.01000 5.0625014305 2.6143849586    4.787  4.370  3.5502 -0.099    7  0.000  0.353   308.09   152.07    96.82    73.58    60.82  2 -4.53e-06      0.04 6.360e-01 3.588e-01 4.714e-04 1.161e-03 1.775e-03 -1.000 5.169e-03 -6.154 -5.118 -3.815 -6.229
0.005 -0.48482 8.01000 5.0625185966 2.6143850448    4.784  4.386  3.5483 -0.123    7  0.000  0.353   324.00   158.76   100.88    76.72    63.42  2 -5.39e-06      0.05 6.360e-01 3.588e-01 4.711e-04 1.161e-03 1.775e-03 -1.000 5.169e-03 -6.194 -5.103 -3.754 -6.231
