Zini MH logAge Mini int_IMF Mass logL logTe logg label McoreTP C_O period0 period1 period2 period3 period4 pmode Mloss tau1m X Y Xc Xn Xo Cexcess Z mbolmag Gmag G_BPmag G_RPmag
0.007 -0.33541 8.87001 0.0900000036 1.0816895926    0.090 -3.299  3.3980  5.235    0  0.000  0.545     0.00     0.00     0.00     0.00     0.00 -1 -5.12e-17      0.00 7.317e-01 2.612e-01 1.272e-03 3.431e-04 3.112e-03 -1.000 7.072e-03 13.018 14.847 17.828 13.372
0.007 -0.33541 8.87001 0.0914277285 1.0952271999    0.091 -3.277  3.4014  5.233    0  0.000  0.545     0.00     0.00     0.00     0.00     0.00 -1 -5.36e-17      0.00 7.317e-01 2.612e-01 1.272e-03 3.431e-04 3.112e-03 -1.000 7.072e-03 12.962 14.791 17.771 13.316
0.007 -0.33541 8.87001 0.0996483564 1.1681622722    0.100 -3.128  3.4231  5.209    0  0.000  0.545     0.00     0.00     0.00     0.00     0.00 -1 -7.45e-17      0.00 7.317e-01 2.613e-01 1.272e-03 3.431e-04 3.112e-03 -1.000 7.072e-03 12.589 14.351 17.197 12.895
0.007 -0.33541 8.87001 0.1138437763 1.2773337828    0.114 -2.958  3.4445  5.182    0  0.000  0.545     0.00     0.00     0.00     0.00     0.00 -1 -1.06e-16      0.00 7.316e-01 2.613e-01 1.272e-03 3.431e-04 3.112e-03 -1.000 7.072e-03 12.165 13.689 16.121 12.296
0.007 -0.33541 8.87001 0.1189450845 1.3123229328    0.119 -2.902  3.4517  5.173    0  0.000  0.545     0.00     0.00     0.00     0.00     0.00 -1 -1.19e-16      0.00 7.316e-01 2.613e-01 1.272e-03 3.431e-04 3.112e-03 -1.000 7.072e-03 12.024 13.469 15.772 12.098
0.007 -0.33541 8.87001 0.1193981841 1.3153361431    0.119 -2.897  3.4522  5.173    0  0.000  0.545     0.00     0.00     0.00     0.00     0.00 -1  -1.2e-16      0.00 7.316e-01 2.613e-01 1.272e-03 3.431e-04 3.112e-03 -1.000 7.072e-03 12.013 13.453 15.746 12.084
0.007 -0.33541 8.87001 0.1382417977 1.4288911444    0.138 -2.720  3.4711  5.135    0  0.000  0.545     0.00     0.00     0.00     0.00     0.00 -1 -1.75e-16      0.00 7.316e-01 2.614e-01 1.272e-03 3.431e-04 3.112e-03 -1.000 7.072e-03 11.571 12.814 14.775 11.509
0.007 -0.33541 8.87001 0.1440270692 1.4597764235    0.144 -2.679  3.4752  5.128    0  0.000  0.545     0.00     0.00     0.00     0.00     0.00 -1  -1.9e-16      0.00 7.315e-01 2.614e-01 1.272e-03 3.431e-04 3.112e-03 -1.000 7.072e-03 11.468 12.669 14.564 11.379
0.007 -0.33541 8.87001 0.1575385332 1.5260193710    0.157 -2.583  3.4844  5.107    0  0.000  0.545     0.00     0.00     0.00     0.00     0.00 -1 -2.33e-16      0.00 7.315e-01 2.614e-01 1.272e-03 3.431e-04 3.112e-03 -1.000 7.072e-03 11.227 12.334 14.083 11.079
0.007 -0.33541 8.87001 0.1875130981 1.6497112576    0.187 -2.415  3.4987  5.072    0  0.000  0.545     0.00     0.00     0.00     0.00     0.00 -1 -3.25e-16      0.00 7.314e-01 2.615e-01 1.272e-03 3.431e-04 3.112e-03 -1.000 7.072e-03 10.808 11.782 13.333 10.579
0.007 -0.33541 8.87001 0.1961319745 1.6805893256    0.196 -2.372  3.5023  5.063    0  0.000  0.545     0.00     0.00     0.00     0.00     0.00 -1 -3.56e-16      0.00 7.314e-01 2.615e-01 1.272e-03 3.431e-04 3.112e-03 -1.000 7.072e-03 10.699 11.642 13.149 10.453
0.007 -0.33541 8.87001 0.2443737835 1.8258323712    0.244 -2.175  3.5174  5.021    0  0.000  0.545     0.00     0.00     0.00     0.00     0.00 -1 -5.26e-16      0.00 7.313e-01 2.616e-01 1.272e-03 3.431e-04 3.112e-03 -1.000 7.072e-03 10.207 11.028 12.371 9.891
0.007 -0.33541 8.87001 0.3059610128 1.9646998227    0.305 -1.975  3.5305  4.972    0  0.000  0.545     0.00     0.00     0.00     0.00     0.00 -1 -7.86e-16      0.00 7.315e-01 2.615e-01 1.272e-03 3.431e-04 3.112e-03 -1.000 7.072e-03 9.709 10.437 11.668 9.343
0.007 -0.33541 8.87001 0.3233378232 1.9974203167    0.323 -1.921  3.5338  4.955    0  0.000  0.545     0.00     0.00     0.00     0.00     0.00 -1 -8.84e-16      0.00 7.316e-01 2.613e-01 1.272e-03 3.431e-04 3.112e-03 -1.000 7.072e-03 9.573 10.281 11.487 9.196
0.007 -0.33541 8.87001 0.3408574164 2.0281734154    0.340 -1.872  3.5374  4.944    0  0.000  0.545     0.00     0.00     0.00     0.00     0.00 -1 -9.75e-16      0.00 7.317e-01 2.613e-01 1.272e-03 3.431e-04 3.112e-03 -1.000 7.072e-03 9.451 10.137 11.318 9.063
0.007 -0.33541 8.87001 0.3890992403 2.1032117912    0.388 -1.725  3.5479  4.896    0  0.000  0.545     0.00     0.00     0.00     0.00     0.00 -1 -1.35e-15      0.00 7.317e-01 2.612e-01 1.272e-03 3.431e-04 3.112e-03 -1.000 7.072e-03 9.083 9.708 10.818 8.664
0.007 -0.33541 8.87001 0.4182858467 2.1429730726    0.418 -1.629  3.5556  4.863    0  0.000  0.545     0.00     0.00     0.00     0.00     0.00 -1 -1.69e-15      0.00 7.317e-01 2.612e-01 1.272e-03 3.431e-04 3.112e-03 -1.000 7.072e-03 8.844 9.423 10.485 8.402
0.007 -0.33541 8.87001 0.4373410344 2.1670360615    0.437 -1.571  3.5604  4.843    0  0.000  0.545     0.00     0.00     0.00     0.00     0.00 -1 -1.94e-15      0.00 7.317e-01 2.612e-01 1.272e-03 3.431e-04 3.112e-03 -1.000 7.072e-03 8.698 9.250 10.282 8.243
0.007 -0.33541 8.87001 0.4515876770 2.1841535416    0.451 -1.522  3.5651  4.826    0  0.000  0.545     0.00     0.00     0.00     0.00     0.00 -1 -2.17e-15      0.00 7.317e-01 2.612e-01 1.272e-03 3.431e-04 3.112e-03 -1.000 7.072e-03 8.575 9.101 10.105 8.107
0.007 -0.33541 8.87001 0.4855828285 2.2223072234    0.485 -1.411  3.5757  4.789    0  0.000  0.545     0.00     0.00     0.00     0.00     0.00 -1 -2.82e-15      0.00 7.317e-01 2.612e-01 1.272e-03 3.431e-04 3.112e-03 -1.000 7.072e-03 8.297 8.768 9.716 7.804
0.007 -0.33541 8.87001 0.5338246226 2.2697980445    0.533 -1.245  3.5963  4.748    0  0.000  0.545     0.00     0.00     0.00     0.00     0.00 -1 -4.14e-15      0.00 7.332e-01 2.597e-01 1.264e-03 3.411e-04 3.094e-03 -1.000 7.044e-03 7.884 8.258 9.111 7.348
0.007 -0.33541 8.87001 0.5820664167 2.3085344924    0.581 -1.080  3.6201  4.715    0  0.000  0.545     0.00     0.00     0.00     0.00     0.00 -1 -6.02e-15      0.00 7.338e-01 2.591e-01 1.263e-03 3.406e-04 3.089e-03 -1.000 7.033e-03 7.470 7.752 8.509 6.900
0.007 -0.33541 8.87001 0.6087188721 2.3269334942    0.608 -0.989  3.6344  4.701    0  0.000  0.545     0.00     0.00     0.00     0.00     0.00 -1 -7.36e-15      0.00 7.341e-01 2.589e-01 1.261e-03 3.404e-04 3.087e-03 -1.000 6.991e-03 7.243 7.469 8.168 6.655
0.007 -0.33541 8.87001 0.6303082108 2.3405328719    0.630 -0.919  3.6464  4.693    0  0.000  0.545     0.00     0.00     0.00     0.00     0.00 -1 -8.58e-15      0.00 7.342e-01 2.589e-01 1.261e-03 3.403e-04 3.087e-03 -1.000 6.975e-03 7.067 7.243 7.891 6.464
0.007 -0.33541 8.87001 0.6785501242 2.3673564686    0.678 -0.765  3.6734  4.680    1  0.000  0.545     0.00     0.00     0.00     0.00     0.00 -1  -1.2e-14      0.00 7.344e-01 2.586e-01 1.260e-03 3.399e-04 3.083e-03 -1.000 6.992e-03 6.683 6.752 7.297 6.052
0.007 -0.33541 8.87001 0.6889918447 2.3725965650    0.689 -0.734  3.6789  4.677    1  0.000  0.544     0.00     0.00     0.00     0.00     0.00 -1 -1.28e-14      0.00 7.345e-01 2.585e-01 1.257e-03 3.398e-04 3.082e-03 -1.000 7.001e-03 6.604 6.654 7.181 5.969
0.007 -0.33541 8.87001 0.7267918587 2.3901268728    0.726 -0.623  3.6984  4.668    1  0.000  0.541     0.00     0.00     0.00     0.00     0.00 -1 -1.63e-14      0.00 7.348e-01 2.582e-01 1.248e-03 3.392e-04 3.080e-03 -1.000 7.011e-03 6.328 6.321 6.791 5.684
0.007 -0.33541 8.87001 0.7755740285 2.4098717853    0.775 -0.489  3.7203  4.649    1  0.000  0.538     0.00     0.00     0.00     0.00     0.00 -1 -2.19e-14      0.00 7.353e-01 2.577e-01 1.240e-03 3.386e-04 3.075e-03 -1.000 6.967e-03 5.992 5.938 6.352 5.352
0.007 -0.33541 8.87001 0.8044856787 2.4202831226    0.804 -0.413  3.7317  4.635    1  0.000  0.538     0.00     0.00     0.00     0.00     0.00 -1  -2.6e-14      0.00 7.356e-01 2.574e-01 1.238e-03 3.382e-04 3.072e-03 -1.000 6.962e-03 5.803 5.730 6.119 5.169
0.007 -0.33541 8.87001 0.8243562579 2.4269537923    0.824 -0.363  3.7393  4.626    1  0.000  0.538     0.00     0.00     0.00     0.00     0.00 -1 -2.92e-14      0.00 7.359e-01 2.572e-01 1.237e-03 3.379e-04 3.070e-03 -1.000 6.966e-03 5.677 5.594 5.965 5.049
0.007 -0.33541 8.87001 0.8731384277 2.4418595603    0.872 -0.242  3.7562  4.598    1  0.000  0.537     0.00     0.00     0.00     0.00     0.00 -1 -3.86e-14      0.00 7.367e-01 2.564e-01 1.234e-03 3.369e-04 3.061e-03 -1.000 6.922e-03 5.376 5.279 5.614 4.772
0.007 -0.33541 8.87001 0.9219205379 2.4549659816    0.921 -0.129  3.7710  4.567    1  0.000  0.537     0.00     0.00     0.00     0.00     0.00 -1 -5.06e-14      0.00 7.378e-01 2.553e-01 1.229e-03 3.358e-04 3.050e-03 -1.000 6.940e-03 5.092 4.989 5.293 4.515
0.007 -0.33541 8.87001 0.9614629745 2.4644752086    0.961 -0.040  3.7816  4.539    1  0.000  0.537     0.00     0.00     0.00     0.00     0.00 -1 -6.27e-14      0.00 7.393e-01 2.538e-01 1.223e-03 3.341e-04 3.035e-03 -1.000 6.895e-03 4.870 4.766 5.049 4.317
0.007 -0.33541 8.87001 0.9707027674 2.4665691833    0.970 -0.020  3.7840  4.532    1  0.000  0.537     0.00     0.00     0.00     0.00     0.00 -1 -6.59e-14      0.00 7.396e-01 2.535e-01 1.222e-03 3.336e-04 3.031e-03 -1.000 6.886e-03 4.820 4.716 4.994 4.272
0.007 -0.33541 8.87001 0.9721228480 2.4668869543    0.972 -0.017  3.7843  4.531    1  0.000  0.537     0.00     0.00     0.00     0.00     0.00 -1 -6.64e-14      0.00 7.397e-01 2.534e-01 1.221e-03 3.335e-04 3.030e-03 -1.000 6.883e-03 4.812 4.708 4.985 4.265
0.007 -0.33541 8.87001 1.0194849968 2.4769047482    1.019  0.085  3.7954  4.495    1  0.000  0.537     0.00     0.00     0.00     0.00     0.00 -1 -8.31e-14      0.00 7.429e-01 2.503e-01 1.208e-03 3.299e-04 2.998e-03 -1.000 6.788e-03 4.557 4.456 4.711 4.038
0.007 -0.33541 8.87001 1.0511153936 2.4830199403    1.050  0.151  3.8024  4.470    1  0.000  0.537     0.00     0.00     0.00     0.00     0.00 -1 -9.32e-14      0.00 7.434e-01 2.498e-01 1.208e-03 3.300e-04 2.998e-03 -1.000 6.803e-03 4.393 4.293 4.536 3.892
0.007 -0.33541 8.87001 1.0682671070 2.4861623348    1.067  0.186  3.8061  4.457    1  0.000  0.537     0.00     0.00     0.00     0.00     0.00 -1 -9.91e-14      0.00 7.436e-01 2.496e-01 1.208e-03 3.302e-04 3.001e-03 -1.000 6.797e-03 4.306 4.208 4.443 3.815
0.007 -0.33541 8.87001 1.1105580330 2.4934358017    1.109  0.270  3.8149  4.425    1  0.000  0.537     0.00     0.00     0.00     0.00     0.00 -1 -1.14e-13      0.00 7.436e-01 2.495e-01 1.210e-03 3.305e-04 3.004e-03 -1.000 6.825e-03 4.096 4.000 4.220 3.627
0.007 -0.33541 8.87001 1.1170494556 2.4944963106    1.116  0.282  3.8162  4.420    1  0.000  0.537     0.00     0.00     0.00     0.00     0.00 -1 -1.17e-13      0.00 7.436e-01 2.496e-01 1.210e-03 3.306e-04 3.005e-03 -1.000 6.834e-03 4.064 3.968 4.186 3.599
0.007 -0.33541 8.87001 1.1554045677 2.5004837311    1.154  0.355  3.8241  4.393    1  0.000  0.537     0.00     0.00     0.00     0.00     0.00 -1 -1.31e-13      0.00 7.438e-01 2.493e-01 1.209e-03 3.304e-04 3.003e-03 -1.000 6.858e-03 3.882 3.788 3.992 3.436
0.007 -0.33541 8.87001 1.1658315659 2.5020333135    1.165  0.375  3.8262  4.386    1  0.000  0.537     0.00     0.00     0.00     0.00     0.00 -1 -1.35e-13      0.00 7.439e-01 2.493e-01 1.209e-03 3.304e-04 3.003e-03 -1.000 6.857e-03 3.833 3.739 3.941 3.392
0.007 -0.33541 8.87001 1.2146137953 2.5088783730    1.214  0.462  3.8364  4.357    1  0.000  0.537     0.00     0.00     0.00     0.00     0.00 -1 -1.52e-13      0.00 7.436e-01 2.496e-01 1.210e-03 3.307e-04 3.005e-03 -1.000 6.815e-03 3.614 3.523 3.708 3.199
0.007 -0.33541 8.87001 1.2633960247 2.5151191170    1.263  0.546  3.8474  4.335    1  0.000  0.537     0.00     0.00     0.00     0.00     0.00 -1 -1.66e-13      0.00 7.437e-01 2.494e-01 1.209e-03 3.305e-04 3.004e-03 -1.000 6.818e-03 3.406 3.318 3.486 3.020
0.007 -0.33541 8.87001 1.3121781349 2.5208292482    1.312  0.625  3.8600  4.322    1  0.000  0.537     0.00     0.00     0.00     0.00     0.00 -1 -1.77e-13      0.00 7.441e-01 2.491e-01 1.208e-03 3.302e-04 3.001e-03 -1.000 6.797e-03 3.206 3.123 3.271 2.854
0.007 -0.33541 8.87001 1.3141167164 2.5210461150    1.314  0.629  3.8606  4.322    1  0.000  0.537     0.00     0.00     0.00     0.00     0.00 -1 -1.77e-13      0.00 7.441e-01 2.491e-01 1.208e-03 3.302e-04 3.001e-03 -1.000 6.797e-03 3.199 3.115 3.263 2.848
0.007 -0.33541 8.87001 1.3609604836 2.5260712240    1.361  0.702  3.8743  4.319    1  0.000  0.537     0.00     0.00     0.00     0.00     0.00 -1 -1.82e-13      0.00 7.444e-01 2.488e-01 1.207e-03 3.299e-04 2.998e-03 -1.000 6.816e-03 3.015 2.938 3.065 2.704
0.007 -0.33541 8.87001 1.4097425938 2.5308981725    1.410  0.776  3.8890  4.319    1  0.000  0.537     0.00     0.00     0.00     0.00     0.00 -1 -1.81e-13      0.00 7.447e-01 2.485e-01 1.206e-03 3.295e-04 2.995e-03 -1.000 6.824e-03 2.831 2.763 2.869 2.565
0.007 -0.33541 8.87001 1.4243603945 2.5322707581    1.424  0.797  3.8932  4.319    1  0.000  0.537     0.00     0.00     0.00     0.00     0.00 -1 -1.79e-13      0.00 7.448e-01 2.484e-01 1.205e-03 3.294e-04 2.994e-03 -1.000 6.823e-03 2.777 2.712 2.813 2.525
0.007 -0.33541 8.87001 1.4585247040 2.5353556906    1.458  0.847  3.9026  4.317    1  0.000  0.537     0.00     0.00     0.00     0.00     0.00 -1 -1.74e-13      0.00 7.450e-01 2.482e-01 1.205e-03 3.292e-04 2.992e-03 -1.000 6.826e-03 2.653 2.597 2.684 2.433
0.007 -0.33541 8.87001 1.4875967503 2.5378528791    1.488  0.888  3.9099  4.314    1  0.000  0.537     0.00     0.00     0.00     0.00     0.00 -1 -1.66e-13      0.00 7.452e-01 2.480e-01 1.204e-03 3.290e-04 2.991e-03 -1.000 6.824e-03 2.550 2.502 2.579 2.356
0.007 -0.33541 8.87001 1.5073068142 2.5394830383    1.507  0.916  3.9145  4.311    1  0.000  0.537     0.00     0.00     0.00     0.00     0.00 -1 -1.61e-13      0.00 7.453e-01 2.479e-01 1.204e-03 3.289e-04 2.990e-03 -1.000 6.810e-03 2.481 2.439 2.510 2.305
0.007 -0.33541 8.87001 1.5138142109 2.5400105376    1.514  0.925  3.9159  4.309    1  0.000  0.537     0.00     0.00     0.00     0.00     0.00 -1 -1.58e-13      0.00 7.453e-01 2.479e-01 1.204e-03 3.289e-04 2.990e-03 -1.000 6.808e-03 2.459 2.419 2.487 2.289
0.007 -0.33541 8.87001 1.5560891628 2.5433142270    1.556  0.982  3.9246  4.299    1  0.000  0.536     0.00     0.00     0.00     0.00     0.00 -1  -1.4e-13      0.00 7.455e-01 2.477e-01 1.203e-03 3.288e-04 2.989e-03 -1.000 6.819e-03 2.316 2.289 2.346 2.181
0.007 -0.33541 8.87001 1.5639322996 2.5439046042    1.564  0.992  3.9261  4.296    1  0.000  0.536     0.00     0.00     0.00     0.00     0.00 -1 -1.33e-13      0.00 7.455e-01 2.477e-01 1.202e-03 3.287e-04 2.988e-03 -1.000 6.811e-03 2.290 2.266 2.321 2.161
0.007 -0.33541 8.87001 1.6048712730 2.5468787904    1.604  1.046  3.9334  4.283    1  0.000  0.537     0.00     0.00     0.00     0.00     0.00 -1 -1.06e-13      0.00 7.457e-01 2.476e-01 1.202e-03 3.286e-04 2.987e-03 -1.000 6.748e-03 2.155 2.146 2.191 2.059
0.007 -0.33541 8.87001 1.6536533833 2.5502025845    1.653  1.109  3.9413  4.264    1  0.000  0.536     0.00     0.00     0.00     0.00     0.00 -1 -3.88e-15      0.00 7.458e-01 2.474e-01 1.202e-03 3.285e-04 2.986e-03 -1.000 6.783e-03 1.998 2.008 2.044 1.938
0.007 -0.33541 8.87001 1.6745914221 2.5515610899    1.674  1.136  3.9444  4.256    1  0.000  0.537     0.00     0.00     0.00     0.00     0.00 -1 -7.03e-22      0.00 7.458e-01 2.474e-01 1.202e-03 3.285e-04 2.986e-03 -1.000 6.780e-03 1.931 1.950 1.983 1.886
0.007 -0.33541 8.87001 1.7024356127 2.5533082844    1.702  1.171  3.9482  4.243    1  0.000  0.537     0.00     0.00     0.00     0.00     0.00 -1    -1e-30      0.00 7.458e-01 2.474e-01 1.202e-03 3.285e-04 2.986e-03 -1.000 6.785e-03 1.843 1.873 1.902 1.817
0.007 -0.33541 8.87001 1.7093287706 2.5537307267    1.708  1.179  3.9492  4.240    1  0.000  0.537     0.00     0.00     0.00     0.00     0.00 -1    -1e-30      0.00 7.458e-01 2.474e-01 1.202e-03 3.285e-04 2.986e-03 -1.000 6.785e-03 1.822 1.854 1.882 1.800
0.007 -0.33541 8.87001 1.7467533350 2.5559575030    1.746  1.226  3.9537  4.220    1  0.000  0.537     0.00     0.00     0.00     0.00     0.00 -1    -1e-30      0.00 7.458e-01 2.474e-01 1.202e-03 3.285e-04 2.986e-03 -1.000 6.817e-03 1.704 1.750 1.774 1.705
0.007 -0.33541 8.87001 1.7512178421 2.5562158455    1.750  1.232  3.9542  4.218    1  0.000  0.537     0.00     0.00     0.00     0.00     0.00 -1    -1e-30      0.00 7.458e-01 2.474e-01 1.202e-03 3.285e-04 2.986e-03 -1.000 6.812e-03 1.690 1.738 1.761 1.693
0.007 -0.33541 8.87001 1.7816940546 2.5579396783    1.780  1.270  3.9574  4.200    1  0.000  0.537     0.00     0.00     0.00     0.00     0.00 -1    -1e-30      0.00 7.458e-01 2.474e-01 1.202e-03 3.285e-04 2.986e-03 -1.000 6.793e-03 1.594 1.652 1.673 1.614
0.007 -0.33541 8.87001 1.7999999523 2.5589429085    1.799  1.293  3.9591  4.188    1  0.000  0.537     0.00     0.00     0.00     0.00     0.00 -1    -1e-30      0.00 7.458e-01 2.474e-01 1.202e-03 3.285e-04 2.986e-03 -1.000 6.797e-03 1.536 1.600 1.619 1.565
0.007 -0.33541 8.87001 1.8160692453 2.5598044216    1.815  1.314  3.9606  4.178    1  0.000  0.537     0.00     0.00     0.00     0.00     0.00 -1    -1e-30      0.00 7.458e-01 2.474e-01 1.202e-03 3.285e-04 2.986e-03 -1.000 6.798e-03 1.486 1.555 1.572 1.522
0.007 -0.33541 8.87001 1.8487784863 2.5615049516    1.848  1.354  3.9632  4.155    1  0.000  0.537     0.00     0.00     0.00     0.00     0.00 -1    -1e-30      0.00 7.457e-01 2.475e-01 1.202e-03 3.286e-04 2.987e-03 -1.000 6.777e-03 1.384 1.462 1.477 1.434
0.007 -0.33541 8.87001 1.8605220318 2.5620987402    1.859  1.369  3.9640  4.146    1  0.000  0.537     0.00     0.00     0.00     0.00     0.00 -1    -1e-30      0.00 7.457e-01 2.475e-01 1.202e-03 3.286e-04 2.987e-03 -1.000 6.771e-03 1.347 1.428 1.442 1.401
0.007 -0.33541 8.87001 1.8972568512 2.5639017053    1.896  1.415  3.9656  4.115    1  0.000  0.537     0.00     0.00     0.00     0.00     0.00 -1    -1e-30      0.00 7.456e-01 2.476e-01 1.202e-03 3.286e-04 2.988e-03 -1.000 6.767e-03 1.233 1.319 1.331 1.295
0.007 -0.33541 8.87001 1.8975570202 2.5639161075    1.897  1.415  3.9656  4.115    1  0.000  0.537     0.00     0.00     0.00     0.00     0.00 -1    -1e-30      0.00 7.456e-01 2.476e-01 1.202e-03 3.286e-04 2.988e-03 -1.000 6.767e-03 1.232 1.318 1.331 1.294
0.007 -0.33541 8.87001 1.9104878902 2.5645315933    1.910  1.431  3.9660  4.103    1  0.000  0.537     0.00     0.00     0.00     0.00     0.00 -1    -1e-30      0.00 7.456e-01 2.476e-01 1.203e-03 3.287e-04 2.988e-03 -1.000 6.771e-03 1.191 1.279 1.291 1.256
0.007 -0.33541 8.87001 1.9463355541 2.5661888074    1.946  1.476  3.9661  4.067    1  0.000  0.537     0.00     0.00     0.00     0.00     0.00 -1    -1e-30      0.00 7.455e-01 2.477e-01 1.203e-03 3.289e-04 2.989e-03 -1.000 6.812e-03 1.079 1.167 1.178 1.145
0.007 -0.33541 8.87001 1.9748032093 2.5674556752    1.975  1.512  3.9655  4.036    1  0.000  0.537     0.00     0.00     0.00     0.00     0.00 -1    -1e-30      0.00 7.454e-01 2.478e-01 1.203e-03 3.289e-04 2.989e-03 -1.000 6.801e-03 0.991 1.076 1.087 1.053
0.007 -0.33541 8.87001 1.9951140881 2.5683341806    1.995  1.537  3.9646  4.011    1  0.000  0.537     0.00     0.00     0.00     0.00     0.00 -1    -1e-30      0.00 7.454e-01 2.478e-01 1.203e-03 3.289e-04 2.990e-03 -1.000 6.783e-03 0.928 1.009 1.020 0.986
0.007 -0.33541 8.87001 1.9997352362 2.5685311952    2.000  1.543  3.9644  4.006    1  0.000  0.537     0.00     0.00     0.00     0.00     0.00 -1    -1e-30      0.00 7.454e-01 2.478e-01 1.204e-03 3.289e-04 2.990e-03 -1.000 6.784e-03 0.914 0.994 1.005 0.970
0.007 -0.33541 8.87001 2.0333216190 2.5699322047    2.033  1.585  3.9610  3.957    1  0.000  0.537     0.00     0.00     0.00     0.00     0.00 -1    -1e-30      0.00 7.452e-01 2.480e-01 1.204e-03 3.291e-04 2.992e-03 -1.000 6.810e-03 0.808 0.875 0.889 0.848
0.007 -0.33541 8.87001 2.0438926220 2.5703622186    2.043  1.598  3.9593  3.940    1  0.000  0.537     0.00     0.00     0.00     0.00     0.00 -1    -1e-30      0.00 7.452e-01 2.480e-01 1.204e-03 3.292e-04 2.992e-03 -1.000 6.808e-03 0.775 0.836 0.850 0.806
0.007 -0.33541 8.87001 2.0663373470 2.5712584854    2.066  1.626  3.9557  3.902    1  0.000  0.537     0.00     0.00     0.00     0.00     0.00 -1    -1e-30      0.00 7.450e-01 2.482e-01 1.204e-03 3.293e-04 2.993e-03 -1.000 6.803e-03 0.705 0.753 0.770 0.719
0.007 -0.33541 8.87001 2.0926709175 2.5722819057    2.092  1.659  3.9500  3.852    1  0.000  0.537     0.00     0.00     0.00     0.00     0.00 -1    -1e-30      0.00 7.449e-01 2.483e-01 1.205e-03 3.294e-04 2.995e-03 -1.000 6.812e-03 0.624 0.650 0.672 0.608
0.007 -0.33541 8.87001 2.1027491093 2.5726657906    2.102  1.671  3.9475  3.832    1  0.000  0.537     0.00     0.00     0.00     0.00     0.00 -1    -1e-30      0.00 7.449e-01 2.483e-01 1.205e-03 3.295e-04 2.995e-03 -1.000 6.817e-03 0.593 0.611 0.634 0.565
0.007 -0.33541 8.87001 2.1253056526 2.5735098315    2.124  1.699  3.9397  3.777    1  0.000  0.537     0.00     0.00     0.00     0.00     0.00 -1    -1e-30      0.00 7.447e-01 2.484e-01 1.206e-03 3.296e-04 2.996e-03 -1.000 6.818e-03 0.523 0.516 0.546 0.458
0.007 -0.33541 8.87001 2.1414496899 2.5741013849    2.140  1.719  3.9334  3.735    1  0.000  0.537     0.00     0.00     0.00     0.00     0.00 -1    -1e-30      0.00 7.446e-01 2.485e-01 1.206e-03 3.297e-04 2.997e-03 -1.000 6.846e-03 0.473 0.449 0.484 0.380
0.007 -0.33541 8.87001 2.1588301659 2.5747268843    2.157  1.740  3.9257  3.687    1  0.000  0.537     0.00     0.00     0.00     0.00     0.00 -1    -1e-30      0.00 7.445e-01 2.487e-01 1.207e-03 3.298e-04 2.998e-03 -1.000 6.824e-03 0.420 0.377 0.420 0.294
0.007 -0.33541 8.87001 2.1749370098 2.5752962955    2.173  1.760  3.9172  3.636    1  0.000  0.537     0.00     0.00     0.00     0.00     0.00 -1    -1e-30      0.00 7.444e-01 2.488e-01 1.207e-03 3.300e-04 2.999e-03 -1.000 6.817e-03 0.370 0.309 0.360 0.208
0.007 -0.33541 8.87001 2.1902279854 2.5758279618    2.189  1.783  3.9112  3.592    1  0.000  0.537     0.00     0.00     0.00     0.00     0.00 -1    -1e-30      0.00 7.443e-01 2.489e-01 1.208e-03 3.301e-04 3.000e-03 -1.000 6.844e-03 0.312 0.239 0.297 0.125
0.007 -0.33541 8.87001 2.1956629753 2.5760148859    2.194  1.792  3.9091  3.576    1  0.000  0.537     0.00     0.00     0.00     0.00     0.00 -1    -1e-30      0.00 7.442e-01 2.489e-01 1.208e-03 3.301e-04 3.000e-03 -1.000 6.855e-03 0.291 0.214 0.275 0.096
0.007 -0.33541 8.87001 2.1960949898 2.5760296984    2.195  1.792  3.9091  3.575    1  0.000  0.537     0.00     0.00     0.00     0.00     0.00 -1    -1e-30      0.00 7.442e-01 2.489e-01 1.208e-03 3.301e-04 3.000e-03 -1.000 6.855e-03 0.289 0.212 0.273 0.094
0.007 -0.33541 8.87001 2.2003440857 2.5761750311    2.199  1.806  3.9137  3.580    1  0.000  0.537     0.00     0.00     0.00     0.00     0.00 -1    -1e-30      0.00 7.442e-01 2.490e-01 1.208e-03 3.301e-04 3.001e-03 -1.000 6.839e-03 0.254 0.185 0.240 0.078
0.007 -0.33541 8.87001 2.2056481838 2.5763555449    2.204  1.829  3.9237  3.599    1  0.000  0.537     0.00     0.00     0.00     0.00     0.00 -1    -1e-30      0.00 7.442e-01 2.490e-01 1.208e-03 3.302e-04 3.001e-03 -1.000 6.818e-03 0.197 0.147 0.190 0.062
0.007 -0.33541 8.87001 2.2072556019 2.5764100531    2.206  1.847  3.9345  3.625    1  0.000  0.537     0.00     0.00     0.00     0.00     0.00 -1    -1e-30      0.00 7.441e-01 2.490e-01 1.208e-03 3.302e-04 3.001e-03 -1.000 6.818e-03 0.153 0.129 0.161 0.066
0.007 -0.33541 8.87001 2.2080309391 2.5764363124    2.206  1.864  3.9452  3.650    1  0.000  0.537     0.00     0.00     0.00     0.00     0.00 -1    -1e-30      0.00 7.441e-01 2.490e-01 1.208e-03 3.302e-04 3.001e-03 -1.000 6.818e-03 0.109 0.117 0.140 0.072
0.007 -0.33541 8.87001 2.2084026337 2.5764488936    2.207  1.881  3.9541  3.670    1  0.000  0.537     0.00     0.00     0.00     0.00     0.00 -1    -1e-30      0.00 7.441e-01 2.490e-01 1.208e-03 3.302e-04 3.001e-03 -1.000 6.818e-03 0.069 0.107 0.122 0.075
0.007 -0.33541 8.87001 2.2086663246 2.5764578160    2.207  1.901  3.9640  3.689    1  0.000  0.537     0.00     0.00     0.00     0.00     0.00 -1    -1e-30      0.00 7.441e-01 2.491e-01 1.208e-03 3.302e-04 3.001e-03 -1.000 6.818e-03 0.017 0.092 0.100 0.074
0.007 -0.33541 8.87001 2.2088310719 2.5764633893    2.207  1.919  3.9721  3.703    1  0.000  0.537     0.00     0.00     0.00     0.00     0.00 -1    -1e-30      0.00 7.441e-01 2.491e-01 1.208e-03 3.302e-04 3.001e-03 -1.000 6.818e-03 -0.028 0.079 0.081 0.071
0.007 -0.33541 8.87001 2.2089033127 2.5764658329    2.207  1.924  3.9749  3.709    1  0.000  0.537     0.00     0.00     0.00     0.00     0.00 -1    -1e-30      0.00 7.441e-01 2.491e-01 1.208e-03 3.302e-04 3.001e-03 -1.000 6.818e-03 -0.041 0.078 0.079 0.074
0.007 -0.33541 8.87001 2.2089591026 2.5764677199    2.207  1.908  3.9714  3.712    2  0.000  0.537     0.00     0.00     0.00     0.00     0.00 -1    -1e-30      0.00 7.441e-01 2.491e-01 1.208e-03 3.302e-04 3.002e-03 -1.000 6.818e-03 0.001 0.105 0.109 0.097
0.007 -0.33541 8.87001 2.2090203762 2.5764697922    2.207  1.884  3.9644  3.708    2  0.000  0.537     0.00     0.00     0.00     0.00     0.00 -1    -1e-30      0.00 7.441e-01 2.491e-01 1.208e-03 3.302e-04 3.002e-03 -1.000 6.818e-03 0.060 0.137 0.145 0.119
0.007 -0.33541 8.87001 2.2090802193 2.5764718160    2.208  1.867  3.9558  3.690    2  0.000  0.537     0.00     0.00     0.00     0.00     0.00 -1    -1e-30      0.00 7.441e-01 2.491e-01 1.208e-03 3.302e-04 3.002e-03 -1.000 6.818e-03 0.102 0.147 0.161 0.117
0.007 -0.33541 8.87001 2.2091610432 2.5764745492    2.208  1.862  3.9445  3.650    2  0.000  0.537     0.00     0.00     0.00     0.00     0.00 -1    -1e-30      0.00 7.441e-01 2.491e-01 1.208e-03 3.302e-04 3.002e-03 -1.000 6.818e-03 0.115 0.121 0.144 0.075
0.007 -0.33541 8.87001 2.2092583179 2.5764778383    2.208  1.871  3.9329  3.594    2  0.000  0.537     0.00     0.00     0.00     0.00     0.00 -1    -1e-30      0.00 7.441e-01 2.491e-01 1.208e-03 3.302e-04 3.002e-03 -1.000 6.818e-03 0.092 0.063 0.096 -0.003
0.007 -0.33541 8.87001 2.2093744278 2.5764817639    2.208  1.884  3.9212  3.535    2  0.000  0.537     0.00     0.00     0.00     0.00     0.00 -1    -1e-30      0.00 7.441e-01 2.491e-01 1.208e-03 3.302e-04 3.002e-03 -1.000 6.818e-03 0.061 0.004 0.048 -0.084
0.007 -0.33541 8.87001 2.2095065117 2.5764862290    2.208  1.892  3.9094  3.479    2  0.000  0.537     0.00     0.00     0.00     0.00     0.00 -1    -1e-30      0.00 7.441e-01 2.491e-01 1.208e-03 3.302e-04 3.002e-03 -1.000 6.818e-03 0.039 -0.040 0.018 -0.154
0.007 -0.33541 8.87001 2.2096531391 2.5764911850    2.208  1.897  3.8976  3.427    2  0.000  0.537     0.00     0.00     0.00     0.00     0.00 -1    -1e-30      0.00 7.441e-01 2.491e-01 1.208e-03 3.302e-04 3.002e-03 -1.000 6.818e-03 0.028 -0.069 0.005 -0.212
0.007 -0.33541 8.87001 2.2098128796 2.5764965834    2.208  1.899  3.8857  3.378    2  0.000  0.537     0.00     0.00     0.00     0.00     0.00 -1    -1e-30      0.00 7.441e-01 2.491e-01 1.208e-03 3.302e-04 3.002e-03 -1.000 6.818e-03 0.023 -0.087 0.005 -0.260
0.007 -0.33541 8.87001 2.2099828720 2.5765023272    2.208  1.899  3.8737  3.330    2  0.000  0.537     0.00     0.00     0.00     0.00     0.00 -1    -1e-30      0.00 7.441e-01 2.491e-01 1.208e-03 3.302e-04 3.002e-03 -1.000 6.818e-03 0.023 -0.095 0.015 -0.299
0.007 -0.33541 8.87001 2.2101590633 2.5765082795    2.209  1.897  3.8617  3.284    2  0.000  0.537     0.00     0.00     0.00     0.00     0.00 -1    -1e-30      0.00 7.441e-01 2.491e-01 1.208e-03 3.303e-04 3.002e-03 -1.000 6.818e-03 0.028 -0.097 0.032 -0.333
0.007 -0.33541 8.87001 2.2103376389 2.5765143111    2.209  1.894  3.8496  3.239    2  0.000  0.537     0.00     0.00     0.00     0.00     0.00 -1    -1e-30      0.00 7.441e-01 2.491e-01 1.208e-03 3.303e-04 3.002e-03 -1.000 6.818e-03 0.036 -0.093 0.055 -0.359
0.007 -0.33541 8.87001 2.2105147839 2.5765202934    2.209  1.889  3.8376  3.195    2  0.000  0.537     0.00     0.00     0.00     0.00     0.00 -1    -1e-30      0.00 7.441e-01 2.491e-01 1.208e-03 3.303e-04 3.002e-03 -1.000 6.818e-03 0.047 -0.084 0.084 -0.380
0.007 -0.33541 8.87001 2.2106883526 2.5765261538    2.209  1.884  3.8257  3.153    2  0.000  0.537     0.00     0.00     0.00     0.00     0.00 -1    -1e-30      0.00 7.441e-01 2.491e-01 1.208e-03 3.303e-04 3.002e-03 -1.000 6.818e-03 0.060 -0.070 0.117 -0.396
0.007 -0.33541 8.87001 2.2108557224 2.5765318039    2.209  1.878  3.8143  3.114    2  0.000  0.537     0.00     0.00     0.00     0.00     0.00 -1    -1e-30      0.00 7.441e-01 2.491e-01 1.208e-03 3.303e-04 3.002e-03 -1.000 6.818e-03 0.076 -0.053 0.155 -0.407
0.007 -0.33541 8.87001 2.2110185623 2.5765373001    2.209  1.870  3.8036  3.079    2  0.000  0.537     0.00     0.00     0.00     0.00     0.00 -1    -1e-30      0.00 7.441e-01 2.491e-01 1.208e-03 3.303e-04 3.002e-03 -1.000 6.818e-03 0.094 -0.033 0.195 -0.413
0.007 -0.33541 8.87001 2.2111866474 2.5765429724    2.210  1.861  3.7937  3.048    2  0.000  0.537     0.00     0.00     0.00     0.00     0.00 -1    -1e-30      0.00 7.441e-01 2.491e-01 1.208e-03 3.303e-04 3.002e-03 -1.000 6.818e-03 0.117 -0.007 0.240 -0.411
0.007 -0.33541 8.87001 2.2113764286 2.5765493757    2.210  1.849  3.7841  3.022    2  0.000  0.537     0.00     0.00     0.00     0.00     0.00 -1    -1e-30      0.00 7.441e-01 2.491e-01 1.208e-03 3.303e-04 3.002e-03 -1.000 6.818e-03 0.148 0.029 0.294 -0.399
0.007 -0.33541 8.87001 2.2116193771 2.5765575710    2.210  1.829  3.7740  3.001    2  0.000  0.537     0.00     0.00     0.00     0.00     0.00 -1    -1e-30      0.00 7.441e-01 2.491e-01 1.208e-03 3.303e-04 3.002e-03 -1.000 6.818e-03 0.197 0.085 0.371 -0.368
0.007 -0.33541 8.87001 2.2118432522 2.5765651210    2.210  1.807  3.7657  2.990    2  0.000  0.537     0.00     0.00     0.00     0.00     0.00 -1    -1e-30      0.00 7.438e-01 2.494e-01 1.210e-03 3.306e-04 3.005e-03 -1.000 6.833e-03 0.253 0.148 0.451 -0.325
0.007 -0.33541 8.87001 2.2120847702 2.5765732641    2.211  1.777  3.7575  2.987    2  0.000  0.537     0.00     0.00     0.00     0.00     0.00 -1    -1e-30      0.00 7.423e-01 2.508e-01 1.216e-03 3.322e-04 3.019e-03 -1.000 6.859e-03 0.327 0.230 0.550 -0.261
0.007 -0.33541 8.87001 2.2122955322 2.5765803686    2.211  1.747  3.7506  2.990    2  0.000  0.537     0.00     0.00     0.00     0.00     0.00 -1    -1e-30      0.00 7.389e-01 2.542e-01 1.228e-03 3.356e-04 3.049e-03 -1.000 6.895e-03 0.403 0.313 0.647 -0.193
0.007 -0.33541 8.87001 2.2125465870 2.5765888292    2.211  1.710  3.7426  2.995    2  0.000  0.537     0.00     0.00     0.00     0.00     0.00 -1    -1e-30      0.00 7.363e-01 2.568e-01 1.238e-03 3.382e-04 3.072e-03 -1.000 6.999e-03 0.494 0.415 0.766 -0.109
0.007 -0.33541 8.87001 2.2127950191 2.5765971993    2.211  1.684  3.7348  2.990    2  0.000  0.537     0.00     0.00     0.00     0.00     0.00 -1    -1e-30      0.00 7.348e-01 2.581e-01 1.243e-03 3.395e-04 3.084e-03 -1.000 7.003e-03 0.561 0.493 0.860 -0.048
0.007 -0.33541 8.87001 2.2129814625 2.5766034794    2.211  1.673  3.7292  2.978    2  0.000  0.537     0.00     0.00     0.00     0.00     0.00 -1    -1e-30      0.00 7.341e-01 2.589e-01 1.246e-03 3.402e-04 3.091e-03 -1.000 7.019e-03 0.586 0.527 0.906 -0.027
0.007 -0.33541 8.87001 2.2131094933 2.5766077913    2.212  1.681  3.7258  2.957    2  0.000  0.537     0.00     0.00     0.00     0.00     0.00 -1    -1e-30      0.00 7.338e-01 2.592e-01 1.246e-03 3.405e-04 3.093e-03 -1.000 7.004e-03 0.568 0.514 0.900 -0.047
0.007 -0.33541 8.87001 2.2134292126 2.5766185564    2.212  1.710  3.7183  2.897    3  0.000  0.536     0.00     0.00     0.00     0.00     0.00 -1    -1e-30      0.00 7.330e-01 2.600e-01 1.244e-03 3.427e-04 3.098e-03 -1.000 7.010e-03 0.494 0.453 0.857 -0.124
0.007 -0.33541 8.87001 2.2136847973 2.5766271596    2.212  1.744  3.7135  2.845    3  0.000  0.524     0.00     0.00     0.00     0.00     0.00 -1    -1e-30      0.00 7.324e-01 2.606e-01 1.218e-03 3.617e-04 3.100e-03 -1.000 7.046e-03 0.411 0.380 0.794 -0.208
0.007 -0.33541 8.87001 2.2140038013 2.5766378942    2.212  1.787  3.7088  2.783    3  0.000  0.486     0.00     0.00     0.00     0.00     0.00 -1    -1e-30      0.00 7.315e-01 2.614e-01 1.129e-03 4.525e-04 3.102e-03 -1.000 7.074e-03 0.301 0.279 0.704 -0.318
0.007 -0.33541 8.87001 2.2143225670 2.5766486173    2.213  1.830  3.7049  2.724    3  0.000  0.441     0.00     0.00     0.00     0.00     0.00 -1    -1e-30      0.00 7.306e-01 2.623e-01 1.025e-03 5.761e-04 3.103e-03 -1.000 7.095e-03 0.195 0.181 0.614 -0.425
0.007 -0.33541 8.87001 2.2146408558 2.5766593208    2.213  1.873  3.7014  2.668    3  0.000  0.407     0.00     0.00     0.00     0.00     0.00 -1    -1e-30      0.00 7.296e-01 2.633e-01 9.474e-04 6.725e-04 3.104e-03 -1.000 7.108e-03 0.089 0.083 0.523 -0.530
0.007 -0.33541 8.87001 2.2149586678 2.5766700047    2.213  1.915  3.6981  2.612    3  0.000  0.385     0.00     0.00     0.00     0.00     0.00 -1    -1e-30      0.00 7.286e-01 2.642e-01 8.962e-04 7.365e-04 3.104e-03 -1.000 7.135e-03 -0.019 -0.016 0.433 -0.637
0.007 -0.33541 8.87001 2.2152762413 2.5766806771    2.214  1.959  3.6948  2.556    3  0.000  0.370     0.00     0.00     0.00     0.00     0.00 -1    -1e-30      0.00 7.277e-01 2.652e-01 8.608e-04 7.816e-04 3.106e-03 -1.000 7.152e-03 -0.127 -0.116 0.341 -0.744
0.007 -0.33541 8.87001 2.2153396606 2.5766828079    2.214  1.967  3.6942  2.544    3  0.000  0.367     0.00     0.00     0.00     0.00     0.00 -1    -1e-30      0.00 7.275e-01 2.654e-01 8.546e-04 7.898e-04 3.107e-03 -1.000 7.150e-03 -0.149 -0.136 0.322 -0.765
0.007 -0.33541 8.87001 2.2154741287 2.5766873255    2.214  1.986  3.6928  2.521    3  0.000  0.364     0.00     0.00     0.00     0.00     0.00 -1    -1e-30      0.00 7.267e-01 2.662e-01 8.450e-04 8.139e-04 3.095e-03 -1.000 7.126e-03 -0.195 -0.179 0.283 -0.811
0.007 -0.33541 8.87001 2.2156085968 2.5766918425    2.214  2.004  3.6915  2.497    3  0.000  0.362     0.00     0.00     0.00     0.00     0.00 -1    -1e-30      0.00 7.258e-01 2.671e-01 8.357e-04 8.394e-04 3.080e-03 -1.000 7.097e-03 -0.241 -0.222 0.244 -0.857
0.007 -0.33541 8.87001 2.2157313824 2.5766959664    2.214  2.021  3.6903  2.475    3  0.000  0.361     0.00     0.00     0.00     0.00     0.00 -1    -1e-30      0.00 7.248e-01 2.681e-01 8.284e-04 8.640e-04 3.063e-03 -1.000 7.116e-03 -0.283 -0.261 0.207 -0.899
0.007 -0.33541 8.87001 2.2160379887 2.5767062620    2.214  2.063  3.6874  2.422    3  0.000  0.359     0.00     0.00     0.00     0.00     0.00 -1    -1e-30      0.00 7.216e-01 2.713e-01 8.121e-04 9.250e-04 3.018e-03 -1.000 7.155e-03 -0.388 -0.358 0.119 -1.003
0.007 -0.33541 8.87001 2.2163443565 2.5767165464    2.215  2.105  3.6845  2.369    3  0.000  0.358     0.00     0.00     0.00     0.00     0.00 -1    -1e-30      0.00 7.178e-01 2.750e-01 7.988e-04 9.810e-04 2.972e-03 -1.000 7.133e-03 -0.492 -0.454 0.031 -1.106
0.007 -0.33541 8.87001 2.2166502476 2.5767268114    2.215  2.147  3.6816  2.315    3  0.000  0.358     0.00     0.00     0.00     0.00     0.00 -1    -1e-30      0.00 7.141e-01 2.788e-01 7.882e-04 1.027e-03 2.935e-03 -1.000 7.147e-03 -0.597 -0.551 -0.058 -1.210
0.007 -0.33541 8.87001 2.2169561386 2.5767370733    2.215  2.189  3.6787  2.261    3  0.000  0.358     0.00     0.00     0.00     0.00     0.00 -1    -1e-30      0.00 7.107e-01 2.822e-01 7.800e-04 1.063e-03 2.905e-03 -1.000 7.129e-03 -0.703 -0.648 -0.146 -1.314
0.007 -0.33541 8.87001 2.2172615528 2.5767473158    2.216  2.232  3.6756  2.206    3  0.000  0.358     0.00     0.00     0.00     0.00     0.00 -1    -1e-30      0.00 7.079e-01 2.850e-01 7.738e-04 1.090e-03 2.883e-03 -1.000 7.126e-03 -0.810 -0.746 -0.235 -1.419
0.007 -0.33541 8.87001 2.2175667286 2.5767575472    2.216  2.276  3.6725  2.150    3  0.000  0.357     0.00     0.00     0.00     0.00     0.00 -1    -1e-30      0.00 7.055e-01 2.874e-01 7.690e-04 1.111e-03 2.866e-03 -1.000 7.127e-03 -0.919 -0.844 -0.325 -1.526
0.007 -0.33541 8.87001 2.2178800106 2.5767680469    2.216  2.321  3.6692  2.092    3  0.000  0.357     0.00     0.00     0.00     0.00     0.00 -1    -1e-30      0.00 7.036e-01 2.893e-01 7.653e-04 1.128e-03 2.853e-03 -1.000 7.110e-03 -1.032 -0.947 -0.417 -1.636
0.007 -0.33541 8.87001 2.2181558609 2.5767772893    2.217  2.361  3.6662  2.039    3  0.000  0.357     0.00     0.00     0.00     0.00     0.00 -1    -1e-30      0.00 7.022e-01 2.907e-01 7.628e-04 1.139e-03 2.843e-03 -1.000 7.114e-03 -1.133 -1.037 -0.498 -1.734
0.007 -0.33541 8.87001 2.2184352875 2.5767866488    2.217  2.402  3.6631  1.986    3  0.000  0.357     0.00     0.00     0.00     0.00     0.00 -1    -1e-30      0.00 7.011e-01 2.918e-01 7.608e-04 1.148e-03 2.836e-03 -1.000 7.132e-03 -1.236 -1.130 -0.581 -1.834
0.007 -0.33541 8.87001 2.2187533379 2.5767972987    2.217  2.450  3.6595  1.924    3  0.000  0.357     0.00     0.00     0.00     0.00     0.00 -1    -1e-30      0.00 7.002e-01 2.926e-01 7.593e-04 1.154e-03 2.831e-03 -1.000 7.147e-03 -1.355 -1.236 -0.676 -1.950
0.007 -0.33541 8.87001 2.2190232277 2.5768063332    2.217  2.491  3.6563  1.870    3  0.000  0.357     0.00     0.00     0.00     0.00     0.00 -1    -1e-30      0.00 6.998e-01 2.931e-01 7.585e-04 1.158e-03 2.828e-03 -1.000 7.139e-03 -1.457 -1.326 -0.755 -2.048
0.007 -0.33541 8.87001 2.2193331718 2.5768167054    2.218  2.533  3.6531  1.815    3  0.000  0.357     5.41     3.93     2.90     2.15     1.75  4    -1e-30      0.00 6.996e-01 2.933e-01 7.581e-04 1.159e-03 2.827e-03 -1.000 7.120e-03 -1.563 -1.419 -0.838 -2.149
0.007 -0.33541 8.87001 2.2194075584 2.5768191943    2.218  2.543  3.6523  1.803    3  0.000  0.357     5.55     4.01     2.96     2.19     1.79  4    -1e-30      0.00 6.995e-01 2.934e-01 7.580e-04 1.160e-03 2.826e-03 -1.000 7.112e-03 -1.587 -1.440 -0.856 -2.171
0.007 -0.33541 8.87001 2.2194557190 2.5768208055    2.218  2.530  3.6533  1.819    4  0.000  0.357     0.00     0.00     0.00     0.00     0.00 -1    -1e-30      0.00 6.995e-01 2.934e-01 7.580e-04 1.160e-03 2.826e-03 -1.000 7.112e-03 -1.555 -1.412 -0.831 -2.140
0.007 -0.33541 8.87001 2.2195608616 2.5768243229    2.218  2.494  3.6562  1.867    4  0.000  0.357     0.00     0.00     0.00     0.00     0.00 -1    -1e-30      0.00 6.995e-01 2.934e-01 7.580e-04 1.160e-03 2.826e-03 -1.000 7.112e-03 -1.465 -1.333 -0.761 -2.055
0.007 -0.33541 8.87001 2.2196903229 2.5768286533    2.218  2.449  3.6597  1.925    4  0.000  0.357     0.00     0.00     0.00     0.00     0.00 -1    -1e-30      0.00 6.995e-01 2.934e-01 7.580e-04 1.160e-03 2.826e-03 -1.000 7.112e-03 -1.353 -1.235 -0.676 -1.948
0.007 -0.33541 8.87001 2.2198879719 2.5768352634    2.218  2.401  3.6635  1.989    4  0.000  0.357     0.00     0.00     0.00     0.00     0.00 -1    -1e-30      0.00 6.995e-01 2.934e-01 7.580e-04 1.160e-03 2.826e-03 -1.000 7.112e-03 -1.233 -1.128 -0.580 -1.832
0.007 -0.33541 8.87001 2.2201626301 2.5768444467    2.219  2.354  3.6671  2.050    4  0.000  0.357     0.00     0.00     0.00     0.00     0.00 -1    -1e-30      0.00 6.995e-01 2.934e-01 7.580e-04 1.160e-03 2.826e-03 -1.000 7.112e-03 -1.116 -1.023 -0.487 -1.718
0.007 -0.33541 8.87001 2.2204957008 2.5768555795    2.219  2.313  3.6703  2.104    4  0.000  0.357     0.00     0.00     0.00     0.00     0.00 -1    -1e-30      0.00 6.995e-01 2.934e-01 7.580e-04 1.160e-03 2.826e-03 -1.000 7.112e-03 -1.014 -0.932 -0.406 -1.619
0.007 -0.33541 8.87001 2.2209603786 2.5768711049    2.219  2.269  3.6737  2.162    4  0.000  0.357     0.00     0.00     0.00     0.00     0.00 -1    -1e-30      0.00 6.995e-01 2.934e-01 7.580e-04 1.160e-03 2.826e-03 -1.000 7.113e-03 -0.902 -0.832 -0.316 -1.510
0.007 -0.33541 8.87001 2.2214159966 2.5768863203    2.220  2.225  3.6770  2.220    4  0.000  0.357     0.00     0.00     0.00     0.00     0.00 -1    -1e-30      0.00 6.995e-01 2.934e-01 7.580e-04 1.160e-03 2.826e-03 -1.000 7.113e-03 -0.792 -0.732 -0.225 -1.402
0.007 -0.33541 8.87001 2.2217750549 2.5768983061    2.220  2.186  3.6799  2.270    4  0.000  0.357     0.00     0.00     0.00     0.00     0.00 -1    -1e-30      0.00 6.995e-01 2.934e-01 7.580e-04 1.160e-03 2.826e-03 -1.000 7.113e-03 -0.695 -0.644 -0.146 -1.307
0.007 -0.33541 8.87001 2.2221148014 2.5769096431    2.220  2.148  3.6828  2.320    4  0.000  0.357     0.00     0.00     0.00     0.00     0.00 -1    -1e-30      0.00 6.995e-01 2.934e-01 7.580e-04 1.161e-03 2.826e-03 -1.000 7.114e-03 -0.600 -0.557 -0.067 -1.214
0.007 -0.33541 8.87001 2.2224631310 2.5769212623    2.221  2.110  3.6856  2.369    4  0.000  0.357     0.00     0.00     0.00     0.00     0.00 -1    -1e-30      0.00 6.995e-01 2.934e-01 7.579e-04 1.161e-03 2.826e-03 -1.000 7.114e-03 -0.506 -0.471 0.011 -1.120
0.007 -0.33541 8.87001 2.2228331566 2.5769336007    2.221  2.072  3.6884  2.418    4  0.000  0.357     0.00     0.00     0.00     0.00     0.00 -1    -1e-30      0.00 6.995e-01 2.934e-01 7.579e-04 1.161e-03 2.825e-03 -1.000 7.114e-03 -0.411 -0.384 0.090 -1.027
0.007 -0.33541 8.87001 2.2232313156 2.5769468720    2.222  2.034  3.6912  2.467    4  0.000  0.357     0.00     0.00     0.00     0.00     0.00 -1    -1e-30      0.00 6.995e-01 2.934e-01 7.579e-04 1.161e-03 2.825e-03 -1.000 7.114e-03 -0.316 -0.296 0.170 -0.932
0.007 -0.33541 8.87001 2.2236735821 2.5769616070    2.222  1.996  3.6941  2.517    4  0.000  0.357     0.00     0.00     0.00     0.00     0.00 -1    -1e-30      0.00 6.995e-01 2.934e-01 7.579e-04 1.161e-03 2.825e-03 -1.000 7.115e-03 -0.220 -0.207 0.252 -0.836
0.007 -0.33541 8.87001 2.2241775990 2.5769783911    2.223  1.958  3.6969  2.567    4  0.000  0.357     0.00     0.00     0.00     0.00     0.00 -1    -1e-30      0.00 6.995e-01 2.934e-01 7.579e-04 1.161e-03 2.825e-03 -1.000 7.115e-03 -0.124 -0.119 0.333 -0.742
0.007 -0.33541 8.87001 2.2247774601 2.5769983555    2.223  1.920  3.6998  2.617    4  0.000  0.357     0.00     0.00     0.00     0.00     0.00 -1    -1e-30      0.00 6.995e-01 2.934e-01 7.579e-04 1.161e-03 2.825e-03 -1.000 7.115e-03 -0.029 -0.031 0.414 -0.647
0.007 -0.33541 8.87001 2.2258136272 2.5770328117    2.224  1.867  3.7040  2.686    4  0.000  0.357     0.00     0.00     0.00     0.00     0.00 -1    -1e-30      0.00 6.994e-01 2.934e-01 7.578e-04 1.161e-03 2.825e-03 -1.000 7.116e-03 0.102 0.090 0.525 -0.517
0.007 -0.33541 8.87001 2.2271208763 2.5770762298    2.225  1.824  3.7080  2.745    4  0.000  0.357     0.00     0.00     0.00     0.00     0.00 -1    -1e-30      0.00 6.994e-01 2.935e-01 7.578e-04 1.162e-03 2.824e-03 -1.000 7.117e-03 0.210 0.190 0.616 -0.409
0.007 -0.33541 8.87001 2.2290592194 2.5771405008    2.227  1.788  3.7122  2.798    4  0.000  0.357     0.00     0.00     0.00     0.00     0.00 -1    -1e-30      0.00 6.994e-01 2.935e-01 7.577e-04 1.162e-03 2.824e-03 -1.000 7.118e-03 0.299 0.270 0.686 -0.321
0.007 -0.33541 8.87001 2.2320084572 2.5772380446    2.230  1.766  3.7164  2.838    4  0.000  0.357     0.00     0.00     0.00     0.00     0.00 -1    -1e-30      0.00 6.994e-01 2.935e-01 7.576e-04 1.163e-03 2.823e-03 -1.000 7.120e-03 0.356 0.319 0.726 -0.263
0.007 -0.33541 8.87001 2.2390067577 2.5774683258    2.238  1.778  3.7164  2.827    4  0.000  0.358     0.00     0.00     0.00     0.00     0.00 -1    -1e-30      0.00 6.993e-01 2.936e-01 7.574e-04 1.165e-03 2.821e-03 -1.000 7.125e-03 0.325 0.288 0.695 -0.294
0.007 -0.33541 8.87001 2.2489235401 2.5777918197    2.247  1.796  3.7163  2.811    5  0.000  0.358     0.00     0.00     0.00     0.00     0.00 -1    -1e-30      0.00 6.992e-01 2.937e-01 7.568e-04 1.167e-03 2.819e-03 -1.000 7.119e-03 0.280 0.242 0.650 -0.339
0.007 -0.33541 8.87001 2.2727122307 2.5785546091    2.271  1.842  3.7166  2.771    5  0.000  0.358     0.00     0.00     0.00     0.00     0.00 -1    -1e-30      0.00 6.990e-01 2.938e-01 7.555e-04 1.173e-03 2.815e-03 -1.000 7.103e-03 0.165 0.127 0.534 -0.454
0.007 -0.33541 8.87001 2.2877850533 2.5790284923    2.286  1.873  3.7166  2.742    5  0.000  0.357     0.00     0.00     0.00     0.00     0.00 -1    -1e-30      0.00 6.989e-01 2.940e-01 7.546e-04 1.176e-03 2.812e-03 -1.000 7.094e-03 0.087 0.049 0.456 -0.532
0.007 -0.33541 8.87001 2.3061769009 2.5795970858    2.305  1.913  3.7165  2.705    5  0.000  0.357     0.00     0.00     0.00     0.00     0.00 -1    -1e-30      0.00 6.989e-01 2.940e-01 7.542e-04 1.178e-03 2.811e-03 -1.000 7.116e-03 -0.013 -0.051 0.356 -0.632
0.007 -0.33541 8.87001 2.3314158916 2.5803605945    2.330  1.970  3.7158  2.651    5  0.000  0.357     0.00     0.00     0.00     0.00     0.00 -1    -1e-30      0.00 6.988e-01 2.941e-01 7.538e-04 1.180e-03 2.809e-03 -1.000 7.146e-03 -0.154 -0.191 0.217 -0.773
0.007 -0.33541 8.87001 2.3365635872 2.5805139911    2.335  1.981  3.7156  2.640    5  0.000  0.357     0.00     0.00     0.00     0.00     0.00 -1    -1e-30      0.00 6.988e-01 2.941e-01 7.537e-04 1.180e-03 2.809e-03 -1.000 7.152e-03 -0.183 -0.219 0.190 -0.801
0.007 -0.33541 8.87001 2.3516509533 2.5809591352    2.350  2.015  3.7145  2.605    5  0.000  0.357     0.00     0.00     0.00     0.00     0.00 -1    -1e-30      0.00 6.987e-01 2.942e-01 7.529e-04 1.184e-03 2.806e-03 -1.000 7.149e-03 -0.267 -0.301 0.110 -0.886
0.007 -0.33541 8.87001 2.3581774235 2.5811496665    2.357  2.028  3.7135  2.588    6  0.000  0.357     0.00     0.00     0.00     0.00     0.00 -1    -1e-30      0.00 6.986e-01 2.942e-01 7.526e-04 1.185e-03 2.805e-03 -1.000 7.148e-03 -0.301 -0.332 0.081 -0.920
0.007 -0.33541 8.87001 2.3776056767 2.5817097343    2.376  2.072  3.7075  2.524    6  0.000  0.357     0.00     0.00     0.00     0.00     0.00 -1    -1e-30      0.00 6.985e-01 2.944e-01 7.517e-04 1.190e-03 2.801e-03 -1.000 7.144e-03 -0.410 -0.430 -0.003 -1.030
0.007 -0.33541 8.87001 2.3831946850 2.5818689077    2.382  2.084  3.7065  2.509    6  0.000  0.357     0.00     0.00     0.00     0.00     0.00 -1    -1e-30      0.00 6.985e-01 2.944e-01 7.514e-04 1.191e-03 2.800e-03 -1.000 7.143e-03 -0.440 -0.457 -0.028 -1.059
0.007 -0.33541 8.87001 2.3853423595 2.5819298447    2.384  2.096  3.7040  2.488    6  0.000  0.357     0.00     0.00     0.00     0.00     0.00 -1    -1e-30      0.00 6.985e-01 2.944e-01 7.513e-04 1.192e-03 2.799e-03 -1.000 7.142e-03 -0.470 -0.482 -0.047 -1.089
0.007 -0.33541 8.87001 2.3878664970 2.5820013022    2.387  2.111  3.7009  2.461    6  0.000  0.357     0.00     0.00     0.00     0.00     0.00 -1    -1e-30      0.00 6.984e-01 2.944e-01 7.512e-04 1.192e-03 2.799e-03 -1.000 7.142e-03 -0.507 -0.512 -0.070 -1.127
0.007 -0.33541 8.87001 2.3890237808 2.5820340065    2.388  2.148  3.6958  2.403    6  0.000  0.357     0.00     0.00     0.00     0.00     0.00 -1    -1e-30      0.00 6.984e-01 2.944e-01 7.512e-04 1.192e-03 2.799e-03 -1.000 7.142e-03 -0.600 -0.592 -0.136 -1.219
0.007 -0.33541 8.87001 2.3894186020 2.5820451556    2.388  2.190  3.6911  2.342    6  0.000  0.357     0.00     0.00     0.00     0.00     0.00 -1    -1e-30      0.00 6.984e-01 2.944e-01 7.512e-04 1.192e-03 2.799e-03 -1.000 7.142e-03 -0.706 -0.687 -0.219 -1.325
0.007 -0.33541 8.87001 2.3895649910 2.5820492883    2.388  2.232  3.6870  2.284    6  0.000  0.358     0.00     0.00     0.00     0.00     0.00 -1    -1e-30      0.00 6.984e-01 2.944e-01 7.512e-04 1.192e-03 2.799e-03 -1.000 7.142e-03 -0.811 -0.781 -0.302 -1.428
0.007 -0.33541 8.87001 2.3896045685 2.5820504055    2.388  2.251  3.6853  2.258    6  0.000  0.358     0.00     0.00     0.00     0.00     0.00 -1    -1e-30      0.00 6.984e-01 2.944e-01 7.512e-04 1.192e-03 2.799e-03 -1.000 7.142e-03 -0.859 -0.824 -0.340 -1.475
0.007 -0.33541 8.87001 2.3896286488 2.5820510853    2.389  2.268  3.6838  2.236    7  0.000  0.358     0.00     0.00     0.00     0.00     0.00 -1    -1e-30      0.00 6.984e-01 2.944e-01 7.512e-04 1.192e-03 2.799e-03 -1.000 7.142e-03 -0.900 -0.861 -0.372 -1.515
0.007 -0.33541 8.87001 2.3896787167 2.5820524985    2.389  2.303  3.6808  2.188    7  0.000  0.358     0.00     0.00     0.00     0.00     0.00 -1    -1e-30      0.00 6.984e-01 2.944e-01 7.512e-04 1.192e-03 2.799e-03 -1.000 7.142e-03 -0.988 -0.941 -0.444 -1.603
0.007 -0.33541 8.87001 2.3897976875 2.5820558564    2.389  2.322  3.6792  2.163    7  0.000  0.358     0.00     0.00     0.00     0.00     0.00 -1    -1e-30      0.00 6.984e-01 2.944e-01 7.512e-04 1.192e-03 2.799e-03 -1.000 7.142e-03 -1.036 -0.984 -0.483 -1.650
0.007 -0.33541 8.87001 2.3900995255 2.5820643739    2.389  2.299  3.6813  2.194    7  0.000  0.358     0.00     0.00     0.00     0.00     0.00 -1 -2.15e-29      0.00 6.984e-01 2.944e-01 7.512e-04 1.192e-03 2.799e-03 -1.000 7.155e-03 -0.977 -0.931 -0.436 -1.592
0.007 -0.33541 8.87001 2.3922677040 2.5821254843    2.391  2.320  3.6795  2.166    7  0.000  0.358     0.00     0.00     0.00     0.00     0.00 -1 -1.42e-13      0.00 6.984e-01 2.943e-01 7.512e-04 1.193e-03 2.798e-03 -1.000 7.313e-03 -1.030 -0.979 -0.478 -1.644
0.007 -0.33541 8.87001 2.3930745125 2.5821481918    2.392  2.359  3.6762  2.115    7  0.000  0.358     0.00     0.00     0.00     0.00     0.00 -1 -8.48e-11      0.00 6.984e-01 2.942e-01 7.512e-04 1.193e-03 2.798e-03 -1.000 7.339e-03 -1.127 -1.065 -0.555 -1.738
0.007 -0.33541 8.87001 2.3938117027 2.5821689245    2.392  2.411  3.6719  2.045    7  0.000  0.358     0.00     0.00     0.00     0.00     0.00 -1 -1.76e-10      0.00 6.984e-01 2.942e-01 7.512e-04 1.193e-03 2.798e-03 -1.000 7.341e-03 -1.258 -1.182 -0.659 -1.866
0.007 -0.33541 8.87001 2.3944287300 2.5821862664    2.393  2.464  3.6674  1.975    7  0.000  0.358     0.00     0.00     0.00     0.00     0.00 -1 -2.33e-10      0.00 6.984e-01 2.942e-01 7.511e-04 1.193e-03 2.798e-03 -1.000 7.341e-03 -1.389 -1.298 -0.762 -1.993
0.007 -0.33541 8.87001 2.3949694633 2.5822014557    2.393  2.509  3.6636  1.915    7  0.000  0.358     4.62     3.34     2.49     1.83     1.49  4  -2.9e-10      0.00 6.984e-01 2.942e-01 7.511e-04 1.193e-03 2.798e-03 -1.000 7.341e-03 -1.501 -1.398 -0.850 -2.102
0.007 -0.33541 8.87001 2.3954503536 2.5822149573    2.394  2.552  3.6600  1.857    7  0.000  0.358     5.18     3.71     2.75     2.03     1.65  4 -3.59e-10      0.00 6.984e-01 2.942e-01 7.511e-04 1.193e-03 2.798e-03 -1.000 7.341e-03 -1.610 -1.495 -0.934 -2.207
0.007 -0.33541 8.87001 2.3958754539 2.5822268873    2.394  2.595  3.6547  1.793    7  0.000  0.358     5.87     4.16     3.07     2.27     1.85  4 -4.43e-10      0.00 6.984e-01 2.942e-01 7.511e-04 1.193e-03 2.798e-03 -1.000 7.341e-03 -1.717 -1.580 -1.003 -2.305
0.007 -0.33541 8.87001 2.3962557316 2.5822375553    2.394  2.637  3.6505  1.734    7  0.000  0.358     6.60     4.63     3.40     2.52     2.05  4 -5.46e-10      0.00 6.984e-01 2.942e-01 7.511e-04 1.193e-03 2.798e-03 -1.000 7.369e-03 -1.823 -1.670 -1.080 -2.405
0.007 -0.33541 8.87001 2.3965051174 2.5822445493    2.394  2.668  3.6471  1.689    7  0.000  0.357     7.20     5.02     3.67     2.72     2.22  4 -6.39e-10      0.00 6.984e-01 2.942e-01 7.509e-04 1.193e-03 2.798e-03 -1.000 7.368e-03 -1.900 -1.732 -1.131 -2.475
0.007 -0.33541 8.87001 2.3968095779 2.5822530855    2.394  2.709  3.6439  1.636    7  0.000  0.357     8.00     5.53     4.03     2.99     2.44  4 -7.79e-10      0.00 6.984e-01 2.942e-01 7.505e-04 1.194e-03 2.798e-03 -1.000 7.368e-03 -2.002 -1.819 -1.208 -2.570
0.007 -0.33541 8.87001 2.3970882893 2.5822608977    2.395  2.750  3.6406  1.582    7  0.000  0.357     8.89     6.10     4.42     3.28     2.68  4  -9.5e-10      0.00 6.984e-01 2.942e-01 7.495e-04 1.195e-03 2.798e-03 -1.000 7.368e-03 -2.104 -1.906 -1.285 -2.664
0.007 -0.33541 8.87001 2.3973457813 2.5822681132    2.395  2.790  3.6373  1.528    7  0.000  0.356     9.88     6.72     4.85     3.61     2.95  4 -1.15e-09      0.00 6.984e-01 2.942e-01 7.481e-04 1.196e-03 2.798e-03 -1.000 7.368e-03 -2.206 -1.991 -1.359 -2.756
0.007 -0.33541 8.87001 2.3975858688 2.5822748394    2.395  2.831  3.6341  1.475    7  0.000  0.355    10.98     7.41     5.32     3.97     3.24  4  -1.4e-09      0.00 6.984e-01 2.942e-01 7.465e-04 1.198e-03 2.798e-03 -1.000 7.368e-03 -2.307 -2.075 -1.432 -2.849
0.007 -0.33541 8.87001 2.3978097439 2.5822811099    2.394  2.871  3.6308  1.421    7  0.000  0.355    12.19     8.15     5.83     4.35     3.55  4 -1.71e-09      0.00 6.984e-01 2.942e-01 7.451e-04 1.200e-03 2.798e-03 -1.000 7.368e-03 -2.408 -2.159 -1.504 -2.942
0.007 -0.33541 8.87001 2.3980195522 2.5822869853    2.394  2.911  3.6276  1.369    7  0.000  0.354    13.52     8.97     6.39     4.78     3.90  4 -2.05e-09      0.00 6.984e-01 2.942e-01 7.439e-04 1.202e-03 2.798e-03 -1.000 7.367e-03 -2.507 -2.240 -1.572 -3.032
0.007 -0.33541 8.87001 2.3982183933 2.5822925525    2.394  2.950  3.6243  1.316    7  0.000  0.354    14.99     9.86     6.99     5.23     4.28  4 -2.49e-09      0.00 6.984e-01 2.942e-01 7.428e-04 1.203e-03 2.798e-03 -1.000 7.366e-03 -2.605 -2.320 -1.638 -3.121
0.007 -0.33541 8.87001 2.3984093666 2.5822978983    2.394  2.989  3.6211  1.264    7  0.000  0.353    16.59    10.83     7.64     5.73     4.68  4    -3e-09      0.00 6.984e-01 2.942e-01 7.419e-04 1.204e-03 2.797e-03 -1.000 7.365e-03 -2.702 -2.399 -1.704 -3.209
0.007 -0.33541 8.87001 2.3985967636 2.5823031431    2.394  3.028  3.6178  1.213    7  0.000  0.353    18.35    11.89     8.36     6.27     5.13  4 -3.58e-09      0.00 6.984e-01 2.942e-01 7.411e-04 1.205e-03 2.797e-03 -1.000 7.367e-03 -2.799 -2.476 -1.767 -3.295
0.007 -0.33541 8.87001 2.3987860680 2.5823084404    2.393  3.066  3.6145  1.161    7  0.000  0.352    20.31    13.05     9.13     6.87     5.61  4 -4.27e-09      0.00 6.984e-01 2.942e-01 7.404e-04 1.206e-03 2.797e-03 -1.000 7.369e-03 -2.895 -2.551 -1.828 -3.380
0.007 -0.33541 8.87001 2.3989825249 2.5823139367    2.393  3.104  3.6112  1.110    7  0.000  0.352    22.48    14.32     9.98     7.52     6.15  4 -5.14e-09      0.00 6.984e-01 2.942e-01 7.399e-04 1.207e-03 2.797e-03 -1.000 7.369e-03 -2.990 -2.626 -1.888 -3.464
0.007 -0.33541 8.87001 2.3991792202 2.5823194387    2.392  3.144  3.6078  1.056    7  0.000  0.352    24.96    15.77    10.95     8.25     6.75  4 -6.19e-09      0.00 6.984e-01 2.942e-01 7.394e-04 1.208e-03 2.796e-03 -1.000 7.370e-03 -3.089 -2.703 -1.949 -3.551
0.007 -0.33541 8.87001 2.3993051052 2.5823229595    2.391  3.182  3.6045  1.005    7  0.000  0.352    27.59    17.30    11.96     9.03     7.38  4 -7.33e-09      0.00 6.984e-01 2.942e-01 7.390e-04 1.208e-03 2.796e-03 -1.000 7.371e-03 -3.184 -2.775 -2.006 -3.633
0.007 -0.33541 8.87001 2.3993756771 2.5823249330    2.391  3.214  3.6017  0.961    7  0.000  0.352    30.11    18.75    12.91     9.76     7.98  4 -8.53e-09      0.00 6.984e-01 2.942e-01 7.387e-04 1.208e-03 2.796e-03 -1.000 7.372e-03 -3.266 -2.837 -2.053 -3.705
0.007 -0.33541 8.87001 2.3994390965 2.5823267065    2.390  3.250  3.5986  0.913    7  0.000  0.352    33.06    20.43    14.02    10.61     8.68  4 -9.99e-09      0.00 6.984e-01 2.942e-01 7.385e-04 1.209e-03 2.796e-03 -1.000 7.372e-03 -3.354 -2.903 -2.102 -3.780
0.007 -0.33541 8.87001 2.3995008469 2.5823284331    2.390  3.286  3.5954  0.864    7  0.000  0.352    36.40    22.32    15.25    11.56     9.46  3 -1.18e-08      0.00 6.984e-01 2.942e-01 7.384e-04 1.209e-03 2.796e-03 -1.000 7.372e-03 -3.445 -2.969 -2.150 -3.857
0.007 -0.33541 8.87001 2.3995618820 2.5823301397    2.389  3.322  3.5920  0.814    7  0.000  0.352    40.17    24.44    16.63    12.62    10.33  3  -1.4e-08      0.00 6.984e-01 2.942e-01 7.384e-04 1.209e-03 2.796e-03 -1.000 7.372e-03 -3.536 -3.035 -2.196 -3.934
0.007 -0.33541 8.87001 2.3996267319 2.5823319528    2.388  3.360  3.5885  0.762    7  0.000  0.352    44.45    26.83    18.18    13.82    11.31  3 -1.66e-08      0.00 6.984e-01 2.942e-01 7.384e-04 1.209e-03 2.796e-03 -1.000 7.372e-03 -3.630 -3.100 -2.241 -4.012
0.007 -0.33541 8.87001 2.3996970654 2.5823339191    2.387  3.397  3.5851  0.711    7  0.000  0.352    49.12    29.41    19.85    15.10    12.37  3 -1.96e-08      0.00 6.984e-01 2.942e-01 7.384e-04 1.209e-03 2.796e-03 -1.000 7.372e-03 -3.722 -3.163 -2.280 -4.088
0.007 -0.33541 8.87001 2.3997712135 2.5823359918    2.386  3.433  3.5816  0.661    7  0.000  0.352    54.27    32.24    21.67    16.51    13.52  3 -2.31e-08      0.00 6.984e-01 2.942e-01 7.384e-04 1.209e-03 2.796e-03 -1.000 7.372e-03 -3.813 -3.224 -2.318 -4.162
0.007 -0.33541 8.87001 2.3997833729 2.5823363317    2.386  3.449  3.5801  0.638    7  0.000  0.352    56.67    33.55    22.51    17.16    14.06  3 -2.47e-08      0.00 6.984e-01 2.942e-01 7.384e-04 1.209e-03 2.796e-03 -1.000 7.372e-03 -3.854 -3.251 -2.336 -4.194
0.007 -0.33541 8.87001 2.3997926712 2.5823365917    2.385  3.464  3.5786  0.618    7  0.000  0.352    59.01    34.82    23.32    17.79    14.58  3 -2.65e-08      0.00 6.984e-01 2.942e-01 7.384e-04 1.209e-03 2.796e-03 -1.000 7.372e-03 -3.890 -3.273 -2.346 -4.223
0.007 -0.33541 8.87001 2.3998036385 2.5823368982    2.385  3.480  3.5770  0.596    7  0.000  0.352    61.63    36.24    24.23    18.49    15.15  3 -2.83e-08      0.00 6.984e-01 2.942e-01 7.384e-04 1.209e-03 2.796e-03 -1.000 7.372e-03 -3.930 -3.297 -2.357 -4.253
0.007 -0.33541 8.87001 2.3998255730 2.5823375113    2.385  3.497  3.5754  0.572    7  0.000  0.352    64.59    37.84    25.25    19.29    15.80  3 -3.05e-08      0.00 6.984e-01 2.942e-01 7.384e-04 1.209e-03 2.796e-03 -1.000 7.372e-03 -3.973 -3.322 -2.368 -4.286
0.007 -0.33541 8.87001 2.3998274803 2.5823375647    2.385  3.455  3.5794  0.630    7  0.000  0.352    57.57    34.04    22.82    17.40    14.26  3 -2.54e-08      0.00 6.984e-01 2.942e-01 7.384e-04 1.209e-03 2.796e-03 -1.000 7.372e-03 -3.867 -3.258 -2.338 -4.204
0.007 -0.33541 8.87001 2.3998277187 2.5823375713    2.385  3.485  3.5765  0.588    7  0.000  0.352    62.56    36.74    24.55    18.74    15.36  3 -2.91e-08      0.00 6.984e-01 2.942e-01 7.384e-04 1.209e-03 2.796e-03 -1.000 7.372e-03 -3.944 -3.305 -2.360 -4.264
0.007 -0.33541 8.87001 2.3998279572 2.5823375780    2.385  3.529  3.5719  0.526    7  0.000  0.352    70.73    41.13    27.34    20.91    17.14  3 -3.51e-08      0.00 6.984e-01 2.942e-01 7.384e-04 1.209e-03 2.796e-03 -1.000 7.372e-03 -4.053 -3.368 -2.384 -4.346
0.007 -0.33541 8.87001 2.3998281956 2.5823375847    2.385  3.533  3.5715  0.521    7  0.000  0.352    71.38    41.48    27.56    21.08    17.28  3 -3.56e-08      0.00 6.984e-01 2.942e-01 7.384e-04 1.209e-03 2.796e-03 -1.000 7.372e-03 -4.061 -3.372 -2.386 -4.352
0.007 -0.33541 8.87001 2.3998284340 2.5823375913    2.385  3.502  3.5748  0.564    7  0.000  0.352    65.55    38.36    25.58    19.54    16.01  3 -3.12e-08      0.00 6.984e-01 2.942e-01 7.384e-04 1.209e-03 2.796e-03 -1.000 7.372e-03 -3.986 -3.330 -2.371 -4.296
0.007 -0.33541 8.87001 2.3998286724 2.5823375980    2.385  3.482  3.5769  0.593    7  0.000  0.352    61.94    36.41    24.34    18.58    15.22  3 -2.86e-08      0.00 6.984e-01 2.942e-01 7.384e-04 1.209e-03 2.796e-03 -1.000 7.372e-03 -3.934 -3.299 -2.357 -4.257
0.007 -0.33541 8.87001 2.3998289108 2.5823376046    2.385  3.472  3.5779  0.607    7  0.000  0.352    60.26    35.49    23.75    18.13    14.85  3 -2.74e-08      0.00 6.984e-01 2.942e-01 7.384e-04 1.209e-03 2.796e-03 -1.000 7.372e-03 -3.909 -3.284 -2.351 -4.237
0.007 -0.33541 8.87001 2.3998291492 2.5823376113    2.385  3.484  3.5766  0.589    7  0.000  0.352    62.40    36.66    24.50    18.70    15.32  3  -2.9e-08      0.00 6.984e-01 2.942e-01 7.384e-04 1.209e-03 2.796e-03 -1.000 7.372e-03 -3.941 -3.304 -2.359 -4.262
0.007 -0.33541 8.87001 2.3998293877 2.5823376180    2.384  3.496  3.5754  0.573    7  0.000  0.352    64.43    37.75    25.19    19.24    15.77  3 -3.05e-08      0.00 6.984e-01 2.942e-01 7.384e-04 1.209e-03 2.796e-03 -1.000 7.372e-03 -3.970 -3.321 -2.367 -4.284
0.007 -0.33541 8.87001 2.3998298645 2.5823376313    2.384  3.489  3.5761  0.582    7  0.000  0.352    63.28    37.13    24.80    18.93    15.52  3 -2.96e-08      0.00 6.984e-01 2.942e-01 7.384e-04 1.209e-03 2.796e-03 -1.000 7.372e-03 -3.954 -3.311 -2.362 -4.272
0.007 -0.33541 8.87001 2.3998301029 2.5823376380    2.384  3.479  3.5771  0.597    7  0.000  0.352    61.48    36.16    24.18    18.46    15.12  3 -2.82e-08      0.00 6.984e-01 2.942e-01 7.384e-04 1.209e-03 2.796e-03 -1.000 7.372e-03 -3.928 -3.295 -2.356 -4.251
0.007 -0.33541 8.87001 2.3998303413 2.5823376446    2.384  3.469  3.5781  0.611    7  0.000  0.352    59.75    35.22    23.58    17.99    14.74  3  -2.7e-08      0.00 6.984e-01 2.942e-01 7.384e-04 1.209e-03 2.796e-03 -1.000 7.372e-03 -3.901 -3.279 -2.348 -4.231
0.007 -0.33541 8.87001 2.3998308182 2.5823376580    2.384  3.458  3.5791  0.625    7  0.000  0.352    58.15    34.35    23.02    17.56    14.39  3 -2.59e-08      0.00 6.984e-01 2.942e-01 7.384e-04 1.209e-03 2.796e-03 -1.000 7.372e-03 -3.876 -3.264 -2.340 -4.211
0.007 -0.33541 8.87001 2.3998324871 2.5823377046    2.384  3.450  3.5799  0.637    7  0.000  0.352    56.83    33.63    22.56    17.20    14.09  3 -2.48e-08      0.00 6.984e-01 2.942e-01 7.384e-04 1.209e-03 2.796e-03 -1.000 7.372e-03 -3.855 -3.251 -2.334 -4.195
0.007 -0.33541 8.87001 2.3998341560 2.5823377513    2.384  3.438  3.5810  0.653    7  0.000  0.352    55.03    32.65    21.93    16.72    13.69  3 -2.35e-08      0.00 6.984e-01 2.942e-01 7.384e-04 1.209e-03 2.796e-03 -1.000 7.372e-03 -3.825 -3.231 -2.321 -4.171
0.007 -0.33541 8.87001 2.3998367786 2.5823378246    2.384  3.411  3.5835  0.690    7  0.000  0.352    51.19    30.55    20.58    15.67    12.84  3 -2.08e-08      0.00 6.984e-01 2.942e-01 7.384e-04 1.209e-03 2.796e-03 -1.000 7.372e-03 -3.758 -3.186 -2.293 -4.116
0.007 -0.33541 8.87001 2.3998441696 2.5823380312    2.384  3.353  3.5891  0.771    7  0.000  0.352    43.70    26.41    17.91    13.61    11.14  3 -1.61e-08      0.00 6.984e-01 2.942e-01 7.384e-04 1.209e-03 2.796e-03 -1.000 7.372e-03 -3.613 -3.088 -2.233 -3.998
0.007 -0.33541 8.87001 2.3998484612 2.5823381511    2.384  3.383  3.5863  0.729    7  0.000  0.352    47.38    28.45    19.23    14.63    11.98  3 -1.85e-08      0.00 6.984e-01 2.942e-01 7.384e-04 1.209e-03 2.796e-03 -1.000 7.372e-03 -3.688 -3.140 -2.266 -4.060
0.007 -0.33541 8.87001 2.3998520374 2.5823382511    2.384  3.396  3.5850  0.711    7  0.000  0.352    49.12    29.41    19.85    15.11    12.37  3 -1.97e-08      0.00 6.984e-01 2.942e-01 7.384e-04 1.209e-03 2.796e-03 -1.000 7.372e-03 -3.721 -3.161 -2.279 -4.086
0.007 -0.33541 8.87001 2.3998568058 2.5823383844    2.384  3.431  3.5818  0.664    7  0.000  0.352    53.91    32.04    21.54    16.41    13.44  3 -2.29e-08      0.00 6.984e-01 2.942e-01 7.384e-04 1.209e-03 2.796e-03 -1.000 7.372e-03 -3.806 -3.219 -2.314 -4.156
0.007 -0.33541 8.87001 2.3998622894 2.5823385376    2.384  3.470  3.5779  0.609    7  0.000  0.352    60.09    35.40    23.70    18.08    14.82  3 -2.73e-08      0.00 6.984e-01 2.942e-01 7.384e-04 1.209e-03 2.796e-03 -1.000 7.372e-03 -3.906 -3.282 -2.349 -4.235
0.007 -0.33541 8.87001 2.3998682499 2.5823387042    2.384  3.506  3.5744  0.559    7  0.000  0.352    66.20    38.71    25.80    19.71    16.16  3 -3.18e-08      0.00 6.984e-01 2.942e-01 7.384e-04 1.209e-03 2.796e-03 -1.000 7.372e-03 -3.994 -3.335 -2.372 -4.302
0.007 -0.33541 8.87001 2.3998749256 2.5823388908    2.384  3.546  3.5703  0.503    7  0.000  0.352    73.92    42.84    28.43    21.75    17.83  3 -3.82e-08      0.00 6.984e-01 2.942e-01 7.384e-04 1.209e-03 2.796e-03 -1.000 7.372e-03 -4.094 -3.393 -2.396 -4.378
0.007 -0.33541 8.87001 2.3998830318 2.5823391174    2.383  3.583  3.5664  0.450    7  0.000  0.352    82.07    47.16    31.16    23.88    19.58  2 -4.44e-08      0.00 6.984e-01 2.942e-01 7.384e-04 1.209e-03 2.796e-03 -1.000 7.372e-03 -4.187 -3.439 -2.398 -4.445
0.007 -0.33541 8.87001 2.3998944759 2.5823394373    2.383  3.618  3.5626  0.399    7  0.000  0.352    90.64    51.68    34.00    26.09    21.40  2 -5.19e-08      0.00 6.984e-01 2.942e-01 7.384e-04 1.209e-03 2.796e-03 -1.000 7.372e-03 -4.275 -3.480 -2.396 -4.506
0.007 -0.33541 8.87001 2.3999121189 2.5823399304    2.382  3.652  3.5588  0.350    7  0.000  0.352    99.80    56.46    37.00    28.43    23.32  2 -6.09e-08      0.00 6.984e-01 2.942e-01 7.384e-04 1.209e-03 2.796e-03 -1.000 7.372e-03 -4.360 -3.517 -2.385 -4.563
0.007 -0.33541 8.87001 2.3999378681 2.5823406501    2.380  3.675  3.5562  0.317    7  0.000  0.352   106.54    59.96    39.19    30.14    24.73  2 -6.77e-08      0.00 6.984e-01 2.942e-01 7.384e-04 1.209e-03 2.796e-03 -1.000 7.372e-03 -4.417 -3.537 -2.366 -4.598
